14441	20	6	83	37	771.7	1	18	8	3.526	127	4064	10	0	0	0	0	447.83	972.08	1.4002e+006	0.11619	0.14854	41.016	0	0	1	0	0	0	1	0	0
926.69	0.017317	-0.11005	-0.23825	-0.28586	-0.37739	-0.50154	-0.66033	-0.79337	-1.0014	-1.2566	-1.4828	-2.0345	-2.4963	-3.1149	-3.4416	-4.5798	-5.9285	-7.3534	-8.9248	-10.004	-9.3969	-6.5461	-0.0053026	0.58387	0.9404	0.83575	0.70899	0.51268	0.31645	0.10089	19.04
928.76	0.0042476	-0.11526	-0.23597	-0.29243	-0.3708	-0.50262	-0.64755	-0.79828	-1.0044	-1.2606	-1.4926	-2.0512	-2.5182	-3.158	-3.4833	-4.6637	-6.0598	-7.5926	-9.2759	-10.396	-9.3806	-6.939	-0.11734	0.54406	0.93844	0.85384	0.73124	0.53067	0.32658	0.10532	19.42
928.76	-0.010191	-0.13345	-0.25864	-0.30359	-0.38928	-0.50262	-0.6562	-0.81027	-1.0054	-1.2704	-1.5192	-2.0768	-2.5438	-3.2011	-3.5429	-4.7724	-6.2133	-7.8682	-9.6811	-10.808	-9.3806	-7.2998	-0.24134	0.48716	0.93352	0.85443	0.73833	0.53982	0.33414	0.099316	19.85
927.38	-0.03026	-0.1433	-0.25892	-0.3114	-0.39871	-0.50222	-0.65944	-0.8193	-1.028	-1.3019	-1.5359	-2.1063	-2.5837	-3.2556	-3.6167	-4.883	-6.3736	-8.1457	-10.078	-11.248	-9.3941	-7.7393	-0.37268	0.4334	0.91572	0.85954	0.73852	0.53854	0.33237	0.09343	20.25
928.07	-0.038613	-0.15655	-0.2776	-0.29863	-0.39832	-0.50714	-0.6677	-0.82726	-1.0231	-1.3088	-1.5526	-2.122	-2.598	-3.2929	-3.6546	-4.966	-6.5136	-8.2883	-10.232	-11.659	-9.3844	-7.9483	-0.48587	0.37807	0.91268	0.86533	0.7589	0.55319	0.34181	0.092475	20.66
926.69	-0.059222	-0.16148	-0.2675	-0.32074	-0.39783	-0.50882	-0.6677	-0.82038	-1.0339	-1.3196	-1.5615	-2.1329	-2.6094	-3.3207	-3.7038	-5.0538	-6.6797	-8.3859	-10.261	-12.089	-9.4008	-7.8453	-0.60109	0.32265	0.90815	0.87516	0.77396	0.57463	0.35498	0.092062	21.11
928.07	-0.094553	-0.19065	-0.29189	-0.34753	-0.42937	-0.50606	-0.68391	-0.82215	-1.0535	-1.3422	-1.5969	-2.1535	-2.6151	-3.3398	-3.7398	-5.1224	-6.8187	-8.4462	-10.242	-12.481	-9.3864	-7.7548	-0.7496	0.2567	0.88957	0.87723	0.78784	0.58033	0.35744	0.085329	21.49
928.07	-0.089452	-0.21234	-0.34037	-0.36316	-0.43095	-0.52879	-0.67438	-0.84641	-1.0761	-1.3796	-1.6362	-2.1663	-2.6037	-3.3685	-3.7578	-5.1892	-6.9529	-8.5151	-10.242	-12.587	-9.3893	-7.924	-0.87852	0.18722	0.88131	0.87133	0.79423	0.58967	0.36402	0.087938	21.95
926.69	-0.11951	-0.23185	-0.35047	-0.3663	-0.43055	-0.52879	-0.67173	-0.84347	-1.1066	-1.4051	-1.6814	-2.1732	-2.5723	-3.3465	-3.7739	-5.255	-7.0756	-8.5831	-10.261	-12.615	-9.4027	-8.2226	-1.0045	0.13621	0.86744	0.88155	0.79985	0.59409	0.36608	0.08405	22.29
926.69	-0.13385	-0.24804	-0.36933	-0.36955	-0.42662	-0.53007	-0.6621	-0.86085	-1.1037	-1.4956	-1.768	-2.1919	-2.5239	-3.2776	-3.7426	-5.2569	-7.1258	-8.6061	-10.261	-12.606	-9.3989	-8.4666	-1.1136	0.087811	0.86302	0.88509	0.81805	0.60353	0.37503	0.086875	22.69
925.31	-0.15086	-0.25657	-0.36981	-0.38832	-0.44313	-0.53607	-0.66966	-0.79416	-1.2078	-1.5772	-1.883	-2.2273	-2.4821	-3.1819	-3.6669	-5.2254	-7.1634	-8.6319	-10.271	-12.625	-9.4123	-8.7545	-1.2217	0.027616	0.85604	0.8959	0.82682	0.62064	0.38584	0.084128	23.07
926	-0.18771	-0.27276	-0.36676	-0.38604	-0.46358	-0.50242	-0.63635	-0.88659	-1.2599	-1.7955	-2.0207	-2.2863	-2.464	-3.0212	-3.5013	-5.0909	-7.0949	-8.5946	-10.261	-12.615	-9.4056	-8.9441	-1.3095	-0.012992	0.84896	0.89973	0.84178	0.62694	0.39085	0.08092	23.4
924.62	-0.19508	-0.28934	-0.39296	-0.37727	-0.40137	-0.49101	-0.60333	-0.89445	-1.3975	-1.9892	-2.2596	-2.43	-2.5096	-2.868	-3.2561	-4.8411	-6.979	-8.5458	-10.281	-12.634	-9.4229	-9.0899	-1.3857	-0.047527	0.85211	0.90022	0.85211	0.64336	0.3996	0.081057	23.79
923.93	-0.20972	-0.29237	-0.38486	-0.35925	-0.36127	-0.42578	-0.52755	-0.99208	-1.538	-2.2626	-2.413	-2.5529	-2.598	-2.7398	-2.9314	-4.3966	-6.644	-8.384	-10.29	-12.644	-9.4296	-9.1084	-1.4041	-0.050436	0.86056	0.92106	0.86697	0.65152	0.40215	0.068754	24.08
923.93	-0.21995	-0.2757	-0.34142	-0.28738	-0.32441	-0.37994	-0.60234	-1.0402	-1.7651	-2.4897	-2.6746	-2.73	-2.6892	-2.6767	-2.7516	-3.7815	-5.9633	-8.0443	-10.29	-12.634	-9.4258	-8.913	-1.3655	-0.0348	0.87325	0.93354	0.88705	0.66401	0.40923	0.067287	24.41
921.86	-0.21051	-0.23488	-0.26845	-0.26565	-0.31616	-0.33901	-0.57807	-1.2435	-2.223	-2.8063	-2.8791	-2.8874	-2.7936	-2.6336	-2.6333	-3.3991	-5.0083	-7.5582	-10.261	-12.319	-9.446	-8.5191	-1.2603	0.018653	0.8993	0.95074	0.89335	0.67462	0.41316	0.059934	24.74
922.55	-0.17199	-0.20524	-0.24625	-0.20865	-0.25513	-0.3094	-0.57109	-1.5795	-2.627	-2.9784	-3	-2.9405	-2.7803	-2.5551	-2.514	-3.2312	-4.4087	-6.9572	-9.6473	-11.248	-9.0911	-7.8093	-1.0895	0.11538	0.93834	0.97157	0.91471	0.68151	0.41483	0.05645	24.99
921.17	-0.13562	-0.17436	-0.21939	-0.18854	-0.22791	-0.30025	-0.82622	-1.9321	-2.9277	-3.3107	-3.004	-2.8609	-2.6227	-2.5589	-2.4809	-3.2074	-4.9948	-6.1064	-7.3397	-8.4185	-7.3666	-6.4791	-0.76282	0.27577	0.99606	0.99654	0.92702	0.69773	0.42535	0.058537	25.29
919.79	-0.099162	-0.14102	-0.18757	-0.18892	-0.2053	-0.3763	-1.1302	-2.3633	-3.1567	-3.237	-2.7139	-2.6985	-2.5885	-3.0059	-3.1151	-4.0037	-4.3006	-4.8298	-5.4547	-6.3784	-5.49	-5.0117	-0.43704	0.42338	1.0275	1.0201	0.93696	0.70383	0.42466	0.061549	25.48
919.79	-0.078937	-0.15532	-0.23597	-0.20684	-0.23056	-0.50498	-1.4231	-2.6816	-3.1351	-2.9882	-2.6205	-2.8313	-2.9361	-3.335	-3.3763	-3.8969	-3.9057	-3.915	-4.0011	-4.4187	-4.3474	-3.9042	-0.16106	0.54544	1.0629	1.0309	0.95409	0.71071	0.43183	0.068173	25.7
918.41	-0.056932	-0.18127	-0.30941	-0.30015	-0.48471	-0.9465	-1.8339	-2.7012	-3.0387	-3	-2.8742	-3.1658	-3.337	-3.1379	-2.8406	-3.2598	-3.3283	-3.1312	-2.9953	-3.4518	-3.3519	-3.1671	0.06475	0.639	1.0895	1.0447	0.95743	0.72015	0.44176	0.07089	25.92
918.41	-0.039498	-0.1898	-0.34352	-0.43379	-0.80725	-1.4777	-2.2673	-2.8348	-3.025	-3.0433	-3.0266	-3.0586	-2.9817	-2.7255	-2.5055	-2.9022	-2.7943	-2.5522	-2.3598	-2.9286	-2.6729	-2.7577	0.18682	0.68686	1.0846	1.028	0.94208	0.70461	0.43242	0.077534	26.06
917.03	-0.08674	-0.26509	-0.44926	-0.66026	-1.1469	-1.823	-2.453	-3.0519	-3.2147	-3.2203	-3.0689	-2.8422	-2.5239	-2.3963	-2.284	-2.6256	-2.6842	-2.4508	-2.2641	-2.7354	-2.4892	-2.5661	0.29046	0.71949	1.0875	1.0231	0.93164	0.70324	0.42594	0.072455	26.23
916.35	-0.13297	-0.36634	-0.60797	-0.93697	-1.5538	-2.1968	-2.623	-3.1089	-3.3621	-3.2193	-2.7601	-2.5598	-2.2778	-2.1809	-2.0512	-2.3137	-2.3994	-2.1637	-1.9701	-2.3949	-2.1872	-2.2744	0.40587	0.77777	1.0954	1.028	0.92387	0.68652	0.40382	0.047827	26.29
917.03	-0.21975	-0.52327	-0.83955	-1.2124	-1.8909	-2.5195	-2.854	-3.0558	-3.1282	-3.061	-2.3855	-2.2745	-2.0888	-2.023	-1.8581	-2.0286	-2.0412	-1.8163	-1.6267	-2.0104	-1.8909	-1.9487	0.5016	0.81344	1.0944	1.0123	0.91097	0.66607	0.38476	0.021143	26.39
914.28	-0.30928	-0.65709	-1.0222	-1.4965	-2.2466	-2.8136	-3.0073	-3.0578	-2.8992	-2.5723	-2.1131	-1.9804	-1.782	-1.7848	-1.7483	-2.0305	-1.9504	-1.7532	-1.591	-1.9798	-1.8409	-1.8894	0.57455	0.84509	1.1013	1.0044	0.90221	0.6586	0.37316	-0.016005	26.47
915.66	-0.45915	-0.86441	-1.2937	-1.7367	-2.4854	-2.9327	-2.8451	-2.824	-2.565	-2.2232	-1.7798	-1.7748	-1.7089	-1.6996	-1.6725	-1.8712	-2.0682	-1.8489	-1.6664	-2.0697	-1.8717	-1.8971	0.61933	0.8558	1.0914	0.99162	0.87613	0.62536	0.33198	-0.080152	26.48
914.97	-0.63153	-1.0977	-1.5966	-1.9435	-2.5483	-2.8176	-2.6928	-2.5401	-2.2702	-2.0315	-1.586	-1.5977	-1.5531	-1.5484	-1.5419	-1.7129	-1.6482	-1.4871	-1.355	-1.7149	-1.5966	-1.6064	0.6972	0.89551	1.0993	0.98572	0.86018	0.60108	0.29572	-0.16103	26.54
913.59	-0.8442	-1.3004	-1.7976	-2.0865	-2.5827	-2.7418	-2.565	-2.3574	-2.0884	-1.7847	-1.4307	-1.3881	-1.2976	-1.3742	-1.3791	-1.4754	-1.4483	-1.2709	-1.118	-1.4825	-1.3388	-1.3565	0.78916	0.94248	1.0924	0.9758	0.8341	0.56548	0.24176	-0.26822	26.52
912.9	-0.97236	-1.4292	-1.9329	-2.1475	-2.5847	-2.6493	-2.3999	-2.1433	-1.7995	-1.4956	-1.1564	-1.1412	-1.0876	-1.2211	-1.1046	-1.2026	-1.205	-1.0192	-0.85177	-1.2242	-1.0945	-1.1124	0.87128	0.96833	1.0806	0.94661	0.803	0.51897	0.18181	-0.39421	26.53
911.52	-1.1331	-1.5163	-1.951	-2.1256	-2.5031	-2.4811	-2.1739	-1.8496	-1.4938	-1.2183	-0.97267	-0.92889	-0.85424	-1.0479	-0.9313	-1.01	-0.97907	-0.81237	-0.66172	-1.0205	-0.89295	-0.93262	0.94559	0.99654	1.0708	0.91791	0.76372	0.47158	0.11194	-0.56332	26.55
912.9	-1.6648	-1.7398	-1.8862	-1.9731	-2.285	-2.2509	-1.9125	-1.5697	-1.2275	-1.0108	-0.79784	-0.8132	-0.79953	-0.81812	-0.77569	-0.79693	-0.78007	-0.60194	-0.43531	-0.77127	-0.68202	-0.73289	1.0248	1.0172	1.0413	0.87752	0.70732	0.40265	0.015017	-0.803	26.52
912.21	-2.5582	-2.148	-1.8424	-1.7996	-2.0373	-1.9833	-1.6835	-1.3428	-1.0693	-0.89499	-0.68368	-0.66229	-0.61848	-0.6805	-0.61572	-0.63794	-0.63466	-0.46317	-0.30049	-0.61738	-0.55054	-0.5672	1.076	1.0221	1.0147	0.83182	0.65683	0.3352	-0.067517	-1.0355	26.57
910.83	-3.3011	-2.5382	-1.9062	-1.6414	-1.7444	-1.6941	-1.4437	-1.1335	-0.91762	-0.78899	-0.56411	-0.52416	-0.46725	-0.51188	-0.5187	-0.54362	-0.54805	-0.3893	-0.23801	-0.56056	-0.48562	-0.49242	1.1223	1.0358	0.99114	0.8046	0.61224	0.28643	-0.13169	-1.194	26.53
911.52	-3.5861	-2.8801	-2.3177	-1.507	-1.5066	-1.458	-1.2363	-0.96242	-0.76529	-0.66215	-0.48319	-0.44575	-0.39411	-0.46002	-0.49021	-0.51587	-0.55075	-0.38633	-0.22921	-0.53904	-0.4887	-0.42989	1.1483	1.0349	0.97138	0.77502	0.58842	0.26027	-0.15439	-1.2343	26.54
909.45	-3.5233	-2.9417	-2.5016	-1.608	-1.425	-1.2779	-1.0928	-0.85172	-0.64411	-0.59853	-0.41888	-0.40758	-0.38243	-0.44576	-0.41809	-0.41859	-0.40901	-0.27417	-0.14439	-0.46664	-0.38752	-0.38497	1.1734	1.0358	0.95604	0.75723	0.56253	0.2468	-0.16324	-1.2077	26.54
910.14	-3.4053	-2.9502	-2.6331	-1.6299	-1.3405	-1.154	-0.96705	-0.78011	-0.61001	-0.60836	-0.41829	-0.42677	-0.42004	-0.42987	-0.38874	-0.3751	-0.39974	-0.24929	-0.10358	-0.43585	-0.35356	-0.33625	1.1715	1.0319	0.94266	0.74101	0.55239	0.23894	-0.15036	-1.126	26.47
908.76	-3.0043	-2.7305	-2.5807	-1.7119	-1.2855	-1.094	-0.88863	-0.68061	-0.60097	-0.61613	-0.45615	-0.46946	-0.46602	-0.40327	-0.3896	-0.43795	-0.4821	-0.33178	-0.18772	-0.52269	-0.43253	-0.39557	1.1503	1.0172	0.93067	0.72725	0.53969	0.23412	-0.14211	-1.0345	26.45
907.38	-2.2702	-2.2048	-2.2349	-1.5737	-1.2481	-1.0536	-0.86425	-0.70762	-0.56932	-0.61171	-0.48909	-0.51049	-0.51332	-0.53342	-0.50678	-0.54391	-0.59073	-0.4426	-0.30301	-0.63813	-0.549	-0.4756	1.1425	1.0073	0.91317	0.71517	0.5268	0.23077	-0.12835	-0.91698	26.32
908.07	-1.8319	-1.8165	-1.8795	-1.3421	-1.0948	-0.91974	-0.83526	-0.69014	-0.59399	-0.63884	-0.55998	-0.62677	-0.6693	-0.60146	-0.58534	-0.65978	-0.76839	-0.61218	-0.46771	-0.8166	-0.71271	-0.56088	1.1213	1.0044	0.9172	0.71232	0.53369	0.23894	-0.097649	-0.78016	26.25
905.31	-1.4309	-1.4311	-1.4918	-1.1362	-0.9241	-0.81782	-0.7587	-0.67815	-0.6677	-0.70472	-0.66962	-0.74394	-0.78974	-0.78711	-0.74758	-0.87055	-0.97328	-0.8384	-0.71965	-1.0741	-0.97047	-0.70518	1.102	1.0024	0.92811	0.73266	0.54107	0.26204	-0.063733	-0.64236	26.15
906.69	-0.98572	-1.092	-1.2413	-0.96366	-0.87919	-0.72013	-0.65659	-0.68385	-0.74524	-0.83245	-0.82026	-0.92614	-0.99644	-0.95286	-0.89732	-1.1073	-1.2205	-1.0651	-0.93001	-1.2854	-1.1955	-0.79989	1.075	0.99654	0.93165	0.74042	0.5518	0.27374	-0.038436	-0.53024	25.97
906	-0.78907	-0.8951	-1.0355	-0.79714	-0.73512	-0.65117	-0.62357	-0.70232	-0.84519	-1.0266	-1.0246	-1.1235	-1.1807	-1.1283	-1.0885	-1.3409	-1.4309	-1.2709	-1.1345	-1.4719	-1.4033	-0.93962	1.0489	0.98867	0.94797	0.74986	0.56115	0.28535	-0.01942	-0.46794	25.83
907.38	-0.63694	-0.74167	-0.8747	-0.70697	-0.69875	-0.61802	-0.63438	-0.77658	-1.0614	-1.2488	-1.2429	-1.337	-1.3811	-1.3044	-1.2106	-1.464	-1.5623	-1.3924	-1.2505	-1.6173	-1.5091	-1.0239	1.0345	0.9985	0.9643	0.77354	0.58212	0.30373	0.0077462	-0.39795	25.58
907.38	-0.49512	-0.62631	-0.78011	-0.60574	-0.62554	-0.64566	-0.74406	-1.0206	-1.2776	-1.472	-1.5811	-1.5888	-1.5407	-1.3541	-1.2731	-1.5603	-1.7052	-1.5407	-1.4062	-1.7761	-1.6543	-1.1037	1.0152	0.99162	0.97551	0.78347	0.59856	0.31966	0.040304	-0.32482	25.37
905.31	-0.41974	-0.50916	-0.6173	-0.56323	-0.54112	-0.5884	-0.90327	-1.4105	-1.6294	-1.7316	-1.7276	-1.7138	-1.6395	-1.467	-1.3924	-1.67	-1.766	-1.5828	-1.4314	-1.8067	-1.6755	-1.1465	1.0277	1.0083	1.0049	0.81207	0.61942	0.34129	0.067979	-0.26271	25.09
906.69	-0.32903	-0.41843	-0.5228	-0.50213	-0.54446	-0.63405	-1.0073	-1.6738	-1.999	-1.9685	-1.7217	-1.7295	-1.6775	-1.558	-1.4529	-1.7281	-1.766	-1.5943	-1.4546	-1.8277	-1.7043	-1.1601	1.021	1.0211	1.0177	0.82691	0.63527	0.35585	0.08728	-0.21576	24.76
905.31	-0.22633	-0.3633	-0.51137	-0.52596	-0.65532	-0.93352	-1.3012	-1.8201	-2.0874	-2.1298	-1.8358	-1.7826	-1.669	-1.5446	-1.4586	-1.7405	-1.8056	-1.6403	-1.5068	-1.8478	-1.7659	-1.1766	1.0161	1.0241	1.0275	0.82858	0.63606	0.36057	0.095948	-0.18466	24.44
906	-0.16176	-0.32466	-0.49641	-0.54865	-0.80755	-1.1648	-1.5872	-1.9871	-2.1336	-2.1564	-1.8289	-1.7698	-1.65	-1.5254	-1.4425	-1.7234	-1.7699	-1.6192	-1.5	-1.8478	-1.7765	-1.1571	1.0451	1.0437	1.0305	0.8389	0.63291	0.35978	0.10172	-0.13583	24.01
906.69	-0.14683	-0.33186	-0.52528	-0.67199	-1.0643	-1.5131	-1.8142	-1.9969	-2.0864	-2.1131	-1.7404	-1.699	-1.5996	-1.4814	-1.3734	-1.6604	-1.7312	-1.5541	-1.4062	-1.7704	-1.663	-1.1153	1.0547	1.0516	1.0344	0.83084	0.63251	0.35693	0.10702	-0.09971	23.6
906.69	-0.12874	-0.34597	-0.57129	-0.80496	-1.369	-1.8102	-1.9508	-2.0529	-2.0294	-1.9253	-1.5851	-1.6026	-1.5635	-1.4776	-1.3678	-1.6166	-1.6878	-1.5168	-1.3753	-1.7359	-1.6351	-1.0667	1.0798	1.0555	1.0324	0.83192	0.62159	0.35329	0.11213	-0.073882	23.17
908.07	-0.16422	-0.47487	-0.79621	-0.99893	-1.5194	-1.9499	-2.0579	-2.0569	-1.9351	-1.7444	-1.4681	-1.5318	-1.5398	-1.3991	-1.3062	-1.5651	-1.627	-1.4479	-1.296	-1.668	-1.5533	-1.0035	1.0856	1.0663	1.0216	0.81698	0.608	0.33402	0.093324	-0.084296	22.71
909.45	-0.23587	-0.64184	-1.0622	-1.2506	-1.6383	-1.9076	-1.8683	-1.8859	-1.828	-1.6441	-1.4051	-1.4629	-1.4676	-1.3503	-1.2239	-1.4449	-1.5005	-1.334	-1.1935	-1.5571	-1.4418	-0.90559	1.1136	1.0614	1.0088	0.79742	0.57985	0.31337	0.072735	-0.11723	22.32
910.14	-0.36864	-0.80664	-1.2651	-1.4765	-1.766	-1.8653	-1.7729	-1.7357	-1.6471	-1.5752	-1.354	-1.3852	-1.3669	-1.2422	-1.1444	-1.3495	-1.4126	-1.2479	-1.1074	-1.4901	-1.3408	-0.83217	1.1377	1.0565	0.98062	0.76234	0.54727	0.27365	0.029749	-0.18052	21.86
911.52	-0.58308	-0.9774	-1.4013	-1.5089	-1.8073	-1.8161	-1.7218	-1.6296	-1.485	-1.3973	-1.2783	-1.2829	-1.2415	-1.1895	-1.0819	-1.2589	-1.317	-1.1579	-1.0213	-1.3973	-1.26	-0.74369	1.131	1.0388	0.9526	0.72205	0.51272	0.24425	-0.0065699	-0.27118	21.47
911.52	-0.79811	-1.1242	-1.488	-1.5508	-1.7326	-1.763	-1.6442	-1.5186	-1.3877	-1.2596	-1.1042	-1.1648	-1.1817	-1.1283	-0.98062	-1.1635	-1.2166	-1.0728	-0.95022	-1.3074	-1.2013	-0.68155	1.1532	1.0211	0.91366	0.68863	0.46951	0.19921	-0.064087	-0.39372	21.06
912.9	-1.0349	-1.2426	-1.4956	-1.5546	-1.6796	-1.5957	-1.4958	-1.4086	-1.2953	-1.2104	-1.0236	-1.0763	-1.0905	-1.068	-0.94749	-1.1101	-1.178	-1.0508	-0.94384	-1.274	-1.2398	-0.64188	1.1387	1.0024	0.87747	0.64735	0.43112	0.15546	-0.1141	-0.50121	20.65
912.9	-1.0506	-1.218	-1.4318	-1.4526	-1.6501	-1.5564	-1.3808	-1.2553	-1.2167	-1.1514	-1.0472	-1.0448	-1.0059	-1.0268	-0.90026	-1.0643	-1.1114	-1.0326	-0.97295	-1.2826	-1.3158	-0.61737	1.1541	0.97993	0.84365	0.61365	0.38782	0.11809	-0.15764	-0.58743	20.29
913.59	-1.0653	-1.217	-1.4156	-1.343	-1.4575	-1.393	-1.31	-1.2072	-1.0987	-1.0393	-1.0098	-0.99953	-0.9537	-0.94329	-0.88842	-1.0157	-1.0322	-0.96654	-0.91995	-1.2481	-1.2696	-0.5917	1.1589	0.97236	0.81415	0.58269	0.35937	0.081887	-0.19714	-0.65082	19.9
914.28	-1.0476	-1.164	-1.3251	-1.2296	-1.3474	-1.2632	-1.1911	-1.1149	-1.028	-0.96441	-0.84298	-0.9283	-0.97839	-0.92319	-0.83078	-0.92949	-0.97617	-1.0096	-1.0629	-1.4146	-1.4091	-0.63983	1.1551	0.95555	0.7939	0.5589	0.33831	0.063736	-0.21238	-0.65722	19.57
914.97	-0.98376	-1.0721	-1.2032	-1.1295	-1.2216	-1.1323	-1.0712	-0.99699	-0.95133	-0.90728	-0.79194	-0.89751	-0.96794	-0.87745	-0.75714	-0.87818	-1.1133	-1.1532	-1.2147	-1.5934	-1.5168	-0.64907	1.1618	0.94592	0.7761	0.53424	0.31439	0.04822	-0.21759	-0.60889	19.22
916.35	-0.79792	-0.91887	-1.0755	-1.0247	-1.0752	-1.03	-0.95545	-0.89415	-0.89148	-0.86254	-0.75871	-0.85078	-0.91009	-0.7963	-0.73177	-0.8635	-1.2108	-1.2651	-1.3443	-1.7742	-1.6226	-0.62904	1.1493	0.93816	0.75378	0.51438	0.29795	0.024454	-0.22388	-0.55977	18.85
914.97	-0.64745	-0.78817	-0.95834	-0.90609	-0.95889	-0.92978	-0.8731	-0.85496	-0.7988	-0.83491	-0.71426	-0.78752	-0.83078	-0.73649	-0.75487	-0.93627	-1.2533	-1.3646	-1.5039	-1.9425	-1.7947	-0.60561	1.1589	0.92666	0.73923	0.49571	0.27935	0.02293	-0.21493	-0.51322	18.53
915.66	-0.60146	-0.72604	-0.87756	-0.7918	-0.87742	-0.82737	-0.77816	-0.75595	-0.76057	-0.72478	-0.67749	-0.7401	-0.77464	-0.71716	-0.74606	-0.90174	-1.3054	-1.4575	-1.6393	-2.085	-1.9361	-0.65568	1.1609	0.93315	0.73283	0.49276	0.27344	0.017758	-0.2056	-0.45967	18.1
917.03	-0.55468	-0.67092	-0.81202	-0.74071	-0.7874	-0.78831	-0.73099	-0.70978	-0.68018	-0.66785	-0.63127	-0.67576	-0.69513	-0.64567	-0.74957	-0.96802	-1.4435	-1.5886	-1.7641	-2.2122	-2.065	-0.66463	1.1339	0.92283	0.72418	0.48009	0.26675	0.012065	-0.19685	-0.41922	17.76
914.97	-0.50888	-0.60945	-0.73267	-0.68295	-0.71762	-0.70518	-0.67006	-0.63493	-0.59114	-0.63294	-0.55841	-0.58899	-0.59796	-0.61428	-0.79121	-1.0605	-1.6356	-1.7474	-1.8937	-2.3796	-2.1727	-0.68398	1.1396	0.92037	0.71927	0.48146	0.2574	0.017768	-0.19027	-0.4014	17.37
915.66	-0.48087	-0.57678	-0.69418	-0.65645	-0.65463	-0.59116	-0.60097	-0.52708	-0.51792	-0.53727	-0.40512	-0.49445	-0.56338	-0.6716	-0.90906	-1.2236	-1.7892	-1.8795	-2.0068	-2.5374	-2.267	-0.71636	1.1165	0.91516	0.70668	0.47124	0.24165	0.0048633	-0.19636	-0.39864	16.95
915.66	-0.46063	-0.53719	-0.63416	-0.60565	-0.57374	-0.51669	-0.49473	-0.45891	-0.40903	-0.40964	-0.35457	-0.46937	-0.56395	-0.7562	-1.045	-1.4239	-1.9543	-2.0058	-2.0968	-2.6311	-2.3372	-0.73649	1.1097	0.90278	0.69803	0.46043	0.22728	-0.0018427	-0.1941	-0.37955	16.59
916.35	-0.41984	-0.48718	-0.57301	-0.48993	-0.47655	-0.41545	-0.39586	-0.34801	-0.2968	-0.36982	-0.31632	-0.46386	-0.59008	-0.85448	-1.1907	-1.5889	-2.0122	-2.0517	-2.1316	-2.6962	-2.3574	-0.76644	1.1126	0.90651	0.69793	0.45591	0.22472	-0.0028702	-0.18614	-0.35179	16.17
916.35	-0.36854	-0.42354	-0.4947	-0.39052	-0.35518	-0.33518	-0.33188	-0.24782	-0.27606	-0.33383	-0.26972	-0.48491	-0.67585	-0.97803	-1.3346	-1.7205	-2.073	-2.0919	-2.1529	-2.7172	-2.3728	-0.77714	1.1184	0.91133	0.69606	0.4566	0.22934	0.0022822	-0.17434	-0.32197	15.79
914.97	-0.30781	-0.35118	-0.4082	-0.30616	-0.30043	-0.29445	-0.24717	-0.24085	-0.27557	-0.27021	-0.31868	-0.55702	-0.7678	-1.1197	-1.4368	-1.8073	-2.1319	-2.1321	-2.1732	-2.744	-2.3795	-0.74485	1.1213	0.90809	0.69242	0.45355	0.21989	0.0038358	-0.16422	-0.29214	15.41
916.35	-0.23646	-0.26462	-0.30322	-0.2667	-0.25464	-0.21624	-0.23567	-0.28161	-0.21621	-0.32508	-0.29676	-0.59637	-0.86488	-1.2345	-1.5296	-1.835	-2.1619	-2.1398	-2.1606	-2.7344	-2.3613	-0.72258	1.1194	0.91064	0.68288	0.451	0.2195	0.0053746	-0.15361	-0.251	14.97
914.97	-0.15115	-0.1898	-0.2353	-0.22943	-0.18751	-0.19568	-0.25533	-0.24439	-0.25012	-0.31741	-0.29056	-0.63464	-0.94477	-1.3225	-1.5684	-1.8588	-2.186	-2.1474	-2.1509	-2.7124	-2.343	-0.72181	1.1319	0.9075	0.68249	0.44136	0.21251	0.011573	-0.13916	-0.21172	14.61
915.66	-0.093944	-0.15684	-0.22453	-0.1914	-0.18525	-0.24162	-0.2342	-0.25696	-0.29493	-0.28191	-0.31583	-0.68334	-1.0145	-1.3876	-1.594	-1.8845	-2.1947	-2.136	-2.119	-2.6924	-2.3122	-0.72229	1.1416	0.91084	0.67925	0.4394	0.21743	0.025496	-0.12029	-0.17127	14.17
916.35	-0.032039	-0.11526	-0.20081	-0.17081	-0.21012	-0.2186	-0.25385	-0.29527	-0.25493	-0.26972	-0.34268	-0.71856	-1.0563	-1.4383	-1.593	-1.8845	-2.186	-2.1044	-2.0649	-2.6359	-2.2506	-0.73046	1.1445	0.91703	0.68652	0.44412	0.22836	0.036293	-0.095595	-0.12885	13.79
915.66	0.0076126	-0.078088	-0.16442	-0.16576	-0.20088	-0.2304	-0.26073	-0.2659	-0.22368	-0.27109	-0.38683	-0.75683	-1.0876	-1.4766	-1.5864	-1.8855	-2.1812	-2.0766	-2.0126	-2.5661	-2.1901	-0.69633	1.1638	0.92224	0.68692	0.44834	0.23082	0.050235	-0.07415	-0.095802	13.42
917.72	0.031636	-0.075228	-0.18205	-0.18349	-0.21582	-0.19676	-0.26732	-0.21158	-0.2053	-0.29135	-0.43688	-0.79736	-1.118	-1.5206	-1.5514	-1.8884	-2.1667	-2.0422	-1.9565	-2.5068	-2.1285	-0.68612	1.1638	0.92076	0.67856	0.44638	0.23298	0.058367	-0.059045	-0.06143	13.03
918.41	0.058937	-0.079158	-0.21634	-0.1872	-0.18319	-0.24978	-0.23518	-0.19783	-0.21503	-0.33717	-0.49106	-0.83878	-1.1456	-1.5551	-1.5201	-1.895	-2.1599	-2.0221	-1.9227	-2.458	-2.0891	-0.67776	1.1657	0.91329	0.67777	0.44215	0.23554	0.07171	-0.035645	-0.035917	12.74
919.1	0.066396	-0.062376	-0.18986	-0.16213	-0.20353	-0.22755	-0.19459	-0.17916	-0.22938	-0.38437	-0.52409	-0.86751	-1.1693	-1.579	-1.505	-1.8979	-2.1541	-2.0029	-1.8908	-2.4226	-2.0564	-0.6269	1.185	0.92214	0.68692	0.44844	0.2447	0.079852	-0.021061	-0.016507	12.42
920.48	0.064912	-0.051162	-0.16585	-0.18568	-0.20442	-0.17541	-0.17149	-0.17946	-0.26476	-0.43137	-0.56598	-0.90066	-1.1921	-1.5972	-1.4927	-1.9065	-2.1484	-1.9838	-1.8569	-2.3901	-2.0217	-0.63254	1.184	0.91939	0.68239	0.45011	0.25326	0.096685	-0.0088008	-0.0023328	12.14
919.79	0.064942	-0.051815	-0.16719	-0.19197	-0.13405	-0.13045	-0.15115	-0.16276	-0.29071	-0.4592	-0.58103	-0.91119	-1.1988	-1.6029	-1.4728	-1.9065	-2.1532	-1.9809	-1.8472	-2.3892	-2.015	-0.66658	1.2053	0.92528	0.68977	0.45827	0.25966	0.1116	0.0061109	0.010089	11.89
921.86	0.064333	-0.062167	-0.18738	-0.12877	-0.11666	-0.10586	-0.13385	-0.17867	-0.31439	-0.4825	-0.59558	-0.9223	-1.2054	-1.6029	-1.4662	-1.9036	-2.1426	-1.9647	-1.824	-2.3672	-1.9948	-0.66901	1.2033	0.92774	0.69232	0.46397	0.27157	0.11494	0.01258	0.015257	11.62
922.55	0.080676	-0.035914	-0.15042	-0.10189	-0.073138	-0.09348	-0.14162	-0.19734	-0.34594	-0.5004	-0.61338	-0.93539	-1.214	-1.6211	-1.4577	-1.8998	-2.1329	-1.9474	-1.7999	-2.328	-1.965	-0.63896	1.2111	0.92735	0.69744	0.46584	0.27757	0.13481	0.036972	0.027629	11.44
923.24	0.070347	-0.015921	-0.10022	-0.072746	-0.057148	-0.074758	-0.14073	-0.21561	-0.35567	-0.52016	-0.62016	-0.94306	-1.2216	-1.5886	-1.4577	-1.896	-2.13	-1.934	-1.7757	-2.3021	-1.9419	-0.65306	1.2149	0.94229	0.70422	0.47468	0.29126	0.1409	0.038102	0.028486	11.21
924.62	0.10014	0.011062	-0.074829	-0.050309	-0.041856	-0.084153	-0.15538	-0.23672	-0.37414	-0.53275	-0.62999	-0.95083	-1.2273	-1.5761	-1.452	-1.895	-2.1242	-1.9254	-1.7631	-2.2878	-1.9313	-0.64995	1.212	0.94671	0.7111	0.4794	0.29824	0.15241	0.047547	0.03447	11.06
925.31	0.13513	0.040327	-0.049908	-0.043865	-0.0411	-0.094031	-0.16943	-0.24861	-0.3939	-0.54917	-0.64356	-0.96146	-1.2349	-1.534	-1.4548	-1.8969	-2.131	-1.9321	-1.7718	-2.2945	-1.9284	-0.60463	1.213	0.94386	0.7116	0.48706	0.30169	0.1585	0.063507	0.050554	10.91
926.69	0.16206	0.063351	-0.029646	-0.027613	-0.034751	-0.091128	-0.1767	-0.2603	-0.39655	-0.55625	-0.6414	-0.96038	-1.2349	-1.5111	-1.452	-1.8893	-2.1281	-1.936	-1.7825	-2.3069	-1.9448	-0.64596	1.2217	0.95516	0.72162	0.49866	0.31803	0.16893	0.073286	0.06396	10.74
926.69	0.18398	0.078533	-0.02032	-0.02524	-0.034004	-0.10694	-0.19852	-0.27896	-0.4167	-0.56284	-0.66146	-0.97454	-1.2434	-1.5091	-1.4558	-1.8989	-2.1319	-1.9398	-1.7844	-2.3117	-1.9467	-0.6095	1.2236	0.9528	0.72713	0.49512	0.32108	0.18161	0.08731	0.076559	10.66
928.07	0.17896	0.085712	-0.0010669	-0.010046	-0.042063	-0.11028	-0.2111	-0.28741	-0.41562	-0.571	-0.65999	-0.97435	-1.2444	-1.5082	-1.4586	-1.8893	-2.1271	-1.9398	-1.7902	-2.3346	-1.9525	-0.62087	1.2188	0.96027	0.73244	0.50652	0.33073	0.18033	0.092843	0.087032	10.51
928.07	0.19213	0.095562	0.0060654	-0.015775	-0.047616	-0.13212	-0.22486	-0.30106	-0.43124	-0.58427	-0.67277	-0.98477	-1.2529	-1.5082	-1.4662	-1.8989	-2.1368	-1.9484	-1.7989	-2.3346	-1.9573	-0.63254	1.2217	0.96135	0.73264	0.5078	0.33082	0.18849	0.096292	0.084768	10.44
927.38	0.19734	0.096982	0.0038972	-0.023534	-0.063527	-0.14481	-0.23793	-0.31314	-0.44628	-0.59489	-0.68083	-0.99363	-1.2615	-1.5197	-1.4681	-1.9093	-2.1464	-1.9541	-1.7999	-2.3308	-1.9573	-0.62214	1.2159	0.95821	0.73185	0.50642	0.33181	0.19066	0.098572	0.09341	10.36
927.38	0.20393	0.096509	-0.0035504	-0.035001	-0.080185	-0.16508	-0.2509	-0.33308	-0.45581	-0.60935	-0.6945	-1.0074	-1.2738	-1.5273	-1.4775	-1.9189	-2.1551	-1.957	-1.797	-2.3327	-1.966	-0.63711	1.2062	0.96145	0.73047	0.50888	0.33643	0.19076	0.099064	0.1003	10.24
927.38	0.21965	0.10115	-0.0094425	-0.042397	-0.089374	-0.18397	-0.27075	-0.34438	-0.47468	-0.61652	-0.70669	-1.0182	-1.2833	-1.5388	-1.4823	-1.9341	-2.1696	-1.9819	-1.8318	-2.3605	-1.9977	-0.64781	1.2014	0.95762	0.73539	0.508	0.33801	0.20236	0.11381	0.11083	10.21
927.38	0.22761	0.10285	-0.013785	-0.055885	-0.10309	-0.19666	-0.27822	-0.35538	-0.48559	-0.63049	-0.71279	-1.0261	-1.2928	-1.5522	-1.4955	-1.9456	-2.1831	-1.9924	-1.8405	-2.3815	-2.0092	-0.61893	1.2072	0.97285	0.74277	0.51871	0.34598	0.20747	0.11528	0.11949	10.14
928.76	0.22918	0.099161	-0.022758	-0.066246	-0.11842	-0.21063	-0.297	-0.3711	-0.50151	-0.6416	-0.72488	-1.0379	-1.3042	-1.5924	-1.5069	-1.9608	-2.1986	-2.0125	-1.8656	-2.3968	-2.0294	-0.68359	1.2033	0.96636	0.74355	0.52195	0.34687	0.21072	0.1258	0.1253	10.13
927.38	0.22997	0.098687	-0.02434	-0.077131	-0.13779	-0.2307	-0.31193	-0.38004	-0.51419	-0.65999	-0.73973	-1.0517	-1.3156	-1.6058	-1.523	-1.9875	-2.2304	-2.0575	-1.9246	-2.4638	-2.09	-0.69886	1.212	0.97265	0.7527	0.52716	0.35839	0.22222	0.13464	0.1315	10.13
926.69	0.22584	0.088089	-0.041735	-0.093678	-0.15744	-0.25254	-0.33395	-0.41039	-0.53601	-0.68201	-0.76264	-1.0802	-1.3479	-1.6096	-1.5561	-2.0257	-2.2748	-2.1092	-1.9855	-2.5269	-2.1535	-0.69001	1.2053	0.97708	0.75053	0.52962	0.35898	0.21721	0.12904	0.13131	10.11
928.07	0.23449	0.084111	-0.058129	-0.10676	-0.1654	-0.26572	-0.3481	-0.41834	-0.55134	-0.69283	-0.78024	-1.0969	-1.3641	-1.6527	-1.5722	-2.061	-2.3115	-2.1608	-2.0532	-2.5833	-2.2189	-0.72113	1.2197	0.97668	0.76135	0.53247	0.36222	0.23284	0.13611	0.13003	10.17
927.38	0.2282	0.078855	-0.062512	-0.11591	-0.18034	-0.27467	-0.35419	-0.42954	-0.56107	-0.71426	-0.78889	-1.1136	-1.3897	-1.6804	-1.5978	-2.0915	-2.355	-2.2096	-2.1074	-2.6464	-2.2785	-0.72521	1.2101	0.98258	0.76381	0.54397	0.37354	0.22989	0.14535	0.13505	10.18
926.69	0.2399	0.081573	-0.068437	-0.12239	-0.18515	-0.28186	-0.36805	-0.44172	-0.57355	-0.72449	-0.80984	-1.1343	-1.4087	-1.7388	-1.6233	-2.1287	-2.3975	-2.2671	-2.1799	-2.7277	-2.3574	-0.81564	1.2217	0.98376	0.77266	0.5475	0.37669	0.24169	0.14575	0.13702	10.27
926	0.23636	0.078912	-0.070352	-0.12849	-0.19272	-0.29041	-0.37139	-0.44673	-0.58485	-0.73177	-0.81859	-1.1491	-1.4277	-1.7532	-1.6527	-2.1554	-2.4342	-2.312	-2.2351	-2.7918	-2.4132	-0.79114	1.2159	0.9926	0.78101	0.5535	0.3828	0.25516	0.15646	0.14607	10.36
926.69	0.22771	0.069081	-0.081774	-0.1385	-0.20363	-0.30124	-0.38436	-0.46097	-0.59625	-0.74533	-0.83324	-1.1648	-1.4448	-1.8001	-1.6706	-2.1821	-2.4708	-2.3628	-2.2999	-2.8731	-2.4844	-0.81671	1.2246	1.0014	0.78809	0.56696	0.39658	0.25801	0.1598	0.14932	10.42
926	0.22751	0.062129	-0.095549	-0.15346	-0.21493	-0.32091	-0.40628	-0.48337	-0.6217	-0.76185	-0.86205	-1.1943	-1.4742	-1.8316	-1.7142	-2.2355	-2.5288	-2.4422	-2.4034	-2.9841	-2.5882	-0.86912	1.2053	0.99064	0.79291	0.56195	0.39293	0.26332	0.16334	0.14774	10.56
926	0.20972	0.044627	-0.11355	-0.16671	-0.23901	-0.334	-0.42161	-0.49909	-0.63802	-0.78978	-0.87631	-1.215	-1.5008	-1.8642	-1.753	-2.2737	-2.5848	-2.5044	-2.474	-3.0663	-2.6623	-0.91454	1.2159	0.99555	0.79783	0.57315	0.4014	0.26539	0.16029	0.14115	10.68
927.38	0.217	0.048785	-0.11212	-0.16642	-0.23832	-0.34393	-0.43046	-0.50989	-0.65237	-0.80227	-0.89922	-1.2415	-1.5284	-1.8958	-1.7937	-2.3213	-2.6408	-2.5819	-2.5736	-3.1706	-2.7595	-0.97531	1.2024	0.99752	0.80265	0.58475	0.41154	0.27827	0.17189	0.14391	10.86
926.69	0.20727	0.042856	-0.1147	-0.177	-0.25287	-0.35328	-0.44412	-0.5259	-0.66976	-0.82616	-0.91967	-1.2671	-1.5588	-1.9283	-1.8382	-2.3805	-2.7151	-2.6795	-2.6954	-3.3045	-2.8883	-0.96568	1.2014	1.0034	0.81376	0.59576	0.42069	0.28967	0.18073	0.1443	11.07
927.38	0.20157	0.033025	-0.12889	-0.1853	-0.26564	-0.36479	-0.45856	-0.54162	-0.68362	-0.84406	-0.94357	-1.2976	-1.5939	-1.98	-1.9054	-2.4396	-2.7847	-2.781	-2.8318	-3.4432	-3.0384	-0.95615	1.1869	1.0083	0.82654	0.6047	0.44195	0.28997	0.18358	0.13987	11.27
926.69	0.19518	0.025429	-0.13804	-0.19759	-0.2736	-0.38496	-0.4793	-0.56401	-0.71055	-0.86707	-0.97483	-1.334	-1.6338	-2.0345	-1.9868	-2.5226	-2.887	-2.9226	-3.0165	-3.6316	-3.2288	-1.0784	1.1889	0.99948	0.83215	0.60696	0.44284	0.30599	0.18869	0.13505	11.54
925.31	0.18879	0.022929	-0.13689	-0.2015	-0.28579	-0.38968	-0.48657	-0.57305	-0.72293	-0.89263	-0.99804	-1.3665	-1.6747	-2.0699	-2.0994	-2.6094	-2.9971	-3.0671	-3.1974	-3.8305	-3.4173	-1.164	1.1676	0.9985	0.83549	0.61659	0.44687	0.30688	0.18889	0.13209	11.77
926.69	0.17641	0.01056	-0.14975	-0.21704	-0.29572	-0.40414	-0.50063	-0.59348	-0.74239	-0.90787	-1.0187	-1.394	-1.7079	-2.1178	-2.1875	-2.6838	-3.0859	-3.1944	-3.3657	-4.0122	-3.5943	-1.2476	1.1599	1.0034	0.85181	0.63065	0.46124	0.31455	0.18447	0.12186	12.04
927.38	0.17267	0.0038263	-0.15966	-0.21942	-0.30338	-0.4128	-0.51193	-0.60547	-0.76145	-0.93196	-1.0492	-1.4314	-1.7507	-2.158	-2.2641	-2.7677	-3.1921	-3.3417	-3.5572	-4.2217	-3.7963	-1.3059	1.1329	0.9985	0.85535	0.64342	0.46823	0.31445	0.19125	0.11979	12.31
927.38	0.15538	-0.0098876	-0.17043	-0.23448	-0.32245	-0.43001	-0.53325	-0.62973	-0.78131	-0.96284	-1.0777	-1.4688	-1.7953	-2.1896	-2.3436	-2.8478	-3.3051	-3.4987	-3.7612	-4.4455	-4.0185	-1.3633	1.1107	0.98966	0.85948	0.64431	0.47729	0.3113	0.18398	0.10975	12.58
927.38	0.16186	-0.0061248	-0.16928	-0.23181	-0.3196	-0.43326	-0.53964	-0.63346	-0.79408	-0.971	-1.1013	-1.4993	-1.8314	-2.2422	-2.4052	-2.927	-3.4248	-3.6642	-3.975	-4.6683	-4.2455	-1.4479	1.0866	0.97885	0.86666	0.64834	0.48182	0.32763	0.19312	0.11497	12.9
926	0.15046	-0.011602	-0.16919	-0.2443	-0.33257	-0.43936	-0.54623	-0.64377	-0.8103	-0.99116	-1.1219	-1.5298	-1.8694	-2.2833	-2.4638	-2.9956	-3.5388	-3.8317	-4.1993	-4.9208	-4.4821	-1.5889	1.0596	0.98258	0.88121	0.67045	0.49973	0.33884	0.20019	0.10995	13.18
927.38	0.14132	-0.022484	-0.18224	-0.25164	-0.33945	-0.45412	-0.56146	-0.66253	-0.8271	-1.0157	-1.1505	-1.5632	-1.9083	-2.3254	-2.5244	-3.092	-3.6633	-4.0097	-4.4344	-5.1791	-4.7408	-1.7211	1.0267	0.97531	0.89006	0.68008	0.51223	0.34336	0.19911	0.1066	13.52
927.38	0.12737	-0.036482	-0.19681	-0.25612	-0.35429	-0.47124	-0.57944	-0.68405	-0.85275	-1.0413	-1.177	-1.5977	-1.9473	-2.3915	-2.5812	-3.1797	-3.8043	-4.2021	-4.682	-5.4497	-5.0043	-1.8262	0.97946	0.96312	0.89586	0.68676	0.52119	0.35359	0.20442	0.10148	13.86
927.38	0.11577	-0.041492	-0.19567	-0.25879	-0.35989	-0.47645	-0.59134	-0.69878	-0.86416	-1.062	-1.2085	-1.64	-1.9986	-2.4537	-2.6494	-3.2999	-3.9346	-4.4002	-4.9518	-5.7415	-5.2938	-1.9778	0.93468	0.94779	0.90589	0.702	0.54166	0.36283	0.21366	0.10404	14.17
926.69	0.12471	-0.032618	-0.18652	-0.25936	-0.35056	-0.47291	-0.58986	-0.70192	-0.87634	-1.0718	-1.2212	-1.6646	-2.0356	-2.5092	-2.709	-3.4134	-4.1113	-4.627	-5.2342	-6.0466	-5.5997	-2.1645	0.89686	0.9412	0.91848	0.72047	0.55357	0.38554	0.23046	0.1127	14.56
926.69	0.10879	-0.040251	-0.18643	-0.25888	-0.35635	-0.46986	-0.59428	-0.70792	-0.88067	-1.0905	-1.2399	-1.6941	-2.0727	-2.5436	-2.7658	-3.504	-4.3102	-4.8557	-5.4973	-6.3383	-5.8969	-2.3435	0.85449	0.93177	0.92949	0.7419	0.583	0.40019	0.24137	0.11064	14.91
927.38	0.10083	-0.052999	-0.20434	-0.26994	-0.36579	-0.48678	-0.61325	-0.73218	-0.90671	-1.1141	-1.2743	-1.7344	-2.1183	-2.6049	-2.8283	-3.6194	-4.4715	-5.0949	-5.8193	-6.6788	-6.246	-2.5943	0.79775	0.90602	0.94266	0.75232	0.59383	0.41425	0.24923	0.10945	15.33
927.38	0.081226	-0.064298	-0.20805	-0.28586	-0.37807	-0.49475	-0.62465	-0.74632	-0.92774	-1.1416	-1.3088	-1.7816	-2.1772	-2.69	-2.9059	-3.7243	-4.6269	-5.3323	-6.1433	-7.0288	-6.5904	-2.8462	0.73918	0.8787	0.94149	0.75743	0.60141	0.41789	0.2512	0.10001	15.72
926.69	0.085944	-0.066259	-0.21663	-0.27585	-0.37935	-0.49534	-0.63478	-0.75192	-0.9358	-1.1603	-1.3353	-1.821	-2.2266	-2.7379	-2.9825	-3.8387	-4.7737	-5.5667	-6.4692	-7.3875	-6.9568	-3.1097	0.66719	0.84764	0.93549	0.76735	0.61549	0.42271	0.25739	0.098086	16.12
927.38	0.073286	-0.067963	-0.20777	-0.27432	-0.37139	-0.49111	-0.62888	-0.75664	-0.94897	-1.1721	-1.3569	-1.8505	-2.2636	-2.7877	-3.0412	-3.936	-4.9475	-5.8069	-6.7826	-7.7251	-7.304	-3.3664	0.61238	0.82121	0.93893	0.77914	0.62927	0.44277	0.2682	0.10178	16.55
926	0.076195	-0.060216	-0.195	-0.26393	-0.35852	-0.48265	-0.61758	-0.75241	-0.94297	-1.178	-1.3609	-1.8692	-2.2949	-2.8384	-3.1103	-4.0352	-5.101	-6.0567	-7.1327	-8.1048	-7.682	-3.6679	0.5292	0.80391	0.95122	0.80362	0.65131	0.45968	0.28225	0.11073	16.94
926.69	0.057001	-0.075104	-0.20634	-0.26746	-0.36717	-0.49022	-0.63212	-0.76921	-0.95565	-1.1957	-1.3953	-1.9066	-2.3339	-2.8987	-3.1709	-4.1477	-5.2613	-6.3055	-7.4751	-8.4587	-8.0696	-4.0782	0.45267	0.77266	0.95594	0.8104	0.6708	0.48289	0.29346	0.10788	17.39
925.31	0.043989	-0.085683	-0.21501	-0.27318	-0.37473	-0.49563	-0.63841	-0.77441	-0.97256	-1.2203	-1.4209	-1.9459	-2.3852	-2.9532	-3.2476	-4.2698	-5.4448	-6.5763	-7.8397	-8.8642	-8.4726	-4.7044	0.34228	0.73551	0.95594	0.81816	0.677	0.48043	0.2908	0.10227	17.8
926	0.029483	-0.098214	-0.22606	-0.27842	-0.38004	-0.49494	-0.64549	-0.79219	-0.98278	-1.235	-1.4454	-1.9823	-2.4317	-3.0106	-3.3205	-4.3718	-5.6253	-6.8519	-8.2149	-9.2678	-8.8987	-5.4551	0.22388	0.68794	0.94886	0.82612	0.68734	0.48525	0.29601	0.097869	18.2
