13341	16	6	83	31.5	771	1	15	8	1.175	127	4064	10	0	0	0	0	149.25	972.22	1.432e+006	0.11625	0.049918	40.672	0	0	1	0	0	0	1	0	0
965.3	-0.0061807	-0.10427	-0.20377	-0.24373	-0.32805	-0.43464	-0.57512	-0.70929	-0.89875	-1.1278	-1.3314	-1.8043	-2.1981	-2.7963	-3.0564	-3.9169	-5.0634	-5.9505	-6.9557	-8.0139	-7.5483	-3.7632	0.48876	0.78622	0.90304	0.75035	0.56903	0.36991	0.20304	0.044116	15.7
965.3	-0.0043881	-0.11697	-0.23092	-0.24315	-0.32235	-0.44152	-0.57404	-0.71096	-0.89708	-1.1308	-1.3461	-1.8269	-2.2266	-2.8518	-3.1094	-4.0256	-5.2082	-6.2012	-7.3174	-8.3965	-7.9533	-4.4409	0.38291	0.73983	0.92005	0.76598	0.58822	0.38761	0.21945	0.049353	16.17
963.23	-0.036274	-0.14424	-0.25502	-0.24649	-0.3308	-0.43926	-0.57021	-0.72078	-0.89216	-1.1426	-1.3569	-1.8525	-2.2655	-2.8958	-3.1775	-4.1286	-5.3916	-6.4577	-7.6521	-8.7705	-8.3322	-5.1566	0.29364	0.71713	0.91779	0.76362	0.608	0.39901	0.21759	0.038959	16.54
962.54	-0.056067	-0.15684	-0.26112	-0.25936	-0.34446	-0.44566	-0.55664	-0.71067	-0.88813	-1.1318	-1.353	-1.8613	-2.2873	-2.9427	-3.2268	-4.2069	-5.5104	-6.6557	-7.9335	-9.0574	-8.5929	-5.7682	0.19859	0.69079	0.91484	0.77806	0.61657	0.39734	0.21415	0.034018	16.91
963.23	-0.082101	-0.17275	-0.26788	-0.29205	-0.36009	-0.45353	-0.57718	-0.7089	-0.88823	-1.1387	-1.3746	-1.879	-2.2997	-2.9944	-3.276	-4.2946	-5.6292	-6.8672	-8.242	-9.3874	-8.9593	-6.1397	0.10846	0.63261	0.91494	0.79123	0.62523	0.41681	0.22722	0.027373	17.35
961.16	-0.11243	-0.20846	-0.31037	-0.29491	-0.36441	-0.45559	-0.57011	-0.73512	-0.87379	-1.1318	-1.3678	-1.8849	-2.3177	-2.9982	-3.3167	-4.3699	-5.7672	-7.094	-8.5612	-9.7269	-9.3306	-6.3983	0.030011	0.6217	0.92477	0.7929	0.64364	0.42605	0.22948	0.01941	17.75
961.16	-0.13533	-0.2416	-0.35485	-0.33504	-0.42407	-0.48137	-0.60077	-0.74927	-0.88892	-1.1219	-1.3501	-1.8751	-2.3168	-3.024	-3.3451	-4.4281	-5.859	-7.2644	-8.8136	-10.023	-9.5845	-6.7659	-0.07854	0.57512	0.91041	0.80548	0.6519	0.4234	0.22574	0.011388	18.11
959.09	-0.16855	-0.25392	-0.34733	-0.37507	-0.42731	-0.51895	-0.65561	-0.73503	-0.92224	-1.1318	-1.3324	-1.8436	-2.2731	-3.0125	-3.3583	-4.4739	-5.9681	-7.4481	-9.0757	-10.272	-9.8201	-6.9925	-0.13577	0.55006	0.91435	0.82101	0.66165	0.43972	0.23508	-0.0038309	18.53
959.78	-0.20668	-0.28981	-0.38267	-0.38928	-0.47576	-0.52829	-0.69345	-0.80329	-0.95821	-1.175	-1.3589	-1.8053	-2.1734	-2.9609	-3.3261	-4.4644	-5.9903	-7.5275	-9.215	-10.463	-10.022	-7.1004	-0.20216	0.52932	0.91808	0.81256	0.67248	0.4526	0.23744	-0.0082573	18.92
958.4	-0.20658	-0.31311	-0.42973	-0.40548	-0.47498	-0.62431	-0.72283	-0.89523	-1.1135	-1.3137	-1.4209	-1.7334	-1.9739	-2.7484	-3.1785	-4.3385	-5.9169	-7.4998	-9.2324	-10.454	-10.032	-7.2006	-0.23015	0.51183	0.92615	0.82779	0.68202	0.44877	0.23852	-0.014922	19.2
955.65	-0.22388	-0.30837	-0.40325	-0.4335	-0.50937	-0.58811	-0.83998	-1.1139	-1.3729	-1.5123	-1.6008	-1.7334	-1.801	-2.402	-2.78	-3.977	-5.633	-7.2577	-9.0273	-10.253	-9.8009	-6.9925	-0.19184	0.52244	0.92565	0.84312	0.69472	0.46096	0.24284	-0.021359	19.58
954.96	-0.18653	-0.2793	-0.38105	-0.43941	-0.59409	-0.79884	-1.1046	-1.4518	-1.5577	-1.7542	-1.7758	-1.7974	-1.7554	-2.0173	-2.3001	-3.214	-4.793	-6.4672	-8.271	-9.3912	-8.9862	-6.4859	-0.081599	0.58259	0.95781	0.85158	0.69964	0.48308	0.25562	-0.012196	19.93
954.96	-0.1484	-0.29975	-0.45926	-0.53654	-0.76686	-1.1166	-1.315	-1.6669	-1.9007	-1.9764	-1.8801	-1.8043	-1.668	-1.7273	-1.8562	-2.5712	-3.9694	-5.5734	-7.2884	-8.3267	-7.9408	-5.7536	0.026827	0.63448	0.97216	0.86425	0.71962	0.476	0.26397	0.0067287	20.22
952.2	-0.14575	-0.35696	-0.57691	-0.73137	-1.1774	-1.5091	-1.6825	-1.8899	-2.0461	-1.998	-1.9017	-1.7403	-1.5246	-1.4996	-1.6479	-2.2517	-3.3398	-4.5466	-5.8454	-6.8318	-6.3528	-4.5868	0.28872	0.74239	0.99507	0.87811	0.72258	0.49311	0.26564	0.01317	20.53
953.58	-0.21356	-0.59563	-0.99073	-1.221	-1.6422	-1.8062	-1.8417	-1.8417	-1.7267	-1.6509	-1.6313	-1.7069	-1.7203	-1.6776	-1.5561	-1.9389	-2.6572	-3.3618	-4.1345	-4.8338	-4.5984	-3.3052	0.4768	0.81344	1.0157	0.87261	0.71382	0.49439	0.26417	0.0031173	20.82
952.89	-0.55517	-0.90372	-1.2803	-1.4193	-1.7395	-1.818	-1.6638	-1.6767	-1.5548	-1.6706	-1.588	-1.5711	-1.4999	-1.4364	-1.31	-1.5736	-2.4805	-3.046	-3.6723	-4.3355	-4.0896	-2.7509	0.61392	0.85698	1.0128	0.86013	0.70604	0.46548	0.23184	-0.12018	21.06
949.44	-0.9985	-1.1659	-1.3765	-1.4193	-1.6157	-1.577	-1.5724	-1.5834	-1.6098	-1.6637	-1.473	-1.4009	-1.2824	-1.557	-1.3905	-1.6394	-1.9282	-1.9915	-2.0948	-2.6933	-2.4642	-1.727	0.83751	0.94386	0.99409	0.833	0.66007	0.41032	0.13189	-0.37089	21.28
949.44	-1.1734	-1.2814	-1.4404	-1.3144	-1.4742	-1.4973	-1.5017	-1.5628	-1.3739	-1.3805	-1.2694	-1.2209	-1.1304	-1.0699	-0.95695	-1.0748	-1.4416	-1.5178	-1.6229	-2.1778	-1.9602	-1.2991	0.9536	0.9699	0.96803	0.79045	0.60387	0.3471	0.051812	-0.52591	21.58
950.13	-1.2707	-1.2767	-1.3365	-1.2982	-1.4073	-1.4068	-1.3926	-1.4695	-1.3788	-1.3343	-1.0541	-0.99658	-0.90487	-0.94185	-0.86201	-1.0195	-1.2938	-1.2814	-1.2931	-1.8507	-1.5601	-1.0725	1.0094	0.96096	0.9349	0.74121	0.56312	0.3056	0.018447	-0.57099	21.89
947.37	-1.0693	-1.1649	-1.3061	-1.1591	-1.2098	-1.1953	-1.1793	-1.1856	-1.1076	-1.0246	-0.95015	-0.9286	-0.87542	-0.8851	-0.83305	-1.0109	-1.2987	-1.3216	-1.3714	-1.9243	-1.7043	-1.0891	1.0181	0.97629	0.92733	0.72971	0.54668	0.28554	-0.0015439	-0.53458	22.16
947.37	-0.97462	-1.003	-1.0717	-0.90914	-1.0319	-1.0851	-1.1292	-1.1601	-1.143	-1.1033	-0.95478	-0.97621	-0.96319	-0.9074	-0.84469	-0.9995	-1.3721	-1.3809	-1.4169	-1.975	-1.7245	-1.0813	1.0238	0.97403	0.91838	0.73158	0.52946	0.2761	-0.0015439	-0.48172	22.45
948.06	-0.73561	-0.8413	-0.9793	-0.90923	-1.0742	-1.1589	-1.1715	-1.1728	-1.1626	-1.1544	-1.0816	-1.0704	-1.0221	-0.97803	-0.90745	-1.1931	-1.43	-1.3331	-1.2631	-1.7723	-1.6139	-1.0327	1.021	0.97629	0.92939	0.7303	0.54147	0.28977	0.023685	-0.39717	22.7
947.37	-0.69866	-0.8323	-0.9974	-0.97796	-1.0732	-1.1048	-1.201	-1.2563	-1.253	-1.1888	-1.0718	-1.0891	-1.0677	-1.0412	-1.0308	-1.2875	-1.4937	-1.4479	-1.4314	-1.9081	-1.8169	-1.0794	1.0219	0.99654	0.94139	0.73944	0.55131	0.29066	0.027056	-0.38053	22.8
945.99	-0.73983	-0.92578	-1.1451	-1.1295	-1.2393	-1.2268	-1.1892	-1.1414	-1.1646	-1.1583	-1.0364	-1.0782	-1.081	-1.0756	-1.0384	-1.2293	-1.4232	-1.3857	-1.3753	-1.8411	-1.7409	-1.0035	1.0431	0.99752	0.93932	0.75094	0.54649	0.2879	0.021877	-0.39402	22.88
947.37	-0.74573	-0.96509	-1.2184	-1.1352	-1.2137	-1.1707	-1.0987	-1.0795	-1.0801	-1.0128	-0.98624	-1.0389	-1.0544	-1.0996	-1.0147	-1.2017	-1.3605	-1.2689	-1.2022	-1.6699	-1.5322	-0.91648	1.0798	1.0132	0.9466	0.74219	0.53999	0.28525	0.014801	-0.40662	23.02
950.82	-0.74897	-0.94671	-1.1784	-1.1381	-1.2245	-1.1914	-1.0771	-1.0186	-1.0005	-1.0079	-0.9238	-0.95733	-0.95654	-0.99621	-0.91455	-1.0777	-1.2079	-1.0546	-0.92237	-1.34	-1.3061	-0.77101	1.1039	1.0211	0.9348	0.71517	0.52749	0.2587	-0.01597	-0.43575	23.16
950.82	-0.78298	-0.97361	-1.1994	-1.1343	-1.1646	-1.1353	-1.1017	-1.0353	-0.96784	-0.93344	-0.85527	-0.89299	-0.89822	-0.85305	-0.80513	-0.98138	-1.1625	-1.0249	-0.90786	-1.4136	-1.1994	-0.70625	1.1078	1.0113	0.91503	0.71123	0.50662	0.22733	-0.043331	-0.48871	23.27
950.13	-0.86042	-0.96414	-1.106	-1.0237	-1.0909	-1.0645	-1.0113	-0.95181	-0.92558	-0.9006	-0.85468	-0.8918	-0.89642	-0.85534	-0.79528	-0.91175	-0.99645	-0.84673	-0.71317	-1.1544	-1.057	-0.69127	1.1271	1.0113	0.90904	0.69925	0.49018	0.22704	-0.059281	-0.52434	23.44
954.27	-0.78475	-0.8736	-0.99645	-0.92763	-0.99555	-0.96844	-0.93128	-0.89062	-0.89089	-0.88211	-0.81289	-0.83376	-0.8247	-0.79371	-0.79831	-0.94599	-1.038	-0.90195	-0.78368	-1.2156	-1.1109	-0.69993	1.1165	1.0044	0.90245	0.67625	0.47699	0.21072	-0.063458	-0.50101	23.51
953.58	-0.79163	-0.86129	-0.96501	-0.87978	-0.94907	-0.95634	-0.95093	-0.92617	-0.87703	-0.87385	-0.79883	-0.84114	-0.85253	-0.83314	-0.78923	-0.95009	-1.0534	-0.91611	-0.79635	-1.2529	-1.1282	-0.68029	1.1049	1.0034	0.89586	0.68637	0.48201	0.20491	-0.063134	-0.49038	23.51
952.2	-0.81207	-0.88998	-1.0031	-0.90847	-0.9471	-0.92565	-0.90376	-0.86223	-0.83674	-0.85527	-0.79706	-0.86426	-0.89908	-0.86692	-0.81033	-0.97375	-1.121	-1.0268	-0.95235	-1.4088	-1.2936	-0.73134	1.1088	1.0034	0.89222	0.68647	0.47808	0.2232	-0.052893	-0.48595	23.52
954.27	-0.81325	-0.87417	-0.97073	-0.88007	-0.90386	-0.89643	-0.88823	-0.88443	-0.86661	-0.84435	-0.81082	-0.85924	-0.87599	-0.87305	-0.79841	-0.93331	-1.0862	-0.9608	-0.85447	-1.2787	-1.2196	-0.6937	1.1165	1.0044	0.90078	0.68588	0.47345	0.21416	-0.056077	-0.48723	23.54
955.65	-0.77787	-0.84054	-0.93691	-0.87015	-0.90917	-0.89545	-0.87624	-0.87421	-0.88165	-0.86677	-0.83904	-0.86692	-0.86355	-0.8118	-0.77455	-0.93731	-1.037	-0.84386	-0.66704	-1.1448	-0.95874	-0.63507	1.1203	1.0054	0.89527	0.68342	0.48408	0.21593	-0.049021	-0.47109	23.53
954.96	-0.7245	-0.81706	-0.94139	-0.87139	-0.90229	-0.89367	-0.86386	-0.83129	-0.80558	-0.80807	-0.74268	-0.79166	-0.81121	-0.77926	-0.74729	-0.8922	-0.9839	-0.85285	-0.73871	-1.2261	-1.0455	-0.67017	1.13	1.0152	0.89783	0.685	0.4827	0.22055	-0.055311	-0.45918	23.52
956.34	-0.73639	-0.81905	-0.93377	-0.84642	-0.85275	-0.83081	-0.8161	-0.77874	-0.77826	-0.75753	-0.78034	-0.80012	-0.79126	-0.73218	-0.73082	-0.89745	-1.0438	-0.90922	-0.7918	-1.274	-1.0859	-0.69254	1.1387	1.0103	0.90343	0.68706	0.47453	0.21966	-0.046397	-0.45898	23.51
958.4	-0.73797	-0.79745	-0.8889	-0.78017	-0.82032	-0.8008	-0.80391	-0.76292	-0.73905	-0.75487	-0.76382	-0.78615	-0.78024	-0.7718	-0.72344	-0.87456	-1.0042	-0.87161	-0.75573	-1.2434	-1.0628	-0.63954	1.1406	1.0152	0.89655	0.67576	0.4828	0.21583	-0.04963	-0.45997	23.45
958.4	-0.75556	-0.78343	-0.84355	-0.76997	-0.7991	-0.78457	-0.80489	-0.80182	-0.76794	-0.76893	-0.69509	-0.72771	-0.73379	-0.7118	-0.68407	-0.81982	-0.97714	-0.84147	-0.72168	-1.2061	-1.0359	-0.63838	1.1406	1.0123	0.88573	0.66996	0.46587	0.21278	-0.055104	-0.45632	23.3
959.09	-0.67979	-0.74375	-0.83736	-0.77074	-0.79281	-0.78408	-0.7647	-0.72717	-0.70956	-0.72675	-0.71348	-0.72702	-0.7148	-0.7094	-0.68937	-0.82926	-0.98969	-0.85879	-0.74441	-1.2233	-1.0715	-0.63303	1.1396	1.0083	0.88514	0.67979	0.46302	0.20619	-0.0525	-0.44274	23.17
959.09	-0.67674	-0.7303	-0.81316	-0.75329	-0.77158	-0.75752	-0.75163	-0.74151	-0.71802	-0.71426	-0.69558	-0.72269	-0.72354	-0.70979	-0.6888	-0.83994	-0.981	-0.84635	-0.72826	-1.2166	-1.0407	-0.5775	1.1348	1.0044	0.87747	0.65777	0.45583	0.20334	-0.055075	-0.43506	23.03
960.47	-0.66632	-0.72405	-0.81078	-0.74338	-0.74976	-0.72387	-0.71006	-0.70507	-0.71595	-0.76864	-0.69774	-0.70793	-0.69314	-0.674	-0.66059	-0.79521	-0.94624	-0.814	-0.69751	-1.1821	-1.0089	-0.63488	1.1416	1.0132	0.86862	0.65197	0.44786	0.19469	-0.065256	-0.433	22.87
959.78	-0.61482	-0.68702	-0.78601	-0.71545	-0.73728	-0.7346	-0.71988	-0.69691	-0.71074	-0.72351	-0.71023	-0.71817	-0.70064	-0.70529	-0.68709	-0.83183	-0.97907	-0.85898	-0.75592	-1.2405	-1.084	-0.64829	1.1474	1.0044	0.86479	0.65011	0.44727	0.1884	-0.059792	-0.41636	22.7
957.72	-0.56323	-0.63777	-0.73705	-0.70106	-0.72676	-0.73273	-0.7248	-0.68866	-0.65463	-0.71357	-0.72311	-0.72131	-0.69437	-0.67802	-0.67432	-0.80933	-0.95464	-0.82931	-0.72004	-1.2051	-1.0753	-0.58888	1.1734	1.0113	0.87148	0.64804	0.44333	0.19724	-0.054436	-0.40189	22.52
961.16	-0.57276	-0.64156	-0.73543	-0.69248	-0.70858	-0.68905	-0.67861	-0.6589	-0.67202	-0.6829	-0.61672	-0.64871	-0.65695	-0.64567	-0.63712	-0.77776	-1.0225	-0.94491	-0.88591	-1.3907	-1.2186	-0.61037	1.1599	1.0054	0.8642	0.64342	0.43132	0.18525	-0.059723	-0.4012	22.29
960.47	-0.57817	-0.63237	-0.7118	-0.66026	-0.68814	-0.6736	-0.65355	-0.62816	-0.59802	-0.65517	-0.60935	-0.61989	-0.60841	-0.72634	-0.71805	-0.86226	-1.0805	-1.0393	-1.0174	-1.536	-1.3639	-0.61426	1.1618	1.0064	0.85781	0.64293	0.4326	0.18486	-0.050249	-0.39156	22.08
960.47	-0.56284	-0.61428	-0.69018	-0.63481	-0.64175	-0.62166	-0.60745	-0.62816	-0.66701	-0.61849	-0.58624	-0.65009	-0.68905	-0.73629	-0.70442	-0.80437	-1.0573	-1.0881	-1.1403	-1.6728	-1.4975	-0.6481	1.1667	1.0132	0.85938	0.63861	0.43132	0.19518	-0.05134	-0.37965	21.86
961.85	-0.53011	-0.57782	-0.64845	-0.58125	-0.61306	-0.60169	-0.63212	-0.64535	-0.64794	-0.66756	-0.64209	-0.64271	-0.62085	-0.65763	-0.67129	-0.82039	-1.1075	-1.068	-1.0484	-1.492	-1.4716	-0.65248	1.1541	1.0034	0.84984	0.63438	0.41744	0.17719	-0.044687	-0.36203	21.57
961.85	-0.50181	-0.54647	-0.61292	-0.57705	-0.62514	-0.63336	-0.60804	-0.57443	-0.58632	-0.62557	-0.61239	-0.66632	-0.69523	-0.70864	-0.70716	-0.85177	-1.1674	-1.1991	-1.2554	-1.7723	-1.6495	-0.66619	1.1387	0.99359	0.84119	0.62524	0.42256	0.18554	-0.04395	-0.35179	21.33
962.54	-0.48343	-0.5334	-0.60435	-0.56132	-0.60225	-0.59509	-0.57021	-0.61578	-0.60854	-0.65369	-0.61623	-0.64163	-0.64374	-0.71945	-0.75297	-0.93674	-1.3122	-1.3886	-1.4933	-2.0487	-1.8746	-0.76177	1.1271	0.9926	0.84493	0.62102	0.41715	0.18151	-0.04392	-0.33466	21.04
963.23	-0.46564	-0.51266	-0.58006	-0.56199	-0.60401	-0.6435	-0.66485	-0.66607	-0.64106	-0.577	-0.54002	-0.62343	-0.68222	-0.85974	-0.94001	-1.1483	-1.5034	-1.58	-1.6886	-2.2983	-2.0391	-0.82478	1.1213	0.98966	0.85063	0.62652	0.42197	0.18436	-0.02965	-0.31813	20.74
961.85	-0.44598	-0.50291	-0.57939	-0.55465	-0.61453	-0.58909	-0.54505	-0.576	-0.67055	-0.73363	-0.7121	-0.72771	-0.71736	-0.85295	-0.91975	-1.1197	-1.4812	-1.5713	-1.6925	-2.3117	-2.0371	-0.82439	1.13	0.9926	0.84709	0.62259	0.42089	0.19439	-0.026024	-0.29874	20.41
962.54	-0.41591	-0.50594	-0.61464	-0.56761	-0.61699	-0.64527	-0.63183	-0.62609	-0.5993	-0.64779	-0.65546	-0.7037	-0.72572	-0.89008	-0.95601	-1.1941	-1.5294	-1.6278	-1.7592	-2.4207	-2.0602	-0.84832	1.1194	0.98671	0.84621	0.62406	0.4136	0.18731	-0.025631	-0.28348	20.05
963.23	-0.4337	-0.51152	-0.60873	-0.58458	-0.69649	-0.73489	-0.72126	-0.659	-0.67615	-0.70286	-0.67159	-0.71187	-0.72591	-0.92692	-0.98819	-1.215	-1.5468	-1.6785	-1.8434	-2.502	-2.1737	-0.90452	1.1155	0.98376	0.84424	0.63025	0.42276	0.18869	-0.011381	-0.27866	19.72
961.85	-0.45581	-0.5477	-0.65998	-0.65912	-0.75713	-0.73696	-0.73689	-0.70202	-0.65581	-0.6121	-0.61259	-0.64015	-0.64431	-0.85305	-0.96642	-1.2169	-1.6781	-1.801	-1.9594	-2.6158	-2.3237	-0.89382	1.1039	0.98671	0.84453	0.62239	0.43103	0.20914	-0.008103	-0.27629	19.43
963.23	-0.43743	-0.54837	-0.67913	-0.65454	-0.68028	-0.68865	-0.66986	-0.63454	-0.65649	-0.57444	-0.5824	-0.58162	-0.56053	-0.83132	-1.0052	-1.3219	-1.8307	-1.9407	-2.089	-2.7067	-2.4748	-0.90257	1.0943	0.97806	0.84965	0.6218	0.42335	0.20108	-0.0037119	-0.27078	19.05
961.85	-0.42485	-0.52327	-0.64093	-0.57734	-0.60549	-0.58329	-0.61659	-0.61715	-0.65718	-0.56323	-0.53491	-0.57207	-0.58799	-0.89037	-1.0649	-1.3581	-1.8925	-2.0862	-2.3202	-2.9649	-2.6864	-1.0055	1.0895	0.97953	0.84424	0.63222	0.43231	0.20718	0.0083546	-0.2569	18.7
961.16	-0.3936	-0.47544	-0.57491	-0.51786	-0.57561	-0.59322	-0.59438	-0.58533	-0.54004	-0.58919	-0.51996	-0.60592	-0.66778	-0.97994	-1.151	-1.4554	-2.0045	-2.1943	-2.4285	-3.1055	-2.7893	-1.0239	1.0904	0.97894	0.8468	0.62505	0.42236	0.21465	0.01824	-0.22944	18.32
961.85	-0.36402	-0.44608	-0.54452	-0.47258	-0.48146	-0.51334	-0.54141	-0.5481	-0.58514	-0.68762	-0.52616	-0.65707	-0.76049	-1.1005	-1.2627	-1.5736	-2.103	-2.3073	-2.5581	-3.2873	-2.8691	-1.0998	1.0663	0.96823	0.84365	0.62829	0.42542	0.21101	0.01713	-0.22235	17.93
959.78	-0.2626	-0.37552	-0.50099	-0.46057	-0.54603	-0.55997	-0.64883	-0.63896	-0.54564	-0.64091	-0.66087	-0.75201	-0.81368	-1.111	-1.275	-1.6213	-2.157	-2.4154	-2.7215	-3.4642	-3.0441	-1.1416	1.0663	0.96283	0.83913	0.62259	0.4327	0.20855	0.025591	-0.19351	17.53
959.78	-0.2455	-0.38168	-0.52985	-0.49222	-0.51753	-0.52643	-0.60952	-0.56549	-0.56411	-0.60423	-0.54386	-0.69052	-0.80808	-1.0919	-1.2939	-1.7634	-2.5886	-2.7896	-3.0465	-3.7836	-3.4068	-1.1931	1.0518	0.96961	0.84994	0.6275	0.42975	0.22576	0.039527	-0.15365	17.15
961.16	-0.28353	-0.36596	-0.46136	-0.50118	-0.48353	-0.51364	-0.54406	-0.51009	-0.49886	-0.47473	-0.49794	-0.67232	-0.81739	-1.2441	-1.5571	-2.0343	-2.7354	-2.9704	-3.2641	-4.0285	-3.603	-1.268	1.0354	0.9588	0.84788	0.62908	0.42807	0.21868	0.048274	-0.14322	16.74
958.4	-0.29051	-0.38234	-0.48746	-0.45838	-0.47615	-0.43385	-0.43861	-0.47355	-0.41532	-0.49096	-0.52036	-0.70961	-0.86773	-1.4508	-1.7265	-2.2193	-2.9121	-3.1561	-3.4624	-4.2552	-3.8088	-1.3283	1.0393	0.97	0.85525	0.63723	0.44028	0.23058	0.057207	-0.13859	16.35
958.4	-0.21238	-0.29436	-0.3862	-0.35267	-0.45856	-0.4433	-0.42761	-0.49712	-0.55723	-0.50345	-0.48299	-0.76096	-1.0031	-1.5867	-1.8476	-2.3614	-3.0579	-3.3073	-3.622	-4.4235	-3.979	-1.3701	1.0383	0.97413	0.86292	0.63871	0.43762	0.23353	0.062701	-0.12225	15.94
958.4	-0.12982	-0.25467	-0.38648	-0.3644	-0.3595	-0.4612	-0.54033	-0.4875	-0.51006	-0.49076	-0.51977	-0.85009	-1.1399	-1.7034	-1.9432	-2.4558	-3.1323	-3.3848	-3.7051	-4.5163	-4.0406	-1.4012	1.0441	0.97914	0.87354	0.65856	0.44786	0.24582	0.083241	-0.07148	15.53
957.72	-0.11597	-0.22105	-0.33218	-0.36545	-0.47694	-0.49622	-0.46633	-0.49771	-0.53335	-0.50551	-0.53884	-0.90145	-1.2206	-1.7781	-2.018	-2.5178	-3.2008	-3.4528	-3.7738	-4.6023	-4.1252	-1.4197	1.0451	0.98671	0.8757	0.64696	0.45435	0.25152	0.087752	-0.061293	15.12
957.72	-0.14132	-0.24653	-0.35895	-0.32074	-0.39783	-0.42116	-0.47163	-0.48809	-0.47645	-0.49056	-0.56244	-0.96087	-1.3118	-1.8508	-2.0758	-2.5865	-3.2636	-3.5083	-3.8222	-4.6396	-4.1512	-1.4226	1.047	0.97796	0.87374	0.6448	0.44372	0.24405	0.086278	-0.06268	14.69
957.03	-0.14221	-0.23478	-0.33447	-0.3278	-0.3368	-0.41604	-0.44078	-0.38622	-0.4281	-0.5058	-0.60787	-1.0133	-1.3688	-1.9025	-2.1259	-2.6313	-3.2684	-3.513	-3.827	-4.6492	-4.1666	-1.409	1.0412	0.9701	0.86469	0.63812	0.43152	0.2294	0.079713	-0.073823	14.32
956.34	-0.12707	-0.24804	-0.37581	-0.28853	-0.33218	-0.33242	-0.34712	-0.39428	-0.42643	-0.52173	-0.66677	-1.0792	-1.44	-1.9398	-2.1657	-2.6733	-3.2462	-3.4796	-3.7815	-4.611	-4.1223	-1.3964	1.0499	0.97314	0.85338	0.61817	0.42768	0.23068	0.077217	-0.067228	13.92
956.34	-0.11931	-0.20467	-0.29617	-0.289	-0.31223	-0.32337	-0.31655	-0.35862	-0.4168	-0.53678	-0.72685	-1.1343	-1.4885	-1.9848	-2.2007	-2.6923	-3.2529	-3.4786	-3.7738	-4.5842	-4.0887	-1.3711	1.047	0.96892	0.84178	0.61512	0.40849	0.21376	0.067605	-0.063576	13.49
954.96	-0.1082	-0.18355	-0.26445	-0.25621	-0.27695	-0.27212	-0.31527	-0.34261	-0.40844	-0.58516	-0.79086	-1.1845	-1.5236	-1.9972	-2.2253	-2.7133	-3.2269	-3.4193	-3.679	-4.4857	-3.9887	-1.2952	1.0547	0.96125	0.82634	0.59782	0.39904	0.2117	0.068106	-0.057857	13.12
954.27	-0.062013	-0.16129	-0.26435	-0.23181	-0.24058	-0.2608	-0.28628	-0.33122	-0.42525	-0.63835	-0.83334	-1.2179	-1.5464	-2.0087	-2.2215	-2.6943	-3.1767	-3.3312	-3.5504	-4.3336	-3.8607	-1.269	1.0673	0.96528	0.81907	0.582	0.38772	0.20934	0.071851	-0.039234	12.75
954.27	-0.061099	-0.13837	-0.2191	-0.21284	-0.21257	-0.2366	-0.27066	-0.34183	-0.48303	-0.69106	-0.86323	-1.2415	-1.5626	-2.0163	-2.2225	-2.6847	-3.1284	-3.2403	-3.4169	-4.1834	-3.7078	-1.2194	1.0789	0.96037	0.80668	0.57384	0.3765	0.19253	0.061885	-0.037837	12.34
952.2	-0.047154	-0.11895	-0.19357	-0.17748	-0.17415	-0.22096	-0.27695	-0.35577	-0.52244	-0.73118	-0.88654	-1.2533	-1.5645	-2.0039	-2.2244	-2.6304	-3.0724	-3.1484	-3.2864	-4.0524	-3.5693	-1.1513	1.0924	0.95781	0.79104	0.56647	0.37128	0.19793	0.068676	-0.027875	12
952.89	0.013258	-0.076696	-0.16719	-0.14221	-0.1542	-0.22066	-0.29798	-0.4042	-0.56058	-0.75595	-0.90777	-1.2652	-1.5664	-1.9953	-2.214	-2.5922	-3.0299	-3.0843	-3.2003	-3.9558	-3.4731	-1.0813	1.1107	0.96479	0.79429	0.55389	0.3572	0.1943	0.072303	-0.0074817	11.65
953.58	0.042259	-0.043888	-0.12927	-0.12963	-0.1598	-0.23011	-0.33837	-0.44025	-0.59438	-0.78594	-0.9241	-1.275	-1.5692	-1.9895	-2.195	-2.5512	-2.9749	-2.9992	-3.0813	-3.8401	-3.3346	-1.0414	1.1184	0.96381	0.78741	0.5479	0.35976	0.18908	0.08219	0.011753	11.26
950.13	0.059733	-0.03061	-0.11946	-0.11467	-0.16039	-0.2549	-0.35881	-0.46854	-0.61718	-0.80492	-0.93019	-1.276	-1.5645	-1.9962	-2.1619	-2.5216	-2.9391	-2.9283	-2.9749	-3.7377	-3.2355	-1.0298	1.1368	0.97521	0.78062	0.54741	0.36124	0.19085	0.082514	0.021035	10.92
952.2	0.087732	-0.007358	-0.099836	-0.12725	-0.18122	-0.29012	-0.39075	-0.48818	-0.64195	-0.80758	-0.9358	-1.275	-1.5588	-1.9953	-2.0966	-2.4701	-2.886	-2.8537	-2.8773	-3.5962	-3.1249	-0.96539	1.1329	0.96686	0.77158	0.53247	0.33624	0.18594	0.078612	0.034372	10.58
953.58	0.1139	0.0035251	-0.10336	-0.13487	-0.21041	-0.32121	-0.41414	-0.50616	-0.64726	-0.8179	-0.9415	-1.273	-1.5483	-1.9771	-2.0417	-2.431	-2.8281	-2.7743	-2.7747	-3.4938	-3.0163	-0.9792	1.1261	0.94474	0.75289	0.52018	0.32453	0.16932	0.077757	0.049097	10.26
951.51	0.12609	5.8303e-005	-0.12203	-0.16023	-0.23085	-0.33291	-0.42132	-0.51628	-0.65934	-0.82488	-0.94248	-1.2701	-1.5426	-1.9694	-2.0038	-2.3967	-2.7827	-2.692	-2.6538	-3.3819	-2.8912	-0.88381	1.1348	0.95369	0.74031	0.5081	0.32246	0.16725	0.071694	0.054816	9.931
952.2	0.15184	0.012085	-0.12289	-0.16404	-0.23243	-0.33459	-0.42898	-0.51726	-0.66249	-0.8237	-0.93255	-1.2573	-1.5265	-1.9541	-1.9499	-2.3509	-2.7354	-2.6211	-2.5571	-3.2423	-2.7902	-0.8489	1.1416	0.94327	0.73883	0.50269	0.31045	0.16214	0.076057	0.074029	9.647
952.89	0.16127	0.015466	-0.12518	-0.16652	-0.23695	-0.34511	-0.43173	-0.51245	-0.65443	-0.8178	-0.92724	-1.2425	-1.5037	-1.9417	-1.8675	-2.3137	-2.6707	-2.5427	-2.4653	-3.1524	-2.694	-0.83879	1.158	0.9471	0.73362	0.49915	0.3133	0.16804	0.085619	0.078173	9.379
951.51	0.16373	0.012975	-0.13261	-0.16642	-0.2452	-0.34452	-0.4282	-0.51716	-0.64372	-0.81122	-0.91633	-1.2307	-1.4904	-1.9254	-1.8051	-2.2737	-2.6157	-2.4451	-2.3221	-3.0089	-2.545	-0.80086	1.1686	0.95683	0.73224	0.49168	0.31163	0.16332	0.082779	0.085546	9.098
951.51	0.16196	0.011952	-0.13299	-0.17958	-0.25464	-0.34915	-0.42937	-0.52079	-0.65512	-0.81171	-0.90581	-1.2179	-1.4771	-1.8958	-1.7549	-2.2164	-2.5491	-2.357	-2.2109	-2.8779	-2.419	-0.77811	1.1589	0.94052	0.71287	0.48412	0.2948	0.15437	0.072431	0.088627	8.816
950.82	0.1657	0.0078467	-0.14489	-0.18368	-0.257	-0.36174	-0.43773	-0.51667	-0.65492	-0.80846	-0.912	-1.2101	-1.4552	-1.8393	-1.7151	-2.185	-2.4873	-2.269	-2.0939	-2.7488	-2.3055	-0.74349	1.1638	0.92371	0.70225	0.47252	0.28948	0.15693	0.079143	0.0859	8.631
952.2	0.14948	-0.0068863	-0.1588	-0.19025	-0.26977	-0.36371	-0.44333	-0.53445	-0.65502	-0.81495	-0.90669	-1.2042	-1.4486	-1.7752	-1.6848	-2.1525	-2.4409	-2.1963	-1.9952	-2.6522	-2.2016	-0.701	1.1532	0.91831	0.68377	0.44874	0.27462	0.13235	0.058308	0.080427	8.394
952.2	0.15685	-0.0023355	-0.15671	-0.19492	-0.27203	-0.36508	-0.44883	-0.52708	-0.65669	-0.81072	-0.89755	-1.1924	-1.4353	-1.7359	-1.6678	-2.1096	-2.3859	-2.113	-1.8811	-2.5106	-2.0698	-0.6128	1.1532	0.91074	0.66578	0.44834	0.26143	0.1235	0.058701	0.084936	8.176
950.13	0.16255	-0.0051266	-0.16785	-0.20417	-0.27144	-0.37768	-0.45001	-0.52237	-0.65571	-0.8063	-0.90423	-1.1884	-1.4201	-1.6661	-1.6432	-2.0848	-2.3434	-2.0546	-1.8057	-2.4246	-1.9996	-0.61115	1.1503	0.88587	0.65063	0.41974	0.24115	0.11927	0.053247	0.07026	8.025
952.89	0.15125	-0.016214	-0.17919	-0.2055	-0.27714	-0.37778	-0.45149	-0.53415	-0.65463	-0.80148	-0.8943	-1.1786	-1.4115	-1.6431	-1.6176	-2.0476	-2.2942	-1.9895	-1.7235	-2.3404	-1.9131	-0.64382	1.1435	0.88076	0.64011	0.40451	0.23151	0.10954	0.043881	0.072858	7.838
953.58	0.15105	-0.016195	-0.179	-0.20665	-0.28157	-0.37315	-0.44225	-0.52698	-0.64903	-0.80099	-0.87759	-1.156	-1.384	-1.5953	-1.5997	-2.0104	-2.2497	-1.936	-1.6596	-2.2983	-1.8448	-0.62194	1.1387	0.87703	0.62713	0.40893	0.23161	0.091071	0.04051	0.075565	7.664
952.2	0.15007	-0.015542	-0.17671	-0.20512	-0.27567	-0.37512	-0.44736	-0.5261	-0.64549	-0.79381	-0.87749	-1.154	-1.3802	-1.5694	-1.5864	-1.998	-2.2324	-1.9053	-1.6161	-2.239	-1.7957	-0.63721	1.1454	0.87133	0.62251	0.3995	0.22048	0.10265	0.040598	0.074049	7.56
953.58	0.16196	-0.012454	-0.18205	-0.19883	-0.26653	-0.36282	-0.43891	-0.51893	-0.64136	-0.77945	-0.86392	-1.1402	-1.3679	-1.5532	-1.5599	-1.9675	-2.1928	-1.8623	-1.5677	-2.1711	-1.7515	-0.62544	1.1454	0.86681	0.63156	0.39645	0.21143	0.09405	0.043095	0.082819	7.461
953.58	0.15744	-0.0032438	-0.15918	-0.19483	-0.27331	-0.36479	-0.43851	-0.51078	-0.63409	-0.77985	-0.85369	-1.1294	-1.3555	-1.5264	-1.5514	-1.9389	-2.1541	-1.8096	-1.5	-2.1108	-1.688	-0.52159	1.1425	0.86681	0.62281	0.3992	0.22737	0.091081	0.048628	0.080034	7.328
952.89	0.15361	-0.011971	-0.1729	-0.20036	-0.26751	-0.36518	-0.43222	-0.50891	-0.63065	-0.77198	-0.85713	-1.1294	-1.3527	-1.5044	-1.5362	-1.9208	-2.13	-1.7733	-1.4517	-2.0621	-1.636	-0.57838	1.1406	0.85914	0.6058	0.38721	0.20956	0.1001	0.043517	0.076224	7.262
954.27	0.15233	-0.015087	-0.17805	-0.20264	-0.27174	-0.36912	-0.43557	-0.515	-0.63605	-0.77287	-0.85035	-1.1245	-1.3489	-1.4957	-1.5135	-1.8979	-2.0914	-1.7168	-1.3743	-1.9569	-1.5524	-0.51012	1.129	0.84194	0.59665	0.38102	0.20188	0.090029	0.037542	0.074965	7.226
956.34	0.14712	-0.015959	-0.17471	-0.20388	-0.28343	-0.37502	-0.44648	-0.52021	-0.63419	-0.78329	-0.8535	-1.1323	-1.3622	-1.49	-1.5135	-1.8845	-2.0634	-1.6804	-1.3289	-1.9205	-1.5197	-0.51799	1.1146	0.82534	0.58288	0.36736	0.20237	0.07703	0.034898	0.075388	7.149
956.34	0.14073	-0.015722	-0.16804	-0.20779	-0.2795	-0.37118	-0.43783	-0.51608	-0.63527	-0.77798	-0.8476	-1.1225	-1.3489	-1.467	-1.4984	-1.8617	-2.0431	-1.646	-1.2805	-1.8727	-1.4668	-0.51916	1.1165	0.82534	0.57266	0.36461	0.18987	0.081966	0.030112	0.068163	7.099
957.72	0.15312	-0.015419	-0.17948	-0.20998	-0.28147	-0.37886	-0.44716	-0.51912	-0.64313	-0.7768	-0.8472	-1.1255	-1.3546	-1.4661	-1.4917	-1.8512	-2.0277	-1.6326	-1.2679	-1.8507	-1.4418	-0.50973	1.1165	0.81541	0.5763	0.36451	0.1883	0.077374	0.035567	0.070525	7.128
959.09	0.15027	-0.020145	-0.18624	-0.20036	-0.28157	-0.37551	-0.4396	-0.51873	-0.6279	-0.77277	-0.84524	-1.1176	-1.3422	-1.445	-1.4861	-1.8426	-2.0064	-1.6106	-1.2457	-1.8459	-1.4321	-0.47317	1.1146	0.81276	0.5703	0.35557	0.18977	0.079272	0.037002	0.072405	7.147
959.78	0.14201	-0.018222	-0.17433	-0.20608	-0.27596	-0.36479	-0.43164	-0.51775	-0.62839	-0.77011	-0.83698	-1.1156	-1.3451	-1.4374	-1.4804	-1.8245	-1.9881	-1.5733	-1.1886	-1.7857	-1.3783	-0.43972	1.1088	0.81905	0.56617	0.3536	0.19174	0.073785	0.029631	0.071785	7.116
959.09	0.15479	-0.013041	-0.17633	-0.21008	-0.27685	-0.37394	-0.44028	-0.50704	-0.63763	-0.77267	-0.83698	-1.1156	-1.3451	-1.4498	-1.4823	-1.8226	-1.9948	-1.5943	-1.2244	-1.8057	-1.3975	-0.46354	1.1049	0.81384	0.56823	0.37493	0.19194	0.080746	0.035901	0.075998	7.142
959.78	0.15695	-0.019993	-0.19234	-0.20636	-0.28196	-0.37738	-0.44146	-0.52227	-0.63084	-0.76628	-0.84642	-1.1176	-1.3403	-1.4508	-1.4728	-1.8273	-1.991	-1.5857	-1.2109	-1.7857	-1.4004	-0.4651	1.1107	0.81511	0.57522	0.36058	0.20286	0.092487	0.045768	0.081195	7.277
961.85	0.14398	-0.022749	-0.18529	-0.21237	-0.28451	-0.37502	-0.445	-0.51962	-0.63605	-0.77523	-0.8414	-1.1255	-1.3612	-1.4536	-1.4785	-1.8283	-2.0035	-1.6087	-1.2447	-1.8134	-1.4427	-0.5142	1.1136	0.8271	0.58652	0.36893	0.20542	0.091789	0.043468	0.083784	7.305
962.54	0.15017	-0.015248	-0.17624	-0.21389	-0.28658	-0.38132	-0.4448	-0.51431	-0.64549	-0.78634	-0.85163	-1.1294	-1.3584	-1.468	-1.4974	-1.8578	-2.046	-1.668	-1.3221	-1.8928	-1.5139	-0.5212	1.1155	0.82593	0.58397	0.38171	0.21005	0.093224	0.049296	0.074906	7.45
961.85	0.14801	-0.023914	-0.19157	-0.21628	-0.28019	-0.39017	-0.45512	-0.53003	-0.65079	-0.78653	-0.86628	-1.1363	-1.3565	-1.4709	-1.505	-1.8836	-2.0769	-1.7044	-1.3656	-1.9435	-1.5601	-0.56875	1.1232	0.83241	0.59468	0.37798	0.20749	0.10256	0.046014	0.071608	7.641
965.3	0.13317	-0.028678	-0.18681	-0.21856	-0.2968	-0.38673	-0.46652	-0.54398	-0.65345	-0.80168	-0.87031	-1.1471	-1.3745	-1.4843	-1.5258	-1.9103	-2.1107	-1.756	-1.4362	-2.02	-1.6235	-0.58849	1.1107	0.83428	0.59999	0.37739	0.21202	0.092477	0.042967	0.073321	7.734
963.92	0.13739	-0.026765	-0.187	-0.22228	-0.30348	-0.39322	-0.46014	-0.5259	-0.662	-0.80935	-0.88005	-1.1481	-1.3679	-1.5216	-1.5514	-1.9418	-2.1628	-1.8182	-1.5087	-2.1108	-1.6957	-0.63488	1.1175	0.85049	0.60324	0.39714	0.22619	0.095505	0.046289	0.066775	7.858
963.92	0.13867	-0.032334	-0.19948	-0.22809	-0.29306	-0.40001	-0.46456	-0.5429	-0.67153	-0.80728	-0.8943	-1.1668	-1.3887	-1.5503	-1.5665	-1.979	-2.2005	-1.8671	-1.5697	-2.1615	-1.7592	-0.61222	1.1203	0.85502	0.61612	0.40028	0.22275	0.11111	0.053945	0.072277	8.077
967.37	0.13287	-0.032589	-0.19434	-0.22018	-0.30269	-0.40276	-0.47763	-0.55851	-0.67232	-0.82115	-0.90325	-1.1786	-1.4039	-1.5771	-1.5855	-2.0066	-2.2333	-1.9187	-1.6412	-2.239	-1.8284	-0.63594	1.1175	0.85757	0.62841	0.41277	0.24529	0.11858	0.061021	0.076146	8.267
965.3	0.13582	-0.026632	-0.18529	-0.22228	-0.30378	-0.4003	-0.4738	-0.55478	-0.685	-0.84209	-0.91397	-1.1953	-1.4258	-1.6182	-1.6309	-2.0572	-2.3115	-2.0116	-1.7505	-2.3853	-1.9458	-0.65043	1.13	0.87723	0.63382	0.41748	0.25356	0.1237	0.066269	0.071086	8.451
964.61	0.13592	-0.029019	-0.19014	-0.23219	-0.30004	-0.40739	-0.47861	-0.55959	-0.69512	-0.8418	-0.92882	-1.216	-1.4505	-1.6757	-1.6593	-2.1125	-2.3907	-2.1187	-1.8879	-2.5393	-2.0814	-0.7572	1.1339	0.8958	0.65693	0.4392	0.25966	0.13795	0.067035	0.070299	8.728
967.37	0.13906	-0.024549	-0.18424	-0.22533	-0.30692	-0.40768	-0.49188	-0.5705	-0.69964	-0.8534	-0.94868	-1.2406	-1.479	-1.757	-1.6924	-2.1668	-2.4544	-2.2163	-2.0213	-2.657	-2.216	-0.75351	1.1281	0.89128	0.67266	0.44805	0.27629	0.14002	0.078838	0.078892	8.992
965.99	0.12501	-0.039191	-0.19996	-0.23219	-0.31626	-0.41477	-0.49601	-0.58837	-0.71281	-0.87562	-0.96766	-1.2671	-1.5122	-1.8106	-1.7378	-2.2279	-2.5317	-2.3111	-2.1355	-2.787	-2.3478	-0.74553	1.1252	0.90239	0.67875	0.45355	0.28643	0.14169	0.074219	0.072405	9.204
966.68	0.11823	-0.040772	-0.19662	-0.24363	-0.31822	-0.41447	-0.49866	-0.58847	-0.73482	-0.88604	-0.98142	-1.2897	-1.5417	-1.8699	-1.7786	-2.2842	-2.6205	-2.424	-2.2747	-2.9315	-2.4805	-0.84559	1.1213	0.91477	0.68928	0.4736	0.28712	0.1529	0.073453	0.066854	9.454
968.75	0.1256	-0.039693	-0.20158	-0.24287	-0.32432	-0.43493	-0.51832	-0.60792	-0.75015	-0.90345	-1.0098	-1.3202	-1.573	-1.9398	-1.8202	-2.3461	-2.6949	-2.5398	-2.4343	-3.1065	-2.6498	-0.88663	1.1175	0.91202	0.70874	0.48932	0.30228	0.16529	0.088568	0.07085	9.782
968.06	0.11715	-0.046455	-0.20701	-0.24458	-0.33011	-0.43552	-0.52303	-0.61863	-0.75212	-0.92311	-1.0305	-1.3517	-1.6139	-2.0058	-1.895	-2.4301	-2.802	-2.6881	-2.6277	-3.3169	-2.8633	-0.97181	1.1117	0.93069	0.72851	0.49483	0.32354	0.18535	0.092961	0.069777	10.05
967.37	0.10604	-0.049656	-0.20272	-0.24964	-0.3367	-0.43661	-0.52569	-0.62	-0.77059	-0.94307	-1.0393	-1.3753	-1.6519	-2.0651	-1.9906	-2.5111	-2.9237	-2.8566	-2.8444	-3.5637	-3.0826	-1.0619	1.0962	0.93649	0.74001	0.52362	0.33653	0.18594	0.091575	0.069827	10.35
967.37	0.12442	-0.036842	-0.19472	-0.24611	-0.33247	-0.44192	-0.53207	-0.61814	-0.78101	-0.94858	-1.0629	-1.4029	-1.6813	-2.1197	-2.0985	-2.6056	-3.0415	-3.0365	-3.092	-3.8238	-3.3365	-1.0696	1.0962	0.94248	0.76312	0.54348	0.35691	0.206	0.10683	0.068744	10.75
967.37	0.11774	-0.04422	-0.20301	-0.24287	-0.32835	-0.44271	-0.53817	-0.64171	-0.78357	-0.95773	-1.0846	-1.4344	-1.7222	-2.1494	-2.231	-2.6933	-3.1438	-3.1848	-3.2893	-4.0505	-3.5683	-1.1912	1.0769	0.94533	0.7816	0.54839	0.37049	0.21819	0.11381	0.072592	11.08
967.37	0.1087	-0.047923	-0.20177	-0.24277	-0.33984	-0.43838	-0.54131	-0.63945	-0.78681	-0.97493	-1.0934	-1.455	-1.7535	-2.1915	-2.3285	-2.7696	-3.251	-3.3398	-3.4943	-4.28	-3.7703	-1.2252	1.0615	0.95251	0.80206	0.58082	0.39333	0.22743	0.12206	0.074768	11.39
966.68	0.10928	-0.04243	-0.19129	-0.23953	-0.33031	-0.44723	-0.54121	-0.64112	-0.80597	-0.98821	-1.119	-1.4845	-1.7858	-2.2393	-2.4108	-2.8545	-3.3746	-3.5207	-3.7351	-4.5344	-4.0281	-1.3594	1.0451	0.94327	0.80687	0.58839	0.40435	0.24326	0.131	0.07402	11.78
968.06	0.10014	-0.052867	-0.20339	-0.23877	-0.3308	-0.44457	-0.54849	-0.65959	-0.80489	-0.99509	-1.1406	-1.516	-1.8247	-2.2786	-2.4582	-2.9622	-3.5069	-3.714	-3.9943	-4.8051	-4.3157	-1.5092	1.0142	0.94288	0.82782	0.60234	0.42483	0.26873	0.13946	0.077465	12.16
968.06	0.097924	-0.047146	-0.18976	-0.2381	-0.33758	-0.44113	-0.55379	-0.66705	-0.82052	-1.0216	-1.1514	-1.5436	-1.8684	-2.3302	-2.5396	-3.0462	-3.6556	-3.9245	-4.2709	-5.1188	-4.6061	-1.6074	0.97849	0.94248	0.8407	0.62328	0.44087	0.25949	0.14712	0.078016	12.5
965.3	0.089718	-0.046209	-0.17995	-0.23439	-0.33326	-0.44753	-0.55252	-0.66568	-0.8331	-1.0325	-1.1839	-1.5809	-1.9093	-2.4049	-2.602	-3.1568	-3.8371	-4.1762	-4.5978	-5.4784	-4.9514	-1.7989	0.95649	0.93718	0.85437	0.64559	0.46016	0.28377	0.15774	0.070004	12.92
966.68	0.08732	-0.052232	-0.18976	-0.24335	-0.32884	-0.44821	-0.56313	-0.67697	-0.84932	-1.0423	-1.2075	-1.6144	-1.9511	-2.4518	-2.6475	-3.2808	-4.0138	-4.4059	-4.8851	-5.7682	-5.264	-2.007	0.89898	0.91585	0.86882	0.65787	0.46951	0.2999	0.16226	0.072346	13.33
968.06	0.065767	-0.062054	-0.18862	-0.23267	-0.33866	-0.44271	-0.56578	-0.68257	-0.8499	-1.0639	-1.2291	-1.6459	-1.991	-2.491	-2.7128	-3.3638	-4.2494	-4.6652	-5.1733	-6.0973	-5.5833	-2.2034	0.85411	0.90337	0.87521	0.67468	0.49225	0.30147	0.16923	0.069512	13.67
965.3	0.060568	-0.061703	-0.18281	-0.22714	-0.33139	-0.44575	-0.56313	-0.68739	-0.85777	-1.0787	-1.2439	-1.6764	-2.0356	-2.5647	-2.7734	-3.4649	-4.4184	-4.8863	-5.4518	-6.409	-5.8719	-2.4125	0.81937	0.89551	0.88062	0.68775	0.50839	0.32281	0.17415	0.061165	14.06
965.99	0.051576	-0.0682	-0.18719	-0.23801	-0.3255	-0.45008	-0.57522	-0.70055	-0.87762	-1.0865	-1.2635	-1.7059	-2.0736	-2.6202	-2.8339	-3.5822	-4.5458	-5.1236	-5.8029	-6.7763	-6.2605	-2.6994	0.75442	0.87251	0.90314	0.70652	0.52168	0.3353	0.18496	0.065801	14.51
966.68	0.057365	-0.06802	-0.19243	-0.23562	-0.331	-0.44949	-0.57492	-0.69858	-0.87782	-1.1042	-1.2901	-1.7393	-2.1135	-2.6709	-2.9097	-3.6833	-4.6984	-5.3791	-6.1665	-7.1579	-6.6625	-2.9629	0.68466	0.84971	0.91169	0.72175	0.54727	0.34828	0.20088	0.06962	14.9
