12291	13	6	83	24	760	1	14	8	3.131	127	4064	10	0	0	0	0	397.61	444.46	9.9248e+005	0.079167	0.19777	27.355	0	0	1	0	0	0	1	0	0
429.56	0.1481	-0.044977	-0.23406	-0.27099	-0.40412	-0.53125	-0.66789	-0.78542	-0.97177	-1.1839	-1.4769	-1.8121	-2.0727	-2.7159	-3.1917	-3.4286	-4.4329	-4.7437	-5.1491	-6.4454	-5.8036	-2.7256	0.84938	1.2049	0.90294	0.68863	0.51932	0.31189	0.24412	0.12058	14.77
429.83	0.14093	-0.12284	-0.38381	-0.2686	-0.41257	-0.52839	-0.67163	-0.78483	-0.98867	-1.1839	-1.4936	-1.8358	-2.1021	-2.7628	-3.2533	-3.5173	-4.5864	-4.96	-5.4305	-6.7515	-6.096	-2.9181	0.78511	1.1911	0.8935	0.72185	0.53713	0.31612	0.2398	0.10316	15.17
430.59	0.13267	-0.13354	-0.39725	-0.26022	-0.40874	-0.52918	-0.68568	-0.80152	-0.98966	-1.2163	-1.5182	-1.8692	-2.142	-2.7848	-3.2959	-3.6213	-4.8432	-5.2299	-5.7197	-7.0336	-6.399	-3.1321	0.73831	1.1489	0.89911	0.71104	0.54196	0.33746	0.25002	0.10483	15.51
430.04	0.12275	-0.1468	-0.41439	-0.26346	-0.41483	-0.53154	-0.69158	-0.80359	-1.0073	-1.2291	-1.532	-1.8938	-2.1781	-2.8317	-3.3668	-3.6938	-5.0083	-5.4586	-6.0176	-7.4037	-6.75	-3.3635	0.66188	1.1351	0.90451	0.72755	0.56932	0.34454	0.26594	0.10562	15.9
428.46	0.12324	-0.14737	-0.41601	-0.27394	-0.41001	-0.54295	-0.69757	-0.82353	-1.0191	-1.233	-1.5615	-1.9351	-2.2294	-2.935	-3.4284	-3.8091	-5.215	-5.738	-6.3745	-7.7777	-7.1165	-3.6319	0.60553	1.1076	0.91071	0.74603	0.58103	0.35899	0.26614	0.096068	16.28
429.63	0.10781	-0.15655	-0.41944	-0.26727	-0.41915	-0.53282	-0.69728	-0.83247	-1.0172	-1.2399	-1.5821	-1.9646	-2.2646	-2.9781	-3.4842	-3.8702	-5.3704	-5.9552	-6.6588	-8.1058	-7.4329	-3.8798	0.53576	1.0761	0.91779	0.74996	0.58792	0.37453	0.28166	0.10512	16.62
429.77	0.10368	-0.16479	-0.43211	-0.27594	-0.40392	-0.52161	-0.68617	-0.82323	-1.0329	-1.2704	-1.59	-1.9823	-2.293	-3.0527	-3.5609	-3.9608	-5.4882	-6.1686	-6.9722	-8.4654	-7.7705	-4.1473	0.46136	1.0476	0.91051	0.77629	0.59255	0.37768	0.28166	0.096393	17.02
430.04	0.092587	-0.16603	-0.42373	-0.26193	-0.41316	-0.53489	-0.69581	-0.83728	-1.0319	-1.2793	-1.6214	-2.0138	-2.3234	-3.0776	-3.5751	-4.0619	-5.6784	-6.4289	-7.3068	-8.8183	-8.1379	-4.4224	0.38059	1.0132	0.91602	0.77335	0.60741	0.39065	0.28795	0.094473	17.37
429.77	0.083595	-0.17455	-0.43211	-0.26003	-0.4111	-0.52505	-0.68018	-0.82667	-1.0329	-1.2881	-1.6293	-2.0394	-2.3652	-3.1082	-3.6612	-4.1458	-5.8445	-6.6644	-7.6163	-9.1798	-8.5073	-4.6996	0.30156	0.98572	0.91405	0.77993	0.63271	0.38102	0.30043	0.095153	17.7
429.21	0.089747	-0.17578	-0.44069	-0.2647	-0.40923	-0.52229	-0.69207	-0.83669	-1.0408	-1.2891	-1.649	-2.063	-2.3909	-3.1389	-3.7152	-4.2564	-5.9758	-6.8883	-7.9383	-9.5385	-8.8526	-4.9981	0.22446	0.94405	0.91071	0.78809	0.64009	0.40127	0.29758	0.09155	18.09
428.73	0.067654	-0.18771	-0.44316	-0.26355	-0.40087	-0.51265	-0.70465	-0.84101	-1.0398	-1.3019	-1.6618	-2.0866	-2.4241	-3.1838	-3.7843	-4.3709	-6.0878	-7.1074	-8.2672	-9.8608	-9.2094	-5.318	0.14214	0.90799	0.92762	0.79261	0.6399	0.41602	0.31596	0.092278	18.38
428.25	0.061679	-0.19453	-0.45116	-0.26165	-0.40697	-0.50547	-0.68352	-0.84317	-1.0427	-1.3058	-1.6627	-2.0955	-2.4393	-3.2307	-3.8477	-4.4224	-6.2317	-7.3275	-8.5689	-10.196	-9.5316	-5.5845	0.053335	0.88067	0.9111	0.80568	0.66273	0.41652	0.3024	0.099808	18.7
428.11	0.046534	-0.2022	-0.45193	-0.26174	-0.40382	-0.5099	-0.69128	-0.83315	-1.0467	-1.3088	-1.6765	-2.1112	-2.4564	-3.2441	-3.8676	-4.512	-6.3224	-7.5074	-8.8407	-10.454	-9.8298	-5.8606	-0.030619	0.83035	0.91218	0.81679	0.66578	0.42654	0.30653	0.081865	19.03
428.52	0.026309	-0.20874	-0.44545	-0.2585	-0.40028	-0.50606	-0.68637	-0.83806	-1.0339	-1.3137	-1.6903	-2.1201	-2.4621	-3.2422	-3.9083	-4.5712	-6.4315	-7.6625	-9.0457	-10.702	-10.109	-6.0862	-0.11445	0.79674	0.91395	0.80145	0.68616	0.43716	0.32599	0.097909	19.26
427.42	0.042574	-0.20116	-0.44593	-0.27823	-0.38849	-0.50478	-0.67802	-0.82215	-1.0368	-1.3274	-1.6952	-2.1309	-2.4764	-3.2757	-3.9546	-4.6046	-6.5349	-7.8319	-9.2856	-10.97	-10.368	-6.3167	-0.18315	0.78013	0.90314	0.81452	0.68704	0.43058	0.31773	0.088843	19.55
427.63	0.042544	-0.20003	-0.44373	-0.27003	-0.3995	-0.51393	-0.68362	-0.82176	-1.0712	-1.3206	-1.7188	-2.1417	-2.4745	-3.292	-3.966	-4.6942	-6.6459	-8.0099	-9.5332	-11.2	-10.58	-6.5491	-0.25707	0.74426	0.89557	0.82868	0.68478	0.447	0.31596	0.080713	19.81
428.66	0.010162	-0.22778	-0.46812	-0.27156	-0.41699	-0.49052	-0.66426	-0.84347	-1.0732	-1.3412	-1.7149	-2.1417	-2.4792	-3.3083	-3.9887	-4.7457	-6.7299	-8.1467	-9.7295	-11.382	-10.772	-6.7455	-0.33601	0.7017	0.89694	0.81944	0.68891	0.45585	0.33002	0.089828	20.01
426.25	0.011233	-0.23156	-0.47679	-0.2768	-0.40481	-0.49406	-0.69089	-0.85152	-1.0938	-1.3628	-1.7316	-2.1496	-2.4792	-3.3571	-4.0465	-4.802	-6.8805	-8.3515	-9.9906	-11.611	-11.013	-6.9779	-0.41205	0.67979	0.88505	0.83123	0.70427	0.43618	0.31616	0.078469	20.25
427.49	-0.0080263	-0.24018	-0.47546	-0.29129	-0.39724	-0.52357	-0.69404	-0.88079	-1.0693	-1.3648	-1.7591	-2.1574	-2.4669	-3.3504	-4.019	-4.8401	-6.894	-8.451	-10.174	-11.755	-11.205	-7.1685	-0.46551	0.6334	0.88426	0.83123	0.69748	0.45919	0.31773	0.071411	20.43
426.39	-0.033405	-0.26282	-0.49622	-0.28919	-0.42161	-0.50773	-0.71202	-0.87853	-1.1066	-1.4228	-1.7591	-2.1486	-2.4498	-3.3685	-4.0313	-4.8754	-6.9655	-8.5802	-10.368	-11.955	-11.407	-7.3474	-0.54406	0.61551	0.88485	0.82131	0.70693	0.45486	0.32265	0.070968	20.6
426.8	-0.040471	-0.26263	-0.48908	-0.29691	-0.40589	-0.5339	-0.68411	-0.88335	-1.1734	-1.4336	-1.8063	-2.1486	-2.4051	-3.335	-4.0077	-4.8668	-7.0369	-8.6874	-10.513	-12.118	-11.523	-7.5253	-0.62782	0.59261	0.87511	0.83624	0.70338	0.45004	0.31744	0.062188	20.78
427.21	-0.053591	-0.26831	-0.48794	-0.2952	-0.45129	-0.49809	-0.67576	-0.9471	-1.1725	-1.5084	-1.8299	-2.1397	-2.3652	-3.2508	-3.9878	-4.8401	-7.0341	-8.7506	-10.639	-12.223	-11.628	-7.6352	-0.68562	0.56539	0.88495	0.83064	0.70368	0.4529	0.3196	0.06462	20.89
425.7	-0.057846	-0.27532	-0.49775	-0.3095	-0.42957	-0.51118	-0.7132	-0.94022	-1.2236	-1.5959	-1.8909	-2.1338	-2.2949	-3.2097	-3.9878	-4.8306	-7.0736	-8.8376	-10.774	-12.357	-11.725	-7.7694	-0.75365	0.55144	0.86587	0.8385	0.73035	0.44011	0.3141	0.062976	21.02
425.08	-0.058947	-0.27854	-0.50327	-0.30625	-0.41807	-0.50242	-0.68352	-0.97234	-1.3474	-1.6932	-1.9813	-2.1486	-2.2342	-3.1102	-3.8997	-4.7934	-7.0601	-8.8788	-10.871	-12.405	-11.821	-7.9182	-0.79949	0.52539	0.86803	0.84332	0.71982	0.45299	0.31203	0.056814	21.14
425.84	-0.077118	-0.29426	-0.51709	-0.3115	-0.43498	-0.48245	-0.65915	-1.0667	-1.3975	-1.826	-2.0462	-2.1565	-2.1876	-2.9465	-3.7644	-4.7028	-6.9964	-8.8453	-10.871	-12.395	-11.821	-7.9396	-0.81879	0.50839	0.88328	0.8332	0.71933	0.46538	0.31645	0.056076	21.17
424.04	-0.064195	-0.29313	-0.52757	-0.2849	-0.37709	-0.45864	-0.71762	-1.0579	-1.5931	-1.9685	-2.1672	-2.2057	-2.1648	-2.7752	-3.6016	-4.5721	-6.8815	-8.7754	-10.842	-12.376	-11.792	-7.9474	-0.84127	0.5249	0.8817	0.8503	0.7399	0.45516	0.30368	0.050682	21.27
425.84	-0.094386	-0.31197	-0.53604	-0.2301	-0.33198	-0.51865	-0.70259	-1.1384	-1.7533	-2.0305	-2.2419	-2.2362	-2.1515	-2.5695	-3.3337	-4.3203	-6.6922	-8.5917	-10.658	-12.128	-11.58	-7.8501	-0.81937	0.52972	0.88593	0.86003	0.71067	0.45545	0.30073	0.035484	21.29
424.32	-0.10693	-0.32002	-0.54005	-0.18892	-0.4107	-0.43238	-0.63586	-1.2985	-1.8742	-2.1996	-2.2645	-2.2548	-2.1658	-2.4556	-3.0782	-4.04	-6.4402	-8.362	-10.455	-11.927	-11.369	-7.7101	-0.7882	0.55134	0.88554	0.84843	0.73547	0.45044	0.30102	0.038112	21.3
423.63	-0.070377	-0.28631	-0.50766	-0.24306	-0.31596	-0.41752	-0.71497	-1.5245	-2.0147	-2.2281	-2.3265	-2.2873	-2.1696	-2.2939	-2.8311	-3.6308	-6.1766	-8.0788	-10.145	-11.582	-11.051	-7.5292	-0.71669	0.58092	0.90225	0.87801	0.73478	0.4467	0.29405	0.017471	21.34
424.53	-0.056981	-0.26509	-0.47812	-0.16156	-0.24668	-0.45461	-0.93393	-1.6414	-2.1503	-2.3078	-2.3088	-2.2637	-2.142	-2.1857	-2.638	-3.2417	-5.7933	-7.6768	-9.7101	-11.095	-10.59	-7.2424	-0.63805	0.61551	0.91277	0.86268	0.73134	0.45358	0.29916	0.029332	21.3
423.08	-0.040825	-0.25136	-0.46612	-0.12963	-0.27989	-0.50124	-1.1282	-1.8388	-2.1749	-2.3619	-2.3825	-2.3021	-2.143	-2.1111	-2.4468	-2.9193	-5.3096	-7.1945	-9.2246	-10.616	-10.07	-6.9157	-0.53441	0.66151	0.93736	0.86072	0.74344	0.46175	0.30102	0.0376	21.26
422.46	0.003139	-0.20476	-0.41506	-0.1261	-0.35812	-0.70341	-1.3729	-1.9734	-2.2948	-2.3314	-2.4179	-2.3021	-2.1097	-2.0039	-2.2348	-2.6275	-4.8239	-6.6969	-8.7053	-10.014	-9.5018	-6.6337	-0.4685	0.7021	0.93421	0.88155	0.72996	0.45457	0.28569	0.02318	21.25
423.08	0.033798	-0.16943	-0.37362	-0.089732	-0.37631	-0.92004	-1.6009	-2.1472	-2.3655	-2.3992	-2.3796	-2.2529	-2.0518	-1.8776	-2.0777	-2.4072	-4.4039	-6.1438	-8.007	-9.242	-8.7102	-6.2009	-0.34353	0.74416	0.96322	0.86681	0.7338	0.45063	0.28943	0.04388	21.13
420.94	0.10486	-0.13136	-0.3659	-0.13173	-0.48235	-1.0891	-1.8152	-2.2759	-2.3754	-2.3845	-2.3314	-2.1732	-1.9454	-1.7005	-1.9167	-2.3194	-4.4821	-5.6768	-6.9857	-8.1737	-7.6541	-5.5903	-0.16308	0.83359	0.97541	0.87742	0.75112	0.44395	0.29257	0.059895	21.07
421.97	0.18968	-0.081933	-0.34866	-0.16252	-0.6103	-1.4058	-2.052	-2.4065	-2.3852	-2.2911	-2.2783	-2.0227	-1.706	-1.7857	-2.1203	-2.4711	-4.3208	-5.0413	-5.8609	-7.0173	-6.3278	-4.8542	0.0026315	0.9243	0.98622	0.89492	0.73183	0.45181	0.27931	0.060377	20.97
421.97	0.1938	-0.071487	-0.33161	-0.22552	-0.82308	-1.577	-2.1611	-2.4409	-2.4049	-2.234	-1.9735	-1.8358	-1.6376	-2.0116	-2.3843	-2.6418	-3.7415	-4.1638	-4.6694	-5.7644	-5.2794	-4.1366	0.19145	0.98671	1.0138	0.87654	0.7338	0.45408	0.29513	0.091245	20.82
421.56	0.24324	-0.048842	-0.33399	-0.35105	-1.1115	-1.8682	-2.282	-2.4399	-2.3262	-2.0216	-1.7807	-1.9056	-1.9596	-2.2805	-2.5225	-2.4444	-3.2655	-3.5542	-3.9121	-4.895	-4.4801	-3.6124	0.34556	1.0545	1.0236	0.88715	0.72671	0.43205	0.28048	0.10522	20.68
421.97	0.22663	-0.062792	-0.34599	-0.58916	-1.3582	-2.0315	-2.3164	-2.2995	-2.0855	-1.8073	-1.8211	-2.004	-2.1107	-2.3015	-2.3947	-2.3757	-3.4712	-3.2011	-2.9943	-3.8047	-3.5616	-3.0416	0.48635	1.1145	1.0295	0.88872	0.70653	0.42045	0.27184	0.10699	20.5
420.73	0.18309	-0.1145	-0.40782	-0.79447	-1.6118	-2.1073	-2.226	-2.0686	-1.8624	-1.7237	-1.8653	-2.0817	-2.219	-2.2853	-2.462	-2.7667	-3.2858	-2.6594	-2.0842	-2.8846	-2.6989	-2.4961	0.60765	1.1636	1.0403	0.86062	0.70958	0.41494	0.26928	0.1067	20.28
419.91	0.13808	-0.17682	-0.48946	-1.0228	-1.71	-2.0719	-2.1041	-1.939	-1.768	-1.6903	-1.8889	-2.1083	-2.2465	-2.425	-2.5888	-2.6904	-2.9053	-2.2546	-1.6461	-2.48	-2.2381	-2.1801	0.70598	1.2177	1.0177	0.86848	0.68458	0.38092	0.24383	0.07649	20.11
421.35	0.011361	-0.30222	-0.61892	-1.2372	-1.7906	-1.9823	-1.9891	-1.8967	-1.7425	-1.7542	-1.9459	-2.1014	-2.1772	-2.247	-2.4856	-2.4224	-2.6765	-2.1015	-1.5668	-2.37	-2.1381	-2.0615	0.77421	1.2118	1.0177	0.85315	0.65988	0.38072	0.23213	0.049737	19.85
419.7	-0.12255	-0.42619	-0.73857	-1.3964	-1.8427	-1.941	-1.8899	-1.7975	-1.7346	-1.8761	-1.9676	-1.9991	-1.9606	-2.0604	-2.1373	-2.0963	-2.4129	-1.9398	-1.5039	-2.2773	-2.0833	-1.9224	0.80856	1.255	1.0226	0.83428	0.64875	0.35182	0.20452	0.0094021	19.61
420.25	-0.25926	-0.56002	-0.87537	-1.5003	-1.9203	-1.8633	-1.7945	-1.6639	-1.657	-1.7227	-1.8515	-1.879	-1.8409	-1.8374	-1.9082	-1.8187	-2.2478	-1.7943	-1.3753	-2.1692	-1.9131	-1.8106	0.87138	1.2658	0.99802	0.8271	0.62553	0.33009	0.18339	-0.05892	19.43
420.11	-0.41277	-0.69469	-0.9974	-1.5813	-1.8751	-1.8131	-1.6796	-1.6237	-1.5656	-1.5929	-1.649	-1.7206	-1.7298	-1.6403	-1.6697	-1.6681	-1.9929	-1.4852	-1.0058	-1.8335	-1.588	-1.5908	0.94308	1.2835	1.0029	0.80637	0.60417	0.31445	0.16334	-0.12343	19.13
418.39	-0.55605	-0.811	-1.0927	-1.5794	-1.8113	-1.763	-1.6599	-1.5569	-1.5321	-1.5044	-1.6657	-1.7177	-1.7079	-1.6355	-1.6271	-1.4697	-1.7631	-1.2584	-0.777	-1.5647	-1.3514	-1.4236	0.99683	1.312	0.98917	0.78003	0.59009	0.28525	0.11272	-0.19962	18.91
418.73	-0.71477	-0.9202	-1.1584	-1.5384	-1.7415	-1.6862	-1.599	-1.5137	-1.4466	-1.3835	-1.6795	-1.6223	-1.5103	-1.4632	-1.417	-1.2179	-1.5314	-1.0613	-0.61191	-1.3945	-1.1715	-1.304	1.0538	1.3199	0.95535	0.77079	0.54747	0.24779	0.067251	-0.30986	18.67
419.42	-0.85482	-1.0049	-1.1927	-1.4936	-1.6796	-1.5967	-1.5194	-1.441	-1.3503	-1.3274	-1.5172	-1.4639	-1.3622	-1.2565	-1.3611	-1.0825	-1.3894	-0.94243	-0.51346	-1.296	-1.0455	-1.1785	1.0673	1.3209	0.95633	0.7361	0.51725	0.22596	0.038623	-0.4076	18.35
418.73	-0.98376	-1.0607	-1.1813	-1.4355	-1.6059	-1.519	-1.4565	-1.3447	-1.2894	-1.3235	-1.4258	-1.3409	-1.2111	-1.0718	-1.1624	-0.92406	-1.2195	-0.78673	-0.36858	-1.1774	-0.89901	-1.0667	1.0972	1.3307	0.9291	0.71143	0.49166	0.18132	-0.018447	-0.51558	18.13
419.42	-1.1046	-1.1053	-1.1517	-1.4155	-1.542	-1.4865	-1.4368	-1.3084	-1.1941	-1.2389	-1.3333	-1.2229	-1.0743	-1.0173	-1.1217	-0.85281	-1.0708	-0.62567	-0.19188	-0.99947	-0.67962	-0.90685	1.1483	1.3169	0.91218	0.67812	0.45268	0.13933	-0.050289	-0.5895	17.84
417.77	-1.1194	-1.092	-1.1117	-1.3573	-1.5253	-1.4029	-1.3857	-1.2583	-1.1951	-1.236	-1.2763	-1.1461	-0.98029	-1.0039	-1.0213	-0.69936	-0.97521	-0.51236	-0.059325	-0.88766	-0.57757	-0.79231	1.1503	1.3307	0.8877	0.64106	0.43083	0.10256	-0.085855	-0.62297	17.53
417.97	-1.2029	-1.1318	-1.1108	-1.2973	-1.485	-1.3901	-1.3484	-1.221	-1.2088	-1.179	-1.2507	-1.1186	-0.9518	-0.81611	-0.87394	-0.65044	-0.95107	-0.50011	-0.058309	-0.8803	-0.56603	-0.74787	1.184	1.3238	0.85918	0.62721	0.38457	0.066351	-0.1313	-0.67031	17.28
419.28	-1.2717	-1.1659	-1.1136	-1.1724	-1.3926	-1.3271	-1.2776	-1.2485	-1.2589	-1.1347	-1.1514	-1.0182	-0.85367	-0.73505	-0.89126	-0.63222	-0.87653	-0.45093	-0.033531	-0.83544	-0.55478	-0.67698	1.186	1.2943	0.82752	0.59183	0.34421	0.054877	-0.14516	-0.68537	16.94
416.46	-1.2442	-1.146	-1.0993	-1.16	-1.3395	-1.2642	-1.1803	-1.1984	-1.2334	-1.176	-1.0561	-0.93116	-0.77768	-0.73189	-0.86618	-0.58711	-0.84409	-0.42078	-0.005033	-0.85792	-0.55487	-0.60298	1.1725	1.3071	0.80599	0.54367	0.33466	0.0030953	-0.17572	-0.67346	16.65
416.87	-1.1361	-1.0835	-1.0774	-1.0923	-1.1911	-1.2189	-1.1636	-1.1856	-1.2265	-1.1416	-1.0698	-0.92093	-0.7451	-0.68146	-0.83409	-0.52311	-0.83578	-0.43083	-0.033724	-0.88661	-0.57411	-0.5882	1.185	1.2815	0.76882	0.53817	0.29893	-0.02409	-0.19656	-0.66578	16.36
417.56	-0.9756	-0.98782	-1.0412	-1.0285	-1.1105	-1.0861	-1.1213	-1.1561	-1.1155	-1.0561	-1.06	-0.89977	-0.71375	-0.60213	-0.78241	-0.51997	-0.8494	-0.45274	-0.064296	-0.90086	-0.64009	-0.55728	1.1802	1.2521	0.74945	0.49876	0.2572	-0.044405	-0.21228	-0.64748	15.97
414.94	-0.95998	-0.98308	-1.0479	-0.99797	-1.0614	-1.0251	-1.0506	-1.0432	-1.0024	-0.98064	-1.0384	-0.87075	-0.67832	-0.59839	-0.75894	-0.52178	-0.85683	-0.48767	-0.12737	-1.0109	-0.71828	-0.53151	1.1696	1.2629	0.72408	0.45581	0.23111	-0.086803	-0.23655	-0.6273	15.64
417.77	-0.80951	-0.87256	-0.97073	-0.87263	-0.99654	-0.99756	-0.99457	-0.96959	-0.95998	-0.98624	-1.0433	-0.86387	-0.66065	-0.57198	-0.70413	-0.4719	-0.86262	-0.54088	-0.22912	-1.1056	-0.79725	-0.48202	1.185	1.2344	0.6938	0.45768	0.19519	-0.089596	-0.24412	-0.60072	15.28
416.87	-0.74907	-0.82804	-0.93967	-0.85805	-0.95811	-0.95939	-0.93894	-0.88354	-0.93482	-0.9531	-0.97955	-0.82668	-0.6502	-0.52423	-0.70337	-0.46179	-0.88029	-0.60471	-0.34053	-1.2223	-0.87371	-0.45489	1.1638	1.2255	0.68347	0.42014	0.17885	-0.12153	-0.24216	-0.56125	14.86
415.98	-0.68106	-0.75853	-0.86565	-0.80133	-0.89678	-0.93676	-0.93924	-0.88551	-0.89098	-0.94288	-0.92833	-0.78624	-0.62142	-0.51648	-0.69675	-0.41038	-0.92548	-0.67313	-0.43347	-1.339	-0.93998	-0.47093	1.158	1.2157	0.65044	0.39989	0.16349	-0.13884	-0.26132	-0.53753	14.51
416.04	-0.61846	-0.71657	-0.84193	-0.72527	-0.88086	-0.92683	-0.88755	-0.88295	-0.85708	-0.8535	-0.90551	-0.7827	-0.63662	-0.44432	-0.641	-0.42727	-1.0129	-0.75869	-0.51868	-1.3801	-0.98971	-0.46373	1.158	1.197	0.63579	0.39114	0.13485	-0.14444	-0.25877	-0.50229	14.09
417.15	-0.53492	-0.65908	-0.80726	-0.67018	-0.76932	-0.81969	-0.82514	-0.8087	-0.7986	-0.83442	-0.87336	-0.72712	-0.56053	-0.43418	-0.64961	-0.43566	-1.1529	-0.84625	-0.55582	-1.4452	-1.0416	-0.43242	1.1589	1.1833	0.62133	0.36648	0.11487	-0.14857	-0.26388	-0.47158	13.66
416.04	-0.50308	-0.63692	-0.79354	-0.62614	-0.6676	-0.74345	-0.76981	-0.81203	-0.78868	-0.77749	-0.77719	-0.64979	-0.50401	-0.45447	-0.69315	-0.49155	-1.2581	-0.93659	-0.63271	-1.5112	-1.0897	-0.42746	1.1445	1.1783	0.58475	0.35252	0.10237	-0.18535	-0.27144	-0.44353	13.31
417.49	-0.43095	-0.58805	-0.76534	-0.59707	-0.69325	-0.72771	-0.78278	-0.81852	-0.72834	-0.67454	-0.69971	-0.60424	-0.49091	-0.49112	-0.6994	-0.67189	-1.3132	-0.98855	-0.6829	-1.5265	-1.1398	-0.41803	1.1425	1.1548	0.58918	0.34387	0.082327	-0.16204	-0.25444	-0.40435	12.85
416.73	-0.37247	-0.54723	-0.73972	-0.56361	-0.66642	-0.72368	-0.78593	-0.73866	-0.6621	-0.60335	-0.63412	-0.54659	-0.44284	-0.50911	-0.89732	-0.92835	-1.401	-1.0402	-0.69886	-1.5657	-1.1753	-0.39401	1.1435	1.1577	0.57286	0.31586	0.077553	-0.17591	-0.24393	-0.3636	12.49
416.94	-0.32461	-0.49542	-0.68208	-0.54531	-0.65875	-0.72948	-0.78032	-0.66519	-0.58721	-0.52645	-0.58152	-0.51246	-0.42783	-0.62146	-1.0772	-1.0529	-1.5121	-1.1101	-0.72826	-1.5752	-1.1725	-0.39119	1.1532	1.1449	0.54719	0.32441	0.061765	-0.18604	-0.24638	-0.345	12.11
417.7	-0.25778	-0.45138	-0.65817	-0.53235	-0.71831	-0.73873	-0.72244	-0.59574	-0.51173	-0.49912	-0.51839	-0.49081	-0.44702	-0.75764	-1.2352	-1.1244	-1.5874	-1.1426	-0.72004	-1.5437	-1.1782	-0.36231	1.1377	1.1292	0.55172	0.28166	0.053802	-0.17217	-0.22741	-0.29726	11.71
417.7	-0.23705	-0.44144	-0.65817	-0.55932	-0.70436	-0.71502	-0.60254	-0.51814	-0.4565	-0.40148	-0.47886	-0.47891	-0.46231	-0.92214	-1.3829	-1.1387	-1.6521	-1.1627	-0.69538	-1.536	-1.1513	-0.33674	1.1339	1.1341	0.52182	0.2966	0.056755	-0.18348	-0.23754	-0.27816	11.35
418.6	-0.19518	-0.40441	-0.62445	-0.51328	-0.64391	-0.64074	-0.54495	-0.46039	-0.36038	-0.37345	-0.46972	-0.50134	-0.51446	-1.0622	-1.3365	-1.1759	-1.6801	-1.1704	-0.683	-1.4968	-1.1244	-0.27703	1.1512	1.1115	0.52241	0.27989	0.04389	-0.16725	-0.22181	-0.24962	10.97
418.11	-0.20265	-0.40327	-0.61483	-0.50871	-0.60696	-0.51511	-0.46662	-0.36727	-0.35203	-0.3528	-0.4298	-0.5161	-0.58143	-1.1455	-1.275	-1.2093	-1.6965	-1.1551	-0.63454	-1.47	-1.0907	-0.2254	1.1464	1.1105	0.52674	0.26535	0.041981	-0.17768	-0.20196	-0.23978	10.56
416.94	-0.18044	-0.40062	-0.63102	-0.45161	-0.46977	-0.41181	-0.39046	-0.31609	-0.37542	-0.29469	-0.412	-0.5401	-0.64488	-1.2402	-1.239	-1.2332	-1.7139	-1.1407	-0.5887	-1.4203	-1.033	-0.21188	1.1503	1.1125	0.49636	0.2797	0.031271	-0.194	-0.21179	-0.24421	10.22
418.6	-0.16933	-0.38821	-0.61683	-0.38642	-0.4163	-0.37778	-0.33945	-0.31599	-0.27164	-0.26982	-0.40502	-0.57719	-0.72335	-1.2355	-1.2201	-1.2541	-1.7013	-1.1072	-0.53425	-1.339	-0.96566	-0.15918	1.1396	1.082	0.49174	0.24894	0.02135	-0.17964	-0.19665	-0.24263	9.855
418.73	-0.17759	-0.38499	-0.60225	-0.37736	-0.36137	-0.34177	-0.30908	-0.26973	-0.20127	-0.27591	-0.39587	-0.59834	-0.77293	-1.1043	-1.2296	-1.2522	-1.682	-1.0622	-0.4622	-1.2883	-0.9094	-0.090501	1.131	1.0889	0.47708	0.23528	0.014479	-0.18525	-0.20334	-0.22226	9.483
418.32	-0.13022	-0.34768	-0.57329	-0.30368	-0.33306	-0.28599	-0.28943	-0.17749	-0.21906	-0.24985	-0.42055	-0.6251	-0.80086	-1.0584	-1.2371	-1.2494	-1.6656	-1.0249	-0.40243	-1.2118	-0.83399	-0.054493	1.1261	1.0614	0.46312	0.23793	0.014499	-0.19901	-0.20687	-0.21103	9.192
420.04	-0.072008	-0.32561	-0.5853	-0.21837	-0.29257	-0.26818	-0.20098	-0.19626	-0.22054	-0.25664	-0.47434	-0.67832	-0.85168	-1.0192	-1.2277	-1.2522	-1.6318	-0.97324	-0.33202	-1.1152	-0.76397	0.0018417	1.1097	1.0349	0.4585	0.22584	-0.0099808	-0.17905	-0.17503	-0.17983	8.809
419.22	-0.059772	-0.3043	-0.55414	-0.19864	-0.24648	-0.1759	-0.1884	-0.22671	-0.22103	-0.27994	-0.52193	-0.73135	-0.9082	-1.0211	-1.2409	-1.2475	-1.6125	-0.92625	-0.25687	-1.0521	-0.68462	0.052791	1.0962	1.0388	0.435	0.21641	0.0095724	-0.19066	-0.17955	-0.16182	8.506
420.32	-0.034918	-0.26301	-0.49518	-0.15727	-0.14476	-0.18239	-0.22673	-0.18467	-0.21877	-0.29754	-0.57326	-0.78585	-0.96414	-1.0182	-1.2371	-1.2313	-1.5932	-0.88673	-0.19633	-0.97556	-0.61345	0.10434	1.0914	1.0191	0.42035	0.21582	-0.0060682	-0.18004	-0.17493	-0.14932	8.221
421.15	-0.0071202	-0.22465	-0.44507	-0.11019	-0.14044	-0.20906	-0.21071	-0.20844	-0.21759	-0.35723	-0.61505	-0.83347	-1.0154	-1.0173	-1.2381	-1.2322	-1.5478	-0.82797	-0.1235	-0.8912	-0.54679	0.18368	1.0615	0.99162	0.42133	0.19449	-0.018721	-0.1763	-0.16039	-0.1251	7.86
420.11	0.02683	-0.20201	-0.4324	-0.079952	-0.1481	-0.18781	-0.18968	-0.15942	-0.23803	-0.4	-0.63176	-0.84104	-1.0135	-1.0249	-1.2343	-1.2103	-1.5198	-0.77898	-0.052119	-0.82406	-0.45619	0.23503	1.046	0.99162	0.39537	0.18889	-0.0090015	-0.18574	-0.15066	-0.10256	7.607
421.7	0.062632	-0.17616	-0.41516	-0.061127	-0.1825	-0.16095	-0.1769	-0.15078	-0.27046	-0.42911	-0.66687	-0.85668	-1.0097	-1.0287	-1.2239	-1.1969	-1.4889	-0.74357	-0.011819	-0.75788	-0.40694	0.25856	1.047	0.95919	0.38495	0.19312	-0.020641	-0.16834	-0.13258	-0.082042	7.338
422.87	0.095182	-0.1504	-0.39486	-0.10752	-0.18761	-0.14403	-0.15665	-0.16865	-0.30849	-0.46431	-0.67473	-0.85973	-1.0088	-1.0297	-1.2191	-1.1864	-1.4599	-0.70041	0.046742	-0.70135	-0.36289	0.30047	1.021	0.9474	0.38112	0.18515	-0.017668	-0.16332	-0.12639	-0.054777	7.034
421.28	0.11096	-0.13581	-0.38067	-0.1161	-0.12088	-0.11845	-0.16157	-0.2049	-0.3422	-0.48358	-0.68722	-0.86505	-1.0069	-1.0364	-1.2239	-1.1769	-1.4532	-0.67735	0.086095	-0.6739	-0.31374	0.31914	1.021	0.94926	0.36912	0.17847	-0.0119	-0.16735	-0.11607	-0.039215	6.829
424.25	0.11223	-0.12985	-0.36991	-0.11524	-0.12	-0.12888	-0.18614	-0.24115	-0.37768	-0.49833	-0.70895	-0.87843	-1.0116	-1.0316	-1.2078	-1.1664	-1.4174	-0.6406	0.12534	-0.61996	-0.28095	0.33518	1.0094	0.92381	0.3763	0.17975	-0.028259	-0.13727	-0.10201	-0.020769	6.588
423.22	0.1595	-0.11933	-0.39458	-0.081582	-0.11548	-0.11619	-0.20206	-0.27258	-0.40382	-0.53255	-0.71249	-0.88049	-1.0116	-1.0402	-1.2201	-1.1559	-1.402	-0.61543	0.16074	-0.58361	-0.24536	0.36377	0.99297	0.9243	0.37364	0.16668	-0.0050583	-0.13864	-0.093904	0.0068134	6.379
423.9	0.16737	-0.11621	-0.39601	-0.078494	-0.091025	-0.14452	-0.23252	-0.2881	-0.44186	-0.54465	-0.73698	-0.89426	-1.0145	-1.046	-1.2182	-1.1473	-1.3952	-0.60241	0.17999	-0.56429	-0.20775	0.36756	0.9949	0.9129	0.3525	0.19449	-0.0098923	-0.13402	-0.081295	0.010562	6.234
424.11	0.14181	-0.11962	-0.3781	-0.065197	-0.1144	-0.15918	-0.26319	-0.321	-0.4566	-0.56697	-0.75084	-0.90577	-1.024	-1.0479	-1.2191	-1.1521	-1.3788	-0.58883	0.19053	-0.53885	-0.20948	0.37515	0.98332	0.91241	0.35683	0.17002	-0.016654	-0.11494	-0.072961	0.015572	6.062
423.01	0.13916	-0.11706	-0.37029	-0.069067	-0.12442	-0.17088	-0.27419	-0.33672	-0.45866	-0.59705	-0.74661	-0.9106	-1.0373	-1.0508	-1.2277	-1.1511	-1.3817	-0.58021	0.21151	-0.52958	-0.20352	0.39703	0.98911	0.91487	0.36489	0.17041	0.00075791	-0.12311	-0.063173	0.013731	5.953
424.73	0.17621	-0.10039	-0.37286	-0.06657	-0.1199	-0.21161	-0.30555	-0.36039	-0.48903	-0.58683	-0.77542	-0.92545	-1.0382	-1.0546	-1.2286	-1.153	-1.3894	-0.58978	0.20001	-0.53522	-0.19438	0.37894	0.992	0.90484	0.35359	0.18191	0.00075535	-0.10924	-0.059596	0.010542	5.891
425.35	0.18004	-0.091925	-0.35943	-0.063539	-0.14064	-0.22863	-0.3136	-0.38377	-0.49699	-0.60758	-0.77788	-0.93076	-1.0458	-1.0622	-1.2314	-1.1645	-1.3817	-0.58691	0.19778	-0.52479	-0.20237	0.38798	0.99104	0.90533	0.3647	0.1768	0.0055761	-0.10354	-0.047104	0.020523	5.781
424.87	0.20058	-0.077179	-0.34971	-0.070973	-0.14486	-0.25215	-0.33532	-0.37847	-0.50859	-0.6179	-0.78673	-0.93676	-1.0487	-1.0642	-1.2447	-1.155	-1.3981	-0.59447	0.19894	-0.54277	-0.19063	0.37884	0.99876	0.90995	0.35536	0.18309	0.0046174	-0.10364	-0.0422	0.034943	5.748
424.94	0.20972	-0.070729	-0.34561	-0.081249	-0.16579	-0.25903	-0.34889	-0.38976	-0.5195	-0.62459	-0.80689	-0.94985	-1.0544	-1.0613	-1.2419	-1.1731	-1.4039	-0.60739	0.17854	-0.54651	-0.20169	0.37787	1.0026	0.91241	0.35703	0.19891	0.011379	-0.090314	-0.038879	0.038683	5.703
425.35	0.20245	-0.075767	-0.34866	-0.087053	-0.19144	-0.26051	-0.35026	-0.4099	-0.51507	-0.63698	-0.80787	-0.95851	-1.0705	-1.0517	-1.2513	-1.1693	-1.4078	-0.60481	0.18714	-0.55177	-0.21449	0.38876	0.99876	0.92135	0.37266	0.18162	0.023899	-0.088003	-0.030564	0.052394	5.635
425.28	0.23302	-0.059402	-0.34533	-0.10104	-0.18584	-0.27959	-0.35724	-0.40656	-0.5309	-0.6415	-0.81515	-0.96402	-1.0743	-1.0508	-1.2589	-1.174	-1.4126	-0.60672	0.18908	-0.55282	-0.20063	0.37593	1.0045	0.9243	0.3701	0.19754	0.027767	-0.092467	-0.025611	0.063665	5.652
425.77	0.24186	-0.056267	-0.34761	-0.098749	-0.21297	-0.28786	-0.37463	-0.43111	-0.53031	-0.63639	-0.82832	-0.97248	-1.0781	-1.0584	-1.2551	-1.1921	-1.4184	-0.62031	0.16654	-0.55215	-0.22718	0.37982	1.0045	0.91693	0.38476	0.20098	0.026773	-0.070176	-0.010702	0.071077	5.624
425.49	0.23695	-0.05943	-0.34923	-0.12448	-0.20904	-0.28805	-0.36304	-0.4098	-0.54092	-0.66274	-0.81564	-0.97228	-1.0895	-1.0642	-1.2759	-1.1874	-1.4319	-0.63237	0.156	-0.59117	-0.23574	0.39042	1.0142	0.93904	0.38859	0.1999	0.046075	-0.068003	0.00086347	0.079246	5.623
426.25	0.24766	-0.050916	-0.34247	-0.12572	-0.21346	-0.29956	-0.38191	-0.41697	-0.55399	-0.65625	-0.83265	-0.98261	-1.0933	-1.0776	-1.2712	-1.2074	-1.4474	-0.65639	0.12283	-0.60733	-0.25277	0.36815	1.0161	0.94523	0.38426	0.22014	0.03636	-0.071199	-0.008216	0.080969	5.672
427.49	0.22869	-0.061893	-0.34619	-0.1261	-0.23616	-0.30724	-0.3995	-0.4486	-0.55242	-0.67847	-0.84425	-0.99363	-1.1019	-1.09	-1.2816	-1.2227	-1.458	-0.67074	0.10513	-0.61518	-0.28431	0.37311	1.0161	0.93452	0.40531	0.2171	0.049688	-0.042271	0.014024	0.094414	5.681
425.97	0.24786	-0.06069	-0.36228	-0.15518	-0.2394	-0.32042	-0.39409	-0.43995	-0.57483	-0.68781	-0.84465	-1.0015	-1.118	-1.1158	-1.2987	-1.2284	-1.4802	-0.68203	0.10358	-0.65783	-0.29826	0.35716	1.0171	0.96823	0.40767	0.23243	0.065279	-0.059055	0.015724	0.099119	5.768
426.66	0.24638	-0.060074	-0.35971	-0.15051	-0.25582	-0.34226	-0.42318	-0.45852	-0.5934	-0.68152	-0.8768	-1.0251	-1.1323	-1.1522	-1.311	-1.2675	-1.5092	-0.72127	0.054063	-0.68748	-0.3301	0.3453	1.0364	0.96568	0.41671	0.23813	0.06709	-0.037925	0.024776	0.099612	5.873
427.28	0.23587	-0.067547	-0.36457	-0.16709	-0.27557	-0.35289	-0.43783	-0.48612	-0.60352	-0.71495	-0.87464	-1.033	-1.1503	-1.1799	-1.3318	-1.2913	-1.5256	-0.74519	0.022128	-0.72105	-0.37116	0.33538	1.0296	0.96607	0.43392	0.24746	0.082357	-0.014661	0.041208	0.11379	5.937
426.8	0.24225	-0.067376	-0.37038	-0.18196	-0.27832	-0.36361	-0.43075	-0.48101	-0.62072	-0.73039	-0.89509	-1.0536	-1.1703	-1.2096	-1.3564	-1.3152	-1.5739	-0.78721	-0.014575	-0.78341	-0.41675	0.31758	1.0412	1.0024	0.42999	0.2623	0.10365	-0.006938	0.041257	0.1126	6.098
428.04	0.23852	-0.066637	-0.36524	-0.17853	-0.28707	-0.37374	-0.4676	-0.5147	-0.63998	-0.73776	-0.92056	-1.0753	-1.1874	-1.2412	-1.3715	-1.3571	-1.6173	-0.85496	-0.10803	-0.83286	-0.50399	0.28229	1.0596	1.0005	0.45526	0.27734	0.10709	0.0063225	0.048529	0.10483	6.255
427.49	0.2226	-0.081545	-0.37981	-0.1853	-0.297	-0.38368	-0.45974	-0.52325	-0.64549	-0.7653	-0.93049	-1.0979	-1.2216	-1.267	-1.4066	-1.3982	-1.6627	-0.91094	-0.17573	-0.91636	-0.5718	0.25934	1.0731	1.0241	0.47531	0.29464	0.13514	0.020688	0.064224	0.11989	6.403
426.8	0.24432	-0.068749	-0.37515	-0.19883	-0.2967	-0.40404	-0.4792	-0.52747	-0.6732	-0.77169	-0.9532	-1.1196	-1.2406	-1.3053	-1.4406	-1.442	-1.7428	-0.98951	-0.25426	-1.0234	-0.65952	0.19769	1.1039	1.0555	0.48938	0.30967	0.13534	0.021829	0.070101	0.11634	6.645
428.52	0.23017	-0.075123	-0.37429	-0.19359	-0.30908	-0.40158	-0.50013	-0.54574	-0.67753	-0.78575	-0.96599	-1.1422	-1.2719	-1.3244	-1.4634	-1.4926	-1.7853	-1.0699	-0.37361	-1.1162	-0.76811	0.141	1.1097	1.0565	0.50943	0.33139	0.14814	0.045988	0.084597	0.1128	6.836
427.21	0.2167	-0.083524	-0.3781	-0.19712	-0.3197	-0.39676	-0.48471	-0.55301	-0.68195	-0.8062	-0.98309	-1.1638	-1.2985	-1.3244	-1.5041	-1.5422	-1.8548	-1.1474	-0.46162	-1.252	-0.88574	0.06905	1.1358	1.0909	0.54208	0.33601	0.18032	0.046125	0.088981	0.11871	7.062
428.66	0.24225	-0.068607	-0.37286	-0.20817	-0.31547	-0.41683	-0.50004	-0.55007	-0.70622	-0.80787	-1.0039	-1.1865	-1.3213	-1.3522	-1.5287	-1.5832	-1.934	-1.2488	-0.58715	-1.3811	-0.98971	-0.042007	1.1638	1.1145	0.54375	0.35665	0.17875	0.056991	0.077187	0.10591	7.345
429.21	0.2228	-0.083732	-0.38439	-0.20427	-0.32215	-0.41368	-0.50947	-0.56961	-0.70131	-0.82724	-1.0207	-1.211	-1.3527	-1.3579	-1.5533	-1.6347	-1.9861	-1.3273	-0.69296	-1.4892	-1.1167	-0.15092	1.157	1.1272	0.56853	0.36215	0.19952	0.077816	0.10417	0.1194	7.567
428.11	0.23547	-0.076099	-0.38134	-0.21275	-0.32618	-0.41998	-0.50908	-0.56087	-0.72037	-0.84317	-1.0364	-1.2366	-1.3868	-1.3828	-1.5959	-1.6814	-2.0682	-1.4259	-0.81047	-1.6431	-1.2417	-0.27431	1.1763	1.1577	0.59478	0.36795	0.2135	0.069193	0.098671	0.11605	7.849
428.87	0.23302	-0.070606	-0.36791	-0.21828	-0.32726	-0.42696	-0.52598	-0.58474	-0.73315	-0.85281	-1.0561	-1.2602	-1.4134	-1.4154	-1.6309	-1.7339	-2.1348	-1.5264	-0.94664	-1.7809	-1.3735	-0.38974	1.1908	1.1597	0.6053	0.40844	0.21596	0.086695	0.10172	0.1065	8.16
428.52	0.21808	-0.086631	-0.38562	-0.21628	-0.34034	-0.43582	-0.5247	-0.60556	-0.72902	-0.88005	-1.0738	-1.2897	-1.4533	-1.446	-1.6725	-1.8016	-2.2208	-1.6278	-1.0668	-1.9224	-1.5158	-0.49923	1.1879	1.1793	0.62517	0.4051	0.23909	0.096676	0.11666	0.1128	8.404
429.01	0.21778	-0.086867	-0.38591	-0.22981	-0.34633	-0.437	-0.53502	-0.6037	-0.75625	-0.89273	-1.0915	-1.3153	-1.4866	-1.4833	-1.7151	-1.8569	-2.3067	-1.7331	-1.1935	-2.0927	-1.6688	-0.64791	1.1947	1.2049	0.63677	0.42269	0.25887	0.10315	0.10742	0.10896	8.744
430.25	0.22122	-0.084348	-0.3841	-0.22914	-0.34849	-0.44428	-0.55124	-0.62894	-0.76499	-0.9004	-1.1219	-1.3527	-1.5284	-1.5446	-1.7445	-1.938	-2.3888	-1.8565	-1.3598	-2.2342	-1.8149	-0.74106	1.1927	1.2068	0.65693	0.44559	0.2572	0.13471	0.12354	0.10739	9.039
429.97	0.21434	-0.089131	-0.38705	-0.22428	-0.34712	-0.44802	-0.55075	-0.62933	-0.7702	-0.92154	-1.1269	-1.3655	-1.5483	-1.5867	-1.7909	-1.9942	-2.4737	-1.9694	-1.5029	-2.4026	-1.99	-0.76216	1.1966	1.2216	0.69085	0.45188	0.2822	0.13481	0.13582	0.11989	9.302
430.04	0.21827	-0.085504	-0.38362	-0.24449	-0.35262	-0.45727	-0.56077	-0.63258	-0.78868	-0.93069	-1.1455	-1.3832	-1.5654	-1.646	-1.8372	-2.0591	-2.5664	-2.0986	-1.6722	-2.5948	-2.1439	-0.84588	1.1927	1.2481	0.68721	0.48795	0.28978	0.13805	0.13179	0.11241	9.646
430.66	0.20393	-0.093156	-0.38505	-0.22819	-0.36323	-0.46091	-0.56922	-0.65753	-0.79064	-0.93963	-1.1691	-1.398	-1.5702	-1.6977	-1.8723	-2.1373	-2.6553	-2.2326	-1.8531	-2.7717	-2.3314	-0.99087	1.1879	1.2471	0.71612	0.50171	0.30366	0.14552	0.14948	0.10483	9.937
429.21	0.21572	-0.08879	-0.38772	-0.23915	-0.36205	-0.45815	-0.57109	-0.65301	-0.80263	-0.971	-1.1898	-1.4117	-1.5778	-1.7493	-1.9309	-2.2069	-2.7682	-2.3742	-2.0252	-2.9908	-2.5334	-1.0599	1.1821	1.2727	0.74404	0.50692	0.34008	0.15919	0.15901	0.11821	10.24
429.42	0.21051	-0.09184	-0.38886	-0.24049	-0.35714	-0.4793	-0.59026	-0.66951	-0.82878	-0.97395	-1.2163	-1.4324	-1.592	-1.8049	-1.9735	-2.2889	-2.8764	-2.5226	-2.2167	-3.1993	-2.7152	-1.1571	1.1802	1.2786	0.75604	0.51753	0.34086	0.1822	0.16147	0.11132	10.59
429.77	0.19832	-0.097551	-0.38858	-0.24182	-0.3768	-0.47556	-0.58819	-0.67923	-0.82819	-0.98821	-1.233	-1.458	-1.6243	-1.8747	-2.0209	-2.3643	-2.971	-2.6642	-2.4092	-3.402	-2.9345	-1.2437	1.1744	1.2855	0.77482	0.54613	0.34825	0.1821	0.16953	0.11497	10.87
429.97	0.20029	-0.097266	-0.38972	-0.25478	-0.37827	-0.48894	-0.59379	-0.6699	-0.84715	-1.0167	-1.2409	-1.4826	-1.6652	-1.9168	-2.0881	-2.4234	-3.0811	-2.8106	-2.5949	-3.6316	-3.1153	-1.2768	1.1551	1.2825	0.79036	0.55429	0.36902	0.18859	0.171	0.11428	11.22
431.49	0.20756	-0.093696	-0.38972	-0.24811	-0.37689	-0.48806	-0.60519	-0.69554	-0.8504	-1.0187	-1.2753	-1.518	-1.6994	-2.0355	-2.1335	-2.5102	-3.1825	-2.9599	-2.7951	-3.8372	-3.3135	-1.4032	1.1396	1.2776	0.79016	0.57512	0.37817	0.21858	0.17857	0.10768	11.58
430.66	0.18388	-0.10579	-0.39105	-0.2464	-0.39272	-0.49239	-0.61561	-0.70467	-0.86288	-1.0443	-1.293	-1.5495	-1.744	-2.2192	-2.2017	-2.5979	-3.2877	-3.1197	-3.0127	-4.0887	-3.577	-1.4916	1.1252	1.2796	0.8171	0.57502	0.40553	0.22006	0.18958	0.1129	11.88
429.35	0.19547	-0.10749	-0.40572	-0.25736	-0.38839	-0.49052	-0.62337	-0.71361	-0.89904	-1.0698	-1.3186	-1.5839	-1.7849	-2.3388	-2.3171	-2.6933	-3.4335	-3.3178	-3.267	-4.3757	-3.8271	-1.6171	1.0972	1.2815	0.817	0.60333	0.42118	0.22301	0.19095	0.11132	12.27
431.21	0.18466	-0.10854	-0.39734	-0.25183	-0.38594	-0.51059	-0.63674	-0.73748	-0.89904	-1.0718	-1.3432	-1.6154	-1.8229	-2.424	-2.567	-2.7963	-3.5416	-3.4805	-3.4866	-4.6004	-4.0512	-1.6949	1.0779	1.2688	0.83283	0.62603	0.42798	0.24503	0.20727	0.11024	12.61
430.04	0.17208	-0.11678	-0.40172	-0.25831	-0.4052	-0.50764	-0.63163	-0.73837	-0.90533	-1.1082	-1.3569	-1.6498	-1.8751	-2.447	-2.8037	-2.9031	-3.671	-3.6595	-3.7187	-4.8788	-4.3253	-1.8602	1.0489	1.2668	0.85348	0.62043	0.44333	0.24346	0.21601	0.11546	12.93
429.14	0.17641	-0.11109	-0.39448	-0.27204	-0.40048	-0.51895	-0.64991	-0.73768	-0.93069	-1.119	-1.3894	-1.6842	-1.9102	-2.5188	-2.9324	-2.9947	-3.8188	-3.8719	-4.002	-5.202	-4.5936	-2.0255	1.0152	1.2766	0.85093	0.65305	0.46154	0.26165	0.20992	0.1002	13.35
430.87	0.1657	-0.11716	-0.39629	-0.26079	-0.4053	-0.52279	-0.65993	-0.7695	-0.93	-1.1288	-1.4199	-1.7216	-1.953	-2.5656	-2.9977	-3.029	-3.9385	-4.0576	-4.2574	-5.4478	-4.8601	-2.1383	0.98718	1.2471	0.87472	0.6505	0.46065	0.27915	0.22869	0.10729	13.66
429.77	0.154	-0.12757	-0.40601	-0.27089	-0.4111	-0.51826	-0.66416	-0.77039	-0.94337	-1.1505	-1.4386	-1.7541	-1.9967	-2.603	-3.064	-3.1539	-4.093	-4.2662	-4.5243	-5.7721	-5.1467	-2.3094	0.94819	1.2412	0.88406	0.64853	0.48664	0.28102	0.23331	0.11123	14.05
