14571	21	6	83	29.5	768.6	1	8	4	4.705	115	3680	10	0	0	0	0	541.13	996.31	1.4596e+006	0.11786	0.19779	41.102	0	0	1	0	0	0	1	0	0
1001.8	0.22211	0.0075739	-0.20005	-0.28347	-0.34682	-0.45205	-0.49493	-0.61892	-0.7531	-0.86136	-1.1662	-1.3134	-1.4096	-1.4556	-1.5183	-1.9198	-2.1474	-1.602	-1.0871	-2.0257	-1.4802	-0.76994	1.2381	0.9699	0.60226	0.39203	0.22501	0.049557	0.075743	0.076244	8.778
1001.8	0.21867	0.0039124	-0.20415	-0.28481	-0.34446	-0.45579	-0.49581	-0.62157	-0.75969	-0.86864	-1.178	-1.3242	-1.4191	-1.4862	-1.5476	-1.9628	-2.2275	-1.6996	-1.2041	-2.1548	-1.6014	-0.85804	1.2477	0.98671	0.61907	0.40559	0.23771	0.0623	0.078219	0.076264	8.994
1000.5	0.21503	0.0031851	-0.20196	-0.28538	-0.34721	-0.45481	-0.50131	-0.62305	-0.76263	-0.88634	-1.1917	-1.334	-1.4248	-1.5139	-1.5807	-2.0209	-2.2913	-1.802	-1.3472	-2.3127	-1.7447	-0.88497	1.2516	1.0044	0.63628	0.42613	0.25228	0.068023	0.08216	0.073675	9.224
1001.8	0.21336	-0.0010124	-0.20891	-0.28681	-0.35626	-0.45884	-0.50711	-0.63277	-0.7759	-0.89607	-1.2055	-1.3517	-1.4448	-1.5637	-1.6148	-2.0724	-2.3646	-1.9034	-1.4778	-2.4399	-1.8775	-0.86601	1.2439	1.0152	0.64788	0.43793	0.25976	0.074522	0.085904	0.077288	9.386
1002.5	0.21248	0.0018544	-0.20224	-0.28671	-0.35242	-0.45795	-0.50908	-0.63493	-0.77767	-0.89971	-1.2173	-1.3645	-1.4581	-1.5991	-1.6441	-2.1249	-2.4351	-1.9982	-1.5997	-2.568	-2.0044	-0.91016	1.2506	1.0231	0.66125	0.44608	0.27068	0.086735	0.092538	0.077258	9.588
1001.8	0.2168	0.0075029	-0.1951	-0.28652	-0.35459	-0.46435	-0.51468	-0.64485	-0.78652	-0.90876	-1.2321	-1.3881	-1.4894	-1.6623	-1.6829	-2.1869	-2.5056	-2.0986	-1.7322	-2.7067	-2.1352	-0.91483	1.2477	1.0309	0.67836	0.45493	0.28555	0.095722	0.097835	0.079935	9.773
1001.8	0.22171	0.013079	-0.18862	-0.28853	-0.35547	-0.46789	-0.52077	-0.64525	-0.79536	-0.91633	-1.2468	-1.4058	-1.5113	-1.7283	-1.7104	-2.2355	-2.5713	-2.1915	-1.8531	-2.8272	-2.2535	-0.99281	1.2487	1.0388	0.69016	0.46711	0.28978	0.096253	0.098248	0.081303	9.956
1002.5	0.20815	0.0051986	-0.19129	-0.29243	-0.36029	-0.46533	-0.52294	-0.65438	-0.80086	-0.92734	-1.2547	-1.4216	-1.5331	-1.7694	-1.753	-2.2822	-2.6475	-2.2853	-1.9672	-2.9611	-2.3805	-1.0443	1.2361	1.0506	0.70481	0.48176	0.3072	0.10374	0.09926	0.079128	10.13
1001.8	0.2168	0.0094993	-0.1911	-0.29148	-0.35596	-0.4676	-0.52303	-0.6535	-0.81128	-0.93885	-1.2694	-1.4432	-1.5597	-1.8441	-1.7909	-2.3385	-2.7074	-2.38	-2.0987	-3.1122	-2.519	-1.0881	1.2361	1.0565	0.70904	0.49522	0.31458	0.11219	0.10693	0.078872	10.29
1002.5	0.21149	0.0061447	-0.19262	-0.29129	-0.35734	-0.46474	-0.52736	-0.65448	-0.81295	-0.9415	-1.2743	-1.455	-1.5787	-1.9044	-1.8316	-2.3824	-2.775	-2.4766	-2.2273	-3.2413	-2.6508	-1.1377	1.2371	1.0634	0.72546	0.50318	0.32088	0.11868	0.11037	0.080674	10.45
1001.2	0.21267	0.007142	-0.19176	-0.28862	-0.35724	-0.47497	-0.53001	-0.66656	-0.81993	-0.9536	-1.295	-1.4796	-1.6072	-1.9551	-1.8723	-2.4453	-2.8493	-2.5781	-2.356	-3.3829	-2.797	-1.1649	1.2294	1.0634	0.73451	0.50554	0.32954	0.13117	0.11164	0.081589	10.6
1000.5	0.21542	0.010257	-0.18814	-0.28843	-0.35783	-0.47232	-0.52775	-0.66028	-0.82013	-0.95674	-1.3038	-1.4954	-1.6291	-1.9991	-1.9234	-2.5026	-2.9247	-2.6814	-2.4914	-3.5359	-2.9287	-1.198	1.2226	1.0702	0.74326	0.52805	0.34539	0.1355	0.1141	0.078981	10.75
1002.5	0.20894	0.0080361	-0.18633	-0.291	-0.36284	-0.47714	-0.53424	-0.6699	-0.82701	-0.97375	-1.3088	-1.5072	-1.6452	-2.0269	-1.9745	-2.5493	-2.9807	-2.7685	-2.6103	-3.6622	-3.048	-1.2233	1.2091	1.0761	0.75486	0.53365	0.35445	0.13422	0.11636	0.078016	10.89
1003.2	0.20756	0.0054145	-0.19034	-0.28719	-0.35862	-0.46897	-0.53483	-0.67403	-0.83546	-0.97601	-1.3196	-1.5239	-1.669	-2.0584	-2.0426	-2.6027	-3.056	-2.8757	-2.7515	-3.8047	-3.1894	-1.2447	1.2053	1.0732	0.76184	0.54121	0.35642	0.14267	0.11774	0.077465	11.02
1002.5	0.21031	0.003669	-0.19653	-0.2871	-0.35822	-0.47773	-0.53591	-0.6756	-0.83978	-0.98152	-1.3324	-1.5416	-1.6899	-2.0891	-2.1108	-2.6618	-3.1284	-2.98	-2.8898	-3.9644	-3.3433	-1.3186	1.1966	1.0742	0.76695	0.54839	0.36774	0.15221	0.11813	0.077524	11.15
1002.5	0.21022	0.0066637	-0.19043	-0.28538	-0.35714	-0.47468	-0.54053	-0.68071	-0.83821	-0.98162	-1.3432	-1.5573	-1.7108	-2.1178	-2.178	-2.7162	-3.1815	-3.07	-3.0185	-4.0744	-3.4722	-1.3652	1.1908	1.0712	0.77964	0.55546	0.37581	0.15732	0.12727	0.081481	11.26
1001.8	0.20432	0.0063266	-0.18538	-0.28128	-0.35635	-0.47173	-0.53945	-0.68454	-0.84479	-0.98821	-1.351	-1.5701	-1.7269	-2.1273	-2.2263	-2.7639	-3.2529	-3.1695	-3.149	-4.2274	-3.6145	-1.4498	1.1782	1.0781	0.79154	0.56303	0.38014	0.16971	0.1256	0.081274	11.37
1001.8	0.20481	0.007965	-0.18252	-0.28166	-0.35439	-0.47005	-0.53994	-0.68473	-0.84774	-0.99509	-1.3599	-1.5829	-1.7421	-2.1398	-2.2831	-2.8106	-3.3215	-3.2633	-3.269	-4.3738	-3.7395	-1.479	1.1773	1.082	0.79586	0.56942	0.38801	0.1646	0.12314	0.072012	11.47
1001.8	0.20658	0.0085125	-0.1831	-0.2829	-0.35645	-0.47124	-0.53748	-0.67756	-0.84912	-1.0059	-1.3658	-1.5957	-1.7611	-2.1628	-2.3266	-2.8535	-3.3785	-3.3484	-3.3831	-4.4904	-3.8588	-1.5062	1.1599	1.0742	0.80009	0.57728	0.39421	0.16981	0.12982	0.074404	11.55
1002.5	0.20599	0.0068702	-0.18586	-0.28395	-0.35793	-0.4675	-0.53846	-0.6867	-0.85049	-1.0069	-1.3687	-1.6046	-1.7773	-2.1637	-2.3569	-2.8755	-3.4238	-3.4126	-3.4682	-4.5765	-3.9511	-1.5568	1.1503	1.0752	0.80668	0.58092	0.39756	0.16971	0.12973	0.072494	11.63
1001.2	0.20108	0.0042382	-0.18643	-0.27594	-0.3536	-0.46927	-0.54279	-0.68856	-0.85531	-1.0118	-1.3845	-1.6223	-1.7963	-2.1867	-2.39	-2.9193	-3.4847	-3.4987	-3.5823	-4.7114	-4.0781	-1.6142	1.1377	1.0752	0.80845	0.58426	0.40101	0.17276	0.12639	0.069935	11.73
1000.5	0.20334	0.0071392	-0.18271	-0.27375	-0.34997	-0.4672	-0.53935	-0.67953	-0.85423	-1.0138	-1.3904	-1.6301	-1.8048	-2.2039	-2.4194	-2.9565	-3.5388	-3.5781	-3.6887	-4.8175	-4.1906	-1.6443	1.1223	1.0693	0.80982	0.59379	0.40849	0.17089	0.12786	0.065702	11.8
1001.8	0.20314	0.011848	-0.17309	-0.27165	-0.3479	-0.455	-0.53601	-0.67992	-0.84873	-1.0148	-1.3825	-1.6311	-1.8143	-2.203	-2.4354	-2.9842	-3.5754	-3.6327	-3.7612	-4.9008	-4.2782	-1.6929	1.1155	1.0702	0.81631	0.59792	0.40977	0.16883	0.12137	0.066175	11.84
1000.5	0.20167	0.01575	-0.16376	-0.26641	-0.33601	-0.45274	-0.52873	-0.6755	-0.8445	-1.0098	-1.3894	-1.638	-1.8219	-2.2211	-2.4544	-3.0109	-3.6179	-3.6958	-3.8454	-4.9821	-4.358	-1.7143	1.1117	1.0673	0.81779	0.59664	0.40908	0.17286	0.12196	0.064669	11.87
999.77	0.20737	0.019747	-0.16128	-0.26308	-0.33749	-0.45363	-0.5252	-0.67422	-0.84411	-1.0098	-1.3923	-1.6429	-1.8276	-2.2211	-2.4686	-3.0443	-3.644	-3.7437	-3.9169	-5.0624	-4.4292	-1.76	1.1068	1.0643	0.82251	0.59684	0.41124	0.1705	0.11774	0.057513	11.9
1000.5	0.21031	0.020486	-0.16261	-0.26203	-0.33011	-0.44782	-0.52637	-0.67147	-0.84037	-1.0079	-1.3904	-1.6449	-1.8323	-2.2297	-2.4762	-3.0605	-3.673	-3.7925	-3.9875	-5.1303	-4.5003	-1.8116	1.0943	1.0584	0.82438	0.5991	0.40898	0.16667	0.11489	0.058546	11.9
999.09	0.20756	0.022351	-0.15623	-0.26088	-0.32894	-0.43788	-0.51891	-0.66676	-0.82995	-1.0049	-1.3884	-1.6439	-1.8333	-2.2355	-2.4894	-3.0824	-3.7183	-3.8355	-4.0282	-5.1858	-4.558	-1.8262	1.0991	1.0683	0.82654	0.60785	0.40681	0.16362	0.11046	0.053586	11.9
998.4	0.19901	0.016176	-0.16033	-0.26126	-0.3308	-0.44133	-0.51979	-0.6646	-0.83723	-1.0059	-1.3874	-1.6459	-1.838	-2.2422	-2.4875	-3.0843	-3.7232	-3.8461	-4.0446	-5.2087	-4.5754	-1.8262	1.0962	1.0673	0.82566	0.60903	0.40445	0.15664	0.10064	0.051735	11.87
999.09	0.20108	0.017067	-0.16052	-0.25545	-0.32677	-0.43631	-0.51733	-0.66322	-0.83506	-1.003	-1.3825	-1.6429	-1.8371	-2.2374	-2.4885	-3.0805	-3.7309	-3.8556	-4.0562	-5.2202	-4.5782	-1.8213	1.0953	1.0634	0.8232	0.60451	0.4013	0.15418	0.10024	0.056223	11.82
999.09	0.20884	0.023819	-0.15442	-0.25478	-0.32196	-0.43405	-0.51547	-0.66362	-0.82927	-0.99706	-1.3835	-1.6429	-1.8371	-2.2451	-2.4837	-3.0662	-3.7328	-3.8518	-4.0456	-5.2164	-4.5927	-1.8213	1.0856	1.0624	0.8228	0.59674	0.40002	0.15221	0.094592	0.051164	11.76
997.71	0.20176	0.020741	-0.15385	-0.25021	-0.31832	-0.43552	-0.51045	-0.65635	-0.82524	-0.99706	-1.3864	-1.6419	-1.8304	-2.2336	-2.4894	-3.0786	-3.7434	-3.8671	-4.0659	-5.2307	-4.61	-1.8135	1.0837	1.0594	0.82251	0.59605	0.4011	0.15437	0.099654	0.05018	11.69
998.4	0.20334	0.0197	-0.15747	-0.25345	-0.32363	-0.43405	-0.51075	-0.64957	-0.82897	-0.99411	-1.3776	-1.6331	-1.8219	-2.2221	-2.4856	-3.0729	-3.7319	-3.848	-4.0407	-5.2087	-4.5754	-1.7941	1.0846	1.0614	0.82231	0.59979	0.39667	0.14572	0.092912	0.050406	11.6
998.4	0.1942	0.014311	-0.15947	-0.25345	-0.31675	-0.43326	-0.50927	-0.65831	-0.82691	-0.98722	-1.3727	-1.6301	-1.821	-2.2374	-2.4743	-3.0805	-3.7174	-3.8317	-4.0214	-5.1886	-4.5504	-1.8057	1.0798	1.0614	0.81877	0.59252	0.38841	0.14523	0.085855	0.050672	11.51
997.71	0.19616	0.019898	-0.15013	-0.25021	-0.31842	-0.42933	-0.50515	-0.65124	-0.81875	-0.98821	-1.3727	-1.6272	-1.8162	-2.2422	-2.4752	-3.0719	-3.6855	-3.7992	-3.9875	-5.1475	-4.5042	-1.7727	1.0962	1.0643	0.81445	0.59163	0.39461	0.1411	0.08842	0.048329	11.42
995.64	0.19302	0.016962	-0.15299	-0.25669	-0.31626	-0.43818	-0.5078	-0.64947	-0.82494	-0.98722	-1.3717	-1.6262	-1.8162	-2.2594	-2.4714	-3.0633	-3.672	-3.7772	-3.9566	-5.1131	-4.4782	-1.7377	1.0914	1.0653	0.81582	0.59212	0.38791	0.13756	0.084686	0.047611	11.32
996.33	0.19243	0.018033	-0.15023	-0.25202	-0.32461	-0.425	-0.5078	-0.65183	-0.82081	-0.98722	-1.3707	-1.6223	-1.8086	-2.2604	-2.4657	-3.0643	-3.6353	-3.7217	-3.8812	-5.0375	-4.407	-1.6881	1.0924	1.0634	0.811	0.58279	0.37896	0.12655	0.081443	0.048644	11.21
995.64	0.19823	0.019756	-0.15242	-0.25602	-0.31272	-0.42893	-0.50053	-0.64407	-0.81777	-0.9769	-1.3628	-1.6134	-1.7982	-2.2537	-2.4534	-3.0509	-3.6044	-3.6843	-3.8357	-4.9821	-4.3474	-1.6608	1.1126	1.0683	0.80776	0.5879	0.37797	0.13333	0.082917	0.047069	11.09
995.64	0.20304	0.023355	-0.14985	-0.25231	-0.31183	-0.41762	-0.49552	-0.63886	-0.81796	-0.97828	-1.352	-1.6065	-1.7953	-2.2671	-2.4506	-3.0385	-3.5841	-3.6499	-3.7864	-4.9228	-4.2907	-1.6258	1.1184	1.0683	0.80334	0.57807	0.37187	0.12625	0.080106	0.047079	10.96
995.64	0.1995	0.021243	-0.15061	-0.25002	-0.31174	-0.42224	-0.49021	-0.64063	-0.80824	-0.97021	-1.351	-1.5996	-1.783	-2.2451	-2.4307	-3.0176	-3.5465	-3.6068	-3.7371	-4.8539	-4.2339	-1.5918	1.1281	1.0663	0.80697	0.57689	0.37089	0.12901	0.072303	0.044402	10.81
994.95	0.19842	0.018194	-0.15575	-0.23801	-0.30928	-0.41723	-0.49807	-0.64034	-0.80037	-0.9653	-1.3491	-1.5947	-1.7773	-2.2307	-2.4279	-3.0157	-3.5262	-3.5666	-3.6771	-4.807	-4.1791	-1.5714	1.1329	1.0702	0.79901	0.56657	0.36508	0.11868	0.072381	0.045514	10.69
994.95	0.20275	0.026604	-0.14299	-0.23515	-0.30093	-0.40817	-0.48549	-0.62649	-0.79605	-0.9591	-1.3363	-1.5819	-1.764	-2.2058	-2.4127	-2.989	-3.4847	-3.5073	-3.5997	-4.7238	-4.0906	-1.5558	1.1522	1.0742	0.79154	0.56225	0.36134	0.11396	0.069885	0.044166	10.52
995.64	0.2	0.024331	-0.14489	-0.23629	-0.30043	-0.40837	-0.48343	-0.62472	-0.793	-0.95271	-1.3245	-1.5691	-1.7507	-2.1809	-2.3938	-2.9708	-3.4412	-3.4441	-3.5136	-4.6291	-3.9973	-1.5121	1.1454	1.0712	0.78927	0.55566	0.35248	0.10816	0.063487	0.04201	10.36
994.26	0.20383	0.023744	-0.14975	-0.23534	-0.29808	-0.41191	-0.48343	-0.62128	-0.79113	-0.94671	-1.3225	-1.5623	-1.7383	-2.1608	-2.3787	-2.9384	-3.4142	-3.4001	-3.4527	-4.5679	-3.9281	-1.4314	1.1667	1.0683	0.7821	0.54878	0.34392	0.10265	0.055802	0.03699	10.19
995.64	0.20088	0.026045	-0.14232	-0.23286	-0.29808	-0.40542	-0.47832	-0.61264	-0.77993	-0.93688	-1.3107	-1.5465	-1.7212	-2.1273	-2.3588	-2.8964	-3.3601	-3.3312	-3.3676	-4.4818	-3.8386	-1.3818	1.1618	1.0742	0.77865	0.54013	0.34018	0.090658	0.048657	0.035337	9.995
996.33	0.20432	0.026708	-0.14432	-0.23305	-0.29483	-0.40493	-0.47557	-0.61823	-0.77394	-0.9299	-1.3029	-1.5367	-1.7079	-2.0967	-2.338	-2.8592	-3.3118	-3.2556	-3.2632	-4.3604	-3.7405	-1.3448	1.1792	1.0693	0.7757	0.53001	0.3264	0.082084	0.046515	0.04013	9.824
994.95	0.2054	0.026869	-0.14499	-0.23238	-0.291	-0.40503	-0.46996	-0.6092	-0.76342	-0.92243	-1.296	-1.5239	-1.6918	-2.0584	-2.3152	-2.8106	-3.2597	-3.1819	-3.1664	-4.2657	-3.6539	-1.2991	1.185	1.0693	0.76892	0.52392	0.31852	0.081228	0.042682	0.036429	9.624
993.57	0.20697	0.031557	-0.13708	-0.23105	-0.28962	-0.40001	-0.46544	-0.6036	-0.76637	-0.91397	-1.2861	-1.5101	-1.6747	-2.0479	-2.2925	-2.7658	-3.2114	-3.1197	-3.0881	-4.1729	-3.5395	-1.2437	1.1975	1.0722	0.75732	0.52136	0.30897	0.071346	0.03423	0.033269	9.412
993.57	0.20697	0.036312	-0.12756	-0.23048	-0.28383	-0.39411	-0.45925	-0.59289	-0.75762	-0.90581	-1.2694	-1.4944	-1.6595	-2.0125	-2.2745	-2.7124	-3.1545	-3.0259	-2.9575	-4.0352	-3.4068	-1.1727	1.2062	1.0702	0.74975	0.50839	0.29618	0.05994	0.028569	0.032462	9.193
992.88	0.21582	0.036217	-0.13632	-0.22657	-0.2851	-0.39332	-0.45483	-0.58945	-0.7474	-0.89735	-1.2586	-1.4757	-1.6338	-1.9771	-2.2575	-2.6475	-3.0849	-2.9236	-2.8192	-3.9022	-3.2817	-1.1212	1.212	1.0693	0.74041	0.50249	0.29194	0.053805	0.027528	0.034096	8.993
994.26	0.21425	0.034531	-0.13813	-0.23219	-0.28982	-0.39273	-0.45964	-0.59299	-0.74603	-0.89755	-1.2507	-1.4619	-1.6148	-1.9618	-2.2017	-2.5941	-3.0164	-2.8326	-2.7032	-3.7655	-3.1519	-1.0823	1.2188	1.0653	0.73293	0.49188	0.28033	0.045181	0.022535	0.034844	8.747
994.26	0.21198	0.027428	-0.15032	-0.22838	-0.28766	-0.38997	-0.45365	-0.5816	-0.74072	-0.8828	-1.238	-1.4442	-1.593	-1.9427	-2.1581	-2.5264	-2.9517	-2.7379	-2.5774	-3.6258	-3.0201	-1.0434	1.2178	1.0604	0.7171	0.4793	0.26744	0.035191	0.016511	0.031901	8.549
992.88	0.21621	0.029644	-0.14994	-0.22867	-0.28392	-0.39096	-0.44893	-0.58209	-0.73482	-0.87975	-1.2271	-1.4285	-1.573	-1.9388	-2.1013	-2.4787	-2.8918	-2.6479	-2.4556	-3.4958	-2.8922	-1.0074	1.2255	1.0535	0.7052	0.468	0.26084	0.030973	0.011223	0.034628	8.321
993.57	0.22437	0.034635	-0.14785	-0.22485	-0.28176	-0.39165	-0.44402	-0.57118	-0.72411	-0.86244	-1.2144	-1.4088	-1.5464	-1.9216	-2.036	-2.4215	-2.8117	-2.5455	-2.3289	-3.3523	-2.7412	-0.96704	1.239	1.0496	0.69508	0.46417	0.25415	0.029538	0.011223	0.035957	8.098
992.88	0.21749	0.029123	-0.15223	-0.22705	-0.2853	-0.39125	-0.44883	-0.57217	-0.72558	-0.85772	-1.2055	-1.397	-1.5331	-1.9226	-1.9679	-2.3652	-2.7576	-2.4479	-2.1867	-3.2088	-2.5921	-0.9264	1.2371	1.0417	0.68485	0.44756	0.24017	0.010521	0.0062632	0.035691	7.864
992.88	0.22535	0.036795	-0.14442	-0.22523	-0.27704	-0.38476	-0.4394	-0.56509	-0.71497	-0.8473	-1.1908	-1.3773	-1.5084	-1.9149	-1.8855	-2.3204	-2.6881	-2.3475	-2.0523	-3.074	-2.469	-0.94147	1.2419	1.0368	0.67138	0.43203	0.22865	0.0095712	0.0034309	0.03891	7.637
992.88	0.22368	0.036681	-0.14299	-0.22743	-0.28196	-0.38181	-0.43537	-0.55969	-0.70996	-0.84101	-1.179	-1.3566	-1.4809	-1.9044	-1.8183	-2.2603	-2.6128	-2.2489	-1.9275	-2.9343	-2.3391	-0.89849	1.2419	1.0329	0.65761	0.42525	0.22413	0.0043392	0.0034309	0.04079	7.415
992.88	0.22702	0.03777	-0.14413	-0.23057	-0.28078	-0.38683	-0.43783	-0.56097	-0.71045	-0.83295	-1.1662	-1.3399	-1.4609	-1.8824	-1.7634	-2.2107	-2.5423	-2.1551	-1.8105	-2.788	-2.2074	-0.85736	1.2448	1.0172	0.64827	0.41159	0.21044	-0.005171	-0.0029454	0.041843	7.187
991.5	0.22967	0.035866	-0.15052	-0.23162	-0.28029	-0.38358	-0.43281	-0.55331	-0.7017	-0.82419	-1.1632	-1.3291	-1.4429	-1.8508	-1.7218	-2.1659	-2.4844	-2.0613	-1.679	-2.6675	-2.0785	-0.82935	1.2448	1.0103	0.63431	0.40087	0.19263	-0.008992	-0.0096951	0.039776	6.985
992.19	0.22732	0.034787	-0.15042	-0.23019	-0.28324	-0.38555	-0.43114	-0.55056	-0.69581	-0.81997	-1.1514	-1.3104	-1.4182	-1.7857	-1.6829	-2.1192	-2.41	-1.9628	-1.5532	-2.5298	-1.9467	-0.80252	1.239	0.99948	0.61592	0.38289	0.17924	-0.025172	-0.015715	0.040288	6.771
992.19	0.22732	0.039693	-0.14051	-0.23114	-0.27636	-0.37512	-0.42348	-0.54319	-0.68539	-0.80709	-1.1328	-1.2888	-1.3954	-1.7292	-1.6451	-2.0638	-2.3511	-1.8785	-1.441	-2.4131	-1.8275	-0.80213	1.2371	0.99359	0.60334	0.37513	0.17304	-0.033264	-0.015715	0.04324	6.542
991.5	0.22918	0.036662	-0.14842	-0.22971	-0.27989	-0.37423	-0.4222	-0.54447	-0.68165	-0.79892	-1.1239	-1.274	-1.3745	-1.6737	-1.6082	-2.0181	-2.2884	-1.7924	-1.3298	-2.2878	-1.7188	-0.77616	1.2439	0.98278	0.59144	0.35852	0.16034	-0.038525	-0.020697	0.041114	6.359
990.81	0.23282	0.041672	-0.14185	-0.23324	-0.27931	-0.38328	-0.42456	-0.54024	-0.67723	-0.79401	-1.1131	-1.2563	-1.3498	-1.6096	-1.5722	-1.9704	-2.2188	-1.7015	-1.2176	-2.1615	-1.5918	-0.74369	1.2342	0.96243	0.57482	0.35449	0.15089	-0.043775	-0.02283	0.042473	6.155
991.5	0.22869	0.039892	-0.14137	-0.22619	-0.27773	-0.37856	-0.41355	-0.53111	-0.6676	-0.78231	-1.1013	-1.2435	-1.3365	-1.5522	-1.54	-1.916	-2.1474	-1.6068	-1.0967	-2.0401	-1.4697	-0.7187	1.2246	0.95025	0.55761	0.33749	0.13829	-0.057551	-0.029906	0.044048	5.977
992.19	0.23115	0.037959	-0.14775	-0.22447	-0.27419	-0.37128	-0.4108	-0.52836	-0.66357	-0.76933	-1.0846	-1.2229	-1.3137	-1.4862	-1.505	-1.8569	-2.0846	-1.5158	-0.97585	-1.9196	-1.3542	-0.68048	1.2178	0.93944	0.53903	0.32382	0.12875	-0.066086	-0.034859	0.044559	5.799
992.19	0.23469	0.038499	-0.15004	-0.22666	-0.27174	-0.37689	-0.40864	-0.52109	-0.65482	-0.76195	-1.0728	-1.2101	-1.3004	-1.4345	-1.4766	-1.8102	-2.0209	-1.4355	-0.87672	-1.8096	-1.2513	-0.6234	1.212	0.92116	0.5235	0.30761	0.11556	-0.073234	-0.037345	0.042423	5.625
992.88	0.2337	0.037486	-0.15118	-0.23162	-0.27547	-0.3701	-0.40372	-0.51893	-0.65158	-0.75615	-1.057	-1.1973	-1.2909	-1.3886	-1.4473	-1.7577	-1.9581	-1.3551	-0.77759	-1.7101	-1.1455	-0.58898	1.2033	0.90425	0.51101	0.30024	0.10266	-0.082723	-0.039812	0.045622	5.448
990.81	0.23724	0.037581	-0.15433	-0.22762	-0.27105	-0.37	-0.40264	-0.51303	-0.64254	-0.74553	-1.0541	-1.1943	-1.289	-1.3455	-1.4141	-1.7205	-1.9031	-1.2756	-0.67313	-1.5944	-1.0522	-0.55096	1.1898	0.88715	0.49852	0.28196	0.092918	-0.081435	-0.040942	0.045967	5.275
991.5	0.23881	0.040564	-0.14994	-0.23	-0.27095	-0.36912	-0.39665	-0.50498	-0.63989	-0.73825	-1.0384	-1.1796	-1.2757	-1.3091	-1.3886	-1.669	-1.8374	-1.1972	-0.57826	-1.4987	-0.95556	-0.48318	1.1831	0.87447	0.48043	0.27655	0.083361	-0.092841	-0.043409	0.04514	5.126
992.19	0.23508	0.032646	-0.16223	-0.226	-0.27203	-0.36577	-0.39468	-0.50252	-0.63114	-0.73265	-1.0216	-1.1678	-1.2681	-1.2785	-1.3602	-1.6166	-1.7699	-1.1091	-0.46945	-1.3811	-0.84573	-0.43145	1.1647	0.85364	0.46273	0.25857	0.072523	-0.097501	-0.051517	0.048044	4.969
991.5	0.23832	0.03097	-0.16871	-0.22333	-0.26741	-0.35859	-0.38515	-0.49899	-0.62121	-0.72026	-1.0098	-1.152	-1.2482	-1.2498	-1.3289	-1.5717	-1.7158	-1.0335	-0.3709	-1.273	-0.75253	-0.3627	1.1474	0.83172	0.44365	0.2451	0.062238	-0.10187	-0.049434	0.046735	4.832
990.81	0.23891	0.032353	-0.16652	-0.22504	-0.26653	-0.35839	-0.38535	-0.48897	-0.61335	-0.70728	-0.99902	-1.1353	-1.2273	-1.223	-1.2977	-1.5221	-1.6492	-0.95219	-0.27215	-1.1678	-0.66038	-0.25885	1.1387	0.81374	0.42664	0.23744	0.05896	-0.10433	-0.049453	0.046489	4.691
992.19	0.23646	0.034143	-0.16052	-0.22504	-0.26653	-0.36095	-0.38741	-0.4874	-0.61463	-0.70413	-0.99214	-1.1205	-1.2054	-1.2096	-1.274	-1.4859	-1.5864	-0.88252	-0.1943	-1.0798	-0.58902	-0.2429	1.1175	0.78976	0.41012	0.21788	0.043172	-0.12084	-0.052942	0.047237	4.563
992.19	0.23125	0.031775	-0.16023	-0.22867	-0.27007	-0.35741	-0.38279	-0.49241	-0.61148	-0.69883	-0.983	-1.1058	-1.1864	-1.1924	-1.2475	-1.4411	-1.5401	-0.81524	-0.10494	-0.98417	-0.51178	-0.18437	1.1001	0.76971	0.39075	0.20481	0.023338	-0.12271	-0.061109	0.045376	4.439
992.19	0.23115	0.031188	-0.16138	-0.22762	-0.26692	-0.35574	-0.38043	-0.48691	-0.60382	-0.69184	-0.97464	-1.092	-1.1684	-1.178	-1.2258	-1.4039	-1.4937	-0.75582	-0.031616	-0.90172	-0.44522	-0.10006	1.0798	0.7419	0.37001	0.19017	0.012579	-0.12704	-0.059311	0.046971	4.356
992.19	0.2338	0.035478	-0.15528	-0.22543	-0.26761	-0.36026	-0.38043	-0.47669	-0.59812	-0.68821	-0.96186	-1.0723	-1.1408	-1.1618	-1.1993	-1.3629	-1.4406	-0.68203	0.064634	-0.81545	-0.35895	-0.016531	1.0644	0.719	0.35172	0.18545	0.0084463	-0.13697	-0.064991	0.045898	4.243
992.19	0.23036	0.034095	-0.15471	-0.22924	-0.26525	-0.35957	-0.37542	-0.47532	-0.59763	-0.67837	-0.95301	-1.0595	-1.1256	-1.1484	-1.1775	-1.3276	-1.3933	-0.62883	0.12428	-0.74104	-0.29672	0.071442	1.0422	0.69846	0.33392	0.16776	-0.0076786	-0.1408	-0.067133	0.050997	4.124
992.88	0.23105	0.026708	-0.17023	-0.23067	-0.26781	-0.36046	-0.37778	-0.47944	-0.5935	-0.67464	-0.94632	-1.0477	-1.1085	-1.134	-1.1557	-1.298	-1.3373	-0.5627	0.20165	-0.6674	-0.22814	0.14265	1.0171	0.67428	0.31543	0.15253	-0.011812	-0.14739	-0.069925	0.049097	4.04
993.57	0.23135	0.029057	-0.16576	-0.23114	-0.26692	-0.35977	-0.37631	-0.4708	-0.59134	-0.6648	-0.9357	-1.031	-1.0876	-1.1177	-1.1321	-1.2541	-1.2919	-0.51236	0.25852	-0.60054	-0.1562	0.20401	1.0017	0.65767	0.3056	0.15243	-0.019647	-0.14159	-0.062082	0.057611	3.959
992.88	0.2224	0.025827	-0.16357	-0.23944	-0.2737	-0.36233	-0.37807	-0.476	-0.59114	-0.66461	-0.92774	-1.0202	-1.0743	-1.112	-1.115	-1.2284	-1.2572	-0.46231	0.32515	-0.54029	-0.095383	0.24796	0.98621	0.63871	0.28761	0.1426	-0.031232	-0.14936	-0.070278	0.054186	3.885
992.88	0.22063	0.022389	-0.16881	-0.2464	-0.28098	-0.37414	-0.39016	-0.48524	-0.59556	-0.66982	-0.93039	-1.0182	-1.0667	-1.1082	-1.1008	-1.215	-1.2243	-0.42193	0.37371	-0.48568	-0.061854	0.27694	0.96595	0.61925	0.28377	0.12855	-0.028752	-0.14405	-0.060716	0.058999	3.84
992.19	0.22289	0.018118	-0.17967	-0.2503	-0.28274	-0.37502	-0.39075	-0.4816	-0.60421	-0.66893	-0.93039	-1.0133	-1.0582	-1.1082	-1.0933	-1.195	-1.2069	-0.39628	0.40794	-0.44723	-0.021487	0.29852	0.94839	0.60382	0.27089	0.1312	-0.038683	-0.14316	-0.053296	0.062503	3.801
994.26	0.22162	0.014642	-0.18538	-0.24735	-0.28638	-0.3765	-0.39144	-0.49093	-0.60175	-0.6651	-0.91997	-1.0044	-1.0515	-1.0986	-1.0772	-1.1731	-1.1712	-0.36336	0.4386	-0.40161	0.016813	0.31612	0.93854	0.59271	0.27079	0.12157	-0.036134	-0.13913	-0.053905	0.064797	3.807
994.26	0.2168	0.0091679	-0.19167	-0.2504	-0.29012	-0.38486	-0.39753	-0.49751	-0.60726	-0.67346	-0.93177	-1.0113	-1.0515	-1.0967	-1.0724	-1.1683	-1.1625	-0.34987	0.45717	-0.38009	0.043445	0.33091	0.92938	0.58878	0.2589	0.12206	-0.034884	-0.13245	-0.047871	0.062641	3.807
993.57	0.22309	0.01701	-0.18205	-0.25154	-0.2911	-0.38673	-0.39901	-0.49359	-0.60952	-0.67965	-0.93491	-1.0123	-1.0525	-1.1024	-1.0715	-1.1654	-1.1596	-0.33992	0.47458	-0.3687	0.057853	0.34676	0.92783	0.58436	0.25801	0.12845	-0.030376	-0.13255	-0.041542	0.06457	3.828
994.26	0.22162	0.019103	-0.17633	-0.25288	-0.29257	-0.38092	-0.39832	-0.49368	-0.61001	-0.67798	-0.92852	-1.0074	-1.0496	-1.1005	-1.0668	-1.1616	-1.1529	-0.33417	0.47932	-0.36153	0.061902	0.35862	0.92513	0.58691	0.26047	0.1257	-0.032	-0.13058	-0.040805	0.065318	3.84
994.26	0.2281	0.018506	-0.18395	-0.25135	-0.29188	-0.38653	-0.39979	-0.49869	-0.61011	-0.67552	-0.9359	-1.0123	-1.0506	-1.0986	-1.0649	-1.1654	-1.1509	-0.34049	0.465	-0.3643	0.050976	0.35463	0.92127	0.58436	0.26047	0.12265	-0.028299	-0.12202	-0.037267	0.065604	3.898
994.26	0.22633	0.018525	-0.18214	-0.25078	-0.29503	-0.38899	-0.39871	-0.49761	-0.60736	-0.67945	-0.93196	-1.0104	-1.0515	-1.0909	-1.0649	-1.1607	-1.1519	-0.33408	0.47854	-0.35809	0.066692	0.35979	0.93304	0.58387	0.26008	0.12363	-0.024578	-0.12291	-0.037267	0.062119	3.969
995.64	0.22869	0.023639	-0.17414	-0.25135	-0.2967	-0.39007	-0.4051	-0.50194	-0.61168	-0.67906	-0.9358	-1.0153	-1.0572	-1.0909	-1.0696	-1.1654	-1.1616	-0.34317	0.46945	-0.35904	0.061152	0.35823	0.91953	0.58357	0.26165	0.12815	-0.022905	-0.12134	-0.036156	0.063379	4.051
994.26	0.22289	0.017133	-0.18157	-0.25478	-0.29356	-0.38712	-0.3994	-0.49948	-0.6103	-0.67896	-0.94052	-1.0192	-1.0601	-1.0833	-1.0743	-1.175	-1.1751	-0.35772	0.45378	-0.38563	0.039348	0.35677	0.94713	0.59527	0.26116	0.12678	-0.021684	-0.12153	-0.041856	0.054885	4.091
995.64	0.23135	0.02059	-0.18281	-0.25078	-0.2912	-0.38643	-0.40264	-0.49614	-0.6108	-0.67759	-0.94229	-1.0202	-1.0601	-1.068	-1.0715	-1.1769	-1.1809	-0.37035	0.43386	-0.39692	0.022256	0.35648	0.93575	0.59998	0.27345	0.13336	-0.017137	-0.11622	-0.035105	0.055908	4.184
996.33	0.22859	0.016451	-0.18843	-0.25126	-0.291	-0.38279	-0.40156	-0.50154	-0.61365	-0.68526	-0.9416	-1.0231	-1.0658	-1.0546	-1.0753	-1.1731	-1.1828	-0.37016	0.43696	-0.40419	0.012686	0.35473	0.9453	0.59998	0.27827	0.1312	-0.016713	-0.11986	-0.031901	0.061736	4.258
997.02	0.23272	0.020107	-0.1851	-0.24973	-0.28697	-0.3825	-0.39724	-0.49928	-0.60775	-0.6825	-0.93668	-1.0202	-1.0648	-1.0335	-1.0762	-1.1702	-1.1857	-0.37456	0.43067	-0.42045	0.0065461	0.34889	0.93681	0.60903	0.28102	0.14103	-0.012579	-0.11406	-0.031871	0.058753	4.353
996.33	0.23724	0.026954	-0.17576	-0.24458	-0.28648	-0.37689	-0.39429	-0.48946	-0.60254	-0.68044	-0.94042	-1.0212	-1.0639	-1.0192	-1.0743	-1.1778	-1.1925	-0.38432	0.41742	-0.42695	-0.0043609	0.35356	0.95476	0.60991	0.28397	0.14732	-0.0068242	-0.10659	-0.027311	0.06147	4.443
994.95	0.23528	0.026216	-0.17528	-0.25145	-0.28746	-0.38161	-0.40087	-0.49329	-0.61148	-0.68172	-0.94052	-1.0231	-1.0677	-1.0134	-1.081	-1.1817	-1.2069	-0.40403	0.39227	-0.44723	-0.018015	0.33839	0.95852	0.61767	0.29134	0.15734	-0.0051814	-0.10954	-0.028039	0.059383	4.516
996.33	0.22771	0.018752	-0.183	-0.25088	-0.29061	-0.38279	-0.39832	-0.50105	-0.61158	-0.68811	-0.94642	-1.031	-1.0772	-1.0115	-1.0885	-1.196	-1.2263	-0.4226	0.37409	-0.48128	-0.056872	0.32478	0.96006	0.6274	0.29528	0.15253	-0.0051765	-0.11131	-0.030486	0.061194	4.643
997.71	0.23125	0.020893	-0.18214	-0.24744	-0.29365	-0.38368	-0.40471	-0.50577	-0.61443	-0.68427	-0.95114	-1.0359	-1.081	-1.0153	-1.0904	-1.2112	-1.233	-0.44164	0.34227	-0.50194	-0.070415	0.3206	0.96884	0.63487	0.30246	0.15754	0.0026448	-0.10128	-0.024098	0.063783	4.755
997.71	0.22476	0.015902	-0.18586	-0.24897	-0.29955	-0.38742	-0.40795	-0.50616	-0.6165	-0.69342	-0.95537	-1.0408	-1.0876	-1.0249	-1.0999	-1.216	-1.2485	-0.45485	0.33125	-0.53082	-0.087439	0.30436	0.9756	0.64293	0.3055	0.16167	0.008402	-0.10452	-0.025503	0.060052	4.914
997.02	0.22486	0.014614	-0.18853	-0.25345	-0.29886	-0.3882	-0.4106	-0.50586	-0.62259	-0.70168	-0.96235	-1.0497	-1.0971	-1.0479	-1.1131	-1.2351	-1.2784	-0.48289	0.30417	-0.56181	-0.12561	0.28822	0.98139	0.65826	0.31701	0.16845	0.01252	-0.10265	-0.019518	0.064856	5.035
996.33	0.23243	0.016745	-0.19167	-0.25688	-0.29611	-0.39234	-0.40844	-0.50783	-0.62672	-0.69991	-0.9653	-1.0517	-1.099	-1.0766	-1.1198	-1.2551	-1.2977	-0.50643	0.27651	-0.58859	-0.15168	0.27373	0.99972	0.66475	0.32645	0.18004	0.021596	-0.089537	-0.013533	0.065732	5.14
997.71	0.23085	0.016243	-0.1911	-0.25936	-0.30122	-0.39657	-0.4163	-0.51736	-0.6332	-0.70787	-0.96776	-1.0605	-1.1123	-1.1034	-1.1302	-1.2637	-1.3045	-0.52796	0.23966	-0.61192	-0.17601	0.26187	1.0084	0.67792	0.33815	0.19027	0.027324	-0.085624	-0.010339	0.069374	5.297
998.4	0.22496	0.011223	-0.19548	-0.26279	-0.30299	-0.39145	-0.41847	-0.52551	-0.63595	-0.71259	-0.97808	-1.0713	-1.1247	-1.1302	-1.1406	-1.2904	-1.3305	-0.55246	0.21577	-0.64215	-0.21727	0.24135	1.02	0.68676	0.34346	0.18584	0.035917	-0.081759	-0.0085669	0.067444	5.45
998.4	0.22624	0.01342	-0.19234	-0.26565	-0.30437	-0.39834	-0.42024	-0.52502	-0.64362	-0.72075	-0.98624	-1.0812	-1.1342	-1.1618	-1.1567	-1.3161	-1.3614	-0.58548	0.18018	-0.69026	-0.24998	0.21587	1.0267	0.70308	0.35221	0.19783	0.046193	-0.070884	-0.0039871	0.067444	5.606
999.77	0.22211	0.012104	-0.191	-0.26689	-0.31085	-0.40493	-0.43026	-0.52639	-0.6506	-0.72832	-0.99411	-1.091	-1.1456	-1.1866	-1.168	-1.3428	-1.3894	-0.6273	0.12331	-0.73473	-0.30201	0.17552	1.048	0.70986	0.36814	0.211	0.057631	-0.065604	0.00094464	0.071086	5.795
999.09	0.21798	0.010172	-0.19081	-0.2727	-0.31105	-0.41319	-0.43675	-0.53789	-0.66003	-0.73796	-1.0039	-1.1038	-1.1627	-1.2154	-1.1851	-1.3734	-1.4348	-0.67534	0.072662	-0.786	-0.34635	0.13915	1.0567	0.7248	0.382	0.21739	0.056027	-0.064227	0.0020019	0.069265	5.964
999.09	0.2226	0.01289	-0.18986	-0.27013	-0.31881	-0.41536	-0.44274	-0.5483	-0.66652	-0.74917	-1.0167	-1.1205	-1.1817	-1.2374	-1.2097	-1.4077	-1.4705	-0.71668	0.02443	-0.84883	-0.4156	0.083451	1.0769	0.74691	0.394	0.22614	0.076943	-0.055702	0.0093934	0.072169	6.167
999.77	0.22515	0.01271	-0.19272	-0.2688	-0.32048	-0.4189	-0.44667	-0.55262	-0.67242	-0.75448	-1.0266	-1.1363	-1.2026	-1.2603	-1.2296	-1.4458	-1.5072	-0.7696	-0.045765	-0.91454	-0.48351	0.012699	1.0885	0.76313	0.41091	0.23852	0.086776	-0.044827	0.02171	0.07402	6.344
1000.5	0.22103	0.0111	-0.19186	-0.27223	-0.32078	-0.42165	-0.445	-0.55429	-0.67959	-0.76313	-1.0315	-1.1471	-1.2187	-1.2785	-1.2475	-1.4716	-1.5565	-0.83084	-0.12002	-0.99565	-0.54804	-0.073416	1.1126	0.78986	0.42782	0.25788	0.096098	-0.032497	0.023439	0.074728	6.553
999.09	0.21926	0.0063578	-0.19977	-0.27366	-0.32422	-0.42805	-0.45286	-0.56126	-0.68843	-0.77542	-1.0502	-1.1678	-1.2406	-1.2986	-1.2712	-1.5126	-1.6144	-0.90089	-0.20407	-1.0875	-0.63759	-0.1481	1.1348	0.80902	0.44532	0.26987	0.1127	-0.019803	0.029827	0.074876	6.756
999.09	0.22702	0.0063872	-0.2072	-0.27795	-0.32677	-0.42933	-0.45886	-0.56539	-0.69846	-0.78427	-1.0659	-1.1855	-1.2605	-1.3206	-1.2977	-1.5612	-1.6714	-0.97516	-0.29788	-1.1821	-0.72165	-0.22764	1.1512	0.82848	0.46597	0.28736	0.12707	-0.011288	0.039675	0.079374	6.994
999.77	0.22132	0.0022437	-0.20996	-0.27938	-0.32972	-0.42992	-0.46269	-0.57531	-0.70524	-0.79243	-1.0728	-1.2022	-1.2852	-1.3417	-1.3252	-1.6003	-1.7332	-1.0498	-0.38483	-1.2778	-0.81918	-0.296	1.1686	0.85393	0.48702	0.30122	0.14016	-0.0060835	0.039665	0.079601	7.202
999.77	0.21297	0.00057157	-0.20529	-0.27804	-0.33719	-0.43415	-0.468	-0.58533	-0.7074	-0.80246	-1.0895	-1.2229	-1.3099	-1.356	-1.3526	-1.649	-1.7882	-1.1197	-0.47177	-1.383	-0.90661	-0.35269	1.1811	0.8787	0.50206	0.31144	0.15818	5.8554e-005	0.045276	0.076126	7.447
999.77	0.21906	0.0043472	-0.20358	-0.28119	-0.3365	-0.44408	-0.47625	-0.58965	-0.72096	-0.81593	-1.1082	-1.2455	-1.3337	-1.3771	-1.3801	-1.6938	-1.8529	-1.2058	-0.58164	-1.4758	-0.99356	-0.44613	1.1966	0.88696	0.51897	0.32962	0.1692	0.014228	0.052657	0.073724	7.674
1000.5	0.21896	0.0050603	-0.20205	-0.28443	-0.33866	-0.44713	-0.47851	-0.5927	-0.72834	-0.82292	-1.116	-1.2612	-1.3584	-1.3972	-1.4085	-1.7367	-1.9215	-1.2957	-0.69373	-1.603	-1.1032	-0.52247	1.2033	0.91005	0.53765	0.34446	0.18062	0.022714	0.057207	0.078469	7.909
1000.5	0.2228	0.0059345	-0.20405	-0.28538	-0.3366	-0.44753	-0.48431	-0.59849	-0.73531	-0.83127	-1.1318	-1.2789	-1.3754	-1.4096	-1.4331	-1.7901	-1.9823	-1.3761	-0.79683	-1.7216	-1.2119	-0.5954	1.2188	0.92794	0.56263	0.35793	0.19164	0.033097	0.064942	0.076343	8.134
1001.2	0.22054	0.010323	-0.193	-0.28214	-0.33886	-0.44428	-0.48588	-0.6035	-0.73934	-0.84298	-1.1426	-1.2888	-1.3849	-1.4211	-1.4634	-1.8359	-2.0383	-1.4556	-0.90109	-1.8354	-1.3071	-0.66463	1.2255	0.9472	0.57482	0.36854	0.20877	0.041101	0.068067	0.075506	8.4
