20372	4	12	84	31	746.8	2	2	38	30.649	255	8160	5	0	0	0	0	97.838	980.48	1.4183e+006	0.11862	0.0035475	41.467	0	0	1	0	0	0	1	0	0
981.85	0.035733	-0.069825	-0.13755	-0.13956	-0.23587	-0.27831	-0.31124	-0.38131	-0.40805	-0.50201	-0.54527	0.381	-0.79239	-0.88913	-0.87329	-0.71058	-0.54151	-0.42914	0.36542	-0.073321	0.52236	0.20594	0.15141	0.043608	0.0052665	-0.13959	-0.15821	1.1063e-005	-0.065155	0.051621	2.316
983.23	0.048137	-0.080004	-0.16023	-0.15281	-0.23921	-0.24796	-0.30724	-0.37113	-0.41444	-0.53916	-0.53677	0.87557	-0.80683	-0.90065	-0.92572	-0.72032	-0.57747	-0.48933	0.33823	-0.086561	0.48463	0.16351	0.1859	0.07079	0.024632	-0.13454	-0.11825	1.1053e-005	-0.057852	0.039959	2.625
981.85	0.073106	-0.066406	-0.15761	-0.13623	-0.22529	-0.2595	-0.29629	-0.36656	-0.41148	-0.53963	-0.54527	0.45726	-0.82552	-0.92459	-0.94463	-0.76851	-0.62677	-0.54385	0.3386	-0.073321	0.46271	0.36733	0.24155	0.13319	0.075076	-0.10072	-0.087307	1.1063e-005	-0.054296	0.057433	2.936
981.16	0.064869	-0.07674	-0.12915	-0.14307	-0.23263	-0.25979	-0.32657	-0.39159	-0.43942	-0.5553	-0.57344	0.87739	-0.85187	-0.95739	-0.98503	-0.79572	-0.68234	-0.57142	0.24045	-0.086747	0.38105	0.3677	0.27643	0.16055	0.090684	-0.095953	-0.087393	1.1072e-005	-0.043475	0.063313	3.137
981.85	0.052341	-0.090338	-0.14325	-0.15299	-0.24302	-0.28212	-0.33	-0.40606	-0.4561	-0.58108	-0.57678	0.54191	-0.87908	-0.99107	-1.0048	-0.83707	-0.70595	-0.59775	0.24018	-0.086658	0.34332	0.37121	0.32121	0.19154	0.11777	-0.081308	-0.051841	1.1063e-005	-0.043437	0.051621	3.494
981.16	0.056555	-0.093869	-0.17774	-0.17325	-0.25036	-0.29367	-0.33029	-0.40644	-0.4807	-0.59302	-0.58929	0.90707	-0.92343	-1.0496	-1.0804	-0.91203	-0.8347	-0.73347	0.070265	-0.080074	0.18686	0.46771	0.40478	0.26199	0.16056	-0.047376	-0.047453	1.1072e-005	-0.039852	0.054585	3.718
981.16	0.056555	-0.083595	-0.16636	-0.16658	-0.23968	-0.27859	-0.31162	-0.41139	-0.47384	-0.60438	-0.59321	0.61034	-0.9356	-1.0726	-1.1131	-0.94363	-0.87129	-0.80101	0.016538	-0.080074	0.13454	0.48694	0.46719	0.32825	0.20715	-0.013369	-0.011959	1.1072e-005	-0.028983	0.060406	4.022
981.16	0.060712	-0.090424	-0.14911	-0.16992	-0.25036	-0.30121	-0.334	-0.41634	-0.49786	-0.61937	-0.6209	0.89008	-0.97647	-1.1329	-1.1492	-1.0174	-0.93793	-0.86847	-0.064062	-0.080074	0.08227	0.49082	0.46719	0.33598	0.21878	-0.0036504	-0.016395	1.1072e-005	-0.025351	0.051679	4.304
971.51	0.048699	-0.09473	-0.1506	-0.20193	-0.27782	-0.32307	-0.3599	-0.41034	-0.52341	-0.63666	-0.65461	0.63325	-1.0121	-1.1701	-1.2059	-1.0428	-1.0514	-0.93788	-0.15507	-0.12798	-0.045128	0.48768	0.51016	0.40214	0.23259	0.006125	0.014808	1.1177e-005	-0.058529	0.05511	4.564
971.51	0.069674	-0.087841	-0.13326	-0.20193	-0.24197	-0.3307	-0.3599	-0.42024	-0.54077	-0.64812	-0.67858	0.86002	-1.0373	-1.234	-1.2695	-1.1332	-1.1876	-1.0469	-0.32683	-0.12126	-0.19591	0.4178	0.55218	0.45334	0.26004	0.020839	0.010334	1.1177e-005	-0.040233	0.034548	4.825
971.51	0.073869	-0.084387	-0.13326	-0.19518	-0.2312	-0.32307	-0.3599	-0.44023	-0.54773	-0.65575	-0.69453	0.70168	-1.0712	-1.2765	-1.3117	-1.1762	-1.2367	-1.1019	-0.38111	-0.12798	-0.2789	0.34016	0.60469	0.49662	0.28748	0.079698	0.041689	1.1177e-005	-0.018277	0.049231	5.121
970.82	0.07815	-0.087927	-0.13335	-0.19544	-0.24579	-0.33862	-0.37543	-0.44071	-0.57957	-0.6526	-0.72317	0.8395	-1.113	-1.3457	-1.3796	-1.2579	-1.3175	-1.1577	-0.52623	-0.11463	-0.36971	0.21999	0.61936	0.53257	0.32312	0.099384	0.050704	1.1196e-005	-0.021957	0.037531	5.407
970.82	0.052952	-0.094816	-0.16522	-0.19202	-0.27448	-0.32345	-0.37543	-0.43071	-0.55526	-0.69453	-0.72718	0.78805	-1.1573	-1.3714	-1.4371	-1.3158	-1.4101	-1.3625	-0.74342	-0.14159	-0.57353	-0.07549	0.66491	0.59559	0.37409	0.094515	0.073121	1.1196e-005	0.003682	0.055168	5.716
968.75	0.090944	-0.081184	-0.13361	-0.19579	-0.24636	-0.33939	-0.37619	-0.45165	-0.58434	-0.67304	-0.74877	0.81125	-1.1904	-1.4423	-1.4827	-1.415	-1.5554	-1.4467	-0.93589	-0.10809	-0.75629	-0.30161	0.69797	0.61656	0.4064	0.15865	0.095786	1.1215e-005	-0.007323	0.028765	6.003
970.82	0.090754	-0.070634	-0.12468	-0.1886	-0.24579	-0.33481	-0.37914	-0.44566	-0.58653	-0.72117	-0.75115	0.89523	-1.2165	-1.4715	-1.5343	-1.4598	-1.6198	-1.5052	-0.997	-0.10791	-0.83766	-0.31649	0.72456	0.65079	0.42117	0.16323	0.11347	1.1196e-005	1.8687e-005	0.031651	6.256
967.37	0.09104	-0.074329	-0.11059	-0.18921	-0.25017	-0.35122	-0.39933	-0.47212	-0.60931	-0.71582	-0.79355	0.84646	-1.2643	-1.5212	-1.5781	-1.5239	-1.6925	-1.5788	-1.1183	-0.10827	-0.95382	-0.36437	0.74085	0.66862	0.45404	0.17857	0.13183	1.1225e-005	0.018391	0.040599	6.544
968.75	0.08673	-0.074251	-0.14237	-0.20939	-0.27505	-0.36611	-0.4179	-0.48659	-0.62609	-0.73416	-0.8327	1.0518	-1.2965	-1.5877	-1.6194	-1.5862	-1.7524	-1.6657	-1.2442	-0.12161	-1.0358	-0.46134	0.73304	0.68768	0.45747	0.19315	0.10028	1.1215e-005	0.0073602	0.043496	6.753
970.82	0.082354	-0.06371	-0.19123	-0.19878	-0.27811	-0.38434	-0.44352	-0.49058	-0.63172	-0.75163	-0.85495	0.87805	-1.3243	-1.6036	-1.64	-1.6625	-1.8041	-1.7579	-1.413	-0.067435	-1.1549	-0.58473	0.75257	0.69798	0.49577	0.20744	0.12695	1.1196e-005	0.018334	0.055168	7.054
964.61	0.091326	-0.085016	-0.13423	-0.20685	-0.26905	-0.35609	-0.4121	-0.49372	-0.64621	-0.77942	-0.84435	1.0823	-1.3382	-1.6497	-1.7148	-1.7003	-1.934	-1.8447	-1.5042	-0.10853	-1.3369	-0.67458	0.78907	0.75004	0.51864	0.24336	0.17742	1.1263e-005	0.033197	0.040723	7.426
962.54	0.078817	-0.078213	-0.16662	-0.21413	-0.28411	-0.37222	-0.432	-0.51486	-0.6546	-0.76576	-0.86622	0.92444	-1.3382	-1.7189	-1.7792	-1.7793	-2.0248	-1.9795	-1.6711	-0.12241	-1.5151	-0.67597	0.80841	0.7834	0.54742	0.27357	0.17781	1.1291e-005	0.036963	0.046736	7.636
960.47	0.087474	-0.071384	-0.14937	-0.21457	-0.28831	-0.38844	-0.43676	-0.51095	-0.6771	-0.77894	-0.89229	1.1386	-1.3573	-1.7517	-1.8162	-1.8372	-2.0974	-2.0114	-1.7942	-0.11587	-1.6094	-0.67745	0.81375	0.78512	0.55657	0.26423	0.18268	1.131e-005	0.040739	0.046842	7.986
955.65	0.070866	-0.078798	-0.15901	-0.21571	-0.3008	-0.39827	-0.45067	-0.54922	-0.68072	-0.80243	-0.90929	0.95727	-1.393	-1.8297	-1.879	-1.9118	-2.2091	-2.1532	-1.9511	-0.12329	-1.7561	-0.70869	0.82165	0.80133	0.57543	0.28062	0.2019	1.1377e-005	0.03724	0.044108	8.209
956.34	0.079322	-0.064666	-0.15008	-0.21553	-0.28592	-0.40944	-0.47324	-0.53342	-0.67653	-0.80931	-0.9366	1.1825	-1.4251	-1.8705	-1.9013	-1.9742	-2.3071	-2.2756	-2.2522	-0.11631	-1.9991	-0.83819	0.79583	0.8284	0.61069	0.29529	0.21079	1.1358e-005	0.06322	0.064938	8.525
958.4	0.074899	-0.071539	-0.17319	-0.19448	-0.28888	-0.40467	-0.47219	-0.56254	-0.68911	-0.82688	-0.97499	1.0241	-1.4773	-2.03	-1.9649	-2.0672	-2.4079	-2.3749	-2.3844	-0.068301	-2.1478	-0.79705	0.79412	0.80667	0.62127	0.31454	0.22398	1.1339e-005	0.05196	0.055875	8.796
956.34	0.066528	-0.064666	-0.14421	-0.19834	-0.28955	-0.40171	-0.48476	-0.57397	-0.71533	-0.83643	-0.99313	1.278	-1.5095	-2.0867	-2.0268	-2.169	-2.5133	-2.4839	-2.5732	-0.061602	-2.3745	-0.90918	0.79583	0.80848	0.63461	0.32016	0.24262	1.1358e-005	0.085529	0.050025	9.114
952.2	0.062533	-0.068473	-0.16838	-0.20264	-0.31271	-0.40343	-0.48295	-0.59167	-0.71133	-0.85553	-0.99791	1.0527	-1.5738	-2.2277	-2.1042	-2.2436	-2.5868	-2.6541	-2.8058	-0.075611	-2.5546	-0.9761	0.78497	0.84404	0.69731	0.35161	0.25734	1.1406e-005	0.093366	0.050235	9.421
950.13	0.049796	-0.061549	-0.15988	-0.19614	-0.30976	-0.39646	-0.49171	-0.59291	-0.71285	-0.87291	-1.0246	1.3524	-1.6034	-2.3545	-2.1549	-2.2928	-2.6367	-2.702	-2.8861	-0.068885	-2.5756	-1.2802	0.79383	0.83784	0.71484	0.35742	0.28545	1.1434e-005	0.093566	0.047348	9.716
948.06	0.049901	-0.072314	-0.16023	-0.21395	-0.31043	-0.42462	-0.5121	-0.59928	-0.73926	-0.90213	-1.0466	1.0393	-1.6356	-2.3296	-2.2245	-2.3516	-2.7748	-2.7356	-3.0311	-0.069035	-2.8052	-1.0408	0.78116	0.83965	0.69626	0.37829	0.29061	1.1463e-005	0.071266	0.044433	10
947.37	0.062876	-0.058207	-0.18414	-0.19676	-0.31805	-0.44075	-0.52429	-0.64088	-0.76148	-0.907	-1.0848	1.5061	-1.6825	-2.4351	-2.3259	-2.4306	-2.841	-2.8509	-3.2473	-0.076017	-3.0015	-1.221	0.77125	0.84862	0.74123	0.37867	0.31852	1.1472e-005	0.11641	0.062557	10.32
945.3	0.024178	-0.10455	-0.16076	-0.22158	-0.3519	-0.41431	-0.52162	-0.62689	-0.75595	-0.95198	-1.0915	1.0117	-1.739	-2.4936	-2.6422	-2.5948	-3.068	-3.2214	-3.7381	-0.096955	-3.5037	-1.4068	0.74771	0.86664	0.77106	0.40468	0.34223	1.1501e-005	0.12413	0.077795	10.65
941.17	0.045954	-0.07643	-0.18536	-0.20851	-0.3313	-0.43177	-0.52381	-0.63479	-0.74489	-0.94835	-1.1249	1.6654	-1.7782	-2.5814	-2.8004	-2.6729	-3.1134	-3.2631	-3.8567	-0.083468	-3.6047	-1.7304	0.75457	0.87035	0.79469	0.42669	0.35762	1.1549e-005	0.12852	0.093291	10.92
939.79	0.011298	-0.087238	-0.17056	-0.21579	-0.33531	-0.44017	-0.52829	-0.6406	-0.77082	-0.98072	-1.1383	0.99067	-1.8121	-2.5805	-2.9001	-2.7466	-3.295	-3.436	-4.2443	-0.090503	-3.9753	-1.5316	0.71922	0.87541	0.80765	0.45251	0.36728	1.1558e-005	0.13996	0.075176	11.18
937.72	0.033064	-0.094558	-0.18291	-0.20571	-0.33979	-0.42929	-0.53343	-0.64202	-0.77606	-0.99122	-1.1536	1.7781	-1.8451	-2.6133	-2.9413	-2.8467	-3.3595	-3.5281	-4.3283	-0.09068	-4.0773	-1.7516	0.6954	0.85691	0.80536	0.42307	0.382	1.1587e-005	0.13271	0.078388	11.49
934.96	0.0069989	-0.10205	-0.17757	-0.21693	-0.34465	-0.4228	-0.54695	-0.65449	-0.78951	-1.0103	-1.1736	0.9964	-1.8808	-2.6514	-3.0264	-2.8897	-3.5111	-3.6815	-4.5308	-0.091033	-4.3022	-1.7294	0.68673	0.86387	0.82842	0.45499	0.42979	1.1625e-005	0.14453	0.063379	11.84
933.58	-0.010459	-0.10575	-0.18676	-0.21369	-0.34875	-0.42719	-0.53571	-0.67077	-0.80123	-1.0304	-1.1669	1.8611	-1.9156	-2.7046	-3.0643	-2.9924	-3.5919	-3.7994	-4.6858	-0.098104	-4.4956	-1.9171	0.69483	0.87703	0.83337	0.46061	0.4536	1.1634e-005	0.14854	0.063456	12.2
934.96	0.011364	-0.10205	-0.15051	-0.20641	-0.32968	-0.40696	-0.53124	-0.64926	-0.80752	-1.038	-1.186	1.0136	-1.9295	-2.7321	-3.1021	-3.0003	-3.6582	-3.8163	-4.7843	-0.091033	-4.5928	-2.0927	0.67225	0.86387	0.84062	0.46014	0.44844	1.1625e-005	0.15598	0.072537	12.49
932.89	-0.0060989	-0.073502	-0.15086	-0.21036	-0.3416	-0.4395	-0.556	-0.67667	-0.79122	-1.0237	-1.2223	1.926	-1.9738	-2.8092	-3.1399	-3.1346	-3.9097	-4.2719	-5.2185	-0.09121	-4.972	-2.101	0.60078	0.86578	0.85472	0.50197	0.44471	1.1644e-005	0.1677	0.078818	12.72
924.62	0.0026676	-0.11049	-0.13396	-0.2336	-0.34465	-0.42347	-0.53714	-0.63555	-0.8347	-1.0648	-1.2328	1.0432	-2.026	-2.9253	-3.2662	-3.1846	-4.2484	-4.3889	-5.4074	-0.13452	-5.2141	-2.3524	0.60602	0.8775	0.84166	0.49616	0.46755	1.1749e-005	0.16151	0.067175	13.06
928.76	-0.032463	-0.12082	-0.14543	-0.21132	-0.34313	-0.41364	-0.53867	-0.68486	-0.84194	-1.0724	-1.2481	2.0014	-2.079	-2.9865	-3.3402	-3.3321	-4.449	-5.1256	-5.733	-0.098634	-5.5619	-2.4763	0.55943	0.8448	0.87492	0.50426	0.49824	1.1701e-005	0.16465	0.060731	13.37
918.41	-0.01063	-0.1222	-0.1379	-0.22439	-0.34313	-0.43034	-0.53667	-0.6978	-0.84766	-1.0886	-1.2662	1.1224	-2.1051	-3.03	-3.4158	-3.426	-4.3746	-5.1752	-5.9501	-0.11401	-5.7753	-2.6353	0.54713	0.87093	0.89703	0.52017	0.51334	1.1825e-005	0.17809	0.06141	13.69
915.66	-0.024035	-0.13357	-0.11996	-0.23597	-0.3519	-0.41965	-0.53448	-0.66839	-0.85415	-1.1039	-1.2748	2.0348	-2.1425	-3.1088	-3.482	-3.4594	-4.4872	-5.4163	-6.2192	-0.13584	-6.0507	-2.8128	0.4932	0.84461	0.88759	0.53236	0.51029	1.1873e-005	0.16703	0.055378	13.97
913.59	-0.010697	-0.10084	-0.16014	-0.2365	-0.34132	-0.42462	-0.54371	-0.65402	-0.85977	-1.1106	-1.2987	1.152	-2.1608	-3.0956	-3.5095	-3.5243	-4.5299	-5.8135	-6.387	-0.15051	-6.2251	-3.0632	0.49063	0.8632	0.90627	0.54923	0.54002	1.1892e-005	0.17905	0.064871	14.29
911.52	-0.019669	-0.12685	-0.11435	-0.23343	-0.32673	-0.42557	-0.54495	-0.6661	-0.88389	-1.1135	-1.3064	2.0262	-2.1929	-3.1266	-3.598	-3.6112	-4.7042	-5.9713	-6.6716	-0.15087	-6.5605	-3.1113	0.45814	0.83584	0.89998	0.56619	0.54126	1.192e-005	0.17171	0.058762	14.59
912.21	-0.015178	-0.1377	-0.15113	-0.22588	-0.30728	-0.42509	-0.55238	-0.66001	-0.88294	-1.1163	-1.3302	1.276	-2.2121	-3.1709	-3.6419	-3.7043	-4.8694	-5.7399	-6.9535	-0.14344	-6.8578	-3.3526	0.43898	0.8265	0.89893	0.56552	0.54537	1.1911e-005	0.17152	0.058695	14.92
911.52	-0.037564	-0.13056	-0.15743	-0.24422	-0.29241	-0.41345	-0.52886	-0.682	-0.88027	-1.101	-1.3398	2.0071	-2.2451	-3.3021	-3.7304	-3.793	-5.0129	-6.153	-7.2208	-0.13646	-7.1065	-3.58	0.37228	0.80648	0.90827	0.61317	0.5555	1.192e-005	0.18343	0.018058	15.17
911.52	-0.077826	-0.13788	-0.15743	-0.20816	-0.30766	-0.43779	-0.53686	-0.67144	-0.88027	-1.0972	-1.3446	1.36	-2.2564	-3.3225	-3.7459	-3.8333	-5.111	-6.262	-7.4816	-0.13646	-7.3075	-4.093	0.31254	0.7855	0.92085	0.61841	0.56506	1.192e-005	0.18734	0.021184	15.48
907.38	-0.10516	-0.18662	-0.17056	-0.21992	-0.3436	-0.41125	-0.53124	-0.65839	-0.88046	-1.1259	-1.3637	1.9842	-2.2886	-3.3447	-3.8146	-3.9308	-5.2526	-6.3932	-7.7763	-0.13708	-7.6477	-4.948	0.24641	0.75108	0.92494	0.59497	0.59164	1.1977e-005	0.1842	0.03386	15.8
909.45	-0.10935	-0.17146	-0.20103	-0.24834	-0.30451	-0.40219	-0.50171	-0.65697	-0.84509	-1.0867	-1.3436	1.4316	-2.2938	-3.3952	-3.8714	-3.9729	-5.3007	-6.3276	-7.904	-0.13673	-7.7515	-5.6255	0.20849	0.73678	0.91875	0.63032	0.5903	1.1949e-005	0.19945	0.0055416	16.07
906	-0.12775	-0.19428	-0.20173	-0.23474	-0.35171	-0.43206	-0.52371	-0.66449	-0.87026	-1.0905	-1.3904	1.968	-2.3216	-3.4625	-3.8877	-4.015	-5.3579	-6.3126	-8.0472	-0.13001	-7.9154	-5.07	0.18285	0.70971	0.90503	0.62193	0.56831	1.1987e-005	0.1923	-0.0070348	16.34
903.93	-0.14158	-0.25043	-0.26119	-0.25702	-0.31395	-0.43712	-0.52895	-0.63917	-0.86482	-1.0562	-1.3589	1.4765	-2.3181	-3.4253	-3.8963	-4.0466	-5.3833	-6.4952	-8.1722	-0.13752	-8.0708	-5.8658	0.14188	0.71552	0.91551	0.63918	0.57443	1.2016e-005	0.20059	-0.0038945	16.66
901.87	-0.18706	-0.28075	-0.2618	-0.31229	-0.2761	-0.44227	-0.57086	-0.62993	-0.86301	-1.059	-1.3665	1.9079	-2.3181	-3.475	-3.9014	-4.0791	-5.4614	-6.5102	-8.3072	-0.11613	-8.1622	-6.0211	0.10453	0.70027	0.90913	0.64061	0.58055	1.2044e-005	0.20498	-0.010229	16.99
901.87	-0.23682	-0.24725	-0.31162	-0.34878	-0.31462	-0.44227	-0.49762	-0.66753	-0.84061	-1.0552	-1.3235	1.4975	-2.3016	-3.4608	-3.9247	-4.1072	-5.4614	-6.5023	-8.4148	-0.13063	-8.3166	-6.5822	0.05924	0.66633	0.90913	0.65119	0.5902	1.2044e-005	0.20107	-0.029204	17.27
903.93	-0.21375	-0.29874	-0.40723	-0.51887	-0.37945	-0.49028	-0.65086	-0.70884	-0.86482	-1.0896	-1.3417	1.8306	-2.2903	-3.4563	-3.9152	-4.087	-5.5159	-6.6122	-8.5607	-0.094127	-8.4271	-6.5129	0.059106	0.64364	0.91551	0.64442	0.59842	1.2016e-005	0.19268	-0.041765	17.61
901.87	-0.25942	-0.48932	-0.48289	-0.4544	-0.44199	-0.64289	-0.72552	-0.79641	-0.87426	-1.0628	-1.2978	1.4975	-2.2599	-3.4156	-3.892	-4.1309	-5.5813	-6.6565	-8.7559	-0.13063	-8.6815	-6.9085	0.013979	0.64516	0.93447	0.67234	0.60951	1.2044e-005	0.20498	-0.019721	17.88
901.87	-0.27753	-0.40734	-0.49217	-0.52001	-0.48061	-0.7535	-0.81514	-0.82859	-0.93414	-1.0791	-1.3541	1.7742	-2.2538	-3.412	-3.9178	-4.1932	-5.6412	-6.7522	-9.0378	-0.072561	-8.9417	-7.2015	-0.03882	0.58157	0.93447	0.68292	0.62395	1.2044e-005	0.20498	-0.035533	18.19
907.38	-0.43322	-0.5273	-0.43989	-0.54606	-0.72734	-0.84704	-0.91581	-0.87732	-1.0697	-1.1545	-1.2911	1.4669	-2.1477	-3.2923	-3.7923	-4.0387	-5.4179	-6.4801	-8.7742	-0.093773	-8.7054	-7.098	-0.027357	0.60779	0.97097	0.68949	0.63485	1.1977e-005	0.22338	-0.11079	18.47
901.18	-0.53571	-0.59792	-0.6735	-1.2316	-1.165	-1.3285	-1.1952	-1.4211	-1.5226	-1.3971	-1.3894	1.3982	-1.5269	-2.6709	-3.133	-3.4339	-4.7641	-5.9145	-7.8593	-0.12347	-7.7573	-6.1376	0.1273	0.71371	0.95239	0.67834	0.61018	1.2054e-005	0.15788	-0.17494	18.76
899.8	-0.59072	-1.1996	-1.2512	-1.0579	-1.0344	-1.0718	-1.0048	-1.1479	-1.4577	-1.5136	-1.2882	1.2102	-1.3199	-1.632	-2.1798	-2.6158	-3.9724	-5.1335	-6.6579	-0.079994	-6.5366	-3.8425	0.31263	0.76129	0.94505	0.67387	0.59154	1.2073e-005	0.13042	-0.24807	19.02
899.8	-0.86254	-0.72555	-0.91148	-0.93774	-1.0192	-1.3829	-1.2905	-1.1422	-1.0974	-1.1478	-1.0208	1.0995	-1.0921	-1.6737	-2.2614	-2.6211	-3.8398	-4.9571	-6.2283	-0.087268	-6.0964	-3.335	0.38448	0.79532	0.9662	0.64204	0.5577	1.2073e-005	0.067176	-0.39385	19.35
897.73	-1.0783	-1.0412	-0.95439	-0.88511	-0.82402	-0.78576	-0.75343	-0.71912	-0.78436	-0.79193	-0.77312	0.78242	-0.84969	-1.2029	-1.8549	-2.27	-3.4557	-4.8135	-5.5186	-0.10933	-5.4008	-2.7462	0.46871	0.83546	0.94724	0.59573	0.52501	1.2101e-005	0.023778	-0.49958	19.7
895.66	-0.92565	-0.87152	-0.78706	-0.77677	-0.82593	-0.84942	-0.84943	-0.80184	-0.78607	-0.7607	-0.84407	0.80275	-0.87995	-1.1285	-1.836	-2.1883	-3.3368	-4.6105	-5.1483	-0.09501	-5.054	-2.3986	0.55333	0.86721	0.92809	0.56524	0.50187	1.213e-005	0.023835	-0.41479	20.07
893.59	-0.85472	-0.79815	-0.79836	-0.73809	-0.7304	-0.68603	-0.73629	-0.75491	-0.7426	-0.77904	-0.71592	0.87443	-0.8117	-1.3909	-1.9383	-2.2164	-3.2778	-4.4802	-5.0425	-0.087869	-4.9092	-2.3025	0.60402	0.89057	0.93876	0.58249	0.5274	1.2159e-005	0.031843	-0.39022	20.39
892.21	-0.74241	-0.76232	-0.74346	-0.71028	-0.75166	-0.66684	-0.72152	-0.71865	-0.66108	-0.71439	-0.71324	0.68059	-0.76866	-0.93345	-1.3564	-1.839	-3.0099	-4.2976	-4.8272	-0.088072	-4.7729	-2.2822	0.63213	0.94405	0.98336	0.59449	0.54327	1.2187e-005	0.019955	-0.39423	20.71
892.9	-0.6731	-0.76146	-0.75519	-0.7573	-0.82488	-0.78615	-0.73714	-0.73407	-0.69436	-0.67638	-0.71678	0.81487	-0.72579	-0.89356	-1.3091	-1.8486	-2.96	-4.2772	-4.7433	-0.087966	-4.5785	-2.1019	0.6428	0.93013	0.98717	0.61517	0.52797	1.2168e-005	0.06772	-0.31709	20.95
893.59	-0.81372	-0.77937	-0.73549	-0.66449	-0.71876	-0.66532	-0.66238	-0.6682	-0.67844	-0.76662	-0.72461	0.62323	-0.71092	-0.93079	-1.5936	-1.9908	-3.0835	-4.3543	-4.9349	-0.087869	-4.7862	-2.2387	0.62308	0.92479	0.98145	0.61984	0.52252	1.2159e-005	0.027868	-0.39978	21.27
893.59	-0.64039	-0.73803	-0.7826	-0.72335	-0.78493	-0.74806	-0.75276	-0.76034	-0.72372	-0.71697	-0.67695	0.83721	-0.68857	-1.015	-1.6331	-2.0137	-3.0635	-4.2949	-5.0626	-0.073224	-4.8682	-2.3534	0.61164	0.90344	0.98526	0.61984	0.53715	1.2159e-005	0.051731	-0.3168	21.6
895.66	-0.76176	-0.81132	-0.79652	-0.73273	-0.74813	-0.6886	-0.7059	-0.75862	-0.78607	-0.81026	-0.70131	0.62638	-0.74561	-0.88736	-1.0452	-1.6222	-2.9427	-4.3366	-4.9531	-0.10226	-4.8739	-2.3774	0.56467	0.89285	0.98717	0.61307	0.55053	1.213e-005	0.063515	-0.37655	21.92
894.97	-0.80819	-0.83475	-0.82568	-0.7887	-0.85405	-0.81325	-0.81343	-0.77033	-0.70408	-0.74504	-0.72814	0.84551	-0.73248	-0.80394	-0.87931	-1.3579	-2.6658	-3.912	-4.6931	-0.095099	-4.6004	-2.1861	0.60335	0.90668	0.9805	0.59783	0.5317	1.2139e-005	0.051664	-0.3929	22.22
893.59	-0.77263	-0.84319	-0.79205	-0.808	-0.87064	-0.8059	-0.79381	-0.74949	-0.73888	-0.75832	-0.74199	0.63249	-0.81726	-0.83993	-0.88017	-1.0762	-2.4679	-3.7542	-4.5417	-0.10986	-4.4746	-2.1509	0.59259	0.89915	0.95572	0.61984	0.54202	1.2159e-005	0.059682	-0.37425	22.53
894.97	-0.85376	-0.80099	-0.7692	-0.74458	-0.79179	-0.70178	-0.74781	-0.74863	-0.73049	-0.74094	-0.69347	0.79445	-0.69614	-0.69535	-0.66227	-0.9015	-2.2518	-3.6088	-4.2516	-0.10243	-4.1669	-2.0003	0.63375	0.90239	0.95858	0.60316	0.56086	1.2139e-005	0.031805	-0.46622	22.88
890.83	-0.74327	-0.7556	-0.74749	-0.71475	-0.7447	-0.69672	-0.68943	-0.68143	-0.66938	-0.74428	-0.67925	0.55537	-0.66849	-0.74428	-0.84011	-1.2193	-2.4969	-3.5955	-4.2617	-0.095541	-4.3098	-2.1962	0.59087	0.88075	0.96335	0.63804	0.59766	1.2197e-005	0.047918	-0.39156	23.21
883.94	-0.82774	-0.83397	-0.75038	-0.71686	-0.73497	-0.69395	-0.63267	-0.67048	-0.69398	-0.7755	-0.71983	0.80457	-0.77866	-0.85677	-0.95667	-1.3755	-2.6458	-3.9474	-4.674	-0.12594	-4.61	-2.3672	0.57258	0.91821	0.98812	0.63242	0.60741	1.2292e-005	0.064402	-0.38821	23.54
883.94	-0.7262	-0.82639	-0.77577	-0.77642	-0.78226	-0.79435	-0.73657	-0.6979	-0.62905	-0.73358	-0.74619	0.59278	-0.77866	-0.87805	-0.96698	-1.3579	-2.6522	-3.7897	-4.7232	-0.13337	-4.7091	-2.4273	0.56095	0.91821	0.98812	0.64861	0.60244	1.2292e-005	0.052332	-0.41412	23.86
888.08	-0.74126	-0.76964	-0.68996	-0.72835	-0.77473	-0.74902	-0.76629	-0.85838	-0.83899	-0.89267	-0.81695	0.93666	-0.775	-0.84933	-0.88275	-1.3808	-2.7076	-3.787	-4.8099	-0.14009	-4.8196	-2.5013	0.51245	0.86654	0.97573	0.651	0.61936	1.2235e-005	0.072115	-0.40255	24.14
886.01	-0.81201	-0.8245	-0.74863	-0.80054	-0.83155	-0.79664	-0.79705	-0.76738	-0.79523	-0.82793	-0.80129	0.51156	-0.77118	-0.84419	-0.94463	-1.3843	-2.7003	-4.0804	-4.8117	-0.14777	-4.8224	-2.541	0.50588	0.89876	0.9643	0.66319	0.60598	1.2263e-005	0.036153	-0.44538	24.44
890.14	-0.80371	-0.92233	-0.89397	-0.91142	-0.8981	-0.85114	-0.79333	-0.70399	-0.68911	-0.72442	-0.77149	1.0279	-0.82387	-1.1506	-1.4655	-1.9303	-2.5804	-3.0938	-4.0984	-0.12506	-4.4051	-2.1482	0.56476	0.90325	0.94734	0.66548	0.6032	1.2206e-005	0.016007	-0.47214	24.76
892.9	-0.85119	-0.90424	-0.88084	-0.82361	-0.80142	-0.84408	-0.8441	-0.84258	-0.90973	-0.92486	-0.95589	0.79159	-1.1321	-1.4556	-1.536	-1.2333	-1.48	-1.3988	-1.2415	-0.12462	-1.2225	-1.0334	0.71903	0.95625	0.94839	0.66319	0.59135	1.2168e-005	0.01595	-0.47367	25.08
892.9	-0.76901	-0.84043	-0.88084	-0.9044	-0.95721	-0.91852	-0.95105	-0.96708	-1.0039	-0.99982	-0.91645	1.2064	-0.88517	-0.89711	-0.92744	-0.79879	-0.94338	-0.98398	-0.77872	-0.13195	-0.80403	-0.74982	0.78764	0.97342	0.94839	0.63118	0.58647	1.2168e-005	-0.015912	-0.46096	25.38
892.21	-0.81105	-1.0748	-1.0551	-1.0123	-0.99344	-1.0145	-0.99333	-0.98516	-0.99439	-0.93001	-0.86536	0.40553	-0.83874	-0.94054	-0.85232	-0.79397	-0.93158	-0.94054	-0.87806	-0.13213	-0.82137	-0.75916	0.76944	0.96102	0.9238	0.65328	0.54814	1.2187e-005	0.015969	-0.48065	25.64
892.9	-1.0792	-1.0627	-1.0349	-1.0044	-1.0077	-0.98495	-0.95105	-0.90226	-0.91354	-0.89172	-0.7862	1.1453	-0.75379	-0.80226	-0.73946	-0.64808	-0.85676	-0.87991	-0.74917	-0.13929	-0.77944	-0.63576	0.78001	0.95625	0.89293	0.6205	0.54747	1.2168e-005	-0.039804	-0.59517	26
892.21	-0.79732	-0.92061	-0.98241	-0.99739	-0.99725	-0.89886	-0.86981	-0.82725	-0.83889	-0.88446	-0.84798	0.33557	-0.74622	-0.78213	-0.74032	-0.68363	-0.81744	-0.88824	-0.75008	-0.13947	-0.77211	-0.67033	0.78097	0.95721	0.90675	0.6106	0.56764	1.2187e-005	-0.011936	-0.48706	26.33
892.9	-0.78722	-0.84792	-0.95001	-0.9009	-1.0354	-0.92272	-0.87295	-0.83173	-0.85682	-0.85448	-0.80358	1.1921	-0.75935	-0.8339	-0.81845	-0.77562	-0.91069	-0.88736	-0.80818	-0.13929	-0.80403	-0.76248	0.79145	0.982	0.9441	0.6953	0.60598	1.2168e-005	0.051788	-0.43534	26.62
892.21	-0.78817	-0.79616	-0.82848	-0.87984	-0.90773	-0.92787	-0.85743	-0.93043	-0.92594	-0.8264	-0.76977	0.27496	-0.75187	-0.82433	-0.76009	-0.72427	-0.87782	-0.87353	-0.82889	-0.13213	-0.7803	-0.78874	0.7924	0.97818	0.95763	0.68006	0.60674	1.2187e-005	0.04786	-0.45503	26.85
892.21	-0.81553	-0.88271	-0.85685	-0.88686	-0.92336	-0.91547	-0.85743	-0.8381	-0.88809	-1.0046	-0.88274	1.2312	-0.81352	-0.84188	-0.74359	-0.73006	-0.89126	-0.84383	-0.81904	-0.13947	-0.7803	-0.86074	0.75419	0.96579	0.93238	0.66396	0.56764	1.2187e-005	0.011984	-0.51268	27.14
899.11	-0.80457	-0.84585	-0.8375	-0.83625	-0.85796	-0.87118	-0.87105	-0.87456	-0.8735	-0.93498	-0.93173	0.39761	-0.86822	-0.93257	-0.85868	-0.82794	-0.97697	-0.95473	-0.9295	-0.13832	-0.84738	-0.87488	0.74819	0.94081	0.95477	0.66929	0.59221	1.2082e-005	0.047479	-0.46727	27.51
895.66	-0.80733	-0.86377	-0.85921	-0.89037	-0.892	-0.91127	-0.91914	-0.89379	-0.95911	-0.98358	-1.0036	1.3648	-0.92691	-0.98132	-0.89736	-0.86542	-1.0269	-1.0026	-1.0016	-0.13876	-0.93209	-0.97517	0.71284	0.93118	0.95763	0.69816	0.59422	1.213e-005	0.059549	-0.46574	27.77
899.8	-0.96674	-0.97917	-0.95789	-0.92634	-0.96483	-0.9482	-0.94352	-0.92739	-0.9512	-0.9664	-0.97786	0.48035	-0.93386	-1.0017	-0.91283	-0.93046	-1.0224	-1.0123	-1.007	-0.079994	-0.936	-1.0584	0.72094	0.93976	0.96239	0.68444	0.61573	1.2073e-005	0.059273	-0.53648	28.11
890.83	-0.94929	-0.98175	-0.94301	-0.96932	-0.98676	-0.98686	-0.97429	-0.95375	-0.98009	-0.9769	-0.99218	1.3772	-0.95734	-1.0434	-0.94893	-0.93397	-1.0941	-1.0451	-1.0371	-0.12488	-0.96239	-0.96778	0.69016	0.95816	0.97192	0.69683	0.59766	1.2197e-005	0.019974	-0.55808	28.41
897.73	-0.85996	-0.90338	-0.89485	-0.92107	-0.92479	-0.92158	-0.94152	-0.9785	-0.96102	-0.96449	-1.0275	0.67591	-1.1286	-1.2065	-1.1965	-1.0419	-1.1186	-1.0966	-1.0682	-0.08018	-0.97859	-0.98072	0.69226	0.93337	0.96811	0.69664	0.60741	1.2101e-005	0.039614	-0.47415	28.73
894.97	-0.88113	-0.92147	-0.98591	-0.96493	-1.0096	-1.0193	-1.0314	-1.0461	-1.0392	-1.0466	-0.97881	1.361	-0.95299	-1.0035	-0.88189	-0.84909	-0.92159	-0.937	-0.92403	-0.080454	-0.81851	-0.84928	0.72122	0.93232	1.0062	0.69902	0.61926	1.2139e-005	0.075509	-0.50455	29.07
894.97	-0.89476	-0.91716	-0.95439	-0.90616	-0.97437	-0.94534	-0.93657	-0.94347	-0.92269	-0.9769	-0.9664	0.5296	-0.84143	-0.88824	-0.8396	-0.77386	-0.86148	-0.90775	-0.84568	-0.095099	-0.75305	-0.90418	0.70979	0.92803	1.0186	0.70969	0.63379	1.2139e-005	0.063591	-0.52998	29.35
892.21	-0.98486	-1.0369	-0.97628	-0.96055	-1.0249	-1.0269	-0.99714	-0.97374	-0.87293	-0.83882	-0.78715	1.0909	-0.78831	-0.83133	-0.76671	-0.74174	-0.8041	-0.84383	-0.80919	-0.088072	-0.70636	-0.81415	0.70464	0.93976	1.0053	0.69073	0.64574	1.2187e-005	0.067796	-0.51583	29.66
892.9	-0.86034	-0.94989	-1.0008	-0.96318	-1.0001	-0.99258	-1	-0.98897	-0.93614	-0.94138	-0.91206	0.57732	-0.913	-0.98487	-0.9008	-0.89184	-0.94338	-0.976	-0.94592	-0.095276	-0.8368	-0.95299	0.70379	0.93013	1.0034	0.72198	0.64985	1.2168e-005	0.10754	-0.45771	29.98
890.14	-0.98676	-1.0093	-1.0043	-0.9816	-1.0545	-1.0212	-1.0619	-1.0527	-1.023	-1.0819	-1.0371	1.276	-0.98951	-0.98487	-0.94721	-0.95241	-1.0206	-1.0912	-1.0381	-0.088276	-0.9056	-0.96408	0.69864	0.93766	1.0329	0.69769	0.6815	1.2206e-005	0.11593	-0.43687	30.31
890.14	-0.96388	-0.99467	-0.96577	-0.94476	-1.0354	-0.95078	-0.98762	-0.96518	-0.93938	-0.97404	-0.91091	0.59803	-0.91126	-0.89356	-0.84768	-0.82486	-0.89326	-0.95739	-0.82086	-0.095629	-0.78211	-0.89661	0.70245	0.95053	1.0205	0.70302	0.69612	1.2206e-005	0.071943	-0.52988	30.63
888.08	-0.90658	-0.91372	-0.94301	-0.858	-0.93938	-0.95298	-0.94	-0.89655	-0.88456	-0.87606	-0.8519	1.0584	-0.81726	-0.90597	-0.82318	-0.8268	-0.89535	-0.91484	-0.87222	-0.081099	-0.75915	-0.89873	0.72322	0.94844	1.0272	0.73685	0.66343	1.2235e-005	0.072115	-0.53753	30.88
886.01	-0.95015	-0.95333	-0.89748	-0.78572	-0.87083	-0.83005	-0.92562	-0.93148	-0.93232	-0.97022	-0.89325	0.67123	-0.91213	-0.97157	-0.96096	-0.91642	-1.0051	-1.0514	-0.92403	-0.1035	-0.9015	-0.96501	0.67882	0.91612	1.0119	0.70626	0.70922	1.2263e-005	0.12442	-0.44538	31.3
882.56	-0.85643	-0.89219	-0.91061	-0.99739	-1.0316	-1.0546	-1.0286	-1.0337	-1.0116	-1.0361	-0.99313	1.1777	-1.0121	-1.0283	-0.99449	-0.9726	-1.0496	-1.085	-0.95687	-0.11861	-0.92952	-1.246	0.66186	0.93661	1.0539	0.74657	0.76103	1.2311e-005	0.16112	-0.4275	31.62
877.73	-1.0287	-1.073	-1.0244	-1.0105	-1.0535	-1.0145	-1.0219	-1.029	-1.0182	-1.017	-0.92801	0.72487	-0.96082	-0.97689	-0.94034	-0.89535	-1.0015	-1.0389	-0.93224	-0.12683	-0.89321	-1.0898	0.65795	0.95072	1.0472	0.75629	0.74554	1.2378e-005	0.11345	-0.53074	31.86
883.94	-1.1507	-1.0239	-0.9789	-0.94739	-0.99058	-0.95727	-0.936	-0.9391	-0.90391	-0.9345	-0.93469	1.0537	-0.92865	-0.94941	-0.88361	-0.86577	-0.95337	-0.99373	-0.92586	-0.096336	-0.83728	-1.0519	0.63804	0.90086	1.0224	0.72408	0.701	1.2292e-005	0.10459	-0.56908	32.09
883.94	-0.89695	-0.89133	-0.86797	-0.8694	-0.95911	-0.91556	-0.94019	-0.9391	-0.93833	-1.018	-0.95685	0.78567	-0.95386	-0.97778	-0.93346	-0.93046	-1.0078	-1.0469	-1.0152	-0.088912	-0.88702	-1.099	0.63804	0.90086	1.032	0.73485	0.75023	1.2292e-005	0.16093	-0.43993	32.49
876.35	-0.91364	-0.98606	-0.94913	-1.0114	-1.0821	-1.0584	-1.061	-1.0956	-1.0688	-1.081	-1.0046	1.1482	-1.093	-1.1285	-1.1054	-1.0323	-1.1867	-1.2136	-1.1238	-0.11198	-1.0786	-1.4096	0.58115	0.91259	1.0577	0.76267	0.79611	1.2397e-005	0.19878	-0.40446	32.83
874.29	-1.1345	-1.1462	-1.0603	-1.0474	-1.1012	-1.0651	-1.0505	-1.0765	-1.0831	-1.1049	-1.0552	0.92234	-1.1304	-1.2065	-1.1415	-1.0226	-1.1622	-1.1258	-1.0563	-0.11976	-1.0053	-1.3874	0.57467	0.9104	1.0596	0.76439	0.78302	1.2425e-005	0.16675	-0.54566	33.08
874.29	-1.1584	-1.1729	-1.063	-1.0404	-1.0888	-1.0689	-1.0343	-1.0156	-1.0058	-1.0418	-0.99791	1.089	-1.0669	-1.0806	-1.0108	-0.88043	-0.99059	-1.0274	-0.9056	-0.14972	-0.86282	-1.258	0.62136	0.941	1.0558	0.78078	0.77308	1.2425e-005	0.14234	-0.5685	33.36
871.53	-0.93766	-1.0041	-1.0157	-1.0737	-1.0811	-1.0346	-1.0248	-1.008	-1.0402	-1.0915	-1.0275	0.91604	-1.0339	-1.0664	-1.0246	-0.96119	-1.0905	-1.0842	-0.99974	-0.13522	-0.98336	-1.21	0.56495	0.88723	1.0243	0.77258	0.78082	1.2473e-005	0.16322	-0.4232	33.71
868.08	-0.98295	-1.1075	-1.0384	-1.0895	-1.165	-1.1739	-1.1171	-1.0842	-1.1221	-1.1593	-1.0982	1.0489	-1.0373	-1.0593	-1.0211	-0.95241	-1.0877	-1.1028	-1.0235	-0.14318	-1.0119	-1.4059	0.52388	0.87283	1.0234	0.79726	0.82365	1.2511e-005	0.18839	-0.41813	34.02
863.94	-1.0964	-1.2065	-1.2057	-1.1746	-1.2184	-1.1625	-1.08	-1.1394	-1.0964	-1.0963	-1.0227	0.9859	-1.0391	-1.0753	-1.0229	-0.97523	-1.065	-1.1161	-1.008	-0.12117	-0.95763	-1.3116	0.54208	0.88132	1.0815	0.82861	0.84774	1.2568e-005	0.19754	-0.51918	34.27
863.94	-1.2613	-1.191	-1.1146	-0.98774	-1.1422	-1.0813	-1.0676	-0.98802	-1.0144	-1.0581	-0.98263	0.9189	-1.0043	-1.0505	-0.99535	-0.91554	-1.0378	-1.0549	-0.99792	-0.13628	-0.93238	-1.1767	0.54999	0.88132	1.0367	0.79555	0.80242	1.2568e-005	0.13576	-0.65454	34.5
859.12	-1.1879	-1.2057	-1.1707	-1.1702	-1.1936	-1.1396	-1.1171	-1.1013	-1.1021	-1.1335	-1.0829	1.1377	-1.1069	-1.1701	-1.1174	-1.0472	-1.1686	-1.1693	-1.1265	-0.15237	-1.0491	-1.478	0.50969	0.86435	1.0567	0.78916	0.8376	1.2645e-005	0.18629	-0.56544	34.91
852.91	-0.92927	-0.99811	-1.0306	-1.0553	-1.104	-1.109	-1.1162	-1.1146	-1.1698	-1.2195	-1.1593	1.0432	-1.1999	-1.2003	-1.1604	-1.085	-1.2475	-1.2083	-1.1959	-0.14583	-1.1168	-1.5991	0.49339	0.88399	1.0863	0.86187	0.90481	1.274e-005	0.26266	-0.36546	35.24
857.05	-1.0916	-1.1066	-1.0525	-1.1307	-1.2089	-1.2417	-1.2267	-1.2174	-1.247	-1.2567	-1.2166	1.2904	-1.1912	-1.2419	-1.1853	-1.128	-1.2693	-1.2641	-1.1904	-0.14512	-1.1711	-1.6093	0.45537	0.853	1.072	0.85224	0.91073	1.2673e-005	0.25313	-0.44021	35.51
852.91	-1.2976	-1.4149	-1.2749	-1.2053	-1.206	-1.1997	-1.159	-1.1203	-1.1584	-1.1411	-1.0867	0.94076	-1.0591	-1.156	-1.0632	-1.006	-1.1776	-1.1152	-1.0517	-0.13814	-1.0481	-1.515	0.48949	0.89743	1.0958	0.90103	0.88444	1.274e-005	0.20012	-0.60626	35.66
852.22	-1.2509	-1.2866	-1.1742	-1.1641	-1.1422	-1.1147	-1.0571	-0.97945	-0.99344	-0.96449	-0.94682	1.0441	-0.93386	-1.0177	-0.92658	-0.87955	-1.0169	-0.96891	-0.97055	-0.12294	-0.91151	-1.344	0.5539	0.90754	1.0701	0.86291	0.82929	1.2749e-005	0.13357	-0.67404	35.97
846.71	-1.0659	-1.061	-0.91586	-0.64326	-0.98104	-1.0079	-1.0248	-1.0204	-1.0392	-1.0361	-1.0208	0.89352	-1.0399	-1.1019	-1.0469	-0.98928	-1.1577	-1.0842	-1.1119	-0.12365	-1.0119	-1.4457	0.48091	0.8633	1.072	0.86253	0.84974	1.2835e-005	0.19735	-0.51965	36.39
848.09	-0.64154	-0.70281	-0.7523	-0.80923	-1.0087	-1.1291	-1.1571	-1.167	-1.2404	-1.2405	-1.23	1.3238	-1.2391	-1.296	-1.2326	-1.1587	-1.3329	-1.2552	-1.2971	-0.13125	-1.2187	-1.7285	0.368	0.82621	1.0844	0.88397	0.92574	1.2816e-005	0.32291	-0.28688	36.66
844.64	-1.146	-1.2186	-1.33	-1.2053	-1.1936	-1.3868	-1.3924	-1.384	-1.3967	-1.3541	-1.3589	1.1816	-1.3504	-1.4494	-1.3142	-1.286	-1.4437	-1.3536	-1.4057	-0.13169	-1.3264	-1.7932	0.28071	0.78398	1.0929	0.92104	0.93425	1.2864e-005	0.32835	-0.41622	36.78
846.71	-1.7209	-1.5648	-1.4395	-1.3614	-1.3424	-1.3085	-1.3105	-1.2374	-1.1546	-1.1765	-1.1631	1.1787	-1.0547	-1.1161	-0.99792	-0.99542	-1.0941	-1.0682	-1.08	-0.10818	-0.99479	-1.5039	0.4327	0.85434	1.1034	0.91322	0.89085	1.2835e-005	0.19316	-0.77919	36.96
840.5	-1.7285	-1.6793	-1.5402	-1.4185	-1.3643	-1.2875	-1.1676	-1.1137	-1.1469	-1.0791	-1.0743	0.93961	-1.0686	-1.1471	-1.0684	-1.0147	-1.1449	-1.0682	-1.1192	-0.1324	-1.0367	-1.515	0.44403	0.85596	1.0929	0.91418	0.90251	1.2921e-005	0.21146	-0.7509	37.41
838.43	-1.1345	-1.2272	-1.2626	-1.3509	-1.3433	-1.2732	-1.1924	-1.2203	-1.3109	-1.3818	-1.3913	1.4526	-1.3304	-1.3891	-1.2919	-1.2579	-1.3901	-1.3315	-1.3947	-0.14053	-1.2749	-1.7886	0.31121	0.7487	1.0596	0.91075	0.92029	1.2959e-005	0.31796	-0.45331	37.82
835.67	-1.0316	-1.1919	-1.5866	-1.5448	-1.6856	-1.8706	-1.961	-1.9151	-1.7476	-1.6874	-1.6893	1.4526	-1.6617	-1.7729	-1.6271	-1.5721	-1.7388	-1.6542	-1.7888	-0.13319	-1.6485	-2.1472	0.084309	0.62781	1.091	0.94829	1.0066	1.3007e-005	0.44257	-0.23306	38.12
833.61	-2.9908	-2.6817	-1.914	-1.9	-1.9945	-1.9374	-1.8076	-1.7105	-1.6913	-1.6205	-1.5441	1.6158	-1.4286	-1.4919	-1.3349	-1.3026	-1.4346	-1.3873	-1.4768	-0.14919	-1.3359	-1.9217	0.21106	0.70742	1.1206	0.96811	0.99419	1.3035e-005	0.29012	-0.83263	38.17
831.54	-3.4837	-1.88	-2.4525	-2.0307	-1.8153	-1.7332	-1.6533	-1.5163	-1.4596	-1.3178	-1.1803	0.84007	-1.0408	-1.1409	-1.0134	-1.0068	-1.0714	-1.0487	-1.0581	-0.070856	-0.96906	-1.3773	0.39982	0.81487	1.1282	0.93581	0.944	1.3064e-005	0.21814	-1.0267	38.42
830.16	-1.8381	-1.6802	-1.4955	-1.9343	-1.8467	-1.8067	-1.5752	-1.5772	-1.575	-1.3417	-1.2233	1.5118	-1.2382	-1.3005	-1.2515	-1.2517	-1.3747	-1.2411	-1.3135	-0.086702	-1.1997	-1.6241	0.31016	0.74679	1.0834	0.9197	0.92937	1.3083e-005	0.29546	-0.67079	38.79
823.26	-1.186	-1.2909	-1.443	-1.3167	-1.8	-1.9384	-1.8295	-1.9027	-1.6255	-1.5957	-1.526	1.1214	-1.5834	-1.7082	-1.53	-1.4887	-1.539	-1.5097	-1.5598	-0.095364	-1.3788	-1.9411	0.15999	0.66976	1.1253	0.95086	1.0276	1.3197e-005	0.47079	-0.33009	39.29
820.51	-1.0363	-1.1936	-1.3388	-1.4658	-1.7466	-1.7752	-1.7695	-1.8152	-1.8258	-1.823	-1.8383	2.1092	-1.7112	-1.7836	-1.6615	-1.6397	-1.7342	-1.7091	-1.7687	-0.095806	-1.5903	-2.1555	0.023669	0.59301	1.111	0.95477	1.0688	1.3245e-005	0.50292	-0.26174	39.37
817.06	-1.2747	-1.4235	-1.5542	-1.572	-1.8048	-1.6817	-1.6867	-1.7029	-1.6713	-1.6263	-1.5795	1.0126	-1.4478	-1.5061	-1.3796	-1.386	-1.4409	-1.4556	-1.464	-0.0801	-1.2911	-1.8126	0.090379	0.64202	1.1015	0.91723	1.0133	1.3292e-005	0.42207	-0.33602	39.38
812.23	-0.67987	-0.88271	-1.2556	-1.3062	-1.5331	-1.4927	-1.439	-1.3802	-1.2251	-1.208	-1.1507	1.5414	-1.1026	-1.187	-1.0632	-1.0569	-1.1186	-1.1223	-1.1156	-0.09669	-1.01	-1.5446	0.29205	0.78731	1.1368	0.8936	0.96646	1.3378e-005	0.33722	-0.3276	39.35
810.16	-0.81754	-0.90166	-1.1269	-1.0746	-1.146	-1.2722	-1.2933	-1.3592	-1.207	-1.1383	-1.0437	0.42595	-0.95734	-0.94675	-0.92744	-0.8936	-0.98151	-1.0194	-0.98879	-0.10509	-0.88635	-1.3255	0.3558	0.77511	1.1063	0.87825	0.92067	1.3416e-005	0.25904	-0.50455	39.39
802.58	-1.3576	-1.2151	-1.2109	-1.1535	-1.1774	-1.026	-0.93429	-0.96708	-0.90677	-0.87663	-1.0046	1.4497	-1.0373	-1.0292	-0.96526	-0.9726	-1.0496	-1.0203	-1.0408	-0.097839	-0.93076	-1.3976	0.4226	0.83451	1.1549	0.90389	0.94515	1.3531e-005	0.31891	-0.50197	39.55
801.89	-0.83603	-0.83121	-0.87996	-0.9623	-1.105	-1.1567	-1.2695	-1.1984	-1.1059	-1.2195	-1.1851	0.66369	-1.1982	-1.218	-1.0908	-1.0639	-1.1331	-1.1533	-1.1411	-0.10615	-1.0138	-1.5695	0.35094	0.77349	1.1272	0.91694	0.98941	1.355e-005	0.43904	-0.20725	39.63
797.75	-0.78407	-0.94041	-0.95439	-1.0456	-1.207	-1.278	-1.359	-1.423	-1.4244	-1.4572	-1.4926	1.9804	-1.4869	-1.5504	-1.4354	-1.4264	-1.4909	-1.4999	-1.5215	-0.10668	-1.3588	-1.8755	0.13092	0.66728	1.1044	0.9037	1.0114	1.3616e-005	0.48146	-0.19043	39.66
797.75	-1.5712	-1.6147	-1.4263	-1.5649	-1.8744	-1.7924	-1.9343	-1.7695	-1.5426	-1.5031	-1.3703	0.72964	-1.2234	-1.2916	-1.2068	-1.1736	-1.2512	-1.2419	-1.2022	-0.10668	-1.1291	-1.6056	0.23764	0.72	1.1472	0.93952	1.0716	1.3616e-005	0.38784	-0.5338	39.67
793.61	-1.4148	-1.284	-1.1969	-1.1255	-1.3233	-1.3734	-1.3895	-1.3078	-1.1727	-1.1755	-1.0657	1.5404	-1.0147	-1.0451	-0.95409	-0.93749	-1.0088	-1.0655	-0.96508	-0.10721	-0.88616	-1.4096	0.34598	0.78636	1.1291	0.90836	1.0219	1.3693e-005	0.29574	-0.64804	39.69
794.3	-1.085	-1.0377	-1.2162	-1.0413	-1.1507	-1.1901	-1.2162	-1.3554	-1.1622	-1.0762	-1.0246	0.43941	-0.95386	-0.99994	-0.90853	-0.87779	-0.95518	-0.99728	-0.98515	-0.10712	-0.8389	-1.2839	0.39268	0.79017	1.1091	0.89522	0.93846	1.3674e-005	0.29984	-0.57175	39.62
790.86	-0.89953	-1.1195	-0.94563	-0.87616	-0.86997	-0.93933	-0.98571	-1.0194	-1.0192	-1.0772	-1.0695	1.5041	-1.0599	-1.1161	-1.0177	-1.0139	-1.0732	-1.0522	-1.08	-0.099341	-0.9359	-1.4484	0.36457	0.8039	1.153	0.92399	0.99801	1.374e-005	0.40481	-0.34013	39.64
789.48	-0.92651	-1.0274	-1.0708	-1.0316	-1.1136	-1.151	-1.2057	-1.2041	-1.2165	-1.2939	-1.2768	0.77937	-1.2678	-1.3208	-1.2162	-1.2052	-1.2948	-1.2969	-1.2925	-0.12435	-1.1596	-1.6268	0.25727	0.70322	1.1063	0.90703	1.0382	1.3759e-005	0.45486	-0.24663	39.65
785.34	-1.1803	-1.2935	-1.3195	-1.25	-1.3147	-1.2846	-1.3248	-1.3345	-1.3004	-1.3006	-1.2099	1.6196	-1.2678	-1.2996	-1.1853	-1.1587	-1.2249	-1.2535	-1.143	-0.10005	-1.0815	-1.612	0.26299	0.74584	1.1463	0.9421	1.0821	1.3836e-005	0.44819	-0.33143	39.69
776.38	-0.95292	-1.2048	-1.126	-1.0579	-1.1279	-1.0852	-1.099	-1.1441	-1.1507	-1.1832	-1.0638	0.61063	-1.093	-1.1453	-1.0744	-1.006	-1.1322	-1.1063	-1.0654	-0.13496	-1.0005	-1.5289	0.31435	0.7793	1.1301	0.93485	1.0334	1.3998e-005	0.36648	-0.39423	39.67
772.24	-0.89981	-1.2022	-1.1496	-1.0842	-1.0935	-1.0336	-0.96667	-0.93053	-0.96483	-0.99791	-0.93937	1.2923	-0.97212	-1.0168	-0.95753	-0.89008	-1.0605	-1.0345	-0.94592	-0.16103	-0.9298	-1.3366	0.39534	0.82802	1.1063	0.88426	0.98272	1.4074e-005	0.27172	-0.51459	39.68
768.79	-1.2852	-1.2771	-1.1286	-0.99037	-0.86263	-0.92234	-1.0467	-1.0794	-1.1441	-1.165	-1.039	0.65415	-1.0895	-1.148	-1.0882	-1.0086	-1.1967	-1.1684	-1.0873	-0.17022	-1.0291	-1.4937	0.3659	0.81143	1.1358	0.91885	1.0095	1.4131e-005	0.31901	-0.4795	39.67
766.72	-0.9696	-1.0791	-1.2784	-1.1132	-1.1422	-1.2818	-1.2219	-1.1765	-1.248	-1.4143	-1.2233	1.5175	-1.226	-1.3146	-1.2137	-1.1455	-1.3011	-1.2925	-1.2269	-0.16218	-1.2321	-1.6351	0.30034	0.77377	1.1187	0.95229	1.0515	1.4169e-005	0.38479	-0.35055	39.69
766.03	-1.1202	-1.3038	-1.3134	-1.3939	-1.4339	-1.4373	-1.4057	-1.3621	-1.4434	-1.4496	-1.3722	0.96586	-1.2643	-1.3492	-1.2687	-1.2087	-1.4046	-1.3288	-1.298	-0.15378	-1.2625	-1.771	0.20744	0.73983	1.1101	0.9967	1.0592	1.4188e-005	0.42245	-0.35848	39.67
763.97	-1.2938	-1.3521	-1.4859	-1.4106	-1.4015	-1.3152	-1.2267	-1.1812	-1.2051	-1.1583	-1.081	1.3114	-1.0973	-1.1967	-1.0994	-1.0419	-1.213	-1.1763	-1.0946	-0.15423	-1.0929	-1.5825	0.3416	0.82192	1.1587	1.0119	1.0783	1.4226e-005	0.34913	-0.52004	39.68
761.9	-1.4949	-1.5889	-1.3493	-1.2842	-1.3004	-1.2846	-1.201	-1.0451	-1.044	-1.0886	-0.98263	0.693	-0.95908	-1.0434	-0.97042	-0.91554	-1.075	-1.0744	-0.99336	-0.15467	-0.99003	-1.4531	0.38277	0.81906	1.1015	0.90865	1.0018	1.4264e-005	0.27067	-0.64507	39.68
759.83	-1.022	-1.2969	-1.4009	-1.2535	-1.3586	-1.089	-1.0743	-1.1622	-1.1088	-1.1115	-1.0313	1.193	-1.0078	-1.0664	-1.0082	-0.94539	-1.125	-1.0079	-1.008	-0.16368	-1.0024	-1.5168	0.39725	0.82125	1.1044	0.96716	1.0162	1.4302e-005	0.3416	-0.3689	39.68
755.69	-0.78445	-0.71745	-0.78076	-0.86432	-0.9696	-1.0661	-1.119	-0.99564	-1.1326	-0.98549	-1.103	0.79216	-1.053	-1.1932	-1.0684	-1.0191	-1.1785	-1.0921	-1.1293	-0.14724	-1.0472	-1.5205	0.33179	0.80047	1.1253	0.9662	1.0095	1.4379e-005	0.39995	-0.29539	39.63
753.62	-0.765	-0.79513	-0.80904	-0.89739	-1.0602	-1.1959	-1.2143	-1.2555	-1.2661	-1.2529	-1.3016	1.3238	-1.1521	-1.2712	-1.126	-1.0972	-1.2612	-1.1923	-1.1785	-0.16501	-1.1272	-1.5991	0.23793	0.75699	1.0929	0.96239	1.0066	1.4417e-005	0.4152	-0.26212	39.6
750.87	-1.2947	-1.3176	-1.2048	-1.1772	-1.1851	-1.2006	-1.1752	-1.1441	-1.1765	-1.0953	-1.0905	0.82528	-1.0834	-1.1258	-0.96956	-0.94363	-1.0986	-1.0292	-1.0554	-0.14822	-0.9662	-1.4854	0.32054	0.8059	1.1434	0.98621	1.0229	1.4474e-005	0.39318	-0.47989	39.63
747.42	-1.8401	-1.6242	-1.3677	-1.3623	-1.227	-1.1863	-1.1257	-1.0708	-1.0688	-1.0352	-0.84579	0.95107	-0.81674	-0.89533	-0.88704	-0.78106	-0.94338	-0.92725	-0.81265	-0.15758	-0.83299	-1.2589	0.45385	0.88599	1.1377	0.93886	1.0037	1.4531e-005	0.24741	-0.74908	39.67
747.42	-1.4749	-1.5252	-1.5332	-1.4763	-1.4091	-1.3199	-1.2	-1.1489	-1.1269	-1.1345	-1.1411	0.89542	-1.0878	-1.1976	-1.0323	-0.96821	-1.0714	-1.007	-0.93042	-0.16633	-0.92113	-1.4558	0.43108	0.86034	1.1225	0.94524	0.97985	1.4531e-005	0.31872	-0.55818	39.65
743.28	-0.91259	-0.91888	-0.9754	-1.1088	-1.187	-1.193	-1.2752	-1.3573	-1.3786	-1.335	-1.3035	1.3982	-1.3321	-1.4574	-1.3271	-1.2798	-1.4473	-1.3333	-1.3491	-0.14963	-1.3007	-1.7941	0.32359	0.80343	1.1539	1.0148	1.085	1.4617e-005	0.47355	-0.23115	39.68
742.59	-0.79303	-1.0515	-1.1917	-1.3272	-1.4749	-1.5824	-1.599	-1.5877	-1.6255	-1.5909	-1.5565	1.445	-1.5434	-1.6116	-1.4947	-1.4694	-1.6107	-1.4866	-1.4923	-0.1499	-1.4312	-1.9744	0.182	0.7324	1.1558	1.0291	1.1099	1.4636e-005	0.51722	-0.21232	39.6
740.52	-1.0154	-1.0773	-1.3204	-1.5035	-1.6904	-1.6721	-1.5095	-1.4154	-1.4024	-1.3503	-1.3302	1.3085	-1.3147	-1.4503	-1.297	-1.2149	-1.3883	-1.2942	-1.3546	-0.13257	-1.2368	-1.735	0.18247	0.73955	1.1596	1.0119	1.0716	1.4674e-005	0.38898	-0.46727	39.59
738.45	-1.2118	-1.3572	-1.4272	-1.3746	-1.4978	-1.4517	-1.3143	-1.2422	-1.2232	-1.0781	-0.98263	0.91785	-0.94169	-1.0336	-0.91799	-0.8749	-1.0605	-1.0194	-0.97785	-0.15962	-0.94257	-1.5104	0.38572	0.86597	1.193	1.0091	1.0219	1.4712e-005	0.33235	-0.48017	39.57
739.14	-1.4911	-1.4967	-1.4403	-1.0483	-1.2413	-1.2741	-1.3229	-1.1879	-1.1441	-1.0619	-1.0122	0.89972	-0.95473	-0.96891	-0.87329	-0.84567	-1.0106	-0.98221	-0.99974	-0.15051	-0.9016	-1.3856	0.38982	0.81296	1.1044	0.9299	0.92029	1.4693e-005	0.24045	-0.61458	39.6
740.52	-1.0545	-0.89133	-1.07	-1.5571	-1.432	-1.3524	-1.3352	-1.4678	-1.3071	-1.2405	-1.2099	1.2751	-1.1791	-1.2473	-1.1183	-1.1034	-1.2194	-1.2047	-1.2004	-0.09722	-1.0882	-1.5362	0.40306	0.80152	1.1339	0.96716	0.95977	1.4674e-005	0.33617	-0.42482	39.57
732.94	-0.76968	-0.74406	-0.8086	-0.68466	-0.83355	-1.1787	-1.2981	-1.3497	-1.4253	-1.3789	-1.4439	1.361	-1.426	-1.5504	-1.3572	-1.3615	-1.4754	-1.4059	-1.4996	-0.098192	-1.3588	-1.9272	0.23993	0.7364	1.1234	0.98336	1.0229	1.4817e-005	0.44133	-0.2344	39.57
732.25	-1.0545	-1.0756	-1.274	-1.3816	-1.4053	-1.3629	-1.36	-1.5829	-1.5283	-1.5518	-1.4143	1.55	-1.4182	-1.4795	-1.3675	-1.3562	-1.4282	-1.4077	-1.4531	-0.11622	-1.2806	-1.9088	0.19381	0.7426	1.193	0.97192	1.0783	1.4836e-005	0.47593	-0.29319	39.59
726.73	-1.3424	-1.3736	-1.5839	-1.2869	-1.3052	-1.2856	-1.421	-1.3678	-1.3119	-1.2424	-1.1899	0.99545	-1.1252	-1.21	-1.0736	-1.0735	-1.1758	-1.1356	-1.1621	-0.098988	-1.0481	-1.5178	0.34027	0.83203	1.212	1.031	1.0793	1.4941e-005	0.38145	-0.53466	39.57
730.18	-2.0736	-1.8739	-1.4701	-1.2369	-0.98486	-1.0575	-1.1076	-1.0375	-0.97818	-0.97404	-0.97213	1.0708	-0.91126	-0.95561	-0.84794	-0.82091	-0.94974	-0.89445	-0.92859	-0.10756	-0.83271	-1.3255	0.42269	0.85996	1.1387	0.96811	0.98558	1.4884e-005	0.23863	-0.82164	39.57
728.11	-1.3348	-1.3124	-0.95702	-0.51334	-0.60026	-0.96395	-0.98	-1.0404	-1.0783	-1.0686	-1.0705	1.0279	-1.2025	-1.1861	-1.1002	-1.0788	-1.174	-1.1063	-1.1484	-0.098899	-1.0462	-1.5834	0.38181	0.81506	1.132	0.94429	0.98272	1.4922e-005	0.33702	-0.56525	39.59
725.35	-0.71648	-0.75707	-0.72481	-0.67879	-0.93423	-1.1768	-1.4095	-1.3983	-1.3481	-1.3637	-1.3961	1.5194	-1.4182	-1.5114	-1.4621	-1.4484	-1.4836	-1.4582	-1.4558	-0.11737	-1.3035	-1.808	0.27547	0.77111	1.1835	0.99479	1.0401	1.4989e-005	0.49538	-0.21738	39.57
719.84	-0.61399	-0.82312	-0.99554	-1.1491	-1.3662	-1.4011	-1.5571	-1.6105	-1.555	-1.6606	-1.589	1.34	-1.553	-1.6222	-1.493	-1.451	-1.5445	-1.5788	-1.5635	-0.10005	-1.3836	-1.9781	0.17819	0.69159	1.1977	0.98145	1.151	1.5093e-005	0.57785	-0.040561	39.62
721.22	-1.0659	-1.2789	-1.4692	-1.5176	-1.6351	-1.5834	-1.58	-1.5001	-1.4406	-1.4534	-1.3933	1.465	-1.3808	-1.4414	-1.34	-1.3123	-1.4264	-1.4485	-1.4276	-0.099871	-1.2702	-1.8025	0.1355	0.69054	1.1796	0.97383	1.0946	1.5074e-005	0.49815	-0.26212	39.63
719.15	-1.534	-1.4459	-1.4307	-1.4167	-1.5721	-1.5881	-1.4419	-1.2688	-1.1727	-1.1488	-1.0094	0.77498	-0.93995	-0.99639	-0.86556	-0.84821	-0.91432	-1.0194	-0.91856	-0.12745	-0.78459	-1.3255	0.39144	0.83613	1.2149	0.95667	1.086	1.5112e-005	0.35123	-0.63599	39.63
717.08	-2.9431	-2.5465	-1.9788	-1.0307	-1.3672	-1.1959	-1.2819	-1.1784	-1.1336	-1.0953	-0.94147	0.99736	-0.82726	-0.77619	-0.74075	-0.6989	-0.80019	-0.88354	-0.71268	-0.10959	-0.67444	-1.16	0.49701	0.85453	1.1444	0.89931	0.97316	1.516e-005	0.20832	-1.0238	39.64
715.01	-1.4854	-1.5527	-1.5568	-1.1851	-1.0306	-0.97731	-1.2343	-1.4249	-1.3205	-1.2586	-1.1774	0.94811	-1.1765	-1.1861	-1.0761	-1.0779	-1.1622	-1.1923	-1.1329	-0.10986	-0.99384	-1.5492	0.38896	0.81954	1.1796	0.93524	0.98272	1.5198e-005	0.36315	-0.50398	39.57
710.87	-1.0468	-1.117	-1.1663	-1.0114	-1.0316	-1.2006	-1.081	-1.0518	-1.3567	-1.5527	-1.6692	1.6731	-1.2817	-1.4316	-1.2807	-1.2877	-1.3629	-1.3483	-1.4111	-0.11976	-1.2168	-1.8875	0.26194	0.75433	1.1911	0.95382	1.0611	1.5293e-005	0.51531	-0.19769	39.59
701.22	-1.6236	-1.7069	-1.6776	-1.7	-1.8992	-1.8544	-1.8438	-1.8875	-1.8458	-1.8574	-1.7351	1.4459	-1.6477	-1.7543	-1.6993	-1.5774	-1.5254	-1.5637	-1.4795	-0.17729	-1.3788	-1.9929	0.18771	0.75881	1.2178	1.0205	1.1873	1.5494e-005	0.53733	-0.36297	39.63
703.29	-1.6599	-1.439	-1.4377	-1.5685	-1.8982	-1.7017	-1.6295	-1.5858	-1.5769	-1.568	-1.5212	1.7905	-1.4191	-1.4733	-1.3727	-1.3527	-1.4019	-1.4556	-1.4376	-0.11163	-1.2597	-1.8265	0.20658	0.74031	1.2473	1.0243	1.1338	1.5446e-005	0.48518	-0.52013	39.62
702.6	-2.0508	-1.7809	-2.0436	-1.7492	-1.8763	-1.7466	-1.5438	-1.5125	-1.5359	-1.4181	-1.2424	0.62733	-1.0686	-1.1045	-1.0323	-1.0007	-1.0977	-1.1373	-1.0025	-0.12117	-0.92809	-1.3985	0.39086	0.8448	1.1997	0.96525	1.0735	1.5465e-005	0.30375	-0.82957	39.61
694.33	-2.1223	-1.8068	-1.6916	-1.5614	-1.4768	-1.3944	-1.0752	-1.1812	-1.1355	-1.1517	-1.2061	1.6406	-1.1095	-1.1223	-1.0314	-0.95241	-1.0505	-1.0744	-0.97602	-0.14141	-0.90741	-1.3884	0.47386	0.87674	1.2139	0.95572	1.0554	1.5646e-005	0.30728	-0.69555	39.64
692.95	-1.7371	-1.8188	-1.9368	-1.5965	-1.3634	-1.0766	-0.89114	-0.98041	-0.99153	-1.1373	-1.1746	0.62361	-1.2556	-1.3501	-1.2326	-1.2008	-1.2757	-1.2765	-1.1804	-0.1605	-1.1091	-1.6407	0.39611	0.86702	1.2101	0.97764	1.0879	1.5675e-005	0.43084	-0.47845	39.64
688.19	-1.1221	-1.1152	-0.98416	-0.78677	-0.82736	-1.0957	-1.4105	-1.5648	-1.6017	-1.6998	-1.589	2.1264	-1.6138	-1.7242	-1.5661	-1.5028	-1.6507	-1.5753	-1.5334	-0.1712	-1.4903	-2.0261	0.18152	0.71791	1.1253	0.9643	1.1156	1.5789e-005	0.48575	-0.2539	39.64
691.57	-0.42703	-0.82811	-1.1505	-1.4781	-1.841	-1.9079	-2.0419	-2.0769	-2.1223	-2.0502	-1.8287	1.0346	-1.6573	-1.7127	-1.5592	-1.5116	-1.6952	-1.5868	-1.5781	-0.16094	-1.516	-2.0548	0.14626	0.74241	1.1863	1.0777	1.1988	1.5722e-005	0.56584	-0.033994	39.63
686.12	-2.2548	-2.308	-2.3256	-2.1693	-2.2662	-1.8897	-2.0886	-2.134	-1.9907	-1.78	-1.5709	1.9632	-1.3312	-1.3501	-1.279	-1.1982	-1.2457	-1.1834	-1.1028	-0.14309	-1.0786	-1.6795	0.2911	0.83708	1.2511	1.0853	1.1949	1.5837e-005	0.4561	-0.56239	39.64
683.02	-2.4798	-2.1754	-1.8755	-1.7071	-1.6904	-1.8659	-1.6733	-1.6619	-1.6484	-1.6855	-1.5728	0.90087	-1.3512	-1.4485	-1.3151	-1.128	-1.3038	-1.296	-1.2369	-0.17252	-1.1472	-1.759	0.30739	0.82964	1.1892	0.9643	1.0659	1.5903e-005	0.2967	-0.95786	39.64
679.98	-2.2328	-1.8645	-1.8799	-1.4439	-1.9993	-1.8201	-1.4219	-1.3983	-1.1851	-1.1765	-1.0724	1.6387	-1.2469	-2.6913	-2.7041	-2.2744	-2.6467	-2.3243	-2.4565	-0.16368	-2.3812	-2.6944	0.078592	0.66471	1.1168	0.91999	1.0267	1.598e-005	0.23015	-0.80252	39.65
681.02	-1.1098	-1.117	-1.2293	-1.2439	-1.2604	-1.215	-1.2524	-1.2831	-1.2671	-1.4677	-1.4238	0.70817	-1.7408	-2.8021	-2.5623	-2.1804	-2.3707	-2.35	-2.5687	-0.17305	-2.4203	-2.7453	0.093457	0.70856	1.132	0.94657	1.0697	1.5951e-005	0.3968	-0.3907	39.64
679.98	-1.0459	-1.1083	-1.1111	-1.1641	-1.2165	-1.2875	-1.3295	-1.4268	-1.6065	-1.5575	-1.5394	2.1703	-1.6408	-2.0548	-1.8575	-1.6046	-1.6879	-1.5549	-1.5261	-0.17323	-1.4979	-2.0169	0.18371	0.77711	1.173	1.0605	1.1481	1.598e-005	0.48633	-0.27799	39.67
678.95	-0.85519	-1.0308	-1.0884	-1.2377	-1.2747	-1.3333	-1.4838	-1.5429	-1.554	-1.5107	-1.4677	0.7348	-1.3964	-1.5079	-1.4225	-1.3176	-1.5054	-1.4113	-1.3993	-0.17349	-1.3921	-1.8533	0.26909	0.82898	1.2416	1.1044	1.2007	1.6008e-005	0.57614	-0.12284	39.65
677.92	-1.3796	-1.5725	-1.703	-1.7342	-1.7075	-1.5528	-1.3667	-1.2888	-1.268	-1.2347	-1.2185	1.7542	-1.2478	-1.3528	-1.2214	-1.1587	-1.3311	-1.1781	-1.2588	-0.17376	-1.1673	-1.722	0.24441	0.79075	1.2044	1.0634	1.1318	1.6027e-005	0.44581	-0.48925	39.53
681.02	-2.1394	-1.9256	-1.6461	-1.4369	-1.4854	-1.4698	-1.3819	-1.2117	-1.1231	-1.1965	-1.1564	0.42729	-0.89995	-0.99196	-0.85309	-0.87253	-1.0006	-0.92016	-0.98241	-0.1057	-0.86053	-1.3098	0.38324	0.82087	1.1482	0.98145	1.0057	1.5951e-005	0.27153	-0.83904	39.6
682.05	-2.0107	-1.9377	-1.8536	-1.4448	-1.2127	-1.1482	-1.181	-1.068	-1.0125	-0.95589	-0.93842	1.4202	-0.91734	-0.91661	-0.8604	-0.81811	-0.9461	-0.90952	-0.89065	-0.095983	-0.81632	-1.319	0.49244	0.93185	1.2301	1.0358	1.0487	1.5932e-005	0.33369	-0.71639	39.6
669.71	-1.4272	-1.5114	-1.372	-1.2062	-1.3491	-1.4784	-1.4105	-1.2393	-1.2432	-1.2271	-1.1984	0.7201	-1.2547	-1.3696	-1.2489	-1.2043	-1.3656	-1.2526	-1.3263	-0.16616	-1.192	-1.698	0.31854	0.82898	1.1844	1.0119	1.0812	1.6227e-005	0.36639	-0.49518	39.6
677.92	-0.70008	-0.89908	-1.1934	-1.2106	-1.2509	-1.2426	-1.2905	-1.4887	-1.5912	-1.5565	-1.5155	1.9012	-1.4617	-1.5841	-1.4294	-1.4492	-1.5608	-1.452	-1.4923	-0.10623	-1.3836	-1.906	0.27452	0.74002	1.1368	0.98621	1.0296	1.6027e-005	0.45629	-0.24511	39.59
675.85	-0.847	-1.2444	-1.5174	-1.5693	-1.6723	-1.6177	-1.5714	-1.4068	-1.4511	-1.4897	-1.526	1.1014	-1.5025	-1.5469	-1.4114	-1.4457	-1.5744	-1.4955	-1.5352	-0.1065	-1.355	-1.9457	0.23507	0.74794	1.2473	1.0386	1.1032	1.6075e-005	0.5156	-0.18249	39.6
673.85	-1.3462	-0.97917	-1.3046	-1.3448	-1.3614	-1.4202	-1.5	-1.4687	-1.3309	-1.2863	-1.1564	1.4497	-1.1026	-1.1701	-1.0495	-1.0428	-1.0823	-1.0779	-1.0709	-0.11658	-0.90236	-1.4641	0.34189	0.84099	1.2397	0.99193	1.0611	1.6122e-005	0.38527	-0.54728	39.59
672.81	-2.1594	-1.4597	-1.3615	-1.3474	-1.3433	-1.1691	-1.1695	-1.2193	-1.1422	-0.99695	-0.92247	0.54993	-0.87387	-0.98575	-0.89822	-0.90588	-0.97697	-0.96093	-0.92859	-0.08756	-0.8166	-1.2811	0.45871	0.84223	1.1796	0.98621	1.0114	1.6151e-005	0.26428	-0.88311	39.6
669.71	-1.8715	-2.0987	-1.9841	-2.1088	-1.6608	-1.7437	-1.2571	-1.2393	-1.0916	-1.1115	-1.0542	1.3285	-1.1808	-1.1116	-1.0297	-1.0261	-1.1686	-1.1037	-1.1302	-0.09775	-0.96239	-1.5464	0.38972	0.81754	1.2016	0.99098	1.0028	1.6227e-005	0.30795	-0.69975	39.57
667.71	-1.2356	-1.1945	-1.1321	-1.0474	-1.0668	-1.0069	-1.1124	-1.047	-1.0249	-1.1096	-1.1326	0.87796	-1.1991	-1.2517	-1.1432	-1.1534	-1.253	-1.296	-1.2515	-0.12745	-1.0748	-1.5963	0.40106	0.85443	1.2225	0.96525	1.0324	1.6275e-005	0.42073	-0.39414	39.6
666.68	-0.78531	-0.81322	-0.89748	-0.85651	-0.89581	-0.88664	-1.0429	-1.2669	-1.3853	-1.4439	-1.4362	1.6464	-1.4295	-1.5026	-1.3649	-1.3571	-1.4528	-1.4866	-1.4649	-0.108	-1.3073	-1.8764	0.26899	0.80409	1.2187	0.98812	1.0601	1.6294e-005	0.50139	-0.20649	39.57
668.75	-0.88656	-1.0317	-1.1304	-1.1044	-1.2995	-1.3982	-1.5724	-1.4506	-1.4263	-1.484	-1.4038	1.0813	-1.3547	-1.3616	-1.2601	-1.2675	-1.3229	-1.3634	-1.3154	-0.12727	-1.1615	-1.7239	0.36485	0.8531	1.2892	1.0491	1.1538	1.6246e-005	0.54773	-0.22293	39.63
666.68	-1.6236	-1.4433	-1.3948	-1.3895	-1.4863	-1.4135	-1.3457	-1.3316	-1.2795	-1.3111	-1.4018	1.4097	-1.2043	-1.3102	-1.1844	-1.1868	-1.273	-1.2783	-1.2798	-0.11781	-1.1101	-1.6213	0.33026	0.80991	1.2359	0.98812	1.0726	1.6294e-005	0.4214	-0.60454	39.62
669.71	-2.4016	-2.0832	-1.8878	-1.6623	-1.3853	-1.2188	-1.1257	-1.2174	-1.0869	-1.145	-1.0829	0.88769	-1.1278	-1.1542	-1.0383	-1.0498	-1.0977	-1.1338	-1.1037	-0.12709	-0.95162	-1.4845	0.35408	0.81191	1.1901	0.96239	0.9961	1.6227e-005	0.32387	-0.7509	39.56
665.64	-1.6198	-1.5717	-1.5025	-0.9816	-0.72982	-0.83806	-0.6081	-0.84638	-1.1441	-1.0686	-0.95589	1.068	-0.90604	-1.0292	-0.94807	-0.90062	-0.94247	-0.95118	-0.97876	-0.10818	-0.78135	-1.4087	0.46871	0.89724	1.2721	1.0329	1.0812	1.6323e-005	0.42197	-0.53256	39.56
659.51	-0.90515	-1.0515	-1.133	-0.74624	-0.79999	-0.76181	-0.74743	-0.97184	-1.1241	-1.1965	-1.0934	0.92673	-1.0321	-1.0957	-1.0014	-0.92432	-1.0514	-1.0505	-0.86784	-0.11914	-0.84414	-1.4096	0.46795	0.88246	1.2435	0.99955	1.1242	1.6475e-005	0.46907	-0.22599	39.65
662.54	-0.55011	-0.54453	-0.88171	-0.86677	-1.0745	-1.1596	-1.3371	-1.3916	-1.4759	-1.4477	-1.4219	1.255	-1.2043	-1.3368	-1.0942	-1.1157	-1.2085	-1.2357	-1.1949	-0.11852	-1.0281	-1.6028	0.31178	0.76872	1.1977	0.95134	1.0793	1.6399e-005	0.53133	-0.044079	39.63
664.61	-0.65269	-0.95764	-1.2302	-1.4035	-1.7685	-1.7237	-1.6752	-1.62	-1.5674	-1.5928	-1.4878	1.276	-1.3173	-1.3563	-1.285	-1.221	-1.3492	-1.3616	-1.3108	-0.13788	-1.1577	-1.7054	0.25441	0.74336	1.1997	0.98431	1.1223	1.6351e-005	0.52971	-0.15123	39.62
654.4	-1.1117	-1.2341	-1.464	-1.5562	-2.0193	-2.0214	-1.6286	-1.4306	-1.2928	-1.2672	-1.1679	1.1052	-1.1052	-1.195	-1.0985	-1.0744	-1.1413	-1.2003	-1.0353	-0.12002	-0.97383	-1.5538	0.378	0.81334	1.2187	0.97764	1.106	1.6608e-005	0.39127	-0.57223	39.65
654.4	-2.0651	-1.855	-1.7477	-1.5807	-1.6093	-1.3772	-1.3371	-1.1717	-1.0659	-1.0695	-0.98358	0.92759	-0.91387	-0.93611	-0.8922	-0.7973	-0.97697	-1.0186	-0.87459	-0.18003	-0.81718	-1.3403	0.43517	0.88351	1.2006	0.95572	1.0535	1.6608e-005	0.27172	-0.82078	39.63
657.44	-1.0811	-1.1411	-1.7906	-1.3386	-1.5283	-1.4946	-1.3638	-1.1736	-1.0144	-0.99122	-0.94405	0.82203	-0.91734	-0.87495	-0.85232	-0.84865	-0.9452	-1.0239	-0.93771	-0.11949	-0.79107	-1.2479	0.47977	0.90267	1.2301	0.95858	1.0678	1.6523e-005	0.3948	-0.42635	39.63
649.23	-1.1956	-1.0989	-1.0989	-1.1027	-1.1774	-1.1491	-1.1495	-1.0394	-1.0745	-1.186	-1.1526	1.2617	-1.2025	-1.2384	-1.2162	-1.0665	-1.2702	-1.2304	-1.1247	-0.21167	-1.0948	-1.6823	0.39153	0.89047	1.2101	0.97859	1.1013	1.6732e-005	0.43265	-0.29109	39.63
653.37	-0.91983	-1.0455	-1.1006	-1.1913	-1.351	-1.3686	-1.4067	-1.4849	-1.4701	-1.5413	-1.4658	1.381	-1.5086	-1.5912	-1.4784	-1.4247	-1.5	-1.5575	-1.4276	-0.1202	-1.3235	-2.0123	0.24327	0.74441	1.1911	0.95763	1.128	1.6627e-005	0.51159	-0.20629	39.66
651.3	-0.97246	-1.0593	-1.1777	-1.2807	-1.3824	-1.3505	-1.4114	-1.4973	-1.5111	-1.5403	-1.4582	1.6149	-1.4791	-1.5575	-1.4647	-1.3975	-1.5599	-1.5522	-1.4321	-0.13063	-1.3607	-1.9836	0.23355	0.74088	1.2301	0.99003	1.1318	1.6685e-005	0.47498	-0.27264	39.65
645.17	-1.1965	-1.2728	-1.2626	-1.2877	-1.39	-1.3457	-1.3676	-1.3012	-1.2537	-1.2395	-1.166	0.99926	-1.1791	-1.2561	-1.2145	-1.0972	-1.2321	-1.2898	-1.1731	-0.20292	-1.0786	-1.7045	0.34122	0.86644	1.2063	0.99955	1.1089	1.6837e-005	0.3968	-0.42119	39.64
643.1	-1.1117	-1.0524	-0.89135	-1.0614	-1.167	-1.1434	-1.0581	-1.0194	-1.1002	-1.0772	-0.95303	1.0928	-0.96517	-1.0212	-0.96698	-0.89974	-1.0687	-1.0779	-0.94501	-0.18322	-0.934	-1.381	0.47986	0.90496	1.2101	0.99479	1.0649	1.6894e-005	0.30413	-0.5512	39.63
641.1	-1.4272	-1.5424	-1.6654	-1.4035	-1.3014	-1.1758	-1.0438	-1.0299	-1.0354	-1.0858	-0.98645	0.79769	-0.91734	-0.96537	-0.95667	-0.88657	-1.0996	-1.1116	-0.94775	-0.18375	-0.95953	-1.3384	0.49206	0.91373	1.1844	0.97573	1.1022	1.6951e-005	0.33836	-0.53963	39.64
637.99	-0.8142	-0.74449	-0.72674	-0.59098	-0.82144	-0.85696	-1.1581	-1.2326	-1.0726	-1.1612	-1.1364	1.2255	-1.0513	-1.0691	-0.99792	-0.93134	-1.1522	-1.1276	-1.0344	-0.17438	-1.01	-1.4041	0.44642	0.87626	1.1539	0.9805	1.0668	1.7028e-005	0.36782	-0.35437	39.65
637.99	-0.65441	-0.59706	-1.0568	-1.0956	-1.1431	-1.2331	-1.279	-1.3459	-1.411	-1.3808	-1.2949	1.0298	-1.2591	-1.3146	-1.2008	-1.1183	-1.283	-1.1799	-1.1174	-0.17438	-1.1139	-1.6583	0.3397	0.81029	1.1425	1.0034	1.0324	1.7028e-005	0.44028	-0.21576	39.56
632.89	-0.8981	-1.0317	-1.0919	-1.172	-1.2737	-1.3839	-1.3476	-1.3193	-1.3738	-1.4162	-1.3178	1.4259	-1.2808	-1.3598	-1.2756	-1.1438	-1.2939	-1.273	-1.1539	-0.18613	-1.1339	-1.8394	0.35856	0.8591	1.212	1.0034	1.151	1.7171e-005	0.47756	-0.2626	39.65
635.93	-1.3109	-1.3331	-1.246	-1.3167	-1.2566	-1.2665	-1.2371	-1.1679	-1.2299	-1.165	-1.1039	0.83673	-1.0391	-1.1409	-1.034	-0.94275	-1.1368	-1.0168	-0.96873	-0.18525	-0.99098	-1.5575	0.4104	0.91516	1.2054	1.0739	1.1242	1.7085e-005	0.37459	-0.58437	39.64
634.96	-1.8782	-1.8274	-1.2652	-1.1579	-1.2423	-1.2102	-1.1524	-1.0937	-1.0878	-1.0094	-0.95876	1.0871	-0.91387	-1.015	-0.924	-0.8706	-1.0632	-1.0186	-0.91491	-0.17526	-0.91141	-1.4115	0.51817	0.94071	1.2254	1.03	1.0649	1.7113e-005	0.33045	-0.72461	39.6
636.96	-1.6475	-1.6526	-1.7109	-1.593	-1.5445	-1.3047	-1.0914	-1.0518	-1.0897	-1.1049	-1.0963	0.79626	-1.1391	-1.2233	-1.0968	-1.0551	-1.2575	-1.171	-1.2022	-0.16439	-1.1044	-1.6379	0.39906	0.88961	1.1977	1.0272	1.0611	1.7056e-005	0.3908	-0.52969	39.57
634.96	-1.4539	-1.5519	-1.5839	-1.4588	-1.4234	-1.4784	-1.4476	-1.4059	-1.4863	-1.4458	-1.3799	1.611	-1.3591	-1.4441	-1.3039	-1.2623	-1.44	-1.3421	-1.3163	-0.16492	-1.2578	-1.7793	0.31454	0.8142	1.1596	1.0148	1.1194	1.7113e-005	0.448	-0.45044	39.65
642.13	-0.92965	-1.1686	-1.3694	-1.5141	-1.6294	-1.6225	-1.6943	-1.7076	-1.7323	-1.6549	-1.6482	1.172	-1.4921	-1.6382	-1.4629	-1.4571	-1.5917	-1.523	-1.548	-0.11216	-1.4264	-1.9947	0.12559	0.65031	1.111	0.98907	1.0525	1.6923e-005	0.47622	-0.29434	39.6
637.99	-1.2489	-1.4812	-1.5804	-1.6114	-1.7762	-1.7427	-1.6533	-1.582	-1.4844	-1.462	-1.4286	1.7991	-1.3799	-1.4671	-1.3435	-1.3448	-1.4428	-1.398	-1.4066	-0.092359	-1.2749	-1.8477	0.19572	0.69645	1.1539	1.0034	1.0735	1.7028e-005	0.42912	-0.47511	39.6
629.79	-2.0288	-1.8955	-1.731	-1.5956	-1.5235	-1.4259	-1.3133	-1.2717	-1.2632	-1.1994	-1.1574	0.61387	-1.1599	-1.2322	-1.0667	-0.98489	-1.1858	-1.1214	-1.1037	-0.17668	-1.0234	-1.5067	0.36037	0.84509	1.1692	0.99288	1.0047	1.7256e-005	0.26533	-0.83015	39.57
634.96	-1.4987	-1.3831	-1.1812	-1.1483	-1.248	-1.2799	-1.2676	-1.1698	-1.1994	-1.1841	-1.1602	1.696	-1.1739	-1.2269	-1.1604	-1.1236	-1.233	-1.2065	-1.2059	-0.10305	-1.0844	-1.5834	0.34675	0.79008	1.1358	0.95477	0.97602	1.7113e-005	0.26886	-0.7291	39.6
630.82	-0.90096	-1.1101	-1.0025	-1.0404	-1.1174	-1.1128	-1.2067	-1.2079	-0.88647	-1.1392	-1.1927	0.61941	-1.253	-1.3448	-1.2334	-1.2456	-1.3356	-1.3501	-1.3664	-0.1141	-1.1844	-1.7313	0.35437	0.83165	1.2521	1.0291	1.085	1.7228e-005	0.46221	-0.33124	39.55
629.79	-0.82478	-0.98347	-1.1199	-1.2149	-1.3405	-0.95632	-1.2438	-1.2488	-1.392	-1.4878	-1.4649	2.0071	-1.406	-1.5061	-1.3521	-1.3623	-1.4428	-1.4582	-1.4668	-0.12471	-1.2911	-1.9319	0.20906	0.72372	1.1749	0.97859	1.0802	1.7256e-005	0.50816	-0.24568	39.6
630.82	-1.2499	-1.2212	-1.2249	-1.2956	-1.4549	-1.5633	-1.5733	-1.8066	-1.4911	-1.6024	-1.5919	0.80399	-1.4078	-1.4636	-1.3263	-1.3193	-1.421	-1.3501	-1.4084	-0.1141	-1.2197	-1.7793	0.19801	0.71648	1.1977	0.99955	1.0783	1.7228e-005	0.46783	-0.36747	39.59
633.93	-1.3271	-1.3848	-1.4579	-1.3728	-1.4034	-1.4163	-1.38	-1.3316	-1.2118	-1.2443	-1.2118	1.7714	-1.1521	-1.1347	-1.0134	-1.0112	-1.065	-1.093	-1.0554	-0.13425	-0.90131	-1.4253	0.36342	0.82154	1.2397	0.99479	1.0869	1.7142e-005	0.42636	-0.53667	39.59
632.89	-2.3349	-1.9497	-1.5445	-1.3027	-1.2899	-1.109	-1.139	-1.0508	-0.97437	-0.9133	-0.82144	0.098399	-0.79474	-0.80483	-0.74144	-0.73436	-0.80237	-0.87512	-0.79332	-0.14477	-0.64814	-1.1711	0.52522	0.90143	1.2301	0.93571	1.0066	1.7171e-005	0.26409	-0.92077	39.59
636.96	-2.147	-2.159	-1.9053	-1.5263	-1.4244	-1.3171	-1.1952	-1.0594	-0.95215	-0.8668	-0.78572	1.4812	-0.81709	-0.83904	-0.77358	-0.75403	-0.87238	-0.85917	-0.81576	-0.13354	-0.68997	-1.2405	0.53256	0.96197	1.2635	1.0348	1.0544	1.7056e-005	0.38517	-0.6685	39.57
636.96	-1.2251	-1.2151	-1.3055	-1.0509	-1.1069	-1.1195	-1.1086	-1.1508	-1.1536	-1.1688	-1.1755	0.50899	-1.1625	-1.2481	-1.1243	-1.1438	-1.2103	-1.2021	-1.2022	-0.12329	-1.0691	-1.6851	0.39372	0.84166	1.234	0.9967	1.0544	1.7056e-005	0.4745	-0.41316	39.59
637.99	-0.73745	-0.84982	-0.93775	-1.029	-1.3233	-1.6387	-1.6476	-1.6724	-1.6589	-1.5842	-1.6043	2.2744	-1.6469	-1.7667	-1.597	-1.5809	-1.6961	-1.6364	-1.7094	-0.12312	-1.4817	-2.1084	0.11044	0.65451	1.1358	0.95058	1.0592	1.7028e-005	0.52389	-0.13527	39.57
637.99	-1.0888	-1.2237	-1.4929	-1.5027	-1.5254	-1.7838	-1.619	-1.6496	-1.6646	-1.6883	-1.6473	0.89275	-1.5564	-1.6737	-1.5274	-1.5318	-1.6207	-1.6364	-1.6264	-0.11286	-1.4007	-2.0317	0.067758	0.64249	1.1482	0.95763	1.0668	1.7028e-005	0.46259	-0.332	39.59
635.93	-2.3558	-1.8825	-1.6032	-1.4974	-1.6341	-1.4641	-1.3067	-1.3126	-1.1708	-1.2347	-1.2261	1.7847	-1.2034	-1.2792	-1.1355	-1.1297	-1.2403	-1.2357	-1.2314	-0.092624	-1.071	-1.6287	0.24984	0.7528	1.1939	0.96144	1.0496	1.7085e-005	0.39137	-0.701	39.56
634.96	-2.6295	-2.1185	-1.8808	-1.4325	-1.4177	-1.3677	-1.361	-1.1546	-1.0935	-1.1669	-1.0753	0.47138	-1.0599	-1.0593	-1.0074	-0.96821	-1.0542	-1.1648	-0.97055	-0.13399	-0.89988	-1.4947	0.37352	0.8202	1.1835	0.93266	1.0649	1.7113e-005	0.32482	-0.87288	39.65
630.82	-1.5216	-1.2694	-1.6522	-1.0983	-1.085	-1.4526	-1.4333	-1.2698	-1.1698	-1.1335	-1.1192	1.674	-1.2017	-1.21	-1.1492	-1.106	-1.2031	-1.2349	-1.1019	-0.12453	-1.0682	-1.612	0.376	0.79523	1.1854	0.95382	1.0716	1.7228e-005	0.37764	-0.58906	39.64
630.82	-1.412	-1.2479	-1.2381	-1.1088	-1.1174	-1.089	-1.16	-1.3002	-1.432	-1.4267	-1.2968	0.81716	-1.3521	-1.4485	-1.3632	-1.3272	-1.4019	-1.4769	-1.3254	-0.12453	-1.2197	-1.7914	0.26804	0.72248	1.1492	0.93123	1.0716	1.7228e-005	0.43971	-0.42626	39.64
621.65	-1.288	-1.272	-1.4149	-1.379	-1.4196	-0.93895	-1.3543	-1.4678	-1.5731	-1.5661	-1.5279	1.8926	-1.5373	-1.5664	-1.4311	-1.3307	-1.51	-1.5088	-1.4294	-0.15794	-1.3197	-1.9393	0.19543	0.72706	1.1539	0.95267	1.0946	1.7476e-005	0.48051	-0.31317	39.61
621.65	-1.1441	-1.3211	-1.3966	-1.5	-1.7056	-1.4803	-1.4486	-1.3973	-1.3614	-1.3703	-1.3541	0.96968	-1.4451	-1.4246	-1.3555	-1.2886	-1.4419	-1.4024	-1.3026	-0.18949	-1.273	-1.8052	0.25013	0.78855	1.1787	0.99098	1.1433	1.7476e-005	0.45191	-0.36833	39.65
624.69	-0.96197	-1.1635	-1.3668	-1.4141	-1.6532	-1.5795	-1.5181	-1.4135	-1.2461	-1.1803	-0.99982	1.3381	-1.1095	-1.2074	-1.0761	-1.0174	-1.0714	-1.1302	-0.97238	-0.12577	-0.90293	-1.4762	0.4123	0.83975	1.2216	0.97859	1.1099	1.739e-005	0.35857	-0.6314	39.64
623.65	-2.2128	-2.0866	-1.5542	-1.0053	-0.80123	-0.97731	-1.1676	-1.3773	-1.146	-0.94462	-0.84598	0.41326	-0.83856	-0.88204	-0.86985	-0.79502	-0.84305	-0.90952	-0.72053	-0.12594	-0.70464	-1.1887	0.51664	0.87798	1.1806	0.92656	1.021	1.7418e-005	0.22805	-0.85204	39.65
619.58	-1.4635	-1.4175	-1.4281	-1.4097	-1.4863	-1.4011	-1.2524	-1.246	-1.1965	-1.1354	-0.97022	1.3285	-1.0382	-1.0097	-0.96612	-0.95065	-1.0605	-1.0753	-0.96599	-0.16907	-0.88673	-1.4457	0.49263	0.8961	1.2073	0.94038	1.063	1.7533e-005	0.36153	-0.49843	39.65
620.62	-1.4148	-1.5286	-1.548	-1.3281	-1.2985	-1.3514	-1.2029	-1.1498	-1.2432	-1.2834	-1.1622	0.88426	-1.2617	-1.3315	-1.2721	-1.1824	-1.3483	-1.3403	-1.2479	-0.18984	-1.1806	-1.7664	0.33284	0.83298	1.1558	0.92352	1.0334	1.7504e-005	0.36096	-0.42406	39.64
619.58	-0.9963	-1.1247	-1.2066	-1.2027	-1.3738	-1.4135	-1.4714	-1.4725	-1.5235	-1.6855	-1.4458	1.6378	-1.4573	-1.5105	-1.3976	-1.3263	-1.4854	-1.4609	-1.3637	-0.20071	-1.3007	-1.9272	0.2345	0.77883	1.1825	0.95572	1.0984	1.7533e-005	0.45915	-0.24052	39.65
623.65	-1.1469	-1.3219	-1.3966	-1.4114	-1.4263	-1.5576	-1.4438	-1.4087	-1.4272	-1.377	-1.3302	1.0804	-1.4043	-1.4148	-1.2988	-1.1771	-1.3801	-1.249	-1.2415	-0.16793	-1.2216	-1.8302	0.24393	0.77988	1.1863	1.0415	1.0984	1.7418e-005	0.48461	-0.31221	39.57
622.62	-1.4892	-1.7232	-1.5524	-1.3974	-1.3557	-1.3591	-1.2514	-1.1774	-1.1965	-1.0409	-1.0151	1.1482	-1.0365	-1.1808	-1.0366	-0.88745	-1.0941	-1.0593	-1.0599	-0.16819	-0.97669	-1.4993	0.35904	0.85481	1.213	1.0358	1.0926	1.7447e-005	0.37688	-0.6381	39.59
627.79	-2.1652	-1.9067	-1.5664	-1.3439	-1.3672	-1.3362	-1.1952	-1.0746	-1.0363	-0.93842	-0.90843	0.68211	-0.93299	-1.0815	-0.96268	-0.8311	-1.0378	-0.9565	-0.99609	-0.18763	-0.9218	-1.4272	0.38324	0.84785	1.1368	0.98145	1.0009	1.7304e-005	0.2946	-0.81017	39.59
624.69	-1.0993	-1.4485	-1.6058	-1.6035	-1.6084	-1.5557	-1.401	-1.2583	-1.2899	-1.2214	-1.1736	1.2713	-1.1973	-1.3075	-1.2025	-1.1754	-1.3774	-1.2685	-1.2816	-0.16766	-1.1958	-1.7119	0.27071	0.76634	1.112	0.95572	1.0057	1.739e-005	0.33016	-0.5035	39.55
623.65	-1.2509	-1.4132	-1.2617	-1.3158	-1.4654	-1.57	-1.6267	-1.6334	-1.7247	-1.6921	-1.6291	1.3467	-1.4677	-1.4804	-1.45	-1.3263	-1.5236	-1.4192	-1.3829	-0.17844	-1.3626	-1.8302	0.26023	0.76758	1.132	1.0034	1.0697	1.7418e-005	0.39909	-0.38085	39.64
622.62	-1.0831	-1.2324	-1.2276	-1.25	-1.3786	-1.4182	-1.441	-1.5429	-1.6894	-1.7361	-1.6005	1.5557	-1.5347	-1.6187	-1.4896	-1.3948	-1.5744	-1.5593	-1.4832	-0.19974	-1.4827	-1.954	0.20601	0.75042	1.152	0.98145	1.1137	1.7447e-005	0.45115	-0.30351	39.64
621.65	-1.1832	-1.3262	-1.3151	-1.4421	-1.554	-1.6645	-1.5733	-1.4982	-1.5893	-1.4887	-1.3913	1.2846	-1.3365	-1.4857	-1.4217	-1.2807	-1.4709	-1.3386	-1.3591	-0.17897	-1.2959	-1.8967	0.21182	0.73326	1.1663	1.052	1.1433	1.7476e-005	0.45191	-0.34538	39.63
620.62	-1.6713	-1.6423	-1.6023	-1.4018	-1.4787	-1.4106	-1.321	-1.2203	-1.2489	-1.1879	-1.144	1.0985	-1.1208	-1.2251	-1.1251	-1.0656	-1.2612	-1.1595	-1.1065	-0.17933	-1.0863	-1.6684	0.34379	0.84537	1.1806	1.0386	1.0821	1.7504e-005	0.33807	-0.68159	39.6
617.52	-1.4291	-1.4106	-1.3834	-1.4676	-1.4635	-1.4841	-1.2857	-1.1479	-1.0802	-1.0256	-0.95484	0.92912	-0.88778	-0.98753	-0.90767	-0.84488	-1.016	-0.93966	-0.96964	-0.18021	-0.85405	-1.3837	0.40058	0.90525	1.1987	1.0205	1.0458	1.7599e-005	0.29946	-0.76811	39.6
619.58	-1.5626	-1.6449	-1.7906	-1.129	-1.5598	-1.7113	-1.0267	-1.1127	-1.104	-1.0877	-1.0896	0.95918	-1.0617	-1.1356	-1.0607	-1.0261	-1.2348	-1.1613	-1.122	-0.1902	-1.0758	-1.6102	0.38277	0.8899	1.1825	1.01	1.0143	1.7533e-005	0.32139	-0.55378	39.56
621.65	-0.84223	-1.1264	-1.2696	-1.2465	-1.2242	-1.278	-1.2419	-1.3269	-1.2852	-1.2748	-1.2729	1.3982	-1.2678	-1.359	-1.1991	-1.2061	-1.3937	-1.3173	-1.3728	-0.16846	-1.2254	-1.7451	0.25013	0.75785	1.1234	0.96811	0.9961	1.7476e-005	0.38326	-0.32703	39.59
623.65	-0.98295	-1.0524	-1.0901	-1.0632	-1.1641	-1.1672	-1.2438	-1.245	-1.3452	-1.3417	-1.3302	1.173	-1.3399	-1.4449	-1.2756	-1.2851	-1.4664	-1.398	-1.4248	-0.16793	-1.2921	-1.8847	0.28205	0.77988	1.1139	0.96525	1.0143	1.7418e-005	0.41625	-0.28927	39.59
624.69	-1.0535	-1.1419	-1.1785	-1.172	-1.2566	-1.3009	-1.3476	-1.3754	-1.3386	-1.3102	-1.335	1.5108	-1.3417	-1.4325	-1.273	-1.2991	-1.4446	-1.374	-1.4367	-0.073348	-1.2664	-1.7729	0.22173	0.72353	1.173	1.0091	1.0965	1.739e-005	0.43828	-0.29797	39.6
624.69	-1.269	-1.2823	-1.3449	-1.2456	-1.3243	-1.277	-1.2124	-1.1812	-1.2194	-1.2691	-1.1669	1.0384	-1.1373	-1.2375	-1.1088	-1.092	-1.2339	-1.1728	-1.1694	-0.08383	-1.0672	-1.6518	0.32521	0.78474	1.1968	1.0396	1.0965	1.739e-005	0.42121	-0.48524	39.59
625.72	-1.1822	-1.092	-1.0463	-0.95441	-0.99344	-1.11	-1.0457	-1.0318	-0.92613	-0.91789	-0.97308	1.1424	-0.91995	-0.98487	-0.85326	-0.87516	-0.98333	-0.9698	-0.92859	-0.094127	-0.7843	-1.4078	0.46605	0.85062	1.2502	0.99955	1.0391	1.7361e-005	0.35237	-0.55741	39.6
624.69	-1.4453	-1.4382	-1.3309	-1.0562	-0.9226	-0.90478	-1.1419	-1.2355	-1.2623	-1.1383	-1.1049	0.87844	-0.96517	-1.0212	-0.95323	-0.94275	-1.1095	-1.046	-1.0572	-0.12577	-0.93809	-1.6878	0.37962	0.77854	1.1053	0.948	0.95691	1.739e-005	0.29031	-0.60856	39.57
