20952	4	11	84	27	752.15	2	2	38	274.61	255	8160	5	0	0	0	0	550.05	975.92	1.4443e+006	0.11792	0.032186	40.951	0	0	1	0	0	0	1	0	0
978.4	0.0221	-0.10541	-0.19403	-0.22044	-0.26466	-0.32278	-0.34429	-0.37313	-0.47164	-0.5404	-0.54279	-0.48675	-0.78179	-0.91838	-0.8304	-0.63403	-0.38507	-0.20797	0.5982	-0.034292	0.69073	-0.25345	-0.00072094	-0.084537	-0.076058	-0.14798	-0.15983	1.111e-005	-0.036029	0.074784	2.139
977.02	0.0096007	-0.1055	-0.19132	-0.22404	-0.26495	-0.33824	-0.3559	-0.3934	-0.48251	-0.55616	-0.56714	-0.68717	-0.82613	-0.96714	-0.87329	-0.69302	-0.44663	-0.28952	0.5359	-0.027628	0.63899	-0.15714	0.051502	-0.037669	-0.048853	-0.13836	-0.14215	1.112e-005	-0.032434	0.080701	2.415
977.02	0.026295	-0.091802	-0.17126	-0.21062	-0.26142	-0.34578	-0.36343	-0.39835	-0.49977	-0.57124	-0.57907	-0.79359	-0.82613	-0.99285	-0.89478	-0.71953	-0.50783	-0.35051	0.48199	-0.067815	0.59402	-0.018098	0.11415	0.044504	-0.0059859	-0.094467	-0.1021	1.112e-005	-0.032434	0.07486	2.714
982.54	0.026152	-0.091285	-0.17608	-0.18272	-0.2742	-0.35533	-0.38019	-0.43576	-0.50406	-0.56456	-0.61546	-0.85715	-0.85743	-1.0292	-0.91369	-0.76316	-0.57829	-0.36895	0.39898	-0.060798	0.53122	0.031936	0.16551	0.079313	0.0056762	-0.074562	-0.088244	1.1063e-005	-0.035886	0.062854	2.981
981.16	0.0095625	-0.10162	-0.15909	-0.20641	-0.28154	-0.33309	-0.38067	-0.44109	-0.49767	-0.56131	-0.62405	-1.0441	-0.90169	-1.0558	-0.96268	-0.82732	-0.60325	-0.44359	0.33677	-0.034186	0.52436	0.15501	0.2143	0.11832	0.048377	-0.055209	-0.083904	1.1072e-005	-0.028669	0.062921	3.181
974.95	0.0096197	-0.1092	-0.1457	-0.21439	-0.28697	-0.33901	-0.37171	-0.45384	-0.51474	-0.61422	-0.62396	-0.95727	-0.92778	-1.0593	-1.0263	-0.86963	-0.68679	-0.54146	0.27584	-0.041106	0.45251	0.24116	0.27147	0.16618	0.08773	-0.065338	-0.066572	1.1139e-005	-0.010621	0.057462	3.449
979.09	0.026237	-0.10877	-0.15078	-0.22027	-0.26085	-0.3413	-0.36638	-0.43214	-0.51941	-0.61164	-0.64114	-0.78767	-0.94952	-1.0425	-1.0426	-0.87657	-0.73891	-0.59331	0.23881	-0.081046	0.37581	0.3018	0.32245	0.23187	0.11463	-0.040725	-0.035179	1.1091e-005	-0.003315	0.074707	3.842
979.09	0.017905	-0.094989	-0.16225	-0.2236	-0.27505	-0.36392	-0.38895	-0.46679	-0.54353	-0.61918	-0.66492	-0.62208	-0.97038	-1.0611	-1.0813	-0.92958	-0.83052	-0.62035	0.16702	-0.067674	0.28595	0.38277	0.35713	0.26695	0.12235	-0.021258	-0.030734	1.1091e-005	-0.02147	0.06597	4.112
980.47	-0.0070675	-0.1086	-0.16207	-0.22334	-0.28897	-0.37861	-0.41105	-0.48601	-0.55335	-0.6336	-0.69185	-0.67238	-0.99212	-1.0762	-1.1071	-0.99718	-0.87846	-0.68054	0.023452	-0.067603	0.23336	0.42085	0.37762	0.30966	0.16885	0.017666	-0.021824	1.1082e-005	-0.010564	0.05425	4.428
981.16	0.0095625	-0.11531	-0.17626	-0.21983	-0.29937	-0.33681	-0.41057	-0.47079	-0.55621	-0.66683	-0.70302	-0.56997	-1.0339	-1.1072	-1.1544	-1.0437	-0.91432	-0.76077	-0.039233	-0.047523	0.15846	0.45117	0.43613	0.32883	0.19581	0.032216	-0.0040523	1.1072e-005	0.014806	0.068733	4.7
979.09	0.0095816	-0.11557	-0.22538	-0.22693	-0.30347	-0.35638	-0.41895	-0.48659	-0.56765	-0.66826	-0.72422	-0.52865	-1.0539	-1.132	-1.187	-1.099	-0.98969	-0.84356	-0.13801	-0.040938	0.068997	0.47141	0.48567	0.38412	0.24288	0.04689	0.0092756	1.1091e-005	0.00031634	0.06597	5.053
976.33	0.013786	-0.11247	-0.20883	-0.23106	-0.30089	-0.38405	-0.41276	-0.49306	-0.57633	-0.68927	-0.7226	-0.72201	-1.0834	-1.1675	-1.2446	-1.1499	-1.0841	-0.93434	-0.19238	-0.041071	-0.020858	0.50765	0.52903	0.43627	0.29053	0.047033	0.036058	1.1129e-005	0.02946	0.089563	5.372
976.33	0.022138	-0.11936	-0.19447	-0.25123	-0.30804	-0.39541	-0.43905	-0.49306	-0.62133	-0.70446	-0.76223	-0.91375	-1.106	-1.2189	-1.2988	-1.1973	-1.1822	-1.0434	-0.34544	-0.081294	-0.14846	0.49609	0.59878	0.50292	0.32559	0.076334	0.076199	1.1129e-005	0.02946	0.083712	5.83
978.4	0.026266	-0.098519	-0.18825	-0.25071	-0.30737	-0.41727	-0.44562	-0.51181	-0.61999	-0.6992	-0.78047	-1.0012	-1.1547	-1.2898	-1.3529	-1.2798	-1.2902	-1.0948	-0.45244	-0.054364	-0.27547	0.45255	0.62879	0.52913	0.32883	0.090789	0.084936	1.111e-005	0.018486	0.080615	6.129
978.4	-0.0029145	-0.10541	-0.18825	-0.23729	-0.3252	-0.41345	-0.4719	-0.5614	-0.64411	-0.72566	-0.8201	-1.0947	-1.193	-1.351	-1.389	-1.3588	-1.3629	-1.1896	-0.62311	-0.054364	-0.37286	0.35226	0.63928	0.56431	0.37552	0.12492	0.093836	1.111e-005	0.036668	0.066037	6.429
977.02	0.017943	-0.11583	-0.17985	-0.23755	-0.31843	-0.38739	-0.45362	-0.53218	-0.62066	-0.74915	-0.82096	-1.2321	-1.2356	-1.3873	-1.4449	-1.4396	-1.4319	-1.3129	-0.73156	-0.041027	-0.47071	0.21361	0.70264	0.61189	0.4305	0.15913	0.12064	1.112e-005	0.069455	0.080701	6.822
974.95	0.0054391	-0.12298	-0.19175	-0.28185	-0.34761	-0.42987	-0.47714	-0.53827	-0.6566	-0.78868	-0.84254	-1.1405	-1.2921	-1.4804	-1.5412	-1.501	-1.5517	-1.4449	-0.84121	-0.034398	-0.62193	0.039913	0.74943	0.6485	0.45871	0.14969	0.15658	1.1139e-005	0.051369	0.075023	7.275
974.95	0.017981	-0.095419	-0.17161	-0.25825	-0.3191	-0.42614	-0.47343	-0.55322	-0.67386	-0.7735	-0.86641	-1.0002	-1.3199	-1.5646	-1.5867	-1.5809	-1.6807	-1.5602	-1.0125	-0.067957	-0.8248	-0.095576	0.77039	0.69951	0.47043	0.17904	0.17006	1.1139e-005	0.069598	0.086724	7.659
978.4	0.0221	-0.10196	-0.17967	-0.23395	-0.31805	-0.42481	-0.48324	-0.5812	-0.67863	-0.7862	-0.90327	-0.81401	-1.3547	-1.6205	-1.6177	-1.6397	-1.7542	-1.6098	-1.1794	-0.067745	-0.9421	-0.2688	0.79231	0.72858	0.50016	0.23698	0.18727	1.111e-005	0.065746	0.086456	8.009
979.09	0.0054172	-0.11213	-0.18519	-0.25044	-0.33197	-0.42815	-0.50143	-0.58548	-0.69512	-0.80043	-0.91025	-0.84713	-1.3991	-1.6799	-1.6701	-1.7117	-1.8504	-1.7162	-1.34	-0.060992	-1.1053	-0.37648	0.81584	0.76291	0.53075	0.26108	0.20935	1.1091e-005	0.069302	0.077623	8.373
978.4	-0.015416	-0.12255	-0.20261	-0.26079	-0.35009	-0.41727	-0.50952	-0.5911	-0.69588	-0.83528	-0.9429	-0.78004	-1.4617	-1.7455	-1.75	-1.8197	-1.9322	-1.8536	-1.5297	-0.047673	-1.2645	-0.45792	0.80622	0.77549	0.58191	0.27109	0.20954	1.111e-005	0.073011	0.080615	8.725
974.95	0.0054391	-0.1092	-0.17739	-0.25825	-0.34046	-0.42233	-0.48848	-0.59291	-0.70151	-0.85314	-0.92992	-0.76543	-1.4869	-1.7729	-1.8093	-1.889	-2.0547	-1.9954	-1.7058	-0.047823	-1.4636	-0.59481	0.83318	0.81315	0.61107	0.28167	0.23698	1.1139e-005	0.10974	0.095509	9.125
976.33	0.0012566	-0.10222	-0.17713	-0.2715	-0.34017	-0.44456	-0.51057	-0.59729	-0.75614	-0.87491	-0.96831	-0.97731	-1.4799	-1.8421	-1.8798	-1.9452	-2.1927	-2.108	-1.911	-0.081294	-1.6647	-0.799	0.84976	0.85539	0.62994	0.30577	0.26795	1.1129e-005	0.10955	0.077862	9.562
978.4	-0.01125	-0.1191	-0.19692	-0.27764	-0.35009	-0.46632	-0.53581	-0.61585	-0.75452	-0.8731	-1.0065	-1.1672	-1.4904	-1.9059	-1.9297	-2.0312	-2.2926	-2.1781	-2.0871	-0.067745	-1.8638	-0.93635	0.85843	0.8654	0.64804	0.3295	0.28965	1.111e-005	0.098486	0.08354	9.965
977.02	-0.0029174	-0.1055	-0.18273	-0.26106	-0.3683	-0.4668	-0.5401	-0.64126	-0.74841	-0.90051	-1.0428	-1.3171	-1.553	-1.9626	-2.0044	-2.1655	-2.4352	-2.35	-2.3771	-0.027628	-2.1049	-1.0066	0.8349	0.85844	0.66824	0.35913	0.28105	1.112e-005	0.12041	0.092383	10.25
970.82	-0.0071342	-0.12349	-0.17232	-0.26615	-0.36706	-0.46212	-0.55486	-0.64535	-0.77749	-0.93288	-1.0619	-1.3896	-1.5938	-2.007	-2.0801	-2.2489	-2.5432	-2.5557	-2.6453	-0.041283	-2.3298	-0.92803	0.85424	0.89533	0.74304	0.39086	0.32311	1.1187e-005	0.1431	0.092966	10.7
972.88	0.0054506	-0.12668	-0.17774	-0.29597	-0.37344	-0.46117	-0.53857	-0.62403	-0.78274	-0.94233	-1.0714	-1.5662	-1.6469	-2.1993	-2.1695	-2.3402	-2.6794	-2.694	-2.8204	-0.047921	-2.5584	-1.1933	0.85939	0.90525	0.74543	0.39982	0.37617	1.1168e-005	0.16112	0.10745	11.18
972.88	-0.015502	-0.10593	-0.18641	-0.30273	-0.36982	-0.49152	-0.56876	-0.66392	-0.82087	-0.96926	-1.103	-1.4803	-1.6825	-2.2835	-2.2391	-2.4034	-2.8147	-2.8092	-3.064	-0.074824	-2.8443	-1.3597	0.84195	0.91707	0.76496	0.41945	0.38955	1.1168e-005	0.16837	0.098654	11.61
974.95	-0.036372	-0.11609	-0.2062	-0.28185	-0.38336	-0.50946	-0.59019	-0.70227	-0.8469	-0.98167	-1.1564	-1.3877	-1.7408	-2.3491	-2.3311	-2.5316	-2.9373	-2.9457	-3.3632	-0.061249	-3.0711	-1.4845	0.80879	0.92298	0.77115	0.46252	0.38878	1.1139e-005	0.17171	0.083799	12.05
977.02	-0.023778	-0.12961	-0.20856	-0.2779	-0.3968	-0.50841	-0.61152	-0.71065	-0.85195	-1.0027	-1.1899	-1.2064	-1.7964	-2.4662	-2.4196	-2.6053	-3.078	-3.1026	-3.5994	-0.067815	-3.3426	-1.5399	0.81403	0.94062	0.78907	0.48596	0.42807	1.112e-005	0.17495	0.10114	12.46
976.33	-0.04051	-0.13314	-0.20594	-0.28492	-0.40433	-0.51653	-0.60086	-0.71636	-0.84251	-1.0227	-1.1946	-1.2503	-1.8547	-2.5876	-2.5692	-2.7572	-3.2533	-3.3163	-3.9451	-0.034363	-3.6761	-1.4752	0.78354	0.92985	0.81327	0.49625	0.42846	1.1129e-005	0.18973	0.098367	12.84
970.82	-0.057528	-0.13727	-0.19832	-0.30334	-0.42083	-0.52302	-0.60781	-0.74016	-0.8817	-1.0772	-1.2328	-1.1882	-1.9208	-2.6435	-2.7918	-2.8783	-3.4176	-3.5654	-4.3182	-0.048027	-4.0278	-1.6194	0.76315	0.93871	0.86854	0.52341	0.45312	1.1187e-005	0.20908	0.087087	13.35
972.88	-0.011307	-0.11979	-0.19508	-0.30273	-0.40205	-0.50679	-0.6141	-0.7236	-0.90763	-1.0867	-1.2548	-1.1558	-1.9608	-2.7605	-2.9517	-2.909	-3.5765	-3.7214	-4.6165	-0.068098	-4.3727	-1.783	0.73351	0.92489	0.87454	0.52722	0.51038	1.1168e-005	0.21957	0.10449	13.87
977.02	-0.019611	-0.11583	-0.1942	-0.29474	-0.37545	-0.51595	-0.634	-0.7156	-0.90382	-1.0743	-1.2729	-1.3638	-1.9825	-2.8163	-3.0479	-3.0293	-3.739	-3.8553	-4.9029	-0.074515	-4.6843	-2.0529	0.67472	0.92107	0.86701	0.564	0.51268	1.112e-005	0.22224	0.11577	14.35
976.33	-0.061399	-0.12625	-0.19727	-0.28158	-0.40786	-0.5317	-0.63467	-0.7511	-0.91164	-1.0982	-1.2978	-1.591	-2.026	-2.8544	-3.1322	-3.1969	-3.8961	-4.076	-5.2496	-0.074594	-4.9749	-2.1602	0.62317	0.90239	0.87568	0.59392	0.52214	1.1129e-005	0.23339	0.095404	14.73
976.33	-0.053047	-0.14692	-0.19158	-0.28492	-0.41501	-0.50517	-0.646	-0.771	-0.91507	-1.1211	-1.3264	-1.7065	-2.0955	-2.9058	-3.2138	-3.2979	-4.0677	-4.3472	-5.5825	-0.041071	-5.297	-2.3876	0.57086	0.8633	0.90303	0.59392	0.54002	1.1129e-005	0.2517	0.092479	15.22
970.13	-0.053381	-0.12358	-0.18116	-0.30027	-0.40691	-0.51595	-0.63114	-0.73093	-0.93833	-1.144	-1.3426	-1.7981	-2.1599	-3.0308	-3.3703	-3.4629	-4.2357	-4.9961	-5.962	-0.041327	-5.7391	-2.6408	0.52541	0.85691	0.91265	0.57305	0.55235	1.1206e-005	0.2679	0.13135	15.74
968.75	-0.045019	-0.11678	-0.19587	-0.30737	-0.40014	-0.54325	-0.63181	-0.76167	-0.96007	-1.145	-1.3761	-1.9766	-2.2008	-3.1018	-3.4493	-3.5735	-4.4681	-5.3436	-6.3761	-0.06839	-6.1679	-2.9357	0.48729	0.85386	0.92151	0.60812	0.59336	1.1215e-005	0.27553	0.11968	16.26
970.82	-0.049128	-0.11307	-0.19832	-0.30334	-0.39213	-0.52302	-0.64943	-0.77005	-0.96865	-1.1765	-1.3933	-1.8907	-2.2373	-3.1603	-3.5396	-3.6666	-4.6561	-5.489	-6.7245	-0.061505	-6.5176	-3.1853	0.44079	0.83241	0.93914	0.62651	0.61907	1.1187e-005	0.29689	0.1194	16.76
972.88	-0.057404	-0.14046	-0.20944	-0.27571	-0.40557	-0.54096	-0.66314	-0.80831	-0.99058	-1.1822	-1.4534	-1.7838	-2.3025	-3.2569	-3.6135	-3.8079	-4.8368	-5.6406	-7.135	-0.061372	-6.9178	-3.5356	0.34894	0.79523	0.92933	0.65948	0.62662	1.1168e-005	0.28535	0.10745	17.21
970.82	-0.078522	-0.13727	-0.19254	-0.28641	-0.41368	-0.51166	-0.66076	-0.80498	-0.98581	-1.2032	-1.4649	-1.6168	-2.3486	-3.3181	-3.6995	-3.9659	-5.0256	-5.8711	-7.6294	-0.03454	-7.378	-4.569	0.26556	0.75757	0.97478	0.67063	0.64594	1.1187e-005	0.30423	0.11357	17.61
968.06	-0.095625	-0.15854	-0.19026	-0.29755	-0.39337	-0.51328	-0.65143	-0.77747	-0.97818	-1.2223	-1.4649	-1.6435	-2.3999	-3.3907	-3.8112	-4.0686	-5.2263	-6.0058	-7.9897	-0.041416	-7.8325	-5.5617	0.1961	0.7283	0.97002	0.67282	0.675	1.1225e-005	0.3272	0.14043	18.14
970.13	-0.087007	-0.15475	-0.20725	-0.29351	-0.39976	-0.55785	-0.68038	-0.80584	-1.022	-1.2309	-1.5222	-1.571	-2.446	-3.4936	-3.9092	-4.1722	-5.407	-6.2257	-8.3801	-0.068319	-8.2385	-6.2041	0.097478	0.69131	0.9441	0.6812	0.70042	1.1206e-005	0.3192	0.12838	18.65
974.26	-0.12432	-0.16104	-0.19771	-0.26869	-0.41587	-0.5631	-0.69257	-0.83725	-1.0316	-1.2643	-1.5556	-1.5643	-2.4825	-3.5494	-3.9779	-4.2556	-5.5985	-6.4508	-8.7961	-0.068027	-8.6854	-6.7634	-0.014693	0.63734	0.9401	0.71255	0.72432	1.1158e-005	0.3252	0.10735	19.14
970.82	-0.14568	-0.14425	-0.16365	-0.30334	-0.43513	-0.54964	-0.68724	-0.84991	-1.0316	-1.2873	-1.5728	-1.7924	-2.539	-3.6345	-4.0871	-4.3978	-5.7393	-6.731	-9.2859	-0.03454	-9.1656	-7.2736	-0.12683	0.5646	0.94305	0.73447	0.71314	1.1187e-005	0.33722	0.11357	19.54
970.82	-0.12051	-0.1408	-0.23019	-0.28641	-0.41721	-0.54592	-0.67962	-0.83991	-1.0278	-1.2834	-1.5881	-1.989	-2.5851	-3.7063	-4.1868	-4.5303	-5.9309	-6.9969	-9.7511	-0.03454	-9.6144	-7.6433	-0.21449	0.53304	0.94305	0.73942	0.73111	1.1187e-005	0.34818	0.11357	20.01
966.68	-0.12528	-0.2004	-0.21951	-0.32167	-0.44056	-0.54439	-0.68257	-0.86352	-1.0668	-1.3388	-1.6196	-2.1484	-2.6555	-3.7604	-4.3321	-4.6567	-6.1969	-7.355	-10.289	-0.055	-10.186	-8.124	-0.34903	0.46812	0.94705	0.7277	0.76122	1.1234e-005	0.36801	0.13173	20.53
966.68	-0.14635	-0.20393	-0.21951	-0.32843	-0.39022	-0.54439	-0.68638	-0.85352	-1.0916	-1.3426	-1.6473	-2.2037	-2.679	-3.8641	-4.4146	-4.7796	-6.413	-7.6361	-10.864	-0.095629	-10.767	-8.3625	-0.48634	0.41272	0.93524	0.74743	0.78369	1.1234e-005	0.39013	0.14645	21.09
970.13	-0.16265	-0.19979	-0.24779	-0.30711	-0.44638	-0.56167	-0.72962	-0.89074	-1.0773	-1.357	-1.6855	-2.3984	-2.7242	-3.959	-4.4971	-4.8928	-6.5846	-7.7823	-11.22	-0.068319	-11.11	-8.27	-0.57601	0.32863	0.90084	0.76963	0.79019	1.1206e-005	0.37783	0.13718	21.58
966.68	-0.18849	-0.22821	-0.266	-0.33185	-0.43341	-0.55966	-0.76229	-0.87351	-1.1155	-1.3885	-1.7475	-2.3373	-2.7564	-4.0618	-4.5848	-5.021	-6.7353	-8.0678	-11.867	-0.04823	-11.644	-8.331	-0.73618	0.23082	0.89979	0.76715	0.77919	1.1234e-005	0.40481	0.12284	22.02
960.47	-0.2067	-0.24018	-0.27353	-0.33738	-0.46516	-0.58629	-0.706	-0.89931	-1.1441	-1.4505	-1.7542	-2.2095	-2.8259	-4.1177	-4.718	-5.1825	-7.1448	-8.402	-12.497	-0.048539	-12.282	-8.612	-0.88607	0.11689	0.88569	0.74724	0.80233	1.131e-005	0.42588	0.12064	22.51
961.85	-0.20641	-0.26783	-0.3054	-0.37466	-0.48642	-0.57799	-0.67476	-0.94871	-1.1536	-1.4725	-1.7934	-2.0596	-2.839	-4.123	-4.7524	-5.301	-7.2683	-8.7096	-13.144	-0.034875	-12.883	-9.419	-1.0377	0.029317	0.87683	0.76134	0.81504	1.1301e-005	0.42912	0.12647	23.05
960.47	-0.24483	-0.24716	-0.37589	-0.40238	-0.44705	-0.55556	-0.7481	-0.87913	-1.1793	-1.462	-1.8679	-2.0749	-2.8546	-4.17	-4.828	-5.3818	-7.4063	-8.9711	-13.646	-0.068973	-13.426	-10.158	-1.1796	-0.046268	0.85796	0.75219	0.86121	1.131e-005	0.4481	0.14148	23.6
961.85	-0.26581	-0.30624	-0.36958	-0.35413	-0.47193	-0.61254	-0.70524	-0.92348	-1.2089	-1.484	-1.9299	-2.0424	-2.839	-4.1682	-4.8684	-5.4678	-7.5607	-9.2104	-14.23	-0.062097	-13.931	-10.131	-1.3312	-0.097914	0.82146	0.76134	0.86026	1.1301e-005	0.43656	0.13833	24.15
962.54	-0.32053	-0.33733	-0.33132	-0.39132	-0.49672	-0.58887	-0.73886	-0.98802	-1.2642	-1.4782	-2.0569	-2.0968	-2.8381	-4.1735	-4.8573	-5.5477	-7.695	-9.4764	-14.795	-0.062026	-14.388	-10.454	-1.495	-0.21299	0.79688	0.76048	0.84133	1.1282e-005	0.4398	0.12341	24.66
961.85	-0.35056	-0.31674	-0.39296	-0.41904	-0.47193	-0.54344	-0.75105	-0.96422	-1.1002	-1.6836	-2.1276	-2.3803	-2.8859	-4.1168	-4.7859	-5.5916	-7.7777	-9.7423	-15.297	-0.041681	-14.922	-10.907	-1.6065	-0.26886	0.78583	0.77125	0.86934	1.1301e-005	0.45868	0.12055	25.13
957.03	-0.3354	-0.39563	-0.3892	-0.41439	-0.47079	-0.57341	-0.71286	-0.98421	-1.2509	-1.6893	-2.3004	-2.7277	-3.0059	-3.9909	-4.7257	-5.5889	-7.8757	-9.9462	-15.808	-0.048743	-15.389	-11.499	-1.7152	-0.32625	0.78602	0.75048	0.89678	1.1358e-005	0.49462	0.14808	25.66
957.03	-0.37373	-0.45884	-0.40093	-0.43159	-0.54353	-0.6197	-0.75514	-0.91834	-1.3042	-1.7428	-2.5554	-3.1276	-3.1807	-3.8659	-4.492	-5.4213	-7.8576	-10.026	-16.127	-0.082946	-15.789	-11.85	-1.8466	-0.41415	0.7701	0.75543	0.91494	1.1358e-005	0.48718	0.13316	26.28
958.4	-0.38145	-0.47193	-0.43228	-0.44782	-0.56784	-0.63764	-0.81095	-0.80013	-1.1784	-1.8277	-3.0271	-3.2068	-3.4163	-4.0086	-4.314	-4.9885	-7.6278	-9.9019	-16.337	-0.069115	-15.932	-11.961	-1.9486	-0.48509	0.72084	0.75877	0.91752	1.133e-005	0.46764	0.115	26.77
957.03	-0.43341	-0.50801	-0.41853	-0.52098	-0.59816	-0.57723	-0.56695	-0.90816	-1.2899	-2.2346	-3.0377	-3.9178	-3.7059	-4.3446	-4.3235	-4.4092	-7.0949	-9.76	-16.583	-0.02822	-16.075	-12.331	-2.1277	-0.60607	0.72237	0.80031	0.92402	1.1358e-005	0.49834	0.10927	27.24
955.65	-0.45096	-0.51559	-0.4807	-0.51466	-0.50044	-0.47348	-0.74057	-0.85847	-1.514	-2.1477	-3.7023	-4.3006	-4.2363	-4.6646	-4.5676	-4.3653	-6.1697	-9.3434	-16.519	-0.048796	-15.875	-12.442	-2.1258	-0.62667	0.76296	0.83109	0.96646	1.1368e-005	0.54353	0.10047	27.8
951.51	-0.48289	-0.55314	-0.47098	-0.45466	-0.43303	-0.63468	-0.82476	-0.97374	-1.453	-2.7244	-4.174	-4.4552	-4.7328	-5.1593	-4.7825	-4.748	-6.9441	-8.9799	-15.425	-0.049008	-14.56	-11.961	-1.96	-0.54496	0.80222	0.83461	0.98845	1.1415e-005	0.53838	0.094868	28.36
949.44	-0.53981	-0.54013	-0.45723	-0.48676	-0.51102	-0.64776	-0.84981	-0.92529	-1.8076	-3.3184	-3.9993	-4.3817	-4.4424	-5.6326	-5.6841	-5.7996	-6.6754	-7.6228	-8.2187	-0.069786	-7.7373	-8.4558	-1.3874	-0.25217	0.88826	0.87158	1.041	1.1444e-005	0.55449	0.083053	28.99
951.51	-0.48289	-0.55667	-0.49462	-0.46501	-0.7221	-0.58419	-0.55457	-0.66363	-2.3072	-3.6335	-4.1864	-4.5726	-4.9719	-5.5777	-5.4959	-5.287	-5.4169	-5.2328	-5.4867	-0.055884	-5.4189	-6.3835	-1.0767	-0.11098	0.90227	0.91475	1.0573	1.1415e-005	0.55707	0.079879	29.53
950.82	-0.55202	-0.59964	-0.52465	-0.48975	-0.63496	-0.68593	-0.68267	-1.0061	-2.6438	-3.6259	-4.2972	-4.6298	-5.6354	-5.7585	-5.1091	-4.8788	-4.7369	-4.2072	-4.1987	-0.0077449	-4.0678	-5.3029	-0.8956	0.0015045	0.95572	0.9158	1.0535	1.1434e-005	0.56889	0.07096	30.02
944.62	-0.56431	-0.62841	-0.51616	-0.4929	-0.52856	-0.75293	-0.85438	-1.3097	-3.0966	-4.1979	-4.7059	-4.709	-5.8145	-6.0785	-5.4503	-4.5979	-4.0904	-4.0024	-3.7709	-0.035521	-3.5046	-4.8814	-0.73209	0.10678	1.0015	0.93181	1.0793	1.1501e-005	0.60274	0.062357	30.59
944.62	-0.57289	-0.61067	-0.5489	-0.60782	-0.74975	-0.78032	-1.1343	-1.997	-3.5714	-4.4242	-5.0268	-4.9734	-5.2562	-5.5936	-4.859	-4.231	-4.1921	-3.8482	-3.8074	-0.028583	-3.6056	-4.618	-0.72122	0.11088	0.98621	0.9015	1.1022	1.1501e-005	0.59892	0.059336	31.18
944.62	-0.58157	-0.60352	-0.62324	-0.73659	-0.78655	-0.83511	-1.5619	-2.9365	-3.9289	-4.6477	-5.1251	-4.7835	-4.7319	-5.2222	-4.6252	-4.1265	-3.5202	-3.4696	-3.2309	-0.04245	-3.0549	-4.0588	-0.5195	0.22424	1.0339	0.93181	1.1204	1.1501e-005	0.5952	0.050264	31.75
945.3	-0.57232	-0.64193	-0.72954	-0.89212	-1.0726	-1.088	-1.7124	-3.3372	-4.9672	-4.9829	-4.6439	-4.1498	-4.0285	-4.1708	-3.6943	-3.4322	-3.3141	-3.1789	-2.9208	-0.063166	-2.8424	-3.6826	-0.51178	0.26037	1.0091	0.92571	1.1146	1.1492e-005	0.587	0.038142	32.23
944.62	-0.6506	-0.7494	-0.93863	-1.1579	-1.657	-1.9422	-1.9238	-4.0387	-4.9796	-5.0822	-4.7183	-4.0133	-3.2859	-3.8499	-3.6668	-3.469	-3.641	-3.4625	-3.5848	-0.056308	-3.3579	-4.1309	-0.64919	0.20803	0.97383	0.94191	1.1022	1.1501e-005	0.57261	0.004947	32.63
943.24	-0.66862	-0.87496	-1.112	-1.5456	-2.1785	-2.9234	-3.2495	-4.0025	-4.7384	-4.767	-3.73	-3.1314	-2.9285	-4.2302	-4.4748	-4.2959	-4.7287	-4.1336	-4.5381	-0.042494	-4.4022	-4.8389	-0.83385	0.098772	0.97097	0.93285	1.0754	1.152e-005	0.58071	-0.010171	33.09
939.1	-0.72363	-0.89305	-1.147	-1.8114	-2.8707	-3.9159	-4.2838	-4.3757	-4.3599	-3.8303	-2.7225	-2.6055	-2.4886	-4.1948	-4.6003	-4.8876	-5.2526	-4.4545	-4.9038	-0.056617	-4.7719	-5.2179	-0.85196	0.13586	1.0196	0.95763	1.1079	1.1568e-005	0.56813	-0.025409	33.52
938.41	-0.85481	-1.1264	-1.4386	-2.0693	-3.2263	-4.3378	-4.7943	-4.6441	-3.9366	-2.9832	-2.1687	-2.2448	-2.2834	-3.6514	-4.1043	-4.54	-4.7414	-3.7675	-3.9917	-0.070626	-3.8477	-4.3703	-0.64261	0.30718	1.0691	0.99384	1.1328	1.1577e-005	0.54601	-0.083215	33.99
941.17	-0.99058	-1.4011	-1.8457	-2.436	-3.4818	-4.3196	-4.3105	-3.7531	-3.089	-2.1687	-2.0875	-1.9107	-2.1808	-3.2232	-3.4321	-3.3374	-4.2121	-3.4173	-3.4097	-0.070396	-3.3684	-3.7787	-0.40192	0.39957	1.0825	1.0158	1.0965	1.1539e-005	0.49891	-0.16175	34.35
939.1	-1.1364	-1.5079	-2.0138	-2.536	-3.3045	-3.727	-3.4981	-3.1896	-2.6209	-2.0474	-1.993	-2.052	-2.1747	-2.6257	-3.1554	-3.4936	-3.769	-2.6355	-2.4911	-0.021777	-2.5022	-2.7425	-0.20725	0.50635	1.0805	0.9824	1.0477	1.1568e-005	0.46211	-0.25629	34.6
932.89	-1.1784	-1.532	-1.9578	-2.4185	-3.1205	-3.2049	-3.0257	-2.7271	-2.2881	-1.9653	-2.1925	-1.3572	-1.6051	-1.9972	-2.6156	-3.1109	-2.5505	-1.9502	-1.6036	-0.042962	-1.5846	-1.9032	0.010186	0.60388	1.1206	0.96811	1.0362	1.1644e-005	0.43093	-0.32215	34.92
934.96	-1.2938	-1.5398	-1.9298	-2.3465	-2.9422	-2.9806	-2.6619	-2.3644	-2.0412	-1.6998	-1.5374	-1.1978	-1.4599	-2.0034	-2.1196	-1.9917	-1.5154	-1.351	-1.1776	-0.042865	-1.1187	-1.5076	0.12654	0.65574	1.0977	0.9359	1.0104	1.1615e-005	0.3805	-0.40695	35.25
930.83	-1.3471	-1.5966	-1.9867	-2.2755	-2.7353	-2.7955	-2.519	-2.1407	-1.8181	-1.5174	-1.3398	-1.2703	-1.4173	-1.7933	-1.8222	-1.5116	-1.4255	-1.2216	-1.07	-0.043051	-1.0996	-1.4096	0.17828	0.675	1.0853	0.90932	1.0104	1.1673e-005	0.33636	-0.48228	35.53
934.27	-1.3824	-1.6457	-2.0165	-2.1878	-2.5618	-2.6046	-2.299	-1.9884	-1.6208	-1.3818	-1.2491	-1.3467	-1.2391	-1.7339	-1.7689	-1.3623	-1.7923	-1.1817	-0.9815	-0.063927	-1.0967	-1.271	0.25051	0.72601	1.0701	0.90122	0.96933	1.1634e-005	0.28201	-0.5815	35.79
932.89	-1.6246	-1.6259	-1.886	-2.0141	-2.3673	-2.3459	-2.0962	-1.798	-1.514	-1.2204	-1.2252	-1.2722	-1.0365	-1.6081	-1.1913	-0.97523	-1.1404	-1.0203	-0.75665	-0.049971	-0.68921	-1.0343	0.34922	0.78007	1.0796	0.91751	0.91934	1.1644e-005	0.21375	-0.69832	36.05
930.83	-1.7981	-1.6767	-1.8597	-1.9123	-2.2042	-2.1446	-1.9238	-1.6457	-1.3834	-1.1832	-1.1612	-1.2484	-1.0634	-1.0416	-0.81562	-0.85515	-0.77059	-0.7449	-0.60742	-0.028998	-0.53332	-0.90252	0.41211	0.77358	1.0491	0.87349	0.87928	1.1673e-005	0.12251	-0.86533	36.23
926.69	-2.1499	-1.8395	-1.8168	-1.793	-1.9955	-1.9155	-1.7029	-1.4335	-1.2585	-1.0924	-1.0161	-1.3295	-0.99212	-0.8605	-0.79069	-0.81424	-0.60634	-0.63383	-0.46794	-0.043245	-0.45661	-0.79253	0.45433	0.78941	1.0205	0.81565	0.85032	1.172e-005	0.054029	-1.042	36.45
926	-2.6666	-2.1461	-1.8125	-1.6386	-1.7647	-1.6855	-1.5019	-1.305	-1.1069	-0.97404	-0.85792	-1.0174	-0.79344	-0.65484	-0.60744	-0.49095	-0.46488	-0.54872	-0.38311	-0.05036	-0.378	-0.75269	0.51359	0.80676	1.0053	0.79078	0.77136	1.173e-005	-0.034227	-1.2341	36.64
925.31	-3.2168	-2.5879	-2.0121	-1.6053	-1.5521	-1.4717	-1.341	-1.1746	-0.9982	-0.84741	-0.7416	-0.70798	-0.63484	-0.60475	-0.54142	-0.39071	-0.47187	-0.4849	-0.37399	-0.071642	-0.3943	-0.77385	0.53627	0.82831	0.97764	0.76591	0.74402	1.1749e-005	-0.088075	-1.4167	36.96
928.76	-3.6544	-2.9961	-2.4236	-1.8106	-1.5264	-1.3743	-1.24	-1.0651	-0.91068	-0.7481	-0.72995	-0.44533	-0.61319	-0.62904	-0.51057	-0.40572	-0.47623	-0.43995	-0.43857	-0.071324	-0.4083	-0.72986	0.52655	0.81239	0.92418	0.76248	0.69851	1.1692e-005	-0.14129	-1.5525	37.14
926	-4.0405	-3.5541	-2.7712	-2.029	-1.5922	-1.2703	-1.1133	-0.95375	-0.78979	-0.67476	-0.6738	-0.4333	-0.61788	-0.6176	-0.48366	-0.44618	-0.4972	-0.47001	-0.44003	-0.036228	-0.38591	-0.68743	0.54304	0.83155	0.93133	0.74962	0.67261	1.173e-005	-0.1494	-1.6251	37.29
921.86	-4.0805	-4.0613	-3.2467	-2.3202	-1.7352	-1.2159	-0.99905	-0.86361	-0.69445	-0.60151	-0.65155	-0.26838	-0.6071	-0.55573	-0.46355	-0.42011	-0.42157	-0.47931	-0.39433	-0.050581	-0.32407	-0.65776	0.57867	0.85186	0.96811	0.72703	0.68503	1.1787e-005	-0.12308	-1.5983	37.52
921.17	-3.846	-4.1569	-3.7895	-2.6694	-1.8162	-1.2178	-0.90019	-0.75939	-0.66223	-0.59416	-0.65232	-0.22352	-0.5724	-0.59385	-0.47361	-0.4037	-0.44799	-0.49421	-0.38521	-0.086181	-0.35628	-0.73226	0.60516	0.85691	0.95763	0.72275	0.69526	1.1796e-005	-0.11936	-1.5133	37.77
923.24	-3.4494	-3.828	-3.7694	-3.0474	-1.8315	-1.2789	-0.9021	-0.70523	-0.64983	-0.58079	-0.65929	-0.43025	-0.59553	-0.61291	-0.49166	-0.45329	-0.53125	-0.53614	-0.46046	-0.071801	-0.43489	-0.78374	0.60011	0.87989	0.94686	0.73142	0.7032	1.1777e-005	-0.092126	-1.3804	37.91
921.86	-3.2673	-3.8133	-3.7764	-3.5325	-1.9497	-1.2321	-0.95905	-0.72702	-0.62857	-0.58547	-0.68946	-0.63373	-0.63423	-0.63055	-0.52088	-0.51553	-0.60316	-0.57266	-0.55633	-0.071881	-0.49101	-0.85834	0.59344	0.88504	0.96811	0.77363	0.72289	1.1787e-005	-0.034379	-1.2762	38.03
919.79	-3.3722	-3.9459	-4.0321	-3.5764	-2.026	-1.151	-0.91714	-0.79708	-0.62628	-0.5827	-0.7036	-0.79788	-0.71988	-0.70013	-0.60512	-0.63491	-0.64357	-0.65315	-0.65302	-0.036466	-0.53189	-0.9382	0.56143	0.84957	0.97097	0.7702	0.7292	1.1816e-005	0.00033674	-1.1892	38.06
914.97	-3.2482	-3.7849	-3.5234	-2.5895	-1.7028	-1.0966	-0.74962	-0.73273	-0.71095	-0.62243	-0.65671	-0.9023	-0.80048	-0.76236	-0.7178	-0.7233	-0.77132	-0.79445	-0.78155	-0.04382	-0.64699	-1.0427	0.53856	0.83765	0.9967	0.76401	0.76658	1.1882e-005	0.074193	-1.0334	38.14
913.59	-2.4979	-3.0761	-3.0138	-2.265	-1.5292	-0.97254	-0.6861	-0.62746	-0.71915	-0.76471	-0.65318	-1.1587	-0.90517	-0.86617	-0.85043	-0.84312	-0.95518	-0.93345	-0.90743	-0.079685	-0.82413	-1.1471	0.50197	0.83441	0.99384	0.78059	0.79124	1.1892e-005	0.11317	-0.82556	38.35
913.59	-2.1137	-2.5465	-2.3168	-1.7044	-1.1412	-0.71361	-0.6499	-0.68581	-0.77826	-0.89019	-0.92457	-1.1081	-1.086	-1.0443	-1.0082	-0.96821	-1.0732	-1.0709	-1.0326	-0.065367	-0.95248	-1.2626	0.45356	0.78836	1.0024	0.78573	0.83894	1.1892e-005	0.18715	-0.63819	38.4
914.97	-1.6074	-1.7465	-1.6233	-1.2027	-0.80829	-0.67238	-0.68533	-0.83334	-0.93232	-1.0552	-1.2624	-1.2703	-1.2165	-1.2836	-1.2154	-1.1648	-1.2684	-1.1639	-1.2041	-0.079597	-1.1358	-1.4216	0.38982	0.77072	0.98431	0.81098	0.85701	1.1882e-005	0.21413	-0.48467	38.48
914.97	-1.2242	-1.2987	-1.2206	-0.92984	-0.77025	-0.71686	-0.78571	-1.0718	-1.2308	-1.3827	-1.5546	-1.4707	-1.5634	-1.5921	-1.4243	-1.3966	-1.4836	-1.3811	-1.4631	-0.050979	-1.3359	-1.6573	0.28195	0.72897	0.99288	0.84738	0.85701	1.1882e-005	0.27629	-0.35676	38.5
913.59	-0.89114	-0.95505	-0.78251	-0.57422	-0.51579	-0.73785	-1.04	-1.4173	-1.6751	-1.9099	-2.0531	-1.7456	-1.9208	-1.8651	-1.6899	-1.6476	-1.6752	-1.6001	-1.6957	-0.043873	-1.5293	-1.9152	0.20401	0.6628	1.0148	0.85358	0.88177	1.1892e-005	0.31166	-0.24788	38.6
909.45	-0.76071	-0.5602	-0.38771	-0.1793	-0.45305	-0.92396	-1.1781	-1.7171	-2.332	-2.586	-2.4962	-1.8811	-2.1964	-2.1045	-2.0629	-1.911	-1.9984	-1.8545	-1.9347	-0.05127	-1.7866	-2.2055	0.10396	0.60693	1.0196	0.85215	0.93358	1.1949e-005	0.403	-0.14234	38.78
910.83	-0.96102	-0.54108	-0.64636	-0.52203	-0.76987	-0.68756	-1.1648	-1.917	-2.6781	-3.0739	-2.7913	-2.0711	-2.3312	-2.3536	-2.1987	-2.1761	-2.1601	-2.0123	-2.1062	-0.094303	-1.9457	-2.3977	0.02912	0.60626	1.0262	0.88788	0.9808	1.193e-005	0.4337	-0.14836	38.94
914.97	-0.93471	-0.88788	-0.82769	-0.60957	-0.57614	-0.68049	-1.32	-2.3853	-3.1862	-3.3671	-3.0205	-2.3526	-2.446	-2.46	-2.2279	-2.2568	-2.19	-2.0327	-2.1837	-0.072447	-2.0163	-2.5281	-0.034246	0.57842	1.0262	0.93076	1.0095	1.1882e-005	0.44733	-0.18201	39.02
911.52	-0.80819	-0.77997	-0.7073	-0.52141	-0.62771	-0.78004	-1.5295	-2.7918	-3.6076	-3.5982	-3.1456	-2.5292	-2.5477	-2.499	-2.2511	-2.3218	-2.2763	-2.0832	-2.2485	-0.022431	-2.0477	-2.602	-0.097764	0.53848	1.0586	0.95477	1.0219	1.192e-005	0.49958	-0.16385	39.01
906.69	-0.62381	-0.76215	-0.63997	-0.58238	-0.69274	-1.0374	-1.8419	-3.5399	-4.0824	-3.8303	-3.1971	-2.6351	-2.4799	-2.6027	-2.2735	-2.2428	-2.249	-2.1098	-2.2713	-0.044217	-2.0668	-2.6297	-0.13588	0.53304	1.111	0.9967	1.0812	1.1987e-005	0.56517	-0.067241	39.1
908.76	-0.55059	-0.72348	-0.63235	-0.65712	-0.9287	-1.5795	-2.5943	-3.6913	-4.255	-4.0461	-3.3184	-2.7344	-2.3034	-2.5725	-2.3302	-2.1927	-2.2245	-2.0539	-2.1792	-0.04412	-2.0468	-2.566	-0.13559	0.54448	1.1215	0.97859	1.107	1.1958e-005	0.58739	-0.013699	39.18
907.38	-0.54229	-0.58362	-0.59286	-0.7158	-0.86454	-2.6361	-2.981	-3.8883	-4.2636	-3.9114	-3.369	-3.0398	-2.5129	-2.6036	-2.417	-2.2068	-2.2536	-2.0557	-2.2102	-0.073021	-2.0734	-2.5724	-0.16199	0.55774	1.0967	1.0015	1.1424	1.1968e-005	0.6076	-0.0042846	39.27
910.83	-0.49119	-0.34559	-0.56309	-0.98423	-1.657	-2.3354	-3.5362	-3.8321	-4.0233	-3.7768	-3.2516	-2.7143	-2.6277	-2.6878	-2.4832	-2.2559	-2.2454	-2.0486	-2.2704	-0.065579	-2.0334	-2.6057	-0.20258	0.50129	1.0767	1.0138	1.1338	1.193e-005	0.58214	-0.0074029	39.25
910.83	-0.48671	-0.29392	-0.43972	-1.15	-1.8982	-2.554	-3.0362	-3.5504	-3.7821	-3.6421	-3.2124	-2.6141	-2.5781	-2.6638	-2.4763	-2.2954	-2.2654	-2.1293	-2.3087	-0.036838	-2.122	-2.663	-0.23612	0.47183	1.0853	1.0186	1.1385	1.193e-005	0.59387	0.01453	39.19
911.52	-0.51302	-0.54418	-0.76579	-1.3149	-2.2357	-2.6847	-2.9676	-3.3657	-3.5562	-3.4273	-2.9794	-2.5244	-2.7642	-2.6949	-2.509	-2.3727	-2.4397	-2.2578	-2.4802	-0.022431	-2.2888	-2.8257	-0.29929	0.44619	1.0796	1.0224	1.1414	1.192e-005	0.58148	0.023908	39.19
906.69	-0.73183	-0.92147	-1.0831	-1.6921	-2.4483	-2.8346	-2.9848	-3.2886	-3.4418	-3.39	-2.9364	-2.3097	-2.6477	-2.6754	-2.4875	-2.4201	-2.5269	-2.3509	-2.5331	-0.044217	-2.3984	-2.8876	-0.28977	0.43599	1.111	1.0177	1.1433	1.1987e-005	0.58863	-0.020027	39.19
908.76	-0.94558	-1.1927	-1.5069	-1.8869	-2.5808	-2.9214	-2.9419	-3.1316	-3.2968	-3.2563	-2.9173	-2.1398	-2.4547	-2.5832	-2.4789	-2.3858	-2.4352	-2.2215	-2.295	-0.080136	-2.1516	-2.6565	-0.23669	0.4603	1.0958	1.0053	1.1357	1.1958e-005	0.55602	-0.054527	39.26
912.9	-0.90553	-1.3788	-1.8326	-2.0948	-2.6485	-3.0102	-2.981	-3.0326	-3.0413	-2.9574	-2.7894	-1.9842	-2.3121	-2.4688	-2.3586	-2.1655	-2.2672	-2.0079	-2.1691	-0.065438	-1.9886	-2.504	-0.18343	0.50854	1.091	1.0377	1.1261	1.1901e-005	0.50682	-0.15429	39.26
910.83	-1.2213	-1.5148	-1.9814	-2.3527	-2.8306	-3.0493	-2.9952	-3.1516	-3.048	-2.9154	-2.7359	-2.2028	-2.2651	-2.436	-2.2503	-2.0681	-2.2064	-1.9759	-2.0588	-0.036838	-1.881	-2.419	-0.17638	0.48861	1.0729	0.99765	1.0764	1.193e-005	0.43761	-0.3082	39.19
912.9	-1.513	-1.644	-2.0699	-2.4229	-2.8773	-2.9692	-2.8838	-3.0545	-3.0823	-2.9049	-2.6872	-2.3211	-2.1555	-2.3004	-2.2262	-1.9557	-2.0901	-1.8634	-2.0442	-0.036749	-1.901	-2.3432	-0.16856	0.49176	1.0615	0.97954	1.0449	1.1901e-005	0.3743	-0.47635	39.22
907.38	-1.7962	-1.6974	-2.069	-2.4579	-2.967	-3.0436	-2.8676	-2.7832	-2.8468	-2.9784	-2.6557	-2.3937	-2.0608	-2.2233	-2.2941	-1.8302	-1.9367	-1.8155	-1.9201	-0.036961	-1.718	-2.223	-0.10577	0.52399	1.0682	0.95382	1.0124	1.1968e-005	0.30204	-0.73054	39.23
907.38	-2.3215	-1.6492	-1.8895	-2.3422	-2.9937	-3.141	-2.9533	-2.8308	-2.7315	-2.5755	-2.3702	-2.2705	-1.9529	-2.0814	-2.1738	-1.7784	-1.9567	-1.8589	-1.8134	-0.080233	-1.6532	-2.1611	-0.05701	0.54925	1.051	0.91189	0.98845	1.1968e-005	0.19621	-1.0104	39.37
911.52	-3.5991	-2.0625	-1.724	-2.0825	-2.9536	-3.2164	-3.0162	-2.8394	-2.6676	-2.3081	-2.0101	-2.0319	-1.8782	-2.093	-1.9288	-1.7196	-1.7778	-1.6329	-1.651	-0.065509	-1.517	-1.9984	0.036542	0.62648	1.0501	0.94962	0.94104	1.192e-005	0.10955	-1.2064	39.35
910.83	-5.1836	-2.9608	-2.0033	-1.9693	-2.6361	-3.0732	-2.9914	-2.8955	-2.5999	-2.14	-1.8898	-1.7971	-1.5651	-1.796	-1.6984	-1.5792	-1.5172	-1.3944	-1.4695	-0.022458	-1.3178	-1.7683	0.13369	0.69445	1.0729	0.92971	0.89907	1.193e-005	0.090143	-1.3517	39.31
907.38	-5.8214	-4.6099	-2.7161	-1.9983	-2.4264	-2.7134	-2.6571	-2.7033	-2.4455	-1.9108	-1.6224	-1.5414	-1.4017	-1.4494	-1.4165	-1.3053	-1.1858	-1.1799	-1.1457	-0.044173	-0.98336	-1.454	0.25794	0.74737	1.1139	0.93285	0.91169	1.1968e-005	0.098295	-1.4033	39.37
906.69	-5.8548	-5.3342	-2.8334	-2.1167	-2.394	-2.4519	-2.401	-2.4015	-2.1842	-1.4725	-1.3761	-1.1901	-1.1695	-1.2677	-1.1681	-1.0551	-1.352	-1.2987	-1.1183	-0.044217	-1.0329	-1.4392	0.32197	0.77768	1.1072	0.91294	0.90318	1.1987e-005	0.094472	-1.3928	39.41
907.38	-5.9025	-5.6614	-3.1521	-2.5053	-2.311	-2.3345	-2.2362	-2.0674	-1.9659	-1.4057	-1.1918	-1.0603	-1.0495	-1.2694	-1.2257	-1.0937	-1.2984	-1.4281	-1.2333	-0.065809	-1.072	-1.5205	0.34036	0.78941	1.0758	0.90141	0.90691	1.1968e-005	0.078693	-1.3813	39.52
911.52	-5.3743	-5.441	-3.6127	-2.1044	-1.9487	-1.947	-1.9286	-1.7714	-1.6093	-1.1841	-1.1688	-0.72745	-0.95995	-1.3262	-1.2876	-1.1798	-1.3774	-1.4946	-1.4011	-0.072685	-1.1558	-1.6583	0.33512	0.78169	1.0501	0.90255	0.879	1.192e-005	0.047145	-1.3565	39.53
910.83	-4.3999	-4.8717	-3.1013	-1.836	-1.7371	-1.7504	-1.7448	-1.6248	-1.4549	-1.1937	-1.1622	-0.72831	-0.86178	-1.234	-1.2472	-1.2157	-1.2012	-1.2632	-1.1037	-0.036838	-0.97192	-1.4198	0.38029	0.79103	1.0596	0.8774	0.86083	1.193e-005	0.047193	-1.2609	39.49
905.31	-4.051	-4.0751	-2.6758	-1.9702	-1.759	-1.8057	-1.7019	-1.6714	-1.3519	-1.1354	-1.0141	-1.0632	-1.0269	-1.2171	-1.2902	-1.1534	-1.2022	-1.0584	-0.86711	-0.0515	-0.83156	-1.1739	0.43508	0.83346	1.0786	0.86129	0.87049	1.1997e-005	0.094577	-1.1165	39.52
906.69	-3.5428	-3.4628	-2.2205	-1.8878	-2.0288	-1.9584	-1.7	-1.5353	-1.555	-1.0886	-1.0008	-1.1443	-1.1469	-1.2366	-1.2205	-1.0042	-1.1413	-1.0939	-1.0116	-0.06588	-0.96811	-1.2848	0.42707	0.80724	1.0567	0.86034	0.87919	1.1987e-005	0.09839	-1.0334	39.59
908.76	-3.0728	-2.7231	-2.6075	-2.372	-2.1127	-1.8239	-1.6038	-1.1746	-1.3767	-1.123	-1.0533	-1.2741	-1.1825	-1.1888	-1.2042	-1.0814	-1.1913	-1.1276	-1.1347	-0.072933	-1.0948	-1.3523	0.39992	0.80962	1.0586	0.86892	0.88196	1.1958e-005	0.13338	-0.96838	39.65
906.69	-2.6886	-2.2184	-2.6198	-2.3957	-2.045	-1.8935	-1.4981	-1.3002	-1.3243	-1.2519	-1.1631	-1.3648	-1.2382	-1.2428	-1.2429	-1.1525	-1.2603	-1.1746	-1.1758	-0.080321	-1.1625	-1.3976	0.37076	0.79036	1.0567	0.87082	0.88875	1.1987e-005	0.17295	-0.8919	39.69
908.76	-2.373	-2.3166	-2.428	-2.0825	-2.1203	-2.2753	-1.5467	-1.2926	-1.351	-1.2577	-1.2672	-1.6129	-1.3121	-1.3643	-1.285	-1.2526	-1.3556	-1.2517	-1.319	-0.065729	-1.2159	-1.5436	0.28386	0.7549	1.0377	0.89512	0.86274	1.1958e-005	0.16866	-0.85538	39.71
906.69	-2.2205	-2.3261	-2.0436	-1.9457	-1.8486	-2.1341	-1.441	-1.284	-1.2976	-1.3293	-1.3847	-1.5891	-1.4199	-1.499	-1.395	-1.3983	-1.4446	-1.3572	-1.4476	-0.044217	-1.2749	-1.6888	0.22068	0.68911	1.0396	0.87082	0.86475	1.1987e-005	0.20822	-0.72193	39.72
901.18	-1.3605	-1.098	-1.5375	-1.7597	-1.8248	-1.9403	-1.5305	-1.4582	-1.4139	-1.4725	-1.5995	-1.5519	-1.5721	-1.6577	-1.5205	-1.5037	-1.5653	-1.4893	-1.5042	-0.05173	-1.4207	-1.832	0.19553	0.66337	1.0281	0.84938	0.88416	1.2054e-005	0.23701	-0.54241	39.79
901.18	-1.166	-1.2883	-1.703	-2.0843	-1.7781	-1.7647	-1.7143	-1.5011	-1.534	-1.546	-1.6683	-1.4326	-1.653	-1.7375	-1.6641	-1.6011	-1.6915	-1.585	-1.651	-0.080772	-1.5103	-1.9624	0.15017	0.66337	1.0367	0.8652	0.92756	1.2054e-005	0.29622	-0.38104	39.92
898.42	-1.4234	-1.3744	-1.668	-1.7149	-1.6599	-1.6063	-1.5438	-1.7333	-1.697	-1.7122	-1.7991	-1.5805	-1.8147	-1.9671	-1.7878	-1.7679	-1.8305	-1.7375	-1.8225	-0.073763	-1.6542	-2.1204	0.074962	0.61875	1.0234	0.86815	0.95499	1.2092e-005	0.33283	-0.32827	39.96
903.25	-1.1498	-1.241	-1.6715	-1.5018	-1.5312	-1.5146	-1.5838	-1.6753	-1.78	-1.8831	-1.8784	-1.5624	-1.9121	-2.0602	-1.8523	-1.8609	-1.9594	-1.8164	-1.9776	-0.058862	-1.7981	-2.2831	-0.01961	0.5645	1.0005	0.89493	0.94476	1.2025e-005	0.3703	-0.2822	40.03
902.56	-1.228	-1.3012	-1.5113	-1.6228	-1.6065	-1.5576	-1.5371	-1.7248	-1.9316	-1.9786	-2.0054	-1.6101	-2.0338	-2.1453	-1.9486	-1.9838	-2.0075	-1.8917	-2.067	-0.037165	-1.8495	-2.3986	-0.072418	0.51855	1.011	0.9118	0.98941	1.2044e-005	0.40224	-0.28889	40.03
898.42	-1.3691	-1.3856	-1.499	-1.5869	-1.6599	-1.5729	-1.6381	-1.7866	-2.0422	-2.099	-2.0579	-1.9098	-2.1068	-2.2011	-2.0165	-2.0444	-2.0765	-1.9813	-2.1162	-0.051907	-1.9153	-2.4393	-0.099288	0.50806	1.0443	0.92123	1.0181	1.2092e-005	0.43179	-0.32196	40.05
897.04	-1.4167	-1.346	-1.4666	-1.5009	-1.6313	-1.5834	-1.6933	-1.8704	-2.0555	-2.1763	-2.1247	-2.1016	-2.1312	-2.2277	-2.0517	-2.0356	-2.1328	-2.0203	-2.1281	-0.06656	-1.9658	-2.5013	-0.11835	0.48738	1.0329	0.92228	1.0429	1.2111e-005	0.42035	-0.37005	40.15
902.56	-1.5435	-1.4657	-1.4675	-1.4193	-1.4482	-1.6435	-1.7162	-1.8485	-2.025	-2.1305	-2.1257	-2.1951	-2.0999	-2.2117	-2.0397	-2.0295	-2.1074	-1.9431	-2.0871	-0.051677	-1.9553	-2.4994	-0.14407	0.48461	1.0062	0.92228	1.0372	1.2044e-005	0.41406	-0.35533	40.15
899.11	-1.4816	-1.4072	-1.5165	-1.4641	-1.5807	-1.7237	-1.6895	-1.9361	-1.9878	-2.0722	-2.077	-2.1846	-2.0295	-2.1142	-1.9649	-1.9961	-2.0475	-1.913	-2.0743	-0.073684	-1.9048	-2.4449	-0.15208	0.52027	1.0643	0.98336	1.0697	1.2082e-005	0.46688	-0.31843	40.13
894.28	-1.33	-1.3624	-1.4281	-1.6606	-1.8353	-1.8897	-2.0067	-2.2178	-2.1461	-2.0216	-2.0493	-2.3087	-1.999	-2.0105	-1.9073	-1.9268	-1.953	-1.8421	-2.0077	-0.052145	-1.7676	-2.3534	-0.088292	0.54038	1.1091	1.0005	1.086	1.2149e-005	0.50129	-0.27235	40.05
894.97	-1.1279	-1.2298	-1.3072	-1.4597	-1.8639	-2.1436	-2.259	-2.1398	-2.128	-2.0856	-1.9958	-2.0873	-2.0668	-1.9387	-1.8463	-1.8205	-1.924	-1.8102	-1.9466	-0.088647	-1.7742	-2.3127	-0.084395	0.53552	1.1082	0.99384	1.1338	1.2139e-005	0.52065	-0.2083	40.11
894.28	-0.99725	-1.0584	-1.3116	-1.5132	-1.8896	-2.093	-2.1552	-2.1093	-2.1232	-2.0512	-1.9548	-1.8153	-1.9042	-1.9059	-1.7792	-1.7591	-1.8859	-1.7455	-1.8599	-0.088735	-1.7514	-2.2267	-0.073075	0.56174	1.1006	1.0005	1.1299	1.2149e-005	0.52913	-0.17981	40.08
897.04	-0.96674	-0.96108	-1.119	-1.2921	-1.7743	-1.9451	-1.9229	-2.0265	-2.0183	-2.0483	-1.9003	-1.5175	-1.7582	-1.8607	-1.6881	-1.6546	-1.766	-1.5779	-1.766	-0.06656	-1.6065	-2.1056	-0.038705	0.58109	1.1015	1.0339	1.1404	1.2111e-005	0.51941	-0.16653	40.07
894.97	-1.3014	-1.0041	-1.1969	-1.379	-1.8601	-2.0243	-1.9514	-1.9389	-1.9621	-1.9863	-2.0044	-1.6187	-1.6782	-1.7703	-1.6529	-1.6002	-1.5962	-1.5141	-1.6419	-0.037465	-1.4798	-2.0095	-0.015989	0.58243	1.1168	1.0253	1.1089	1.2139e-005	0.50873	-0.19243	40.02
894.28	-1.6084	-1.2573	-1.3712	-1.5465	-1.8896	-2.0386	-2.06	-2.0065	-1.984	-1.886	-1.8593	-1.5786	-1.7947	-1.804	-1.5987	-1.5502	-1.5245	-1.4121	-1.5169	-0.030191	-1.3664	-1.8727	0.0068206	0.58739	1.1139	1.011	1.1003	1.2149e-005	0.50129	-0.24367	39.99
888.08	-1.3624	-1.5234	-1.7091	-1.8307	-1.985	-2.136	-2.0371	-2.0094	-1.9669	-1.8612	-1.8239	-1.3037	-1.6808	-1.827	-1.5171	-1.4036	-1.3738	-1.288	-1.3491	-0.045137	-1.2025	-1.6647	0.079659	0.6259	1.1511	0.98526	1.1079	1.2235e-005	0.49281	-0.3385	39.99
889.46	-1.5121	-1.5519	-1.9543	-2.0325	-2.21	-2.2257	-2.1962	-2.056	-1.9764	-1.7714	-1.6864	-1.3495	-1.5686	-1.874	-1.5549	-1.2447	-1.2439	-1.1223	-1.1503	-0.059808	-1.0777	-1.4882	0.14464	0.66823	1.1539	1.0005	1.1213	1.2216e-005	0.44819	-0.40876	40.04
892.9	-1.3681	-1.6009	-2.0296	-2.0886	-2.3673	-2.3765	-2.1533	-2.095	-1.9935	-1.78	-1.631	-1.4688	-1.4243	-1.8518	-1.6134	-1.2684	-1.1849	-0.99905	-0.997	-0.081514	-0.9662	-1.2996	0.182	0.71648	1.1358	0.99098	1.0965	1.2168e-005	0.41034	-0.44844	40.07
891.52	-1.4349	-1.5777	-2.1224	-2.0825	-2.2986	-2.2944	-2.0886	-1.9751	-1.8772	-1.7303	-1.5088	-1.5471	-1.3017	-1.6098	-1.5317	-1.3062	-1.006	-0.89711	-0.95961	-0.074356	-0.86968	-1.2645	0.20915	0.73535	1.1301	0.99288	1.0601	1.2197e-005	0.36343	-0.57433	39.98
886.01	-1.7609	-1.8111	-2.3509	-2.2509	-2.2414	-2.1617	-2.0381	-1.9427	-1.7733	-1.5604	-1.3426	-1.3772	-1.2078	-1.4662	-1.487	-1.1034	-0.91796	-0.92459	-0.90597	-0.045243	-0.77544	-1.2081	0.26032	0.74384	1.1577	1.0043	1.0563	1.2263e-005	0.35352	-0.67748	39.99
886.01	-2.2672	-1.6595	-2.1951	-2.2132	-2.2567	-2.0453	-1.98	-1.839	-1.6627	-1.4314	-1.229	-1.4287	-1.0973	-1.3643	-1.2283	-0.88657	-0.88409	-0.87991	-0.82661	-0.074789	-0.75067	-1.161	0.33712	0.78703	1.1625	0.99288	1.0764	1.2263e-005	0.29326	-0.86102	40.03
885.32	-3.3569	-2.109	-1.8142	-2.0974	-2.3616	-2.1398	-2.0448	-1.8742	-1.7333	-1.6253	-1.1774	-1.3362	-1.1043	-1.2739	-1.0804	-0.80608	-0.82425	-0.82105	-0.74816	-0.052693	-0.70178	-1.1545	0.3375	0.78359	1.1339	0.96239	0.99419	1.2273e-005	0.2414	-1.02	39.98
886.01	-4.5868	-3.4292	-2.0524	-1.7755	-2.2881	-2.4662	-2.2581	-2.1017	-1.8267	-1.5355	-1.1851	-1.1758	-1.0947	-1.1586	-0.95667	-0.77009	-0.83007	-0.77522	-0.72746	-0.089531	-0.66796	-1.0676	0.37933	0.82583	1.1282	0.95572	0.99801	1.2263e-005	0.21709	-1.1376	40.02
889.46	-3.8555	-3.3423	-2.7782	-1.5737	-1.9754	-2.2257	-2.081	-2.0017	-1.9192	-1.5222	-1.3818	-0.99831	-1.1243	-1.179	-0.91369	-0.70338	-0.78013	-0.71299	-0.71514	-0.059808	-0.66567	-1.0685	0.40478	0.82736	1.0987	0.96335	0.96455	1.2216e-005	0.17228	-1.1854	39.98
885.32	-3.7716	-3.35	-2.5278	-1.6439	-1.8229	-1.8764	-1.9038	-1.9675	-1.7104	-1.3531	-1.3531	-1.0126	-1.1521	-1.1781	-0.89822	-0.74174	-0.77695	-0.74623	-0.75811	-0.030501	-0.65214	-1.0778	0.39515	0.80085	1.1034	0.95124	0.93492	1.2273e-005	0.16503	-1.2035	39.91
879.8	-3.4694	-3.381	-3.0339	-1.9711	-1.7342	-1.7113	-1.7181	-1.8352	-1.8439	-1.5002	-1.0571	-0.90965	-1.1991	-1.1134	-0.91627	-0.8167	-0.88345	-0.88603	-0.85233	-0.045561	-0.73085	-1.1739	0.40135	0.79685	1.1187	0.94591	0.94037	1.2349e-005	0.1862	-1.1586	39.95
881.18	-3.0347	-3.4301	-3.2633	-2.5957	-1.6217	-1.5204	-1.7162	-1.7124	-1.7075	-1.3722	-1.2233	-0.71037	-1.2965	-1.2118	-1.0521	-0.77457	-0.78739	-0.80234	-0.78155	-0.082655	-0.67186	-1.1554	0.42793	0.82202	1.1129	0.90694	0.94419	1.233e-005	0.1658	-1.0668	40.05
883.25	-2.6952	-2.7722	-3.0969	-2.4518	-1.8582	-1.9775	-1.8162	-1.7086	-1.6961	-1.4028	-1.2548	-1.0756	-1.2991	-1.2411	-1.0529	-0.82557	-0.90071	-0.96537	-0.96873	-0.067639	-0.84452	-1.2765	0.42688	0.8244	1.0891	0.92647	0.93712	1.2301e-005	0.18563	-1.0124	40.04
881.87	-2.4073	-2.3484	-2.3229	-1.8439	-0.76729	-1.3133	-1.4438	-1.7381	-1.6551	-1.463	-1.2787	-1.172	-1.4147	-1.2171	-1.1105	-0.96733	-1.0242	-1.1019	-1.0791	-0.060294	-0.93686	-1.4022	0.37343	0.79933	1.0729	0.92209	0.94314	1.2321e-005	0.18181	-0.95557	40.03
879.8	-2.3616	-2.3545	-1.9683	-1.4851	-0.97437	-1.1567	-1.7019	-1.8466	-1.6637	-1.4706	-1.3255	-1.2875	-1.233	-1.4308	-1.1432	-1.1815	-1.332	-1.1045	-1.2013	-0.030677	-1.0224	-1.5769	0.30463	0.75776	1.071	0.90798	0.91064	1.2349e-005	0.1943	-0.88645	39.96
875.66	-2.2328	-2.227	-2.1986	-1.7851	-1.309	-1.2465	-1.4962	-1.8932	-1.6827	-1.4267	-1.3054	-1.3648	-1.2356	-1.6914	-1.1458	-1.6898	-1.4546	-1.2836	-1.4887	-0.053241	-1.1272	-1.6795	0.28281	0.75261	1.0929	0.87959	0.92985	1.2406e-005	0.23177	-0.87756	39.99
874.98	-2.0031	-1.8266	-2.0147	-1.8816	-1.6456	-1.5061	-1.5019	-1.6134	-1.6227	-1.8258	-1.3551	-1.5853	-1.3199	-1.4494	-1.8661	-1.6318	-1.2984	-1.7472	-1.6811	-0.068266	-1.2625	-1.8884	0.25975	0.72286	1.0863	0.89703	0.97029	1.2416e-005	0.24016	-0.80357	40.04
879.11	-1.7295	-1.6457	-1.7179	-1.4123	-1.3281	-1.2923	-1.2857	-1.5125	-1.6379	-1.4811	-1.4066	-1.5585	-1.4791	-1.7854	-1.6795	-1.5361	-1.6807	-1.8669	-1.7231	-0.075398	-1.6237	-2.0428	0.19276	0.68902	1.0462	0.9036	0.95595	1.2359e-005	0.24312	-0.70243	40.04
879.11	-1.7152	-1.7112	-1.8011	-1.4123	-1.3796	-1.1835	-1.1438	-1.4906	-1.535	-1.6033	-1.5518	-1.5538	-1.5956	-1.7605	-1.683	-1.8539	-1.7351	-1.7916	-1.8928	-0.030721	-1.6818	-2.1629	0.15408	0.6586	1.0682	0.92533	0.94639	1.2359e-005	0.28354	-0.66027	39.96
872.91	-1.6713	-1.6845	-1.6978	-1.2299	-0.96293	-1.0728	-1.1857	-1.5896	-1.6456	-1.6864	-1.696	-1.4746	-1.7243	-1.8731	-1.8196	-1.8381	-1.8913	-1.6905	-1.755	-0.045932	-1.6103	-2.0132	0.15513	0.67634	1.1015	0.95382	0.98272	1.2454e-005	0.33035	-0.56028	39.98
874.98	-1.2289	-1.1238	-0.94913	-0.81019	-0.83327	-0.9859	-1.3333	-1.68	-1.7886	-1.8679	-1.7542	-1.5519	-1.7521	-1.9086	-1.8325	-1.8276	-1.8459	-1.6329	-1.7614	-0.045826	-1.5894	-1.9956	0.1314	0.63544	1.1034	0.95143	0.97602	1.2416e-005	0.3499	-0.41546	39.98
873.6	-0.94586	-1.0524	-0.98241	-0.75852	-0.84223	-1.2159	-1.3019	-1.582	-2.0498	-1.9767	-1.8096	-1.3677	-1.7564	-1.9538	-1.8446	-1.7582	-1.786	-1.6506	-1.7131	-0.045879	-1.6084	-1.9984	0.11987	0.65365	1.0825	0.92533	0.99228	1.2435e-005	0.37068	-0.24281	39.99
873.6	-0.76853	-0.82527	-0.73146	-0.70958	-0.83022	-1.6387	-1.6	-1.6429	-1.8953	-1.9337	-1.7829	-1.2302	-1.7138	-1.9644	-1.787	-1.717	-1.7932	-1.6426	-1.7231	-0.07584	-1.6161	-2.0585	0.10825	0.67119	1.092	0.93619	1.0219	1.2435e-005	0.40319	-0.18077	40.05
875.66	-0.71085	-0.8698	-1.0087	-0.91055	-0.93967	-1.7867	-1.8648	-1.7828	-1.8401	-1.9041	-1.885	-1.4927	-1.7895	-2.0672	-1.7964	-1.6898	-1.7342	-1.5478	-1.6784	-0.068187	-1.5455	-2.0409	0.096335	0.66089	1.0844	0.98812	1.0238	1.2406e-005	0.42254	-0.15429	40.04
874.98	-0.92146	-0.9585	-1.2862	-1.1255	-1.227	-1.6368	-1.8667	-1.9846	-1.881	-1.864	-1.8163	-1.7943	-1.8521	-2.0309	-1.8291	-1.7029	-1.7905	-1.5726	-1.6711	-0.0159	-1.5475	-2.0086	0.084757	0.67043	1.1206	0.99479	1.0554	1.2416e-005	0.45963	-0.18058	39.96
869.46	-0.95034	-1.011	-1.2617	-1.4044	-1.4625	-1.5948	-1.84	-1.918	-1.9812	-1.9051	-1.7953	-1.8239	-1.7625	-2.0132	-1.86	-1.6836	-1.7805	-1.5894	-1.6501	-0.046091	-1.5065	-1.9383	0.07743	0.67434	1.1539	0.98431	1.0812	1.2492e-005	0.491	-0.18823	39.97
870.84	-0.93051	-1.0248	-1.182	-1.3535	-1.6208	-1.6015	-1.7829	-1.8552	-1.9173	-1.864	-1.8201	-1.8076	-1.6999	-1.8385	-1.6856	-1.5449	-1.6552	-1.5425	-1.537	-0.091122	-1.395	-1.8755	0.13207	0.71304	1.1606	1.0053	1.1204	1.2483e-005	0.51083	-0.19779	40.03
873.6	-0.91326	-1.0102	-1.2039	-1.372	-1.6112	-1.7361	-1.7552	-1.8152	-1.8677	-1.7819	-1.7475	-1.8821	-1.5704	-1.7171	-1.5051	-1.4326	-1.4991	-1.3545	-1.4412	-0.07584	-1.3397	-1.7738	0.14712	0.71495	1.1654	1.0396	1.1213	1.2435e-005	0.50492	-0.19062	40.03
871.53	-0.8592	-1.1083	-1.4614	-1.5035	-1.6589	-1.7227	-1.76	-1.7638	-1.7838	-1.7265	-1.6272	-1.6626	-1.4564	-1.6852	-1.5755	-1.4124	-1.4882	-1.2898	-1.3947	-0.023465	-1.3007	-1.7045	0.15141	0.72982	1.1816	1.0481	1.129	1.2463e-005	0.53466	-0.14196	39.97
871.53	-0.84518	-1.0084	-1.3904	-1.443	-1.8706	-1.6931	-1.6714	-1.6248	-1.5702	-1.569	-1.4849	-1.3572	-1.3391	-1.6958	-1.603	-1.4659	-1.6189	-1.335	-1.4047	-0.076017	-1.335	-1.6869	0.1475	0.75175	1.1816	1.0701	1.1443	1.2463e-005	0.54286	-0.10267	39.99
871.53	-0.77969	-0.99639	-1.2039	-1.4992	-1.7705	-1.6807	-1.6124	-1.5696	-1.4577	-1.4085	-1.3646	-1.109	-1.4338	-1.624	-1.5558	-1.537	-1.5572	-1.2969	-1.4047	-0.030969	-1.3092	-1.6435	0.19048	0.73859	1.2206	1.0586	1.1385	1.2463e-005	0.55507	-0.096073	39.97
867.39	-0.82573	-1.2961	-1.4456	-1.6202	-1.9039	-1.7695	-1.6324	-1.5487	-1.555	-1.4448	-1.3627	-1.172	-1.3625	-1.6462	-1.5394	-1.4668	-1.4201	-1.288	-1.2798	-0.053745	-1.1968	-1.5908	0.2345	0.76405	1.2225	1.0415	1.1491	1.2521e-005	0.54134	-0.12944	39.99
868.77	-1.1021	-1.5303	-1.8676	-1.9474	-2.0298	-1.9289	-1.6095	-1.5077	-1.5369	-1.5623	-1.4009	-0.98399	-1.3817	-1.6187	-1.4526	-1.3097	-1.2802	-1.2029	-1.2068	-0.091387	-1.1625	-1.5057	0.25375	0.79399	1.212	1.0462	1.1433	1.2511e-005	0.50787	-0.26069	40.03
872.91	-1.3719	-1.5803	-1.8781	-2.093	-2.128	-1.8096	-1.6314	-1.4954	-1.4492	-1.4744	-1.4515	-0.94095	-1.3373	-1.4857	-1.3117	-1.1499	-1.1649	-1.0301	-1.0207	-0.083432	-1.0053	-1.3689	0.31492	0.82974	1.2111	1.0796	1.1328	1.2454e-005	0.46068	-0.40331	40.01
870.84	-1.4177	-1.6268	-1.844	-2.0106	-2.3568	-1.8773	-1.5219	-1.4706	-1.4139	-1.4057	-1.4639	-1.277	-1.3921	-1.4316	-1.2266	-1.1166	-1.0305	-0.98664	-1.0125	-0.076106	-0.88168	-1.3209	0.34303	0.82287	1.2092	1.0596	1.0907	1.2483e-005	0.40462	-0.55502	39.97
866.7	-1.2928	-1.1652	-1.7293	-1.9448	-2.0822	-2.0272	-1.6771	-1.444	-1.4244	-1.3827	-1.3503	-1.4755	-1.3964	-1.3005	-1.1819	-1.0384	-1.0142	-0.976	-0.9368	-0.10668	-0.86892	-1.3791	0.36037	0.8223	1.193	1.0043	1.0649	1.254e-005	0.37373	-0.63341	39.98
866.7	-1.8381	-1.3788	-1.7232	-1.9483	-2.0059	-1.9203	-1.7238	-1.5277	-1.5216	-1.4295	-1.3235	-1.3934	-1.3069	-1.2969	-1.1647	-1.0086	-1.0623	-0.99905	-0.97694	-0.1369	-0.90274	-1.4004	0.35256	0.82678	1.1711	0.9986	1.0506	1.254e-005	0.34093	-0.72557	40.05
869.46	-2.2205	-1.7913	-1.4036	-1.8281	-2.3511	-2.2066	-1.8057	-1.5782	-1.5588	-1.4372	-1.3283	-1.36	-1.2556	-1.3785	-1.2111	-1.0823	-1.0932	-0.98753	-1.0244	-0.11384	-0.9501	-1.4179	0.32388	0.77549	1.1139	0.96811	1.0162	1.2492e-005	0.26609	-0.77881	40.05
866.7	-2.5675	-1.8472	-1.7004	-1.436	-1.882	-2.1846	-1.9229	-1.5953	-1.5407	-1.3999	-1.3321	-1.5328	-1.2947	-1.3439	-1.2016	-1.1578	-1.0832	-1.0221	-1.0682	-0.11419	-0.93657	-1.392	0.30539	0.76939	1.1091	0.9662	0.96455	1.254e-005	0.23425	-0.87699	39.96
866.7	-3.1748	-2.5534	-1.668	-1.6983	-1.6684	-1.8907	-1.7533	-1.6619	-1.4082	-1.3656	-1.3417	-1.4135	-1.2434	-1.3075	-1.1716	-1.128	-1.0769	-1.0451	-1.0882	-0.091563	-0.97002	-1.3791	0.3133	0.77377	1.1053	0.95477	0.9548	1.254e-005	0.22605	-0.90662	39.95
860.5	-3.0032	-2.3054	-2.0191	-1.6641	-1.697	-1.8096	-1.7229	-1.6629	-1.3757	-1.2634	-1.2433	-1.1911	-1.1478	-1.2552	-1.1758	-1.1596	-1.1259	-1.0912	-1.1165	-0.099871	-0.96049	-1.38	0.34713	0.78379	1.1396	0.96144	0.97698	1.2625e-005	0.22767	-0.93635	39.98
861.19	-2.7057	-2.0651	-1.7039	-1.8071	-1.6179	-1.6101	-1.64	-1.6438	-1.4482	-1.2185	-1.1736	-0.89533	-1.1373	-1.2606	-1.2154	-1.1227	-1.1867	-1.1205	-1.1056	-0.1225	-1.0186	-1.405	0.35856	0.78283	1.1377	0.944	1.0009	1.2616e-005	0.23148	-0.88559	40.05
864.63	-2.6819	-2.3218	-1.5778	-1.6149	-1.7609	-1.737	-1.6219	-1.621	-1.4434	-1.2013	-1.1564	-0.921	-1.1365	-1.2712	-1.2145	-1.1604	-1.2385	-1.1622	-1.1721	-0.12206	-1.1168	-1.4392	0.34942	0.80219	1.1206	0.96239	0.9875	1.2568e-005	0.22243	-0.86924	40.04
864.63	-2.333	-1.6302	-1.2757	-1.6948	-1.7609	-1.5834	-1.6171	-1.5934	-1.4625	-1.2491	-1.2328	-0.81516	-1.1939	-1.2925	-1.181	-1.1604	-1.2448	-1.1542	-1.2232	-0.076645	-1.1339	-1.4956	0.3416	0.7977	1.112	0.96811	0.98272	1.2568e-005	0.20603	-0.8593	40.03
862.56	-1.9039	-1.1083	-1.7372	-1.7711	-1.7132	-1.5872	-1.5448	-1.4963	-1.4501	-1.3035	-1.209	-0.83157	-1.2434	-1.2996	-1.1664	-1.1631	-1.1649	-1.1187	-1.1749	-0.061655	-1.0682	-1.491	0.33055	0.77749	1.1063	0.94848	0.96455	1.2597e-005	0.2312	-0.76868	39.98
855.67	-1.6951	-1.2479	-1.795	-1.6781	-1.6503	-1.5185	-1.4762	-1.3954	-1.3681	-1.314	-1.1918	-1.0813	-1.2391	-1.2916	-1.1939	-1.1306	-1.1259	-1.1205	-1.1338	-0.062168	-1.0091	-1.4235	0.36114	0.8019	1.1415	0.94524	0.97794	1.2702e-005	0.25808	-0.68838	39.98
858.43	-1.5569	-1.2823	-1.6373	-1.7983	-1.6608	-1.5175	-1.4067	-1.3335	-1.269	-1.2796	-1.2462	-1.2379	-1.226	-1.3279	-1.1896	-1.0902	-1.1568	-1.124	-1.1192	-0.08482	-1.031	-1.4447	0.37171	0.8346	1.1425	0.95286	0.99897	1.2654e-005	0.25713	-0.66266	40.07
859.12	-1.7256	-1.5148	-1.7144	-1.7465	-1.6255	-1.507	-1.3619	-1.2983	-1.2909	-1.2042	-1.2672	-1.4392	-1.2652	-1.3554	-1.2764	-1.1736	-1.2521	-1.1462	-1.1895	-0.084723	-1.1234	-1.478	0.3396	0.8203	1.1006	0.94629	0.98845	1.2645e-005	0.25274	-0.68513	40.04
860.5	-1.7991	-1.6543	-1.696	-1.6492	-1.5226	-1.4058	-1.3514	-1.2917	-1.2575	-1.2156	-1.2748	-1.5194	-1.3425	-1.4157	-1.3263	-1.2561	-1.3202	-1.1834	-1.3108	-0.077016	-1.1816	-1.5464	0.27995	0.78817	1.0996	0.95067	0.95691	1.2625e-005	0.26066	-0.71744	39.97
858.43	-1.7705	-1.6423	-1.5726	-1.4465	-1.3681	-1.3238	-1.3124	-1.2774	-1.269	-1.292	-1.2958	-1.6731	-1.3947	-1.5141	-1.3778	-1.2895	-1.3029	-1.2322	-1.3345	-0.054319	-1.2016	-1.6074	0.26871	0.7589	1.1244	0.95286	0.95882	1.2654e-005	0.25713	-0.69928	39.98
853.6	-1.7047	-1.5811	-1.4044	-1.2351	-1.3319	-1.2923	-1.2857	-1.2336	-1.2842	-1.3388	-1.3446	-1.5815	-1.4295	-1.5079	-1.469	-1.3395	-1.4291	-1.3953	-1.4038	-0.046975	-1.2692	-1.7054	0.24241	0.72763	1.0958	0.90836	0.95442	1.273e-005	0.27954	-0.63991	39.98
852.22	-1.472	-1.2522	-1.1882	-1.2325	-1.288	-1.2856	-1.2781	-1.2412	-1.3176	-1.3713	-1.4009	-1.4125	-1.4225	-1.5247	-1.4947	-1.4264	-1.6843	-1.6612	-1.5498	-0.08543	-1.3559	-1.845	0.21878	0.75089	1.092	0.90951	0.97602	1.2749e-005	0.29241	-0.57042	40.05
851.53	-1.2013	-1.1867	-1.2784	-1.3	-1.2814	-1.2827	-1.2714	-1.265	-1.3185	-1.3722	-1.4066	-1.194	-1.3886	-1.4751	-1.4268	-1.4405	-1.7633	-1.7481	-1.5826	-0.077847	-1.5217	-1.8958	0.21897	0.75185	1.1072	0.91618	0.98272	1.2768e-005	0.30947	-0.48725	40.07
854.29	-1.1298	-1.2763	-1.3204	-1.2456	-1.3176	-1.2865	-1.2752	-1.2945	-1.3185	-1.3369	-1.4152	-1.1997	-1.3843	-1.4512	-1.3632	-1.4229	-1.7778	-1.843	-1.8034	-0.054585	-1.4989	-2.0086	0.18238	0.73573	1.0853	0.94638	0.98367	1.2721e-005	0.30833	-0.44547	40.03
854.29	-1.1727	-1.1669	-1.2512	-1.2184	-1.3262	-1.2865	-1.2714	-1.3973	-1.31	-1.3551	-1.4286	-1.0785	-1.4191	-1.5283	-1.4561	-1.4835	-1.8059	-1.9361	-1.7623	-0.031596	-1.456	-1.991	0.16647	0.70437	1.0767	0.92961	0.97316	1.2721e-005	0.31662	-0.42205	39.98
850.15	-1.0821	-1.3185	-1.267	-1.2632	-1.2995	-1.2923	-1.2771	-1.3469	-1.3996	-1.4305	-1.4171	-1.0632	-1.4669	-1.5283	-1.4775	-1.5089	-1.5899	-1.7038	-1.5224	-0.047152	-1.2816	-1.8135	0.16723	0.68082	1.0767	0.9117	0.96838	1.2778e-005	0.34742	-0.39051	39.99
851.53	-1.167	-1.4821	-1.2687	-1.2693	-1.2404	-1.2741	-1.2971	-1.3221	-1.4616	-1.4591	-1.4477	-1.277	-1.5008	-1.5602	-1.4724	-1.4036	-1.4537	-1.4449	-1.3865	-0.070157	-1.2378	-1.7368	0.20306	0.6934	1.0977	0.92742	1.0334	1.2768e-005	0.36791	-0.37664	40.03
853.6	-1.0878	-1.5889	-1.2425	-1.1965	-1.1975	-1.2102	-1.2638	-1.3307	-1.4425	-1.4477	-1.4534	-1.4688	-1.5347	-1.5815	-1.4586	-1.4185	-1.5208	-1.4104	-1.4759	-0.077661	-1.3721	-1.8209	0.16666	0.70074	1.0729	0.93638	1.0152	1.273e-005	0.35037	-0.38573	40.04
853.6	-1.1689	-1.5889	-1.1444	-1.0807	-1.1231	-1.1672	-1.2381	-1.3307	-1.4024	-1.4477	-1.44	-1.5815	-1.4886	-1.5451	-1.4131	-1.4001	-1.4791	-1.3714	-1.5169	-0.06999	-1.3635	-1.7849	0.18657	0.73659	1.1225	0.98621	1.0257	1.273e-005	0.37535	-0.43257	40.02
854.29	-1.3014	-1.3555	-1.126	-1.0877	-1.1507	-1.2045	-1.2667	-1.3345	-1.4015	-1.4668	-1.4104	-1.6139	-1.4573	-1.5247	-1.4114	-1.4352	-1.4909	-1.4006	-1.5361	-0.077564	-1.3702	-1.8182	0.17437	0.73573	1.1072	0.97954	1.0248	1.2721e-005	0.37497	-0.47214	40.01
851.53	-1.2918	-1.2496	-1.1602	-1.1728	-1.2242	-1.2436	-1.2848	-1.3393	-1.3662	-1.4381	-1.4114	-1.7809	-1.4478	-1.5123	-1.4096	-1.4405	-1.4754	-1.4139	-1.5005	-0.04709	-1.3235	-1.8431	0.18305	0.70694	1.1206	0.98336	1.0439	1.2768e-005	0.3846	-0.45369	39.99
847.4	-1.3843	-1.2797	-1.2057	-1.2167	-1.2671	-1.3066	-1.3295	-1.3745	-1.4167	-1.4314	-1.3818	-1.7103	-1.4486	-1.4822	-1.4028	-1.4045	-1.4473	-1.421	-1.4768	-0.055044	-1.3045	-1.7895	0.20801	0.72839	1.1615	0.99384	1.0535	1.2826e-005	0.42007	-0.44241	40
853.6	-1.3033	-1.3133	-1.2293	-1.2386	-1.2499	-1.2837	-1.3248	-1.3364	-1.4024	-1.3866	-1.3446	-1.381	-1.3738	-1.4423	-1.3271	-1.3334	-1.4291	-1.3173	-1.3938	-0.085333	-1.3035	-1.759	0.2344	0.74107	1.1358	1.0205	1.0668	1.273e-005	0.40043	-0.41584	40.03
849.46	-1.3576	-1.3236	-1.3151	-1.3299	-1.3214	-1.3419	-1.3352	-1.3659	-1.4291	-1.3761	-1.3369	-1.1291	-1.3721	-1.4636	-1.3168	-1.3158	-1.3946	-1.2925	-1.3692	-0.078032	-1.2749	-1.7276	0.25156	0.75814	1.1501	1.0138	1.1022	1.2797e-005	0.41072	-0.42119	40.03
849.46	-1.3576	-1.2918	-1.3046	-1.3377	-1.3786	-1.3686	-1.3695	-1.3992	-1.4139	-1.3627	-1.3369	-1.1529	-1.3599	-1.4671	-1.2919	-1.2851	-1.3665	-1.3005	-1.4002	-0.070325	-1.2321	-1.6915	0.23155	0.75814	1.1549	1.031	1.0563	1.2797e-005	0.40233	-0.44136	40
849.46	-1.309	-1.3081	-1.2854	-1.3342	-1.4082	-1.3638	-1.4038	-1.3878	-1.3662	-1.4018	-1.3369	-1.0059	-1.3921	-1.4121	-1.2884	-1.2974	-1.3447	-1.3395	-1.3801	-0.039498	-1.1892	-1.674	0.23155	0.7446	1.1901	1.0081	1.0774	1.2797e-005	0.42741	-0.42119	39.98
845.33	-1.3205	-1.3305	-1.2976	-1.3518	-1.4101	-1.3963	-1.381	-1.3202	-1.3281	-1.4047	-1.3159	-0.94219	-1.4495	-1.4228	-1.316	-1.3158	-1.3511	-1.3297	-1.3135	-0.047434	-1.212	-1.6999	0.23669	0.74374	1.1644	0.98526	1.0869	1.2854e-005	0.40004	-0.44356	40.03
847.4	-1.3367	-1.3271	-1.3046	-1.3369	-1.391	-1.4106	-1.3771	-1.3345	-1.3214	-1.3054	-1.313	-1.1415	-1.4017	-1.4228	-1.285	-1.2825	-1.3483	-1.288	-1.3208	-0.070493	-1.2263	-1.6379	0.25222	0.75099	1.1396	0.97669	1.064	1.2826e-005	0.35295	-0.47281	40.04
847.4	-1.3557	-1.3314	-1.3116	-1.3176	-1.391	-1.3848	-1.3771	-1.363	-1.3214	-1.3006	-1.313	-1.318	-1.3338	-1.3971	-1.2506	-1.2886	-1.3129	-1.2411	-1.3208	-0.03187	-1.1825	-1.6157	0.24412	0.75099	1.1301	0.98812	1.0181	1.2826e-005	0.35295	-0.50981	39.98
848.09	-1.3834	-1.3452	-1.3169	-1.3044	-1.3729	-1.3524	-1.3581	-1.3669	-1.3119	-1.2777	-1.2834	-1.4097	-1.2852	-1.3474	-1.1965	-1.2254	-1.2757	-1.2083	-1.267	-0.078129	-1.1644	-1.5778	0.25594	0.77254	1.1244	0.99288	1.0219	1.2806e-005	0.33988	-0.53275	39.99
847.4	-1.3843	-1.3512	-1.295	-1.2904	-1.3576	-1.3066	-1.3162	-1.3002	-1.2537	-1.2615	-1.2347	-1.4163	-1.2478	-1.2969	-1.1501	-1.1719	-1.2067	-1.1551	-1.2168	-0.055044	-1.0882	-1.5399	0.27624	0.77349	1.1577	0.9824	1.0276	1.2826e-005	0.33617	-0.52663	39.96
843.26	-1.3967	-1.3615	-1.288	-1.3246	-1.3481	-1.3085	-1.2838	-1.2374	-1.2432	-1.2414	-1.1908	-1.5318	-1.2095	-1.2517	-1.1346	-1.135	-1.2058	-1.1684	-1.1393	-0.063078	-1.0758	-1.503	0.30187	0.7773	1.1406	0.9643	1.0229	1.2892e-005	0.35886	-0.48859	40
845.33	-1.3977	-1.3219	-1.2714	-1.3097	-1.3157	-1.3047	-1.2724	-1.2288	-1.2489	-1.2166	-1.1736	-1.3848	-1.1773	-1.2375	-1.1105	-1.0955	-1.1813	-1.1418	-1.1475	-0.093861	-1.0386	-1.4993	0.30511	0.80257	1.1244	0.95667	1.0305	1.2854e-005	0.36219	-0.47052	40.04
847.4	-1.37	-1.3426	-1.2854	-1.2983	-1.3205	-1.3066	-1.2867	-1.2317	-1.2375	-1.2042	-1.1984	-1.1901	-1.1773	-1.2233	-1.077	-1.0744	-1.1649	-1.0842	-1.1338	-0.085951	-1.0443	-1.5002	0.30444	0.7916	1.1168	0.99955	1.0276	1.2826e-005	0.33197	-0.48964	40.01
843.95	-1.37	-1.3598	-1.2897	-1.3149	-1.3424	-1.3018	-1.2733	-1.2479	-1.2261	-1.1956	-1.1841	-0.95317	-1.1486	-1.1976	-1.077	-1.0964	-1.1268	-1.0567	-1.1174	-0.039736	-0.9967	-1.4605	0.32159	0.79446	1.1349	0.98621	0.99036	1.2873e-005	0.33731	-0.50149	39.95
839.81	-1.309	-1.3219	-1.2626	-1.3097	-1.3405	-1.2865	-1.2533	-1.2707	-1.248	-1.2061	-1.144	-0.9232	-1.1278	-1.1551	-1.0718	-1.0586	-1.1322	-1.1019	-1.1338	-0.047726	-1.0015	-1.441	0.33941	0.81201	1.1625	0.96239	1.0114	1.293e-005	0.33903	-0.48361	39.98
841.19	-1.2489	-1.253	-1.2206	-1.2614	-1.2728	-1.2675	-1.2476	-1.2288	-1.2547	-1.1822	-1.124	-0.73423	-1.0939	-1.1462	-1.0847	-1.0823	-1.2085	-1.124	-1.132	-0.086579	-1.0434	-1.4789	0.34703	0.83822	1.152	0.96716	1.0257	1.2921e-005	0.35123	-0.47625	40.05
845.33	-1.2775	-1.2625	-1.2179	-1.2351	-1.2413	-1.2398	-1.2371	-1.1774	-1.2003	-1.1459	-1.1144	-0.69128	-1.133	-1.2411	-1.1595	-1.1446	-1.2457	-1.1028	-1.1785	-0.07067	-1.1082	-1.5076	0.32931	0.80705	1.1244	0.98526	1.0257	1.2854e-005	0.32854	-0.49757	40.04
843.26	-1.3529	-1.3297	-1.2582	-1.2263	-1.2404	-1.2245	-1.2314	-1.1689	-1.2118	-1.145	-1.1354	-0.96395	-1.2278	-1.3067	-1.1793	-1.1719	-1.2911	-1.1373	-1.2022	-0.063078	-1.1368	-1.5335	0.33417	0.80447	1.1358	0.98717	1.0229	1.2892e-005	0.3293	-0.49872	40.04
841.19	-1.3414	-1.3245	-1.2512	-1.2184	-1.2556	-1.2235	-1.2086	-1.1717	-1.1984	-1.1602	-1.1564	-1.1892	-1.2573	-1.3962	-1.2773	-1.2851	-1.4437	-1.171	-1.257	-0.024314	-1.1825	-1.5381	0.31063	0.79284	1.1291	0.97287	0.99419	1.2921e-005	0.31748	-0.48639	39.97
837.05	-1.2165	-1.2229	-1.2101	-1.2158	-1.2413	-1.2293	-1.1657	-1.1774	-1.2165	-1.2147	-1.1488	-1.3285	-1.266	-1.3315	-1.2902	-1.3536	-1.3719	-1.2481	-1.2953	-0.047894	-1.1625	-1.5178	0.32035	0.80123	1.1492	0.94324	1.0095	1.2978e-005	0.35724	-0.45809	39.97
837.74	-1.1126	-1.2134	-1.2319	-1.2184	-1.2232	-1.2369	-1.2124	-1.1584	-1.1994	-1.1918	-1.165	-1.3171	-1.2234	-1.4201	-1.2816	-1.2842	-1.3275	-1.3253	-1.3564	-0.086897	-1.2568	-1.6287	0.30368	0.80486	1.1291	0.9421	1.0133	1.2968e-005	0.32711	-0.47453	40.08
839.12	-1.1555	-1.1075	-1.2407	-1.2211	-1.2261	-1.2216	-1.2067	-1.2031	-1.2051	-1.1765	-1.1545	-1.4841	-1.2486	-1.71	-1.707	-1.5537	-1.8677	-1.4981	-1.6793	-0.086791	-1.6485	-1.8699	0.23841	0.76281	1.091	0.94667	1.0018	1.2949e-005	0.29708	-0.48763	40.04
837.74	-1.1031	-1.1652	-1.2556	-1.2342	-1.2232	-1.2016	-1.1905	-1.1927	-1.2108	-1.1784	-1.1469	-1.3915	-1.3721	-2.1045	-2.0921	-1.6669	-1.9485	-1.5948	-1.807	-0.094745	-1.7466	-1.9753	0.23869	0.74555	1.0834	0.93076	0.9875	1.2968e-005	0.28468	-0.50178	40.03
839.12	-1.2909	-1.2918	-1.2372	-1.2369	-1.2261	-1.1777	-1.1714	-1.2146	-1.2099	-1.1984	-1.1774	-1.3056	-1.4451	-1.6949	-1.6022	-1.609	-1.6107	-1.577	-1.6474	-0.086791	-1.4302	-1.9014	0.18972	0.71724	1.0729	0.93533	0.94993	1.2949e-005	0.29708	-0.50799	40.01
832.92	-1.3061	-1.402	-1.4044	-1.372	-1.2852	-1.1596	-1.1714	-1.206	-1.206	-1.23	-1.2328	-1.0861	-1.426	-1.6542	-1.5154	-1.3597	-1.45	-1.4529	-1.5124	-0.063847	-1.3178	-1.7609	0.22792	0.73173	1.1129	0.94219	0.95691	1.3045e-005	0.30776	-0.53227	39.97
833.61	-1.2013	-1.3848	-1.4097	-1.4018	-1.3214	-1.2073	-1.179	-1.187	-1.2451	-1.2548	-1.2643	-1.1491	-1.4391	-1.6151	-1.5377	-1.365	-1.4918	-1.3244	-1.3947	-0.063776	-1.3073	-1.6869	0.21544	0.71247	1.0796	0.90675	0.97698	1.3026e-005	0.29889	-0.51449	39.98
833.61	-1.104	-1.2108	-1.4535	-1.422	-1.3252	-1.234	-1.1924	-1.187	-1.2537	-1.2634	-1.2729	-0.98018	-1.4086	-1.7357	-1.6194	-1.4264	-1.7714	-1.6657	-1.7952	-0.079473	-1.7113	-2.0169	0.16647	0.70332	1.0663	0.90675	0.96073	1.3026e-005	0.29031	-0.49403	40.05
835.67	-1.0621	-1.1523	-1.3659	-1.422	-1.3719	-1.2932	-1.2686	-1.2422	-1.2299	-1.1984	-1.2796	-0.93265	-1.4504	-1.6976	-1.6185	-1.6713	-1.7097	-1.6143	-1.7486	-0.071448	-1.5322	-1.9845	0.16199	0.7016	1.0634	0.93304	0.96933	1.2997e-005	0.30242	-0.45188	40.04
834.98	-1.0878	-1.0928	-1.3169	-1.4597	-1.39	-1.339	-1.3229	-1.2555	-1.2194	-1.2175	-1.2901	-1.1577	-1.5095	-1.8687	-1.7964	-1.6792	-1.7478	-1.6958	-1.8134	-0.032339	-1.6304	-2.0372	0.1092	0.675	1.0558	0.93419	0.95977	1.3016e-005	0.32406	-0.39089	39.98
829.47	-1.1431	-1.1566	-1.3458	-1.4685	-1.453	-1.2894	-1.2733	-1.2745	-1.2556	-1.3016	-1.2987	-1.4154	-1.5999	-2.0194	-2.1514	-1.8829	-2.1909	-1.9298	-1.9411	-0.048309	-1.879	-2.1361	0.072961	0.65145	1.0805	0.91122	0.98176	1.3092e-005	0.35171	-0.37607	39.98
828.78	-1.1002	-1.0851	-1.1102	-1.3825	-1.6027	-1.277	-1.2752	-1.2469	-1.2566	-1.3207	-1.3235	-1.5376	-1.7495	-2.1399	-1.9451	-1.5476	-1.8904	-1.7641	-1.7952	-0.04047	-1.7485	-2.0252	0.10177	0.66614	1.0825	0.91237	0.97698	1.3111e-005	0.34789	-0.41785	40.01
830.85	-1.0983	-1.042	-1.006	-1.2728	-1.5941	-1.2923	-1.281	-1.2326	-1.2823	-1.313	-1.3665	-1.6941	-1.7756	-1.866	-1.7062	-1.4132	-1.569	-1.4724	-1.4951	-0.07189	-1.4264	-1.7609	0.17113	0.69207	1.0929	0.92151	1.0219	1.3083e-005	0.35562	-0.41345	40.08
832.92	-1.105	-1.0954	-1.1523	-1.2184	-1.4101	-1.4841	-1.2333	-1.2412	-1.2547	-1.3006	-1.4658	-1.885	-1.6147	-1.7561	-1.5291	-1.379	-1.4428	-1.2942	-1.3856	-0.07957	-1.3531	-1.6657	0.19524	0.718	1.072	0.94219	1.02	1.3045e-005	0.33769	-0.3884	40.04
832.92	-1.1345	-1.1721	-1.2162	-1.1983	-1.3939	-1.4259	-1.2419	-1.2641	-1.2995	-1.3407	-1.4334	-1.6798	-1.4921	-1.5832	-1.4268	-1.3667	-1.4646	-1.2942	-1.3646	-0.05599	-1.2387	-1.6527	0.17895	0.72258	1.1044	0.97669	1.0143	1.3045e-005	0.37611	-0.36441	40.02
831.54	-1.0869	-1.1902	-1.2512	-1.1921	-1.3824	-1.3791	-1.2971	-1.2717	-1.2928	-1.3465	-1.3608	-1.3476	-1.3825	-1.5398	-1.475	-1.4431	-1.4591	-1.343	-1.4294	-0.056061	-1.3369	-1.7137	0.17914	0.70961	1.1425	0.98907	1.0315	1.3064e-005	0.42359	-0.31346	39.97
826.71	-1.1374	-1.2909	-1.239	-1.2351	-1.391	-1.3925	-1.3848	-1.2736	-1.2966	-1.3369	-1.2796	-1.1443	-1.4817	-1.4733	-1.3882	-1.4457	-1.519	-1.3678	-1.3956	-0.056405	-1.3359	-1.71	0.22554	0.73716	1.1539	0.97764	1.0487	1.314e-005	0.4133	-0.31537	39.99
826.71	-1.0735	-1.2418	-1.2451	-1.2509	-1.3662	-1.3925	-1.38	-1.2917	-1.3176	-1.3235	-1.3121	-1.1949	-1.4147	-1.3368	-1.3271	-1.264	-1.4319	-1.312	-1.3646	-0.095983	-1.2654	-1.6416	0.20077	0.72792	1.1263	0.95477	1.0429	1.314e-005	0.38317	-0.3602	40.05
830.85	-1.1031	-1.216	-1.3169	-1.2413	-1.2795	-1.381	-1.3514	-1.2612	-1.2947	-1.3083	-1.334	-0.95822	-1.3208	-1.4015	-1.438	-1.307	-1.411	-1.257	-1.3154	-0.087639	-1.2587	-1.6379	0.19572	0.71056	1.0929	0.99574	1.0324	1.3083e-005	0.3642	-0.39968	40.03
829.47	-1.1679	-1.185	-1.281	-1.2027	-1.2775	-1.3247	-1.3438	-1.2165	-1.2356	-1.2834	-1.2892	-0.90449	-1.3408	-1.3926	-1.3366	-1.3342	-1.362	-1.2588	-1.3382	-0.048309	-1.1987	-1.6083	0.17952	0.6791	1.0948	0.96335	1.0028	1.3092e-005	0.33893	-0.43113	39.98
823.95	-1.2366	-1.1652	-1.1855	-1.2316	-1.2699	-1.2675	-1.2695	-1.226	-1.2032	-1.2567	-1.2233	-1.0833	-1.3112	-1.3643	-1.3185	-1.243	-1.3211	-1.3084	-1.3163	-0.056617	-1.1901	-1.5751	0.22631	0.7446	1.1444	0.98145	1.0257	1.3188e-005	0.37592	-0.43429	39.98
821.88	-1.1202	-1.16	-1.1164	-1.1667	-1.2261	-1.234	-1.2238	-1.1641	-1.1164	-1.1927	-1.2214	-1.2579	-1.2721	-1.2996	-1.2429	-1.1964	-1.2448	-1.2393	-1.2442	-0.056759	-1.1034	-1.5094	0.26423	0.76968	1.1606	0.97859	1.0286	1.3226e-005	0.37688	-0.4319	40.01
823.95	-1.1174	-1.1247	-1.0831	-1.0877	-1.2194	-1.2178	-1.1895	-1.108	-1.0802	-1.1354	-1.1574	-1.2904	-1.1834	-1.2544	-1.1827	-1.1429	-1.2485	-1.1719	-1.1876	-0.096336	-1.0834	-1.4873	0.28005	0.80495	1.1577	0.97002	1.063	1.3188e-005	0.37163	-0.41699	40.08
826.71	-1.084	-1.1161	-1.0822	-1.0527	-1.084	-1.236	-1.1933	-1.0918	-1.0964	-1.0733	-1.1201	-1.2856	-1.1243	-1.2455	-1.1673	-1.1701	-1.273	-1.1116	-1.215	-0.080162	-1.1415	-1.491	0.279	0.79265	1.131	1.0072	1.0429	1.314e-005	0.35304	-0.42922	40.07
824.64	-1.0764	-1.0739	-1.119	-0.99914	-1.044	-1.2207	-1.139	-1.0775	-1.0182	-1.018	-1.0571	-1.445	-1.146	-1.2109	-1.0882	-1.185	-1.2984	-1.1302	-1.2396	-0.0248	-1.1177	-1.4725	0.27147	0.79923	1.152	0.99193	1.019	1.3178e-005	0.36687	-0.40953	39.97
820.51	-1.1517	-1.0877	-1.0253	-1.0404	-1.0325	-1.11	-1.1619	-1.1061	-1.0306	-1.018	-1.039	-1.3199	-1.1269	-1.1134	-1.0581	-1.0964	-1.2022	-1.1435	-1.1813	-0.056829	-1.0253	-1.4336	0.29358	0.81725	1.1901	0.99098	1.0401	1.3245e-005	0.39032	-0.43591	39.99
821.88	-1.1403	-1.1023	-1.0376	-0.93862	-1.0402	-1.068	-1.1524	-1.1051	-1.0459	-1.017	-1.0237	-1.0451	-1.0739	-1.1081	-1.0495	-1.0446	-1.1649	-1.0779	-1.0627	-0.096601	-0.96144	-1.3717	0.35942	0.84414	1.1796	0.99003	1.0659	1.3226e-005	0.36391	-0.44232	40.03
825.33	-1.1393	-1.0894	-1.063	-0.97809	-1.0306	-1.0584	-1.0933	-1.146	-1.0821	-0.99409	-0.99982	-0.83348	-1.0869	-1.1595	-1.0658	-1.0332	-1.1804	-1.0726	-1.0362	-0.10403	-0.97383	-1.3514	0.35761	0.85386	1.1596	0.96811	1.0391	1.3159e-005	0.34055	-0.45054	40.05
824.64	-1.1403	-1.0739	-1.0446	-0.94739	-0.93042	-1.0145	-1.0543	-1.1003	-1.0955	-1.0084	-1.0199	-0.84455	-1.0852	-1.1498	-1.0349	-1.0156	-1.1023	-1.0177	-1.0371	-0.088293	-0.94867	-1.3763	0.37047	0.86416	1.1425	0.99765	1.0353	1.3178e-005	0.32806	-0.458	40.03
823.95	-1.0831	-0.98175	-0.94651	-0.92809	-0.94844	-0.96681	-1.0152	-1.0784	-1.0802	-1.0237	-1.0352	-0.674	-1.0504	-1.0983	-0.99706	-0.96031	-1.0088	-0.96271	-0.99609	-0.080463	-0.90541	-1.3551	0.37505	0.87455	1.1492	1.0053	1.0362	1.3188e-005	0.33283	-0.43429	40.02
823.95	-1.023	-1.0222	-0.98066	-0.93248	-0.96579	-0.89485	-0.98857	-1.0547	-1.0764	-1.0638	-1.0495	-0.62857	-1.0043	-1.0256	-0.97558	-0.94802	-0.94338	-0.97068	-0.9742	-0.064563	-0.83423	-1.3458	0.40401	0.86988	1.1949	0.99288	1.0257	1.3188e-005	0.37592	-0.40312	39.98
819.82	-1.023	-1.0153	-0.9649	-0.93686	-0.94472	-0.92186	-0.9581	-0.98897	-1.0697	-1.0781	-1.0313	-0.84475	-0.99995	-1.0496	-0.98761	-0.95241	-0.96336	-0.98398	-0.91491	-0.072871	-0.85624	-1.3384	0.43917	0.88361	1.192	0.98621	1.042	1.3254e-005	0.39957	-0.35638	39.99
818.44	-0.9553	-0.90941	-0.95264	-0.93862	-0.92889	-0.99067	-0.97714	-0.99088	-1.0916	-1.08	-1.0323	-1.0031	-0.98343	-1.1161	-1.0177	-0.94714	-1.0151	-0.99285	-0.96964	-0.10491	-0.87521	-1.368	0.42726	0.894	1.1844	0.99955	1.0697	1.3273e-005	0.40433	-0.32894	40.04
