24011	13	5	84	27	755.2	2	2	39	161.76	255	8160	5	0	0	0	0	550.05	984.22	1.4534e+006	0.11818	0.018917	41.042	0	0	1	0	0	0	1	0	0
998.4	0.016789	-0.065605	-0.14885	-0.17369	-0.24016	-0.30331	-0.34638	-0.3854	-0.4501	-0.5149	-0.56427	-0.69586	-0.75413	-0.84968	-0.83384	-0.6321	-0.43955	-0.22171	0.50361	0.52145	0.5983	-0.16444	0.045299	-0.040262	-0.065519	-0.14703	-0.15878	-0.11291	-0.067634	0.04167	2.215
994.95	0.016027	-0.065915	-0.14876	-0.18755	-0.22901	-0.31476	-0.33724	-0.37113	-0.43999	-0.50917	-0.56303	-0.69853	-0.76013	-0.86768	-0.85197	-0.64044	-0.49875	-0.23571	0.42936	0.45905	0.54132	-0.12774	0.068015	-0.0096388	-0.063442	-0.12349	-0.1585	-0.11434	-0.070713	0.022876	2.316
998.4	0.0069855	-0.06948	-0.14771	-0.19018	-0.25484	-0.30551	-0.3339	-0.38055	-0.46097	-0.54154	-0.56972	-0.71065	-0.77613	-0.85163	-0.89134	-0.65703	-0.5486	-0.30264	0.44551	0.44094	0.48529	-0.046429	0.10186	0.014148	-0.054075	-0.10405	-0.14836	-0.11339	-0.079036	0.020515	2.491
1000.5	0.0077835	-0.07308	-0.15577	-0.16869	-0.25627	-0.29959	-0.35219	-0.39321	-0.46993	-0.54689	-0.56599	-0.71733	-0.79178	-0.84259	-0.89908	-0.70092	-0.53289	-0.33766	0.4269	0.44014	0.50311	0.041946	0.14312	0.046974	-0.029577	-0.12378	-0.11404	-0.093047	-0.072448	0.038716	2.682
999.77	0.028192	-0.069472	-0.16715	-0.1722	-0.24121	-0.32135	-0.36286	-0.41491	-0.47403	-0.53343	-0.59684	-0.74005	-0.80509	-0.86227	-0.90166	-0.71821	-0.55976	-0.34723	0.36049	0.40072	0.48749	0.116	0.15617	0.051617	0.008491	-0.12292	-0.1107	-0.081451	-0.052599	0.042186	2.898
994.95	0.020126	-0.066285	-0.15323	-0.19614	-0.24235	-0.33481	-0.3601	-0.39254	-0.46631	-0.5404	-0.6145	-0.75484	-0.81596	-0.88824	-0.92314	-0.72997	-0.62132	-0.36886	0.33048	0.36334	0.43822	0.16361	0.17266	0.070313	0.002406	-0.094772	-0.12437	-0.089093	-0.054277	0.034347	2.993
995.64	0.0045448	-0.073795	-0.15419	-0.19193	-0.26094	-0.31734	-0.35752	-0.39121	-0.48022	-0.56952	-0.60371	-0.75427	-0.82465	-0.89179	-0.95581	-0.75209	-0.65319	-0.41637	0.31953	0.34142	0.40249	0.23312	0.21763	0.12632	0.02688	-0.077439	-0.098845	-0.07743	-0.056365	0.031451	3.158
999.77	0.0061561	-0.082682	-0.1738	-0.18255	-0.26886	-0.31744	-0.378	-0.43119	-0.50158	-0.57229	-0.61584	-0.77727	-0.85561	-0.90952	-0.97816	-0.7944	-0.65392	-0.46362	0.28305	0.31959	0.39344	0.29477	0.24593	0.14644	0.056467	-0.091408	-0.077537	-0.066691	-0.056117	0.04558	3.433
997.71	0.024159	-0.075612	-0.17591	-0.18369	-0.2598	-0.3413	-0.38267	-0.43233	-0.49853	-0.56494	-0.63771	-0.79722	-0.87213	-0.94941	-0.98761	-0.8246	-0.7024	-0.47949	0.22211	0.27009	0.35037	0.32056	0.26366	0.15826	0.07418	-0.082089	-0.071639	-0.056343	-0.041301	0.040551	3.613
994.26	0.0086501	-0.075087	-0.16067	-0.20676	-0.26619	-0.34006	-0.3801	-0.41405	-0.50206	-0.59034	-0.65117	-0.80886	-0.88082	-0.98575	-1.0297	-0.84461	-0.76215	-0.50883	0.1963	0.23138	0.29396	0.33895	0.29453	0.19487	0.086644	-0.043994	-0.083215	-0.065033	-0.047136	0.025753	3.745
999.77	-0.0028135	-0.088099	-0.17661	-0.19316	-0.2843	-0.32498	-0.38619	-0.4429	-0.52818	-0.61383	-0.64697	-0.82451	-0.913	-1.0177	-1.0641	-0.87744	-0.7725	-0.58028	0.16538	0.20142	0.26166	0.38314	0.33446	0.23434	0.0938	-0.051388	-0.04882	-0.054866	-0.061113	0.039882	4.001
1001.8	0.022433	-0.082381	-0.18816	-0.18228	-0.27134	-0.34731	-0.39581	-0.4547	-0.52732	-0.60027	-0.66989	-0.84503	-0.92952	-1.0593	-1.0718	-0.91905	-0.81063	-0.62035	0.080882	0.1461	0.2305	0.41715	0.35294	0.24245	0.13931	-0.046538	-0.027875	-0.027347	-0.026933	0.047797	4.262
994.95	0.019297	-0.077463	-0.1752	-0.20799	-0.26609	-0.36372	-0.39543	-0.44118	-0.5237	-0.60638	-0.69453	-0.86517	-0.9443	-1.1223	-1.1019	-0.97786	-0.8929	-0.63906	0.026681	0.083627	0.15246	0.42445	0.38191	0.27629	0.16465	-0.014274	-0.042941	-0.031016	-0.019249	0.037215	4.428
991.5	0.011965	-0.082734	-0.17923	-0.2186	-0.2803	-0.35074	-0.39533	-0.44461	-0.53981	-0.63532	-0.68746	-0.87462	-0.96778	-1.1657	-1.1535	-0.98576	-0.94429	-0.66388	-0.0033486	0.045331	0.10129	0.43046	0.3962	0.31186	0.16218	0.0049034	-0.035179	-0.033274	-0.0315	0.029854	4.619
999.09	0.010239	-0.082036	-0.17626	-0.20123	-0.28383	-0.3474	-0.39457	-0.4665	-0.55583	-0.64544	-0.69787	-0.896	-0.99734	-1.1701	-1.1716	-1.006	-0.94701	-0.75314	-0.042006	-0.0009501	0.041831	0.4545	0.44708	0.33788	0.17695	0.0048672	0.00080902	-0.014865	-0.030556	0.031919	4.891
999.09	0.01922	-0.077705	-0.17564	-0.19992	-0.28726	-0.35848	-0.4181	-0.4704	-0.55516	-0.64019	-0.72117	-0.91642	-1.013	-1.1958	-1.1862	-1.0727	-1.0015	-0.80483	-0.12816	-0.054938	0.015436	0.46577	0.47977	0.36086	0.22268	0.0086834	0.0095222	-0.0016303	-0.012756	0.051344	5.127
994.26	0.019325	-0.080598	-0.18168	-0.21807	-0.27334	-0.37375	-0.424	-0.46012	-0.54944	-0.63904	-0.73893	-0.9337	-1.0286	-1.2384	-1.2257	-1.1157	-1.066	-0.83036	-0.21719	-0.13222	-0.058201	0.44692	0.48977	0.39118	0.24298	0.030787	0.0060684	-0.0044575	-0.014968	0.045866	5.331
994.95	0.010287	-0.079573	-0.17126	-0.21781	-0.28916	-0.37031	-0.4161	-0.47516	-0.57108	-0.66721	-0.74036	-0.95164	-1.0599	-1.2535	-1.2652	-1.1341	-1.1223	-0.89179	-0.2628	-0.19117	-0.13759	0.42667	0.50969	0.41301	0.24193	0.055647	0.022685	0.0027604	-0.017094	0.03147	5.529
999.77	0.0061599	-0.082183	-0.17275	-0.20246	-0.29898	-0.36573	-0.42019	-0.48278	-0.58233	-0.68211	-0.75192	-0.96586	-1.0756	-1.2411	-1.2859	-1.1666	-1.144	-0.96359	-0.28633	-0.22201	-0.17952	0.4105	0.54971	0.448	0.27366	0.045871	0.044356	0.016799	-0.010621	0.043324	5.76
997.71	0.015979	-0.082889	-0.18326	-0.21141	-0.29193	-0.38052	-0.43857	-0.5002	-0.58538	-0.67075	-0.77655	-0.99067	-1.0982	-1.2774	-1.3031	-1.2263	-1.1785	-1.0079	-0.40482	-0.30403	-0.23278	0.38933	0.56981	0.46793	0.30625	0.049787	0.047061	0.023479	5.1321e-005	0.047406	6.033
992.88	0.024273	-0.071797	-0.16829	-0.225	-0.29126	-0.38463	-0.4319	-0.49487	-0.59139	-0.68832	-0.79527	-1.0117	-1.1191	-1.3235	-1.3452	-1.2596	-1.2793	-1.0531	-0.52714	-0.42273	-0.36085	0.30531	0.59182	0.49109	0.31616	0.09036	0.056936	0.031263	0.0057823	0.043046	6.209
996.33	-0.0052789	-0.0804	-0.15866	-0.2143	-0.309	-0.36983	-0.42952	-0.49886	-0.60807	-0.71764	-0.78534	-1.0203	-1.1434	-1.3359	-1.3933	-1.2921	-1.342	-1.1365	-0.55871	-0.48513	-0.46242	0.2224	0.63203	0.54372	0.33264	0.11492	0.084688	0.039382	-0.0056574	0.038305	6.427
998.4	-0.00036772	-0.089908	-0.18256	-0.21193	-0.31195	-0.3788	-0.44343	-0.51828	-0.62047	-0.72298	-0.79785	-1.0422	-1.173	-1.3616	-1.4174	-1.3342	-1.3665	-1.2012	-0.64044	-0.53798	-0.49101	0.13957	0.64852	0.55802	0.36866	0.097478	0.10018	0.05176	0.0036134	0.045666	6.711
997.02	0.011898	-0.085326	-0.1844	-0.21343	-0.30461	-0.39847	-0.45133	-0.52276	-0.61713	-0.71191	-0.82354	-1.068	-1.1956	-1.4033	-1.4389	-1.3913	-1.431	-1.2552	-0.76084	-0.64289	-0.59135	0.014836	0.66214	0.57013	0.38353	0.12244	0.10993	0.065509	0.021442	0.049719	6.963
991.5	0.0020965	-0.086893	-0.17862	-0.24115	-0.31891	-0.3999	-0.45533	-0.5061	-0.62609	-0.74638	-0.83519	-1.088	-1.2217	-1.4609	-1.4999	-1.4361	-1.5327	-1.3146	-0.85899	-0.74064	-0.69959	-0.14105	0.66796	0.60188	0.39868	0.15103	0.098272	0.058315	0.018696	0.04079	7.122
995.64	-0.0093785	-0.097572	-0.18983	-0.23492	-0.32187	-0.39465	-0.46086	-0.53532	-0.65145	-0.76796	-0.8412	-1.109	-1.2547	-1.4831	-1.542	-1.4712	-1.5735	-1.3909	-0.9368	-0.82752	-0.80574	-0.21177	0.69473	0.63324	0.41402	0.15427	0.12408	0.067949	0.012194	0.044069	7.382
998.4	0.013519	-0.089219	-0.19377	-0.21448	-0.31748	-0.39866	-0.46914	-0.54931	-0.65069	-0.75249	-0.86135	-1.1338	-1.2817	-1.5035	-1.5506	-1.5291	-1.6053	-1.4742	-1.0253	-0.89354	-0.85481	-0.32158	0.72132	0.64449	0.44327	0.15284	0.15859	0.098336	0.038508	0.053657	7.678
992.19	0.014425	-0.085748	-0.18764	-0.23702	-0.31595	-0.42051	-0.492	-0.55369	-0.66337	-0.7735	-0.90108	-1.1682	-1.3086	-1.5682	-1.597	-1.6011	-1.6906	-1.5097	-1.1758	-1.0146	-0.95858	-0.40412	0.71827	0.65775	0.47672	0.17876	0.15611	0.1011	0.046631	0.054566	7.913
990.81	0.00045258	-0.086893	-0.17713	-0.24737	-0.31014	-0.40849	-0.47429	-0.54189	-0.66633	-0.79126	-0.8963	-1.1796	-1.333	-1.6143	-1.6538	-1.6301	-1.7778	-1.5903	-1.2962	-1.1472	-1.1206	-0.49775	0.72627	0.69045	0.47214	0.21077	0.15372	0.094934	0.036658	0.035074	8.113
995.64	-0.0028268	-0.086032	-0.17232	-0.22965	-0.32959	-0.40954	-0.47352	-0.55969	-0.68273	-0.80606	-0.89821	-1.1949	-1.3599	-1.6267	-1.6821	-1.6573	-1.8368	-1.6887	-1.3728	-1.24	-1.2387	-0.49008	0.75229	0.71638	0.49215	0.21944	0.18794	0.11482	0.042197	0.042358	8.369
995.64	0.0053647	-0.090683	-0.18921	-0.22702	-0.32959	-0.42576	-0.5	-0.57225	-0.68816	-0.80444	-0.93546	-1.2235	-1.3782	-1.6533	-1.7096	-1.7494	-1.8904	-1.796	-1.5124	-1.3434	-1.3178	-0.5742	0.76991	0.72773	0.53027	0.21173	0.20897	0.1334	0.058624	0.059546	8.701
991.5	0.0078541	-0.088271	-0.18659	-0.24386	-0.32883	-0.43721	-0.51238	-0.57758	-0.69579	-0.81447	-0.9578	-1.2474	-1.4008	-1.7224	-1.7681	-1.8091	-1.9903	-1.8625	-1.6793	-1.4901	-1.4579	-0.69676	0.76067	0.73697	0.55085	0.23469	0.20887	0.13531	0.062447	0.058638	8.902
991.5	0.00045219	-0.089908	-0.18326	-0.25316	-0.33092	-0.42309	-0.49543	-0.57758	-0.7077	-0.83834	-0.95494	-1.2474	-1.4025	-1.7517	-1.8222	-1.8416	-2.082	-1.9564	-1.7952	-1.6289	-1.638	-0.74705	0.77582	0.77168	0.55161	0.26547	0.21509	0.13521	0.055993	0.043094	9.125
996.33	-0.011822	-0.092749	-0.17783	-0.22878	-0.35028	-0.41803	-0.50029	-0.59614	-0.72344	-0.85123	-0.96067	-1.2579	-1.4182	-1.7694	-1.8532	-1.8943	-2.141	-2.0433	-1.8882	-1.727	-1.7523	-0.71534	0.79516	0.78931	0.56572	0.27566	0.24979	0.15303	0.057146	0.045178	9.43
993.57	-0.0077568	-0.09783	-0.19193	-0.23676	-0.34494	-0.44676	-0.52467	-0.61147	-0.73125	-0.85152	-0.996	-1.2875	-1.4399	-1.8297	-1.8944	-1.9724	-2.1955	-2.1187	-2.0579	-1.8604	-1.8619	-0.68697	0.79545	0.7978	0.60269	0.27357	0.26365	0.17361	0.084509	0.052204	9.741
990.81	0.0095053	-0.088099	-0.1879	-0.25527	-0.33674	-0.45096	-0.51867	-0.59748	-0.72544	-0.85381	-1.0075	-1.3104	-1.4704	-1.8962	-1.9426	-2.0233	-2.2999	-2.2073	-2.2357	-2.0257	-2.0325	-0.70481	0.78526	0.80066	0.61193	0.29929	0.25562	0.17294	0.091192	0.048304	9.936
990.81	-0.00037049	-0.087841	-0.17818	-0.25588	-0.34437	-0.44046	-0.50971	-0.59148	-0.73163	-0.87224	-1.017	-1.3257	-1.4904	-1.9485	-1.9864	-2.0655	-2.3998	-2.3013	-2.3534	-2.1627	-2.204	-0.75111	0.78916	0.82135	0.62108	0.32998	0.26958	0.17961	0.090458	0.045991	10.14
993.57	-0.020889	-0.10575	-0.19578	-0.24395	-0.3498	-0.44218	-0.53343	-0.62594	-0.76005	-0.89449	-1.0361	-1.3572	-1.5295	-1.9724	-2.032	-2.133	-2.4406	-2.4103	-2.4638	-2.2626	-2.304	-0.78485	0.78983	0.8407	0.64395	0.31378	0.29959	0.19867	0.098772	0.057357	10.48
991.5	0.0094996	-0.095591	-0.20305	-0.2472	-0.34217	-0.45439	-0.53981	-0.62736	-0.75947	-0.89201	-1.0581	-1.3791	-1.5495	-2.0974	-2.0792	-2.2068	-2.5196	-2.4653	-2.6663	-2.4252	-2.4441	-0.81018	0.78202	0.82488	0.67453	0.33369	0.30198	0.20715	0.11336	0.068427	10.74
988.05	-0.0061494	-0.099036	-0.19578	-0.27264	-0.35113	-0.47615	-0.54619	-0.61984	-0.76548	-0.91168	-1.0772	-1.4106	-1.5904	-2.1984	-2.1411	-2.2568	-2.6413	-2.5646	-2.8323	-2.6011	-2.6499	-0.95484	0.77029	0.83784	0.6692	0.36094	0.30218	0.20639	0.11164	0.057108	10.94
990.81	-0.022595	-0.10481	-0.19245	-0.2579	-0.37049	-0.45392	-0.54533	-0.6366	-0.7875	-0.93889	-1.0781	-1.4278	-1.6199	-2.233	-2.2082	-2.2998	-2.7203	-2.6842	-2.9646	-2.7557	-2.8462	-1.0417	0.77763	0.85243	0.67034	0.36666	0.33114	0.21173	0.093347	0.049461	11.21
992.88	-0.0077625	-0.099897	-0.19604	-0.23957	-0.3579	-0.45983	-0.55467	-0.64811	-0.79456	-0.94157	-1.1001	-1.4545	-1.6486	-2.264	-2.2761	-2.3779	-2.7684	-2.7942	-3.0804	-2.8538	-2.9348	-1.0556	0.77277	0.85929	0.70369	0.36304	0.36039	0.24012	0.12108	0.067767	11.53
988.74	-0.013576	-0.10713	-0.20541	-0.26123	-0.36153	-0.47825	-0.57276	-0.66268	-0.80133	-0.94042	-1.1326	-1.4879	-1.679	-2.3819	-2.3577	-2.4648	-2.8637	-2.8722	-3.3285	-3.0615	-3.1244	-1.1453	0.75486	0.84986	0.72827	0.382	0.3558	0.24317	0.13166	0.069211	11.77
986.67	-0.006158	-0.09585	-0.1893	-0.26439	-0.35724	-0.47014	-0.55895	-0.65602	-0.80714	-0.95876	-1.1373	-1.5108	-1.7182	-2.4511	-2.4411	-2.5166	-2.989	-2.9865	-3.4973	-3.2471	-3.3484	-1.2673	0.74104	0.85453	0.72351	0.40973	0.36613	0.2466	0.12833	0.049681	12.03
990.81	-0.018486	-0.099381	-0.1851	-0.24939	-0.36639	-0.45859	-0.55743	-0.65345	-0.81439	-0.97595	-1.1421	-1.528	-1.7434	-2.4697	-2.5786	-2.5781	-3.0599	-3.0947	-3.6204	-3.3762	-3.498	-1.3273	0.73332	0.86511	0.73675	0.42841	0.39376	0.26051	0.12852	0.056975	12.25
990.12	-0.028373	-0.11144	-0.20051	-0.24615	-0.37716	-0.46928	-0.58143	-0.67924	-0.83269	-0.98645	-1.1774	-1.5595	-1.7703	-2.5282	-2.699	-2.6606	-3.1334	-3.2055	-3.8448	-3.5653	-3.6714	-1.4133	0.71646	0.86311	0.76172	0.41793	0.41765	0.27671	0.13719	0.070826	12.6
986.67	-0.014415	-0.099811	-0.18974	-0.25694	-0.36486	-0.48417	-0.58848	-0.68029	-0.83594	-0.99218	-1.1965	-1.591	-1.8095	-2.5841	-2.7815	-2.7185	-3.2496	-3.3189	-4.0829	-3.7836	-3.8934	-1.527	0.68968	0.84642	0.77096	0.44727	0.41364	0.28319	0.15426	0.063532	12.87
983.23	-0.01779	-0.09783	-0.18247	-0.26729	-0.36992	-0.48007	-0.57057	-0.6761	-0.847	-1.0189	-1.2023	-1.6101	-1.8399	-2.6408	-2.8829	-2.7712	-3.3967	-3.4298	-4.289	-4.0046	-4.1545	-1.6758	0.66338	0.85138	0.77716	0.46262	0.4144	0.28281	0.15264	0.055072	13.07
988.74	-0.038317	-0.10911	-0.18659	-0.2479	-0.38193	-0.4669	-0.58076	-0.70761	-0.86969	-1.0323	-1.209	-1.6292	-1.8686	-2.6452	-2.9491	-2.8344	-3.4575	-3.5521	-4.4286	-4.1504	-4.3241	-1.7775	0.6549	0.86597	0.77515	0.45518	0.44547	0.29472	0.14539	0.065158	13.41
988.74	-0.028402	-0.10954	-0.19674	-0.24509	-0.36906	-0.48837	-0.5939	-0.70637	-0.86473	-1.0237	-1.2395	-1.6588	-1.8947	-2.6931	-2.9869	-2.9239	-3.5511	-3.6647	-4.6557	-4.3413	-4.4975	-1.8995	0.63461	0.83231	0.80326	0.4608	0.4665	0.32197	0.17905	0.071476	13.71
981.85	-0.019478	-0.10455	-0.19482	-0.27237	-0.36973	-0.50335	-0.60133	-0.6959	-0.8693	-1.0437	-1.2634	-1.6931	-1.9347	-2.7879	-3.072	-3.0222	-3.7209	-3.795	-4.9084	-4.5861	-4.7605	-2.0631	0.60402	0.82688	0.80469	0.49139	0.44691	0.31292	0.18038	0.066783	13.92
981.85	-0.040243	-0.10438	-0.17529	-0.26641	-0.36896	-0.47854	-0.58867	-0.6919	-0.87264	-1.0542	-1.2615	-1.7036	-1.9564	-2.8163	-3.1218	-3.0591	-3.8471	-3.9483	-5.1036	-4.7815	-4.9787	-2.1953	0.58191	0.83155	0.80546	0.50797	0.46019	0.31807	0.17752	0.06446	14.16
984.61	-0.050883	-0.11514	-0.18738	-0.25816	-0.38059	-0.48598	-0.60324	-0.71046	-0.88885	-1.0676	-1.2768	-1.7303	-1.9903	-2.8527	-3.1751	-3.1381	-3.9288	-4.2418	-5.297	-4.9688	-5.1817	-2.3201	0.55514	0.82898	0.81451	0.50635	0.49595	0.33703	0.17991	0.063102	14.48
984.61	-0.042626	-0.11505	-0.19482	-0.26562	-0.3744	-0.50125	-0.61686	-0.72445	-0.89762	-1.0714	-1.3102	-1.7676	-2.0286	-2.9085	-3.219	-3.2399	-4.0305	-4.4829	-5.567	-5.2039	-5.4056	-2.5049	0.51321	0.79904	0.83804	0.5095	0.49872	0.34827	0.19945	0.07182	14.82
980.47	-0.04031	-0.11333	-0.19333	-0.27816	-0.37526	-0.50631	-0.61571	-0.72655	-0.9062	-1.0867	-1.3255	-1.7952	-2.0634	-3.006	-3.2903	-3.3277	-4.1876	-4.7878	-5.8425	-5.4752	-5.7019	-2.6907	0.45985	0.78445	0.83928	0.52712	0.49556	0.34665	0.19955	0.066295	15.04
983.92	-0.067491	-0.12435	-0.19088	-0.25965	-0.38651	-0.48856	-0.60886	-0.7335	-0.92212	-1.1115	-1.3255	-1.8096	-2.0895	-3.0131	-3.3496	-3.3734	-4.2838	-5.0759	-6.0358	-5.6953	-5.9754	-2.8451	0.43594	0.78445	0.82127	0.5357	0.52271	0.35589	0.19077	0.058495	15.32
985.99	-0.072324	-0.12892	-0.19561	-0.24185	-0.3886	-0.49142	-0.61962	-0.74197	-0.92946	-1.1173	-1.3388	-1.8306	-2.1164	-3.0388	-3.3952	-3.4699	-4.3737	-5.2718	-6.2776	-5.9074	-6.1803	-3.0133	0.39782	0.7651	0.84214	0.53179	0.55177	0.37772	0.20565	0.072279	15.65
982.54	-0.061809	-0.12418	-0.19578	-0.2615	-0.37802	-0.5046	-0.63914	-0.75663	-0.93471	-1.1135	-1.377	-1.8687	-2.1512	-3.1106	-3.4588	-3.5533	-4.5153	-5.4075	-6.5759	-6.1779	-6.4509	-3.2638	0.33693	0.73612	0.86234	0.54933	0.54852	0.38372	0.22081	0.073713	15.94
979.09	-0.068673	-0.12082	-0.18273	-0.27781	-0.36572	-0.49715	-0.62171	-0.73435	-0.92927	-1.1249	-1.3856	-1.8916	-2.1851	-3.1718	-3.5258	-3.6253	-4.7033	-5.4722	-6.8705	-6.4669	-6.7672	-3.6206	0.28738	0.71905	0.85196	0.57258	0.54948	0.38458	0.22157	0.062882	16.17
980.47	-0.086025	-0.12883	-0.183	-0.25588	-0.38145	-0.47902	-0.61695	-0.74596	-0.94806	-1.1507	-1.3904	-1.9098	-2.2129	-3.2028	-3.5903	-3.6867	-4.7895	-5.5537	-7.0511	-6.6746	-7.0264	-4.153	0.25079	0.71161	0.84824	0.5862	0.57433	0.39753	0.22271	0.062194	16.47
982.54	-0.099153	-0.13882	-0.19123	-0.25816	-0.37869	-0.48722	-0.63086	-0.76843	-0.96102	-1.1545	-1.4162	-1.9365	-2.2399	-3.2347	-3.6264	-3.7666	-4.8331	-5.63	-7.2919	-6.8991	-7.2599	-4.7982	0.20115	0.6894	0.86777	0.58039	0.58934	0.4084	0.22958	0.067318	16.8
977.02	-0.090506	-0.14304	-0.20778	-0.26492	-0.37287	-0.5087	-0.638	-0.76652	-0.96102	-1.1564	-1.442	-1.9689	-2.2738	-3.3074	-3.684	-3.8649	-4.9947	-5.794	-7.6066	-7.1846	-7.5467	-5.2826	0.14512	0.64755	0.88321	0.58439	0.58523	0.41173	0.24016	0.069431	17.07
976.33	-0.11565	-0.14709	-0.19298	-0.28194	-0.38031	-0.50612	-0.634	-0.75624	-0.96579	-1.1765	-1.4505	-1.9842	-2.2938	-3.334	-3.7502	-3.9229	-5.1373	-5.9092	-7.8182	-7.417	-7.8259	-5.6662	0.10348	0.63639	0.86129	0.6044	0.58667	0.41288	0.24111	0.052539	17.31
977.71	-0.11717	-0.15562	-0.20874	-0.25799	-0.38965	-0.48875	-0.62552	-0.7729	-0.982	-1.1918	-1.4477	-1.9957	-2.3181	-3.3597	-3.8078	-3.9782	-5.209	-6.0112	-7.9952	-7.5982	-8.0317	-5.9878	0.081727	0.62295	0.85224	0.58896	0.62051	0.42631	0.23425	0.056544	17.64
980.47	-0.10602	-0.15002	-0.20769	-0.25264	-0.38441	-0.50259	-0.64571	-0.7829	-0.98009	-1.1774	-1.4773	-2.0291	-2.3512	-3.3854	-3.8378	-4.0616	-5.2989	-6.1769	-8.2187	-7.7882	-8.207	-6.2485	0.023212	0.57452	0.87263	0.59325	0.63943	0.44775	0.25827	0.075032	17.96
974.26	-0.12175	-0.15717	-0.20786	-0.28667	-0.38832	-0.50421	-0.64676	-0.7689	-0.98104	-1.1937	-1.5012	-2.0567	-2.3816	-3.4785	-3.9066	-4.152	-5.4533	-6.2886	-8.527	-8.0869	-8.53	-6.6229	-0.054875	0.55774	0.87425	0.61069	0.62376	0.44222	0.26285	0.067299	18.2
973.57	-0.13777	-0.16707	-0.21312	-0.27737	-0.38498	-0.49391	-0.62829	-0.78632	-0.99153	-1.1984	-1.4945	-2.0644	-2.4016	-3.5069	-3.9625	-4.1809	-5.5568	-6.4172	-8.7414	-8.3132	-8.794	-6.9057	-0.11434	0.53457	0.85758	0.62193	0.64116	0.45204	0.26523	0.059728	18.47
977.71	-0.14549	-0.17689	-0.22608	-0.25334	-0.38479	-0.4835	-0.63171	-0.78899	-1.0011	-1.2137	-1.504	-2.0825	-2.4242	-3.5131	-3.9865	-4.2397	-5.6031	-6.5776	-8.9493	-8.5271	-9.0379	-6.9991	-0.15837	0.51045	0.85319	0.62517	0.66247	0.46214	0.26409	0.064144	18.76
976.33	-0.14654	-0.17861	-0.22862	-0.27992	-0.3866	-0.49763	-0.65419	-0.7987	-1.0125	-1.2271	-1.526	-2.1083	-2.452	-3.5627	-4.0338	-4.3337	-5.7157	-6.7336	-9.2494	-8.771	-9.2561	-7.196	-0.22202	0.46554	0.86892	0.62679	0.67031	0.46986	0.27162	0.066553	19.11
973.57	-0.16208	-0.1917	-0.24087	-0.29097	-0.38508	-0.50316	-0.6541	-0.79242	-1.0106	-1.229	-1.5518	-2.1331	-2.4729	-3.6239	-4.0974	-4.3978	-5.8364	-6.8693	-9.5322	-9.0503	-9.5572	-7.4612	-0.28986	0.42941	0.86167	0.63575	0.66897	0.47662	0.28649	0.06032	19.36
970.13	-0.17943	-0.20307	-0.24805	-0.30483	-0.39423	-0.50717	-0.63962	-0.78813	-1.0182	-1.2491	-1.5594	-2.1484	-2.4938	-3.6753	-4.1696	-4.4574	-6.0135	-7.0262	-9.815	-9.342	-9.8907	-7.7265	-0.35609	0.41425	0.845	0.65462	0.68561	0.48282	0.2823	0.045819	19.63
976.33	-0.19077	-0.2122	-0.25628	-0.3015	-0.41454	-0.48646	-0.67381	-0.80488	-1.0325	-1.2615	-1.5575	-2.1541	-2.506	-3.6664	-4.198	-4.5084	-6.0525	-7.1609	-9.9883	-9.5187	-10.091	-7.8652	-0.40535	0.38889	0.84576	0.64252	0.69278	0.48834	0.2863	0.060722	19.98
973.57	-0.19468	-0.22537	-0.27949	-0.31176	-0.39423	-0.54086	-0.66743	-0.80907	-1.0278	-1.2481	-1.5871	-2.1789	-2.5251	-3.7241	-4.2401	-4.5944	-6.156	-7.262	-10.326	-9.8015	-10.348	-8.0279	-0.47767	0.32635	0.85977	0.62565	0.69201	0.49454	0.29946	0.060301	20.27
968.75	-0.21242	-0.21667	-0.24543	-0.32413	-0.40758	-0.53361	-0.64562	-0.81792	-1.0392	-1.2615	-1.5947	-2.1856	-2.5312	-3.7604	-4.2994	-4.6549	-6.3068	-7.441	-10.672	-10.146	-10.739	-8.2404	-0.55028	0.28926	0.84033	0.66605	0.69622	0.49844	0.30318	0.042922	20.5
967.37	-0.23978	-0.23545	-0.25856	-0.34571	-0.43627	-0.51681	-0.67238	-0.80212	-1.0516	-1.3016	-1.6005	-2.1951	-2.5425	-3.7799	-4.3312	-4.7138	-6.4248	-7.5642	-10.937	-10.403	-11.015	-8.3033	-0.6186	0.27544	0.83376	0.67301	0.71801	0.50511	0.29479	0.042989	20.8
972.2	-0.22862	-0.25259	-0.30365	-0.35299	-0.42788	-0.55709	-0.66638	-0.83944	-1.0573	-1.2758	-1.6177	-2.2018	-2.539	-3.7772	-4.3329	-4.7489	-6.4593	-7.7105	-11.165	-10.597	-11.196	-8.1859	-0.68025	0.22224	0.84262	0.65042	0.74077	0.52608	0.31395	0.049843	21.17
970.13	-0.21728	-0.26197	-0.33325	-0.38343	-0.4337	-0.50717	-0.69724	-0.8501	-1.0802	-1.3102	-1.6702	-2.2247	-2.5329	-3.8003	-4.3699	-4.8077	-6.5619	-7.8249	-11.475	-10.871	-11.453	-8.2756	-0.77697	0.16437	0.84024	0.65557	0.73321	0.52808	0.32558	0.048763	21.44
963.92	-0.22548	-0.26137	-0.32432	-0.39141	-0.44314	-0.53886	-0.68048	-0.84867	-1.1012	-1.3541	-1.7132	-2.2333	-2.5103	-3.8198	-4.4155	-4.8595	-6.6781	-7.9649	-11.84	-11.224	-11.825	-8.4983	-0.86329	0.13452	0.82528	0.67872	0.74077	0.52741	0.31662	0.036642	21.71
966.68	-0.29307	-0.30133	-0.34367	-0.38746	-0.47841	-0.53485	-0.6821	-0.85495	-1.1326	-1.4104	-1.7323	-2.2276	-2.4825	-3.7675	-4.3879	-4.8639	-6.7035	-8.0598	-12.013	-11.401	-12.044	-8.4919	-0.90417	0.1167	0.80841	0.67949	0.7465	0.52903	0.31414	0.033573	22
969.44	-0.30575	-0.32854	-0.38727	-0.39185	-0.46564	-0.56081	-0.66124	-0.90959	-1.1755	-1.442	-1.8201	-2.2438	-2.4312	-3.6851	-4.3501	-4.87	-6.7335	-8.1759	-12.196	-11.569	-12.206	-8.5769	-0.95477	0.064259	0.8227	0.65795	0.77136	0.55199	0.33531	0.045847	22.35
964.61	-0.31243	-0.33285	-0.38999	-0.39869	-0.44933	-0.55537	-0.73638	-0.91235	-1.2356	-1.5604	-1.9748	-2.3011	-2.3947	-3.6478	-4.314	-4.8823	-6.8225	-8.2646	-12.515	-11.861	-12.502	-8.7498	-1.0472	0.0090887	0.81365	0.67129	0.75835	0.55009	0.34446	0.0384	22.63
962.54	-0.32577	-0.33724	-0.38657	-0.37413	-0.47336	-0.59794	-0.6561	-0.84667	-1.2861	-1.7275	-2.0321	-2.3211	-2.379	-3.4865	-4.21	-4.7963	-6.8534	-8.3275	-12.697	-12.046	-12.711	-8.8884	-1.112	-0.0083746	0.78907	0.69245	0.77422	0.55609	0.34065	0.026021	22.88
964.61	-0.36048	-0.33758	-0.3554	-0.38492	-0.49167	-0.49839	-0.61114	-0.91102	-1.392	-1.8745	-2.1219	-2.3765	-2.3981	-3.2666	-3.9745	-4.6444	-6.738	-8.3204	-12.752	-12.091	-12.74	-8.9919	-1.1492	-0.02659	0.79907	0.68587	0.79143	0.56171	0.33474	0.026547	23.19
964.61	-0.36038	-0.36471	-0.41065	-0.38685	-0.42092	-0.45315	-0.60876	-1.0261	-1.5483	-2.0722	-2.3864	-2.5282	-2.4338	-3.0902	-3.5808	-4.3934	-6.5583	-8.1662	-12.734	-12.046	-12.664	-9.0474	-1.1749	-0.05115	0.81155	0.68863	0.80118	0.57391	0.34942	0.024769	23.51
957.72	-0.35876	-0.35222	-0.38666	-0.33273	-0.37592	-0.45563	-0.74895	-0.99849	-1.6713	-2.3463	-2.4504	-2.6122	-2.5294	-3.0743	-3.2087	-3.8957	-6.2396	-7.9694	-12.661	-11.967	-12.568	-9.0834	-1.2016	-0.063496	0.81432	0.7156	0.80242	0.57505	0.35047	0.013632	23.78
958.4	-0.38422	-0.32501	-0.30803	-0.30308	-0.36429	-0.4772	-0.67743	-1.1603	-1.82	-2.4819	-2.6299	-2.7563	-2.6286	-3.0105	-3.0247	-3.2873	-5.5886	-7.5439	-12.214	-11.543	-12.13	-8.8644	-1.1692	-0.03395	0.81251	0.73532	0.80405	0.57467	0.34818	-0.0012628	24.04
958.4	-0.38412	-0.31915	-0.29621	-0.24544	-0.4092	-0.46317	-0.77086	-1.4915	-2.0546	-2.6203	-2.8438	-2.9129	-2.7181	-2.9723	-2.9353	-2.9152	-4.7096	-6.9029	-11.53	-10.889	-11.444	-8.4725	-1.0891	0.017924	0.84338	0.73818	0.83206	0.59344	0.35771	0.0076696	24.38
960.47	-0.36286	-0.29056	-0.25751	-0.28387	-0.34446	-0.47367	-0.97429	-1.6391	-2.2443	-2.8514	-2.925	-2.9844	-2.7738	-2.9484	-2.7969	-2.6975	-3.877	-6.0883	-10.682	-10.04	-10.491	-7.9872	-0.99003	0.068034	0.87311	0.73247	0.84735	0.60802	0.37163	0.014779	24.72
954.27	-0.3354	-0.26214	-0.22511	-0.25746	-0.3088	-0.49696	-1.0343	-1.8209	-2.4226	-3.0271	-3.0558	-2.9806	-2.6486	-2.8943	-2.7308	-2.6062	-3.5166	-5.575	-9.5869	-9.0061	-9.3943	-7.5842	-0.88531	0.12623	0.89245	0.7743	0.85567	0.61679	0.38088	0.01368	24.98
956.34	-0.31338	-0.26679	-0.25462	-0.20957	-0.27906	-0.49906	-0.9781	-2.1731	-2.6781	-3.1857	-2.9488	-2.8661	-2.5364	-2.6417	-2.5528	-2.701	-3.9306	-5.3179	-7.6933	-7.2385	-7.5715	-6.6182	-0.65166	0.26276	0.93609	0.79974	0.88502	0.6307	0.37936	0.017838	25.26
959.09	-0.29631	-0.27222	-0.28141	-0.17737	-0.27677	-0.41202	-1.1571	-2.4187	-2.8039	-3.1904	-2.8323	-2.6303	-2.2138	-2.8057	-3.0961	-3.1943	-4.2502	-4.6194	-5.1921	-4.9618	-5.2751	-5.2752	-0.36085	0.41025	0.98621	0.7904	0.9005	0.64747	0.39757	0.034443	25.6
954.27	-0.27553	-0.2426	-0.24035	-0.17895	-0.354	-0.62924	-1.3638	-2.6509	-2.9183	-3.1866	-2.6289	-2.6055	-2.3538	-3.5149	-3.6934	-3.4796	-3.9379	-3.5973	-3.3687	-3.2056	-3.3941	-3.8933	-0.15436	0.50911	1.0196	0.81308	0.91484	0.663	0.41435	0.031613	25.93
952.2	-0.29079	-0.24027	-0.22152	-0.22562	-0.48804	-0.96491	-1.8162	-2.8584	-2.9755	-3.094	-2.6633	-2.9453	-2.9407	-3.7781	-3.3384	-2.9705	-2.9881	-2.7232	-2.6946	-2.5905	-2.7709	-3.14	-0.0011168	0.60445	1.0367	0.84824	0.90433	0.65938	0.41759	0.017914	26.13
952.89	-0.30509	-0.2556	-0.23956	-0.30273	-0.61475	-1.2675	-2.1695	-3.0611	-3.1576	-3.2554	-3.1417	-3.2335	-3.0311	-3.2595	-2.8477	-2.5737	-2.6594	-2.3651	-2.3288	-2.2414	-2.4012	-2.7712	0.084586	0.66089	1.03	0.84948	0.90634	0.65052	0.39785	0.024482	26.44
956.34	-0.29889	-0.28161	-0.29814	-0.43992	-0.83698	-1.5442	-2.3676	-3.2315	-3.3798	-3.5294	-3.4005	-3.0808	-2.5173	-2.9005	-2.7608	-2.4253	-2.4978	-2.2295	-2.2823	-2.1494	-2.2507	-2.6205	0.13836	0.68587	1.0358	0.82861	0.92966	0.67339	0.42026	0.027981	26.79
950.13	-0.26819	-0.31657	-0.39752	-0.58387	-1.0745	-1.8535	-2.5571	-3.3229	-3.4494	-3.5753	-3.1847	-2.9062	-2.3955	-2.7507	-2.6216	-2.2972	-2.3162	-2.1612	-2.1783	-2.0151	-2.0706	-2.6029	0.14931	0.67729	1.0558	0.84881	0.91714	0.67101	0.42817	0.035963	27.08
945.99	-0.2701	-0.35679	-0.47754	-0.83291	-1.4473	-2.1808	-2.7305	-3.479	-3.4675	-3.455	-3.1083	-2.7621	-2.2016	-2.5539	-2.4781	-2.2393	-2.4061	-2.0735	-2.1591	-2.0469	-2.1582	-2.6085	0.13121	0.6833	1.0262	0.86749	0.90528	0.663	0.42388	0.024654	27.29
949.44	-0.32406	-0.43447	-0.58577	-1.0316	-1.8134	-2.5254	-2.9629	-3.3972	-3.3988	-3.3996	-2.9288	-2.4681	-1.8295	-2.3155	-2.2468	-2.2507	-2.4697	-2.2543	-2.327	-2.1998	-2.3116	-2.8081	0.14931	0.68396	1.031	0.86025	0.92393	0.66214	0.40367	0.013144	27.6
947.37	-0.37297	-0.53032	-0.73584	-1.1991	-2.0755	-2.7745	-3.06	-3.42	-3.3054	-3.1914	-2.5096	-2.2581	-1.8295	-2.0761	-1.9383	-2.2322	-2.2263	-2.0362	-2.0761	-1.9197	-1.9705	-2.6039	0.19486	0.70408	1.0663	0.849	0.93052	0.67453	0.42178	0.0071534	27.92
945.99	-0.47555	-0.67844	-0.94301	-1.4377	-2.2729	-2.9587	-3.1743	-3.3153	-3.1138	-2.9106	-2.2212	-1.9899	-1.6034	-1.8447	-1.8231	-2.2436	-2.3989	-2.0974	-2.2403	-2.1097	-2.2087	-2.5752	0.16218	0.69102	1.0491	0.85291	0.89572	0.64375	0.3948	-0.051373	28.15
943.93	-0.65517	-0.86549	-1.1584	-1.6544	-2.4912	-3.0741	-3.1571	-3.2477	-2.8745	-2.501	-1.8707	-1.759	-1.5025	-1.8412	-1.9271	-2.1787	-2.4788	-2.0699	-2.1199	-2.0063	-2.1115	-2.4439	0.20363	0.72544	1.0434	0.87054	0.89907	0.62689	0.3579	-0.12886	28.41
948.06	-0.87321	-1.1032	-1.4412	-1.8483	-2.5808	-3.0302	-2.9876	-3.005	-2.599	-2.1925	-1.7743	-1.7103	-1.5017	-1.905	-2.1119	-2.1445	-2.1265	-1.8997	-1.8581	-1.7517	-1.8362	-2.2332	0.26728	0.76653	1.0501	0.84548	0.89783	0.6146	0.33445	-0.20649	28.72
947.37	-1.0468	-1.3073	-1.6978	-2.0457	-2.6123	-2.9148	-2.8619	-2.7975	-2.3949	-1.992	-1.7323	-1.6569	-1.4408	-1.7986	-1.9967	-1.9663	-1.9821	-1.7499	-1.7824	-1.6854	-1.7723	-2.0936	0.29415	0.75766	1.0529	0.82728	0.88865	0.59935	0.31309	-0.27178	29.04
943.93	-1.1078	-1.4098	-1.8492	-2.2167	-2.6409	-2.7897	-2.6162	-2.5005	-2.1337	-1.7647	-1.5241	-1.4507	-1.2556	-1.6639	-1.7595	-1.6775	-1.529	-1.4875	-1.4622	-1.3567	-1.3979	-1.8477	0.3478	0.77807	1.051	0.83719	0.85949	0.56838	0.2803	-0.36947	29.26
939.79	-1.2661	-1.4976	-1.8825	-2.2272	-2.6819	-2.6342	-2.3867	-2.174	-1.8114	-1.4477	-1.1765	-1.0947	-0.92343	-1.6994	-1.6864	-1.6564	-1.8967	-1.562	-1.5835	-1.5122	-1.6056	-1.8635	0.35666	0.79809	1.032	0.84833	0.83856	0.52646	0.21728	-0.49145	29.5
944.62	-1.4673	-1.6216	-1.9499	-2.1772	-2.5818	-2.5034	-2.1657	-1.8561	-1.5092	-1.1612	-0.97022	-0.99258	-0.92517	-1.694	-1.7878	-1.4457	-1.4064	-1.3625	-1.4504	-1.3549	-1.4074	-1.6601	0.41659	0.82354	1.0138	0.81832	0.82183	0.49273	0.16637	-0.63007	29.82
941.17	-1.7981	-1.7904	-1.9902	-2.1141	-2.3844	-2.303	-1.9581	-1.5905	-1.3071	-1.0227	-0.98549	-1.0756	-1.0617	-1.5097	-1.426	-1.1762	-1.1876	-1.1613	-1.1959	-1.1101	-1.1434	-1.4401	0.4629	0.82659	1.0215	0.80612	0.78139	0.45099	0.12318	-0.79908	30.14
937.72	-2.3673	-1.9712	-1.8344	-1.9255	-2.1947	-2.0634	-1.7238	-1.3516	-1.1517	-0.95035	-0.92132	-0.96872	-0.92604	-1.2801	-1.2678	-0.98752	-1.1686	-1.0726	-1.09	-1.0111	-1.0415	-1.3264	0.49816	0.85024	0.99955	0.80021	0.7399	0.39382	0.05011	-0.99228	30.38
939.1	-2.8745	-2.1917	-1.8168	-1.7448	-1.9087	-1.7647	-1.5019	-1.2117	-1.0621	-0.9113	-0.86565	-0.8687	-0.79474	-1.1648	-1.1767	-0.8275	-0.98969	-0.99019	-0.90168	-0.86349	-0.91999	-1.1499	0.55037	0.8776	0.97478	0.77477	0.71763	0.3558	-0.0037316	-1.1347	30.7
941.17	-3.1147	-2.4828	-2.1881	-1.7281	-1.6961	-1.5652	-1.3343	-1.0642	-0.96865	-0.87195	-0.81074	-0.79378	-0.70814	-1.0292	-0.83349	-0.73621	-0.80782	-0.86546	-0.67729	-0.63237	-0.65605	-0.98719	0.59735	0.88341	0.96906	0.73933	0.70463	0.32931	-0.043761	-1.2188	31.1
938.41	-3.3207	-2.7024	-2.4455	-1.8167	-1.5617	-1.4154	-1.2238	-1.0137	-0.90058	-0.78754	-0.7755	-0.72659	-0.61788	-0.92991	-0.87759	-0.71672	-0.67044	-0.67646	-0.5691	-0.52313	-0.53341	-0.8894	0.62775	0.8939	0.97192	0.72465	0.68303	0.31082	-0.059072	-1.2972	31.46
933.58	-3.5485	-2.8979	-2.6346	-1.9307	-1.4978	-1.257	-1.0752	-0.91977	-0.83718	-0.75421	-0.75039	-0.69872	-0.58988	-0.92016	-0.73164	-0.65045	-0.61097	-0.65288	-0.57202	-0.51553	-0.51417	-0.86148	0.63966	0.89428	0.96811	0.73342	0.65196	0.2911	-0.067748	-1.3479	31.76
934.27	-3.5466	-2.9952	-2.8334	-1.9685	-1.4291	-1.194	-1.0067	-0.84324	-0.80285	-0.76233	-0.71907	-0.65864	-0.54545	-0.79162	-0.63477	-0.51351	-0.63994	-0.59846	-0.46238	-0.4557	-0.49959	-0.8001	0.66243	0.9246	0.94915	0.74495	0.65788	0.29139	-0.07302	-1.3297	32.1
935.65	-3.4332	-3.0202	-2.9875	-2.0448	-1.5054	-1.1739	-0.9981	-0.86704	-0.81067	-0.75421	-0.71725	-0.67706	-0.58058	-0.72159	-0.64087	-0.54494	-0.56748	-0.5552	-0.43365	-0.42185	-0.45661	-0.78051	0.67463	0.91192	0.95763	0.71751	0.67939	0.31502	-0.047079	-1.2408	32.51
932.89	-3.2015	-2.9074	-2.9726	-2.1299	-1.5807	-1.2159	-0.99905	-0.86114	-0.78788	-0.71429	-0.71181	-0.66933	-0.57154	-0.77743	-0.70061	-0.59093	-0.63703	-0.60218	-0.57987	-0.5188	-0.51293	-0.86693	0.64013	0.88341	0.95858	0.71855	0.67566	0.33179	-0.0098581	-1.1357	32.86
930.83	-2.8602	-2.711	-2.8868	-2.25	-1.6923	-1.3257	-1.0381	-0.86951	-0.81191	-0.75421	-0.67944	-0.6698	-0.60188	-0.88443	-0.83564	-0.71031	-0.77867	-0.72894	-0.7229	-0.66463	-0.67787	-0.99274	0.61317	0.87979	0.94391	0.73151	0.66983	0.3335	-0.00070913	-1.0305	33.15
932.89	-2.4426	-2.3898	-2.6163	-2.1097	-1.7152	-1.3295	-1.0971	-0.93805	-0.85996	-0.78171	-0.7077	-0.74291	-0.70927	-0.92459	-0.88361	-0.78519	-0.91886	-0.86351	-0.83984	-0.80206	-0.85224	-1.1	0.58687	0.87436	0.94076	0.74304	0.70186	0.36504	0.030547	-0.90375	33.5
934.96	-2.0508	-1.9661	-2.1137	-1.7509	-1.6389	-1.4192	-1.1419	-0.99659	-0.91774	-0.83834	-0.78219	-0.87786	-0.88691	-0.99728	-0.95581	-0.86963	-0.91977	-0.88824	-0.86976	-0.81126	-0.84081	-1.1184	0.55561	0.8387	0.95077	0.71074	0.72251	0.39506	0.070027	-0.78684	33.91
928.76	-1.7914	-1.7301	-1.8729	-1.5886	-1.5378	-1.4354	-1.1914	-1.0594	-0.9839	-0.90681	-0.8858	-0.99449	-1.0043	-1.1693	-1.1355	-1.0463	-1.1341	-1.0398	-1.1083	-1.0102	-1.0196	-1.3126	0.48968	0.80228	0.95477	0.73904	0.71973	0.40964	0.10192	-0.71027	34.19
926	-1.6055	-1.5536	-1.6838	-1.4658	-1.4167	-1.3514	-1.1143	-1.1375	-1.063	-0.98836	-1.0963	-1.1911	-1.1721	-1.4263	-1.4346	-1.2324	-1.4064	-1.2632	-1.36	-1.2692	-1.3159	-1.5473	0.41993	0.78741	0.94105	0.76496	0.73981	0.43327	0.12909	-0.64469	34.48
928.07	-1.4701	-1.4261	-1.5498	-1.322	-1.3719	-1.3467	-1.1552	-1.0851	-1.0955	-1.1068	-1.2643	-1.4459	-1.4834	-1.5921	-1.622	-1.451	-1.6053	-1.4875	-1.5616	-1.4601	-1.517	-1.7784	0.36399	0.7527	0.94962	0.76019	0.78235	0.46957	0.15941	-0.58303	34.84
930.14	-1.2775	-1.253	-1.3747	-1.1702	-1.1698	-1.2197	-1.161	-1.1565	-1.2213	-1.2863	-1.5193	-1.6502	-1.6234	-1.8536	-1.8291	-1.7161	-1.7941	-1.6612	-1.734	-1.5926	-1.6227	-1.9577	0.26737	0.68787	0.94943	0.75457	0.79946	0.49673	0.19659	-0.50637	35.21
925.31	-1.1136	-1.1092	-1.2337	-1.0158	-0.94453	-1.0603	-1.1552	-1.2003	-1.3824	-1.5661	-1.8707	-1.9804	-1.906	-2.1275	-2.0234	-1.9338	-2.0202	-1.8341	-2.0068	-1.8401	-1.8724	-2.2452	0.17533	0.64497	0.9662	0.78297	0.8203	0.53408	0.25055	-0.42559	35.49
923.24	-0.98581	-0.97572	-1.0787	-0.95441	-0.9348	-1.025	-1.1762	-1.4287	-1.6789	-1.929	-2.2699	-2.2829	-2.0938	-2.28	-2.1918	-2.0707	-2.1582	-1.9369	-2.088	-1.9391	-2.001	-2.4208	0.11387	0.61503	0.95953	0.81384	0.85347	0.56629	0.28201	-0.36355	35.79
928.76	-0.8469	-0.85972	-0.97015	-0.91142	-1.0201	-1.1567	-1.3524	-1.76	-2.0384	-2.3186	-2.5774	-2.5149	-2.2347	-2.4139	-2.3044	-2.1611	-2.2509	-2.0743	-2.2075	-2.0443	-2.103	-2.5613	0.065538	0.58996	0.97859	0.81308	0.90089	0.61469	0.33159	-0.27541	36.15
926.69	-0.78855	-0.79255	-0.88697	-0.82607	-1.0335	-1.2617	-1.6667	-1.9494	-2.2901	-2.6309	-2.7368	-2.6456	-2.3286	-2.6231	-2.4144	-2.2814	-2.3453	-2.1506	-2.3479	-2.1433	-2.1678	-2.688	-0.011425	0.54563	1.0043	0.81756	0.93062	0.65166	0.37592	-0.21308	36.45
923.93	-0.70999	-0.66432	-0.6988	-0.74054	-1.1298	-1.4011	-1.7505	-2.2131	-2.5932	-2.9746	-2.9412	-2.7573	-2.3451	-2.5903	-2.4119	-2.2963	-2.4025	-2.202	-2.399	-2.206	-2.2497	-2.7952	-0.054914	0.52847	1.0072	0.87187	0.94782	0.67701	0.40948	-0.17121	36.69
926	-0.64955	-0.60946	-0.64277	-0.75116	-1.166	-1.6005	-1.9886	-2.5529	-2.8993	-3.2468	-3.0424	-2.8298	-2.3851	-2.592	-2.3955	-2.2173	-2.3071	-2.1178	-2.2731	-2.1282	-2.2135	-2.7434	-0.046719	0.55716	1.0167	0.90722	0.99323	0.71065	0.4317	-0.11844	36.92
928.76	-0.52198	-0.54194	-0.62263	-0.72335	-1.2585	-1.8105	-2.3038	-2.9279	-3.1338	-3.3404	-3.0233	-2.8165	-2.379	-2.4803	-2.2786	-2.1251	-2.1682	-2.147	-2.2339	-2.0929	-2.1782	-2.7314	-0.05317	0.5686	1.0339	0.89112	1.0229	0.73666	0.4541	-0.071362	37.23
927.38	-0.41797	-0.4876	-0.60757	-0.76958	-1.3414	-2.0386	-2.6076	-3.222	-3.314	-3.4063	-2.9555	-2.7411	-2.3034	-2.4245	-2.1557	-2.0418	-2.0665	-2.0034	-2.1664	-1.9824	-2.0115	-2.614	-0.055428	0.55278	1.0548	0.88588	1.0334	0.75171	0.47384	-0.030218	37.45
921.17	-0.405	-0.5261	-0.69793	-0.89125	-1.4406	-2.1608	-2.7067	-3.3686	-3.4313	-3.4941	-2.9517	-2.6924	-2.2181	-2.4165	-2.1265	-1.9707	-2.0284	-1.8642	-2.0104	-1.8534	-1.8972	-2.5475	-0.058782	0.55249	1.0529	0.93047	1.0296	0.75219	0.4787	-0.026097	37.6
924.62	-0.45992	-0.57889	-0.75484	-0.99125	-1.6446	-2.2639	-2.7248	-3.242	-3.3226	-3.4034	-2.8954	-2.6704	-2.2294	-2.4998	-2.1549	-1.8715	-1.9412	-1.8811	-1.9812	-1.8348	-1.8867	-2.5438	-0.046042	0.55373	1.0358	0.93009	1.0382	0.7521	0.46926	-0.035877	37.77
926	-0.51378	-0.66268	-0.87559	-1.2018	-1.7781	-2.5254	-2.7352	-3.124	-3.1777	-3.2306	-2.8094	-2.6275	-2.2294	-2.3855	-2.2382	-1.9276	-1.9939	-1.9369	-2.0086	-1.8489	-1.8886	-2.6233	-0.050378	0.53724	1.0586	0.91942	1.0573	0.76963	0.48537	-0.046297	37.93
922.55	-0.6015	-0.79668	-1.0673	-1.3579	-2.0755	-2.6437	-2.7419	-2.9622	-3.048	-3.1351	-2.7779	-2.5645	-2.1434	-2.5114	-2.3732	-2.076	-2.161	-2.0203	-2.192	-1.9974	-2.0182	-2.7675	-0.12063	0.49443	1.0367	0.91256	1.0248	0.74886	0.47641	-0.090395	38.06
919.79	-0.75576	-0.92922	-1.1952	-1.5413	-2.2414	-2.679	-2.781	-2.9146	-2.9212	-2.9278	-2.6452	-2.6084	-2.3434	-2.5575	-2.4428	-2.2823	-2.2999	-2.0504	-2.2366	-2.0637	-2.1144	-2.8035	-0.14388	0.48842	1.0243	0.92761	1.0229	0.73399	0.44848	-0.16012	38.13
924.62	-0.90353	-1.1058	-1.4193	-1.7404	-2.312	-2.7678	-2.8781	-2.9403	-2.8878	-2.8352	-2.5354	-2.5779	-2.3886	-2.4449	-2.4978	-2.212	-2.2145	-2.0486	-2.0916	-1.9294	-1.9753	-2.675	-0.11739	0.5074	1.0196	0.91151	1.0305	0.71865	0.41082	-0.2149	38.28
924.62	-1.0268	-1.2427	-1.5831	-1.8957	-2.5017	-2.7201	-2.8314	-2.9879	-2.905	-2.8209	-2.5038	-2.4605	-2.2025	-2.4981	-2.313	-2.0505	-2.1001	-1.9884	-2.0615	-1.894	-1.9315	-2.6011	-0.10348	0.49586	1.0291	0.8754	1.0133	0.6914	0.37306	-0.28831	38.42
919.79	-1.1813	-1.3796	-1.7214	-2.015	-2.5017	-2.785	-2.8076	-2.8736	-2.7782	-2.6815	-2.5229	-2.4395	-2.1477	-2.4334	-2.1506	-1.9469	-1.9667	-1.7685	-1.8982	-1.7482	-1.7857	-2.4227	-0.090646	0.50244	1.0186	0.87768	0.97698	0.66214	0.35018	-0.38898	38.5
919.1	-1.3576	-1.532	-1.8685	-2.115	-2.5008	-2.7162	-2.7495	-2.8003	-2.6581	-2.5143	-2.4418	-2.3717	-2.0982	-2.2747	-2.0801	-1.8899	-1.845	-1.6116	-1.7067	-1.5926	-1.6513	-2.248	-0.039658	0.53381	0.99003	0.88178	0.95385	0.6185	0.2863	-0.50866	38.55
922.55	-1.5922	-1.6655	-1.9254	-2.1746	-2.5322	-2.6494	-2.6533	-2.6757	-2.5131	-2.3511	-2.2116	-2.198	-1.9912	-2.1231	-2.056	-1.9048	-1.9185	-1.6542	-1.7003	-1.6068	-1.6885	-2.2221	-0.049825	0.52665	0.96811	0.85443	0.92268	0.57467	0.22967	-0.61238	38.67
922.55	-1.8	-1.7611	-1.928	-2.1404	-2.6276	-2.7287	-2.6952	-2.5852	-2.4407	-2.2947	-2.0541	-2.0739	-1.9086	-2.1399	-2.0981	-1.9434	-1.9521	-1.6506	-1.7322	-1.6333	-1.7123	-2.1629	-0.043927	0.52332	0.96716	0.82966	0.90949	0.54999	0.19354	-0.72738	38.79
917.03	-1.8191	-1.7534	-1.8948	-2.0509	-2.5494	-2.8384	-2.719	-2.5709	-2.3482	-2.1247	-1.9452	-2.0291	-1.9269	-2.1745	-2.0311	-1.8583	-2.052	-1.6754	-1.7906	-1.681	-1.7533	-2.1861	-0.037514	0.53485	0.97764	0.85548	0.89219	0.52913	0.16904	-0.81332	38.86
918.41	-1.9192	-1.7654	-1.8273	-2.0106	-2.4226	-2.6342	-2.6229	-2.5224	-2.2805	-2.0388	-1.8621	-1.9174	-1.7982	-2.0486	-1.9924	-1.7688	-1.8523	-1.5744	-1.6437	-1.5608	-1.6494	-2.0613	0.026261	0.58424	0.97097	0.86796	0.88741	0.51159	0.13872	-0.90375	38.97
921.86	-2.2662	-1.8998	-1.7809	-1.9027	-2.251	-2.3822	-2.3838	-2.4244	-2.2233	-2.0206	-1.8134	-1.8506	-1.7199	-1.9219	-1.8712	-1.7345	-1.7251	-1.5274	-1.5945	-1.4875	-1.5408	-1.9947	0.051988	0.59682	0.97669	0.82728	0.89238	0.50607	0.1227	-0.97316	39.14
919.79	-2.4702	-1.9489	-1.6951	-1.7649	-2.0498	-2.2658	-2.2914	-2.3292	-2.0946	-1.8593	-1.8593	-1.8458	-1.6695	-1.8687	-1.7827	-1.6722	-1.6915	-1.5026	-1.6218	-1.4954	-1.5303	-1.9975	0.062479	0.58834	0.99193	0.82728	0.88693	0.51235	0.14082	-1.0028	39.25
914.97	-2.4912	-1.9411	-1.6584	-1.5413	-1.8667	-2.1102	-2.2133	-2.2159	-2.0012	-1.7848	-1.7886	-1.8439	-1.7312	-1.8492	-1.6984	-1.6371	-1.7442	-1.5097	-1.6583	-1.5264	-1.5589	-2.0326	0.067987	0.57785	0.99955	0.85319	0.87422	0.50759	0.14377	-0.97698	39.31
915.66	-2.4035	-1.9067	-1.6706	-1.5	-1.7171	-2.0816	-2.1305	-2.1559	-1.9516	-1.7475	-1.7103	-1.717	-1.5704	-1.8563	-1.7681	-1.6529	-1.7587	-1.5894	-1.672	-1.5529	-1.6008	-2.0733	0.082042	0.60741	0.98431	0.86282	0.87718	0.50359	0.13281	-0.93406	39.39
917.72	-2.312	-1.9368	-1.8151	-1.6272	-1.6265	-1.8334	-2.16	-2.115	-1.9239	-1.7332	-1.6912	-1.6969	-1.553	-1.804	-1.7509	-1.6827	-1.7052	-1.5549	-1.6346	-1.5157	-1.5608	-2.0298	0.097478	0.60531	0.98812	0.83518	0.88588	0.51397	0.14492	-0.91656	39.52
916.35	-2.189	-1.9635	-1.9832	-1.7492	-1.6932	-1.7723	-2.0267	-2.1217	-1.9087	-1.695	-1.6893	-1.6435	-1.4573	-1.788	-1.689	-1.6301	-1.7006	-1.523	-1.6182	-1.4972	-1.5379	-1.991	0.088712	0.60388	1.0015	0.845	0.88942	0.52474	0.16303	-0.84726	39.62
913.59	-2.1203	-1.849	-1.8116	-1.6185	-1.6837	-1.864	-1.9914	-2.0132	-1.8334	-1.653	-1.7265	-1.7027	-1.5304	-1.804	-1.7122	-1.5721	-1.7315	-1.5256	-1.6036	-1.5051	-1.5694	-2.0086	0.09643	0.61484	0.98717	0.86415	0.88339	0.53017	0.17991	-0.79717	39.67
917.72	-2.1633	-1.805	-1.6838	-1.5518	-1.7571	-1.8725	-1.8819	-1.7752	-1.7171	-1.6597	-1.6979	-1.7246	-1.5964	-1.733	-1.6632	-1.5546	-1.6788	-1.538	-1.5616	-1.461	-1.5189	-1.9873	0.10634	0.61599	0.97954	0.83604	0.90653	0.54666	0.18982	-0.7249	39.76
917.03	-1.9535	-1.6233	-1.5078	-1.5693	-1.738	-1.8869	-1.8838	-1.7466	-1.6904	-1.6349	-1.696	-1.6893	-1.5338	-1.6639	-1.5901	-1.523	-1.6425	-1.5105	-1.5626	-1.4592	-1.5141	-1.9744	0.085643	0.59654	0.99288	0.82947	0.91685	0.57401	0.23425	-0.68073	39.88
912.21	-1.6589	-1.4123	-1.3484	-1.3272	-1.7399	-1.8267	-1.7457	-1.7857	-1.7113	-1.6368	-1.7294	-1.6626	-1.4538	-1.6967	-1.6538	-1.5888	-1.6543	-1.4724	-1.5717	-1.4406	-1.4646	-1.9587	0.054046	0.56889	0.98717	0.83623	0.90003	0.57286	0.24874	-0.5989	39.92
911.52	-1.4301	-1.2763	-1.2819	-1.3746	-1.7275	-1.7132	-1.6895	-1.7866	-1.7523	-1.7179	-1.7007	-1.6931	-1.5356	-1.7942	-1.7509	-1.6467	-1.766	-1.5495	-1.6155	-1.5069	-1.5617	-2.0391	0.027214	0.56937	0.96525	0.85891	0.91714	0.58925	0.26457	-0.54556	39.95
914.28	-1.3729	-1.1772	-1.133	-1.4851	-1.6818	-1.6654	-1.6705	-1.7352	-1.7333	-1.7323	-1.7093	-1.738	-1.6104	-1.8509	-1.7964	-1.6696	-1.786	-1.6187	-1.6355	-1.5431	-1.6199	-2.1093	0.022659	0.56002	0.96525	0.85939	0.93138	0.60802	0.28792	-0.47138	40.02
914.97	-1.2823	-1.1083	-1.0752	-1.3711	-1.6084	-1.6483	-1.6486	-1.7314	-1.7857	-1.8392	-1.8144	-1.8439	-1.7077	-1.9086	-1.8076	-1.6792	-1.7769	-1.6311	-1.6857	-1.5679	-1.6189	-2.1352	-0.021992	0.53543	0.97383	0.83376	0.9374	0.62413	0.31414	-0.40245	40.13
912.21	-0.9553	-1.0076	-1.1724	-1.3448	-1.6341	-1.6883	-1.721	-1.7543	-1.8219	-1.8898	-1.7896	-1.8439	-1.7295	-1.9813	-1.8471	-1.7424	-1.8432	-1.702	-1.7641	-1.628	-1.6685	-2.15	-0.045175	0.50673	0.96906	0.84852	0.9418	0.6389	0.33912	-0.34663	40.16
907.38	-0.90019	-1.0128	-1.2328	-1.457	-1.6503	-1.759	-1.76	-1.72	-1.8219	-1.9242	-1.8201	-1.8687	-1.7477	-1.9954	-1.891	-1.7942	-1.875	-1.6674	-1.766	-1.6572	-1.7275	-2.224	-0.054428	0.52055	0.97478	0.88378	0.9548	0.649	0.34656	-0.32407	40.13
912.9	-0.96388	-1.0946	-1.3405	-1.4834	-1.6694	-1.8038	-1.8314	-1.8009	-1.8219	-1.8421	-1.8698	-1.9126	-1.7825	-2.0167	-1.8815	-1.803	-1.865	-1.6994	-1.8034	-1.6722	-1.7218	-2.2276	-0.0839	0.50549	0.9805	0.85319	0.97316	0.66319	0.356	-0.31078	40.25
912.21	-1.0468	-1.16	-1.3974	-1.5149	-1.7047	-1.8229	-1.859	-1.8475	-1.842	-1.8363	-1.8488	-1.9069	-1.7921	-2.0947	-1.9262	-1.8864	-1.9104	-1.7419	-1.8991	-1.7341	-1.7552	-2.272	-0.11758	0.47088	0.98431	0.86044	0.99323	0.68387	0.37831	-0.32741	40.29
907.38	-1.084	-1.1936	-1.4307	-1.5351	-1.7419	-1.8754	-1.8924	-1.8399	-1.8391	-1.8383	-1.8679	-1.9174	-1.793	-2.0637	-1.9357	-1.8636	-1.9267	-1.6967	-1.8472	-1.7111	-1.759	-2.2591	-0.11968	0.4766	0.9986	0.88997	0.98367	0.68673	0.39347	-0.33783	40.24
907.38	-1.1498	-1.2375	-1.4605	-1.5632	-1.78	-1.8649	-1.9314	-1.879	-1.8553	-1.8316	-1.887	-1.9269	-1.7938	-2.0584	-1.8833	-1.7731	-1.8259	-1.6214	-1.7359	-1.613	-1.6637	-2.1796	-0.10691	0.50768	0.9986	0.90131	0.99897	0.68682	0.3785	-0.3623	40.23
912.21	-1.2413	-1.3081	-1.52	-1.572	-1.8477	-1.946	-1.9133	-1.9313	-1.8763	-1.822	-1.9089	-1.9346	-1.7877	-2.0034	-1.8274	-1.7372	-1.796	-1.6276	-1.7194	-1.6015	-1.657	-2.1352	-0.086196	0.51178	1.0091	0.89874	1.0439	0.71274	0.38517	-0.38859	40.3
908.76	-1.3319	-1.39	-1.6023	-1.6807	-1.9211	-1.9957	-1.9724	-1.9199	-1.883	-1.8449	-1.8659	-1.8945	-1.7538	-1.9591	-1.7973	-1.7468	-1.8359	-1.6329	-1.7103	-1.5944	-1.6504	-2.1472	-0.088026	0.50864	1.0291	0.91894	1.0152	0.69845	0.38508	-0.42521	40.26
906	-1.4225	-1.4425	-1.6277	-1.7623	-1.9535	-1.9995	-1.9762	-1.9056	-1.8553	-1.8058	-1.7771	-1.8153	-1.6903	-1.9759	-1.8875	-1.7512	-1.8768	-1.6355	-1.7559	-1.6315	-1.6837	-2.1583	-0.09805	0.52789	1.0243	0.93009	1.0047	0.67815	0.35476	-0.4731	40.22
910.14	-1.4596	-1.4399	-1.5874	-1.7071	-1.9964	-1.9689	-1.9029	-1.8485	-1.7914	-1.7351	-1.7208	-1.7504	-1.6217	-1.8891	-1.8119	-1.6309	-1.7842	-1.5806	-1.5908	-1.5149	-1.6046	-2.0391	-0.03781	0.56002	1.0167	0.93867	1.0219	0.67949	0.34074	-0.51746	40.23
909.45	-1.5474	-1.4881	-1.6041	-1.6772	-1.9306	-1.9518	-1.8895	-1.8428	-1.7828	-1.7218	-1.7084	-1.7084	-1.5582	-1.819	-1.7096	-1.5739	-1.6343	-1.4662	-1.5078	-1.4212	-1.4893	-1.9337	-0.012387	0.57633	1.0415	0.9097	1.0248	0.67691	0.33235	-0.54967	40.27
906	-1.657	-1.5613	-1.6522	-1.6193	-1.8172	-1.8687	-1.8276	-1.7838	-1.7323	-1.6816	-1.6291	-1.6483	-1.5199	-1.7623	-1.6065	-1.5388	-1.5735	-1.4068	-1.5206	-1.4123	-1.4569	-1.9004	0.0033341	0.57204	1.0434	0.92104	0.99514	0.65509	0.31882	-0.61248	40.25
903.93	-1.6904	-1.5975	-1.6951	-1.6088	-1.7438	-1.7771	-1.721	-1.6791	-1.6456	-1.611	-1.5699	-1.5748	-1.4391	-1.6887	-1.5291	-1.4115	-1.4936	-1.2969	-1.3929	-1.3072	-1.3635	-1.8025	0.062803	0.61618	1.0377	0.9258	0.9808	0.63213	0.2864	-0.66916	40.21
902.56	-1.7152	-1.6139	-1.7074	-1.6342	-1.6818	-1.6721	-1.6448	-1.5915	-1.5588	-1.525	-1.4773	-1.5013	-1.3904	-1.5487	-1.4217	-1.3026	-1.3502	-1.2029	-1.2442	-1.1764	-1.2368	-1.7063	0.13235	0.65555	1.0481	0.92771	0.98654	0.62222	0.26171	-0.71983	40.23
906	-1.8667	-1.65	-1.64	-1.6316	-1.5979	-1.5643	-1.5695	-1.5182	-1.4635	-1.4076	-1.4162	-1.4211	-1.2999	-1.4494	-1.3125	-1.2333	-1.2548	-1.1568	-1.2041	-1.1118	-1.1396	-1.6333	0.15274	0.66547	1.0539	0.90169	0.97316	0.60393	0.23787	-0.76973	40.28
903.93	-1.9592	-1.7258	-1.7091	-1.5834	-1.5769	-1.5299	-1.4876	-1.4468	-1.3843	-1.3216	-1.3121	-1.319	-1.2095	-1.3572	-1.212	-1.1692	-1.233	-1.0744	-1.1375	-1.0509	-1.0777	-1.5492	0.18257	0.67481	1.0567	0.90617	0.94983	0.58906	0.23139	-0.82986	40.26
899.11	-2.0889	-1.7758	-1.6934	-1.5878	-1.5884	-1.5395	-1.4486	-1.3659	-1.3061	-1.2462	-1.2166	-1.2178	-1.1112	-1.2987	-1.1483	-1.092	-1.1931	-1.0044	-1.059	-0.99871	-1.0472	-1.503	0.20772	0.71056	1.0453	0.90541	0.93043	0.55933	0.19144	-0.89496	40.23
904.62	-2.2309	-1.8645	-1.7424	-1.5562	-1.5216	-1.5299	-1.3933	-1.3459	-1.2785	-1.2099	-1.1364	-1.1682	-1.0939	-1.2295	-1.1337	-1.027	-1.0986	-1.0106	-1.0043	-0.94215	-0.9824	-1.4226	0.26147	0.72687	1.0339	0.87501	0.94629	0.55495	0.16675	-0.91828	40.31
903.25	-2.3015	-1.8946	-1.738	-1.5535	-1.5149	-1.4602	-1.3086	-1.2812	-1.2146	-1.1488	-1.1469	-1.1577	-1.0643	-1.1719	-1.1243	-1.0437	-1.0814	-1.0088	-1.0152	-0.94038	-0.96716	-1.4253	0.27528	0.71752	1.0443	0.87492	0.93004	0.55323	0.17952	-0.92316	40.31
898.42	-2.3701	-2.0066	-1.9035	-1.6632	-1.5807	-1.4307	-1.2733	-1.2346	-1.1822	-1.1287	-1.1221	-1.1491	-1.0721	-1.1613	-1.1079	-1.0182	-1.1068	-0.97334	-1.0399	-0.95983	-0.9824	-1.4355	0.27595	0.73316	1.051	0.88378	0.91064	0.53856	0.16942	-0.91523	40.29
899.11	-2.3444	-2.0427	-2.0016	-1.736	-1.6246	-1.2885	-1.1857	-1.1784	-1.1374	-1.0972	-1.103	-1.1396	-1.073	-1.1551	-1.1062	-0.98489	-1.0514	-0.94143	-0.98241	-0.92624	-0.97002	-1.3948	0.29767	0.75633	1.0329	0.88931	0.90892	0.53322	0.16055	-0.88846	40.3
901.18	-2.2653	-2.0307	-2.0497	-1.7281	-1.5807	-1.2264	-1.1619	-1.1584	-1.1364	-1.1154	-1.0858	-1.1281	-1.066	-1.1294	-1.0976	-0.98752	-1.0442	-0.95384	-0.9514	-0.90415	-0.95572	-1.3588	0.32283	0.75661	1.0367	0.87711	0.92651	0.55095	0.17838	-0.85003	40.36
899.8	-2.0174	-1.9015	-2.0147	-1.7009	-1.5435	-1.3066	-1.241	-1.147	-1.1374	-1.1268	-1.1135	-1.1548	-1.0904	-1.1586	-1.1234	-1.027	-1.0778	-0.98664	-1.0207	-0.94657	-0.97478	-1.4096	0.30739	0.73316	1.0539	0.8733	0.91446	0.56486	0.21823	-0.77786	40.37
897.73	-1.903	-1.7181	-1.7459	-1.4711	-1.3462	-1.2904	-1.1333	-1.1118	-1.1183	-1.1259	-1.1268	-1.1644	-1.0965	-1.1967	-1.1475	-1.0551	-1.1259	-0.98132	-1.0545	-0.97308	-0.9967	-1.4457	0.29377	0.72887	1.0415	0.87949	0.90586	0.56314	0.22348	-0.72432	40.37
897.73	-1.697	-1.5346	-1.562	-1.3334	-1.207	-1.1701	-1.0905	-1.1022	-1.126	-1.1497	-1.1717	-1.2159	-1.1486	-1.2402	-1.175	-1.0665	-1.164	-1.0416	-1.0882	-1.0146	-1.051	-1.491	0.27928	0.7221	1.0262	0.88264	0.93014	0.58201	0.23692	-0.66008	40.41
899.8	-1.6437	-1.4399	-1.4193	-1.2	-1.207	-1.1701	-1.119	-1.1536	-1.1889	-1.2242	-1.2357	-1.2846	-1.2147	-1.2845	-1.2266	-1.1473	-1.1958	-1.1276	-1.1503	-1.0677	-1.1015	-1.5473	0.25289	0.7058	1.0377	0.86453	0.94037	0.59907	0.26085	-0.58992	40.47
894.28	-1.5016	-1.3331	-1.3326	-1.1562	-1.1736	-1.2331	-1.1762	-1.2193	-1.2585	-1.2987	-1.3398	-1.3658	-1.2678	-1.3785	-1.2781	-1.2307	-1.3002	-1.1604	-1.2716	-1.1587	-1.1711	-1.6361	0.21039	0.67872	1.0443	0.86158	0.92698	0.59954	0.27524	-0.54776	40.46
892.9	-1.4492	-1.2926	-1.2967	-1.1956	-1.2118	-1.2064	-1.2314	-1.2241	-1.2747	-1.3255	-1.4143	-1.4431	-1.3408	-1.4512	-1.3538	-1.2737	-1.3974	-1.2304	-1.3299	-1.2426	-1.2911	-1.7387	0.18324	0.66509	1.0167	0.88626	0.9419	0.61431	0.28993	-0.5012	40.48
893.59	-1.3405	-1.191	-1.1899	-1.1553	-1.2022	-1.2131	-1.2714	-1.2955	-1.3719	-1.4486	-1.4553	-1.5013	-1.4104	-1.5105	-1.4114	-1.35	-1.4419	-1.2925	-1.36	-1.2753	-1.3283	-1.7812	0.17161	0.66604	1.0224	0.88845	0.95346	0.62984	0.30957	-0.45465	40.48
894.97	-1.1612	-1.0773	-1.1234	-1.0527	-1.1813	-1.2445	-1.3286	-1.3821	-1.4473	-1.5117	-1.5336	-1.5834	-1.4877	-1.6081	-1.4664	-1.4194	-1.48	-1.3678	-1.4348	-1.3284	-1.3655	-1.8348	0.13721	0.64059	1.0215	0.86949	0.9722	0.64814	0.32749	-0.3885	40.55
892.9	-1.0335	-0.99036	-1.0656	-1.0465	-1.2146	-1.3677	-1.3933	-1.4516	-1.5169	-1.5814	-1.6282	-1.6788	-1.5773	-1.6923	-1.5326	-1.5028	-1.5626	-1.4228	-1.5261	-1.4044	-1.4331	-1.918	0.096335	0.60159	1.031	0.88712	0.97411	0.66605	0.36153	-0.33621	40.55
890.14	-0.96674	-0.95764	-1.0595	-1.0456	-1.3424	-1.444	-1.501	-1.541	-1.596	-1.6511	-1.6883	-1.7332	-1.6217	-1.7339	-1.5764	-1.5265	-1.6253	-1.4299	-1.5489	-1.4433	-1.4941	-1.9873	0.066843	0.59921	1.0243	0.90608	0.98367	0.67758	0.37468	-0.30265	40.51
893.59	-0.94672	-0.9585	-1.0787	-1.1141	-1.4234	-1.4774	-1.5762	-1.6496	-1.6665	-1.6836	-1.7208	-1.7647	-1.6495	-1.7366	-1.5936	-1.5379	-1.608	-1.484	-1.5553	-1.4574	-1.5189	-2.0021	0.055914	0.60026	1.0224	0.89722	0.99706	0.68644	0.37878	-0.25811	40.54
892.9	-0.84986	-0.95936	-1.1698	-1.2684	-1.4387	-1.5538	-1.6352	-1.6743	-1.678	-1.6826	-1.7122	-1.7704	-1.6669	-1.7508	-1.6065	-1.5835	-1.638	-1.5035	-1.6054	-1.4822	-1.5189	-2.0197	0.039201	0.58109	1.0367	0.89798	1.0171	0.71026	0.4071	-0.2104	40.55
889.46	-0.91898	-1.0455	-1.2819	-1.4237	-1.5912	-1.6874	-1.6943	-1.6933	-1.6875	-1.6807	-1.7007	-1.7676	-1.6721	-1.7738	-1.6228	-1.5993	-1.6643	-1.4831	-1.6155	-1.4972	-1.5408	-2.0613	0.021754	0.57814	1.0434	0.91951	1.0037	0.71531	0.43017	-0.19253	40.52
888.08	-0.92393	-1.055	-1.2959	-1.4904	-1.6961	-1.8019	-1.8019	-1.7723	-1.7371	-1.7027	-1.6711	-1.7418	-1.6521	-1.741	-1.6159	-1.5555	-1.6452	-1.4574	-1.568	-1.468	-1.5284	-2.0271	0.030978	0.60645	1.0462	0.94762	1.0248	0.72056	0.41949	-0.20629	40.5
890.83	-0.85548	-1.0773	-1.4044	-1.5369	-1.7952	-1.8535	-1.879	-1.8666	-1.8086	-1.7514	-1.6931	-1.7361	-1.6225	-1.6754	-1.554	-1.4879	-1.569	-1.4423	-1.5023	-1.4062	-1.4636	-1.9725	0.046929	0.61599	1.0596	0.94076	1.0458	0.73504	0.42798	-0.20897	40.53
890.14	-0.79265	-1.0946	-1.4973	-1.6255	-1.8486	-1.8907	-1.901	-1.8989	-1.8172	-1.7342	-1.6941	-1.7103	-1.5747	-1.6249	-1.4896	-1.4659	-1.5072	-1.3926	-1.4896	-1.3726	-1.4026	-1.9198	0.059945	0.61284	1.0767	0.93686	1.0439	0.73513	0.42969	-0.25705	40.55
886.7	-0.99058	-1.1772	-1.4832	-1.6842	-1.9259	-1.9413	-1.8533	-1.7999	-1.7428	-1.6864	-1.6091	-1.6301	-1.5051	-1.5886	-1.4466	-1.4229	-1.4927	-1.3297	-1.454	-1.3443	-1.3788	-1.8921	0.068635	0.624	1.0863	0.94829	1.0362	0.72589	0.41949	-0.31929	40.52
886.01	-1.1822	-1.2625	-1.4815	-1.6772	-2.0422	-2.0596	-1.8943	-1.7657	-1.6856	-1.6062	-1.5317	-1.5614	-1.4495	-1.5398	-1.4071	-1.3553	-1.4409	-1.2685	-1.3847	-1.2895	-1.334	-1.833	0.10405	0.65489	1.0796	0.9643	1.0439	0.71408	0.38784	-0.40408	40.48
888.08	-1.494	-1.4123	-1.4999	-1.5185	-1.9649	-2.1493	-1.9181	-1.7685	-1.6532	-1.5374	-1.4725	-1.4898	-1.3738	-1.4458	-1.3271	-1.2921	-1.3629	-1.2384	-1.3071	-1.2197	-1.2645	-1.7636	0.14131	0.67462	1.0882	0.95667	1.0429	0.70626	0.37316	-0.49681	40.54
887.39	-2.0612	-1.6853	-1.5332	-1.5781	-1.8925	-2.0711	-1.9524	-1.7961	-1.6303	-1.4649	-1.4038	-1.4135	-1.2973	-1.3971	-1.2584	-1.25	-1.2966	-1.1701	-1.2551	-1.1507	-1.1701	-1.7026	0.15675	0.69321	1.1025	0.94638	1.0324	0.6994	0.36944	-0.58332	40.55
883.25	-2.4826	-1.9799	-1.7459	-1.636	-1.9106	-1.9823	-1.881	-1.7819	-1.6065	-1.4305	-1.3722	-1.3591	-1.2278	-1.3439	-1.2257	-1.1727	-1.2575	-1.1249	-1.1949	-1.1189	-1.1654	-1.6666	0.19524	0.718	1.0891	0.97573	1.0305	0.68149	0.33569	-0.66419	40.5
886.01	-2.3787	-1.9006	-1.6811	-1.5702	-1.8677	-1.9079	-1.8076	-1.7048	-1.5721	-1.4391	-1.3541	-1.3324	-1.1947	-1.2756	-1.1801	-1.1095	-1.184	-1.0859	-1.0827	-1.0305	-1.091	-1.5908	0.24003	0.74298	1.0939	0.96525	1.0343	0.67348	0.31643	-0.69536	40.53
886.7	-2.3358	-1.8929	-1.7048	-1.6053	-1.9726	-1.9231	-1.7657	-1.6553	-1.5435	-1.4305	-1.3446	-1.3257	-1.1912	-1.2614	-1.1415	-1.1051	-1.1259	-1.0531	-1.0791	-1.0031	-1.0348	-1.551	0.2466	0.74107	1.0996	0.92876	1.0219	0.65557	0.29269	-0.7182	40.57
885.32	-2.4026	-1.9979	-1.8571	-1.5921	-1.8544	-1.9823	-1.7829	-1.6324	-1.4797	-1.3264	-1.3465	-1.3114	-1.1625	-1.2366	-1.132	-1.0876	-1.125	-1.0274	-1.0946	-1.0014	-1.0148	-1.5187	0.24088	0.72324	1.0939	0.92809	1.0009	0.64252	0.28754	-0.75606	40.56
880.49	-2.5084	-2.0944	-1.9543	-1.6518	-1.7542	-1.8391	-1.7229	-1.6058	-1.4682	-1.3293	-1.3808	-1.3247	-1.1556	-1.2295	-1.1234	-1.0762	-1.1468	-1.0044	-1.0873	-1.0093	-1.0405	-1.5242	0.25527	0.72973	1.0825	0.93743	0.98176	0.62193	0.26571	-0.80223	40.49
881.87	-2.4026	-2.0445	-1.9517	-1.6395	-1.7161	-1.7552	-1.6438	-1.542	-1.4415	-1.3398	-1.3522	-1.3362	-1.2034	-1.2251	-1.1277	-1.0314	-1.1304	-1.0097	-1.0454	-0.98811	-1.0377	-1.5104	0.27119	0.7426	1.0691	0.93171	0.97602	0.60783	0.24273	-0.8095	40.51
883.25	-2.3082	-1.8903	-1.724	-1.5404	-1.6112	-1.6549	-1.56	-1.4706	-1.4129	-1.3541	-1.3656	-1.3658	-1.2452	-1.2198	-1.12	-1.0613	-1.1422	-1.0496	-1.1019	-1.0279	-1.0653	-1.5242	0.27452	0.72754	1.071	0.9097	0.96933	0.6003	0.23434	-0.82757	40.55
879.11	-2.4092	-1.9299	-1.7126	-1.55	-1.6122	-1.5442	-1.5019	-1.4316	-1.3967	-1.3617	-1.3331	-1.3743	-1.2895	-1.2756	-1.1612	-1.0885	-1.1495	-1.1116	-1.1804	-1.0906	-1.1187	-1.5862	0.26499	0.72658	1.0729	0.90427	0.95691	0.59678	0.2394	-0.84764	40.54
878.42	-2.5112	-1.9807	-1.7205	-1.472	-1.535	-1.5461	-1.4524	-1.3431	-1.2928	-1.2433	-1.2557	-1.3276	-1.2756	-1.2951	-1.2137	-1.1095	-1.2058	-1.1037	-1.1676	-1.0951	-1.1415	-1.5769	0.26128	0.73755	1.0577	0.91789	0.94218	0.58811	0.2372	-0.84114	40.51
881.18	-2.3616	-1.8869	-1.6689	-1.5272	-1.5159	-1.5624	-1.4829	-1.3421	-1.2785	-1.2137	-1.2166	-1.3018	-1.2652	-1.3067	-1.2489	-1.1719	-1.2185	-1.1063	-1.1302	-1.0509	-1.0863	-1.5584	0.28062	0.74746	1.0643	0.90541	0.96455	0.60154	0.2413	-0.81399	40.53
879.11	-2.2872	-1.7964	-1.5524	-1.5009	-1.5702	-1.5996	-1.4771	-1.3907	-1.3061	-1.2204	-1.2214	-1.3094	-1.2747	-1.3217	-1.2893	-1.2078	-1.213	-1.1134	-1.163	-1.0694	-1.091	-1.5889	0.28205	0.73631	1.0796	0.88816	0.97029	0.61669	0.26619	-0.75702	40.56
876.35	-2.0241	-1.6939	-1.5857	-1.507	-1.5588	-1.6158	-1.4838	-1.3811	-1.3081	-1.2338	-1.2538	-1.3429	-1.3051	-1.3333	-1.279	-1.2131	-1.2457	-1.1099	-1.2004	-1.1065	-1.131	-1.6416	0.26442	0.73173	1.0777	0.91389	0.95691	0.61517	0.27677	-0.70673	40.52
876.35	-1.7266	-1.5527	-1.5717	-1.5255	-1.5903	-1.5795	-1.4638	-1.3469	-1.3233	-1.3006	-1.2911	-1.3658	-1.313	-1.3918	-1.3185	-1.2324	-1.2757	-1.1462	-1.205	-1.1366	-1.193	-1.6684	0.26985	0.7405	1.0605	0.91503	0.96455	0.61507	0.26867	-0.65463	40.52
878.42	-1.5369	-1.396	-1.4272	-1.5281	-1.6961	-1.6187	-1.5295	-1.423	-1.391	-1.3589	-1.3608	-1.4259	-1.3591	-1.4157	-1.3641	-1.3026	-1.3402	-1.234	-1.2597	-1.1825	-1.234	-1.7276	0.25603	0.72134	1.0577	0.90741	0.97316	0.62022	0.27048	-0.59527	40.55
877.04	-1.4473	-1.4123	-1.5419	-1.4237	-1.6103	-1.5652	-1.4933	-1.4554	-1.4167	-1.377	-1.3732	-1.4564	-1.4034	-1.476	-1.3899	-1.3509	-1.3783	-1.2694	-1.3281	-1.2285	-1.2606	-1.7516	0.23002	0.69989	1.0586	0.89369	0.97029	0.62727	0.28792	-0.56822	40.57
872.91	-1.5025	-1.421	-1.5086	-1.4255	-1.5292	-1.5118	-1.4067	-1.444	-1.4368	-1.4295	-1.4314	-1.5089	-1.4469	-1.5371	-1.4088	-1.3527	-1.44	-1.2685	-1.371	-1.2745	-1.315	-1.7766	0.2062	0.69617	1.0643	0.92409	0.9722	0.64147	0.31376	-0.55655	40.52
874.29	-1.473	-1.377	-1.4473	-1.3816	-1.4444	-1.4154	-1.4038	-1.4858	-1.5064	-1.5279	-1.4792	-1.5337	-1.4486	-1.5646	-1.4483	-1.3571	-1.4582	-1.3031	-1.3765	-1.2948	-1.355	-1.8172	0.19019	0.70446	1.0558	0.92561	0.98272	0.64175	0.30423	-0.53724	40.54
875.66	-1.3805	-1.2995	-1.3747	-1.2421	-1.3891	-1.4307	-1.4648	-1.5772	-1.5741	-1.5709	-1.5203	-1.5643	-1.4669	-1.5628	-1.4844	-1.4001	-1.4827	-1.3483	-1.412	-1.3204	-1.3712	-1.8718	0.16894	0.67643	1.052	0.9015	0.98272	0.65309	0.3273	-0.49413	40.56
871.53	-1.2404	-1.2091	-1.3186	-1.2281	-1.431	-1.465	-1.5552	-1.7057	-1.6694	-1.6339	-1.6014	-1.6158	-1.486	-1.6293	-1.5025	-1.4545	-1.5009	-1.359	-1.4878	-1.3628	-1.3845	-1.8819	0.13073	0.6506	1.0539	0.90246	0.98176	0.66262	0.34684	-0.4558	40.57
870.15	-1.1994	-1.1454	-1.2276	-1.2763	-1.4797	-1.5948	-1.6276	-1.7457	-1.7352	-1.7256	-1.6434	-1.6588	-1.526	-1.6533	-1.5205	-1.4475	-1.559	-1.3811	-1.5142	-1.4097	-1.4579	-1.9346	0.10434	0.63334	1.0415	0.91951	0.98463	0.66929	0.35733	-0.42712	40.52
870.15	-1.2003	-1.1548	-1.2451	-1.3228	-1.4997	-1.5958	-1.6819	-1.7057	-1.7352	-1.7647	-1.7065	-1.7122	-1.566	-1.6807	-1.5867	-1.5168	-1.6234	-1.4653	-1.537	-1.4371	-1.4931	-2.0077	0.078564	0.62104	1.0348	0.91951	0.99132	0.6691	0.3499	-0.4167	40.5
872.22	-1.1994	-1.179	-1.295	-1.3255	-1.5092	-1.6024	-1.6752	-1.7048	-1.718	-1.7313	-1.716	-1.7475	-1.6217	-1.765	-1.6512	-1.6037	-1.6507	-1.5105	-1.6045	-1.4901	-1.536	-2.0456	0.044804	0.58948	1.032	0.89722	1.0162	0.68311	0.3538	-0.40179	40.54
870.84	-1.2203	-1.1936	-1.3064	-1.3334	-1.5245	-1.6435	-1.6686	-1.6819	-1.6961	-1.7093	-1.7456	-1.7838	-1.6617	-1.8403	-1.6924	-1.6634	-1.7242	-1.5753	-1.6903	-1.5573	-1.5922	-2.0853	0.014398	0.56222	1.0396	0.90503	1.0114	0.68883	0.36982	-0.41345	40.54
866.01	-1.2537	-1.2384	-1.3677	-1.3886	-1.5378	-1.6693	-1.6981	-1.6867	-1.7047	-1.7237	-1.7657	-1.822	-1.7112	-1.9095	-1.7578	-1.7222	-1.7932	-1.5992	-1.7286	-1.5962	-1.6361	-2.1639	-0.0043708	0.55688	1.0405	0.9238	1.0018	0.68339	0.36887	-0.4167	40.49
868.77	-1.2632	-1.2599	-1.4018	-1.4088	-1.4844	-1.6072	-1.7086	-1.7295	-1.718	-1.7065	-1.781	-1.8191	-1.6921	-1.8589	-1.7655	-1.6854	-1.786	-1.585	-1.6793	-1.5661	-1.6227	-2.1232	-0.012187	0.56708	1.0177	0.91704	1.0076	0.67892	0.35352	-0.42301	40.52
870.84	-1.2461	-1.2504	-1.3974	-1.407	-1.5598	-1.6053	-1.6962	-1.7286	-1.7218	-1.7151	-1.7112	-1.7666	-1.6608	-1.8226	-1.695	-1.6213	-1.7833	-1.5611	-1.6629	-1.5431	-1.5894	-2.0631	0.012063	0.56613	1.0501	0.91989	1.0362	0.7054	0.37831	-0.41574	40.55
865.32	-1.2432	-1.2479	-1.3957	-1.4588	-1.5998	-1.675	-1.6848	-1.7	-1.6904	-1.6807	-1.652	-1.7027	-1.599	-1.7827	-1.6443	-1.5809	-1.6788	-1.515	-1.5872	-1.4548	-1.4788	-2.0169	0.023926	0.59053	1.0777	0.96239	1.0267	0.71093	0.39852	-0.40618	40.52
865.32	-1.2718	-1.2849	-1.4456	-1.5018	-1.616	-1.6607	-1.6733	-1.6933	-1.6675	-1.6415	-1.5451	-1.6053	-1.5191	-1.7375	-1.622	-1.5081	-1.6216	-1.4361	-1.5224	-1.415	-1.4607	-1.9503	0.038886	0.62533	1.0643	0.9643	1.0315	0.70093	0.37402	-0.43085	40.49
868.77	-1.3109	-1.2849	-1.4097	-1.4614	-1.6608	-1.674	-1.6419	-1.6524	-1.6198	-1.5871	-1.504	-1.5528	-1.4599	-1.6754	-1.5626	-1.4317	-1.5263	-1.4024	-1.4148	-1.3328	-1.3959	-1.8893	0.084919	0.63496	1.0767	0.96239	1.064	0.7176	0.37487	-0.43687	40.55
866.7	-1.3576	-1.3073	-1.4106	-1.4255	-1.636	-1.6769	-1.6629	-1.622	-1.5664	-1.5098	-1.4553	-1.5127	-1.4321	-1.6151	-1.5162	-1.4001	-1.4455	-1.3208	-1.3537	-1.2568	-1.2959	-1.8311	0.11968	0.66299	1.1015	0.95382	1.0535	0.7157	0.38155	-0.45895	40.53
863.25	-1.3672	-1.3185	-1.4255	-1.4342	-1.5664	-1.611	-1.5962	-1.5458	-1.5025	-1.4601	-1.3933	-1.4383	-1.353	-1.5371	-1.4543	-1.3062	-1.4055	-1.2428	-1.3363	-1.2285	-1.2521	-1.7655	0.12492	0.66652	1.1006	0.95382	1.0257	0.69016	0.35838	-0.50579	40.52
863.94	-1.4501	-1.3589	-1.4316	-1.4079	-1.4949	-1.5566	-1.5295	-1.4554	-1.4234	-1.3923	-1.3312	-1.3686	-1.2825	-1.4627	-1.4036	-1.2552	-1.3719	-1.2083	-1.2688	-1.1861	-1.2321	-1.6804	0.15789	0.6935	1.0796	0.97002	1.0257	0.67129	0.32025	-0.56019	40.51
863.94	-1.5416	-1.3581	-1.3458	-1.3667	-1.5045	-1.4765	-1.4505	-1.4449	-1.3881	-1.3312	-1.2768	-1.3142	-1.233	-1.3652	-1.3142	-1.2193	-1.2811	-1.1498	-1.163	-1.1039	-1.1654	-1.5991	0.20191	0.70303	1.0882	0.95667	1.0305	0.66986	0.31271	-0.5773	40.53
863.94	-1.6036	-1.4072	-1.3896	-1.293	-1.4358	-1.465	-1.4505	-1.3964	-1.3357	-1.2739	-1.2347	-1.2579	-1.1678	-1.2907	-1.2334	-1.164	-1.1767	-1.0673	-1.0937	-1.0243	-1.0663	-1.5104	0.23193	0.7282	1.1063	0.94372	1.019	0.66176	0.30795	-0.61056	40.56
860.5	-1.6141	-1.4201	-1.4053	-1.272	-1.3872	-1.4354	-1.399	-1.345	-1.2756	-1.2061	-1.1879	-1.2054	-1.1147	-1.2481	-1.1449	-1.106	-1.1449	-1.0035	-1.09	-1.0049	-1.0291	-1.4743	0.24308	0.72544	1.1006	0.94486	0.99706	0.64318	0.2925	-0.64393	40.54
863.25	-1.5798	-1.4563	-1.5104	-1.2807	-1.3748	-1.382	-1.3438	-1.3126	-1.2432	-1.1746	-1.1602	-1.1663	-1.0686	-1.1684	-1.0925	-1.0332	-1.1014	-0.99019	-1.0317	-0.96866	-1.011	-1.4198	0.28414	0.74727	1.091	0.9399	1.0037	0.63728	0.27439	-0.66056	40.52
863.25	-1.677	-1.5252	-1.5612	-1.3895	-1.4005	-1.4039	-1.3533	-1.3126	-1.2423	-1.1708	-1.1669	-1.152	-1.0365	-1.1356	-1.0615	-1.0244	-1.0496	-0.97866	-0.99427	-0.92271	-0.95105	-1.3948	0.29272	0.76643	1.0863	0.91303	0.97794	0.6104	0.24626	-0.66553	40.55
861.19	-1.6656	-1.5036	-1.5279	-1.4535	-1.4806	-1.4268	-1.3657	-1.3012	-1.2394	-1.1765	-1.1211	-1.1262	-1.0313	-1.1187	-1.0237	-0.97786	-1.0423	-0.94852	-1.0216	-0.93685	-0.95286	-1.3837	0.29729	0.76472	1.0872	0.91189	0.97794	0.62079	0.26666	-0.66783	40.56
861.19	-1.6313	-1.4804	-1.5121	-1.3772	-1.411	-1.3915	-1.341	-1.2745	-1.2232	-1.1717	-1.1268	-1.1252	-1.0243	-1.0975	-1.0125	-0.9647	-1.0605	-0.93877	-0.97329	-0.91652	-0.96049	-1.4031	0.30377	0.7651	1.0815	0.93333	0.96169	0.61002	0.2618	-0.66945	40.52
857.74	-1.6141	-1.4459	-1.457	-1.3281	-1.3538	-1.2999	-1.261	-1.2422	-1.187	-1.1306	-1.0944	-1.109	-1.0243	-1.0779	-1.016	-0.94626	-1.0478	-0.91218	-0.94775	-0.89973	-0.95039	-1.3985	0.31597	0.78827	1.0786	0.93114	0.97507	0.61603	0.26028	-0.64727	40.51
861.19	-1.5455	-1.3607	-1.3467	-1.2474	-1.2804	-1.278	-1.2333	-1.246	-1.1717	-1.0972	-1.0867	-1.1157	-1.0443	-1.0779	-1.0022	-0.95065	-1.0142	-0.94675	-0.96508	-0.89707	-0.92676	-1.3606	0.32836	0.78216	1.0872	0.91808	0.98176	0.62394	0.26933	-0.59938	40.55
860.5	-1.5216	-1.3159	-1.2784	-1.2062	-1.2518	-1.236	-1.2219	-1.186	-1.1441	-1.102	-1.1106	-1.1357	-1.0582	-1.1054	-1.0091	-0.97786	-1.0523	-0.95473	-1.008	-0.93066	-0.95277	-1.3819	0.31749	0.76033	1.091	0.91627	0.97411	0.62555	0.2802	-0.5837	40.55
855.67	-1.3757	-1.2349	-1.2477	-1.1921	-1.2385	-1.2111	-1.1762	-1.1308	-1.1221	-1.1135	-1.1507	-1.1567	-1.0591	-1.1329	-1.0555	-1.006	-1.1014	-0.95739	-1.0225	-0.96336	-1.01	-1.4447	0.30978	0.77292	1.0872	0.93181	0.9636	0.61955	0.27858	-0.56181	40.52
857.74	-1.3214	-1.21	-1.2468	-1.1825	-1.2223	-1.2131	-1.1876	-1.1394	-1.1145	-1.0905	-1.1478	-1.1787	-1.1026	-1.1577	-1.0787	-1.02	-1.0977	-1.0079	-1.0362	-0.97043	-1.01	-1.4327	0.30968	0.76605	1.0739	0.91218	0.97124	0.62889	0.29012	-0.5229	40.55
857.74	-1.3004	-1.2082	-1.2635	-1.1965	-1.2261	-1.2398	-1.2076	-1.1536	-1.1136	-1.0724	-1.1297	-1.1768	-1.1165	-1.1746	-1.0822	-1.0577	-1.1259	-1.0194	-1.0645	-0.98281	-1.0072	-1.4429	0.31673	0.76338	1.1006	0.91332	0.98941	0.6529	0.31996	-0.50226	40.57
853.6	-1.2814	-1.1936	-1.2512	-1.2106	-1.2251	-1.2045	-1.201	-1.1375	-1.104	-1.0705	-1.1402	-1.1787	-1.1104	-1.2153	-1.1114	-1.0902	-1.1558	-1.0141	-1.0846	-1.004	-1.031	-1.491	0.30501	0.78817	1.111	0.93514	0.97889	0.65052	0.32511	-0.48094	40.53
854.29	-1.2032	-1.1273	-1.1864	-1.1755	-1.1765	-1.1615	-1.1743	-1.1613	-1.1488	-1.1354	-1.1784	-1.2092	-1.1304	-1.2526	-1.1561	-1.0797	-1.1749	-1.0239	-1.1083	-1.0358	-1.0748	-1.5141	0.31025	0.7937	1.0977	0.94429	0.9961	0.65233	0.31224	-0.48113	40.54
857.74	-1.1155	-1.0627	-1.1374	-1.093	-1.1441	-1.1262	-1.1467	-1.186	-1.1936	-1.2013	-1.207	-1.2379	-1.1573	-1.234	-1.1638	-1.1008	-1.1858	-1.0904	-1.0973	-1.0447	-1.1063	-1.5094	0.31921	0.78045	1.092	0.948	1.0095	0.66777	0.32921	-0.45245	40.58
855.67	-1.1117	-1.0394	-1.0927	-1.0316	-1.1021	-1.1128	-1.1714	-1.1927	-1.2022	-1.2118	-1.2452	-1.2608	-1.1634	-1.226	-1.1716	-1.1429	-1.2348	-1.1817	-1.1503	-1.0703	-1.1072	-1.5778	0.31378	0.77559	1.1158	0.91951	1.0037	0.67796	0.3559	-0.40771	40.58
852.91	-1.0564	-0.99036	-1.0446	-1.0018	-1.0554	-1.1081	-1.1857	-1.2069	-1.2213	-1.2366	-1.2615	-1.2799	-1.1825	-1.2969	-1.2446	-1.2263	-1.273	-1.148	-1.2068	-1.1171	-1.1482	-1.6	0.28681	0.76348	1.1129	0.93666	0.99992	0.67892	0.36105	-0.38945	40.54
852.91	-1.0773	-0.98606	-1.0148	-1.0018	-1.0211	-1.151	-1.2267	-1.226	-1.2375	-1.2481	-1.2424	-1.2951	-1.2278	-1.3519	-1.2807	-1.2105	-1.2911	-1.1311	-1.2114	-1.1331	-1.1777	-1.5982	0.2708	0.7446	1.0853	0.9501	1.0037	0.67463	0.34942	-0.40685	40.51
852.22	-1.0668	-0.9783	-1.0095	-1.0123	-1.0077	-1.1777	-1.2676	-1.2783	-1.268	-1.2567	-1.2557	-1.3142	-1.2504	-1.3439	-1.2257	-1.1868	-1.2721	-1.1205	-1.1831	-1.1136	-1.1663	-1.5862	0.26699	0.74317	1.0929	0.94381	1.0124	0.68358	0.35876	-0.39567	40.54
852.22	-1.1012	-0.97917	-0.97978	-1.0377	-1.0764	-1.2083	-1.3248	-1.3297	-1.3023	-1.2739	-1.2844	-1.3266	-1.2478	-1.3191	-1.2197	-1.178	-1.2666	-1.1329	-1.1867	-1.1004	-1.132	-1.5778	0.24946	0.73802	1.0967	0.93848	1.0162	0.6933	0.37383	-0.39576	40.55
848.77	-1.1698	-1.042	-1.0437	-1.0465	-1.1727	-1.2932	-1.3876	-1.3916	-1.35	-1.3083	-1.3035	-1.3505	-1.2738	-1.3333	-1.2403	-1.1877	-1.2993	-1.1444	-1.2232	-1.1472	-1.1958	-1.6324	0.22564	0.71953	1.0815	0.94029	1.0028	0.6793	0.35876	-0.41431	40.52
850.84	-1.1727	-1.0825	-1.1243	-1.0491	-1.2003	-1.3352	-1.4171	-1.4335	-1.3824	-1.3312	-1.2768	-1.319	-1.2417	-1.3244	-1.2395	-1.1929	-1.2784	-1.1719	-1.2013	-1.1357	-1.1939	-1.6361	0.23145	0.7283	1.0786	0.95763	1.0124	0.68006	0.35104	-0.41182	40.51
850.84	-1.1736	-1.1307	-1.2206	-1.186	-1.1956	-1.3094	-1.4429	-1.4792	-1.4063	-1.3331	-1.3025	-1.3343	-1.246	-1.3262	-1.2274	-1.2105	-1.2648	-1.1684	-1.2205	-1.1269	-1.1549	-1.6259	0.23069	0.73583	1.1015	0.92685	1.0296	0.6953	0.36458	-0.39519	40.57
850.15	-1.1717	-1.1437	-1.2495	-1.2834	-1.2575	-1.3018	-1.4038	-1.4668	-1.39	-1.313	-1.3226	-1.3371	-1.2321	-1.3324	-1.2068	-1.1956	-1.2621	-1.156	-1.246	-1.1384	-1.152	-1.6361	0.22049	0.71381	1.1063	0.93533	1.0181	0.69921	0.38403	-0.39347	40.56
