4291	10	12	87	31.7	766	0	-5	40	0	128	4096	1	0	0	0	0	100	1779.9	1.9297e+006	0.1578	0	55.229	0	0	0	0	0	0	3	0	0
1853	-0.01041	-0.03608	-0.07046	-0.1023	-0.1281	-0.1344	-0.1613	-0.17867	-0.196	-0.2118	-0.2178	-0.2023	-0.1004	0.03628	0.179	0.5337	0.7406	0.5993	0.3678	0.03714	-0.2614	-1.053	-2.023	-1.91	-1.24	-0.8051	-0.5572	-0.4569	-0.29	-0.01483	-5.242
1842	-0.004323	-0.0363	-0.07295	-0.1091	-0.1409	-0.1473	-0.1794	-0.20157	-0.2237	-0.2419	-0.2568	-0.2561	-0.1572	-0.02213	0.1086	0.4747	0.7275	0.6503	0.44984	0.1635	-0.1104	-0.8599	-1.806	-1.777	-1.158	-0.763	-0.5385	-0.4507	-0.2988	-0.009139	-4.566
1826	-0.002291	-0.04068	-0.08188	-0.1206	-0.1523	-0.1656	-0.1961	-0.22433	-0.2525	-0.2828	-0.3003	-0.3086	-0.2183	-0.09257	0.03418	0.4128	0.7072	0.6919	0.51425	0.2605	0.008398	-0.7019	-1.632	-1.653	-1.097	-0.7292	-0.5136	-0.4397	-0.2944	-0.006303	-3.938
1824	0.008068	-0.03666	-0.08611	-0.127	-0.1625	-0.178	-0.2158	-0.25153	-0.2872	-0.3219	-0.3546	-0.3732	-0.2962	-0.1741	-0.05439	0.3172	0.6692	0.7345	0.59408	0.3935	0.1683	-0.4954	-1.4	-1.504	-1.059	-0.6792	-0.4919	-0.4372	-0.3018	-0.003389	-3.293
1810	0.0123	-0.03898	-0.09092	-0.1363	-0.1759	-0.1965	-0.237	-0.27473	-0.3124	-0.3536	-0.3987	-0.4294	-0.3586	-0.2462	-0.1242	0.2462	0.6291	0.7519	0.63635	0.4713	0.2673	-0.3559	-1.231	-1.39	-1.002	-0.6398	-0.473	-0.4282	-0.311	-0.0004719	-2.647
1808	0.01859	-0.03902	-0.09311	-0.1428	-0.1883	-0.2115	-0.2568	-0.29834	-0.3398	-0.398	-0.4472	-0.4919	-0.4313	-0.3323	-0.2237	0.1463	0.5697	0.7648	0.67943	0.5575	0.377	-0.1951	-1.038	-1.261	-0.9119	-0.5927	-0.4511	-0.4226	-0.3043	0.002473	-2.017
1803	0.02493	-0.03708	-0.09757	-0.1517	-0.1991	-0.2269	-0.2772	-0.32354	-0.3698	-0.4286	-0.4966	-0.5639	-0.5142	-0.4194	-0.3206	0.03289	0.4989	0.773	0.71366	0.6289	0.4762	-0.02792	-0.8486	-1.128	-0.8229	-0.5498	-0.4298	-0.4177	-0.3123	-0.0004738	-1.37
1796	0.03344	-0.03516	-0.1001	-0.1587	-0.2122	-0.2402	-0.2959	-0.34915	-0.4023	-0.4598	-0.5501	-0.6314	-0.5981	-0.5112	-0.4251	-0.08462	0.4222	0.7579	0.728	0.6853	0.5535	0.09223	-0.6848	-1.006	-0.7342	-0.5038	-0.4013	-0.4071	-0.3135	0.00249	-0.7225
1794	0.04191	-0.0352	-0.1023	-0.1631	-0.2165	-0.2553	-0.316	-0.375	-0.4339	-0.4949	-0.6087	-0.7003	-0.6808	-0.6059	-0.5357	-0.216	0.3227	0.7345	0.73013	0.7239	0.6237	0.2308	-0.509	-0.8811	-0.6561	-0.4596	-0.3791	-0.3984	-0.3139	-0.0004762	-0.07439
1786	0.04633	-0.03536	-0.107	-0.1724	-0.232	-0.2714	-0.3351	-0.40021	-0.4652	-0.5318	-0.6601	-0.772	-0.7663	-0.6993	-0.6488	-0.3454	0.2237	0.6952	0.71731	0.7489	0.6732	0.3347	-0.3646	-0.7693	-0.5864	-0.4202	-0.358	-0.391	-0.3153	-0.003461	0.558
1775	0.05511	-0.03139	-0.1097	-0.1777	-0.2416	-0.288	-0.357	-0.42917	-0.5012	-0.5747	-0.7291	-0.8453	-0.8536	-0.7984	-0.7671	-0.4834	0.1148	0.644	0.69572	0.7696	0.7182	0.4339	-0.2191	-0.6574	-0.5167	-0.3774	-0.3372	-0.3839	-0.3171	-0.009481	1.207
1772	0.06373	-0.02936	-0.1078	-0.1824	-0.2483	-0.2985	-0.3731	-0.45342	-0.5336	-0.6206	-0.7924	-0.9215	-0.9442	-0.9026	-0.8866	-0.6239	-0.001512	0.5836	0.66073	0.7709	0.7429	0.5078	-0.09633	-0.5585	-0.4511	-0.3362	-0.3148	-0.3722	-0.3177	-0.0125	1.84
1764	0.0726	-0.02109	-0.1083	-0.1875	-0.2578	-0.3125	-0.3927	-0.47733	-0.5618	-0.6586	-0.8387	-0.998	-1.038	-1.01	-1.02	-0.791	-0.1525	0.4999	0.60845	0.7635	0.7523	0.6019	0.04556	-0.444	-0.3796	-0.2992	-0.2856	-0.3614	-0.3119	-0.02162	2.506
1773	0.08074	-0.01681	-0.1056	-0.1887	-0.2626	-0.3209	-0.4062	-0.49833	-0.5903	-0.6901	-0.8604	-1.059	-1.116	-1.108	-1.132	-0.9435	-0.2866	0.4114	0.54351	0.7322	0.7542	0.6597	0.1608	-0.3362	-0.3111	-0.2593	-0.2611	-0.3564	-0.3103	-0.02751	3.14
1757	0.0901	-0.006419	-0.1023	-0.1905	-0.2693	-0.334	-0.4212	-0.52054	-0.6197	-0.7318	-0.9211	-1.141	-1.219	-1.225	-1.283	-1.117	-0.447	0.316	0.4766	0.706	0.7553	0.7212	0.2679	-0.2441	-0.2536	-0.2266	-0.2404	-0.3472	-0.3205	-0.03989	3.791
1738	0.09328	-0.006491	-0.1034	-0.197	-0.2808	-0.348	-0.4395	-0.5472	-0.6547	-0.7807	-0.9514	-1.227	-1.324	-1.344	-1.428	-1.307	-0.6209	0.188	0.38163	0.6582	0.7278	0.7666	0.3761	-0.1449	-0.1885	-0.1829	-0.2197	-0.3385	-0.3241	-0.04953	4.409
1735	0.1065	-9.392e-005	-0.09925	-0.1973	-0.2813	-0.3589	-0.4585	-0.57035	-0.682	-0.8177	-0.9864	-1.306	-1.417	-1.455	-1.569	-1.487	-0.7975	0.05646	0.27485	0.5868	0.6931	0.799	0.4649	-0.06002	-0.1208	-0.1476	-0.1966	-0.3296	-0.3173	-0.06191	5.06
1728	0.1069	0.006337	-0.0996	-0.2047	-0.2951	-0.373	-0.4806	-0.60081	-0.7208	-0.8667	-1.05	-1.393	-1.52	-1.578	-1.716	-1.684	-0.9859	-0.08196	0.16197	0.5104	0.6414	0.8144	0.544	0.02519	-0.05983	-0.1016	-0.1738	-0.3148	-0.3184	-0.06521	5.695
1721	0.1008	0.008516	-0.1044	-0.21	-0.3049	-0.3875	-0.4987	-0.62757	-0.7562	-0.9114	-1.115	-1.473	-1.637	-1.714	-1.88	-1.902	-1.195	-0.2405	0.027911	0.4113	0.5775	0.8241	0.6208	0.1111	0.001609	-0.06253	-0.143	-0.3001	-0.3123	-0.06857	6.346
1716	0.1033	0.008542	-0.09811	-0.2084	-0.3079	-0.3964	-0.5093	-0.64517	-0.7808	-0.9605	-1.176	-1.525	-1.747	-1.841	-2.039	-2.125	-1.427	-0.4316	-0.1351	0.2884	0.4882	0.8139	0.6879	0.1974	0.05661	-0.0303	-0.1197	-0.2882	-0.3058	-0.07809	6.997
1702	0.1019	0.01297	-0.0945	-0.2101	-0.317	-0.4076	-0.5345	-0.67748	-0.8202	-1.005	-1.247	-1.601	-1.883	-1.999	-2.225	-2.381	-1.685	-0.64	-0.31295	0.1542	0.3822	0.8081	0.753	0.2859	0.1195	0.01665	-0.08888	-0.2777	-0.3083	-0.09127	7.633
1696	0.09783	0.01739	-0.09484	-0.2154	-0.3203	-0.4196	-0.5457	-0.69899	-0.852	-1.05	-1.306	-1.688	-1.993	-2.13	-2.388	-2.589	-1.896	-0.8093	-0.46167	0.03488	0.2976	0.7919	0.7928	0.345	0.1756	0.05316	-0.07321	-0.269	-0.3019	-0.09474	8.284
1698	0.09326	0.01737	-0.09028	-0.2106	-0.3221	-0.4322	-0.5566	-0.7183	-0.8797	-1.091	-1.366	-1.773	-2.09	-2.274	-2.562	-2.824	-2.15	-1.033	-0.65904	-0.1249	0.1685	0.7465	0.8256	0.4141	0.224	0.08222	-0.04118	-0.2557	-0.3016	-0.1009	8.92
1681	0.08293	0.01313	-0.09341	-0.2127	-0.3318	-0.4364	-0.5785	-0.74705	-0.9153	-1.138	-1.427	-1.875	-2.179	-2.433	-2.754	-3.085	-2.43	-1.263	-0.8636	-0.2931	0.0277	0.7024	0.8613	0.4826	0.2823	0.1198	-0.02545	-0.2418	-0.2969	-0.1082	9.539
1672	0.07887	0.0132	-0.0894	-0.2162	-0.3403	-0.4521	-0.5958	-0.76971	-0.9433	-1.182	-1.49	-1.961	-2.266	-2.547	-2.927	-3.33	-2.684	-1.492	-1.0729	-0.4743	-0.1154	0.6417	0.8726	0.5323	0.3333	0.1537	-0.001258	-0.23	-0.2909	-0.1152	10.19
1666	0.06555	0.01102	-0.08747	-0.2124	-0.3305	-0.4511	-0.6051	-0.78451	-0.9636	-1.218	-1.552	-2.045	-2.392	-2.626	-3.132	-3.599	-2.978	-1.752	-1.3103	-0.6795	-0.2783	0.5662	0.8823	0.5875	0.3841	0.1914	0.02316	-0.2177	-0.2843	-0.1252	10.83
1663	0.04976	-9.798e-005	-0.08308	-0.2082	-0.3311	-0.4546	-0.6157	-0.80642	-0.9968	-1.257	-1.603	-2.125	-2.508	-2.724	-3.317	-3.853	-3.264	-2.017	-1.5507	-0.8846	-0.4604	0.4764	0.8791	0.636	0.4274	0.2252	0.04767	-0.2048	-0.2771	-0.1351	11.48
1655	0.03171	-0.006813	-0.07888	-0.1999	-0.3236	-0.4566	-0.6255	-0.82293	-1.02	-1.295	-1.663	-2.215	-2.63	-2.846	-3.52	-4.114	-3.558	-2.276	-1.7888	-1.093	-0.6385	0.3936	0.8779	0.6744	0.472	0.256	0.06425	-0.1924	-0.2706	-0.1421	12.08
1646	0.01812	-0.01811	-0.08392	-0.201	-0.3277	-0.4619	-0.6386	-0.84198	-1.045	-1.334	-1.714	-2.295	-2.738	-2.964	-3.721	-4.361	-3.835	-2.54	-2.0314	-1.305	-0.8255	0.2909	0.863	0.7141	0.5177	0.2913	0.08933	-0.1801	-0.2721	-0.1493	12.71
1644	-0.009439	-0.03616	-0.09321	-0.1919	-0.3102	-0.4462	-0.6298	-0.84359	-1.057	-1.358	-1.762	-2.366	-2.847	-3.108	-3.948	-4.645	-4.154	-2.848	-2.3176	-1.56	-1.042	0.1664	0.8391	0.7449	0.547	0.3217	0.1142	-0.1737	-0.2725	-0.1625	13.36
1626	-0.03512	-0.05936	-0.1082	-0.1894	-0.3047	-0.4431	-0.6297	-0.85255	-1.075	-1.395	-1.811	-2.443	-2.954	-3.239	-4.177	-4.895	-4.449	-3.122	-2.5743	-1.792	-1.239	0.0554	0.8185	0.7776	0.5896	0.352	0.1322	-0.1621	-0.2677	-0.1807	14
1630	-0.07677	-0.1001	-0.1358	-0.21	-0.3062	-0.4338	-0.6088	-0.83761	-1.066	-1.391	-1.82	-2.478	-3.006	-3.309	-4.336	-5.075	-4.671	-3.334	-2.7781	-1.984	-1.415	-0.05077	0.7813	0.7998	0.6098	0.3701	0.1401	-0.155	-0.2749	-0.1999	14.65
1628	-0.3833	-0.4235	-0.4842	-0.5341	-0.5622	-0.5764	-0.5999	-0.62482	-0.6497	-0.7845	-1.151	-1.836	-2.361	-2.679	-3.569	-4.225	-3.825	-2.656	-2.1598	-1.451	-0.9501	0.2013	0.8544	0.7645	0.5526	0.325	0.08201	-0.2464	-0.4088	-0.403	15.27
1619	-0.4273	-0.476	-0.5146	-0.5509	-0.581	-0.5766	-0.5859	-0.59035	-0.5948	-0.6793	-0.9423	-1.641	-2.208	-2.555	-3.513	-4.139	-3.801	-2.676	-2.1868	-1.488	-0.9935	0.1623	0.8351	0.7623	0.57	0.3343	0.08243	-0.2545	-0.4346	-0.4544	15.93
1590	-0.4517	-0.5149	-0.5382	-0.5561	-0.5615	-0.5591	-0.5594	-0.54299	-0.5266	-0.5304	-0.5957	-1.232	-1.895	-2.283	-3.295	-3.895	-3.628	-2.574	-2.1054	-1.436	-0.9526	0.1788	0.8383	0.7638	0.5729	0.3403	0.08393	-0.2729	-0.4746	-0.5028	16.56
1584	-0.5059	-0.5403	-0.5666	-0.5945	-0.5939	-0.6034	-0.6089	-0.59854	-0.5882	-0.5938	-0.6966	-1.365	-2.006	-2.369	-3.379	-4.021	-3.796	-2.722	-2.2451	-1.564	-1.081	0.09774	0.8122	0.7854	0.5975	0.3534	0.09281	-0.2636	-0.4684	-0.525	17.18
1596	-0.4976	-0.5388	-0.5578	-0.5807	-0.5712	-0.5684	-0.5749	-0.56629	-0.5577	-0.5841	-0.7025	-1.372	-1.995	-2.381	-3.333	-4.053	-3.81	-2.771	-2.2917	-1.607	-1.113	0.07674	0.7996	0.7798	0.5932	0.3431	0.09215	-0.272	-0.4811	-0.5279	17.83
1570	-0.5274	-0.5548	-0.5598	-0.5708	-0.5571	-0.5466	-0.5517	-0.54374	-0.5358	-0.5655	-0.6993	-1.329	-1.955	-2.313	-3.281	-3.985	-3.779	-2.733	-2.2603	-1.585	-1.098	0.09864	0.8145	0.7927	0.6105	0.3487	0.09367	-0.294	-0.5135	-0.5603	18.46
1569	-0.5543	-0.5693	-0.5746	-0.5809	-0.5739	-0.5555	-0.5596	-0.55229	-0.545	-0.5546	-0.6666	-1.285	-1.904	-2.254	-3.199	-3.926	-3.74	-2.721	-2.2536	-1.586	-1.105	0.07805	0.8011	0.7869	0.6109	0.349	0.08509	-0.3012	-0.522	-0.5845	19.09
1549	-0.5515	-0.5837	-0.5843	-0.5932	-0.5931	-0.5769	-0.582	-0.56924	-0.5565	-0.5959	-0.7348	-1.317	-1.96	-2.353	-3.22	-4.116	-3.96	-2.931	-2.4496	-1.762	-1.254	-0.01158	0.7849	0.8159	0.6339	0.3693	0.1037	-0.298	-0.5286	-0.5781	19.72
1535	-0.5691	-0.5795	-0.5701	-0.5789	-0.5747	-0.5678	-0.5772	-0.55808	-0.539	-0.5381	-0.5796	-1.127	-1.786	-2.195	-2.978	-3.97	-3.838	-2.86	-2.3889	-1.716	-1.211	0.009422	0.7905	0.8172	0.6398	0.3769	0.09581	-0.3044	-0.5502	-0.6183	20.37
1520	-0.6068	-0.6314	-0.6352	-0.6421	-0.631	-0.6142	-0.6138	-0.58698	-0.5602	-0.5723	-0.6004	-1.135	-1.836	-2.238	-3.002	-4.091	-4.006	-3.016	-2.5395	-1.859	-1.339	-0.06153	0.7711	0.8315	0.6692	0.4008	0.1056	-0.3073	-0.5639	-0.6382	21.01
1509	-0.6364	-0.6656	-0.6475	-0.6571	-0.6553	-0.6424	-0.6445	-0.62874	-0.613	-0.6177	-0.6854	-1.262	-1.954	-2.38	-3.088	-4.318	-4.246	-3.241	-2.7493	-2.047	-1.508	-0.155	0.7498	0.8573	0.6899	0.4284	0.1244	-0.295	-0.5597	-0.6466	21.66
1503	-0.6567	-0.6733	-0.6678	-0.6776	-0.6629	-0.6599	-0.6577	-0.63308	-0.6085	-0.6085	-0.6228	-1.06	-1.803	-2.237	-2.946	-4.219	-4.231	-3.269	-2.7851	-2.094	-1.57	-0.206	0.7202	0.8609	0.7085	0.4343	0.134	-0.2926	-0.562	-0.667	22.28
1492	-0.6435	-0.6631	-0.6598	-0.6593	-0.6453	-0.6376	-0.6306	-0.61699	-0.6034	-0.6127	-0.6116	-0.9682	-1.713	-2.176	-2.85	-4.216	-4.285	-3.372	-2.8918	-2.206	-1.671	-0.2798	0.6904	0.8735	0.7292	0.4538	0.1531	-0.2872	-0.5573	-0.6644	22.91
1480	-0.6693	-0.6962	-0.6858	-0.6984	-0.6906	-0.682	-0.6785	-0.66113	-0.6438	-0.6597	-0.652	-0.9592	-1.746	-2.267	-2.955	-4.431	-4.52	-3.613	-3.1217	-2.42	-1.854	-0.3916	0.6556	0.8875	0.7592	0.4827	0.1727	-0.2822	-0.5707	-0.6808	23.55
1470	-0.6479	-0.6855	-0.685	-0.6898	-0.6749	-0.6652	-0.6694	-0.64918	-0.629	-0.6458	-0.6443	-0.8267	-1.575	-2.125	-2.868	-4.336	-4.486	-3.621	-3.1413	-2.456	-1.894	-0.4235	0.6375	0.8864	0.7721	0.4942	0.1738	-0.2765	-0.5569	-0.6779	24.18
1462	-0.68	-0.7071	-0.6992	-0.7068	-0.6863	-0.6781	-0.6867	-0.66793	-0.6492	-0.6556	-0.6559	-0.8453	-1.603	-2.16	-2.913	-4.414	-4.593	-3.739	-3.2518	-2.556	-1.99	-0.485	0.6132	0.8914	0.7845	0.5139	0.1933	-0.2705	-0.56	-0.6927	24.82
1455	-0.6522	-0.6852	-0.6949	-0.7104	-0.6973	-0.6876	-0.6847	-0.66618	-0.6477	-0.6588	-0.6512	-0.7024	-1.379	-1.995	-2.82	-4.345	-4.605	-3.817	-3.3385	-2.655	-2.079	-0.569	0.5731	0.8959	0.7966	0.5292	0.2036	-0.2606	-0.5628	-0.6888	25.43
1447	-0.6717	-0.6943	-0.7041	-0.7118	-0.6937	-0.6885	-0.6941	-0.67273	-0.6514	-0.6443	-0.6349	-0.6677	-1.266	-1.838	-2.704	-4.182	-4.549	-3.779	-3.3223	-2.67	-2.12	-0.6022	0.5537	0.9079	0.8175	0.5493	0.2235	-0.2506	-0.5661	-0.7001	26.06
1432	-0.6811	-0.7013	-0.706	-0.711	-0.7008	-0.6831	-0.6901	-0.67524	-0.6604	-0.6693	-0.6535	-0.6603	-1.214	-1.862	-2.732	-4.275	-4.636	-3.924	-3.4661	-2.812	-2.243	-0.6988	0.5098	0.9033	0.834	0.5679	0.2352	-0.2417	-0.5629	-0.6924	26.69
1431	-0.7159	-0.7329	-0.7276	-0.7409	-0.727	-0.7084	-0.7126	-0.69528	-0.678	-0.6822	-0.6702	-0.6928	-1.25	-1.873	-2.775	-4.338	-4.754	-4.056	-3.5919	-2.929	-2.354	-0.7748	0.4758	0.9109	0.8511	0.5812	0.2449	-0.238	-0.5633	-0.7189	27.32
1413	-0.7409	-0.763	-0.7501	-0.7529	-0.7387	-0.733	-0.7411	-0.72614	-0.7112	-0.7283	-0.7031	-0.7267	-1.273	-1.92	-2.857	-4.473	-4.917	-4.207	-3.7384	-3.069	-2.479	-0.8456	0.4528	0.9223	0.8784	0.5973	0.248	-0.2371	-0.5613	-0.7317	27.93
1405	-0.7319	-0.7517	-0.7438	-0.7465	-0.7273	-0.7184	-0.7286	-0.71203	-0.6955	-0.7011	-0.6867	-0.6984	-1.063	-1.739	-2.712	-4.379	-4.857	-4.224	-3.7698	-3.121	-2.531	-0.9044	0.4186	0.9207	0.892	0.614	0.2784	-0.2267	-0.5555	-0.7323	28.56
1392	-0.7385	-0.7665	-0.764	-0.7724	-0.7524	-0.744	-0.7578	-0.74229	-0.7268	-0.7328	-0.7136	-0.6973	-1.006	-1.648	-2.68	-4.397	-4.916	-4.325	-3.8753	-3.233	-2.651	-0.9901	0.3733	0.929	0.9085	0.6328	0.2809	-0.2169	-0.5513	-0.7388	29.18
1378	-0.7847	-0.8068	-0.805	-0.8166	-0.8004	-0.7841	-0.7915	-0.77183	-0.7522	-0.7598	-0.7464	-0.7306	-0.9694	-1.509	-2.591	-4.417	-4.992	-4.45	-4.0094	-3.38	-2.785	-1.087	0.3278	0.9245	0.9181	0.6485	0.3035	-0.2072	-0.5572	-0.7582	29.81
1372	-0.7304	-0.7376	-0.7371	-0.7535	-0.7397	-0.7293	-0.7348	-0.71979	-0.7048	-0.7246	-0.6949	-0.6633	-0.8666	-1.422	-2.485	-4.217	-4.805	-4.303	-3.8768	-3.268	-2.714	-1.044	0.3372	0.9359	0.9309	0.6695	0.3148	-0.1921	-0.5411	-0.7345	30.41
1348	-0.8275	-0.8387	-0.8231	-0.8377	-0.8239	-0.8215	-0.8327	-0.81644	-0.8002	-0.8163	-0.8017	-0.781	-1.084	-1.648	-2.752	-4.525	-5.145	-4.574	-4.128	-3.491	-2.909	-1.159	0.2885	0.9453	0.9475	0.686	0.3305	-0.1915	-0.5602	-0.7911	31.04
1340	-0.9307	-0.9428	-0.9206	-0.9306	-0.9108	-0.8857	-0.9048	-0.88588	-0.867	-0.8669	-0.8191	-0.7929	-1.228	-1.793	-2.874	-4.55	-5.197	-4.599	-4.1477	-3.503	-2.948	-1.166	0.2881	0.9504	0.9615	0.6897	0.3323	-0.2171	-0.6014	-0.859	31.67
1327	-0.9288	-0.9245	-0.9044	-0.9027	-0.8757	-0.8646	-0.8814	-0.85628	-0.8312	-0.8424	-0.81	-0.7741	-1.171	-1.725	-2.799	-4.501	-5.168	-4.605	-4.166	-3.539	-2.978	-1.194	0.2663	0.9602	0.9802	0.7107	0.3459	-0.1945	-0.5786	-0.8517	32.26
1325	-0.956	-0.9539	-0.9344	-0.9301	-0.9132	-0.8962	-0.9096	-0.89078	-0.872	-0.8905	-0.8637	-0.8215	-1.095	-1.641	-2.781	-4.581	-5.308	-4.793	-4.3602	-3.742	-3.179	-1.351	0.1884	0.9542	0.9996	0.7352	0.3771	-0.1782	-0.5892	-0.8651	32.87
1324	-0.9482	-0.9547	-0.9294	-0.9279	-0.9084	-0.8969	-0.9014	-0.88173	-0.8621	-0.8712	-0.8469	-0.8067	-0.968	-1.402	-2.512	-4.302	-5.029	-4.583	-4.1807	-3.606	-3.072	-1.286	0.2133	0.9624	1.009	0.7498	0.3877	-0.1783	-0.58	-0.8537	33.5
1307	-0.9256	-0.9414	-0.9326	-0.9486	-0.9397	-0.9288	-0.946	-0.93759	-0.9292	-0.9635	-0.933	-0.9067	-0.9345	-1.059	-1.656	-2.643	-3.246	-3.05	-2.8585	-2.585	-2.291	-0.8648	0.3539	0.9823	1.013	0.7546	0.3823	-0.1638	-0.5679	-0.8483	34.1
1257	-0.8634	-0.8817	-0.8827	-0.9227	-0.9246	-0.9234	-0.9431	-0.92974	-0.9164	-0.9387	-0.9335	-0.8741	-0.8852	-0.8541	-0.9267	-0.9088	-1.291	-1.248	-1.2731	-1.309	-1.231	-0.2807	0.5918	1.014	1.016	0.7553	0.3976	-0.1616	-0.5702	-0.8144	34.72
1277	-0.8144	-0.8419	-0.8423	-0.8784	-0.8755	-0.8673	-0.8945	-0.8901	-0.8857	-0.9241	-0.9506	-0.9363	-0.9482	-0.9148	-0.9873	-1.041	-1.377	-1.595	-1.5501	-1.486	-1.228	-0.3186	0.5954	0.9979	1	0.7387	0.3914	-0.1634	-0.5513	-0.7892	34.72
1261	-0.8725	-0.8906	-0.8858	-0.9105	-0.9069	-0.9063	-0.9306	-0.9344	-0.9382	-0.9636	-0.9579	-0.956	-0.9816	-0.9637	-1.099	-1.504	-1.99	-1.909	-1.8435	-1.75	-1.565	-0.451	0.5314	0.9947	1.013	0.7381	0.3855	-0.1741	-0.5683	-0.8202	34.1
1292	-0.9273	-0.9291	-0.9169	-0.918	-0.8962	-0.8808	-0.8928	-0.88519	-0.8776	-0.9128	-0.8898	-0.846	-0.9409	-1.238	-2.152	-3.705	-4.44	-4.053	-3.7104	-3.221	-2.768	-1.117	0.265	0.9553	1.006	0.7297	0.3656	-0.1827	-0.5842	-0.8497	33.5
1291	-0.9164	-0.9155	-0.8971	-0.901	-0.8827	-0.8712	-0.8874	-0.88154	-0.8757	-0.893	-0.8681	-0.823	-0.9923	-1.411	-2.51	-4.11	-4.835	-4.369	-3.9778	-3.419	-2.915	-1.185	0.2441	0.9485	0.9889	0.7207	0.3554	-0.1998	-0.5946	-0.8504	32.89
1325	-0.916	-0.9204	-0.9058	-0.9128	-0.8966	-0.8827	-0.8798	-0.85348	-0.8272	-0.8438	-0.82	-0.7753	-1.136	-1.671	-2.795	-4.467	-5.152	-4.579	-4.1408	-3.515	-2.959	-1.179	0.2647	0.9394	0.9817	0.7025	0.326	-0.2114	-0.6085	-0.853	32.28
1347	-0.8562	-0.8586	-0.8406	-0.8525	-0.8437	-0.8254	-0.8421	-0.82273	-0.8034	-0.83	-0.7895	-0.7589	-1.085	-1.614	-2.714	-4.443	-5.1	-4.553	-4.1169	-3.494	-2.927	-1.16	0.2705	0.9387	0.9658	0.6819	0.3307	-0.2121	-0.5986	-0.8154	31.67
1341	-0.9272	-0.9338	-0.9171	-0.91	-0.8854	-0.8618	-0.8689	-0.85719	-0.8455	-0.853	-0.8098	-0.8112	-1.333	-1.867	-2.894	-4.492	-5.112	-4.449	-3.9931	-3.342	-2.798	-1.036	0.3468	0.9497	0.9607	0.6661	0.3017	-0.2334	-0.62	-0.8583	31.02
1354	-0.8907	-0.9005	-0.8584	-0.8621	-0.8554	-0.844	-0.8608	-0.85309	-0.8454	-0.8321	-0.7938	-0.8	-1.345	-1.879	-2.863	-4.464	-5.049	-4.384	-3.9302	-3.282	-2.734	-1.002	0.3618	0.9409	0.9344	0.6417	0.2789	-0.2434	-0.6237	-0.8425	30.41
1353	-0.9165	-0.9395	-0.9233	-0.9248	-0.886	-0.8578	-0.8819	-0.88976	-0.8976	-0.8719	-0.8158	-0.8684	-1.539	-2.026	-2.975	-4.526	-5.052	-4.307	-3.8359	-3.163	-2.613	-0.8913	0.4286	0.9562	0.9351	0.6285	0.2691	-0.2599	-0.6336	-0.851	29.78
1367	-0.904	-0.9187	-0.8996	-0.9149	-0.8766	-0.8714	-0.9013	-0.92913	-0.9569	-0.9273	-0.8663	-0.9597	-1.686	-2.132	-3.062	-4.592	-5.102	-4.3	-3.8235	-3.143	-2.6	-0.8818	0.4261	0.9388	0.9165	0.6128	0.2463	-0.2611	-0.6269	-0.8341	29.16
1421	-0.7637	-0.7904	-0.7782	-0.7893	-0.7712	-0.7543	-0.765	-0.74608	-0.7272	-0.737	-0.7117	-0.7158	-1.251	-1.858	-2.867	-4.488	-4.999	-4.331	-3.8665	-3.203	-2.635	-0.9553	0.3794	0.9106	0.8905	0.6029	0.2467	-0.2359	-0.5764	-0.7504	28.54
1421	-0.7371	-0.7643	-0.7516	-0.7625	-0.7505	-0.7418	-0.7594	-0.74078	-0.7222	-0.7183	-0.7076	-0.7194	-1.255	-1.877	-2.855	-4.442	-4.911	-4.216	-3.7453	-3.073	-2.503	-0.8564	0.4332	0.9106	0.8822	0.5855	0.2371	-0.2552	-0.5944	-0.7467	27.94
1418	-0.7143	-0.7289	-0.7181	-0.734	-0.7178	-0.7084	-0.7189	-0.70143	-0.684	-0.682	-0.6679	-0.6845	-1.237	-1.846	-2.783	-4.359	-4.78	-4.069	-3.5963	-2.921	-2.353	-0.7511	0.4916	0.9119	0.8669	0.5646	0.2088	-0.2672	-0.5953	-0.7403	27.29
1427	-0.6915	-0.7143	-0.7112	-0.7324	-0.7136	-0.698	-0.7119	-0.69223	-0.6726	-0.678	-0.664	-0.6805	-1.257	-1.873	-2.771	-4.308	-4.68	-3.954	-3.4854	-2.816	-2.244	-0.6862	0.5097	0.8928	0.8453	0.5483	0.1981	-0.2734	-0.6008	-0.7248	26.65
1435	-0.6902	-0.7179	-0.7124	-0.7334	-0.7146	-0.6971	-0.7133	-0.69098	-0.6687	-0.6802	-0.6642	-0.705	-1.318	-1.957	-2.851	-4.422	-4.751	-3.999	-3.516	-2.826	-2.238	-0.6672	0.5315	0.9014	0.8404	0.5365	0.1875	-0.2871	-0.6062	-0.7243	26.03
1455	-0.686	-0.7107	-0.7027	-0.7182	-0.7049	-0.6907	-0.7036	-0.68523	-0.6669	-0.671	-0.6432	-0.7935	-1.517	-2.064	-2.89	-4.403	-4.679	-3.87	-3.3886	-2.701	-2.129	-0.5913	0.5581	0.8891	0.8128	0.5122	0.1663	-0.2908	-0.598	-0.7108	25.43
1462	-0.6619	-0.697	-0.6889	-0.7016	-0.6838	-0.6812	-0.7001	-0.68063	-0.6612	-0.6737	-0.6598	-0.8279	-1.584	-2.142	-2.925	-4.423	-4.638	-3.798	-3.3055	-2.602	-2.033	-0.5219	0.5889	0.878	0.8007	0.4928	0.1469	-0.2969	-0.595	-0.7036	24.8
1468	-0.6951	-0.7117	-0.6988	-0.722	-0.716	-0.7025	-0.7025	-0.67327	-0.6441	-0.6407	-0.6452	-0.9736	-1.748	-2.229	-2.966	-4.396	-4.54	-3.649	-3.1536	-2.446	-1.897	-0.4241	0.6329	0.8743	0.7812	0.4696	0.1371	-0.3106	-0.6099	-0.7115	24.16
1478	-0.6422	-0.6721	-0.6663	-0.6839	-0.6616	-0.6499	-0.6634	-0.63633	-0.6093	-0.6187	-0.6098	-0.8054	-1.575	-2.106	-2.825	-4.27	-4.386	-3.508	-3.0184	-2.319	-1.765	-0.3337	0.6769	0.8754	0.7683	0.4583	0.127	-0.3235	-0.6147	-0.6962	23.54
1485	-0.6263	-0.6588	-0.6554	-0.678	-0.6634	-0.6527	-0.6655	-0.63707	-0.6087	-0.6157	-0.6107	-0.8975	-1.674	-2.132	-2.864	-4.2	-4.321	-3.403	-2.9171	-2.223	-1.7	-0.2812	0.6864	0.8645	0.7566	0.4519	0.1264	-0.3108	-0.5945	-0.6785	22.89
1498	-0.6207	-0.6504	-0.647	-0.6566	-0.6328	-0.6112	-0.6253	-0.59913	-0.573	-0.5747	-0.5821	-0.937	-1.702	-2.122	-2.858	-4.106	-4.162	-3.227	-2.7468	-2.061	-1.553	-0.1921	0.7131	0.837	0.7183	0.4231	0.1072	-0.3301	-0.6062	-0.6759	22.27
1503	-0.6215	-0.656	-0.6301	-0.6446	-0.6262	-0.6214	-0.6315	-0.61073	-0.59	-0.6026	-0.669	-1.223	-1.915	-2.331	-3.125	-4.255	-4.194	-3.218	-2.723	-2.016	-1.486	-0.1413	0.7365	0.8347	0.7006	0.4055	0.08884	-0.3328	-0.6046	-0.6599	21.64
1520	-0.6043	-0.6314	-0.6029	-0.617	-0.5995	-0.582	-0.6086	-0.58668	-0.5648	-0.5782	-0.627	-1.168	-1.85	-2.242	-3.057	-4.103	-4.046	-3.073	-2.5863	-1.891	-1.387	-0.08284	0.7513	0.8186	0.6847	0.3886	0.07889	-0.3362	-0.5975	-0.6522	20.98
1519	-0.6097	-0.6318	-0.6282	-0.6552	-0.6436	-0.6175	-0.6116	-0.59869	-0.5858	-0.5785	-0.6427	-1.209	-1.902	-2.27	-3.162	-4.106	-4.023	-3.011	-2.5164	-1.81	-1.306	-0.01892	0.786	0.8191	0.6774	0.3807	0.07002	-0.3437	-0.6064	-0.6562	20.35
1527	-0.5965	-0.609	-0.5976	-0.6141	-0.6063	-0.588	-0.5928	-0.56713	-0.5415	-0.5407	-0.6165	-1.209	-1.877	-2.227	-3.176	-3.985	-3.863	-2.852	-2.3665	-1.673	-1.19	0.05189	0.7924	0.7953	0.6506	0.3544	0.05188	-0.3454	-0.6031	-0.6456	19.72
1533	-0.5452	-0.5803	-0.5684	-0.5896	-0.5851	-0.5715	-0.5806	-0.56584	-0.5511	-0.5677	-0.6861	-1.275	-1.927	-2.286	-3.298	-4.014	-3.839	-2.807	-2.3219	-1.629	-1.138	0.07285	0.8022	0.7798	0.633	0.3411	0.04286	-0.3478	-0.5927	-0.6087	19.07
1552	-0.5675	-0.6016	-0.588	-0.6117	-0.5895	-0.5815	-0.591	-0.56753	-0.5441	-0.5662	-0.7035	-1.367	-1.998	-2.322	-3.349	-4.018	-3.847	-2.785	-2.2954	-1.596	-1.124	0.09976	0.8114	0.7826	0.625	0.3368	0.03358	-0.3399	-0.5852	-0.6079	18.44
1537	-0.5093	-0.5354	-0.5546	-0.5855	-0.5907	-0.596	-0.6226	-0.59858	-0.5746	-0.5949	-0.7294	-1.351	-2.004	-2.337	-3.387	-4.047	-3.861	-2.785	-2.2941	-1.593	-1.108	0.1078	0.8161	0.7777	0.6313	0.3402	0.04275	-0.329	-0.5578	-0.5655	17.8
1557	-0.4734	-0.5116	-0.5303	-0.5508	-0.5497	-0.5396	-0.5511	-0.52653	-0.502	-0.5075	-0.5935	-1.209	-1.872	-2.206	-3.249	-3.846	-3.642	-2.594	-2.1196	-1.442	-0.9795	0.1757	0.8192	0.7547	0.6078	0.3158	0.03347	-0.3282	-0.5422	-0.5511	17.16
1583	-0.4514	-0.4939	-0.524	-0.578	-0.5943	-0.6038	-0.6068	-0.58333	-0.5599	-0.6166	-0.814	-1.437	-2.059	-2.396	-3.423	-4.035	-3.768	-2.703	-2.2117	-1.51	-1.023	0.1455	0.8076	0.7424	0.5979	0.3106	0.04149	-0.3124	-0.5172	-0.5119	16.53
1589	-0.3925	-0.443	-0.4673	-0.5325	-0.5387	-0.5595	-0.592	-0.59791	-0.6038	-0.6976	-0.9709	-1.675	-2.26	-2.573	-3.598	-4.224	-3.928	-2.802	-2.2975	-1.577	-1.078	0.1178	0.8062	0.7457	0.5955	0.3133	0.04986	-0.2904	-0.483	-0.4596	15.9
1603	-0.302	-0.3538	-0.395	-0.4637	-0.4905	-0.527	-0.5772	-0.65657	-0.7358	-0.9566	-1.353	-1.985	-2.543	-2.842	-3.852	-4.513	-4.169	-2.962	-2.4361	-1.685	-1.166	0.08313	0.7926	0.7456	0.6053	0.3223	0.0579	-0.264	-0.4311	-0.376	15.27
1611	-0.07296	-0.09669	-0.1303	-0.2053	-0.2868	-0.4029	-0.5914	-0.8134	-1.035	-1.363	-1.798	-2.434	-2.977	-3.259	-4.319	-5.052	-4.674	-3.366	-2.8014	-1.995	-1.425	-0.05805	0.7513	0.7662	0.6314	0.3475	0.08285	-0.208	-0.3415	-0.2286	14.65
1632	-0.04425	-0.06822	-0.09392	-0.1911	-0.2832	-0.4224	-0.6153	-0.83835	-1.061	-1.368	-1.793	-2.4	-2.929	-3.181	-4.169	-4.877	-4.475	-3.157	-2.6019	-1.809	-1.273	0.04195	0.7836	0.7505	0.609	0.3279	0.0735	-0.2121	-0.3451	-0.2094	14.01
1640	0.006667	-0.02495	-0.0681	-0.1947	-0.311	-0.4473	-0.641	-0.84919	-1.057	-1.356	-1.756	-2.338	-2.838	-3.062	-3.954	-4.628	-4.181	-2.875	-2.3351	-1.564	-1.064	0.1669	0.8229	0.7288	0.57	0.3037	0.04832	-0.2211	-0.3433	-0.1889	13.35
1654	0.02031	-0.006817	-0.05837	-0.1838	-0.3149	-0.4435	-0.6259	-0.82863	-1.031	-1.317	-1.706	-2.262	-2.724	-2.921	-3.735	-4.376	-3.898	-2.613	-2.0958	-1.357	-0.8718	0.2633	0.8372	0.6867	0.5365	0.2711	0.03151	-0.2358	-0.3403	-0.184	12.73
1661	0.04527	0.002133	-0.05588	-0.19	-0.3138	-0.4525	-0.6212	-0.81828	-1.015	-1.286	-1.657	-2.189	-2.622	-2.809	-3.538	-4.127	-3.606	-2.341	-1.8378	-1.119	-0.6679	0.3794	0.8555	0.6486	0.499	0.2366	0.01506	-0.2482	-0.3468	-0.1705	12.08
1673	0.06075	0.01319	-0.05547	-0.1955	-0.3181	-0.4439	-0.6119	-0.79732	-0.9824	-1.25	-1.597	-2.094	-2.492	-2.671	-3.311	-3.822	-3.277	-2.051	-1.5732	-0.8908	-0.4763	0.4734	0.8606	0.6085	0.453	0.209	-0.01747	-0.2595	-0.3519	-0.1597	11.43
1678	0.07182	0.01757	-0.05755	-0.1972	-0.3149	-0.4372	-0.6054	-0.78006	-0.9544	-1.209	-1.544	-2.015	-2.384	-2.582	-3.144	-3.598	-3.024	-1.811	-1.3525	-0.6976	-0.3135	0.5556	0.8645	0.5656	0.4024	0.1753	-0.04166	-0.2718	-0.3584	-0.1592	10.79
1681	0.08743	0.02415	-0.05295	-0.1968	-0.3165	-0.4311	-0.5878	-0.76001	-0.9319	-1.17	-1.482	-1.929	-2.263	-2.501	-2.946	-3.329	-2.73	-1.555	-1.1184	-0.4947	-0.1395	0.6381	0.8531	0.5119	0.3595	0.1418	-0.06577	-0.2844	-0.3578	-0.1462	10.14
1689	0.09147	0.02622	-0.06164	-0.2026	-0.315	-0.4237	-0.5803	-0.7416	-0.9026	-1.117	-1.417	-1.823	-2.158	-2.361	-2.73	-3.031	-2.421	-1.289	-0.88066	-0.2974	0.0214	0.6989	0.8264	0.4394	0.3019	0.1009	-0.08953	-0.2993	-0.3712	-0.1392	9.506
1699	0.09988	0.03044	-0.06353	-0.2015	-0.3111	-0.4162	-0.5633	-0.71829	-0.873	-1.085	-1.365	-1.747	-2.086	-2.221	-2.571	-2.805	-2.178	-1.064	-0.67724	-0.1248	0.1561	0.7587	0.8042	0.3849	0.2517	0.06762	-0.113	-0.3106	-0.3767	-0.1259	8.838
1704	0.1062	0.03035	-0.06555	-0.2054	-0.308	-0.4045	-0.5477	-0.69178	-0.8356	-1.035	-1.303	-1.653	-1.987	-2.08	-2.401	-2.569	-1.925	-0.8565	-0.49184	0.02903	0.284	0.8008	0.7713	0.3202	0.2024	0.03114	-0.1365	-0.3291	-0.383	-0.1287	8.219
1710	0.1125	0.02591	-0.06532	-0.2002	-0.3004	-0.3901	-0.5273	-0.66477	-0.802	-0.9847	-1.237	-1.554	-1.852	-1.914	-2.207	-2.306	-1.661	-0.6433	-0.30583	0.1762	0.3926	0.8169	0.7127	0.2384	0.1396	-0.01234	-0.1678	-0.344	-0.3891	-0.1189	7.551
1715	0.1143	0.02799	-0.06953	-0.2018	-0.2931	-0.3785	-0.5142	-0.64277	-0.7711	-0.9456	-1.173	-1.493	-1.735	-1.783	-2.037	-2.081	-1.431	-0.4445	-0.13565	0.3055	0.4885	0.827	0.658	0.1631	0.08416	-0.05554	-0.1831	-0.3558	-0.3954	-0.1092	6.916
1717	0.1208	0.02148	-0.06505	-0.1949	-0.282	-0.3677	-0.4953	-0.61661	-0.7377	-0.9033	-1.114	-1.438	-1.628	-1.663	-1.888	-1.882	-1.223	-0.2791	0.0056183	0.4123	0.5728	0.8323	0.5937	0.08268	0.0291	-0.09867	-0.2144	-0.3746	-0.4024	-0.1091	6.281
1730	0.1177	0.01918	-0.0711	-0.1912	-0.2777	-0.3546	-0.4755	-0.59075	-0.7058	-0.8504	-1.039	-1.344	-1.506	-1.513	-1.711	-1.651	-1	-0.107	0.14469	0.5042	0.6286	0.8197	0.5134	-0.00328	-0.03249	-0.1372	-0.2363	-0.3812	-0.4067	-0.1051	5.63
1743	0.1125	0.02117	-0.06192	-0.1855	-0.2715	-0.3393	-0.4563	-0.56365	-0.6708	-0.8037	-0.9685	-1.256	-1.401	-1.394	-1.565	-1.455	-0.8156	0.02495	0.2529	0.5785	0.6779	0.8015	0.433	-0.09362	-0.09995	-0.1681	-0.258	-0.3975	-0.4112	-0.09829	4.978
1739	0.1106	0.01482	-0.06641	-0.1815	-0.2616	-0.3299	-0.4393	-0.53989	-0.6403	-0.7649	-0.9242	-1.171	-1.298	-1.273	-1.417	-1.261	-0.6268	0.1628	0.36207	0.6467	0.7154	0.7661	0.3382	-0.1901	-0.1545	-0.2147	-0.282	-0.4079	-0.4121	-0.08933	4.344
1751	0.1012	0.006255	-0.0681	-0.1802	-0.2534	-0.3124	-0.4227	-0.51438	-0.6059	-0.7192	-0.8979	-1.087	-1.199	-1.153	-1.274	-1.069	-0.4517	0.286	0.45768	0.7029	0.7401	0.7237	0.2299	-0.2843	-0.2275	-0.2591	-0.311	-0.4176	-0.4165	-0.07349	3.677
1743	0.09518	0.002033	-0.07276	-0.1745	-0.244	-0.3036	-0.4089	-0.49388	-0.5787	-0.682	-0.8756	-1.016	-1.107	-1.05	-1.146	-0.8978	-0.2978	0.3874	0.53013	0.734	0.7496	0.6652	0.1182	-0.3873	-0.2895	-0.2958	-0.328	-0.429	-0.4185	-0.06773	3.043
1767	0.08316	-0.008478	-0.07389	-0.1764	-0.2406	-0.2969	-0.392	-0.47152	-0.5509	-0.6374	-0.8208	-0.9386	-1.015	-0.9472	-1.018	-0.7555	-0.1676	0.4621	0.58342	0.7567	0.7451	0.607	0.01151	-0.471	-0.3456	-0.3371	-0.3464	-0.4355	-0.4127	-0.06076	2.393
1774	0.0807	-0.008444	-0.07146	-0.1692	-0.2334	-0.2807	-0.3727	-0.44406	-0.5153	-0.595	-0.7621	-0.8688	-0.9247	-0.8407	-0.8991	-0.6028	-0.03521	0.54	0.63249	0.7646	0.7362	0.5315	-0.1101	-0.5745	-0.4173	-0.3741	-0.3756	-0.4462	-0.411	-0.05451	1.743
1781	0.06981	-0.01258	-0.06909	-0.1644	-0.2223	-0.2672	-0.3559	-0.41911	-0.4822	-0.5482	-0.7107	-0.7943	-0.8297	-0.7317	-0.7616	-0.4413	0.1023	0.6115	0.67121	0.7565	0.7044	0.4327	-0.2599	-0.6942	-0.4887	-0.4145	-0.3972	-0.457	-0.4096	-0.04535	1.093
1799	0.06279	-0.01451	-0.07048	-0.1584	-0.2139	-0.2521	-0.3348	-0.39055	-0.4462	-0.5033	-0.6392	-0.7125	-0.7334	-0.6229	-0.634	-0.2825	0.2221	0.6598	0.692	0.738	0.6509	0.3202	-0.4135	-0.8129	-0.5559	-0.4514	-0.4232	-0.4645	-0.4125	-0.04192	0.4607
1791	0.05675	-0.01457	-0.06448	-0.1485	-0.1984	-0.2334	-0.3121	-0.36465	-0.4171	-0.471	-0.5872	-0.6389	-0.6516	-0.5315	-0.5233	-0.1557	0.3233	0.6992	0.70542	0.7143	0.6132	0.2131	-0.5709	-0.9375	-0.6309	-0.5053	-0.4403	-0.4759	-0.4144	-0.04211	-0.1554
1792	0.04828	-0.01663	-0.06022	-0.1463	-0.1901	-0.2209	-0.2965	-0.34309	-0.3896	-0.4411	-0.5449	-0.5789	-0.5782	-0.4484	-0.4328	-0.04776	0.402	0.7171	0.70244	0.6815	0.5547	0.1045	-0.7107	-1.047	-0.7029	-0.5429	-0.4628	-0.4848	-0.4213	-0.04209	-0.7873
1809	0.03946	-0.02057	-0.05756	-0.1364	-0.1801	-0.204	-0.2741	-0.31364	-0.3531	-0.4027	-0.4789	-0.5029	-0.4823	-0.3396	-0.3062	0.09284	0.4942	0.7283	0.67987	0.6107	0.4516	-0.05766	-0.9015	-1.184	-0.794	-0.5855	-0.4883	-0.4923	-0.4173	-0.03874	-1.467
1810	0.03735	-0.01851	-0.05335	-0.1279	-0.1658	-0.1916	-0.2544	-0.28923	-0.324	-0.3683	-0.4307	-0.4407	-0.4068	-0.2574	-0.2135	0.1962	0.557	0.7278	0.64861	0.5355	0.3535	-0.2068	-1.082	-1.303	-0.8848	-0.6364	-0.5105	-0.5042	-0.417	-0.04166	-2.114
1814	0.02685	-0.02051	-0.05115	-0.1213	-0.1552	-0.1716	-0.2386	-0.26748	-0.2963	-0.3284	-0.3851	-0.3807	-0.3338	-0.175	-0.1239	0.2889	0.6157	0.7262	0.62078	0.4702	0.2609	-0.3492	-1.263	-1.43	-0.9673	-0.6758	-0.5318	-0.5152	-0.4161	-0.04744	-2.744
1827	0.02254	-0.02037	-0.04253	-0.1121	-0.1441	-0.1583	-0.2154	-0.24152	-0.2676	-0.2923	-0.335	-0.314	-0.2659	-0.0999	-0.04775	0.3663	0.6532	0.6975	0.56552	0.377	0.1452	-0.5064	-1.438	-1.55	-1.019	-0.7153	-0.543	-0.5178	-0.4133	-0.04712	-3.374
1828	0.01632	-0.02036	-0.03837	-0.1016	-0.1299	-0.1411	-0.1959	-0.21737	-0.2388	-0.2535	-0.2873	-0.2525	-0.1942	-0.0223	0.03415	0.4519	0.6945	0.6554	0.49484	0.2655	0.01409	-0.6834	-1.641	-1.689	-1.07	-0.7588	-0.565	-0.5295	-0.4131	-0.05292	-4.003
1832	0.005969	-0.02436	-0.03828	-0.09723	-0.1196	-0.1287	-0.1783	-0.19306	-0.2078	-0.2239	-0.2393	-0.1935	-0.1254	0.05144	0.1158	0.5267	0.7196	0.6064	0.41133	0.1327	-0.1394	-0.8882	-1.866	-1.835	-1.126	-0.801	-0.5933	-0.5343	-0.4052	-0.06153	-4.647
1840	0.003888	-0.0162	-0.02784	-0.08849	-0.109	-0.1136	-0.1625	-0.17146	-0.1804	-0.1845	-0.2005	-0.1345	-0.06261	0.1136	0.1868	0.5835	0.7342	0.5563	0.33395	0.01635	-0.2803	-1.066	-2.06	-1.956	-1.198	-0.8411	-0.6202	-0.5439	-0.4103	-0.06126	-5.29
