11641	2	12	87	28.3	778.5	1	10	4	3.021	128	4096	10	0	0	0	0	386.7	1023.3	1.4964e+006	0.11869	0.12637	41.307	0	0	1	0	0	0	3	0	0
982.3	0.1007	0.01212	-0.09175	-0.2087	-0.3376	-0.4253	-0.551	-0.7117	-0.8615	-1.041	-1.281	-1.686	-1.994	-2.201	-2.408	-2.703	-2.017	-0.9473	-0.664	-0.05868	0.2028	0.7645	0.81	0.4676	0.2341	0.1463	-0.01842	-0.1653	-0.2053	-0.04985	9.337
982.1	0.09493	0.007219	-0.1064	-0.2107	-0.3317	-0.4286	-0.576	-0.7098	-0.8634	-1.047	-1.326	-1.713	-2.049	-2.245	-2.463	-2.777	-2.079	-1.024	-0.7259	-0.1169	0.1933	0.7581	0.8257	0.4516	0.2534	0.1508	0.01056	-0.1581	-0.1962	-0.03468	9.54
981.2	0.08693	0.0246	-0.0934	-0.2144	-0.3298	-0.419	-0.5577	-0.7179	-0.8678	-1.024	-1.341	-1.76	-2.066	-2.264	-2.507	-2.839	-2.154	-1.081	-0.7841	-0.1841	0.1235	0.7368	0.824	0.4932	0.2572	0.1742	0.01334	-0.1627	-0.1951	-0.05154	9.728
979.1	0.09483	0.01254	-0.08974	-0.2149	-0.3342	-0.4317	-0.5605	-0.724	-0.8878	-1.064	-1.332	-1.775	-2.105	-2.321	-2.551	-2.932	-2.236	-1.152	-0.8338	-0.2319	0.07589	0.7163	0.8296	0.4992	0.2746	0.1765	0.03968	-0.167	-0.1968	-0.04893	9.943
978.1	0.07561	0.00687	-0.1041	-0.2136	-0.3312	-0.4331	-0.5699	-0.7239	-0.9005	-1.081	-1.363	-1.783	-2.137	-2.367	-2.603	-2.984	-2.303	-1.21	-0.9095	-0.2678	0.04298	0.7138	0.8495	0.541	0.2918	0.1868	0.05358	-0.1565	-0.2049	-0.06641	10.14
977.2	0.07761	0.0008089	-0.1069	-0.2219	-0.3254	-0.4352	-0.5624	-0.7316	-0.8916	-1.114	-1.378	-1.827	-2.15	-2.411	-2.664	-3.04	-2.37	-1.287	-0.9424	-0.3245	0.009988	0.6879	0.8505	0.5496	0.2981	0.1933	0.02866	-0.1521	-0.1985	-0.07246	10.34
975.5	0.07581	-0.004507	-0.1005	-0.211	-0.3305	-0.4337	-0.5864	-0.737	-0.8939	-1.101	-1.402	-1.85	-2.173	-2.462	-2.712	-3.132	-2.445	-1.35	-1.009	-0.3608	-0.01881	0.6835	0.8514	0.5556	0.3023	0.2069	0.04399	-0.1479	-0.1752	-0.04747	10.53
974.5	0.08287	0.01678	-0.09366	-0.2081	-0.3264	-0.436	-0.5773	-0.742	-0.9157	-1.101	-1.418	-1.879	-2.196	-2.517	-2.773	-3.21	-2.524	-1.408	-1.073	-0.4238	-0.07012	0.6621	0.865	0.5804	0.328	0.2217	0.05378	-0.1412	-0.2174	-0.04807	10.7
973.6	0.0779	0.02288	-0.08598	-0.2094	-0.3183	-0.4428	-0.5802	-0.7177	-0.9082	-1.121	-1.432	-1.898	-2.211	-2.564	-2.817	-3.269	-2.606	-1.481	-1.14	-0.4809	-0.114	0.6205	0.8663	0.587	0.3441	0.2302	0.06775	-0.1442	-0.1979	-0.06671	10.92
973.7	0.06858	0.009944	-0.08713	-0.1941	-0.3266	-0.435	-0.5887	-0.7496	-0.9386	-1.139	-1.438	-1.904	-2.219	-2.586	-2.858	-3.337	-2.673	-1.562	-1.195	-0.5266	-0.1557	0.6049	0.8634	0.6071	0.3573	0.2358	0.09003	-0.13	-0.1926	-0.07053	11.11
973.1	0.06668	0.008047	-0.08913	-0.2037	-0.3185	-0.4435	-0.5975	-0.7809	-0.9496	-1.162	-1.468	-1.933	-2.25	-2.657	-2.907	-3.401	-2.752	-1.64	-1.253	-0.5886	-0.1965	0.5931	0.8679	0.6217	0.3697	0.2442	0.07615	-0.1245	-0.1967	-0.06894	11.26
972.5	0.064	0.01034	-0.1086	-0.2124	-0.3319	-0.4401	-0.5942	-0.7659	-0.9512	-1.151	-1.478	-1.959	-2.253	-2.664	-2.967	-3.49	-2.834	-1.705	-1.331	-0.6367	-0.234	0.569	0.863	0.6311	0.3893	0.2584	0.07898	-0.1257	-0.1731	-0.07664	11.46
971.8	0.06482	0.002338	-0.08419	-0.2035	-0.3163	-0.4368	-0.5995	-0.7648	-0.9415	-1.161	-1.489	-1.995	-2.296	-2.674	-3.01	-3.558	-2.908	-1.783	-1.407	-0.697	-0.2953	0.5617	0.8699	0.6448	0.4054	0.2719	0.07765	-0.1258	-0.172	-0.05971	11.61
971.1	0.05086	0.01684	-0.09321	-0.2005	-0.3324	-0.4618	-0.5809	-0.7762	-0.9591	-1.167	-1.507	-2.005	-2.324	-2.715	-3.071	-3.626	-2.979	-1.843	-1.435	-0.7414	-0.3416	0.5365	0.8683	0.6554	0.4106	0.2759	0.1042	-0.131	-0.1787	-0.06195	11.82
970.1	0.0587	0.018	-0.08278	-0.2043	-0.3031	-0.4476	-0.59	-0.772	-0.9492	-1.168	-1.509	-2.032	-2.346	-2.755	-3.096	-3.663	-3.038	-1.906	-1.483	-0.806	-0.386	0.4925	0.8728	0.6703	0.4122	0.2915	0.1127	-0.1181	-0.1868	-0.0686	11.99
969.3	0.06344	0.005785	-0.09299	-0.206	-0.3133	-0.459	-0.6072	-0.7639	-0.9648	-1.187	-1.524	-2.041	-2.37	-2.711	-3.16	-3.737	-3.115	-1.979	-1.564	-0.8487	-0.4379	0.4751	0.8693	0.678	0.4296	0.293	0.08485	-0.1102	-0.1803	-0.06536	12.11
967.7	0.05534	0.008858	-0.1021	-0.2107	-0.3336	-0.4598	-0.6192	-0.7739	-0.9776	-1.208	-1.547	-2.077	-2.399	-2.831	-3.209	-3.815	-3.187	-2.045	-1.626	-0.9081	-0.4493	0.4502	0.8663	0.6903	0.4498	0.2922	0.1074	-0.1189	-0.1687	-0.08529	12.27
966.5	0.03937	5.119e-005	-0.1007	-0.2086	-0.3313	-0.4534	-0.6012	-0.7841	-0.9831	-1.201	-1.554	-2.1	-2.439	-2.76	-3.263	-3.879	-3.257	-2.1	-1.674	-0.9543	-0.521	0.4575	0.8622	0.7044	0.443	0.315	0.1033	-0.11	-0.1544	-0.08043	12.4
965.6	0.04097	-0.006472	-0.08238	-0.1934	-0.3362	-0.4745	-0.5968	-0.8095	-0.9952	-1.236	-1.575	-2.114	-2.469	-2.823	-3.288	-3.929	-3.323	-2.165	-1.713	-1.005	-0.5602	0.4188	0.8661	0.7101	0.4581	0.3184	0.1273	-0.118	-0.1889	-0.07554	12.55
964.9	0.04062	0.003891	-0.07696	-0.1836	-0.3212	-0.4583	-0.6234	-0.7887	-0.9869	-1.225	-1.608	-2.13	-2.496	-2.866	-3.333	-3.983	-3.408	-2.23	-1.796	-1.029	-0.6211	0.4001	0.86	0.7198	0.4596	0.3193	0.1513	-0.08961	-0.1838	-0.08387	12.69
965.3	0.04138	-0.007626	-0.08397	-0.1934	-0.3169	-0.4553	-0.6223	-0.7871	-0.9941	-1.232	-1.589	-2.159	-2.5	-2.81	-3.383	-4.034	-3.442	-2.29	-1.85	-1.1	-0.6543	0.3809	0.8576	0.7307	0.4741	0.3173	0.1063	-0.09527	-0.1943	-0.08715	12.78
965.3	0.02533	0.01272	-0.08358	-0.1918	-0.3222	-0.4581	-0.5979	-0.7947	-1.002	-1.248	-1.604	-2.154	-2.534	-2.812	-3.421	-4.085	-3.489	-2.304	-1.898	-1.147	-0.6769	0.3372	0.8551	0.7399	0.4839	0.3333	0.1189	-0.1084	-0.1665	-0.0877	12.89
964.3	0.02849	-0.00456	-0.0633	-0.1952	-0.3161	-0.4632	-0.6063	-0.788	-0.9796	-1.202	-1.626	-2.176	-2.557	-2.83	-3.449	-4.133	-3.551	-2.365	-1.947	-1.185	-0.7144	0.3544	0.8393	0.7438	0.4795	0.3452	0.1289	-0.1011	-0.1614	-0.06791	12.97
962.2	0.02934	0.0004363	-0.07207	-0.1841	-0.3117	-0.4337	-0.6063	-0.7833	-0.9954	-1.238	-1.626	-2.197	-2.581	-2.889	-3.497	-4.176	-3.61	-2.417	-1.976	-1.226	-0.7462	0.3271	0.8487	0.7422	0.5038	0.3382	0.1475	-0.1042	-0.179	-0.09019	13.07
961.5	0.03447	-0.01729	-0.08588	-0.1855	-0.3258	-0.4442	-0.597	-0.7612	-1.03	-1.271	-1.634	-2.213	-2.605	-2.94	-3.528	-4.22	-3.648	-2.457	-1.99	-1.239	-0.7608	0.3004	0.8511	0.7316	0.5005	0.343	0.1462	-0.1054	-0.1844	-0.09082	13.17
960.2	0.02428	-0.03236	-0.09504	-0.1956	-0.3289	-0.4564	-0.6092	-0.796	-1.014	-1.283	-1.63	-2.207	-2.607	-2.899	-3.553	-4.256	-3.667	-2.51	-2.046	-1.286	-0.7813	0.2997	0.8462	0.7592	0.4926	0.3441	0.1393	-0.09635	-0.1767	-0.09649	13.23
959.5	0.02627	-0.02157	-0.09315	-0.1902	-0.3126	-0.4563	-0.6212	-0.8092	-1.013	-1.259	-1.651	-2.229	-2.626	-2.895	-3.576	-4.283	-3.714	-2.523	-2.086	-1.317	-0.8188	0.283	0.8415	0.7598	0.5323	0.3456	0.1366	-0.1056	-0.1648	-0.106	13.3
958.6	0.02669	-0.01386	-0.07313	-0.196	-0.3114	-0.433	-0.6111	-0.8205	-1.022	-1.267	-1.653	-2.256	-2.645	-2.963	-3.602	-4.335	-3.758	-2.558	-2.113	-1.353	-0.8402	0.2855	0.8346	0.7615	0.5033	0.3517	0.124	-0.112	-0.169	-0.09442	13.33
957.5	0.01606	-0.01311	-0.08545	-0.1834	-0.321	-0.4331	-0.6237	-0.7957	-1.015	-1.29	-1.651	-2.253	-2.665	-2.963	-3.611	-4.34	-3.79	-2.595	-2.128	-1.361	-0.8597	0.2735	0.8359	0.7552	0.5137	0.3476	0.1468	-0.0995	-0.1919	-0.09899	13.43
956.5	0.01924	-0.01815	-0.09502	-0.1828	-0.3086	-0.4424	-0.5964	-0.7847	-1.014	-1.273	-1.656	-2.245	-2.668	-2.889	-3.664	-4.375	-3.812	-2.613	-2.123	-1.373	-0.8736	0.2602	0.8461	0.7663	0.5167	0.357	0.1597	-0.1232	-0.1867	-0.1113	13.46
954.3	0.008594	-0.02907	-0.08851	-0.1785	-0.314	-0.4397	-0.5978	-0.7886	-1.03	-1.281	-1.669	-2.254	-2.673	-2.972	-3.667	-4.395	-3.844	-2.645	-2.185	-1.384	-0.9062	0.2415	0.8441	0.801	0.5315	0.3656	0.1459	-0.09984	-0.2033	-0.1088	13.44
953.1	0.01217	-0.01939	-0.08624	-0.1815	-0.3116	-0.4593	-0.6175	-0.8134	-1.022	-1.288	-1.683	-2.265	-2.689	-3.002	-3.686	-4.413	-3.856	-2.667	-2.204	-1.418	-0.8975	0.2249	0.8351	0.7793	0.5396	0.3512	0.1389	-0.1144	-0.174	-0.1039	13.46
952.7	-0.001307	-0.01473	-0.09421	-0.1739	-0.33	-0.4264	-0.624	-0.784	-1.012	-1.274	-1.676	-2.276	-2.697	-2.975	-3.689	-4.432	-3.884	-2.645	-2.202	-1.429	-0.8968	0.2238	0.8343	0.7755	0.5052	0.3617	0.1304	-0.1104	-0.1902	-0.1068	13.47
951.9	0.0006765	-0.02875	-0.08476	-0.1801	-0.2977	-0.4375	-0.5968	-0.8076	-1.031	-1.281	-1.678	-2.277	-2.707	-2.979	-3.711	-4.455	-3.893	-2.695	-2.19	-1.457	-0.9205	0.2331	0.8318	0.7699	0.5204	0.3523	0.1505	-0.1128	-0.1823	-0.118	13.5
950.4	-0.001311	-0.0288	-0.08688	-0.1808	-0.3129	-0.4508	-0.6259	-0.8041	-1.025	-1.281	-1.688	-2.275	-2.724	-3.038	-3.735	-4.464	-3.92	-2.732	-2.234	-1.452	-0.9734	0.2175	0.832	0.8001	0.5188	0.358	0.1621	-0.1049	-0.1906	-0.1059	13.51
949.3	-0.004099	-0.02649	-0.09535	-0.183	-0.3203	-0.4485	-0.6105	-0.7987	-1.015	-1.289	-1.68	-2.301	-2.703	-2.933	-3.739	-4.482	-3.918	-2.726	-2.263	-1.462	-0.9527	0.203	0.8382	0.798	0.5492	0.3532	0.1366	-0.1021	-0.1733	-0.1161	13.49
949.4	0.003465	-0.01205	-0.083	-0.1882	-0.3493	-0.4372	-0.5996	-0.7825	-1.035	-1.281	-1.666	-2.289	-2.714	-3.03	-3.75	-4.49	-3.935	-2.735	-2.274	-1.478	-0.9504	0.2132	0.8364	0.7938	0.5504	0.3591	0.1209	-0.1021	-0.1679	-0.1066	13.48
948.8	-0.005694	-0.04212	-0.08543	-0.1891	-0.339	-0.4473	-0.5979	-0.8089	-1.032	-1.277	-1.701	-2.29	-2.719	-2.989	-3.747	-4.501	-3.956	-2.747	-2.272	-1.502	-0.9619	0.219	0.8365	0.7984	0.5371	0.3821	0.1538	-0.1103	-0.1936	-0.1207	13.44
948.4	-0.01884	-0.03667	-0.09065	-0.1747	-0.2934	-0.441	-0.5969	-0.7734	-1.014	-1.276	-1.68	-2.295	-2.72	-3.006	-3.754	-4.512	-3.97	-2.788	-2.291	-1.5	-0.9766	0.2237	0.8435	0.778	0.5348	0.3672	0.1453	-0.108	-0.1843	-0.1179	13.5
948.7	-0.0005166	-0.05189	-0.1002	-0.1871	-0.3158	-0.4347	-0.5992	-0.786	-1.028	-1.273	-1.666	-2.29	-2.72	-3.017	-3.754	-4.51	-3.964	-2.758	-2.293	-1.479	-0.9565	0.2088	0.8392	0.787	0.5259	0.3573	0.161	-0.1051	-0.191	-0.1078	13.49
949.3	-0.01525	-0.06201	-0.09853	-0.1701	-0.2772	-0.4378	-0.6125	-0.7749	-1.002	-1.295	-1.67	-2.286	-2.723	-3.01	-3.758	-4.509	-3.955	-2.763	-2.267	-1.494	-0.9439	0.2155	0.8353	0.8105	0.5517	0.3591	0.1366	-0.1004	-0.1882	-0.1268	13.43
948.2	-0.01885	-0.04176	-0.08868	-0.1784	-0.2907	-0.4284	-0.5941	-0.7881	-1.021	-1.302	-1.684	-2.28	-2.726	-3.037	-3.758	-4.506	-3.951	-2.762	-2.265	-1.478	-0.9559	0.2328	0.8325	0.7833	0.5212	0.3693	0.1382	-0.1109	-0.1614	-0.1168	13.39
946.3	-0.0133	-0.0344	-0.08127	-0.1788	-0.2761	-0.4171	-0.5982	-0.7807	-1.013	-1.279	-1.672	-2.284	-2.716	-3	-3.749	-4.503	-3.938	-2.729	-2.249	-1.466	-0.9414	0.231	0.8402	0.7943	0.5248	0.3687	0.1356	-0.1251	-0.205	-0.1097	13.32
944.3	-0.00252	-0.03644	-0.08625	-0.1577	-0.2884	-0.4198	-0.5795	-0.7875	-1.019	-1.258	-1.676	-2.288	-2.721	-3.019	-3.743	-4.495	-3.941	-2.728	-2.245	-1.455	-0.9346	0.2407	0.8507	0.7762	0.5234	0.3577	0.1431	-0.1207	-0.2081	-0.1229	13.31
943.2	-0.008131	-0.03452	-0.07152	-0.1542	-0.2845	-0.4128	-0.5768	-0.7743	-1.021	-1.271	-1.664	-2.277	-2.711	-2.974	-3.722	-4.466	-3.917	-2.702	-2.217	-1.409	-0.9036	0.2409	0.8497	0.8188	0.5015	0.3555	0.1217	-0.1238	-0.2029	-0.1225	13.26
942.4	0.01632	-0.02236	-0.06317	-0.1451	-0.282	-0.424	-0.6003	-0.8046	-1.013	-1.26	-1.659	-2.276	-2.706	-2.975	-3.719	-4.464	-3.884	-2.689	-2.205	-1.404	-0.868	0.2446	0.851	0.7872	0.5082	0.3388	0.1146	-0.1326	-0.2072	-0.1271	13.12
943	0.001484	-0.02392	-0.08757	-0.1676	-0.2814	-0.4298	-0.5686	-0.7757	-1.005	-1.262	-1.659	-2.265	-2.695	-3.033	-3.698	-4.427	-3.852	-2.634	-2.159	-1.377	-0.8486	0.2937	0.8548	0.7647	0.5254	0.3241	0.1059	-0.1413	-0.1691	-0.1316	13
943.9	0.008288	-0.02742	-0.07787	-0.159	-0.2616	-0.3917	-0.5638	-0.7591	-0.9737	-1.253	-1.627	-2.247	-2.671	-2.921	-3.653	-4.385	-3.811	-2.588	-2.13	-1.357	-0.8422	0.2934	0.8519	0.766	0.4936	0.3434	0.08138	-0.1318	-0.1974	-0.1185	12.9
944.1	-0.00252	-0.01172	-0.07986	-0.1529	-0.2862	-0.4063	-0.6021	-0.7834	-0.9969	-1.247	-1.647	-2.232	-2.667	-2.949	-3.637	-4.353	-3.772	-2.572	-2.087	-1.314	-0.8168	0.3036	0.8564	0.7545	0.4973	0.3297	0.1259	-0.1499	-0.2258	-0.11	12.81
943.9	0.001483	-0.02114	-0.08267	-0.1468	-0.2792	-0.4073	-0.5768	-0.7458	-0.9752	-1.253	-1.626	-2.208	-2.643	-2.901	-3.61	-4.32	-3.749	-2.557	-2.084	-1.306	-0.8069	0.3083	0.8652	0.7827	0.4823	0.3205	0.1015	-0.1458	-0.2204	-0.123	12.7
943.3	0.01791	-0.04237	-0.0651	-0.1599	-0.2805	-0.4089	-0.5726	-0.7544	-0.9825	-1.261	-1.638	-2.207	-2.603	-2.911	-3.574	-4.28	-3.708	-2.527	-2.052	-1.262	-0.7678	0.3256	0.8684	0.7634	0.4914	0.3207	0.09868	-0.1418	-0.1961	-0.1163	12.54
943.7	-0.006125	-0.02036	-0.05707	-0.1546	-0.2706	-0.4003	-0.5756	-0.7653	-0.9787	-1.206	-1.616	-2.197	-2.606	-2.881	-3.549	-4.232	-3.648	-2.441	-2.007	-1.216	-0.7045	0.3427	0.8668	0.7464	0.485	0.3154	0.08283	-0.147	-0.2028	-0.1224	12.43
943.8	0.0147	-0.01487	-0.05866	-0.1647	-0.2765	-0.3974	-0.5651	-0.7459	-0.9686	-1.21	-1.601	-2.189	-2.583	-2.907	-3.505	-4.196	-3.609	-2.411	-1.955	-1.196	-0.6945	0.3735	0.882	0.7452	0.4812	0.314	0.08139	-0.147	-0.2082	-0.1145	12.31
942.8	0.009501	-0.0137	-0.06514	-0.1531	-0.2748	-0.404	-0.542	-0.7175	-0.9745	-1.22	-1.606	-2.178	-2.562	-2.913	-3.452	-4.152	-3.56	-2.351	-1.915	-1.154	-0.6843	0.3808	0.8703	0.7367	0.4554	0.3019	0.07428	-0.1542	-0.2247	-0.1214	12.14
942.9	0.01351	-0.006235	-0.05391	-0.1438	-0.2756	-0.3983	-0.5691	-0.7368	-0.9767	-1.207	-1.579	-2.147	-2.543	-2.809	-3.432	-4.092	-3.5	-2.287	-1.865	-1.102	-0.65	0.4025	0.88	0.7376	0.4541	0.2953	0.08578	-0.1652	-0.2152	-0.1124	11.97
944.5	0.03189	-0.007794	-0.05542	-0.1621	-0.2771	-0.3995	-0.5602	-0.7317	-0.9484	-1.225	-1.559	-2.141	-2.511	-2.831	-3.387	-4.039	-3.427	-2.246	-1.803	-1.037	-0.5684	0.4213	0.8817	0.7218	0.4583	0.2876	0.05979	-0.1673	-0.2284	-0.1342	11.82
946.1	0.02944	0.008277	-0.05932	-0.1526	-0.2781	-0.3871	-0.5509	-0.709	-0.9417	-1.182	-1.56	-2.098	-2.476	-2.778	-3.336	-3.972	-3.354	-2.155	-1.737	-0.9954	-0.5267	0.4502	0.8762	0.6935	0.4364	0.2689	0.05826	-0.167	-0.2199	-0.1283	11.67
947	0.03779	-0.003078	-0.0453	-0.1512	-0.2643	-0.3787	-0.5416	-0.7152	-0.9186	-1.155	-1.54	-2.091	-2.455	-2.818	-3.271	-3.909	-3.267	-2.065	-1.667	-0.9433	-0.4789	0.4965	0.8742	0.6845	0.421	0.2653	0.06107	-0.1645	-0.221	-0.07365	11.48
947.9	0.03178	0.003961	-0.05004	-0.1535	-0.2749	-0.3906	-0.5386	-0.7205	-0.934	-1.16	-1.525	-2.073	-2.415	-2.795	-3.215	-3.831	-3.208	-2.025	-1.617	-0.8862	-0.4598	0.487	0.8797	0.6766	0.4057	0.2507	0.06387	-0.1731	-0.237	-0.09886	11.32
949.2	0.03173	-0.005804	-0.07067	-0.1444	-0.2571	-0.3914	-0.5387	-0.7212	-0.9221	-1.163	-1.516	-2.037	-2.397	-2.695	-3.178	-3.77	-3.128	-1.96	-1.543	-0.8187	-0.4054	0.4966	0.8869	0.6757	0.3964	0.2452	0.0595	-0.1844	-0.2434	-0.11	11.15
949.3	0.03053	0.003174	-0.05634	-0.1388	-0.245	-0.3891	-0.5424	-0.7062	-0.9216	-1.151	-1.494	-2.015	-2.342	-2.765	-3.13	-3.705	-3.047	-1.898	-1.492	-0.7839	-0.3385	0.5318	0.8862	0.6684	0.4013	0.2354	0.04807	-0.1821	-0.2313	-0.1083	10.94
948.9	0.05324	0.006299	-0.05158	-0.1412	-0.2699	-0.3878	-0.5397	-0.7359	-0.8906	-1.126	-1.498	-2.011	-2.333	-2.77	-3.075	-3.637	-2.977	-1.822	-1.438	-0.7179	-0.298	0.557	0.8828	0.6437	0.3878	0.2277	0.02808	-0.1903	-0.2448	-0.1021	10.72
949.3	0.05163	0.02113	-0.03484	-0.146	-0.259	-0.3773	-0.5499	-0.702	-0.8903	-1.125	-1.48	-1.99	-2.294	-2.674	-3.029	-3.583	-2.911	-1.74	-1.37	-0.6656	-0.2595	0.6012	0.8897	0.6248	0.3603	0.2126	0.002361	-0.1896	-0.2299	-0.0976	10.5
950.4	0.05555	0.01876	-0.04911	-0.1446	-0.254	-0.383	-0.5442	-0.7152	-0.9025	-1.137	-1.462	-1.951	-2.267	-2.675	-2.983	-3.496	-2.834	-1.665	-1.29	-0.6108	-0.2132	0.6061	0.888	0.6355	0.3475	0.2143	0.01234	-0.1975	-0.2404	-0.1154	10.33
951.1	0.05551	0.01174	-0.04709	-0.1506	-0.2771	-0.3888	-0.5116	-0.6802	-0.8898	-1.115	-1.457	-1.933	-2.24	-2.64	-2.94	-3.425	-2.753	-1.617	-1.23	-0.5371	-0.1846	0.6261	0.888	0.5968	0.3162	0.196	0.02802	-0.2002	-0.2537	-0.1058	10.18
952.3	0.06337	0.01912	-0.05695	-0.1455	-0.2597	-0.3831	-0.5299	-0.6971	-0.8838	-1.109	-1.434	-1.907	-2.213	-2.606	-2.875	-3.355	-2.661	-1.529	-1.169	-0.4937	-0.1133	0.6332	0.8742	0.6022	0.3443	0.1827	-0.006191	-0.1936	-0.2534	-0.1034	9.936
953.1	0.06729	0.03426	-0.05056	-0.1586	-0.2749	-0.3922	-0.5402	-0.6936	-0.8729	-1.074	-1.402	-1.888	-2.187	-2.56	-2.822	-3.282	-2.601	-1.451	-1.115	-0.4293	-0.06841	0.6724	0.8732	0.5748	0.3292	0.1722	-0.02326	-0.2016	-0.2438	-0.09329	9.745
953.3	0.06687	0.03192	-0.0561	-0.1586	-0.2637	-0.3888	-0.5451	-0.6913	-0.8833	-1.068	-1.399	-1.875	-2.179	-2.484	-2.776	-3.215	-2.524	-1.371	-1.031	-0.3825	-0.03126	0.6926	0.869	0.5623	0.2932	0.1767	-0.02468	-0.2079	-0.2531	-0.07931	9.534
953.8	0.06208	0.03812	-0.04497	-0.1401	-0.257	-0.3807	-0.5018	-0.6617	-0.8623	-1.062	-1.369	-1.827	-2.201	-2.473	-2.735	-3.161	-2.445	-1.32	-0.9567	-0.3315	0.01242	0.6945	0.8762	0.5599	0.2819	0.1591	0.009456	-0.2239	-0.2355	-0.07145	9.345
954.1	0.08069	0.03034	-0.05486	-0.1549	-0.2507	-0.3787	-0.529	-0.6785	-0.8453	-1.046	-1.382	-1.803	-2.184	-2.435	-2.672	-3.069	-2.384	-1.269	-0.928	-0.2756	0.03751	0.7272	0.8649	0.5485	0.2584	0.1422	-0.009023	-0.21	-0.2422	-0.09376	9.146
955.6	0.09518	0.03029	-0.06268	-0.1534	-0.2615	-0.3665	-0.5136	-0.6575	-0.8603	-1.064	-1.342	-1.785	-2.144	-2.392	-2.625	-3.006	-2.288	-1.191	-0.8685	-0.2376	0.09846	0.7056	0.8534	0.4991	0.2555	0.1181	-0.0388	-0.2177	-0.2364	-0.09472	8.967
957.1	0.09267	0.05154	-0.0535	-0.1596	-0.2784	-0.3715	-0.5145	-0.6687	-0.8302	-1.032	-1.338	-1.753	-2.107	-2.318	-2.573	-2.926	-2.213	-1.122	-0.8213	-0.1766	0.1255	0.7452	0.8373	0.486	0.2415	0.1334	-0.04583	-0.2254	-0.2374	-0.0801	8.762
958.7	0.09015	0.03483	-0.03529	-0.1557	-0.2799	-0.3834	-0.5095	-0.663	-0.839	-1.023	-1.309	-1.748	-2.069	-2.283	-2.52	-2.863	-2.139	-1.037	-0.736	-0.149	0.1676	0.7755	0.8299	0.4657	0.2116	0.1164	-0.05423	-0.2302	-0.2677	-0.04664	8.604
958.6	0.09016	0.0387	-0.05224	-0.1545	-0.2687	-0.3908	-0.5055	-0.6668	-0.8307	-1.007	-1.294	-1.706	-2.051	-2.248	-2.469	-2.793	-2.078	-1.016	-0.6826	-0.1015	0.1959	0.762	0.8289	0.435	0.1944	0.1093	-0.05283	-0.2348	-0.2437	-0.0822	8.45
960.2	0.1113	0.03632	-0.04113	-0.1666	-0.2817	-0.3698	-0.5096	-0.6417	-0.8166	-1.004	-1.285	-1.686	-2.026	-2.219	-2.44	-2.725	-2.011	-0.9249	-0.6456	-0.02372	0.2216	0.7799	0.8119	0.4301	0.1707	0.08919	-0.06403	-0.2247	-0.2486	-0.04712	8.214
961.8	0.09968	0.0405	-0.05914	-0.1636	-0.2793	-0.3831	-0.5059	-0.644	-0.8174	-0.9867	-1.284	-1.676	-1.977	-2.169	-2.386	-2.666	-1.93	-0.8792	-0.588	-0.008583	0.2818	0.7898	0.8026	0.3977	0.2011	0.07234	-0.06957	-0.2226	-0.2083	-0.05701	8.042
963.4	0.1034	0.03851	-0.05629	-0.168	-0.2693	-0.3737	-0.5111	-0.6589	-0.8107	-0.9832	-1.26	-1.644	-1.966	-2.127	-2.341	-2.609	-1.872	-0.8054	-0.5501	0.03968	0.3019	0.802	0.7947	0.396	0.1861	0.0735	-0.07227	-0.2399	-0.2319	-0.07129	7.841
964.4	0.1022	0.05461	-0.0531	-0.175	-0.2633	-0.3719	-0.5041	-0.649	-0.7921	-0.9731	-1.254	-1.65	-1.928	-2.102	-2.29	-2.562	-1.821	-0.7651	-0.4943	0.06373	0.3275	0.8168	0.7905	0.3773	0.1528	0.07151	-0.04126	-0.2414	-0.2568	-0.07619	7.685
965.7	0.111	0.03957	-0.06242	-0.1491	-0.2721	-0.3723	-0.5099	-0.641	-0.7939	-0.9662	-1.241	-1.62	-1.904	-2.07	-2.255	-2.484	-1.758	-0.7155	-0.447	0.1218	0.3508	0.8213	0.7736	0.3543	0.1465	0.05669	-0.08894	-0.2371	-0.2445	-0.03803	7.572
967.7	0.1221	0.02111	-0.05878	-0.1673	-0.2845	-0.3748	-0.4991	-0.633	-0.8039	-0.9725	-1.23	-1.588	-1.867	-2.032	-2.208	-2.429	-1.699	-0.6792	-0.4116	0.1606	0.3867	0.8286	0.7647	0.3394	0.1158	0.05785	-0.08176	-0.2264	-0.2229	-0.07593	7.403
968.2	0.1178	0.05018	-0.07358	-0.1649	-0.2661	-0.3723	-0.4907	-0.6418	-0.7861	-0.9409	-1.213	-1.596	-1.837	-2.005	-2.182	-2.387	-1.644	-0.6395	-0.3844	0.1725	0.4123	0.8393	0.7505	0.33	0.112	0.05016	-0.07891	-0.2473	-0.2135	-0.04398	7.237
969.1	0.1173	0.04172	-0.07623	-0.1797	-0.2932	-0.3705	-0.5041	-0.6404	-0.7738	-0.9208	-1.189	-1.589	-1.815	-1.967	-2.145	-2.341	-1.601	-0.6018	-0.3462	0.1953	0.4033	0.8217	0.7385	0.3155	0.101	0.04373	-0.09702	-0.2408	-0.2265	-0.028	7.1
969.9	0.1214	0.02335	-0.06215	-0.1764	-0.2895	-0.3629	-0.4903	-0.6353	-0.7761	-0.9465	-1.156	-1.603	-1.795	-1.94	-2.099	-2.292	-1.558	-0.544	-0.2888	0.2121	0.4416	0.85	0.7357	0.297	0.09359	0.04115	-0.08297	-0.244	-0.262	-0.01425	6.926
970.7	0.1073	0.03898	-0.08234	-0.19	-0.2878	-0.3782	-0.4939	-0.6281	-0.7715	-0.9248	-1.152	-1.575	-1.777	-1.922	-2.074	-2.245	-1.532	-0.5312	-0.2832	0.2359	0.4616	0.8393	0.7305	0.2876	0.07528	0.02775	-0.07452	-0.258	-0.2433	-0.003265	6.849
969.7	0.1234	0.03444	-0.08009	-0.1796	-0.2797	-0.3703	-0.4855	-0.62	-0.7572	-0.9166	-1.164	-1.565	-1.749	-1.9	-2.048	-2.194	-1.478	-0.4813	-0.2415	0.2991	0.4685	0.8424	0.7141	0.298	0.05468	0.01758	-0.09697	-0.2401	-0.262	-0.02359	6.695
969	0.118	0.02835	-0.06961	-0.1805	-0.2689	-0.371	-0.4996	-0.6317	-0.7332	-0.9026	-1.159	-1.565	-1.736	-1.873	-2.018	-2.162	-1.413	-0.4726	-0.2362	0.2893	0.4946	0.824	0.7126	0.2617	0.05837	0.0003728	-0.1054	-0.2584	-0.2424	-0.04944	6.594
969.9	0.132	0.04322	-0.07423	-0.1744	-0.2831	-0.3592	-0.4785	-0.6178	-0.7473	-0.8854	-1.143	-1.537	-1.718	-1.851	-2.009	-2.134	-1.393	-0.3745	-0.2015	0.319	0.5285	0.8578	0.6901	0.231	0.0644	-0.002177	-0.1221	-0.248	-0.2475	-0.04939	6.47
970.7	0.1116	0.03288	-0.06638	-0.1743	-0.273	-0.3727	-0.476	-0.6039	-0.7532	-0.9138	-1.122	-1.562	-1.703	-1.824	-1.959	-2.093	-1.358	-0.3753	-0.1572	0.3227	0.5259	0.8627	0.6878	0.2267	0.03396	0.0003722	-0.1234	-0.2568	-0.2367	-0.05045	6.403
971.4	0.1073	0.02332	-0.08773	-0.1726	-0.2686	-0.3678	-0.4774	-0.6193	-0.7483	-0.9005	-1.103	-1.529	-1.688	-1.81	-1.93	-2.055	-1.321	-0.3605	-0.1356	0.3623	0.5342	0.8599	0.6761	0.2246	0.02665	-0.002174	-0.09122	-0.2595	-0.255	-0.02355	6.318
973.1	0.1102	0.02442	-0.08253	-0.1766	-0.2901	-0.3727	-0.4611	-0.5933	-0.7409	-0.8944	-1.107	-1.52	-1.661	-1.795	-1.911	-2.023	-1.293	-0.3263	-0.1354	0.3935	0.5461	0.8495	0.6668	0.2221	0.007206	-0.01043	-0.1231	-0.2494	-0.2532	-0.04595	6.232
974.2	0.1166	0.03504	-0.07196	-0.1768	-0.2731	-0.3636	-0.4792	-0.6142	-0.7411	-0.8987	-1.116	-1.532	-1.64	-1.762	-1.901	-1.999	-1.255	-0.3292	-0.1159	0.3871	0.5689	0.8174	0.6539	0.2027	0.04837	-0.01422	-0.1146	-0.2412	-0.2464	-0.03113	6.138
975	0.1165	0.03273	-0.08275	-0.1864	-0.2854	-0.3706	-0.4796	-0.605	-0.7273	-0.8772	-1.086	-1.49	-1.637	-1.744	-1.88	-1.971	-1.233	-0.2821	-0.0922	0.4057	0.592	0.8799	0.6478	0.1904	0.02534	-0.01991	-0.1354	-0.2495	-0.2252	-0.02783	6.076
975.2	0.1026	0.01563	-0.08119	-0.1876	-0.2755	-0.3664	-0.4714	-0.5982	-0.7214	-0.8579	-1.085	-1.464	-1.629	-1.747	-1.844	-1.946	-1.199	-0.2653	-0.07074	0.4115	0.5812	0.8609	0.6432	0.1914	0.00235	-0.006601	-0.1117	-0.2613	-0.2461	-0.03383	6.001
975	0.1162	0.02817	-0.08779	-0.188	-0.2929	-0.3738	-0.4776	-0.6017	-0.7363	-0.8654	-1.083	-1.497	-1.614	-1.73	-1.832	-1.905	-1.181	-0.2363	-0.0461	0.4375	0.5845	0.8534	0.6394	0.1652	0.007191	-0.02372	-0.1048	-0.2439	-0.2409	-0.03002	5.993
976.1	0.1265	0.02473	-0.08228	-0.1776	-0.2655	-0.3715	-0.4811	-0.5981	-0.7244	-0.8853	-1.074	-1.444	-1.61	-1.717	-1.832	-1.897	-1.17	-0.2304	-0.03534	0.4509	0.5849	0.8403	0.6287	0.167	-0.00732	-0.02622	-0.1116	-0.2442	-0.2446	-0.01089	5.937
977.8	0.1297	0.04211	-0.08136	-0.1738	-0.2699	-0.3591	-0.4742	-0.6116	-0.7274	-0.8856	-1.1	-1.49	-1.586	-1.707	-1.814	-1.882	-1.142	-0.2278	-0.02352	0.4471	0.5978	0.8432	0.6206	0.1597	0.007171	-0.03819	-0.1295	-0.2516	-0.2311	-0.0283	5.923
978.4	0.1169	0.02505	-0.07049	-0.1983	-0.2927	-0.3711	-0.4776	-0.6079	-0.7298	-0.8533	-1.081	-1.443	-1.594	-1.695	-1.816	-1.867	-1.13	-0.1987	-0.02564	0.4617	0.5984	0.8548	0.6149	0.1485	-6.9e-005	-0.02174	-0.1211	-0.2571	-0.2492	-0.02338	5.897
978.8	0.1176	0.01974	-0.09556	-0.1833	-0.2798	-0.3646	-0.4709	-0.6097	-0.7281	-0.8674	-1.071	-1.454	-1.59	-1.693	-1.784	-1.867	-1.119	-0.1719	0.01282	0.4704	0.6088	0.8434	0.6104	0.1434	-0.002479	-0.02489	-0.1307	-0.2496	-0.2308	-0.03317	5.884
978.5	0.1161	0.02012	-0.09134	-0.1791	-0.2813	-0.3652	-0.4731	-0.6016	-0.7265	-0.8659	-1.05	-1.456	-1.585	-1.688	-1.78	-1.848	-1.107	-0.172	0.01282	0.4725	0.6133	0.8271	0.6031	0.1485	-0.029	-0.03942	-0.1044	-0.2435	-0.2584	-0.007049	5.903
978.3	0.1316	0.02088	-0.08286	-0.1932	-0.2867	-0.3698	-0.4756	-0.5947	-0.7274	-0.8688	-1.062	-1.454	-1.574	-1.683	-1.782	-1.828	-1.101	-0.1754	0.007481	0.4756	0.6081	0.8439	0.6071	0.1495	-0.02298	-0.02932	-0.1183	-0.2442	-0.2375	-0.005417	5.867
979.9	0.1306	0.01896	-0.09892	-0.189	-0.2896	-0.3669	-0.4837	-0.5978	-0.7262	-0.8511	-1.085	-1.414	-1.564	-1.68	-1.769	-1.834	-1.086	-0.1751	0.004269	0.4817	0.622	0.8249	0.5939	0.1352	-0.002477	-0.03621	-0.1306	-0.2572	-0.2267	-0.04183	5.892
983.1	0.124	0.01852	-0.07823	-0.1962	-0.2797	-0.3558	-0.4725	-0.5971	-0.7242	-0.8484	-1.057	-1.44	-1.556	-1.666	-1.761	-1.803	-1.076	-0.1513	0.009572	0.4802	0.6263	0.8431	0.6008	0.1368	-0.01687	-0.03609	-0.1191	-0.2547	-0.2467	-0.02327	5.91
985.7	0.1168	0.01546	-0.0876	-0.1825	-0.2931	-0.362	-0.4568	-0.5849	-0.7116	-0.8434	-1.051	-1.421	-1.559	-1.657	-1.755	-1.804	-1.075	-0.1409	0.009547	0.471	0.6151	0.8506	0.5931	0.1244	-0.03478	-0.03161	-0.1284	-0.2574	-0.2578	-0.0005132	5.95
988.4	0.1096	0.0143	-0.08699	-0.1905	-0.2841	-0.3705	-0.4711	-0.6005	-0.7185	-0.8581	-1.034	-1.409	-1.553	-1.645	-1.743	-1.782	-1.055	-0.1482	0.03067	0.4903	0.624	0.8221	0.5838	0.14	-0.02872	-0.0384	-0.1198	-0.2567	-0.2519	-0.03231	5.926
989.6	0.1244	0.007912	-0.09222	-0.1956	-0.2834	-0.3822	-0.4781	-0.5915	-0.7144	-0.8499	-1.048	-1.394	-1.542	-1.655	-1.73	-1.771	-1.051	-0.1458	0.03169	0.5083	0.6148	0.8374	0.5839	0.122	-0.02033	-0.03148	-0.132	-0.248	-0.2399	-0.008584	5.986
991	0.1253	0.01987	-0.08523	-0.1884	-0.2804	-0.3722	-0.4719	-0.5956	-0.7198	-0.8666	-1.055	-1.42	-1.541	-1.651	-1.74	-1.784	-1.055	-0.1555	0.01371	0.4783	0.6255	0.8243	0.5839	0.1168	-0.001258	-0.03768	-0.1373	-0.2477	-0.2409	-0.02201	5.972
991.3	0.1051	0.02808	-0.08939	-0.1914	-0.2907	-0.3658	-0.4793	-0.5966	-0.7153	-0.8493	-1.062	-1.406	-1.544	-1.636	-1.739	-1.779	-1.058	-0.1478	0.01055	0.483	0.6284	0.8415	0.5903	0.1307	-0.01435	-0.02831	-0.1113	-0.247	-0.2228	-0.03704	6.022
991	0.1181	0.01351	-0.08751	-0.193	-0.2845	-0.378	-0.4623	-0.6026	-0.7237	-0.8469	-1.048	-1.428	-1.551	-1.651	-1.742	-1.803	-1.074	-0.1654	0.02215	0.4665	0.6129	0.8395	0.588	0.1297	-0.01316	-0.02832	-0.08941	-0.2493	-0.2422	-0.03061	6.038
989.8	0.1041	0.006414	-0.08037	-0.1941	-0.3012	-0.3821	-0.4804	-0.6009	-0.7359	-0.8712	-1.061	-1.423	-1.565	-1.663	-1.772	-1.81	-1.089	-0.1766	0.007396	0.4906	0.6084	0.8384	0.5927	0.1418	-0.01318	-0.02648	-0.06212	-0.2369	-0.2438	-0.02311	6.113
989.3	0.1233	0.02514	-0.09836	-0.193	-0.2958	-0.3814	-0.483	-0.6093	-0.7291	-0.8698	-1.055	-1.423	-1.571	-1.681	-1.783	-1.832	-1.094	-0.1745	0.01268	0.5026	0.6139	0.8268	0.6048	0.1379	-0.002453	-0.02025	-0.09367	-0.2387	-0.231	-0.01989	6.224
989.6	0.1148	0.02102	-0.1014	-0.1983	-0.2983	-0.3777	-0.4932	-0.6112	-0.7381	-0.8758	-1.085	-1.44	-1.582	-1.678	-1.794	-1.853	-1.129	-0.1932	-0.02429	0.4535	0.6116	0.8254	0.6095	0.1717	0.008277	-0.02212	-0.106	-0.2291	-0.2231	-0.02742	6.317
988.8	0.108	0.02478	-0.1106	-0.2054	-0.3093	-0.3825	-0.4916	-0.6268	-0.7299	-0.8685	-1.079	-1.48	-1.599	-1.706	-1.824	-1.894	-1.154	-0.2253	-0.04017	0.4343	0.59	0.8283	0.6128	0.1609	0.01425	0.002865	-0.09098	-0.2288	-0.2039	-0.03283	6.424
989	0.1011	0.009041	-0.09916	-0.215	-0.2992	-0.3923	-0.4903	-0.6271	-0.7459	-0.8844	-1.094	-1.449	-1.612	-1.718	-1.838	-1.917	-1.182	-0.2516	-0.05601	0.4293	0.5762	0.8358	0.6323	0.1698	0.01305	-0.002135	-0.07451	-0.2304	-0.2259	-0.0199	6.541
989.1	0.1168	0.01428	-0.1053	-0.1961	-0.3156	-0.3909	-0.4863	-0.6328	-0.7497	-0.8897	-1.079	-1.479	-1.633	-1.749	-1.867	-1.942	-1.224	-0.2758	-0.08243	0.4058	0.5551	0.839	0.6391	0.1927	0.02379	-0.001509	-0.07313	-0.2215	-0.2582	-0.02582	6.722
989.2	0.1069	0.005669	-0.09761	-0.1945	-0.2958	-0.3837	-0.4934	-0.6413	-0.7638	-0.9102	-1.107	-1.506	-1.643	-1.758	-1.883	-1.964	-1.237	-0.2967	-0.09616	0.4047	0.5456	0.8345	0.6471	0.2235	0.05121	0.01348	-0.1033	-0.2148	-0.2336	-0.04251	6.851
989.4	0.1084	0.007914	-0.09988	-0.198	-0.2969	-0.3831	-0.5156	-0.624	-0.7488	-0.918	-1.111	-1.55	-1.656	-1.778	-1.907	-1.999	-1.273	-0.3275	-0.1257	0.3861	0.5633	0.8442	0.664	0.2424	0.05478	0.02535	-0.07585	-0.2286	-0.2103	-0.03819	6.962
989.4	0.1042	0.01653	-0.1113	-0.2084	-0.3184	-0.3818	-0.5001	-0.6346	-0.7742	-0.8903	-1.123	-1.542	-1.673	-1.812	-1.931	-2.037	-1.317	-0.3517	-0.1458	0.3587	0.536	0.8409	0.6717	0.2304	0.06432	0.02785	-0.069	-0.2225	-0.2154	-0.02796	7.084
988.4	0.102	0.02292	-0.08584	-0.1997	-0.3151	-0.3935	-0.5022	-0.6398	-0.7789	-0.9244	-1.131	-1.538	-1.698	-1.826	-1.963	-2.08	-1.347	-0.3862	-0.1512	0.3502	0.5187	0.8254	0.6841	0.2336	0.09661	0.04476	-0.04026	-0.2155	-0.2195	-0.03069	7.309
985.6	0.1172	0.01321	-0.1037	-0.1964	-0.3141	-0.4027	-0.522	-0.6514	-0.7825	-0.935	-1.161	-1.542	-1.729	-1.857	-2.009	-2.135	-1.413	-0.447	-0.2068	0.3031	0.4852	0.8474	0.6968	0.2902	0.06816	0.04677	-0.04175	-0.2167	-0.2279	-0.05239	7.489
983	0.1045	0.005328	-0.1017	-0.2074	-0.3033	-0.4092	-0.5202	-0.6491	-0.7917	-0.9295	-1.153	-1.592	-1.749	-1.9	-2.045	-2.191	-1.46	-0.4969	-0.2531	0.2605	0.4728	0.8366	0.7162	0.3181	0.09595	0.04941	-0.05566	-0.2077	-0.2181	-0.03628	7.644
981.5	0.1123	0.01175	-0.09145	-0.2046	-0.3079	-0.3912	-0.5258	-0.6402	-0.789	-0.9516	-1.181	-1.608	-1.779	-1.916	-2.092	-2.251	-1.535	-0.5276	-0.3142	0.2432	0.4565	0.8609	0.7278	0.3145	0.1406	0.07341	-0.05298	-0.2002	-0.2002	-0.03362	7.776
982.1	0.1019	0.01099	-0.1033	-0.2127	-0.3159	-0.4095	-0.5259	-0.6744	-0.8109	-0.96	-1.212	-1.641	-1.808	-1.964	-2.118	-2.301	-1.577	-0.5617	-0.3342	0.2036	0.4276	0.8098	0.739	0.3153	0.1429	0.05889	-0.03362	-0.2068	-0.217	-0.03739	7.949
980.6	0.1097	0.02272	-0.08921	-0.2048	-0.3153	-0.4111	-0.5223	-0.6651	-0.8174	-0.9777	-1.213	-1.628	-1.829	-1.986	-2.14	-2.352	-1.629	-0.5936	-0.372	0.1743	0.4081	0.8374	0.7554	0.3439	0.1515	0.08482	-0.04058	-0.1998	-0.2121	-0.03962	8.167
979.2	0.1056	0.02464	-0.0986	-0.2102	-0.324	-0.4107	-0.5322	-0.6726	-0.8079	-0.9763	-1.237	-1.64	-1.867	-2.021	-2.197	-2.409	-1.696	-0.679	-0.4014	0.131	0.3576	0.8111	0.7663	0.3695	0.1505	0.09314	0.0009032	-0.1967	-0.2111	-0.05817	8.356
979.1	0.1153	0.01178	-0.09359	-0.1962	-0.3143	-0.4181	-0.5412	-0.6731	-0.8151	-0.999	-1.259	-1.648	-1.885	-2.065	-2.249	-2.473	-1.776	-0.738	-0.4751	0.1083	0.3524	0.8034	0.7714	0.3987	0.1662	0.09631	-0.0171	-0.1861	-0.2412	-0.07123	8.522
979.8	0.08705	0.01177	-0.1059	-0.2175	-0.3287	-0.4182	-0.542	-0.6896	-0.8313	-0.9677	-1.253	-1.647	-1.91	-2.094	-2.296	-2.53	-1.822	-0.7909	-0.526	0.06767	0.333	0.8018	0.784	0.4055	0.2251	0.1202	-0.02401	-0.1893	-0.2045	-0.06955	8.695
980.2	0.09395	0.001184	-0.09388	-0.2119	-0.3207	-0.4171	-0.5229	-0.6872	-0.8313	-1.02	-1.28	-1.684	-1.942	-2.125	-2.329	-2.601	-1.889	-0.8549	-0.5684	0.02319	0.2744	0.786	0.79	0.4043	0.2009	0.1302	-0.003248	-0.1853	-0.2135	-0.03801	8.885
980.1	0.09049	0.01177	-0.09389	-0.2088	-0.3294	-0.4195	-0.5543	-0.7121	-0.8606	-1.023	-1.293	-1.679	-1.99	-2.184	-2.38	-2.661	-1.954	-0.8939	-0.5941	-0.02621	0.2458	0.8015	0.8085	0.4194	0.2118	0.1328	0.006434	-0.1859	-0.207	-0.04399	9.097
