11691	2	12	87	29.3	778.5	1	10	6	3.625	128	4096	10	0	0	0	0	464.04	1023.3	1.49e+006	0.11869	0.15138	41.375	0	0	1	0	0	0	3	0	0
999	0.08836	0.00333	-0.1146	-0.234	-0.3306	-0.444	-0.5493	-0.716	-0.8545	-1.046	-1.245	-1.631	-1.908	-2.112	-2.298	-2.528	-1.824	-0.8022	-0.5463	0.04699	0.322	0.7689	0.7872	0.4491	0.2233	0.1321	0.01358	-0.1477	-0.2194	-0.03976	9.452
997.9	0.08921	0.01262	-0.1079	-0.2319	-0.3461	-0.4423	-0.5708	-0.705	-0.876	-1.054	-1.285	-1.654	-1.962	-2.167	-2.374	-2.625	-1.934	-0.8969	-0.6296	-0.02865	0.2619	0.7589	0.8036	0.4683	0.2507	0.1353	0.03942	-0.1346	-0.1966	-0.05101	9.78
997.1	0.07451	0.00631	-0.1212	-0.2379	-0.3386	-0.4431	-0.5827	-0.7223	-0.8691	-1.075	-1.333	-1.713	-2.024	-2.238	-2.461	-2.738	-2.033	-0.9752	-0.7015	-0.1103	0.1932	0.7357	0.8139	0.5181	0.3018	0.1652	0.05305	-0.1314	-0.1891	-0.04411	10.13
996.5	0.06431	-0.01265	-0.1099	-0.2326	-0.3484	-0.4523	-0.5898	-0.7551	-0.8986	-1.063	-1.358	-1.733	-2.066	-2.291	-2.529	-2.843	-2.152	-1.096	-0.8109	-0.1638	0.1327	0.7101	0.8236	0.5352	0.315	0.1777	0.06668	-0.1177	-0.2251	-0.04573	10.45
997.1	0.07261	-0.001122	-0.1102	-0.2271	-0.3371	-0.4525	-0.5938	-0.7324	-0.8915	-1.116	-1.363	-1.778	-2.104	-2.35	-2.604	-2.943	-2.255	-1.186	-0.8776	-0.2462	0.07205	0.6826	0.8339	0.5517	0.3338	0.1943	0.06665	-0.1171	-0.1903	-0.04411	10.78
996	0.07003	0.002597	-0.116	-0.2381	-0.3504	-0.4668	-0.6008	-0.7478	-0.924	-1.122	-1.396	-1.814	-2.165	-2.432	-2.689	-3.059	-2.385	-1.326	-0.9992	-0.3486	-0.01777	0.6552	0.8402	0.5967	0.346	0.2082	0.0885	-0.1056	-0.1803	-0.05592	11.1
994.1	0.07169	0.006329	-0.1003	-0.2236	-0.3529	-0.4592	-0.5813	-0.7383	-0.9187	-1.146	-1.422	-1.862	-2.184	-2.518	-2.771	-3.181	-2.521	-1.411	-1.1	-0.4311	-0.0775	0.6076	0.8506	0.6028	0.3727	0.231	0.09549	-0.09917	-0.2025	-0.06888	11.48
992.1	0.05469	-0.0003815	-0.1161	-0.2333	-0.3574	-0.4695	-0.6194	-0.7655	-0.9561	-1.151	-1.448	-1.902	-2.229	-2.604	-2.863	-3.314	-2.646	-1.545	-1.212	-0.5315	-0.1595	0.6044	0.8631	0.6398	0.4116	0.252	0.1162	-0.09882	-0.1629	-0.06688	11.81
990.4	0.05517	-0.01161	-0.1049	-0.2325	-0.3569	-0.4766	-0.6034	-0.7684	-0.957	-1.201	-1.495	-1.945	-2.257	-2.663	-2.946	-3.425	-2.782	-1.683	-1.326	-0.6194	-0.2481	0.5477	0.8541	0.6548	0.4135	0.2587	0.1273	-0.09121	-0.1865	-0.05247	12.14
987.8	0.06641	-0.005634	-0.1136	-0.2304	-0.3433	-0.4977	-0.6061	-0.7974	-0.9839	-1.201	-1.507	-1.986	-2.288	-2.723	-3.031	-3.548	-2.918	-1.811	-1.436	-0.7132	-0.3257	0.5152	0.8602	0.6844	0.4611	0.2794	0.1318	-0.08922	-0.1636	-0.06123	12.48
984.6	0.05012	-0.01657	-0.1082	-0.2277	-0.3597	-0.4871	-0.6181	-0.8008	-1.01	-1.241	-1.549	-2.031	-2.344	-2.782	-3.132	-3.677	-3.052	-1.926	-1.576	-0.8354	-0.4303	0.4609	0.8485	0.7106	0.4518	0.2922	0.1542	-0.0828	-0.1758	-0.06305	12.8
981.3	0.04952	-0.01284	-0.1089	-0.2296	-0.3684	-0.4964	-0.6394	-0.7986	-0.9829	-1.226	-1.568	-2.083	-2.41	-2.823	-3.233	-3.805	-3.196	-2.064	-1.665	-0.9438	-0.5092	0.4262	0.8525	0.729	0.4786	0.3108	0.1423	-0.07411	-0.1504	-0.07032	13.1
979.1	0.04731	-0.0106	-0.1034	-0.2317	-0.3644	-0.4975	-0.6409	-0.7942	-1.011	-1.26	-1.595	-2.109	-2.472	-2.76	-3.317	-3.933	-3.346	-2.205	-1.802	-1.052	-0.6114	0.3753	0.8503	0.7618	0.5025	0.3235	0.1537	-0.05967	-0.1559	-0.06232	13.43
978.9	0.03265	-0.02196	-0.1165	-0.2275	-0.3656	-0.4908	-0.6318	-0.8262	-1.021	-1.268	-1.605	-2.145	-2.528	-2.869	-3.419	-4.053	-3.486	-2.334	-1.929	-1.163	-0.7105	0.3235	0.8421	0.7781	0.5436	0.345	0.1676	-0.06418	-0.1638	-0.06125	13.72
977.9	0.02534	-0.0216	-0.1124	-0.2359	-0.3407	-0.49	-0.6288	-0.8493	-1.022	-1.308	-1.629	-2.183	-2.577	-2.862	-3.507	-4.176	-3.625	-2.489	-2.059	-1.294	-0.7974	0.2598	0.8284	0.7939	0.5381	0.3561	0.1789	-0.04962	-0.1666	-0.07056	14
976.3	0.0161	-0.02999	-0.1199	-0.2159	-0.3481	-0.4986	-0.6569	-0.8334	-1.036	-1.305	-1.644	-2.226	-2.63	-2.974	-3.611	-4.301	-3.759	-2.598	-2.179	-1.377	-0.8798	0.2083	0.817	0.8104	0.5705	0.3656	0.1958	-0.04914	-0.1577	-0.07505	14.31
973.3	0.001781	-0.03922	-0.1075	-0.2272	-0.3503	-0.5019	-0.6666	-0.8393	-1.063	-1.337	-1.696	-2.264	-2.685	-3.029	-3.708	-4.425	-3.901	-2.728	-2.295	-1.497	-0.9841	0.1567	0.7959	0.819	0.5637	0.3851	0.202	-0.05042	-0.174	-0.08568	14.56
970.5	-0.006001	-0.02711	-0.1094	-0.2337	-0.3608	-0.5042	-0.6705	-0.8663	-1.087	-1.357	-1.725	-2.288	-2.731	-3.085	-3.82	-4.549	-4.039	-2.866	-2.416	-1.623	-1.09	0.09599	0.79	0.8375	0.6042	0.3951	0.2068	-0.03639	-0.1771	-0.08153	14.84
968.3	0.009986	-0.02718	-0.1307	-0.2146	-0.3369	-0.5013	-0.6672	-0.8641	-1.087	-1.388	-1.748	-2.335	-2.794	-3.088	-3.92	-4.675	-4.193	-3.009	-2.553	-1.744	-1.197	0.03153	0.7645	0.8446	0.6081	0.4107	0.2129	-0.03534	-0.1577	-0.07622	15.11
966.2	0.001012	-0.03913	-0.1126	-0.2348	-0.3517	-0.4895	-0.6385	-0.8673	-1.087	-1.376	-1.77	-2.357	-2.828	-3.18	-4.039	-4.803	-4.334	-3.139	-2.667	-1.839	-1.283	-0.009757	0.7554	0.8637	0.6204	0.4238	0.2372	-0.032	-0.1805	-0.06702	15.34
963.9	-0.01702	-0.03499	-0.1113	-0.212	-0.351	-0.4985	-0.6493	-0.8571	-1.108	-1.37	-1.784	-2.405	-2.888	-3.23	-4.138	-4.901	-4.444	-3.265	-2.795	-1.949	-1.367	-0.06356	0.7456	0.8688	0.6463	0.4273	0.242	-0.02751	-0.1412	-0.07546	15.55
961.3	-0.01353	-0.05397	-0.112	-0.2189	-0.3278	-0.4924	-0.6524	-0.8548	-1.095	-1.39	-1.807	-2.426	-2.932	-3.309	-4.215	-4.997	-4.559	-3.375	-2.874	-2.039	-1.446	-0.1222	0.7349	0.8784	0.6592	0.4401	0.2384	-0.02186	-0.1535	-0.07401	15.74
959	-0.04035	-0.05951	-0.1209	-0.219	-0.352	-0.501	-0.6707	-0.8644	-1.098	-1.388	-1.806	-2.464	-2.971	-3.314	-4.307	-5.103	-4.684	-3.484	-2.992	-2.136	-1.522	-0.1528	0.7135	0.8855	0.6656	0.4501	0.2587	-0.02191	-0.1499	-0.08584	15.97
956.2	-0.03218	-0.06821	-0.1122	-0.2157	-0.3369	-0.5021	-0.6563	-0.8492	-1.106	-1.4	-1.841	-2.476	-3.006	-3.427	-4.412	-5.203	-4.802	-3.59	-3.092	-2.223	-1.607	-0.2007	0.7011	0.8861	0.6849	0.4612	0.2312	-0.01738	-0.1369	-0.08387	16.13
953.1	-0.02197	-0.07076	-0.1157	-0.216	-0.3496	-0.4785	-0.6394	-0.8745	-1.121	-1.417	-1.847	-2.532	-3.055	-3.498	-4.495	-5.302	-4.911	-3.703	-3.197	-2.334	-1.692	-0.2546	0.6802	0.8921	0.697	0.4659	0.2746	-0.01108	-0.1334	-0.08749	16.29
950.1	-0.03715	-0.07254	-0.1336	-0.201	-0.3255	-0.4725	-0.675	-0.8627	-1.13	-1.432	-1.848	-2.537	-3.081	-3.496	-4.563	-5.39	-5.007	-3.787	-3.274	-2.401	-1.764	-0.3054	0.6737	0.9042	0.6893	0.4771	0.2526	-0.01054	-0.1459	-0.07768	16.42
947.7	-0.04642	-0.0829	-0.1244	-0.1947	-0.3353	-0.4953	-0.6634	-0.8633	-1.114	-1.44	-1.854	-2.567	-3.133	-3.544	-4.674	-5.478	-5.105	-3.906	-3.392	-2.513	-1.845	-0.353	0.6584	0.9097	0.7109	0.4771	0.2733	-0.0216	-0.1301	-0.0953	16.57
947	-0.05004	-0.09352	-0.13	-0.2109	-0.3153	-0.4975	-0.6643	-0.8805	-1.124	-1.445	-1.891	-2.589	-3.16	-3.599	-4.73	-5.549	-5.193	-3.983	-3.457	-2.578	-1.906	-0.3908	0.6407	0.9144	0.7127	0.4728	0.2534	-0.01929	-0.1518	-0.1072	16.65
946.7	-0.07042	-0.09707	-0.1436	-0.2033	-0.3185	-0.462	-0.6499	-0.8458	-1.109	-1.447	-1.884	-2.604	-3.165	-3.618	-4.833	-5.591	-5.259	-4.052	-3.537	-2.65	-1.976	-0.4297	0.6225	0.9096	0.6992	0.4788	0.2635	-0.01813	-0.1491	-0.1151	16.76
946.1	-0.05329	-0.08069	-0.1473	-0.2172	-0.3101	-0.4491	-0.6404	-0.8519	-1.151	-1.445	-1.889	-2.597	-3.179	-3.623	-4.862	-5.657	-5.346	-4.145	-3.612	-2.715	-2.024	-0.4609	0.6088	0.8998	0.7196	0.4942	0.2723	-0.02221	-0.1344	-0.1067	16.82
944.3	-0.0766	-0.1169	-0.1436	-0.2293	-0.3068	-0.4561	-0.632	-0.8822	-1.13	-1.428	-1.901	-2.609	-3.208	-3.668	-4.896	-5.723	-5.41	-4.215	-3.677	-2.781	-2.084	-0.4858	0.6062	0.9453	0.7248	0.4879	0.2657	-0.01585	-0.1482	-0.1131	16.85
942.1	-0.07959	-0.09754	-0.1375	-0.2059	-0.2938	-0.4397	-0.6109	-0.8477	-1.107	-1.418	-1.909	-2.622	-3.222	-3.686	-4.772	-5.77	-5.465	-4.25	-3.688	-2.782	-2.089	-0.4995	0.6035	0.9202	0.7502	0.4982	0.2648	-0.02523	-0.1485	-0.1043	16.9
939.8	-0.08984	-0.11	-0.1632	-0.204	-0.313	-0.4521	-0.6375	-0.8335	-1.137	-1.446	-1.914	-2.646	-3.235	-3.695	-4.812	-5.809	-5.485	-4.284	-3.749	-2.832	-2.125	-0.5191	0.5971	0.9267	0.7332	0.4942	0.2756	-0.01944	-0.157	-0.121	16.92
938.3	-0.08233	-0.1043	-0.151	-0.219	-0.3052	-0.4429	-0.6238	-0.8249	-1.1	-1.43	-1.905	-2.63	-3.246	-3.716	-4.917	-5.848	-5.543	-4.332	-3.76	-2.846	-2.134	-0.5429	0.5891	0.9282	0.7394	0.5003	0.2587	-0.02709	-0.1641	-0.1229	16.93
937.4	-0.0691	-0.1328	-0.1672	-0.2224	-0.3098	-0.4362	-0.6051	-0.8088	-1.101	-1.434	-1.902	-2.642	-3.259	-3.743	-4.773	-5.854	-5.541	-4.326	-3.787	-2.88	-2.159	-0.525	0.594	0.9322	0.7388	0.4928	0.2676	-0.02124	-0.1711	-0.1179	16.92
935.7	-0.11	-0.1362	-0.1687	-0.2282	-0.3065	-0.4517	-0.639	-0.8262	-1.104	-1.439	-1.906	-2.642	-3.264	-3.763	-4.932	-5.883	-5.566	-4.342	-3.79	-2.863	-2.167	-0.5179	0.5892	0.9265	0.7213	0.4963	0.2579	-0.03069	-0.1522	-0.1051	16.9
934.2	-0.1215	-0.138	-0.1836	-0.2195	-0.3125	-0.431	-0.6105	-0.8228	-1.127	-1.453	-1.903	-2.661	-3.271	-3.756	-4.983	-5.882	-5.572	-4.353	-3.819	-2.89	-2.176	-0.5303	0.5852	0.9322	0.7414	0.4971	0.2627	-0.02603	-0.1621	-0.1257	16.92
932.1	-0.1303	-0.1455	-0.186	-0.2499	-0.3073	-0.4325	-0.59	-0.8095	-1.11	-1.426	-1.935	-2.663	-3.272	-3.757	-5.105	-5.913	-5.606	-4.36	-3.842	-2.892	-2.187	-0.5373	0.5813	0.9333	0.7456	0.5003	0.2749	-0.02314	-0.1816	-0.1306	16.94
929.7	-0.127	-0.1642	-0.2076	-0.219	-0.3283	-0.4245	-0.6207	-0.7955	-1.108	-1.449	-1.921	-2.663	-3.277	-3.791	-4.97	-5.921	-5.614	-4.402	-3.831	-2.915	-2.206	-0.541	0.5893	0.9357	0.7513	0.5009	0.2582	-0.03089	-0.1876	-0.1395	16.9
926.9	-0.1567	-0.1747	-0.1887	-0.2522	-0.3054	-0.4325	-0.5911	-0.8105	-1.117	-1.442	-1.918	-2.681	-3.288	-3.805	-4.72	-5.945	-5.639	-4.394	-3.848	-2.937	-2.194	-0.5473	0.589	0.9449	0.7485	0.4984	0.2633	-0.02861	-0.1633	-0.14	16.86
925.9	-0.1699	-0.1545	-0.204	-0.2363	-0.3077	-0.419	-0.5667	-0.7786	-1.084	-1.439	-1.93	-2.661	-3.294	-3.791	-5.138	-5.961	-5.636	-4.411	-3.836	-2.907	-2.187	-0.514	0.5934	0.931	0.7493	0.5029	0.246	-0.03933	-0.169	-0.1516	16.79
925.4	-0.1598	-0.1646	-0.2196	-0.2365	-0.2984	-0.4135	-0.5572	-0.811	-1.081	-1.448	-1.924	-2.661	-3.274	-3.765	-4.785	-5.946	-5.629	-4.393	-3.825	-2.916	-2.199	-0.54	0.5923	0.9283	0.7701	0.4939	0.2476	-0.05719	-0.2009	-0.1505	16.76
925	-0.157	-0.1903	-0.2124	-0.2477	-0.312	-0.4262	-0.5638	-0.8035	-1.081	-1.417	-1.886	-2.65	-3.259	-3.767	-4.746	-5.931	-5.609	-4.375	-3.821	-2.887	-2.162	-0.5367	0.5993	0.9373	0.7258	0.4854	0.2448	-0.05722	-0.19	-0.1575	16.65
923.7	-0.1781	-0.1757	-0.1975	-0.2373	-0.3268	-0.3998	-0.5518	-0.7678	-1.057	-1.397	-1.869	-2.654	-3.253	-3.763	-5	-5.921	-5.597	-4.363	-3.797	-2.869	-2.178	-0.5246	0.6078	0.9407	0.76	0.4861	0.2275	-0.06563	-0.2428	-0.1566	16.59
922.4	-0.1718	-0.1599	-0.1851	-0.2389	-0.2937	-0.4211	-0.5556	-0.746	-1.035	-1.364	-1.864	-2.614	-3.233	-3.742	-4.973	-5.894	-5.546	-4.321	-3.743	-2.837	-2.125	-0.4797	0.619	0.9377	0.7189	0.47	0.2102	-0.07229	-0.2182	-0.1666	16.44
921.3	-0.1589	-0.1685	-0.2001	-0.25	-0.3281	-0.3946	-0.5251	-0.758	-1.024	-1.382	-1.858	-2.61	-3.223	-3.71	-4.936	-5.829	-5.489	-4.24	-3.704	-2.762	-2.071	-0.4662	0.6343	0.94	0.7364	0.4666	0.2046	-0.08552	-0.2504	-0.1743	16.27
920.4	-0.1623	-0.1695	-0.2179	-0.2552	-0.3132	-0.3718	-0.5089	-0.7415	-1.02	-1.349	-1.839	-2.593	-3.197	-3.685	-4.719	-5.762	-5.412	-4.186	-3.639	-2.736	-2.021	-0.435	0.6453	0.9387	0.7	0.4516	0.1886	-0.08141	-0.2131	-0.1508	16.15
918.9	-0.1688	-0.2028	-0.2216	-0.251	-0.3245	-0.4068	-0.5414	-0.7225	-0.995	-1.325	-1.819	-2.561	-3.162	-3.627	-4.635	-5.693	-5.329	-4.104	-3.564	-2.634	-1.959	-0.3781	0.6609	0.9167	0.7037	0.4409	0.1963	-0.1019	-0.2455	-0.1649	15.94
917.7	-0.1916	-0.1857	-0.2136	-0.2784	-0.3101	-0.401	-0.5378	-0.7269	-1.014	-1.328	-1.814	-2.538	-3.135	-3.578	-4.696	-5.617	-5.25	-4.021	-3.48	-2.579	-1.883	-0.3562	0.6778	0.9275	0.6904	0.4266	0.1758	-0.1062	-0.2333	-0.1831	15.79
917	-0.1844	-0.196	-0.241	-0.2632	-0.3332	-0.4236	-0.5056	-0.656	-0.9724	-1.326	-1.791	-2.528	-3.106	-3.533	-4.744	-5.547	-5.172	-3.939	-3.398	-2.497	-1.798	-0.3035	0.695	0.9079	0.6717	0.4209	0.1819	-0.1141	-0.246	-0.192	15.54
916.6	-0.1882	-0.2147	-0.2358	-0.2713	-0.3386	-0.3773	-0.5127	-0.6766	-0.9557	-1.297	-1.761	-2.485	-3.062	-3.5	-4.62	-5.46	-5.064	-3.82	-3.314	-2.403	-1.741	-0.2506	0.7251	0.9266	0.7016	0.4231	0.1642	-0.1172	-0.2405	-0.1781	15.35
915.4	-0.2008	-0.1983	-0.2262	-0.2837	-0.3089	-0.387	-0.5112	-0.6656	-0.9478	-1.279	-1.746	-2.454	-3.037	-3.437	-4.575	-5.376	-4.969	-3.72	-3.212	-2.297	-1.667	-0.1849	0.7466	0.8987	0.6638	0.4135	0.1555	-0.1245	-0.2506	-0.1877	15.11
914.3	-0.1857	-0.203	-0.2607	-0.2606	-0.3346	-0.3675	-0.5092	-0.65	-0.9458	-1.289	-1.75	-2.441	-3.006	-3.42	-4.509	-5.293	-4.869	-3.636	-3.11	-2.228	-1.595	-0.1473	0.763	0.8912	0.6672	0.4052	0.1394	-0.1331	-0.2677	-0.1902	14.9
914	-0.1949	-0.1966	-0.2484	-0.2879	-0.298	-0.3574	-0.4849	-0.6613	-0.9496	-1.267	-1.719	-2.407	-2.957	-3.392	-4.383	-5.193	-4.756	-3.513	-3.014	-2.133	-1.499	-0.09893	0.7788	0.8958	0.6222	0.3918	0.1424	-0.1355	-0.2692	-0.1897	14.62
914.5	-0.1745	-0.2054	-0.2512	-0.2798	-0.31	-0.3543	-0.4389	-0.6441	-0.9239	-1.237	-1.681	-2.385	-2.924	-3.279	-4.285	-5.095	-4.642	-3.378	-2.911	-2.021	-1.396	-0.04219	0.7903	0.8791	0.6296	0.3734	0.1246	-0.1451	-0.2802	-0.1983	14.39
915.2	-0.1752	-0.1988	-0.251	-0.2767	-0.2856	-0.3603	-0.4713	-0.6383	-0.9331	-1.242	-1.669	-2.357	-2.869	-3.248	-4.209	-4.99	-4.513	-3.282	-2.8	-1.927	-1.341	0.009758	0.808	0.8688	0.5931	0.3583	0.1067	-0.1588	-0.2493	-0.1988	14.14
915.1	-0.1687	-0.1988	-0.2242	-0.2446	-0.2647	-0.3303	-0.4326	-0.6521	-0.8863	-1.202	-1.634	-2.324	-2.818	-3.223	-4.102	-4.873	-4.387	-3.138	-2.665	-1.812	-1.222	0.06287	0.8277	0.8614	0.5932	0.3434	0.1037	-0.1691	-0.2801	-0.2035	13.85
915.1	-0.1777	-0.1899	-0.2027	-0.2375	-0.2587	-0.3259	-0.4611	-0.5977	-0.8837	-1.189	-1.633	-2.282	-2.775	-3.156	-4.007	-4.768	-4.259	-3.026	-2.565	-1.702	-1.118	0.1349	0.8343	0.8592	0.5738	0.3279	0.08892	-0.1679	-0.2633	-0.2058	13.61
915.1	-0.1484	-0.1846	-0.2147	-0.2371	-0.2772	-0.3409	-0.4357	-0.6176	-0.8982	-1.178	-1.614	-2.255	-2.754	-3.097	-3.907	-4.67	-4.135	-2.894	-2.463	-1.616	-1.051	0.1998	0.8474	0.8237	0.5764	0.3198	0.07558	-0.1979	-0.3024	-0.2174	13.31
916.3	-0.1264	-0.1642	-0.2127	-0.2055	-0.266	-0.3196	-0.4248	-0.6009	-0.8848	-1.155	-1.581	-2.212	-2.687	-3.046	-3.816	-4.554	-4.014	-2.813	-2.346	-1.53	-0.9636	0.216	0.8678	0.8313	0.5563	0.3039	0.06661	-0.1899	-0.2755	-0.1985	13.04
918.2	-0.1356	-0.1493	-0.1794	-0.2126	-0.2646	-0.3359	-0.4303	-0.6036	-0.8309	-1.147	-1.547	-2.19	-2.642	-3.005	-3.725	-4.45	-3.895	-2.671	-2.228	-1.426	-0.8822	0.2532	0.8734	0.7974	0.5359	0.279	0.04727	-0.205	-0.3126	-0.1993	12.74
920.2	-0.1189	-0.1405	-0.1798	-0.2133	-0.27	-0.3255	-0.4242	-0.623	-0.8428	-1.14	-1.533	-2.146	-2.589	-2.888	-3.627	-4.349	-3.77	-2.587	-2.145	-1.318	-0.7943	0.3148	0.8819	0.7956	0.5193	0.265	0.04274	-0.2034	-0.2952	-0.2029	12.45
923.2	-0.1197	-0.1317	-0.1714	-0.2044	-0.2472	-0.3105	-0.3947	-0.5789	-0.8355	-1.128	-1.514	-2.105	-2.545	-2.862	-3.53	-4.214	-3.637	-2.456	-2.026	-1.224	-0.7195	0.3489	0.8823	0.7653	0.4768	0.2494	0.03379	-0.2272	-0.315	-0.1959	12.14
924.3	-0.08929	-0.1491	-0.1806	-0.1954	-0.2246	-0.2942	-0.4309	-0.5974	-0.799	-1.095	-1.49	-2.064	-2.499	-2.796	-3.436	-4.094	-3.483	-2.317	-1.909	-1.115	-0.6364	0.3929	0.89	0.7644	0.48	0.237	0.02788	-0.218	-0.3188	-0.1962	11.82
925.6	-0.1149	-0.1529	-0.1436	-0.1857	-0.2227	-0.2943	-0.4022	-0.6036	-0.8129	-1.102	-1.457	-2.034	-2.432	-2.761	-3.344	-3.981	-3.368	-2.198	-1.797	-1.022	-0.5433	0.4227	0.8944	0.7303	0.4653	0.2287	0.0132	-0.2188	-0.2796	-0.1919	11.52
926.4	-0.1197	-0.1	-0.1321	-0.1579	-0.2074	-0.2658	-0.3836	-0.5638	-0.8243	-1.063	-1.465	-2.007	-2.391	-2.701	-3.261	-3.878	-3.239	-2.07	-1.681	-0.8953	-0.4495	0.4794	0.8954	0.7096	0.4344	0.2152	-0.001449	-0.2377	-0.3222	-0.1906	11.2
927.3	-0.0886	-0.1019	-0.125	-0.1557	-0.206	-0.2837	-0.4087	-0.561	-0.8171	-1.062	-1.428	-1.967	-2.329	-2.704	-3.164	-3.742	-3.096	-1.919	-1.544	-0.79	-0.3379	0.5756	0.9007	0.6865	0.411	0.1943	-0.01315	-0.2534	-0.315	-0.2163	10.89
928.9	-0.0498	-0.06024	-0.1216	-0.1768	-0.2092	-0.2574	-0.4067	-0.5866	-0.8198	-1.053	-1.413	-1.942	-2.288	-2.674	-3.081	-3.623	-2.958	-1.769	-1.434	-0.6771	-0.2555	0.5711	0.9	0.6504	0.39	0.168	-0.0248	-0.2589	-0.3434	-0.1867	10.54
930.8	-0.04848	-0.09474	-0.1205	-0.1678	-0.1953	-0.2712	-0.4046	-0.5763	-0.7994	-1.041	-1.381	-1.889	-2.218	-2.68	-2.989	-3.497	-2.823	-1.67	-1.331	-0.5862	-0.189	0.5978	0.8935	0.6258	0.3423	0.1458	-0.04077	-0.2554	-0.3179	-0.1788	10.24
932.4	-0.03907	-0.06836	-0.1171	-0.145	-0.1974	-0.2626	-0.3933	-0.6	-0.7759	-1.019	-1.363	-1.856	-2.176	-2.595	-2.901	-3.378	-2.695	-1.543	-1.218	-0.4824	-0.1239	0.6466	0.8946	0.6004	0.3227	0.1442	-0.0407	-0.258	-0.3078	-0.1837	9.903
934.1	-0.03415	-0.06189	-0.09501	-0.1378	-0.1639	-0.2502	-0.3652	-0.5799	-0.7764	-0.9938	-1.324	-1.808	-2.134	-2.555	-2.822	-3.266	-2.579	-1.447	-1.131	-0.4183	-0.04792	0.6789	0.8918	0.5804	0.3146	0.1313	-0.06095	-0.2657	-0.3168	-0.1702	9.579
935.5	-0.01794	-0.05229	-0.08073	-0.1172	-0.1463	-0.2717	-0.4169	-0.5678	-0.7767	-0.9914	-1.327	-1.782	-2.118	-2.475	-2.749	-3.173	-2.471	-1.325	-1.046	-0.3369	0.01002	0.7033	0.8811	0.5501	0.299	0.1008	-0.06231	-0.27	-0.3355	-0.207	9.247
937.3	-0.002586	-0.03993	-0.06526	-0.1055	-0.183	-0.2489	-0.4135	-0.5554	-0.7578	-0.9715	-1.288	-1.739	-2.098	-2.41	-2.665	-3.048	-2.34	-1.227	-0.9358	-0.264	0.07442	0.7331	0.8704	0.5249	0.2581	0.09068	-0.09257	-0.2725	-0.3375	-0.1617	8.944
940.2	0.00305	-0.0272	-0.05461	-0.09019	-0.146	-0.259	-0.3905	-0.5701	-0.7328	-0.9676	-1.274	-1.718	-2.063	-2.326	-2.587	-2.937	-2.227	-1.115	-0.8417	-0.1602	0.1384	0.748	0.8526	0.4981	0.2347	0.07528	-0.09228	-0.2833	-0.342	-0.185	8.607
941.9	0.0227	-0.01574	-0.04207	-0.08598	-0.1402	-0.2633	-0.4061	-0.5755	-0.7315	-0.9706	-1.255	-1.677	-2.029	-2.259	-2.515	-2.826	-2.115	-1.01	-0.7492	-0.08484	0.1868	0.7914	0.8441	0.468	0.2093	0.06334	-0.1008	-0.298	-0.321	-0.1717	8.304
943.6	0.02386	-0.006683	-0.03839	-0.07004	-0.149	-0.2529	-0.3933	-0.5693	-0.722	-0.9641	-1.217	-1.644	-1.983	-2.202	-2.427	-2.715	-1.994	-0.9012	-0.6603	-0.002594	0.2847	0.8083	0.8308	0.4369	0.1889	0.04161	-0.1049	-0.291	-0.3339	-0.1347	7.978
945.6	0.037	0.01096	-0.03112	-0.07393	-0.1642	-0.2763	-0.4103	-0.563	-0.7371	-0.9181	-1.204	-1.592	-1.938	-2.137	-2.353	-2.613	-1.885	-0.8025	-0.5793	0.05783	0.3017	0.8203	0.8117	0.4182	0.1835	0.02388	-0.1204	-0.2858	-0.3021	-0.1501	7.675
948.2	0.05324	0.01601	-0.02227	-0.07131	-0.1537	-0.2868	-0.4051	-0.573	-0.7219	-0.9296	-1.177	-1.561	-1.887	-2.063	-2.276	-2.504	-1.783	-0.705	-0.4896	0.1159	0.3744	0.8408	0.7908	0.3766	0.137	0.003607	-0.133	-0.2908	-0.3269	-0.1402	7.372
951.2	0.05466	0.01246	-0.01266	-0.07952	-0.1656	-0.2836	-0.4104	-0.5474	-0.7112	-0.9016	-1.152	-1.534	-1.835	-2.004	-2.207	-2.409	-1.673	-0.6341	-0.421	0.1919	0.4214	0.8484	0.7745	0.3517	0.1142	0.007494	-0.1126	-0.2887	-0.3031	-0.1039	7.056
952.5	0.04665	0.02411	-0.01502	-0.08863	-0.2106	-0.2986	-0.4355	-0.561	-0.7138	-0.8799	-1.122	-1.522	-1.79	-1.943	-2.138	-2.297	-1.569	-0.5372	-0.348	0.2495	0.4634	0.8529	0.7539	0.3108	0.08185	-0.01328	-0.148	-0.2889	-0.312	-0.09705	6.796
952.5	0.06688	0.03656	-0.01383	-0.08341	-0.2002	-0.2991	-0.4065	-0.5525	-0.701	-0.8752	-1.132	-1.518	-1.745	-1.916	-2.07	-2.224	-1.47	-0.472	-0.2723	0.3176	0.5093	0.8585	0.7307	0.2902	0.0868	-0.03404	-0.1594	-0.2964	-0.3134	-0.07245	6.489
953.7	0.08661	0.05089	-0.02095	-0.09132	-0.2007	-0.287	-0.4015	-0.5467	-0.6796	-0.863	-1.106	-1.46	-1.698	-1.847	-2.01	-2.133	-1.381	-0.3847	-0.1974	0.3508	0.5546	0.879	0.7052	0.2651	0.04464	-0.03465	-0.145	-0.2914	-0.2902	-0.04276	6.232
955.3	0.09121	0.04537	-0.005488	-0.09357	-0.2034	-0.3038	-0.4161	-0.5501	-0.6854	-0.831	-1.063	-1.472	-1.664	-1.806	-1.952	-2.048	-1.306	-0.3282	-0.1609	0.3826	0.5863	0.8696	0.6837	0.2285	0.03963	-0.0527	-0.1788	-0.2932	-0.2991	-0.07893	5.958
957.1	0.09617	0.05303	-0.01653	-0.1125	-0.1996	-0.3018	-0.4079	-0.5579	-0.6728	-0.86	-1.058	-1.468	-1.623	-1.765	-1.892	-1.964	-1.215	-0.2638	-0.09621	0.4365	0.6026	0.8702	0.6568	0.1829	0.001341	-0.0681	-0.1714	-0.291	-0.3038	-0.06264	5.737
958.5	0.1047	0.06996	-0.0169	-0.1112	-0.217	-0.3051	-0.425	-0.5351	-0.685	-0.832	-1.059	-1.444	-1.591	-1.708	-1.847	-1.914	-1.148	-0.201	-0.0459	0.4945	0.6474	0.8521	0.6271	0.1672	-0.02328	-0.07058	-0.1796	-0.2905	-0.3234	-0.01587	5.53
960.7	0.1269	0.05514	-0.03496	-0.1372	-0.2203	-0.315	-0.4219	-0.5411	-0.6823	-0.8135	-1.036	-1.402	-1.558	-1.684	-1.785	-1.818	-1.063	-0.1268	0.0184	0.5236	0.6719	0.8793	0.6091	0.1279	-0.02445	-0.09486	-0.1863	-0.3042	-0.3067	-0.01251	5.26
963	0.1321	0.06425	-0.04586	-0.1277	-0.2385	-0.3143	-0.416	-0.5478	-0.6637	-0.8051	-1.034	-1.383	-1.515	-1.625	-1.737	-1.756	-1.007	-0.08241	0.05743	0.5535	0.7028	0.8504	0.5831	0.1215	-0.04032	-0.09207	-0.183	-0.2892	-0.2861	-0.02797	5.089
964.9	0.1228	0.06067	-0.04225	-0.1366	-0.2369	-0.3104	-0.4246	-0.5475	-0.6588	-0.8017	-1.006	-1.355	-1.495	-1.607	-1.701	-1.698	-0.9446	-0.0213	0.09524	0.5685	0.6873	0.8599	0.5559	0.09367	-0.04146	-0.1053	-0.1855	-0.2869	-0.2908	-0.01356	4.86
966	0.1254	0.04333	-0.05041	-0.1463	-0.2439	-0.3101	-0.4163	-0.5389	-0.6616	-0.8099	-0.9753	-1.332	-1.46	-1.571	-1.662	-1.643	-0.9018	0.00127	0.1287	0.6049	0.7253	0.8644	0.5419	0.08133	-0.06462	-0.1033	-0.1796	-0.294	-0.2865	-0.03008	4.736
966.8	0.1191	0.03295	-0.06522	-0.1462	-0.2326	-0.3301	-0.4246	-0.5511	-0.6596	-0.7791	-1.006	-1.314	-1.443	-1.554	-1.628	-1.599	-0.8488	0.03957	0.1534	0.5974	0.7151	0.8582	0.5212	0.04869	-0.08775	-0.1218	-0.1977	-0.2835	-0.2757	-0.04824	4.555
968.8	0.1161	0.04818	-0.05729	-0.1518	-0.2375	-0.3064	-0.4156	-0.5274	-0.6417	-0.7729	-1.002	-1.295	-1.43	-1.521	-1.593	-1.557	-0.8162	0.06871	0.165	0.6291	0.7372	0.853	0.5029	0.0242	-0.09609	-0.1279	-0.1973	-0.2965	-0.283	0.006285	4.42
970.7	0.1182	0.03778	-0.06068	-0.1523	-0.2366	-0.3278	-0.4139	-0.5317	-0.6523	-0.8024	-0.9432	-1.279	-1.401	-1.493	-1.556	-1.516	-0.7759	0.1067	0.198	0.6459	0.7433	0.8335	0.4842	0.008946	-0.1044	-0.1314	-0.183	-0.2784	-0.2811	0.004077	4.3
973.2	0.1253	0.04416	-0.06441	-0.1652	-0.2432	-0.3302	-0.4097	-0.5321	-0.6471	-0.7713	-1.001	-1.268	-1.395	-1.462	-1.528	-1.487	-0.7449	0.1445	0.2137	0.6631	0.7542	0.8414	0.4664	-0.005236	-0.0993	-0.1521	-0.2048	-0.2941	-0.2896	-0.01947	4.214
974.2	0.1201	0.05172	-0.07442	-0.1596	-0.2384	-0.3157	-0.4246	-0.5232	-0.637	-0.7695	-0.979	-1.273	-1.368	-1.459	-1.513	-1.458	-0.7118	0.1376	0.2263	0.6803	0.7406	0.8305	0.4443	-0.02241	-0.1428	-0.1437	-0.1921	-0.2864	-0.2736	0.0002357	4.109
975.5	0.1505	0.02848	-0.06812	-0.1691	-0.2547	-0.3157	-0.4167	-0.5345	-0.6405	-0.7676	-0.9771	-1.234	-1.349	-1.41	-1.474	-1.411	-0.673	0.1642	0.2581	0.6705	0.7802	0.8339	0.4385	-0.04659	-0.1317	-0.1492	-0.2029	-0.2894	-0.2667	-0.002494	4.038
976.5	0.1341	0.03073	-0.06187	-0.1533	-0.2454	-0.3072	-0.4099	-0.5195	-0.6256	-0.7768	-0.924	-1.221	-1.33	-1.409	-1.45	-1.382	-0.6484	0.1975	0.2857	0.6966	0.756	0.8309	0.4207	-0.04957	-0.1449	-0.1509	-0.1972	-0.2875	-0.2625	0.0007808	3.961
977.4	0.1178	0.02842	-0.07147	-0.1653	-0.255	-0.3356	-0.4316	-0.5372	-0.6428	-0.7534	-0.9231	-1.223	-1.326	-1.396	-1.45	-1.359	-0.6227	0.2152	0.2897	0.691	0.7808	0.8068	0.4013	-0.05053	-0.1278	-0.1514	-0.1956	-0.2883	-0.2583	0.00078	3.911
977.8	0.1281	0.02462	-0.0811	-0.1715	-0.2496	-0.3127	-0.4162	-0.527	-0.6358	-0.7694	-0.8766	-1.215	-1.312	-1.381	-1.422	-1.329	-0.598	0.2429	0.3153	0.7105	0.7772	0.8054	0.3964	-0.05353	-0.164	-0.1589	-0.2066	-0.2775	-0.283	0.01276	3.885
979.2	0.1253	0.0227	-0.08755	-0.1712	-0.2658	-0.3327	-0.426	-0.5337	-0.6363	-0.7556	-0.9173	-1.206	-1.304	-1.371	-1.408	-1.304	-0.5794	0.2381	0.3073	0.7105	0.7676	0.8076	0.3866	-0.07657	-0.1662	-0.1619	-0.1745	-0.2827	-0.2669	-0.01173	3.875
980.1	0.1228	0.02721	-0.08516	-0.1742	-0.2528	-0.3274	-0.4204	-0.5329	-0.6379	-0.764	-0.8952	-1.2	-1.31	-1.361	-1.396	-1.306	-0.5672	0.239	0.3081	0.7069	0.7765	0.8124	0.3721	-0.08353	-0.1853	-0.1655	-0.1881	-0.2673	-0.2798	-0.004113	3.87
980.8	0.1185	0.01435	-0.08817	-0.1752	-0.256	-0.3358	-0.4209	-0.5333	-0.6335	-0.7607	-0.8857	-1.2	-1.296	-1.358	-1.4	-1.297	-0.5684	0.2411	0.3218	0.6985	0.7866	0.8029	0.3799	-0.08247	-0.1623	-0.1685	-0.1797	-0.2783	-0.2496	-0.01388	3.888
981.5	0.1111	0.02038	-0.08696	-0.1786	-0.2547	-0.3279	-0.4279	-0.5329	-0.6324	-0.7638	-0.9122	-1.191	-1.3	-1.351	-1.393	-1.297	-0.5631	0.2631	0.3205	0.7266	0.7807	0.7925	0.3774	-0.09244	-0.1634	-0.159	-0.2003	-0.2765	-0.2846	-0.0008508	3.906
981.9	0.1207	0.02377	-0.08923	-0.1614	-0.2478	-0.3268	-0.4245	-0.5212	-0.6303	-0.7374	-0.8812	-1.192	-1.291	-1.349	-1.4	-1.29	-0.5645	0.2541	0.3172	0.7145	0.7889	0.8197	0.3772	-0.08438	-0.1885	-0.1583	-0.1906	-0.2775	-0.2688	0.0002349	3.906
982.2	0.1264	0.01848	-0.07574	-0.166	-0.2406	-0.3312	-0.4151	-0.5424	-0.6319	-0.7687	-0.9492	-1.192	-1.29	-1.351	-1.377	-1.288	-0.566	0.2574	0.3096	0.7241	0.7939	0.7996	0.3707	-0.1034	-0.1861	-0.1614	-0.185	-0.2779	-0.2687	-0.01386	3.927
981.8	0.1226	0.01773	-0.08578	-0.1719	-0.2628	-0.3264	-0.4257	-0.5258	-0.6321	-0.7375	-0.9685	-1.179	-1.295	-1.347	-1.379	-1.273	-0.5419	0.2708	0.3225	0.7096	0.7794	0.8022	0.3728	-0.1034	-0.1705	-0.1671	-0.1823	-0.2781	-0.2493	0.01163	3.952
983.3	0.1232	0.02185	-0.08142	-0.1732	-0.2628	-0.3431	-0.4231	-0.5455	-0.6394	-0.7525	-0.9529	-1.189	-1.284	-1.35	-1.383	-1.286	-0.5598	0.2737	0.3146	0.7223	0.7624	0.7823	0.3664	-0.09427	-0.1763	-0.1713	-0.1875	-0.2866	-0.2828	0.004026	4.01
984.2	0.1212	0.01129	-0.09862	-0.1894	-0.2656	-0.3446	-0.4375	-0.538	-0.6401	-0.7482	-0.9179	-1.185	-1.298	-1.346	-1.383	-1.274	-0.5411	0.2756	0.3228	0.7206	0.7976	0.8221	0.3708	-0.1032	-0.1713	-0.161	-0.1805	-0.2623	-0.2422	0.0007751	4.069
985.3	0.1184	0.02444	-0.09123	-0.1822	-0.2716	-0.346	-0.4306	-0.5399	-0.6359	-0.7618	-0.857	-1.189	-1.288	-1.349	-1.385	-1.268	-0.5548	0.2731	0.3235	0.7149	0.7619	0.7971	0.3729	-0.08309	-0.1687	-0.1427	-0.1816	-0.2531	-0.2549	0.01591	4.16
985.2	0.1291	0.01353	-0.09929	-0.1876	-0.2836	-0.3501	-0.4518	-0.5621	-0.6618	-0.7646	-0.9017	-1.203	-1.301	-1.354	-1.385	-1.278	-0.5532	0.2621	0.3225	0.719	0.7725	0.795	0.3746	-0.0881	-0.146	-0.1546	-0.1706	-0.2721	-0.2601	-0.0122	4.28
985.3	0.1099	0.02256	-0.107	-0.1996	-0.2828	-0.3573	-0.451	-0.5674	-0.654	-0.786	-1.007	-1.209	-1.306	-1.372	-1.397	-1.305	-0.5813	0.251	0.2948	0.7071	0.7407	0.8081	0.3801	-0.06611	-0.1472	-0.1333	-0.1679	-0.2625	-0.2614	0.01159	4.391
985.1	0.1172	0.01278	-0.1127	-0.1985	-0.2908	-0.3582	-0.4555	-0.57	-0.6708	-0.7853	-1.019	-1.225	-1.319	-1.391	-1.431	-1.331	-0.5969	0.2212	0.2938	0.6817	0.7715	0.8039	0.4029	-0.03815	-0.1221	-0.1389	-0.1569	-0.2458	-0.2459	-0.01653	4.541
984.9	0.1176	0.02106	-0.1104	-0.2024	-0.2946	-0.3705	-0.4692	-0.5714	-0.6875	-0.8052	-1.07	-1.241	-1.335	-1.407	-1.452	-1.364	-0.6495	0.2014	0.2621	0.6867	0.7569	0.8183	0.4177	-0.03616	-0.1113	-0.1082	-0.1432	-0.2515	-0.2485	-0.01383	4.703
984.7	0.1165	0.00225	-0.102	-0.1978	-0.2871	-0.3656	-0.4624	-0.5854	-0.6897	-0.7972	-1.064	-1.26	-1.369	-1.434	-1.485	-1.413	-0.6821	0.1727	0.2504	0.6701	0.7528	0.803	0.4379	-0.005175	-0.09334	-0.09631	-0.1294	-0.247	-0.246	-0.00842	4.908
985.2	0.1115	0.01052	-0.09009	-0.2117	-0.2915	-0.3767	-0.4722	-0.5736	-0.6877	-0.813	-1.003	-1.287	-1.387	-1.457	-1.518	-1.446	-0.7155	0.1449	0.2238	0.6374	0.7334	0.8191	0.4571	0.01581	-0.06815	-0.08811	-0.1376	-0.2358	-0.2536	0.004018	5.122
987.2	0.1043	-0.004512	-0.1186	-0.2058	-0.3054	-0.3795	-0.4681	-0.5905	-0.6997	-0.7988	-1.001	-1.295	-1.402	-1.487	-1.553	-1.495	-0.7558	0.08949	0.1873	0.6214	0.7277	0.8415	0.4756	0.03472	-0.06443	-0.07792	-0.1085	-0.2336	-0.2363	-0.006781	5.307
989.6	0.1148	0.01347	-0.1111	-0.2111	-0.3106	-0.3916	-0.488	-0.6038	-0.7064	-0.8317	-1.064	-1.317	-1.423	-1.521	-1.587	-1.539	-0.8133	0.05296	0.1678	0.6022	0.7238	0.8231	0.5036	0.05751	-0.03446	-0.06711	-0.111	-0.2297	-0.2124	-0.01807	5.574
991.2	0.1081	0.008964	-0.1086	-0.2004	-0.2912	-0.3744	-0.4836	-0.6118	-0.7141	-0.8393	-1.052	-1.34	-1.46	-1.56	-1.632	-1.602	-0.8613	0.02431	0.1328	0.5768	0.6848	0.8446	0.5323	0.07827	-0.01061	-0.04954	-0.1135	-0.2243	-0.2082	-0.002454	5.801
993.1	0.1182	0.01193	-0.09469	-0.2073	-0.3103	-0.3867	-0.4895	-0.6053	-0.7261	-0.8484	-1.037	-1.366	-1.473	-1.601	-1.67	-1.662	-0.9374	-0.0492	0.08621	0.5416	0.6699	0.8343	0.5546	0.1168	-0.001083	-0.04198	-0.1147	-0.2178	-0.2439	-0.01532	6.066
994	0.1029	-0.004854	-0.1224	-0.2159	-0.3111	-0.3962	-0.4993	-0.6321	-0.7518	-0.8583	-1.026	-1.385	-1.524	-1.631	-1.731	-1.728	-0.9869	-0.0645	0.04092	0.4983	0.6525	0.8293	0.5687	0.1385	0.003664	-0.04195	-0.1009	-0.2093	-0.2231	-0.01263	6.34
994.8	0.1062	0.009304	-0.1162	-0.2181	-0.3164	-0.3963	-0.506	-0.621	-0.7455	-0.8834	-1.1	-1.408	-1.546	-1.672	-1.765	-1.786	-1.051	-0.1334	0.003058	0.4755	0.63	0.8275	0.5921	0.1561	0.01789	-0.02638	-0.09267	-0.2136	-0.2165	-0.01048	6.611
995.7	0.108	0.007063	-0.1028	-0.2175	-0.3058	-0.3848	-0.4969	-0.6318	-0.7592	-0.8773	-1.068	-1.434	-1.579	-1.7	-1.811	-1.848	-1.112	-0.1869	-0.04314	0.4575	0.6054	0.8354	0.6179	0.2054	0.06527	0.002194	-0.08033	-0.1979	-0.2111	-0.01421	6.885
995.5	0.1058	0.004459	-0.1222	-0.2191	-0.3255	-0.4068	-0.5156	-0.6405	-0.7706	-0.9112	-1.096	-1.447	-1.609	-1.739	-1.859	-1.916	-1.173	-0.2657	-0.0904	0.4071	0.5773	0.8345	0.643	0.2193	0.0724	0.005919	-0.05719	-0.2057	-0.2202	-0.01689	7.157
994.3	0.1009	-0.007833	-0.1083	-0.2166	-0.3318	-0.4059	-0.5257	-0.6616	-0.7852	-0.9203	-1.129	-1.505	-1.661	-1.794	-1.925	-1.999	-1.257	-0.3076	-0.1389	0.3676	0.5539	0.8453	0.6643	0.2552	0.06773	0.01587	-0.05181	-0.1877	-0.1999	-0.02869	7.467
993.1	0.09002	0.004097	-0.1152	-0.2288	-0.3147	-0.4198	-0.5315	-0.6668	-0.7928	-0.9321	-1.157	-1.559	-1.695	-1.843	-1.973	-2.076	-1.34	-0.3858	-0.1917	0.3281	0.5263	0.8245	0.68	0.2783	0.107	0.04202	-0.04368	-0.1862	-0.2207	-0.03087	7.737
992.8	0.09005	-0.003366	-0.1252	-0.225	-0.3393	-0.4168	-0.5396	-0.6642	-0.798	-0.9493	-1.16	-1.568	-1.74	-1.884	-2.04	-2.158	-1.426	-0.443	-0.2559	0.2921	0.4866	0.8389	0.7088	0.32	0.151	0.06009	-0.03823	-0.1796	-0.1821	-0.0341	8.03
993	0.08509	-0.0003811	-0.1194	-0.2265	-0.3337	-0.4342	-0.5435	-0.6759	-0.809	-0.966	-1.182	-1.616	-1.78	-1.938	-2.097	-2.242	-1.518	-0.5186	-0.3475	0.2345	0.4519	0.8333	0.7328	0.3428	0.151	0.08559	-0.03139	-0.1768	-0.2233	-0.05716	8.348
993.1	0.09687	0.01007	-0.1084	-0.2265	-0.331	-0.4193	-0.5489	-0.6872	-0.836	-0.9998	-1.21	-1.606	-1.813	-1.987	-2.159	-2.32	-1.603	-0.5898	-0.3937	0.1779	0.4183	0.8137	0.7487	0.3705	0.1961	0.09492	-0.005449	-0.158	-0.213	-0.03731	8.662
994.1	0.08651	0.01416	-0.1117	-0.2236	-0.3229	-0.4346	-0.552	-0.6939	-0.837	-0.9979	-1.241	-1.618	-1.863	-2.048	-2.228	-2.413	-1.689	-0.679	-0.4586	0.1212	0.3603	0.8085	0.7619	0.3969	0.2173	0.1135	0.001376	-0.1684	-0.2166	-0.05067	8.99
