40521	19	11	87	28	756	4	4	4.25	0	256	8192	1	0	0	0	0	100	1014.1	1.4698e+006	0.1199	0	41.707	0	0	0	0	0	0	3	0	0
1011	0.11692	-0.055218	-0.15578	-0.1747	-0.26897	-0.36354	-0.41216	-0.53942	-0.64605	-0.73695	-0.61409	-1.1749	-1.212	-1.3312	-1.1545	-1.1887	-0.26502	0.48056	0.15199	0.90883	0.97499	0.87232	0.46947	0.065959	-0.19773	0.031043	-0.013343	-0.043625	-0.016741	0.18578	4.246
1009	0.083375	-0.077296	-0.14848	-0.24302	-0.29839	-0.38592	-0.40091	-0.54796	-0.66953	-0.77279	-0.78081	-1.1612	-1.23	-1.3801	-1.1862	-1.1714	-0.29226	0.41628	0.10041	0.92891	1.007	0.84117	0.49153	0.13425	-0.12787	0.024957	-0.080511	-0.060019	-0.092779	0.21235	4.295
1007	0.076047	-0.092168	-0.13378	-0.17906	-0.28072	-0.37352	-0.42917	-0.55717	-0.65039	-0.7305	-0.83408	-1.1992	-1.2481	-1.3562	-1.224	-1.2524	-0.36299	0.42797	0.12135	0.92127	0.96769	0.89652	0.52777	0.10523	-0.15155	0.043407	-0.0403	-0.032839	-0.054884	0.17051	4.279
1006	0.1024	-0.088585	-0.16022	-0.1944	-0.3433	-0.35182	-0.42956	-0.54563	-0.65049	-0.74007	-0.84666	-1.2309	-1.2438	-1.3771	-1.2485	-1.3253	-0.38495	0.39598	0.07995	0.93187	0.96872	0.90823	0.53652	0.15426	-0.12827	0.025033	-0.067297	-0.011011	-0.093076	0.20776	4.279
1009	0.11329	-0.029578	-0.15223	-0.19382	-0.31665	-0.36393	-0.40479	-0.55193	-0.65207	-0.73775	-0.83827	-1.2066	-1.2671	-1.3861	-1.2751	-1.3091	-0.40535	0.41628	0.048638	0.91933	0.96563	0.91607	0.54565	0.15377	-0.15126	0.05556	-0.067087	-0.027323	-0.0040903	0.23877	4.214
1012	0.1019	-0.073467	-0.14069	-0.19721	-0.24677	-0.35879	-0.41564	-0.52283	-0.64783	-0.75366	-0.88785	-1.2193	-1.2703	-1.437	-1.2842	-1.3365	-0.4475	0.34012	0.027868	0.88865	0.96368	0.89275	0.55255	0.11454	-0.12757	0.043225	-0.093754	-0.054462	-0.0040814	0.23299	4.262
1002	0.057592	-0.05198	-0.14582	-0.20672	-0.30796	-0.37992	-0.45891	-0.54398	-0.68551	-0.80491	-0.75196	-1.2362	-1.2926	-1.4569	-1.272	-1.3547	-0.468	0.39766	0.048995	0.89721	0.95206	0.95515	0.54692	0.10581	-0.16409	0.025138	-0.13523	-0.022033	-0.029644	0.21923	4.149
1006	0.083637	-0.095948	-0.14523	-0.20197	-0.29938	-0.343	-0.41783	-0.55775	-0.68008	-0.78397	-0.89253	-1.2204	-1.3202	-1.431	-1.2965	-1.3314	-0.46604	0.39598	0.069565	0.95113	0.91699	0.90823	0.5338	0.12494	-0.15175	0.049598	-0.080771	-0.016476	-0.054943	0.23948	4.262
1016	0.10513	-0.029391	-0.12895	-0.19255	-0.25664	-0.36606	-0.40231	-0.56047	-0.68205	-0.78528	-0.99241	-1.214	-1.2597	-1.417	-1.273	-1.3365	-0.44025	0.38152	0.048327	0.90404	0.99042	0.88908	0.53681	0.10434	-0.1619	0.036967	-0.093354	-0.027149	0.008526	0.13239	4.23
1016	0.11258	-0.025749	-0.1252	-0.20391	-0.28931	-0.36606	-0.40619	-0.54456	-0.64615	-0.73312	-0.95246	-1.1992	-1.3021	-1.437	-1.3016	-1.3365	-0.46697	0.38152	0.068907	0.90404	0.90835	0.93154	0.56645	0.14308	-0.19673	0.018718	-0.093354	-0.048813	-0.092196	0.21101	4.262
1008	0.10593	-0.047984	-0.12244	-0.16751	-0.2439	-0.34668	-0.40519	-0.52846	-0.64201	-0.73846	-0.94802	-1.2077	-1.2746	-1.414	-1.2996	-1.3284	-0.43807	0.41678	0.06942	0.92035	0.96666	0.93848	0.5543	0.11493	-0.12797	0.049493	-0.053704	-0.0055313	-0.067509	0.19677	4.214
1007	0.094805	-0.051714	-0.13378	-0.20556	-0.29533	-0.38234	-0.42519	-0.54514	-0.65463	-0.74803	-0.9204	-1.214	-1.2809	-1.409	-1.271	-1.3122	-0.41695	0.42797	0.11101	0.98854	0.96769	0.89652	0.55761	0.19319	-0.17494	0.025005	-0.013383	0.0053857	-0.054884	0.18111	4.279
1011	0.12821	-0.047885	-0.12214	-0.17091	-0.24706	-0.33719	-0.40052	-0.50731	-0.65108	-0.77199	-0.61977	-1.1802	-1.2555	-1.3851	-1.2495	-1.2778	-0.38339	0.43748	0.10031	0.91841	0.99556	0.85099	0.51533	0.10493	-0.13941	0.012698	-0.04018	-0.027293	-0.0040854	0.18578	4.214
1012	0.049579	-0.091784	-0.15934	-0.21604	-0.28319	-0.36761	-0.4429	-0.54679	-0.67298	-0.77984	-1.0366	-1.1887	-1.2374	-1.3631	-1.225	-1.2352	-0.36682	0.42619	0.1002	0.93656	0.92244	0.89275	0.50406	0.085347	-0.20927	0.012679	-0.093754	-0.032706	-0.029366	0.23299	4.279
1006	0.079877	-0.081223	-0.14523	-0.17926	-0.27736	-0.33854	-0.41783	-0.5497	-0.65237	-0.74007	-1.1512	-1.1644	-1.2385	-1.3302	-1.1892	-1.2119	-0.33099	0.43926	0.069565	0.95113	1.0101	0.95118	0.50396	0.076011	-0.10478	0.00046665	-0.067297	-0.027416	-0.042229	0.21836	4.23
1016	0.10513	-0.073162	-0.1252	-0.24147	-0.31833	-0.3835	-0.44489	-0.55252	-0.64014	-0.7157	-0.94112	-1.1834	-1.2438	-1.3711	-1.2015	-1.2595	-0.34932	0.4244	0.14096	0.88498	0.96985	0.85714	0.49114	0.036539	-0.18509	0.018718	-0.03997	-0.048813	-0.07961	0.20579	4.279
1019	0.11228	-0.094747	-0.1471	-0.1845	-0.2667	-0.33438	-0.40101	-0.53486	-0.63106	-0.71349	-0.72803	-1.1802	-1.2184	-1.3601	-1.1923	-1.2383	-0.33751	0.41242	0.12001	0.92025	0.97705	0.86508	0.49502	0.0074501	-0.14986	0.024718	-0.039841	-7.4403e-005	-0.054261	0.22603	4.23
1007	0.10603	-0.062748	-0.18252	-0.1942	-0.27342	-0.3868	-0.43305	-0.52904	-0.64753	-0.74803	-0.89746	-1.1887	-1.2481	-1.3891	-1.1708	-1.2099	-0.34145	0.43886	0.17327	0.89242	0.95741	0.8751	0.47365	0.0075364	-0.19842	-0.0056688	-0.094144	-0.087455	-0.054884	0.24454	4.262
998.9	0.11833	-0.078113	-0.15381	-0.19207	-0.26838	-0.38563	-0.42091	-0.5659	-0.68699	-0.78981	-1.0208	-1.1887	-1.2427	-1.408	-1.2342	-1.2565	-0.35522	0.40984	0.080552	0.9388	0.9863	0.8501	0.49405	0.066724	-0.16469	0.025215	-0.054224	-0.055149	-0.016939	0.21994	4.197
1002	0.095308	-0.059382	-0.11188	-0.20672	-0.27855	-0.37992	-0.45105	-0.56008	-0.66351	-0.75205	-0.78673	-1.1897	-1.2555	-1.3831	-1.2066	-1.2292	-0.32156	0.5281	0.13249	0.94553	0.97283	0.9121	0.47345	0.017397	-0.21126	0.037473	-0.013453	-0.06047	-0.055171	0.18736	4.165
1008	0.13597	-0.03696	-0.11119	-0.15237	-0.25121	-0.32459	-0.36619	-0.4883	-0.61932	-0.7297	-0.90215	-1.1728	-1.2311	-1.3811	-1.1872	-1.1907	-0.28718	0.45996	0.14196	0.97794	1.008	0.90634	0.47044	0.075854	-0.18648	0.024976	-0.067157	-0.0219	-0.04214	0.26542	4.214
1011	0.090763	-0.05888	-0.11839	-0.18984	-0.29809	-0.36354	-0.43165	-0.51536	-0.6498	-0.76323	-0.81435	-1.1802	-1.2226	-1.3382	-1.1668	-1.2069	-0.27579	0.45897	0.13137	0.92799	0.95432	0.88303	0.44517	0.046474	-0.20947	0.012698	-0.053594	-0.065402	-0.042051	0.17526	4.295
1005	0.091247	-0.088674	-0.14158	-0.20226	-0.31793	-0.3743	-0.44966	-0.57841	-0.66558	-0.74088	-0.88193	-1.2013	-1.2131	-1.3322	-1.1668	-1.2251	-0.27185	0.47224	0.14241	0.94247	0.98013	0.86617	0.45567	0.056506	-0.19882	0.037359	-0.026897	0.005397	-0.01683	0.25039	4.214
1009	0.090864	-0.12136	-0.15973	-0.19382	-0.28743	-0.34629	-0.43603	-0.55193	-0.62307	-0.68519	-1.0445	-1.1707	-1.2184	-1.3392	-1.2097	-1.2018	-0.29764	0.49185	0.12112	0.92891	0.95535	0.8626	0.44556	0.046523	-0.20967	0.006587	-0.080511	-0.01097	-0.016761	0.281	4.246
1008	0.064728	-0.088398	-0.14868	-0.21294	-0.29868	-0.3555	-0.41305	-0.52448	-0.64023	-0.73846	-0.70707	-1.1675	-1.2364	-1.3542	-1.2107	-1.2028	-0.31949	0.45996	0.12123	0.94909	0.96666	0.87421	0.45693	0.075854	-0.1631	0.0065937	0.026967	0.021746	-0.029456	0.22319	4.279
1002	0.061362	-0.12963	-0.16092	-0.20672	-0.28595	-0.34445	-0.45493	-0.53991	-0.6351	-0.71671	-0.85603	-1.1897	-1.2438	-1.3492	-1.1943	-1.2109	-0.3053	0.44114	0.059425	0.96479	0.98322	0.93362	0.46801	0.076335	-0.18768	0.031301	-0.12174	-0.043994	-0.042407	0.22991	4.279
1005	0.057411	-0.11083	-0.20926	-0.21361	-0.29967	-0.32566	-0.43006	-0.57036	-0.67653	-0.76726	-1.0546	-1.1707	-1.2343	-1.3522	-1.179	-1.1826	-0.28811	0.46145	0.13204	0.95215	0.95936	0.86617	0.46645	0.07609	-0.18708	0.0066147	-0.04039	-0.021971	-0.055003	0.25039	4.149
1009	0.068397	-0.080967	-0.15973	-0.20896	-0.27648	-0.37275	-0.40479	-0.54796	-0.64546	-0.72899	-0.95863	-1.1559	-1.1866	-1.3591	-1.18	-1.1897	-0.25456	0.48106	0.11077	0.93849	0.97602	0.92678	0.45644	0.066028	-0.15126	0.049445	-0.067087	-0.038222	0.0085804	0.23877	4.295
1012	0.10563	-0.047826	-0.15934	-0.23497	-0.26503	-0.34116	-0.41564	-0.58685	-0.65227	-0.70996	-0.80202	-1.1739	-1.2109	-1.3432	-1.1422	-1.2231	-0.28625	0.44778	0.16224	0.92697	0.97396	0.88214	0.46082	0.075619	-0.17424	0.031014	-0.026737	-0.032706	-0.0040814	0.25933	4.246
1003	0.068831	-0.026074	-0.17206	-0.20643	-0.30026	-0.38399	-0.43096	-0.5434	-0.65562	-0.75125	-1.1029	-1.1633	-1.2321	-1.3412	-1.1933	-1.1978	-0.27237	0.48413	0.13227	0.93482	0.98219	0.86806	0.44294	0.046817	-0.19922	0.02511	-0.08103	-0.038468	-0.029614	0.24557	4.262
997.8	0.084352	-0.081912	-0.19564	-0.19993	-0.29819	-0.38602	-0.42927	-0.55843	-0.65966	-0.74631	-0.77834	-1.1337	-1.2438	-1.3552	-1.1514	-1.1188	-0.25756	0.4867	0.17494	0.88162	0.98743	0.87262	0.42894	-0.012121	-0.20031	-0.018106	-0.054283	-0.033157	0.034314	0.26289	4.23
1007	0.068538	-0.062748	-0.14503	-0.20177	-0.31004	-0.38234	-0.43305	-0.52099	-0.64881	-0.75679	-0.89154	-1.1739	-1.1993	-1.3152	-1.1943	-1.2099	-0.29288	0.49284	0.12135	0.92127	0.96769	0.80011	0.47365	0.08571	-0.19842	-0.0118	-0.067227	-0.02192	-0.016791	0.20223	4.295
1017	0.097627	-0.051222	-0.1623	-0.21119	-0.2745	-0.37439	-0.42121	-0.50819	-0.62958	-0.73232	-0.71817	-1.1475	-1.2046	-1.3631	-1.1657	-1.1816	-0.30613	0.4347	0.16135	0.9602	1.0099	0.9731	0.49872	0.084896	-0.15016	0.079466	7.5023e-005	-0.032532	0.0085171	0.26842	4.344
1013	0.15028	-0.091686	-0.14059	-0.19692	-0.31931	-0.37158	-0.42688	-0.55019	-0.65483	-0.7441	-0.88119	-1.1728	-1.2364	-1.3482	-1.1933	-1.1978	-0.28594	0.43649	0.11041	0.93554	0.96265	0.88115	0.46577	0.065812	-0.13911	0.018775	-0.053484	-0.038109	0.0085527	0.26953	4.295
1012	0.083193	-0.062482	-0.13694	-0.201	-0.29414	-0.34562	-0.37674	-0.52283	-0.61893	-0.7012	-0.72211	-1.1538	-1.2268	-1.3102	-1.2127	-1.1694	-0.29702	0.48007	0.069197	0.89823	0.9534	0.87143	0.49328	0.10483	-0.18588	0.024899	-0.10715	-0.016394	-0.016721	0.21196	4.181
1006	0.076128	-0.084904	-0.16397	-0.18304	-0.28102	-0.36063	-0.42568	-0.55775	-0.65108	-0.73121	-0.94999	-1.1496	-1.2438	-1.3641	-1.2189	-1.1998	-0.29857	0.42846	0.13193	0.97998	1.0204	0.89752	0.4958	0.12494	-0.11653	0.006608	-0.094244	-0.011011	-0.093076	0.24478	4.295
1002	0.087759	-0.12225	-0.16466	-0.22196	-0.28595	-0.3711	-0.43921	-0.57628	-0.63668	-0.69023	-1.1157	-1.195	-1.2438	-1.3971	-1.2127	-1.217	-0.29443	0.46283	0.13249	0.92616	1.004	0.89047	0.49522	0.095977	-0.16409	0.0066357	-0.054054	-0.043994	-0.01688	0.23521	4.246
997.8	0.095712	-0.078201	-0.12747	-0.1846	-0.25387	-0.35482	-0.44906	-0.53816	-0.67022	-0.78176	-0.87107	-1.2309	-1.2661	-1.3961	-1.2352	-1.2646	-0.34466	0.43213	0.10159	0.96887	1.0187	0.87262	0.50008	0.14573	-0.24758	0.00047057	-0.095044	-0.022125	-0.10666	0.24153	4.295
1002	0.061362	-0.077867	-0.15332	-0.21429	-0.30431	-0.39329	-0.43136	-0.56416	-0.64586	-0.71671	-0.93668	-1.1749	-1.2332	-1.3831	-1.2127	-1.2231	-0.31608	0.43025	0.11154	0.94553	1.004	0.90129	0.50066	0.086161	-0.15235	0.037473	-0.067577	-0.038509	-0.00412	0.24051	4.246
1019	0.11601	-0.065661	-0.1397	-0.16198	-0.2667	-0.33874	-0.42419	-0.52293	-0.65444	-0.76555	-0.93816	-1.1855	-1.2396	-1.3671	-1.1923	-1.2676	-0.38557	0.40172	0.13026	0.92025	0.95658	0.86508	0.51912	0.036432	-0.19613	0.018651	-0.079761	-0.064858	-0.029149	0.25743	4.344
1019	0.10482	-0.054756	-0.1768	-0.18828	-0.28842	-0.33874	-0.40877	-0.53884	-0.6424	-0.73081	-0.72803	-1.1855	-1.2396	-1.3671	-1.2332	-1.2433	-0.35885	0.4765	0.12001	0.97723	0.97705	0.89692	0.4923	0.07506	-0.21932	0.055044	-0.079761	-0.03247	0.0084993	0.23655	4.23
1009	0.087114	-0.029578	-0.081109	-0.15596	-0.25831	-0.37711	-0.40479	-0.53991	-0.66114	-0.76403	-0.76947	-1.2066	-1.2459	-1.3661	-1.2393	-1.2616	-0.34072	0.45947	0.14185	0.91933	0.97602	0.90535	0.4889	0.017269	-0.20967	0.031072	-0.026787	-0.01097	-0.029426	0.20183	4.328
1003	0.065061	-0.092562	-0.12678	-0.19886	-0.28931	-0.36625	-0.4427	-0.5434	-0.63136	-0.70715	-0.97614	-1.1834	-1.2268	-1.3611	-1.1995	-1.2028	-0.29412	0.50582	0.1219	0.95409	1.0134	0.87877	0.47287	0.056633	-0.19922	0.031272	-0.067507	-0.022012	0.059633	0.24027	4.214
1001	0.08408	-0.081656	-0.10823	-0.17635	-0.28625	-0.34484	-0.38858	-0.53244	-0.63215	-0.71742	-0.61409	-1.1306	-1.2184	-1.3372	-1.1484	-1.1816	-0.26212	0.50691	0.15344	0.9175	1.0155	0.86984	0.45479	0.0075844	-0.18787	0.025167	-0.0812	-0.03855	-0.029683	0.2621	4.311
1006	0.098655	-0.10699	-0.17897	-0.21721	-0.30668	-0.396	-0.44528	-0.53767	-0.64211	-0.73121	-0.8294	-1.1749	-1.2014	-1.3442	-1.1596	-1.139	-0.24451	0.48254	0.15266	0.94145	0.99978	0.83314	0.43069	0.017328	-0.18688	-0.0056745	-0.080771	-0.076618	0.0086071	0.24478	4.23
1006	0.12115	-0.073861	-0.11514	-0.1944	-0.2591	-0.35182	-0.39435	-0.49334	-0.65631	-0.79273	-1.0822	-1.2003	-1.2279	-1.3172	-1.1831	-1.1876	-0.30396	0.49344	0.10073	0.93187	0.99978	0.94047	0.50124	0.036893	-0.18688	0.061876	7.5813e-005	-0.054749	-0.029525	0.27127	4.279
1007	0.14353	-0.099511	-0.16753	-0.21313	-0.29533	-0.36025	-0.42519	-0.5692	-0.63639	-0.69536	-0.85134	-1.194	-1.2109	-1.3222	-1.1821	-1.1978	-0.31442	0.41717	0.15255	0.9597	1.0194	0.83225	0.48987	0.066165	-0.13981	-0.0056688	-0.080681	-0.043769	-0.029495	0.24984	4.197
1017	0.075332	-0.080377	-0.12135	-0.18489	-0.29622	-0.34378	-0.42121	-0.55591	-0.65079	-0.73232	-0.91744	-1.1929	-1.247	-1.3831	-1.224	-1.2646	-0.37024	0.38112	0.12023	0.89354	0.94836	0.85625	0.49065	0.075217	-0.1617	0.024775	-0.053264	-0.027128	-0.041794	0.22651	4.311
1019	0.056635	-0.087483	-0.15085	-0.22943	-0.28842	-0.3649	-0.43583	-0.57065	-0.64694	-0.71349	-0.83605	-1.1749	-1.2184	-1.3472	-1.1923	-1.1907	-0.28946	0.4872	0.15076	1.0058	0.9464	0.85447	0.46014	0.094379	-0.068771	0.0065258	-0.066458	-0.037863	-0.054261	0.22603	4.23
1006	0.11369	-0.066488	-0.17522	-0.20585	-0.28467	-0.36955	-0.41783	-0.5658	-0.67397	-0.76645	-0.88686	-1.2003	-1.2555	-1.3841	-1.225	-1.2595	-0.39043	0.40677	0.048794	0.95113	0.93766	0.90823	0.51757	0.095575	-0.1634	0.031177	-0.094244	-0.016476	-0.054943	0.27127	4.279
1003	0.057532	-0.074087	-0.16072	-0.20643	-0.29296	-0.39726	-0.46239	-0.58375	-0.67357	-0.75125	-0.90116	-1.1781	-1.2587	-1.415	-1.2352	-1.2332	-0.35367	0.45154	0.10104	1.0407	1.086	0.93263	0.48919	0.12533	-0.069866	0.006629	-0.067507	-0.027498	-0.093363	0.23497	4.214
1006	0.098655	-0.048082	-0.096381	-0.20197	-0.29572	-0.33418	-0.37873	-0.52157	-0.61074	-0.68731	-0.96159	-1.2151	-1.2661	-1.417	-1.2791	-1.2838	-0.3634	0.46095	0.048794	0.96071	0.98939	0.97261	0.52564	0.076011	-0.15175	0.043455	-0.04035	-0.016476	-0.042229	0.24478	4.23
1009	0.075886	-0.069953	-0.15223	-0.17868	-0.29839	-0.36393	-0.43991	-0.53593	-0.6642	-0.77279	-0.91275	-1.232	-1.2777	-1.42	-1.2628	-1.2859	-0.36226	0.44867	0.05899	0.94808	0.95535	0.90535	0.47267	0.085524	-0.1629	0.031072	-0.013353	-0.027323	-0.042101	0.25458	4.311
1003	0.053762	-0.070396	-0.12678	-0.24069	-0.34439	-0.37507	-0.4427	-0.55543	-0.67071	-0.76887	-0.91843	-1.2394	-1.2587	-1.3821	-1.2945	-1.3112	-0.36993	0.40806	0.059369	0.94451	1.0345	0.95416	0.54089	0.095879	-0.14041	0.012794	-0.053994	-0.022012	-0.0041161	0.2031	4.246
1001	0.11047	-0.052039	-0.10063	-0.20304	-0.23838	-0.37594	-0.44369	-0.55261	-0.65089	-0.73514	-0.89154	-1.2679	-1.3053	-1.4519	-1.273	-1.3264	-0.41964	0.40895	0.059492	0.9175	0.97386	0.9238	0.53662	0.11572	-0.15255	0.037512	-0.027017	-0.027559	-0.05523	0.22485	4.23
1013	0.086842	-0.099019	-0.16664	-0.18188	-0.26108	-0.35841	-0.42688	-0.53826	-0.65907	-0.76162	-1.0013	-1.2426	-1.2905	-1.435	-1.2945	-1.3294	-0.42554	0.38271	0.027835	0.92606	0.9318	0.9238	0.53049	0.11444	-0.19733	0.043187	-0.053484	-0.0055077	0.046444	0.23276	4.262
1018	0.052976	-0.032973	-0.1547	-0.20342	-0.28872	-0.37401	-0.44011	-0.56328	-0.65365	-0.73161	-1.3143	-1.1866	-1.2618	-1.3951	-1.1995	-1.2393	-0.38588	0.38073	0.099572	0.95929	0.9065	0.87659	0.52496	0.14278	-0.12678	0.030814	-0.053204	-0.043307	-0.029188	0.21061	4.246
1012	0.11309	-0.0808	-0.15194	-0.201	-0.31231	-0.38515	-0.41952	-0.55077	-0.65069	-0.73614	-0.89944	-1.1992	-1.265	-1.45	-1.272	-1.3304	-0.42057	0.31853	0.038198	0.91739	0.9534	0.91418	0.54721	0.12425	-0.11593	0.03712	-0.053534	-0.016394	-0.029366	0.18032	4.279
1005	0.06117	-0.081312	-0.15667	-0.19081	-0.29967	-0.36548	-0.40261	-0.53816	-0.64763	-0.74088	-1.0028	-1.2214	-1.3	-1.446	-1.2975	-1.375	-0.47194	0.3314	0.080039	0.99068	0.93869	0.93065	0.5751	0.095673	-0.14011	0.049646	7.5893e-005	-0.060275	-0.042279	0.26099	4.279
1011	0.102	-0.036881	-0.14464	-0.18984	-0.27253	-0.38999	-0.4044	-0.52739	-0.66479	-0.78065	-0.96331	-1.2151	-1.2714	-1.418	-1.2791	-1.3203	-0.40493	0.3836	0.069275	0.92799	0.96461	0.89375	0.55586	0.13415	-0.12777	0.037158	-0.053594	-0.032737	-0.016741	0.18056	4.279
1007	0.12861	-0.029637	-0.13753	-0.22837	-0.26611	-0.36025	-0.41743	-0.52497	-0.63126	-0.72175	-0.5586	-1.194	-1.2534	-1.3891	-1.2178	-1.2707	-0.35222	0.36319	0.10062	0.93085	0.93674	0.88581	0.53049	0.12474	-0.15155	0.043407	-0.053764	-0.049223	-0.016791	0.20223	4.23
996.7	0.12236	-0.048545	-0.13901	-0.15412	-0.30589	-0.36858	-0.42181	-0.54282	-0.66785	-0.7738	-1.2146	-1.1961	-1.2947	-1.418	-1.2608	-1.3081	-0.41591	0.38885	0.091204	0.96989	0.91535	0.88442	0.55537	0.14582	-0.15315	0.037674	-0.04073	-0.027672	-0.029802	0.21512	4.246
1004	0.11389	-0.044499	-0.14177	-0.18343	-0.27065	-0.37032	-0.41086	-0.53874	-0.63372	-0.7152	-0.86565	-1.2024	-1.2523	-1.3731	-1.2219	-1.2504	-0.34248	0.42936	0.10094	0.9338	0.93962	0.87788	0.48055	0.076178	-0.16379	0.0066223	-0.026927	-0.027467	-0.055062	0.14987	4.165
1017	0.1013	-0.051222	-0.13625	-0.19993	-0.30342	-0.38311	-0.43673	-0.55591	-0.67476	-0.77582	-0.84345	-1.1728	-1.2205	-1.3492	-1.2066	-1.2464	-0.34352	0.39182	0.099684	0.90312	0.97911	0.90942	0.51213	0.065538	-0.15016	0.049082	-0.03993	0.010745	-0.0040606	0.20033	4.246
1020	0.127	-0.036537	-0.07656	-0.16936	-0.24834	-0.34271	-0.4045	-0.51449	-0.60729	-0.68671	-0.67057	-1.1591	-1.2332	-1.3452	-1.2383	-1.2605	-0.34248	0.45471	0.068629	0.89079	0.96584	0.93829	0.50251	0.094281	-0.17275	0.036814	-0.092975	-0.032429	-0.029119	0.29895	4.197
1012	0.098141	-0.069805	-0.10705	-0.21226	-0.31231	-0.39833	-0.44678	-0.5628	-0.68491	-0.7886	-0.99661	-1.194	-1.265	-1.3971	-1.2362	-1.2707	-0.36144	0.3832	0.069197	0.90781	0.9534	0.87143	0.50406	0.11454	-0.1626	0.024899	-0.080351	-0.043584	-0.042011	0.19084	4.149
1007	0.094805	-0.051714	-0.13753	-0.1942	-0.28802	-0.3647	-0.40569	-0.54514	-0.6644	-0.76565	-1.041	-1.2087	-1.2215	-1.4031	-1.2475	-1.2757	-0.36837	0.46046	0.059113	0.902	0.98836	0.95019	0.53594	0.13455	-0.13981	0.012736	-0.067227	-0.016455	0.021293	0.18111	4.214
1005	0.098766	-0.01127	-0.11908	-0.18702	-0.30698	-0.34775	-0.41434	-0.55426	-0.67416	-0.77602	-0.8072	-1.1866	-1.2512	-1.3791	-1.2505	-1.2545	-0.38536	0.40727	0.069643	0.95215	0.93869	0.89841	0.53438	0.12503	-0.17534	0.031206	-0.053874	-0.021971	-0.042279	0.1921	4.262
1005	0.12508	0.0034696	-0.12658	-0.19081	-0.26305	-0.36102	-0.40648	-0.52206	-0.6211	-0.70563	-0.74974	-1.1961	-1.3106	-1.406	-1.2863	-1.3213	-0.44491	0.38558	0.080039	0.9232	0.89725	0.91993	0.51806	0.12503	-0.093191	0.043502	-0.053874	-0.032911	0.034066	0.25039	4.214
1005	0.095006	-0.066567	-0.09649	-0.17945	-0.27401	-0.35666	-0.39873	-0.49393	-0.60374	-0.69687	-0.87058	-1.2267	-1.2618	-1.3991	-1.2618	-1.3091	-0.39623	0.38558	0.10083	0.86541	0.94908	0.89841	0.53438	0.066303	-0.19882	0.037359	-0.026897	-0.038386	-0.029554	0.2186	4.295
1007	0.10976	-0.025965	-0.12254	-0.17906	-0.26246	-0.35589	-0.40171	-0.50489	-0.63678	-0.74803	-0.59313	-1.1633	-1.2374	-1.3621	-1.2301	-1.2646	-0.38463	0.39558	0.079872	0.902	0.96769	0.8751	0.54954	0.12474	-0.13981	0.025005	-0.053764	-0.065607	0.021293	0.22342	4.246
1015	0.071764	-0.10246	-0.18124	-0.21915	-0.28595	-0.38835	-0.43374	-0.50925	-0.6357	-0.74259	-0.85085	-1.1696	-1.2343	-1.3591	-1.2383	-1.2312	-0.36568	0.4141	0.017483	0.90496	0.95041	0.90059	0.5509	0.12386	-0.17364	0.030909	-0.026647	-7.4711e-005	-0.092295	0.21654	4.279
1015	0.10533	-0.022117	-0.12905	-0.18149	-0.23512	-0.38835	-0.39494	-0.54107	-0.67387	-0.78619	-0.75393	-1.1601	-1.2343	-1.412	-1.2444	-1.2848	-0.37645	0.34972	0.068985	0.91454	0.99145	0.85804	0.52126	0.094781	-0.15046	0.049187	-0.066737	-0.021756	-0.0040686	0.1955	4.23
1007	0.098554	-0.04068	-0.13003	-0.19042	-0.29168	-0.3647	-0.43693	-0.58928	-0.66953	-0.73927	-0.84567	-1.194	-1.2427	-1.3691	-1.2005	-1.2342	-0.35222	0.42797	0.14218	0.902	0.93674	0.86439	0.48715	0.066165	-0.21007	0.012736	-0.053764	-0.038304	-0.054884	0.19171	4.295
1003	0.114	-0.04824	-0.14187	-0.22546	-0.24894	-0.36625	-0.41524	-0.53127	-0.64546	-0.74239	-1.0856	-1.1834	-1.2374	-1.3552	-1.1995	-1.1978	-0.31576	0.46244	0.1219	0.99272	0.9718	0.88958	0.48375	0.086063	-0.18748	0.037435	-0.053994	-0.011042	-0.067865	0.22437	4.246
1006	0.064859	-0.10699	-0.13398	-0.23235	-0.30303	-0.34746	-0.41395	-0.5658	-0.65947	-0.74007	-0.84074	-1.1696	-1.2226	-1.3372	-1.1892	-1.1998	-0.31473	0.42846	0.12146	0.90302	0.94805	0.85457	0.48774	0.027105	-0.22201	0.01889	-0.053824	-0.021941	-0.029525	0.23948	4.295
1004	0.098866	-0.077699	-0.18311	-0.19479	-0.267	-0.37914	-0.41872	-0.53476	-0.66105	-0.76806	-1.0499	-1.1971	-1.2311	-1.3801	-1.2097	-1.214	-0.31007	0.46194	0.080128	0.89527	0.98116	0.86716	0.4751	0.11542	-0.17554	0.037397	-0.067437	-0.0055539	0.097786	0.22413	4.246
1008	0.11339	-0.055327	-0.10744	-0.20537	-0.29138	-0.33341	-0.38569	-0.55659	-0.6352	-0.70342	-0.89648	-1.1823	-1.2311	-1.3342	-1.2229	-1.215	-0.31411	0.47076	0.12123	0.91067	0.96666	0.89563	0.5029	0.066097	-0.22161	0.03111	-0.080601	-0.032808	-0.080194	0.20207	4.246
1009	0.12458	-0.044263	-0.13724	-0.17111	-0.25466	-0.34629	-0.40867	-0.51992	-0.6281	-0.72023	-0.96997	-1.1411	-1.1919	-1.2993	-1.1504	-1.1299	-0.2761	0.48106	0.13149	0.94808	0.97602	0.88393	0.48346	0.075776	-0.1629	0.05556	-0.067087	-0.021879	-0.054765	0.20713	4.197
1013	0.13536	-0.088024	-0.16299	-0.18945	-0.2975	-0.39348	-0.423	-0.56619	-0.7004	-0.81398	-0.80695	-1.1422	-1.1929	-1.3681	-1.1463	-1.138	-0.28594	0.53335	0.12079	0.91648	0.9318	0.87054	0.46305	0.036657	-0.22061	0.049283	-0.13383	-0.032675	-0.041972	0.24849	4.181
1009	0.057169	-0.084638	-0.11859	-0.1976	-0.30569	-0.36393	-0.42827	-0.51187	-0.64872	-0.76403	-0.712	-1.1665	-1.2131	-1.3332	-1.18	-1.1836	-0.32457	0.42708	0.079705	0.92891	0.94507	0.8626	0.48074	0.095271	-0.23305	0.018832	-0.026787	0.0053744	-0.029426	0.2704	4.214
1005	0.06493	-0.081312	-0.18292	-0.18702	-0.31428	-0.36102	-0.42608	-0.54223	-0.63007	-0.70563	-0.8072	-1.1612	-1.2078	-1.3382	-1.1545	-1.1532	-0.27724	0.48304	0.11124	0.95215	0.95936	0.86617	0.43118	0.036932	-0.22231	0.037359	-0.094344	-0.032911	-0.080451	0.2345	4.262
1012	0.13173	-0.066144	-0.16309	-0.18207	-0.25042	-0.34116	-0.39614	-0.52681	-0.6207	-0.7012	-0.87083	-1.139	-1.2056	-1.3033	-1.1126	-1.1036	-0.27009	0.50156	0.17249	0.97488	0.92244	0.8501	0.44731	0.056153	-0.17424	0.031014	-0.053534	-0.0055139	-0.067301	0.24351	4.23
1009	0.068397	-0.084638	-0.17473	-0.20517	-0.28743	-0.38156	-0.41653	-0.54796	-0.66469	-0.76403	-0.63752	-1.1306	-1.2025	-1.3192	-1.1739	-1.136	-0.24379	0.44867	0.14185	1.0057	0.89344	0.87331	0.46451	0.05627	-0.26808	0.031072	-0.067087	-0.01097	-0.092779	0.21765	4.311
1005	0.076208	-0.081312	-0.14533	-0.20604	-0.29967	-0.32566	-0.41046	-0.54223	-0.64457	-0.73202	-1.1064	-1.176	-1.2184	-1.3581	-1.1851	-1.1765	-0.31514	0.48304	0.11124	0.981	0.96975	0.8877	0.47462	0.07609	-0.17534	0.031206	-0.16182	-0.011022	-0.055003	0.25039	4.181
1005	0.10251	-0.070248	-0.13408	-0.17178	-0.27766	-0.37875	-0.41832	-0.56639	-0.68925	-0.79364	-0.40446	-1.1961	-1.2406	-1.406	-1.2209	-1.2423	-0.3692	0.38558	0.059235	0.93289	0.99042	0.89841	0.51261	0.066303	-0.17534	0.0066147	-0.094344	-0.049336	-0.029554	0.2239	4.262
1009	0.1021	-0.073624	-0.12224	-0.17868	-0.28013	-0.34193	-0.3853	-0.51187	-0.62455	-0.72023	-0.67772	-1.1464	-1.2459	-1.3801	-1.1862	-1.214	-0.38381	0.38399	0.10041	0.84257	0.93468	0.89464	0.52943	0.027017	-0.15126	0.037196	7.5573e-005	-0.027323	-0.06744	0.1649	4.262
1015	0.11268	-0.05133	-0.14769	-0.2041	-0.2896	-0.37953	-0.44926	-0.55707	-0.65217	-0.73383	-0.8622	-1.2003	-1.2555	-1.406	-1.2567	-1.3021	-0.45143	0.40341	0.027779	0.9336	1.0222	0.9113	0.53205	0.10444	-0.11553	0.079629	-0.093454	-0.054288	0.0085349	0.22698	4.246
1008	0.1022	-0.084727	-0.12244	-0.20158	-0.28042	-0.35104	-0.40131	-0.54456	-0.67328	-0.78236	-0.86762	-1.2183	-1.2746	-1.414	-1.2699	-1.3284	-0.44884	0.27633	0.027957	0.88192	0.97705	0.89563	0.57325	0.13445	-0.15135	0.067876	-0.080601	-0.0219	-0.0040943	0.26012	4.36
1007	0.16238	-0.029637	-0.15253	-0.2208	-0.26246	-0.32052	-0.40957	-0.5531	-0.67278	-0.77441	-0.93174	-1.194	-1.2597	-1.429	-1.2536	-1.294	-0.37376	0.3415	0.059113	0.92127	0.98836	0.91795	0.52243	0.095477	-0.13981	0.031139	-0.0403	-0.049223	-0.04219	0.17051	4.279
1005	0.1401	-0.092365	-0.15282	-0.20983	-0.27036	-0.36102	-0.40648	-0.53816	-0.63797	-0.72326	-0.72655	-1.1918	-1.229	-1.3991	-1.2025	-1.2423	-0.37459	0.51562	0.069643	0.96173	0.96975	0.96289	0.51261	0.07609	-0.15185	0.061943	0.054034	-0.032911	-0.055003	0.27689	4.36
1006	0.1024	-0.04072	-0.10764	-0.1944	-0.26641	-0.36509	-0.42568	-0.52555	-0.64645	-0.74883	-1.042	-1.2003	-1.2608	-1.3771	-1.2189	-1.217	-0.35802	0.42846	0.048794	0.94145	0.94805	0.8868	0.48774	0.066234	-0.21036	0.01889	-0.094244	-0.04381	-0.080362	0.23948	4.279
1011	0.10573	-0.073546	-0.16703	-0.23138	-0.3054	-0.36354	-0.40052	-0.53137	-0.63767	-0.72819	-0.79142	-1.1443	-1.2173	-1.3182	-1.1729	-1.2008	-0.29195	0.54524	0.089967	0.94716	0.97499	0.96854	0.4856	0.065959	-0.17444	0.067733	-0.13413	-0.027293	-0.0040854	0.27016	4.149
1007	0.076047	-0.081134	-0.15253	-0.23215	-0.29898	-0.37798	-0.42917	-0.57725	-0.65444	-0.72175	-0.81115	-1.158	-1.2427	-1.3621	-1.1821	-1.1927	-0.29826	0.44966	0.12135	0.94053	0.95741	0.88581	0.48171	0.056388	-0.19842	0.0066013	-0.16142	-0.049223	-0.067579	0.23394	4.197
1013	0.086842	-0.084373	-0.14059	-0.21585	-0.2902	-0.37594	-0.4424	-0.55426	-0.64694	-0.72668	-0.89845	-1.1475	-1.1717	-1.2823	-1.1106	-1.1026	-0.23229	0.58703	0.21361	0.94512	0.96265	0.95584	0.50076	0.056094	-0.18569	0.055388	0.026857	-0.021807	-0.029337	0.24849	4.181
1018	0.064114	-0.073014	-0.15835	-0.18091	-0.24884	-0.35657	-0.39375	-0.48374	-0.60394	-0.70553	-0.95049	-1.1263	-1.1823	-1.2883	-1.1055	-1.0965	-0.20972	0.51978	0.15087	0.94971	0.95761	0.82352	0.43118	0.04613	-0.21952	0.012603	-0.066528	-0.027098	-0.029188	0.21061	4.262
1018	0.071542	-0.06573	-0.1472	-0.22216	-0.28872	-0.37401	-0.39753	-0.52351	-0.61202	-0.68811	-0.7231	-1.1517	-1.2353	-1.3282	-1.1525	-1.132	-0.32188	0.477	0.10985	0.90221	0.83493	0.83413	0.46869	0.094477	-0.068851	0.030814	-0.026567	-0.010888	0.071328	0.24201	4.214
1003	0.098967	-0.077788	-0.14562	-0.2141	-0.30767	-0.40172	-0.41524	-0.56357	-0.66953	-0.76001	-0.83778	-1.2341	-1.2427	-1.3611	-1.1749	-1.2028	-0.26699	0.46244	0.13227	0.85756	0.93026	0.83572	0.44838	0.0075687	-0.19922	0.012794	-0.053994	-0.060409	-0.042368	0.18182	4.295
1001	0.095409	-0.070544	-0.14977	-0.19547	-0.27154	-0.36257	-0.42787	-0.55261	-0.68008	-0.7881	-1.0245	-1.2119	-1.2512	-1.405	-1.2138	-1.2423	-0.30562	0.46333	0.10127	0.96581	0.95309	0.85913	0.44663	-0.0022477	-0.15255	0.018995	-0.04056	-0.027559	0.021431	0.2621	4.214
1006	0.068619	-0.066488	-0.13013	-0.18683	-0.29197	-0.36509	-0.41783	-0.56173	-0.65769	-0.74007	-0.8294	-1.1802	-1.2502	-1.3641	-1.1831	-1.1816	-0.28231	0.46095	0.017628	0.96071	0.93766	0.84385	0.41718	0.066234	-0.19862	0.01889	-0.16162	-0.021941	-0.042229	0.23418	4.376
1007	0.098554	-0.036999	-0.16003	-0.1942	-0.29898	-0.39116	-0.42519	-0.54514	-0.65957	-0.75679	-0.82841	-1.2035	-1.2597	-1.436	-1.2597	-1.3	-0.36837	0.43886	0.12135	0.9597	1.0194	0.9609	0.53594	0.13455	-0.15155	0.01887	-0.0403	-0.038304	0.0085982	0.20753	4.214
1009	0.098342	-0.047935	-0.099844	-0.20517	-0.29839	-0.36829	-0.42041	-0.53991	-0.64191	-0.72899	-0.96997	-1.1961	-1.2724	-1.426	-1.2505	-1.3213	-0.39996	0.3624	0.10041	0.91933	0.97602	0.8626	0.51048	0.066028	-0.19803	0.061685	-0.026787	-0.032778	-0.054765	0.2651	4.441
1017	0.08276	-0.069441	-0.15855	-0.19615	-0.24193	-0.37439	-0.41345	-0.56386	-0.6496	-0.72366	-1.0425	-1.1929	-1.2364	-1.4031	-1.2413	-1.3	-0.40234	0.42401	0.079125	0.9602	0.91771	0.93065	0.51213	0.11395	-0.2429	0.024775	-0.053264	-0.016302	-0.029218	0.23703	4.214
1020	0.063982	-0.069225	-0.11731	-0.19925	-0.27006	-0.35143	-0.38132	-0.54223	-0.65779	-0.75608	-0.76133	-1.2035	-1.265	-1.405	-1.2086	-1.2484	-0.31587	0.43332	0.10961	0.93829	0.95566	0.8748	0.47306	0.055692	-0.19594	0.024689	-0.066388	-0.054011	-0.029119	0.1997	4.295
1016	0.13123	-0.040336	-0.1327	-0.1813	-0.282	-0.33544	-0.42559	-0.52856	-0.64388	-0.74178	-0.55392	-1.1834	-1.2438	-1.3781	-1.1964	-1.1704	-0.29578	0.4352	0.12034	0.98029	1.0006	0.87847	0.48307	0.12376	-0.18509	0.012631	-0.066667	-0.037986	-0.10478	0.19005	4.214
1007	0.091055	-0.051714	-0.14878	-0.20934	-0.30638	-0.3647	-0.43305	-0.54912	-0.64674	-0.7305	-0.88587	-1.1992	-1.265	-1.3821	-1.2362	-1.2524	-0.35222	0.42797	0.079872	0.94053	0.96769	0.91795	0.49804	0.095477	-0.18668	0.037273	-0.10765	-0.032839	-0.016791	0.24454	4.262
1001	0.11047	-0.052039	-0.14977	-0.17635	-0.30826	-0.37149	-0.42399	-0.54049	-0.65523	-0.75276	-0.7818	-1.1813	-1.2459	-1.3981	-1.2373	-1.2605	-0.37076	0.40895	0.10127	0.93676	0.96347	0.89147	0.47394	0.096085	-0.19962	0.012813	-0.18961	-0.066027	-0.042457	0.22485	4.279
1005	0.068689	-0.04445	-0.11908	-0.18324	-0.24469	-0.31684	-0.39475	-0.51401	-0.60778	-0.68801	-0.81879	-1.1813	-1.2459	-1.3452	-1.1964	-1.213	-0.30427	0.51562	0.17361	0.9232	0.96975	0.91993	0.46373	0.056506	-0.22231	0.012765	-0.16182	-0.027436	0.008616	0.27159	4.262
1011	0.087023	-0.025877	-0.11839	-0.22002	-0.32721	-0.38118	-0.43951	-0.57938	-0.65414	-0.71943	-0.72285	-1.1496	-1.2396	-1.3382	-1.1606	-1.1411	-0.26502	0.48056	0.15199	0.96632	0.95432	0.89375	0.47481	0.095173	-0.19773	0.031043	-0.067017	-0.027293	-0.029396	0.20689	4.23
1014	0.071844	-0.073319	-0.17394	-0.18168	-0.26809	-0.34484	-0.41086	-0.54165	-0.65059	-0.74339	-1.297	-1.176	-1.2459	-1.3601	-1.1811	-1.1907	-0.34466	0.47908	0.1103	0.93462	0.88974	0.89097	0.4545	0.075462	-0.26699	0.043139	-0.093554	-0.027211	0.05901	0.27981	4.279
1015	0.079212	-0.095151	-0.15519	-0.18149	-0.29681	-0.34455	-0.40658	-0.51323	-0.6279	-0.72517	-0.98773	-1.195	-1.2237	-1.3462	-1.1678	-1.2018	-0.28532	0.45709	0.14107	0.8859	0.94013	0.87936	0.4648	0.036579	-0.20857	0.0065526	-0.080091	-0.059711	-0.041883	0.21654	4.23
1017	0.10502	-0.022077	-0.13625	-0.1811	-0.28171	-0.32633	-0.39803	-0.55193	-0.65868	-0.74974	-0.63284	-1.1675	-1.2099	-1.3162	-1.1596	-1.1451	-0.25269	0.49898	0.13048	0.94114	0.97911	0.86687	0.43963	0.0365	-0.20818	0.030852	-0.079931	-0.032532	-0.066945	0.23181	4.262
1009	0.068397	-0.077296	-0.18588	-0.20139	-0.29108	-0.37275	-0.45941	-0.57201	-0.64645	-0.71147	-0.95271	-1.1707	-1.23	-1.3392	-1.1382	-1.136	-0.28687	0.49185	0.17294	1.0438	0.96563	0.87331	0.45907	0.12454	-0.19803	0.024957	-0.026787	-0.070928	-0.042101	0.25458	4.295
1005	0.10251	-0.051822	-0.13033	-0.18702	-0.2667	-0.38311	-0.42608	-0.53816	-0.66213	-0.76726	-1.0891	-1.2013	-1.2237	-1.3252	-1.1851	-1.1826	-0.27724	0.46145	0.12168	0.96173	0.95936	0.84474	0.46101	0.056506	-0.17534	0.00046713	-0.080851	-0.021971	-0.01683	0.2186	4.295
1006	0.068619	-0.077542	-0.17147	-0.21342	-0.32859	-0.37391	-0.42171	-0.54563	-0.66026	-0.75759	-0.69129	-1.195	-1.2332	-1.3701	-1.1657	-1.1876	-0.30934	0.37439	0.14229	0.96071	0.96872	0.94047	0.45781	0.04667	-0.19862	0.049598	-0.026877	-0.04381	-0.016811	0.28187	4.344
1004	0.046183	-0.044499	-0.13043	-0.19867	-0.31833	-0.3836	-0.40698	-0.54282	-0.65986	-0.7592	-0.96356	-1.1823	-1.1982	-1.3671	-1.2097	-1.2079	-0.31545	0.51612	0.080128	0.92422	0.98116	0.91011	0.49415	0.076178	-0.18728	0.0066223	-0.10795	-0.021992	-0.042318	0.21884	4.262
1006	0.064859	-0.099609	-0.14148	-0.23235	-0.30303	-0.343	-0.42171	-0.59791	-0.68344	-0.75759	-1.0075	-1.2003	-1.2332	-1.3841	-1.2015	-1.2119	-0.33099	0.47175	0.14229	0.94145	0.98939	0.8868	0.4958	0.095575	-0.17514	0.01889	-0.080771	-0.038345	-0.042229	0.18657	4.262
1008	0.11722	-0.051655	-0.13368	-0.19022	-0.26582	-0.37749	-0.42091	-0.53244	-0.67762	-0.79988	-0.50632	-1.1929	-1.2417	-1.3811	-1.2403	-1.2393	-0.36258	0.44917	0.06942	0.95868	0.98733	0.88492	0.50834	0.085612	-0.12797	0.024976	-0.094044	-0.038263	-0.016781	0.22841	4.279
1014	0.086751	-0.040424	-0.12175	-0.18547	-0.26809	-0.36238	-0.43036	-0.53767	-0.63915	-0.72587	-0.61212	-1.2066	-1.2459	-1.3342	-1.2393	-1.2565	-0.34466	0.51127	0.12057	0.91546	1.0028	0.8377	0.48414	0.10454	-0.1622	0.00046321	-0.080181	-0.027211	-0.0040725	0.17992	4.23
1016	0.097727	-0.076813	-0.16239	-0.18887	-0.2748	-0.35724	-0.40619	-0.54456	-0.63175	-0.70694	-0.82718	-1.1887	-1.2438	-1.411	-1.2199	-1.2413	-0.36537	0.40301	0.099784	0.88498	0.95967	0.84653	0.4992	0.14308	-0.18509	0.018718	-0.053314	0.021592	-0.029248	0.23204	4.262
1011	0.090763	-0.047885	-0.12214	-0.19362	-0.24706	-0.34155	-0.42001	-0.5434	-0.64783	-0.73695	-0.88316	-1.2056	-1.2449	-1.3851	-1.2138	-1.2666	-0.35647	0.44817	0.14174	0.91841	0.94404	0.89375	0.50727	0.085435	-0.1627	0.031043	-0.053594	-0.027293	-0.042051	0.24375	4.246
1012	0.068256	-0.091784	-0.15569	-0.16693	-0.25772	-0.34562	-0.39614	-0.52681	-0.6207	-0.7012	-0.67057	-1.1633	-1.265	-1.3831	-1.2362	-1.2292	-0.4098	0.41549	0.058868	0.9653	0.98425	0.90347	0.53642	0.12425	-0.13921	0.031014	-0.080351	-0.016394	-0.029366	0.24351	4.279
1013	0.12045	-0.044125	-0.095779	-0.14791	-0.26473	-0.34087	-0.41524	-0.53826	-0.64467	-0.73544	-0.80128	-1.177	-1.2364	-1.3951	-1.2178	-1.2818	-0.41477	0.35052	0.048482	0.91648	0.94208	0.87054	0.53312	0.11444	-0.15076	0.061494	-0.053484	-0.027241	-0.054597	0.29587	4.376
1008	0.10966	-0.10305	-0.12244	-0.20915	-0.29138	-0.35104	-0.42091	-0.52448	-0.64023	-0.73846	-0.70707	-1.1929	-1.2417	-1.3881	-1.2229	-1.2686	-0.40038	0.41678	0.048683	0.92035	0.94599	0.87421	0.49483	0.095379	-0.22161	0.037235	-0.18821	-0.016445	-0.04214	0.2443	4.132
1004	0.06876	-0.051872	-0.15677	-0.191	-0.267	-0.34368	-0.44618	-0.54282	-0.64043	-0.72396	-0.88291	-1.2024	-1.2523	-1.3871	-1.2281	-1.2443	-0.36951	0.42936	0.007254	0.91454	0.92933	0.91011	0.48599	0.066371	-0.17554	0.031244	-0.026927	-0.021992	-0.01685	0.22413	4.214
1004	0.095107	-0.048181	-0.13043	-0.19479	-0.31102	-0.36587	-0.43046	-0.54679	-0.66647	-0.76806	-1.171	-1.1823	-1.2311	-1.3731	-1.2097	-1.2565	-0.36413	0.42936	0.080128	0.89527	0.96039	0.94245	0.49143	0.085975	-0.21076	0.049703	-0.16192	-0.016507	-0.067796	0.22413	4.165
1016	0.08657	-0.043988	-0.155	-0.18508	-0.282	-0.3617	-0.41783	-0.5206	-0.61153	-0.68952	-0.91843	-1.1633	-1.2268	-1.3581	-1.2138	-1.2413	-0.34932	0.45659	0.048327	0.91362	0.96985	0.87847	0.49114	0.084994	-0.1619	0.04913	-0.093354	-0.037986	0.008526	0.24248	4.197
1015	0.082941	-0.062285	-0.14395	-0.12879	-0.27509	-0.3182	-0.41046	-0.54912	-0.65345	-0.74259	-0.73124	-1.195	-1.2237	-1.3721	-1.179	-1.2312	-0.32819	0.45709	0.11019	0.92412	0.96059	0.88998	0.48093	0.02688	-0.18529	0.012641	-0.053374	-0.059711	-0.041883	0.22176	4.279
1011	0.083284	-0.080878	-0.15204	-0.20876	-0.29809	-0.37672	-0.42777	-0.53535	-0.62978	-0.71067	-1.0721	-1.1897	-1.2502	-1.3911	-1.226	-1.2484	-0.34569	0.42668	0.079616	0.89925	0.841	0.88303	0.4613	0.095173	-0.18608	0.012698	-0.093844	-0.032737	0.021223	0.25957	4.214
1012	0.1019	-0.088123	-0.12204	-0.23497	-0.28319	-0.34998	-0.38838	-0.52681	-0.64477	-0.7449	-1.0136	-1.1538	-1.2109	-1.3432	-1.1657	-1.1816	-0.29163	0.46927	0.14151	0.95572	0.97396	0.88214	0.48239	0.036696	-0.1626	0.03712	-0.04014	-0.027272	-0.067301	0.24351	4.279
1004	0.11017	-0.077699	-0.14552	-0.19479	-0.27796	-0.35259	-0.39912	-0.50246	-0.63215	-0.74158	-0.90585	-1.1823	-1.2576	-1.3532	-1.1984	-1.2261	-0.35336	0.50532	0.12179	0.97244	0.88779	0.91011	0.49415	0.085975	-0.10508	0.018928	-0.067437	-0.043902	-0.01685	0.23473	4.214
1002	0.10281	-0.026103	-0.10438	-0.19139	-0.2896	-0.37546	-0.39206	-0.54796	-0.65819	-0.75205	-1.1966	-1.1549	-1.2438	-1.3901	-1.2005	-1.2342	-0.32695	0.43025	0.059425	0.87784	0.93129	0.90129	0.49794	0.056692	-0.16409	0.018966	-0.026987	-0.043994	-0.042407	0.24051	4.279
1004	0.12145	-0.037117	-0.11168	-0.191	-0.28901	-0.35695	-0.4226	-0.54282	-0.6501	-0.74158	-1.0326	-1.1971	-1.2417	-1.3731	-1.2158	-1.2504	-0.34248	0.42936	0.090536	0.9338	0.97078	0.86716	0.48599	0.0075609	-0.15205	0.00046761	-0.067437	-0.065822	-0.0041121	0.26653	4.246
1004	0.095107	-0.099806	-0.13043	-0.19867	-0.29266	-0.34368	-0.43444	-0.53874	-0.65799	-0.7592	-0.83679	-1.1718	-1.2141	-1.3192	-1.1504	-1.22	-0.31545	0.50532	0.028069	0.95317	0.92933	0.86716	0.45071	0.066371	-0.19902	0.018928	-0.14843	-0.054862	-0.055062	0.22413	4.181
1013	0.064456	-0.0551	-0.1182	-0.19323	-0.2975	-0.36722	-0.40748	-0.51827	-0.63096	-0.72668	-0.80128	-1.157	-1.2311	-1.3621	-1.1933	-1.2393	-0.3343	0.43649	0.1001	0.9547	0.91123	0.89186	0.47928	0.10473	-0.17404	0.0065669	-0.013313	-0.032675	-0.029337	0.23798	4.214
1011	0.098242	-0.03321	-0.12964	-0.19362	-0.26897	-0.36354	-0.41216	-0.56745	-0.66331	-0.74571	-1.0033	-1.195	-1.2449	-1.3851	-1.1903	-1.2069	-0.29733	0.44817	0.13137	0.95674	0.93375	0.89375	0.43701	0.01725	-0.23275	-0.0056506	-0.067017	-0.049069	-0.029396	0.14362	4.295
1003	0.087668	-0.088871	-0.13438	-0.15694	-0.30392	-0.33961	-0.39166	-0.48287	-0.61419	-0.72477	-0.71077	-1.1485	-1.1781	-1.3821	-1.1872	-1.1917	-0.3429	0.47323	0.13227	0.96377	0.90948	0.88958	0.4511	0.03701	-0.25803	0.012794	-0.04048	-0.027498	-0.055122	0.24557	4.23
1007	0.083546	-0.04068	-0.16378	-0.17528	-0.27707	-0.36025	-0.40957	-0.52904	-0.63787	-0.7305	-0.86861	-1.1792	-1.2374	-1.3691	-1.2005	-1.2281	-0.30903	0.46046	0.059113	0.94053	0.95741	0.90724	0.45197	0.046621	-0.17494	0.037273	-0.080681	-0.065607	-0.04219	0.20223	4.262
1008	0.098453	-0.018583	-0.12244	-0.15994	-0.26947	-0.37749	-0.41693	-0.53651	-0.63106	-0.71218	-1.1202	-1.1623	-1.2258	-1.3611	-1.1453	-1.2454	-0.35719	0.42757	0.1316	0.98752	0.92542	0.87421	0.47588	0.10513	-0.20987	0.012727	-0.053704	-0.076454	0.0085893	0.25482	4.262
1003	0.11027	-0.026074	-0.13063	-0.17596	-0.2746	-0.35298	-0.4231	-0.52322	-0.63698	-0.73363	-0.97046	-1.1834	-1.2374	-1.3482	-1.2291	-1.215	-0.31038	0.47323	0.13227	0.93482	0.9718	0.90039	0.4647	0.056633	-0.19922	0.02511	-0.094544	-0.027498	-0.042368	0.1978	4.279
1006	0.091146	-0.062807	-0.12263	-0.18304	-0.26276	-0.34746	-0.39435	-0.54563	-0.65049	-0.74007	-0.88686	-1.1549	-1.2173	-1.3372	-1.178	-1.1816	-0.31473	0.45006	0.069565	0.9704	0.94805	0.87599	0.44158	0.066234	-0.17514	0.031177	-0.13463	-0.04381	-0.0041032	0.19717	4.262
1012	0.090672	-0.069805	-0.11829	-0.1745	-0.29049	-0.35879	-0.39614	-0.53079	-0.62731	-0.70996	-0.92213	-1.1686	-1.2056	-1.3362	-1.1657	-1.1694	-0.25943	0.41549	0.1209	0.95572	0.97396	0.81806	0.41495	0.026968	-0.1626	0.00046417	-0.053534	-0.049018	-0.042011	0.18562	4.311
1012	0.083193	-0.062482	-0.14069	-0.1745	-0.27954	-0.36315	-0.38838	-0.52681	-0.63037	-0.71872	-0.98501	-1.1792	-1.2109	-1.3362	-1.1422	-1.1633	-0.25943	0.48007	0.1209	0.92697	0.9534	0.82877	0.42039	0.036696	-0.22091	0.024899	-0.04014	-0.016394	-0.0040814	0.19614	4.246
1011	0.087023	-0.051547	-0.12964	-0.18227	-0.26897	-0.34155	-0.38878	-0.50731	-0.62209	-0.71943	-0.9347	-1.1855	-1.2279	-1.3312	-1.1606	-1.1228	-0.24348	0.49136	0.12101	0.90883	0.87195	0.81895	0.3857	0.0075129	-0.33784	0.012698	-0.093844	-0.021848	0.033888	0.24375	4.279
1003	0.0726	-0.070396	-0.10044	-0.14937	-0.27095	-0.35298	-0.37992	-0.49499	-0.63895	-0.76001	-0.79166	-1.1834	-1.2046	-1.3282	-1.1453	-1.1674	-0.26699	0.48413	0.1531	0.89619	0.96142	0.87877	0.46743	0.03701	-0.18748	0.02511	-0.08103	-0.043953	-0.01687	0.22437	4.279
1006	0.053591	-0.066488	-0.15648	-0.22099	-0.31764	-0.36509	-0.42956	-0.54563	-0.66992	-0.77521	-0.7776	-1.1802	-1.2226	-1.3701	-1.1831	-1.2059	-0.32022	0.40677	0.10073	0.9126	0.95833	0.85457	0.46869	0.036893	-0.21036	0.006608	-0.094244	-0.054749	-0.042229	0.26597	4.311
1012	0.1019	-0.077128	-0.12204	-0.16693	-0.23591	-0.29727	-0.37674	-0.51478	-0.59131	-0.6575	-0.81928	-1.1792	-1.2321	-1.2963	-1.1473	-1.1816	-0.28625	0.50156	0.21383	0.95572	0.9534	0.90347	0.44197	0.095075	-0.18588	0.061551	-0.066947	-0.032706	-0.0040814	0.23299	4.279
1007	0.05729	-0.11428	-0.17877	-0.22837	-0.31734	-0.42207	-0.43693	-0.59733	-0.68758	-0.76565	-1.1673	-1.1792	-1.2215	-1.3422	-1.1882	-1.1978	-0.30903	0.40638	0.12135	0.93085	0.94702	0.86439	0.45742	0.036853	-0.21007	0.00046617	-0.094144	-0.049223	-0.04219	0.21283	4.279
1001	0.10291	-0.10384	-0.14602	-0.18401	-0.26414	-0.3493	-0.39256	-0.53244	-0.64674	-0.744	-0.96085	-1.1908	-1.2184	-1.405	-1.178	-1.1876	-0.30013	0.44164	0.15344	0.96581	0.99463	0.88065	0.47938	0.076413	-0.17613	0.080727	-0.0812	-0.022064	-0.029683	0.24612	4.409
1001	0.12186	-0.018721	-0.096894	-0.15344	-0.22002	-0.35812	-0.43583	-0.53244	-0.67604	-0.79696	-1.0072	-1.2013	-1.2947	-1.3841	-1.226	-1.218	-0.32726	0.43074	0.11165	0.92718	0.9427	0.88065	0.48754	0.086249	-0.25863	0.037512	-0.12184	-0.027559	-0.05523	0.23015	4.279
1011	0.13939	-0.047885	-0.14089	-0.19741	-0.29079	-0.32391	-0.43951	-0.53535	-0.62978	-0.71067	-0.87724	-1.1749	-1.2332	-1.3512	-1.179	-1.2069	-0.31349	0.45897	0.12101	0.91841	0.96461	0.90446	0.48832	0.10493	-0.26778	0.049388	-0.080431	-0.021848	-0.0040854	0.20689	4.246
1013	0.090571	-0.058762	-0.14424	-0.21206	-0.27203	-0.34523	-0.42688	-0.56222	-0.65532	-0.73544	-1.0297	-1.1876	-1.2258	-1.3482	-1.1882	-1.1978	-0.31276	0.43649	0.12079	0.94512	0.95237	0.85982	0.47112	0.10473	-0.18569	0.030976	-0.10705	-0.027241	-0.1683	0.13809	4.279
1016	0.094008	-0.051281	-0.1178	-0.1813	-0.2748	-0.3398	-0.42171	-0.54456	-0.64142	-0.72436	-0.95813	-1.1792	-1.2215	-1.3182	-1.225	-1.2059	-0.31183	0.46729	0.14096	0.95174	0.99042	0.91031	0.51806	0.11405	-0.1619	0.055216	-0.093354	-0.037986	-0.067015	0.21631	4.246
1017	0.14968	-0.080377	-0.1548	-0.20362	-0.27815	-0.37003	-0.43673	-0.53603	-0.65158	-0.74974	-1.0482	-1.2024	-1.2693	-1.3961	-1.3067	-1.3	-0.42906	0.37043	-0.054511	0.89354	0.94836	0.89881	0.55236	0.12366	-0.17335	0.036929	-0.013264	0.010745	-0.092097	0.18989	4.328
1007	0.094805	-0.070101	-0.18252	-0.19799	-0.26611	-0.32944	-0.40171	-0.55717	-0.66006	-0.74803	-0.77095	-1.2193	-1.2915	-1.443	-1.2955	-1.3476	-0.45475	0.33071	0.027991	0.91169	0.98836	0.86439	0.55489	0.14435	-0.10468	0.037273	-0.067227	-0.038304	-0.016791	0.21283	4.246
1003	0.0726	-0.055622	-0.13812	-0.17596	-0.25989	-0.35734	-0.41136	-0.55543	-0.66105	-0.75125	-0.84937	-1.2299	-1.3085	-1.4559	-1.3129	-1.3598	-0.48374	0.3104	-0.0031579	0.87693	0.93026	0.88958	0.55178	0.11552	-0.19922	0.02511	-0.094544	-0.022012	-0.093363	0.17652	4.197
998.9	0.10694	-0.048437	-0.16901	-0.19585	-0.28309	-0.35889	-0.43275	-0.54165	-0.65661	-0.75437	-0.7485	-1.2299	-1.2756	-1.435	-1.3241	-1.3719	-0.4477	0.44253	0.028225	0.90975	1.0072	0.88254	0.58423	0.14553	-0.11742	0.031406	-0.067797	-0.02761	-0.029742	0.15596	4.23
1004	0.095107	-0.077699	-0.12293	-0.21002	-0.27796	-0.33932	-0.403	-0.60325	-0.68669	-0.7592	-0.85998	-1.2637	-1.2958	-1.447	-1.2812	-1.3284	-0.42368	0.39687	0.080128	0.88559	0.97078	0.88869	0.52952	0.076178	-0.17554	0.031244	-0.04043	-0.032952	-0.055062	0.21346	4.246
1016	0.11631	-0.040336	-0.11405	-0.17004	-0.26029	-0.34852	-0.41007	-0.55649	-0.65148	-0.73312	-0.89549	-1.2394	-1.265	-1.411	-1.273	-1.3486	-0.40814	0.40301	0.048327	0.95174	0.96985	0.8997	0.55032	0.20123	-0.080603	0.036967	-0.053314	-7.4629e-005	0.058891	0.20579	4.197
1014	0.064386	-0.12451	-0.15164	-0.22313	-0.30806	-0.38873	-0.43036	-0.55368	-0.65108	-0.73463	-1.04	-1.2214	-1.2565	-1.4001	-1.1923	-1.2859	-0.41974	0.4146	0.048438	0.90598	0.94106	0.86964	0.49493	0.10454	-0.17384	0.030948	-0.16042	-0.048915	-0.041922	0.21148	4.214
1008	0.064728	-0.088398	-0.14118	-0.17508	-0.26947	-0.39959	-0.40519	-0.53244	-0.67762	-0.79988	-0.80473	-1.2024	-1.2576	-1.3811	-1.2342	-1.2869	-0.37345	0.43837	0.079783	0.92993	0.96666	0.89563	0.52457	0.10513	-0.11633	0.049493	-0.080601	-0.016445	-0.04214	0.21789	4.214
1004	0.095107	-0.074018	-0.13043	-0.18722	-0.29266	-0.39687	-0.41484	-0.57104	-0.71608	-0.83844	-1.0615	-1.2183	-1.2682	-1.4739	-1.2577	-1.2859	-0.38039	0.47274	0.06971	0.91454	0.96039	0.96388	0.51592	0.085975	-0.17554	0.06201	0.027077	-0.021992	-0.055062	0.25063	4.197
1001	0.080301	-0.063142	-0.12333	-0.17635	-0.32297	-0.36703	-0.39256	-0.50809	-0.63599	-0.744	-0.82792	-1.1813	-1.2671	-1.3841	-1.2138	-1.2119	-0.34362	0.45253	0.080373	0.96581	0.98425	0.93462	0.51757	0.12562	-0.11712	0.06221	-0.054104	-0.027559	-0.042457	0.20349	4.246
1006	0.083637	-0.033357	-0.12263	-0.22856	-0.28467	-0.36509	-0.43742	-0.60596	-0.69192	-0.76645	-0.63974	-1.2056	-1.2661	-1.3971	-1.2546	-1.2595	-0.3634	0.42846	0.090346	0.9126	0.94805	0.83314	0.50669	0.076011	-0.1634	-0.017953	-0.067297	-0.027416	-0.042229	0.24478	4.279
1008	0.11339	-0.029607	-0.099943	-0.16751	-0.23295	-0.32905	-0.42479	-0.51245	-0.63974	-0.74722	-0.89648	-1.1675	-1.247	-1.3941	-1.2577	-1.2808	-0.43807	0.41678	0.06942	0.91067	0.91504	0.91706	0.53807	0.11493	-0.22161	0.049493	-0.053704	-0.032808	-0.10557	0.14394	4.214
1017	0.071612	-0.054864	-0.1474	-0.1811	-0.29987	-0.34378	-0.38639	-0.50819	-0.62475	-0.72366	-1.1108	-1.2183	-1.2799	-1.429	-1.3067	-1.3476	-0.46645	0.37043	-0.013394	0.88406	0.91771	0.90942	0.55236	0.12366	-0.17335	0.043006	-0.079931	-0.0054852	-0.041794	0.25269	4.23
1015	0.10896	-0.080544	-0.15519	-0.17402	-0.26779	-0.36199	-0.41434	-0.53312	-0.62228	-0.69899	-0.93076	-1.2056	-1.2767	-1.426	-1.3149	-1.3739	-0.49959	0.34972	0.079281	0.92412	0.95041	0.94325	0.62884	0.22085	-0.11553	0.049187	0.013433	-0.054288	-0.029277	0.23228	4.262
1004	0.12145	-0.040808	-0.13418	-0.20624	-0.28526	-0.31713	-0.403	-0.50654	-0.62425	-0.72396	-0.90585	-1.2383	-1.3233	-1.434	-1.2454	-1.3881	-0.47784	0.36428	-0.0031545	0.91454	0.92933	0.93164	0.55119	0.12523	-0.15205	0.06201	-0.12144	-0.054862	-0.055062	0.20286	4.262
1004	0.11772	-0.037117	-0.14177	-0.22148	-0.28901	-0.37914	-0.42658	-0.55087	-0.65858	-0.75044	-1.0903	-1.1929	-1.3011	-1.434	-1.2699	-1.3102	-0.45081	0.39687	0.028069	0.95317	0.95	0.91011	0.54313	0.15455	-0.12857	0.055857	-0.04043	-0.021992	-0.067796	0.20286	4.23
1008	0.094704	-0.040631	-0.11119	-0.16373	-0.29503	-0.35104	-0.42091	-0.52846	-0.64201	-0.73846	-0.95369	-1.2024	-1.3064	-1.408	-1.2464	-1.2808	-0.37345	0.39519	0.059057	0.91067	0.98733	0.97052	0.52729	0.095379	-0.11633	-0.0056631	-0.067157	-0.032808	-0.080194	0.20207	4.246
1012	0.098141	-0.0808	-0.16683	-0.19721	-0.2978	-0.38515	-0.4234	-0.5628	-0.66568	-0.75366	-0.8363	-1.2288	-1.265	-1.4031	-1.2485	-1.301	-0.38298	0.43698	0.11054	0.88865	0.9534	0.90347	0.53914	0.056153	-0.12757	0.031014	-0.04014	-0.016394	-0.016721	0.25403	4.262
1006	0.083637	-0.055445	-0.14148	-0.16402	-0.29572	-0.34746	-0.41783	-0.55368	-0.64438	-0.72245	-0.8982	-1.1855	-1.2608	-1.3841	-1.2373	-1.2899	-0.40659	0.39598	0.017628	0.9126	0.95833	0.92966	0.52291	0.076011	-0.28072	0.037311	-0.067297	-0.038345	-0.16929	0.21306	4.262
1007	0.083546	-0.070101	-0.15253	-0.20556	-0.26976	-0.38234	-0.42131	-0.5531	-0.65345	-0.73927	-0.81706	-1.1485	-1.2703	-1.3891	-1.1943	-1.2342	-0.34145	0.46046	0.11101	0.88284	0.99875	0.89652	0.48443	0.036853	-0.18668	0.037273	-0.0403	-0.065607	-0.016791	0.25514	4.295
1013	0.10926	-0.084373	-0.13309	-0.20071	-0.27569	-0.38912	-0.39186	-0.53826	-0.63027	-0.70916	-1.0639	-1.1823	-1.2311	-1.4021	-1.1995	-1.2332	-0.32892	0.4043	0.1001	0.91648	0.97293	0.89186	0.48463	0.07554	-0.19733	0.024871	-0.066877	-0.027241	-0.041972	0.24849	4.246
1012	0.068256	-0.073467	-0.14819	-0.20847	-0.27954	-0.36315	-0.41952	-0.52681	-0.63037	-0.71872	-0.71644	-1.1887	-1.2215	-1.417	-1.177	-1.1937	-0.28625	0.51236	0.1209	0.9653	0.96368	0.94612	0.44731	0.056153	-0.18588	0.04934	-0.066947	-0.049018	-0.054656	0.24881	4.214
1005	0.06493	-0.048131	-0.14533	-0.17178	-0.2594	-0.33011	-0.43006	-0.51003	-0.61567	-0.70563	-0.82446	-1.1918	-1.2237	-1.3382	-1.1903	-1.1887	-0.27185	0.45055	0.11124	0.9232	1.0216	0.82322	0.45023	0.046719	-0.19882	0.018909	-0.094344	-0.038386	0.021342	0.1974	4.262
1003	0.080139	-0.074087	-0.15697	-0.22546	-0.29661	-0.37071	-0.4231	-0.56755	-0.65187	-0.72477	-0.8839	-1.2045	-1.2374	-1.3751	-1.1811	-1.1856	-0.28325	0.47323	0.14274	0.91556	0.95103	0.84653	0.42661	0.027194	-0.19922	0.012794	-0.04048	-0.049438	-0.0041161	0.21899	4.262
1005	0.10623	-0.037078	-0.14908	-0.17945	-0.23374	-0.32566	-0.39475	-0.51401	-0.62238	-0.71439	-0.83605	-1.2161	-1.2512	-1.419	-1.2209	-1.2069	-0.30427	0.38558	0.080039	0.83656	0.95936	0.8877	0.51533	0.046719	-0.17534	0.068096	-0.053874	0.032757	0.097677	0.25569	4.279
1011	0.060848	-0.051547	-0.15204	-0.22381	-0.27618	-0.32391	-0.45115	-0.53942	-0.63639	-0.71943	-0.91744	-1.2151	-1.2714	-1.418	-1.3026	-1.3203	-0.40493	0.40509	0.0072083	0.90883	0.95432	0.92579	0.50455	0.11464	-0.1627	0.037158	-0.093844	-0.032737	-0.042051	0.21211	4.197
1005	0.079968	-0.077621	-0.16792	-0.19459	-0.30698	-0.36548	-0.42608	-0.52613	-0.66164	-0.77602	-0.96824	-1.2214	-1.283	-1.426	-1.2679	-1.3274	-0.40162	0.39637	0.038443	0.91362	0.95936	0.87698	0.5235	0.12503	-0.17534	0.037359	-0.10785	-0.06575	-0.0041072	0.2239	4.279
1002	0.11037	-0.063073	-0.11563	-0.1876	-0.27124	-0.3711	-0.40778	-0.56008	-0.64891	-0.72557	-0.89623	-1.2109	-1.282	-1.3901	-1.1882	-1.2524	-0.33782	0.50631	0.048995	0.94553	0.98322	0.9121	0.50066	0.13523	-0.12877	0.062144	-0.13523	-0.027528	-0.00412	0.2458	4.149
1009	0.05343	-0.011231	-0.15223	-0.16354	-0.30204	-0.39038	-0.42827	-0.53991	-0.63224	-0.71147	-0.84395	-1.2013	-1.283	-1.3931	-1.2209	-1.214	-0.33534	0.42708	0.12112	0.93849	0.97602	0.90535	0.51048	0.12454	-0.18628	0.043321	-0.093944	-0.021879	-0.042101	0.20713	4.279
1014	0.09421	-0.066006	-0.13664	-0.19673	-0.30806	-0.36238	-0.41862	-0.58162	-0.65868	-0.72587	-0.8802	-1.2013	-1.283	-1.3871	-1.2219	-1.2383	-0.30178	0.4253	0.089678	0.93462	1.0438	0.9979	0.49493	0.08517	-0.10409	0.098031	-0.093554	-0.043492	0.033779	0.19574	4.279
1013	0.071915	-0.036802	-0.15549	-0.19692	-0.32287	-0.35841	-0.43076	-0.56619	-0.6715	-0.76162	-0.94975	-1.1623	-1.1876	-1.3621	-1.176	-1.1502	-0.24835	0.45808	0.06913	0.97386	0.94208	0.85982	0.47928	0.036657	-0.25564	0.055388	-0.10705	-0.043533	-0.10508	0.1959	4.279
1013	0.079383	-0.051439	-0.12194	-0.17431	-0.27924	-0.34523	-0.39574	-0.52623	-0.62485	-0.70916	-0.98403	-1.1982	-1.2417	-1.3621	-1.2117	-1.2221	-0.32892	0.49027	0.089778	0.90689	0.98322	0.90248	0.47384	0.094977	-0.17404	0.037082	-0.093654	-0.027241	-0.016712	0.20642	4.23
1009	0.068397	-0.084638	-0.13349	-0.20517	-0.3203	-0.35511	-0.43603	-0.5239	-0.64921	-0.75527	-0.88982	-1.2161	-1.2565	-1.3801	-1.1913	-1.2373	-0.34611	0.44867	0.17294	1.0057	0.95535	0.87331	0.51592	0.15377	-0.19803	0.031072	-0.04022	-0.04912	-0.054765	0.25458	4.328
1007	0.087296	-0.04068	-0.13378	-0.19042	-0.28802	-0.35143	-0.43693	-0.5692	-0.66055	-0.73927	-1.0639	-1.2087	-1.2862	-1.3691	-1.2005	-1.1927	-0.29288	0.49284	0.13171	0.95011	1.0397	0.95019	0.47637	0.075933	-0.10468	-0.0118	-0.067227	-0.049223	0.0085982	0.20753	4.295
1003	0.07637	-0.070396	-0.14562	-0.19508	-0.30392	-0.37071	-0.45056	-0.56357	-0.6646	-0.75125	-0.87231	-1.2193	-1.2862	-1.435	-1.2771	-1.3	-0.41332	0.39727	0.059369	0.91556	0.95103	0.86806	0.5164	0.095879	-0.21096	0.031272	-0.14863	-0.027498	-0.067865	0.23497	4.214
998.9	0.11833	-0.029893	-0.13112	-0.19974	-0.25733	-0.37226	-0.42887	-0.57405	-0.68077	-0.77209	-0.69647	-1.2299	-1.2968	-1.4819	-1.2945	-1.3172	-0.41508	0.36627	0.059614	0.92912	0.99679	0.9366	0.51592	0.096291	-0.15285	0.031406	-0.054224	-0.016599	0.0086714	0.23592	4.262
1007	0.079797	-0.044352	-0.14503	-0.20556	-0.35021	-0.37798	-0.44479	-0.50489	-0.64161	-0.75679	-1.0121	-1.2246	-1.265	-1.416	-1.3067	-1.2818	-0.37915	0.41717	0.14218	0.94053	0.98836	0.90724	0.53594	0.17368	-0.17494	0.043407	-0.013383	0.027231	-0.054884	0.20753	4.328
1013	0.12418	-0.07705	-0.095779	-0.18945	-0.30471	-0.38912	-0.40748	-0.52225	-0.6712	-0.79656	-0.91547	-1.2225	-1.2629	-1.415	-1.2761	-1.2929	-0.38795	0.41499	0.06913	0.92606	1.0038	0.91319	0.54118	0.12415	-0.12747	0.043187	-0.10705	-0.027241	0.0085527	0.23276	4.246
1008	0.090954	-0.059008	-0.15993	-0.19401	-0.29138	-0.35104	-0.45215	-0.57259	-0.64714	-0.71218	-0.98255	-1.2383	-1.2852	-1.435	-1.2526	-1.3162	-0.42192	0.40598	0.11088	0.88192	0.98733	0.91706	0.51106	0.046572	-0.20987	0.03111	-0.053704	-0.065545	-0.092878	0.2443	4.279
1006	0.11369	-0.077542	-0.13773	-0.15267	-0.2591	-0.34746	-0.44528	-0.55368	-0.66381	-0.75759	-0.91547	-1.2309	-1.2767	-1.431	-1.2791	-1.3132	-0.4012	0.38518	0.090346	0.83564	1.0204	0.91894	0.53108	0.076011	-0.17514	0.025033	-0.053824	0.016322	-0.042229	0.22366	4.23
1006	0.10613	-0.022304	-0.13398	-0.20197	-0.30303	-0.35627	-0.45702	-0.55775	-0.67525	-0.77521	-0.91547	-1.2563	-1.2989	-1.438	-1.3323	-1.3314	-0.42285	0.39598	0.069565	0.94145	0.99978	0.94047	0.52564	0.10532	-0.1634	0.061876	-0.10775	-0.04381	-0.067658	0.24478	4.246
1006	0.087396	-0.022304	-0.12638	-0.1679	-0.27371	-0.34746	-0.40609	-0.54165	-0.65838	-0.75759	-0.99611	-1.251	-1.282	-1.444	-1.2791	-1.3618	-0.4012	0.41767	0.07995	0.88376	0.98939	0.92966	0.52291	0.04667	-0.15175	0.037311	-0.067297	-0.011011	0.021312	0.25537	4.214
1003	0.14413	-0.018682	-0.14187	-0.19886	-0.29661	-0.34407	-0.45056	-0.5595	-0.63372	-0.69828	-0.91843	-1.2045	-1.265	-1.3881	-1.2168	-1.2454	-0.32115	0.49492	0.1219	0.92514	0.9718	0.86806	0.48647	0.076256	-0.19922	0.043598	-0.13513	-0.016527	-0.067865	0.23497	4.262
1007	0.11359	-0.051714	-0.13378	-0.19042	-0.24055	-0.36906	-0.42519	-0.54107	-0.63836	-0.72175	-0.94901	-1.1834	-1.2109	-1.3821	-1.2056	-1.2221	-0.3198	0.47125	0.12135	0.99812	0.99875	0.89652	0.46548	-0.021781	-0.12817	0.012736	-0.080681	-0.076536	0.0085982	0.23924	4.246
1015	0.079212	-0.065937	-0.16259	-0.19275	-0.2896	-0.36645	-0.42598	-0.52914	-0.61577	-0.69033	-0.94777	-1.1802	-1.2237	-1.3262	-1.1208	-1.1836	-0.28532	0.48928	0.068985	0.95266	0.95041	0.86875	0.42175	0.0074815	-0.22022	0.043092	-0.12014	-0.043451	-0.092295	0.24272	4.279
1016	0.071693	-0.047629	-0.1178	-0.21895	-0.2748	-0.31791	-0.39843	-0.51663	-0.61942	-0.70694	-0.75319	-1.1485	-1.2109	-1.3382	-1.1545	-1.1583	-0.29039	0.51018	0.13071	0.98029	0.9391	0.87847	0.44284	0.055917	-0.17355	0.030881	-0.080011	-0.021736	-0.0040646	0.253	4.23
1007	0.042282	-0.077453	-0.12254	-0.2208	-0.29533	-0.36906	-0.42917	-0.53302	-0.62514	-0.70412	-0.75368	-1.194	-1.2321	-1.3691	-1.2301	-1.1866	-0.29826	0.47125	0.059113	0.95011	0.96769	0.90724	0.44925	0.027076	-0.19842	0.00046617	-0.080681	-0.054688	-0.10567	0.26566	4.181
1003	0.065061	-0.081479	-0.14947	-0.1912	-0.29296	-0.34852	-0.40738	-0.53127	-0.65029	-0.75125	-0.65331	-1.214	-1.2534	-1.409	-1.2352	-1.2454	-0.35916	0.47323	0.038521	0.98314	0.96142	0.92192	0.49191	0.11552	-0.15215	0.031272	-0.13513	-0.011042	-0.029614	0.25617	4.328
999.9	0.11067	-0.081735	-0.14987	-0.2109	-0.26443	-0.3274	-0.44409	-0.54912	-0.68393	-0.79787	-0.84049	-1.2235	-1.2799	-1.4739	-1.2751	-1.3102	-0.38743	0.36587	0.059558	0.95715	0.99576	0.88165	0.52359	0.066656	-0.16449	0.0066501	-0.067727	-0.049592	-0.05529	0.23038	4.246
998.9	0.099391	-0.078113	-0.12362	-0.20731	-0.2979	-0.34998	-0.42887	-0.5335	-0.65306	-0.75437	-0.99759	-1.214	-1.2915	-1.435	-1.2699	-1.3233	-0.38784	0.46432	0.10148	1.0067	0.99679	0.91497	0.5132	0.10611	-0.17643	0.025215	-0.027077	-0.038632	-0.029742	0.25197	4.214
994.6	0.077015	-0.044923	-0.14691	-0.20051	-0.32504	-0.36936	-0.44648	-0.54796	-0.67101	-0.77541	-0.90881	-1.2499	-1.2968	-1.427	-1.3241	-1.3891	-0.42233	0.4663	0.10191	0.93309	1.053	0.8755	0.55926	0.1066	-0.17723	-0.024384	-0.054453	-0.055385	-0.055587	0.19946	4.246
996.7	0.069274	-0.041113	-0.10872	-0.20779	-0.29108	-0.33738	-0.40211	-0.52652	-0.64102	-0.73826	-0.73864	-1.2478	-1.3053	-1.4649	-1.321	-1.3993	-0.44325	0.38885	0.10169	0.92137	0.98846	0.96031	0.55265	0.13602	-0.1413	0.025272	-0.04073	-0.04423	-0.055468	0.25253	4.262
1011	0.090763	-0.088211	-0.12589	-0.19741	-0.31635	-0.368	-0.41216	-0.55543	-0.65799	-0.74571	-0.78007	-1.2457	-1.2714	-1.425	-1.2853	-1.3557	-0.43176	0.36201	0.027902	1.0336	0.94404	0.9365	0.54235	0.1926	-0.057676	0.024928	-0.080431	-7.5019e-005	0.059198	0.23323	4.246
1013	0.09804	-0.029489	-0.18528	-0.18566	-0.27569	-0.35405	-0.3646	-0.53021	-0.60739	-0.67422	-0.91547	-1.213	-1.2958	-1.429	-1.2229	-1.3112	-0.40939	0.41499	0.13104	0.99293	0.97293	0.91319	0.52233	0.07554	-0.18569	0.030976	-0.04009	-0.054401	-0.029337	0.2012	4.246
1007	0.12105	-0.084816	-0.11504	-0.18663	-0.23689	-0.40879	-0.40569	-0.54514	-0.65957	-0.75679	-1.15	-1.2447	-1.2915	-1.4759	-1.271	-1.3365	-0.39541	0.36319	0.069498	0.89242	0.98836	0.88581	0.51154	0.08571	-0.17494	0.037273	-0.053764	-0.060152	-0.029495	0.23394	4.246
1005	0.10251	-0.055504	-0.13783	-0.19081	-0.25565	-0.37875	-0.44568	-0.53816	-0.6428	-0.73202	-0.85899	-1.2119	-1.2618	-1.4729	-1.2505	-1.3274	-0.407	0.46145	0.090435	0.9232	0.94908	0.9736	0.52622	0.095673	-0.15185	0.037359	-0.094344	-0.021971	0.021342	0.26629	4.165
1009	0.075886	-0.03692	-0.13724	-0.17868	-0.27282	-0.36829	-0.3853	-0.53195	-0.61419	-0.68519	-0.91843	-1.1813	-1.2671	-1.413	-1.2505	-1.297	-0.39458	0.3732	0.038287	0.90017	0.9244	0.92678	0.54293	0.11474	-0.17464	0.024957	-0.093944	-0.04912	-0.042101	0.22295	4.246
1004	0.080049	-0.077699	-0.13418	-0.21002	-0.26325	-0.35695	-0.37953	-0.54679	-0.63737	-0.7152	-0.81953	-1.2077	-1.2799	-1.434	-1.2638	-1.3405	-0.41291	0.3209	0.048895	0.91454	0.97078	0.91011	0.53769	0.15455	-0.11682	0.049703	-0.053934	-0.043902	-0.0041121	0.27182	4.279
999.9	0.084171	-0.078034	-0.15746	-0.15364	-0.2976	-0.38961	-0.44409	-0.56125	-0.65523	-0.73594	-0.86935	-1.213	-1.2799	-1.447	-1.2924	-1.3162	-0.46355	0.36587	0.049095	0.9281	0.91247	0.9248	0.53176	0.14543	-0.16449	0.043732	-0.067727	-0.02759	-0.029713	0.20911	4.279
1002	0.095308	-0.040887	-0.16466	-0.1876	-0.2822	-0.33554	-0.39604	-0.54398	-0.64664	-0.73433	-1.3466	-1.2457	-1.3043	-1.444	-1.3016	-1.3314	-0.41912	0.39766	0.028136	0.90679	0.96245	0.95515	0.53331	0.13523	-0.25833	0.049809	-0.054054	-0.0055662	-0.042407	0.22991	4.279
1007	0.094805	-0.048033	-0.17127	-0.23215	-0.32464	-0.3868	-0.45255	-0.57725	-0.6787	-0.76565	-1.1557	-1.2193	-1.2968	-1.429	-1.2536	-1.3304	-0.40079	0.37399	0.14218	0.93085	0.96769	0.90724	0.52515	0.08571	-0.19842	0.037273	-0.053764	-0.038304	-0.04219	0.20753	4.246
1011	0.098242	-0.025877	-0.14829	-0.17091	-0.25437	-0.34155	-0.39664	-0.53137	-0.63767	-0.72819	-0.9061	-1.195	-1.2608	-1.3911	-1.273	-1.3081	-0.41032	0.40509	0.0072083	0.90883	0.94404	0.91507	0.50455	0.13415	-0.19773	0.024928	-0.10725	-0.032737	-0.029396	0.24375	4.214
1009	0.045941	-0.095643	-0.15223	-0.20139	-0.313	-0.37711	-0.45165	-0.59209	-0.67466	-0.74651	-0.9241	-1.2066	-1.2618	-1.4001	-1.2393	-1.2859	-0.38919	0.3624	0.048638	0.91933	0.94507	0.89464	0.46995	0.095271	-0.20967	0.024957	-0.04022	-0.027323	-0.06744	0.23877	4.344
1005	0.14383	-0.048131	-0.11524	-0.17178	-0.24104	-0.36994	-0.39873	-0.52206	-0.62593	-0.71439	-0.83605	-1.176	-1.2237	-1.3382	-1.2444	-1.2727	-0.34756	0.35309	0.059235	0.91362	0.99042	0.84474	0.49639	0.10542	-0.15185	0.037359	-0.053874	-0.016496	0.04679	0.2186	4.262
1003	0.091438	-0.063014	-0.14947	-0.20643	-0.26355	-0.37507	-0.43484	-0.53932	-0.66844	-0.77763	-0.97614	-1.2193	-1.2756	-1.409	-1.2771	-1.3	-0.3808	0.40806	0.059369	0.91556	0.95103	0.87877	0.50552	0.06644	-0.19922	-0.018011	-0.094544	-0.032983	-0.042368	0.18182	4.279
998.9	0.072913	-0.059569	-0.12737	-0.19974	-0.2979	-0.35443	-0.43673	-0.55785	-0.64438	-0.71903	-0.88193	-1.2299	-1.264	-1.415	-1.2883	-1.3112	-0.36061	0.54068	0.070088	0.90975	1.0177	0.86091	0.53506	0.14553	-0.15285	0.012841	-0.054224	-0.022105	-0.0041339	0.23062	4.279
996.7	0.12992	-0.033672	-0.11622	-0.21546	-0.29849	-0.35075	-0.43762	-0.57124	-0.68048	-0.7738	-0.65725	-1.2172	-1.2777	-1.424	-1.2791	-1.3324	-0.4214	0.37795	0.080719	0.88253	0.9571	0.90605	0.56081	0.1064	-0.17683	0.031473	-0.054333	-0.055272	-0.081134	0.16695	4.262
1001	0.11803	-0.059441	-0.12707	-0.19168	-0.27154	-0.35366	-0.41216	-0.53641	-0.64862	-0.744	-0.9204	-1.2521	-1.2724	-1.3841	-1.2618	-1.296	-0.40876	0.40895	0.059492	0.99486	0.9427	0.9238	0.55576	0.17475	-0.058233	0.043684	-0.04056	-7.5736e-005	0.021431	0.30465	4.262
1007	0.094805	-0.04068	-0.15253	-0.17528	-0.28437	-0.37352	-0.4604	-0.55717	-0.66489	-0.75679	-0.84	-1.214	-1.2862	-1.3961	-1.2894	-1.3061	-0.40618	0.38479	0.048739	0.91169	0.94702	0.91795	0.54138	0.13455	-0.1633	0.037273	-0.10765	-0.043769	-0.029495	0.22342	4.23
1007	0.087296	-0.092168	-0.17502	-0.19042	-0.32464	-0.38234	-0.44091	-0.57725	-0.6496	-0.71288	-0.98921	-1.2035	-1.2534	-1.443	-1.2597	-1.3122	-0.41695	0.36319	0.027991	0.91169	0.98836	0.86439	0.52777	0.13455	-0.10468	0.043407	-0.067227	-0.038304	-0.029495	0.19171	4.262
1004	0.10644	-0.066636	-0.14927	-0.21769	-0.29266	-0.37468	-0.44618	-0.55484	-0.68462	-0.79444	-0.9347	-1.1971	-1.2523	-1.427	-1.2342	-1.2626	-0.38039	0.36428	0.038487	0.89527	0.97078	0.87788	0.52408	0.095781	-0.18728	0.068163	-0.08094	-0.032952	-0.093264	0.22413	4.328
1006	0.094905	-0.055445	-0.14148	-0.1944	-0.29197	-0.33418	-0.40221	-0.5658	-0.64497	-0.71369	-0.99611	-1.1496	-1.2067	-1.3172	-1.1954	-1.2059	-0.31473	0.43926	0.090346	0.92229	0.93766	0.87599	0.50396	0.14445	-0.17514	0.049598	-0.080771	-0.03288	-0.016811	0.22366	4.262
1004	0.10644	-0.051872	-0.16437	-0.20245	-0.30362	-0.37914	-0.41086	-0.51459	-0.6424	-0.75044	-0.81953	-1.1823	-1.2629	-1.3402	-1.1923	-1.2079	-0.27755	0.44025	0.090536	0.9338	1.0226	0.87788	0.48327	0.076178	-0.15205	0.055857	-0.067437	-0.032952	0.021362	0.19226	4.279
1001	0.15199	-0.070544	-0.15726	-0.17256	-0.26779	-0.34038	-0.43971	-0.50411	-0.60985	-0.69979	-1.0649	-1.1707	-1.2512	-1.3641	-1.178	-1.1512	-0.30013	0.46333	0.12213	0.92718	0.95309	0.85913	0.49026	0.10591	-0.17613	0.049856	-0.067657	-0.016568	-0.093561	0.24612	4.262
999.9	0.09551	-0.078034	-0.13852	-0.21478	-0.28279	-0.36742	-0.41653	-0.54107	-0.62672	-0.7005	-0.90979	-1.1718	-1.2088	-1.3322	-1.1494	-1.1228	-0.26243	0.49651	0.049095	0.9281	0.94363	0.82758	0.42797	0.0075923	-0.31784	0.025196	-0.10845	-0.022084	-0.11923	0.22508	4.246
1011	0.068327	-0.088211	-0.14829	-0.20876	-0.28714	-0.37236	-0.39266	-0.53535	-0.62495	-0.70191	-0.98625	-1.1041	-1.1632	-1.3043	-1.1136	-1.1522	-0.22743	0.55593	0.14174	0.95674	0.97499	0.87232	0.48025	0.026998	-0.1627	0.061618	-0.053594	-0.043625	-0.0040854	0.23323	4.246
1017	0.086479	-0.10591	-0.14	-0.19236	-0.29622	-0.39183	-0.41733	-0.52409	-0.64625	-0.74974	-0.9061	-1.158	-1.1834	-1.3102	-1.1361	-1.134	-0.26875	0.47749	0.12023	0.92218	0.95864	0.82441	0.44498	0.046179	-0.19653	0.036929	-0.079931	-0.048762	-0.0040606	0.24225	4.23
1016	0.094008	-0.073162	-0.16239	-0.19634	-0.30017	-0.37914	-0.39067	-0.54456	-0.66539	-0.76796	-0.8728	-1.1591	-1.195	-1.3043	-1.1606	-1.1471	-0.27972	0.55306	0.11007	0.9231	0.98013	0.94225	0.49114	0.055917	-0.18509	0.04913	0.04012	-0.027149	-0.029248	0.23726	4.197
1006	0.10996	-0.051763	-0.12638	-0.20964	-0.24074	-0.38718	-0.41395	-0.52157	-0.65917	-0.77521	-0.63382	-1.195	-1.2555	-1.411	-1.2189	-1.2352	-0.33637	0.38518	0.069565	0.94145	0.93766	0.84385	0.49036	0.056447	-0.15175	0.006608	-0.067297	-0.021941	-0.029525	0.23418	4.262
999.9	0.12196	-0.074323	-0.14612	-0.18799	-0.3049	-0.35405	-0.41265	-0.54912	-0.64497	-0.72708	-0.85184	-1.2278	-1.2682	-1.3931	-1.2393	-1.3284	-0.40379	0.43124	0.080462	0.93778	0.98528	0.91398	0.5372	0.10601	-0.14091	0.031368	-0.0406	-0.022084	-0.029713	0.1505	4.262
1003	0.10271	-0.074087	-0.13438	-0.1912	-0.31132	-0.37507	-0.43882	-0.49897	-0.63589	-0.75125	-1.0454	-1.194	-1.2427	-1.409	-1.2413	-1.2211	-0.40245	0.46244	0.080206	0.93482	0.90948	0.92192	0.53001	0.095879	-0.2228	0.031272	-0.067507	-0.027498	-0.067865	0.25617	4.246
1001	0.1143	-0.063142	-0.14217	-0.23739	-0.28625	-0.37594	-0.42001	-0.56474	-0.66114	-0.744	-1.0477	-1.2013	-1.2396	-1.3841	-1.226	-1.2545	-0.34362	0.48512	0.1326	0.94644	0.97386	0.9238	0.50659	0.076413	-0.15255	0.018995	-0.027017	-0.03855	-0.029683	0.21947	4.262
1001	0.099179	-0.077945	-0.11573	-0.20692	-0.29355	-0.3493	-0.43583	-0.54854	-0.67347	-0.77934	-1.0129	-1.2426	-1.2396	-1.3711	-1.1954	-1.218	-0.29474	0.49601	0.11165	1.0336	0.95309	0.85913	0.45207	0.086249	-0.10538	0.025167	-0.0812	-0.027559	0.0086526	0.23544	4.262
1008	0.11722	-0.022264	-0.12244	-0.1978	-0.30234	-0.3555	-0.44429	-0.54456	-0.62504	-0.69466	-1.3266	-1.177	-1.2258	-1.3212	-1.2046	-1.1907	-0.29795	0.50314	0.10052	0.94909	0.96666	0.88492	0.46228	0.066097	-0.18648	0.03111	-0.053704	-0.016445	0.046642	0.25482	4.246
1017	0.075332	-0.058516	-0.1697	-0.18489	-0.28536	-0.33506	-0.40569	-0.53603	-0.64201	-0.73232	-0.84913	-1.1675	-1.2258	-1.3691	-1.2127	-1.2281	-0.34352	0.4561	0.12023	0.96979	0.95864	0.87748	0.45576	0.065538	-0.18489	0.024775	-0.17322	-0.048762	-0.066945	0.25269	4.36
1014	0.071844	-0.087936	-0.13664	-0.22313	-0.29711	-0.36684	-0.44588	-0.5337	-0.62781	-0.70845	-0.8289	-1.1813	-1.2194	-1.3871	-1.2107	-1.22	-0.33927	0.39311	0.089678	0.93462	0.94106	0.8377	0.49221	0.10454	-0.11573	-0.0056334	-0.066807	-0.016353	-0.041922	0.24304	4.262
1013	0.030862	-0.051439	-0.12934	-0.20071	-0.33382	-0.34523	-0.423	-0.53021	-0.63629	-0.72668	-1.0126	-1.1929	-1.2629	-1.3821	-1.2352	-1.2636	-0.37179	0.42579	0.06913	0.94512	0.89067	0.88115	0.48735	0.07554	-0.18569	0.030976	-0.093654	-0.027241	-0.029337	0.23276	4.214
1007	0.098554	-0.04068	-0.14128	-0.18663	-0.28802	-0.35589	-0.44091	-0.5692	-0.65089	-0.72175	-1.1387	-1.2035	-1.2534	-1.3891	-1.224	-1.2646	-0.36299	0.46046	0.038365	0.93085	0.95741	0.90724	0.48171	0.08571	-0.24519	0.031139	-0.026847	-0.027385	0.046692	0.23394	4.214
1006	0.068619	-0.073861	-0.14148	-0.18683	-0.29197	-0.35182	-0.39047	-0.49334	-0.63698	-0.75759	-0.86392	-1.1443	-1.2438	-1.4041	-1.2015	-1.2059	-0.36879	0.40677	0.090346	0.90302	0.95833	0.90823	0.50669	0.04667	-0.1634	0.025033	-0.094244	-0.071143	-0.054943	0.20776	4.246
1005	0.10623	-0.055504	-0.13033	-0.20604	-0.27401	-0.34775	-0.42608	-0.53816	-0.63797	-0.72326	-0.92804	-1.2066	-1.2618	-1.3721	-1.2444	-1.2909	-0.37997	0.45055	0.059235	0.94247	0.93869	0.93065	0.49366	0.10542	-0.17534	0.049646	-0.04039	-0.032911	0.034066	0.24509	4.279
1001	0.080301	-0.066843	-0.13842	-0.19168	-0.29355	-0.36703	-0.46329	-0.52429	-0.614	-0.69093	-0.89154	-1.1813	-1.2724	-1.3841	-1.1903	-1.2484	-0.36527	0.41985	0.11165	1.0142	0.9427	0.90228	0.51213	0.10591	-0.18787	0.031339	7.6213e-005	-0.022064	-0.080787	0.21947	4.246
1007	0.13607	-0.084816	-0.14503	-0.17149	-0.26246	-0.3647	-0.42131	-0.54912	-0.65651	-0.74803	-0.82841	-1.1633	-1.2427	-1.3761	-1.1882	-1.2281	-0.33068	0.38479	0.079872	0.92127	0.96769	0.8751	0.48171	0.08571	-0.15155	0.025005	-0.080681	-0.043769	-0.04219	0.19171	4.279
1016	0.1015	-0.033042	-0.1327	-0.19255	-0.24943	-0.34416	-0.40619	-0.55649	-0.63708	-0.70694	-0.80449	-1.1992	-1.2215	-1.437	-1.1841	-1.2413	-0.37065	0.32794	0.048327	0.88498	0.91864	0.95287	0.49386	0.094673	-0.19673	0.06738	-0.080011	-0.032573	-0.054429	0.25822	4.328
1012	0.13173	-0.0808	-0.12954	-0.16693	-0.25042	-0.35434	-0.45066	-0.52681	-0.64004	-0.73614	-0.79068	-1.194	-1.2703	-1.3771	-1.2066	-1.2231	-0.35615	0.44778	0.069197	0.95572	0.91216	0.89275	0.49328	0.095075	-0.1626	0.018794	-0.093754	-0.021828	-0.092582	0.23821	4.279
1003	0.083899	-0.081479	-0.14562	-0.1912	-0.28556	-0.37071	-0.39952	-0.54737	-0.64773	-0.73363	-0.92435	-1.2193	-1.2481	-1.3821	-1.2168	-1.2636	-0.33202	0.44065	0.1219	0.91556	0.9718	0.87877	0.49464	0.06644	-0.2228	0.012794	-0.053994	-0.043953	-0.067865	0.22437	4.262
1004	0.11389	-0.029735	-0.13803	-0.20624	-0.23028	-0.36141	-0.41872	-0.51857	-0.60542	-0.67996	-0.66391	-1.2183	-1.2364	-1.3731	-1.2219	-1.2737	-0.32622	0.47274	0.10094	0.88559	0.97078	0.92093	0.47782	0.15455	-0.17554	0.025081	-0.067437	-0.027467	0.059574	0.22943	4.246
1011	0.075805	-0.029548	-0.18203	-0.20498	-0.28714	-0.35036	-0.42001	-0.53535	-0.59605	-0.64945	-1.0089	-1.1696	-1.2279	-1.3452	-1.2138	-1.1887	-0.31349	0.45897	0.069275	0.91841	0.96461	0.89375	0.45596	0.056212	-0.19773	0.031043	-0.10725	-0.032737	-0.042051	0.24375	4.23
1007	0.072298	-0.048033	-0.13753	-0.1942	-0.32464	-0.33825	-0.41345	-0.53302	-0.65414	-0.75679	-1.1845	-1.1739	-1.2321	-1.3562	-1.2056	-1.2099	-0.30903	0.43886	0.090246	0.95011	0.97808	0.88581	0.49804	0.08571	-0.15155	0.043407	-0.080681	-0.054688	-0.0040982	0.21812	4.279
1003	0.0726	-0.099905	-0.13812	-0.1912	-0.31862	-0.40617	-0.42698	-0.50702	-0.61035	-0.69828	-0.90684	-1.2045	-1.265	-1.3552	-1.1698	-1.215	-0.31576	0.45154	0.038521	0.93482	0.96142	0.90039	0.47287	0.086063	-0.18748	0.062077	-0.053994	-0.032983	-0.055122	0.23497	4.262
1011	0.094502	-0.077217	-0.15204	-0.16713	-0.31635	-0.35918	-0.40052	-0.51934	-0.61784	-0.70191	-0.98033	-1.1749	-1.2396	-1.3512	-1.179	-1.1765	-0.29733	0.46977	0.12101	0.93758	0.95432	0.87232	0.46675	0.10493	-0.1627	0.037158	-0.067017	-7.5019e-005	-0.029396	0.23853	4.23
1018	0.049267	-0.069372	-0.15095	-0.19974	-0.29957	-0.35221	-0.40917	-0.52351	-0.63599	-0.73161	-0.84247	-1.1612	-1.1823	-1.3482	-1.1821	-1.1735	-0.25777	0.43421	0.08931	0.90221	1.0294	0.98272	0.49017	0.075138	-0.11523	0.091524	-0.079841	-0.021695	0.033641	0.28385	4.262
1014	0.064386	-0.076971	-0.15904	-0.20808	-0.30806	-0.37556	-0.40698	-0.56163	-0.67387	-0.76957	-0.97737	-1.2119	-1.2353	-1.3671	-1.1923	-1.2089	-0.3285	0.44679	0.099996	0.90598	0.95134	0.90158	0.49493	0.075462	-0.17384	0.030948	-0.066807	-0.021787	-0.041922	0.17992	4.311
1004	0.091337	-0.051872	-0.17187	-0.19479	-0.29266	-0.35259	-0.4619	-0.56697	-0.66568	-0.75044	-0.90018	-1.1929	-1.247	-1.3601	-1.2219	-1.214	-0.3371	0.47274	0.06971	0.91454	0.95	0.87788	0.48871	0.066371	-0.18728	0.037397	-0.08094	-0.021992	-0.067796	0.28772	4.23
