40271	4	12	87	30.2	763.3	4	18	18.27	0	256	8192	1	0	0	0	0	250	1042.3	1.4834e+006	0.12097	0	42.234	0	0	0	0	0	0	3	0	0
907.4	-0.4623	-0.5355	-0.5351	-0.5251	-0.5404	-0.4686	-0.5162	-0.54	-0.4866	-0.4652	-0.6519	-1.252	-1.861	-2.309	-3.285	-3.89	-3.628	-2.632	-1.732	-1.462	-1.029	0.1564	0.7753	0.7938	0.5725	0.3588	0.04973	-0.2982	-0.4921	-0.5195	18.3
908.4	-0.5158	-0.6082	-0.6052	-0.4824	-0.5478	-0.5317	-0.4636	-0.4814	-0.5244	-0.5523	-0.6447	-1.25	-1.829	-2.292	-3.334	-3.912	-3.665	-2.701	-1.822	-1.535	-1.051	0.1562	0.7894	0.8471	0.6627	0.3312	0.06459	-0.2797	-0.4492	-0.5013	18.23
908.4	-0.4618	-0.4818	-0.5969	-0.5749	-0.5559	-0.5072	-0.5633	-0.4993	-0.5014	-0.562	-0.5301	-1.138	-1.817	-2.292	-3.617	-3.912	-3.707	-2.677	-1.822	-1.588	-1.028	0.1443	0.7984	0.8471	0.6367	0.4264	0.1094	-0.2676	-0.5337	-0.4778	18.3
914.8	-0.5205	-0.5311	-0.6175	-0.6043	-0.548	-0.4745	-0.469	-0.5488	-0.6084	-0.5001	-0.577	-1.169	-1.846	-2.32	-3.311	-3.859	-3.628	-2.718	-1.809	-1.482	-1.066	0.1433	0.7868	0.7551	0.5936	0.3424	0.004855	-0.3078	-0.488	-0.556	18.25
918	-0.564	-0.5575	-0.5412	-0.5439	-0.4258	-0.4777	-0.6561	-0.5337	-0.5037	-0.5658	-0.6065	-1.171	-1.786	-2.283	-3.306	-3.918	-3.728	-2.638	-1.78	-1.519	-1.017	0.1663	0.8049	0.7846	0.6172	0.395	0.04915	-0.2528	-0.4306	-0.5018	18.31
922.3	-0.4671	-0.4384	-0.3421	-0.3965	-0.5556	-0.6201	-0.5335	-0.461	-0.4787	-0.544	-0.5723	-1.16	-1.819	-2.279	-3.219	-3.821	-3.616	-2.602	-1.67	-1.428	-0.922	0.2007	0.8486	0.8023	0.5888	0.3463	0.01952	-0.2934	-0.5673	-0.5342	18.23
923.3	-0.4093	-0.4299	-0.4563	-0.5904	-0.6068	-0.5905	-0.4902	-0.4693	-0.4895	-0.5147	-0.5278	-1.263	-1.835	-2.306	-3.254	-3.869	-3.576	-2.658	-1.668	-1.426	-0.8984	0.1537	0.818	0.8121	0.652	0.3995	0.04887	-0.2633	-0.5666	-0.5162	18.27
926.5	-0.4731	-0.5084	-0.5322	-0.5142	-0.4616	-0.4973	-0.5396	-0.5157	-0.4916	-0.4652	-0.5073	-1.275	-1.84	-2.262	-3.185	-3.895	-3.652	-2.672	-1.673	-1.463	-0.9515	0.2347	0.8181	0.8411	0.6243	0.3714	0.06333	-0.2624	-0.4819	-0.4972	18.27
927.6	-0.497	-0.4958	-0.4297	-0.4107	-0.4889	-0.559	-0.488	-0.5456	-0.4496	-0.5218	-0.5877	-1.263	-1.826	-2.375	-3.291	-3.942	-3.636	-2.692	-1.716	-1.493	-0.9616	0.153	0.8054	0.7871	0.5727	0.3243	0.03402	-0.2976	-0.4813	-0.5483	18.25
932.9	-0.5144	-0.4692	-0.4354	-0.5393	-0.5413	-0.5701	-0.5781	-0.5035	-0.477	-0.424	-0.5534	-1.234	-1.833	-2.224	-3.009	-3.823	-3.546	-2.584	-1.662	-1.536	-0.9673	0.1289	0.7921	0.8354	0.5821	0.3755	0.09196	-0.3018	-0.4786	-0.5395	18.38
934	-0.5058	-0.5281	-0.5401	-0.5428	-0.5171	-0.4505	-0.5142	-0.4813	-0.525	-0.5088	-0.6457	-1.222	-1.831	-2.258	-3.275	-3.876	-3.699	-2.756	-1.817	-1.576	-1.145	0.01316	0.7649	0.8239	0.7077	0.3486	0.06282	-0.272	-0.478	-0.5389	18.3
935.1	-0.5214	-0.5236	-0.491	-0.436	-0.4023	-0.5308	-0.6147	-0.485	-0.3826	-0.546	-0.4841	-1.122	-1.771	-2.27	-3.335	-3.859	-3.648	-2.752	-1.826	-1.616	-1.177	0.08244	0.7581	0.8335	0.6186	0.3878	0.03375	-0.2776	-0.4091	-0.5553	18.25
935.1	-0.5133	-0.4919	-0.4344	-0.4483	-0.5204	-0.4737	-0.4167	-0.498	-0.5095	-0.4893	-0.5336	-1.089	-1.823	-2.198	-3.258	-3.93	-3.689	-2.799	-1.859	-1.636	-1.154	0.04779	0.7727	0.8335	0.5555	0.3746	0.03375	-0.2306	-0.286	-0.5269	18.3
930.8	-0.475	-0.518	-0.5176	-0.4995	-0.503	-0.5428	-0.5582	-0.4264	-0.5268	-0.596	-0.5919	-1.242	-1.861	-2.367	-3.37	-4.019	-3.822	-2.824	-1.98	-1.686	-1.115	0.04801	0.7704	0.8161	0.6088	0.3763	0.04847	-0.2907	-0.5071	-0.5235	18.18
924.4	-0.4987	-0.5456	-0.5457	-0.5732	-0.5503	-0.4648	-0.413	-0.7358	-0.5078	-0.6767	-0.7149	-1.356	-1.962	-2.457	-3.438	-4.119	-3.966	-2.984	-2.05	-1.802	-1.269	0.03666	0.7669	0.8644	0.5874	0.3589	0.06348	-0.3046	-0.4415	-0.5329	18.38
921.2	-0.4923	-0.5073	-0.5517	-0.4799	-0.3963	-0.4278	-0.7137	-0.5494	-0.5399	-0.5734	-0.6421	-1.338	-1.999	-2.458	-3.496	-4.12	-3.968	-2.995	-2.046	-1.777	-1.16	-0.0101	0.7488	0.8674	0.7432	0.3601	0.04898	-0.2818	-0.4569	-0.4827	18.28
920.1	-0.46	-0.4596	-0.4209	-0.4514	-0.6089	-0.8003	-0.7102	-0.6028	-0.476	-0.6126	-0.7811	-1.406	-2.031	-2.373	-3.435	-4.151	-3.943	-2.975	-2.003	-1.768	-1.218	-0.02185	0.7645	0.847	0.6414	0.374	0.07851	-0.2582	-0.4574	-0.4891	18.28
921.2	-0.3733	-0.4309	-0.5434	-0.6167	-0.6322	-0.6015	-0.5127	-0.5231	-0.4982	-0.4678	-0.6735	-1.416	-2.046	-2.48	-3.639	-4.153	-3.945	-2.983	-2.046	-1.798	-1.262	-0.04527	0.7162	0.8567	0.5639	0.3803	0.0637	-0.228	-0.3181	-0.4712	18.28
920.1	-0.4723	-0.6005	-0.5892	-0.5427	-0.5569	-0.549	-0.6418	-0.4929	-0.4495	-0.5645	-0.7623	-1.439	-2.06	-2.439	-3.669	-4.178	-3.967	-3.034	-2.094	-1.779	-1.275	-0.09227	0.7348	0.8149	0.7055	0.4008	0.09324	-0.2582	-0.4435	-0.4775	18.25
921.2	-0.5415	-0.5395	-0.5188	-0.5794	-0.5322	-0.4953	-0.5769	-0.4748	-0.5777	-0.631	-0.799	-1.554	-2.117	-2.531	-3.385	-4.238	-4.039	-3.007	-2.148	-1.808	-1.251	-0.03355	0.7429	0.8781	0.6663	0.3803	0.0637	-0.246	-0.5124	-0.5521	18.3
919.1	-0.4811	-0.4722	-0.4378	-0.4561	-0.5415	-0.5932	-0.5482	-0.5507	-0.6132	-0.7095	-0.9583	-1.513	-2.11	-2.596	-3.582	-4.393	-4.155	-3.179	-2.221	-1.928	-1.333	-0.1041	0.7565	0.8372	0.6294	0.3811	0.04909	-0.2884	-0.4579	-0.5592	18.28
915.9	-0.3466	-0.3039	-0.2826	-0.5285	-0.5715	-0.5904	-0.5716	-0.4908	-0.6192	-0.7506	-0.9805	-1.674	-2.254	-2.678	-3.653	-4.421	-4.181	-3.095	-2.161	-1.85	-1.304	-0.01016	0.78	0.7972	0.6573	0.3825	0.1085	-0.2354	-0.4456	-0.4681	18.35
918	-0.3417	-0.3839	-0.5248	-0.6937	-0.6905	-0.5455	-0.6046	-0.591	-0.6785	-0.6429	-0.9342	-1.704	-2.261	-2.702	-3.853	-4.391	-4.201	-3.136	-2.178	-1.878	-1.335	-0.01014	0.7752	0.8918	0.5658	0.422	0.06392	-0.2109	-0.3331	-0.4496	18.3
924.4	-0.417	-0.5136	-0.6233	-0.5567	-0.6061	-0.6138	-0.5791	-0.5125	-0.7455	-0.7245	-0.9965	-1.708	-2.298	-2.661	-3.801	-4.439	-4.225	-3.173	-2.265	-1.97	-1.449	0.0133	0.7226	0.8324	0.6385	0.3856	0.07814	-0.263	-0.4415	-0.4523	18.25
928.7	-0.5249	-0.5631	-0.6001	-0.6446	-0.5359	-0.5584	-0.6062	-0.6409	-0.652	-0.626	-1.117	-1.761	-2.305	-2.707	-3.725	-4.399	-4.229	-3.147	-2.3	-1.919	-1.387	-0.07979	0.6987	0.8604	0.6356	0.3972	0.107	-0.2262	-0.467	-0.4961	18.33
931.9	-0.4826	-0.5055	-0.4683	-0.6096	-0.5815	-0.5851	-0.4646	-0.5649	-0.5262	-0.5574	-1.082	-1.716	-2.35	-2.64	-3.732	-4.41	-4.18	-3.136	-2.236	-1.943	-1.393	-0.05634	0.708	0.7835	0.6207	0.3958	0.01932	-0.2431	-0.4791	-0.4829	18.22
935.1	-0.4082	-0.5156	-0.6647	-0.7831	-0.5795	-0.526	-0.661	-0.5932	-0.5804	-0.6785	-1.097	-1.738	-2.284	-2.725	-3.604	-4.369	-4.096	-3.067	-2.161	-1.885	-1.377	-0.0908	0.6881	0.844	0.6438	0.3746	0.1063	-0.2659	-0.4364	-0.4585	18.31
932.9	-0.5144	-0.624	-0.6176	-0.7604	-0.7466	-0.5034	-0.4936	-0.5078	-0.6265	-0.6895	-1.018	-1.725	-2.277	-2.63	-3.76	-4.392	-4.122	-3.132	-2.177	-1.869	-1.347	-0.1373	0.7277	0.8248	0.7338	0.402	0.1065	-0.2075	-0.41	-0.4025	18.27
931.9	-0.365	-0.7401	-0.7197	-0.5809	-0.6012	-0.5899	-0.5027	-0.5475	-0.6572	-0.6903	-1.131	-1.711	-2.292	-2.64	-3.629	-4.358	-4.127	-3.077	-2.09	-1.902	-1.371	0.01319	0.7227	0.8046	0.6207	0.3494	0.1212	-0.2491	-0.4379	-0.4772	18.27
931.9	-0.588	-0.577	-0.5656	-0.5932	-0.6447	-0.6328	-0.4688	-0.5779	-0.6422	-0.6713	-1.069	-1.706	-2.227	-2.633	-3.828	-4.319	-4.104	-3.054	-2.146	-1.829	-1.315	-0.009987	0.7461	0.8575	0.646	0.3825	0.09207	-0.2254	-0.4105	-0.5229	18.3
930.8	-0.5643	-0.6494	-0.753	-0.717	-0.6257	-0.4425	-0.5836	-0.5438	-0.628	-0.6911	-1.033	-1.691	-2.259	-2.585	-3.595	-4.318	-4.091	-3.069	-2.16	-1.883	-1.327	-0.0332	0.7235	0.8373	0.6341	0.3963	0.03391	-0.2316	-0.4659	-0.4377	18.25
930.8	-0.6415	-0.7807	-0.6556	-0.5488	-0.5505	-0.5905	-0.6513	-0.5394	-0.5455	-0.6911	-1.002	-1.675	-2.224	-2.679	-3.633	-4.305	-4.027	-2.999	-2.014	-1.717	-1.272	-0.0448	0.7235	0.869	0.6214	0.383	-0.03893	-0.2434	-0.4522	-0.4892	18.22
928.7	-0.5982	-0.575	-0.4821	-0.6405	-0.6231	-0.5488	-0.462	-0.5973	-0.5167	-0.626	-1.017	-1.662	-2.165	-2.569	-3.538	-4.204	-3.907	-2.889	-1.985	-1.679	-1.252	0.05975	0.7487	0.8074	0.6229	0.3639	0.107	-0.2618	-0.4532	-0.519	18.2
922.3	-0.3975	-0.571	-0.6534	-0.5331	-0.4877	-0.4417	-0.5378	-0.5181	-0.5279	-0.6303	-0.98	-1.696	-2.185	-2.565	-3.55	-4.201	-3.928	-2.897	-1.953	-1.691	-1.159	0.03675	0.7627	0.7703	0.5632	0.353	0.03422	-0.2815	-0.4841	-0.4995	18.25
918	-0.4569	-0.6382	-0.6729	-0.5897	-0.522	-0.5891	-0.5145	-0.5337	-0.5037	-0.6621	-0.9783	-1.67	-2.178	-2.54	-3.475	-4.141	-3.822	-2.827	-1.848	-1.604	-1.051	0.03692	0.7603	0.8168	0.6301	0.3479	0.03438	-0.2708	-0.4027	-0.4844	18.31
912.7	-0.5217	-0.7962	-0.6189	-0.5136	-0.517	-0.5146	-0.5607	-0.5058	-0.499	-0.54	-1.047	-1.686	-2.179	-2.599	-3.476	-4.132	-3.821	-2.76	-1.882	-1.56	-1.069	0.1436	0.7857	0.7568	0.5821	0.3635	0.04944	-0.2724	-0.4612	-0.5106	18.3
910.6	-0.6889	-0.7411	-0.5457	-0.6029	-0.5708	-0.5988	-0.4668	-0.6625	-0.5308	-0.551	-0.9482	-1.628	-2.202	-2.538	-3.458	-4.096	-3.83	-2.731	-1.875	-1.574	-1.083	0.08466	0.7546	0.791	0.5705	0.3168	0.01977	-0.2851	-0.5044	-0.5293	18.28
911.6	-0.5389	-0.6874	-0.6818	-0.5059	-0.4772	-0.5054	-0.6002	-0.5019	-0.4805	-0.6377	-1.017	-1.648	-2.187	-2.528	-3.441	-4.091	-3.789	-2.668	-1.838	-1.54	-1.024	0.1675	0.7477	0.8225	0.5698	0.3707	0.04949	-0.2787	-0.4617	-0.4528	18.3
911.6	-0.5306	-0.7158	-0.6528	-0.6022	-0.6025	-0.5737	-0.57	-0.5375	-0.5494	-0.6377	-1.042	-1.727	-2.205	-2.55	-3.48	-4.058	-3.837	-2.752	-1.804	-1.583	-1.081	0.1083	0.7686	0.7901	0.5569	0.3368	0.01975	-0.2606	-0.5178	-0.482	18.23
912.7	-0.5838	-0.5973	-0.6189	-0.5722	-0.6784	-0.5779	-0.5348	-0.5147	-0.5449	-0.6466	-1.098	-1.635	-2.22	-2.547	-3.496	-4.139	-3.803	-2.784	-1.813	-1.592	-1.057	0.1318	0.7707	0.8	0.6208	0.3364	0.03458	-0.2724	-0.4331	-0.5048	18.28
912.7	-0.5921	-0.5242	-0.5113	-0.8902	-0.5695	-0.6412	-0.5089	-0.5058	-0.5105	-0.6757	-1.073	-1.713	-2.214	-2.555	-3.423	-4.145	-3.797	-2.76	-1.779	-1.592	-1.057	0.1318	0.7707	0.7029	0.5433	0.3432	0.07915	-0.2362	-0.5312	-0.5339	18.36
910.6	-0.5395	-0.6027	-0.6411	-0.649	-0.6315	-0.5353	-0.549	-0.5248	-0.527	-0.7064	-1.063	-1.734	-2.261	-2.524	-3.477	-4.109	-3.818	-2.707	-1.794	-1.5	-1.06	0.1558	0.7755	0.791	0.5445	0.344	0.03466	-0.2428	-0.4763	-0.5293	18.28
913.8	-0.5542	-0.5966	-0.5313	-0.5256	-0.5809	-0.548	-0.5428	-0.4919	-0.4679	-0.6652	-1.109	-1.728	-2.218	-2.574	-3.511	-4.101	-3.798	-2.578	-1.685	-1.516	-1.022	0.06073	0.7908	0.7883	0.6201	0.3834	0.07905	-0.266	-0.5306	-0.545	18.27
917	-0.5028	-0.5379	-0.5212	-0.6528	-0.6391	-0.551	-0.5409	-0.5652	-0.5386	-0.7015	-1.156	-1.756	-2.269	-2.668	-3.551	-4.126	-3.839	-2.759	-1.93	-1.531	-1.086	0.1312	0.7523	0.7641	0.5794	0.3416	0.04921	-0.2771	-0.5148	-0.5489	18.22
919.1	-0.514	-0.6052	-0.6064	-0.668	-0.5575	-0.5352	-0.5611	-0.5375	-0.5183	-0.7191	-1.109	-1.768	-2.205	-2.596	-3.523	-4.097	-3.788	-2.741	-1.823	-1.57	-1.016	0.09562	0.7743	0.7837	0.6294	0.3475	0.03434	-0.2585	-0.4719	-0.5476	18.3
923.3	-0.6016	-0.6225	-0.5463	-0.5408	-0.535	-0.499	-0.55	-0.5701	-0.5084	-0.7254	-1.098	-1.694	-2.224	-2.613	-3.436	-4.111	-3.8	-2.752	-1.804	-1.605	-1.056	0.1186	0.7678	0.7161	0.5881	0.366	0.1076	-0.2454	-0.4697	-0.5105	18.12
925.5	-0.4696	-0.529	-0.5165	-0.5024	-0.5099	-0.5411	-0.5529	-0.4901	-0.4959	-0.6855	-1.145	-1.739	-2.219	-2.629	-3.441	-4.082	-3.774	-2.64	-1.743	-1.413	-0.8964	0.13	0.7689	0.8421	0.625	0.3318	0.04875	-0.2805	-0.4271	-0.469	18.23
926.5	-0.4527	-0.5124	-0.6137	-0.6172	-0.4815	-0.4541	-0.6118	-0.5026	-0.5179	-0.6942	-1.088	-1.759	-2.217	-2.495	-3.424	-4.012	-3.705	-2.578	-1.707	-1.463	-0.974	0.1648	0.7857	0.7668	0.5734	0.3447	0.0926	-0.2683	-0.4543	-0.4685	18.28
928.7	-0.529	-0.5032	-0.6652	-0.5089	-0.5676	-0.4674	-0.5171	-0.5973	-0.4416	-0.7688	-1.085	-1.711	-2.194	-2.642	-3.364	-3.996	-3.673	-2.572	-1.692	-1.397	-0.9605	0.176	0.7781	0.765	0.5339	0.3439	0.04859	-0.2558	-0.467	-0.4674	18.25
930.8	-0.5156	-0.5339	-0.6637	-0.5857	-0.5624	-0.5619	-0.4863	-0.4916	-0.5156	-0.6531	-1.12	-1.686	-2.16	-2.498	-3.363	-3.955	-3.6	-2.496	-1.632	-1.394	-0.8912	0.2104	0.7851	0.7844	0.5834	0.3763	0.1359	-0.273	-0.4247	-0.4663	18.33
930.8	-0.5359	-0.6056	-0.5947	-0.5488	-0.5386	-0.5666	-0.5329	-0.5481	-0.5455	-0.6531	-1.095	-1.691	-2.142	-2.52	-3.292	-3.961	-3.589	-2.531	-1.598	-1.311	-0.9136	0.1756	0.7968	0.7421	0.5454	0.3431	-0.06806	-0.273	-0.5209	-0.5178	18.31
931.9	-0.584	-0.5254	-0.4926	-0.6342	-0.6526	-0.5946	-0.4984	-0.5345	-0.5037	-0.7187	-1.044	-1.651	-2.087	-2.531	-3.263	-3.898	-3.573	-2.481	-1.585	-1.361	-0.8902	0.2334	0.7725	0.7518	0.5574	0.3361	0.01932	-0.2845	-0.4379	-0.5401	18.3
930.8	-0.5806	-0.6056	-0.5866	-0.676	-0.6534	-0.6287	-0.5456	-0.5264	-0.5343	-0.5485	-0.9648	-1.587	-2.083	-2.57	-3.228	-3.883	-3.554	-2.473	-1.598	-1.373	-0.8912	0.1756	0.8027	0.7527	0.5834	0.3431	0.07761	-0.2671	-0.4522	-0.4549	18.31
930.8	-0.4831	-0.5538	-0.6921	-0.7211	-0.7444	-0.6096	-0.6386	-0.5351	-0.5081	-0.596	-0.9959	-1.582	-2.13	-2.527	-3.299	-3.909	-3.635	-2.578	-1.699	-1.405	-1.014	0.1292	0.7528	0.7315	0.5074	0.3232	0.004772	-0.2257	-0.4384	-0.472	18.25
930.8	-0.6496	-0.7807	-0.7246	-0.7252	-0.598	-0.5857	-0.6048	-0.5264	-0.4856	-0.539	-0.9586	-1.56	-2.06	-2.389	-3.28	-3.909	-3.618	-2.59	-1.688	-1.498	-0.9695	0.1756	0.7587	0.7844	0.5834	0.3564	0.1067	-0.2848	-0.4247	-0.4663	18.31
931.9	-0.5718	-0.6605	-0.5737	-0.5973	-0.6605	-0.6471	-0.5027	-0.4346	-0.4513	-0.5194	-0.883	-1.465	-1.988	-2.321	-3.263	-3.872	-3.66	-2.657	-1.787	-1.517	-1.058	0.07113	0.7432	0.7835	0.4815	0.356	0.01932	-0.2786	-0.4928	-0.5744	18.25
929.7	-0.5121	-0.5823	-0.5466	-0.7178	-0.6145	-0.596	-0.5292	-0.4922	-0.4711	-0.5111	-0.8104	-1.435	-1.957	-2.326	-3.271	-3.823	-3.587	-2.675	-1.735	-1.521	-1.038	0.05968	0.7507	0.7853	0.6475	0.41	0.01936	-0.297	-0.5215	-0.5757	18.25
926.5	-0.5139	-0.5964	-0.6667	-0.6832	-0.6206	-0.5932	-0.5736	-0.5681	-0.5706	-0.5129	-0.7195	-1.369	-1.911	-2.32	-3.198	-3.758	-3.57	-2.566	-1.628	-1.463	-1.008	0.1298	0.7474	0.788	0.5734	0.3514	0.07796	-0.2564	-0.5233	-0.5317	18.28
925.5	-0.5349	-0.581	-0.6349	-0.5891	-0.6054	-0.5651	-0.5232	-0.4944	-0.5562	-0.5612	-0.4766	-1.26	-1.866	-2.279	-3.189	-3.769	-3.551	-2.569	-1.709	-1.465	-0.9751	0.1066	0.7601	0.7783	0.574	0.3451	0.04875	-0.2627	-0.4548	-0.5381	18.2
925.5	-0.5676	-0.6291	-0.6226	-0.651	-0.5537	-0.642	-0.5572	-0.5207	-0.5261	-0.4848	-0.5954	-1.326	-1.878	-2.272	-3.195	-3.808	-3.551	-2.546	-1.653	-1.465	-0.9863	0.1183	0.7719	0.7783	0.625	0.3718	0.1806	-0.1913	-0.4548	-0.5093	18.22
919.1	-0.5428	-0.6173	-0.5899	-0.7012	-0.5735	-0.5255	-0.5954	-0.5199	-0.4918	-0.4978	-0.5743	-1.308	-1.855	-2.287	-3.374	-3.828	-3.646	-2.658	-1.778	-1.496	-1.106	0.1309	0.7624	0.7837	0.6679	0.3542	0.0786	-0.2405	-0.4719	-0.536	18.27
911.6	-0.5348	-0.5858	-0.5699	-0.6232	-0.5984	-0.5688	-0.5354	-0.533	-0.4767	-0.5407	-0.5854	-1.235	-1.858	-2.336	-3.29	-3.852	-3.593	-2.489	-1.735	-1.498	-0.9328	0.1556	0.7836	0.8117	0.518	0.3978	0.04949	-0.2606	-0.4617	-0.5521	18.27
907.4	-0.6039	-0.5722	-0.66	-0.664	-0.5404	-0.498	-0.5293	-0.5623	-0.4558	-0.5042	-0.518	-1.241	-1.843	-2.302	-3.239	-3.804	-3.598	-2.572	-1.732	-1.452	-0.9946	0.1683	0.7813	0.7938	0.5855	0.352	0.04973	-0.2618	-0.4216	-0.5429	18.27
903.1	-0.5733	-0.5134	-0.5543	-0.5656	-0.4491	-0.52	-0.5318	-0.5156	-0.5121	-0.4968	-0.5781	-1.286	-1.852	-2.298	-3.188	-3.842	-3.578	-2.597	-1.694	-1.448	-0.9647	0.1571	0.785	0.7431	0.5882	0.3058	0.04996	-0.2874	-0.4519	-0.5278	18.23
902	-0.5153	-0.5509	-0.5257	-0.5578	-0.515	-0.5798	-0.5979	-0.5432	-0.4817	-0.4974	-0.6493	-1.276	-1.878	-2.286	-3.212	-3.846	-3.577	-2.551	-1.626	-1.482	-0.9312	0.1573	0.792	0.733	0.5889	0.3678	0.1101	-0.2817	-0.495	-0.5284	18.25
902	-0.4483	-0.5016	-0.5089	-0.4985	-0.5272	-0.5551	-0.4931	-0.5207	-0.474	-0.517	-0.675	-1.31	-1.926	-2.278	-3.232	-3.826	-3.51	-2.551	-1.672	-1.31	-0.8389	0.1932	0.7859	0.733	0.602	0.3609	0.05002	-0.3122	-0.4666	-0.5639	18.27
905.2	-0.5051	-0.5531	-0.5572	-0.5263	-0.5009	-0.5728	-0.5871	-0.5591	-0.6187	-0.4566	-0.6406	-1.362	-1.89	-2.419	-3.26	-3.873	-3.618	-2.639	-1.678	-1.402	-0.9394	0.1925	0.8042	0.7957	0.5999	0.3665	0.09478	-0.2928	-0.5073	-0.5501	18.28
908.4	-0.545	-0.5226	-0.497	-0.5076	-0.4992	-0.6197	-0.624	-0.6106	-0.582	-0.5231	-0.6638	-1.318	-1.889	-2.314	-3.268	-3.833	-3.605	-2.545	-1.672	-1.418	-0.9361	0.18	0.7834	0.7929	0.5848	0.3584	0.04967	-0.2736	-0.5337	-0.554	18.28
909.5	-0.4654	-0.469	-0.5297	-0.5658	-0.616	-0.6044	-0.5886	-0.5076	-0.6235	-0.5906	-0.6058	-1.221	-1.845	-2.319	-3.356	-3.775	-3.488	-2.447	-1.613	-1.31	-0.8434	0.2866	0.7945	0.7703	0.5582	0.3852	0.09433	-0.2673	-0.4628	-0.5768	18.27
912.7	-0.4555	-0.5567	-0.5775	-0.5471	-0.4928	-0.5243	-0.6168	-0.6122	-0.6137	-0.5207	-0.6037	-1.278	-1.832	-2.281	-3.082	-3.755	-3.44	-2.367	-1.458	-1.178	-0.8405	0.2974	0.8575	0.8215	0.6079	0.3635	0.07915	-0.2663	-0.5172	-0.4989	18.31
918	-0.5434	-0.4889	-0.5042	-0.5398	-0.5421	-0.6423	-0.6218	-0.5646	-0.5037	-0.4213	-0.5687	-1.215	-1.822	-2.246	-3.175	-3.766	-3.568	-2.471	-1.677	-1.371	-0.9377	0.2134	0.8079	0.7524	0.5401	0.3614	0.004838	-0.2888	-0.5281	-0.5714	18.22
919.1	-0.5592	-0.5044	-0.5283	-0.5724	-0.6176	-0.5932	-0.5611	-0.4979	-0.6284	-0.4112	-0.6184	-1.225	-1.802	-2.251	-3.126	-3.742	-3.463	-2.445	-1.562	-1.338	-0.9479	0.2131	0.7743	0.7837	0.5652	0.3341	0.0786	-0.3423	-0.4858	-0.5882	18.28
924.4	-0.5887	-0.5456	-0.607	-0.5319	-0.5184	-0.5225	-0.5621	-0.5169	-0.5229	-0.5619	-0.4897	-1.223	-1.78	-2.179	-3.017	-3.603	-3.343	-2.384	-1.507	-1.32	-0.9086	0.1301	0.7374	0.8324	0.6895	0.3455	0.04881	-0.3225	-0.483	-0.5905	18.27
925.5	-0.5635	-0.577	-0.6063	-0.5313	-0.5019	-0.5123	-0.4976	-0.5469	-0.462	-0.4752	-0.5391	-1.266	-1.783	-2.264	-3.059	-3.723	-3.486	-2.546	-1.63	-1.486	-0.9751	0.1066	0.7542	0.7145	0.5613	0.3518	0.0341	-0.3518	-0.5515	-0.5899	18.28
924.4	-0.4783	-0.4935	-0.5089	-0.4865	-0.4905	-0.484	-0.5749	-0.495	-0.4286	-0.5141	-0.571	-1.251	-1.821	-2.201	-3.218	-3.74	-3.525	-2.596	-1.711	-1.488	-1.111	0.1068	0.7433	0.8537	0.7023	0.3388	0.09281	-0.2868	-0.4415	-0.5502	18.31
923.3	-0.4829	-0.5262	-0.4972	-0.4705	-0.5071	-0.6146	-0.5158	-0.4605	-0.5159	-0.4189	-0.6155	-1.219	-1.734	-2.167	-3.215	-3.738	-3.618	-2.634	-1.804	-1.573	-1.079	0.08349	0.7648	0.7907	0.5753	0.366	0.004811	-0.2752	-0.5112	-0.4989	18.28
923.3	-0.5689	-0.5141	-0.5422	-0.5036	-0.4831	-0.4605	-0.5585	-0.478	-0.4744	-0.4955	-0.5466	-1.136	-1.77	-2.182	-3.248	-3.81	-3.641	-2.693	-1.792	-1.552	-1.068	0.1069	0.7855	0.8334	0.5881	0.3526	0.03418	-0.2811	-0.442	-0.5278	18.31
924.4	-0.6132	-0.5737	-0.5865	-0.5608	-0.4866	-0.4792	-0.5536	-0.4906	-0.4399	-0.5428	-0.5272	-1.036	-1.732	-2.26	-3.419	-3.812	-3.619	-2.619	-1.835	-1.592	-1.044	0.1885	0.7521	0.8218	0.4726	0.3522	0.03414	-0.2868	-0.4691	-0.5329	18.27
925.5	-0.6003	-0.561	-0.5205	-0.4983	-0.5019	-0.4978	-0.5359	-0.4157	-0.4507	-0.437	-0.4641	-1.007	-1.701	-2.14	-3.079	-3.84	-3.674	-2.793	-1.856	-1.632	-1.121	0.07163	0.7896	0.7996	0.5995	0.3718	0.0341	-0.2567	-0.4962	-0.5553	18.27
927.6	-0.5581	-0.4918	-0.5071	-0.4971	-0.5047	-0.4727	-0.4965	-0.5238	-0.4045	-0.5123	-0.5067	-0.9993	-1.709	-2.114	-2.884	-3.825	-3.718	-2.739	-1.829	-1.597	-1.085	0.1064	0.8025	0.8508	0.56	0.3643	0.1071	-0.2621	-0.5227	-0.5311	18.31
928.7	-0.5046	-0.5032	-0.5187	-0.55	-0.4923	-0.5057	-0.4789	-0.4666	-0.4717	-0.5022	-0.5061	-1.037	-1.683	-2.169	-3.306	-3.847	-3.679	-2.76	-1.827	-1.648	-1.162	0.1063	0.7869	0.7968	0.6229	0.3107	0.06318	-0.2973	-0.5083	-0.519	18.3
927.6	-0.4359	-0.4678	-0.5193	-0.5218	-0.469	-0.4344	-0.4455	-0.4758	-0.4872	-0.5504	-0.6065	-1.082	-1.726	-2.164	-2.813	-3.851	-3.718	-2.798	-1.84	-1.629	-1.175	0.00161	0.7554	0.8402	0.6109	0.371	0.03402	-0.2502	-0.5365	-0.5081	18.28
925.5	-0.4288	-0.4849	-0.4838	-0.4612	-0.4024	-0.4882	-0.5402	-0.5513	-0.4733	-0.5039	-0.5641	-1.101	-1.654	-2.184	-3.201	-3.827	-3.674	-2.769	-1.867	-1.653	-1.178	0.05996	0.7395	0.8421	0.625	0.3651	0.0634	-0.2864	-0.4824	-0.4978	18.25
925.5	-0.4124	-0.4089	-0.4062	-0.5189	-0.5099	-0.5507	-0.5657	-0.4901	-0.4997	-0.5804	-0.5641	-1.106	-1.736	-2.242	-3.24	-3.814	-3.639	-2.757	-1.822	-1.632	-1.155	0.03662	0.71	0.7357	0.574	0.3518	0.04875	-0.3102	-0.5101	-0.4978	18.25
925.5	-0.3675	-0.4529	-0.5369	-0.6551	-0.5855	-0.5267	-0.4721	-0.4726	-0.4582	-0.4657	-0.5141	-1.106	-1.707	-2.242	-3.447	-3.801	-3.621	-2.757	-1.845	-1.601	-1.11	-0.03339	0.7277	0.7889	0.676	0.4252	0.0341	-0.2627	-0.5515	-0.4805	18.31
924.4	-0.4292	-0.5015	-0.5252	-0.5319	-0.5184	-0.4792	-0.4982	-0.4775	-0.4738	-0.4949	-0.4521	-1.047	-1.709	-2.208	-3.16	-3.786	-3.614	-2.666	-1.734	-1.53	-1.044	0.1068	0.7994	0.7579	0.5492	0.3789	0.04881	-0.2689	-0.4691	-0.556	18.31
922.3	-0.4794	-0.5147	-0.465	-0.4876	-0.5596	-0.5767	-0.5463	-0.4961	-0.4749	-0.4865	-0.4845	-0.9554	-1.666	-2.126	-3.29	-3.775	-3.693	-2.743	-1.851	-1.628	-1.125	0.03675	0.7627	0.845	0.6144	0.3597	0.06362	-0.2636	-0.498	-0.5226	18.27
923.3	-0.3847	-0.4499	-0.4849	-0.487	-0.531	-0.4797	-0.4476	-0.4386	-0.5159	-0.4763	-0.5153	-0.9377	-1.628	-2.065	-2.963	-3.797	-3.688	-2.74	-1.894	-1.615	-1.169	0.08349	0.75	0.8334	0.5881	0.3861	0.004811	-0.2633	-0.4835	-0.4816	18.35
922.3	-0.5163	-0.5027	-0.4691	-0.4255	-0.3958	-0.3983	-0.5036	-0.5137	-0.4749	-0.4961	-0.5033	-0.9443	-1.618	-2.111	-3.031	-3.762	-3.61	-2.708	-1.851	-1.617	-1.114	0.06016	0.7568	0.9197	0.6016	0.3731	0.09303	-0.2636	-0.4841	-0.5342	18.1
923.3	-0.4707	-0.474	-0.4031	-0.425	-0.4552	-0.552	-0.5713	-0.4912	-0.4517	-0.5338	-0.4902	-0.9874	-1.581	-2.014	-2.911	-3.718	-3.576	-2.587	-1.736	-1.531	-1.113	0.1069	0.7619	0.844	0.6137	0.3928	0.07823	-0.2454	-0.4835	-0.5162	18.23
919.1	-0.44	-0.448	-0.4296	-0.4851	-0.5054	-0.4916	-0.5525	-0.4538	-0.5069	-0.5074	-0.4988	-0.992	-1.648	-2.148	-3.829	-3.769	-3.611	-2.682	-1.778	-1.591	-1.073	0.09562	0.7802	0.8051	0.5652	0.3744	0.04909	-0.2405	-0.444	-0.4954	18.3
917	-0.4575	-0.5581	-0.5583	-0.5154	-0.4986	-0.4394	-0.601	-0.6403	-0.5462	-0.5182	-0.5693	-0.9943	-1.663	-2.167	-3.323	-3.784	-3.601	-2.676	-1.782	-1.542	-1.064	0.07229	0.785	0.8285	0.6823	0.3618	0.07878	-0.2531	-0.3753	-0.4617	18.27
917	-0.4698	-0.542	-0.5048	-0.4821	-0.4865	-0.5704	-0.5366	-0.499	-0.5728	-0.5472	-0.5504	-1.033	-1.675	-2.138	-3.558	-3.797	-3.619	-2.629	-1.85	-1.521	-1.052	0.09585	0.7731	0.8499	0.6179	0.4292	0.06399	-0.2411	-0.473	-0.5721	18.28
918	-0.4652	-0.4848	-0.5248	-0.5606	-0.5582	-0.5406	-0.5531	-0.5954	-0.5987	-0.4984	-0.5435	-1.065	-1.661	-2.261	-3.019	-3.812	-3.627	-2.661	-1.803	-1.614	-1.085	0.04868	0.7217	0.8061	0.5787	0.3546	0.04915	-0.2768	-0.4724	-0.5888	18.25
917	-0.4657	-0.5258	-0.5913	-0.5945	-0.599	-0.6091	-0.5452	-0.499	-0.5424	-0.5954	-0.5504	-0.8553	-1.556	-2.131	-3.466	-3.784	-3.625	-2.688	-1.793	-1.595	-1.075	0.1076	0.791	0.807	0.6565	0.3888	0.07878	-0.2651	-0.4311	-0.5024	18.27
919.1	-0.5428	-0.577	-0.5447	-0.6098	-0.5295	-0.5594	-0.5396	-0.5331	-0.4804	-0.4304	-0.5051	-0.7924	-1.6	-2.126	-2.924	-3.821	-3.599	-2.646	-1.698	-1.538	-0.9932	0.1426	0.7951	0.7409	0.5908	0.3744	0.1081	-0.2346	-0.4997	-0.5302	18.15
924.4	-0.556	-0.5857	-0.562	-0.5608	-0.5822	-0.6235	-0.5706	-0.4731	-0.5531	-0.5523	-0.5147	-0.8209	-1.567	-2.15	-3.322	-3.825	-3.678	-2.714	-1.79	-1.561	-1.044	0.1301	0.8141	0.8431	0.613	0.3789	0.004805	-0.2927	-0.4691	-0.5617	18.3
928.7	-0.4517	-0.4913	-0.4943	-0.5459	-0.5597	-0.544	-0.5044	-0.5407	-0.4792	-0.5403	-0.5497	-0.9049	-1.654	-2.176	-3.268	-3.821	-3.579	-2.596	-1.703	-1.523	-0.9717	0.1644	0.7869	0.7756	0.6102	0.3639	0.1362	-0.2084	-0.4808	-0.5247	18.17
934	-0.5219	-0.4924	-0.4996	-0.5183	-0.5486	-0.5361	-0.5395	-0.5463	-0.4989	-0.5372	-0.528	-1.036	-1.697	-2.179	-2.64	-3.825	-3.664	-2.721	-1.738	-1.535	-1.078	0.1403	0.7941	0.8344	0.6572	0.3618	0.03379	-0.2426	-0.4917	-0.5275	18.25
936.1	-0.5248	-0.5111	-0.4904	-0.4967	-0.4883	-0.5017	-0.614	-0.558	-0.5014	-0.4698	-0.4897	-1.012	-1.687	-2.087	-3.229	-3.881	-3.65	-2.726	-1.824	-1.583	-1.097	0.04774	0.7952	0.8641	0.6053	0.3676	0.1061	-0.2891	-0.4496	-0.5206	18.35
940.4	-0.4782	-0.4733	-0.4842	-0.4904	-0.537	-0.5987	-0.5903	-0.5598	-0.3768	-0.59	-0.4198	-1.045	-1.738	-2.236	-3.125	-3.889	-3.685	-2.748	-1.826	-1.576	-1.048	0.1049	0.7974	0.8183	0.6026	0.3856	0.07682	-0.2526	-0.4748	-0.5522	18.27
939.3	-0.5109	-0.4817	-0.4123	-0.5153	-0.5337	-0.623	-0.4693	-0.4139	-0.4626	-0.4871	-0.5004	-1.101	-1.78	-2.188	-3.32	-3.887	-3.678	-2.798	-1.829	-1.619	-1.094	0.08207	0.7838	0.8507	0.6786	0.3729	0.0769	-0.2471	-0.3664	-0.5698	18.25
940.4	-0.4903	-0.4379	-0.5525	-0.5351	-0.5566	-0.4569	-0.4227	-0.5296	-0.5697	-0.4395	-0.4629	-1.078	-1.755	-2.228	-3.1	-3.966	-3.76	-2.818	-1.871	-1.668	-1.126	0.08197	0.8061	0.9125	0.6402	0.3922	0.1633	-0.2526	-0.4612	-0.5522	18.28
943.6	-0.5126	-0.5149	-0.5266	-0.4847	-0.4064	-0.4412	-0.5966	-0.5364	-0.5345	-0.4942	-0.5226	-1.026	-1.79	-2.199	-2.988	-3.895	-3.725	-2.785	-1.876	-1.704	-1.1	0.09314	0.7629	0.7425	0.6255	0.345	0.04782	-0.2693	-0.4596	-0.5334	18.22
945.7	-0.4635	-0.4393	-0.4774	-0.5078	-0.5418	-0.6047	-0.5619	-0.5053	-0.43	-0.4557	-0.4358	-1.023	-1.751	-2.273	-3.234	-3.867	-3.71	-2.779	-1.871	-1.659	-1.174	0.04726	0.7467	0.8033	0.6366	0.3835	0.1051	-0.2454	-0.4586	-0.504	18.3
945.7	-0.3996	-0.4432	-0.5374	-0.6088	-0.6392	-0.5671	-0.5911	-0.5224	-0.5037	-0.4838	-0.5092	-1.039	-1.745	-2.216	-3.12	-3.931	-3.779	-2.802	-1.938	-1.618	-1.185	0.08151	0.79	0.8449	0.5617	0.39	0.06205	-0.228	-0.3098	-0.459	18.23
942.5	-0.5012	-0.5548	-0.5833	-0.546	-0.5554	-0.5502	-0.6558	-0.5198	-0.524	-0.4854	-0.5232	-0.9835	-1.711	-2.202	-3.556	-3.918	-3.775	-2.765	-1.978	-1.623	-1.167	0.1162	0.7956	0.8687	0.6638	0.4438	0.1198	-0.2404	-0.4059	-0.4662	18.28
935.1	-0.5092	-0.5671	-0.5637	-0.5708	-0.5598	-0.5498	-0.5136	-0.4634	-0.4722	-0.5082	-0.5521	-0.9478	-1.684	-2.234	-3.201	-3.853	-3.753	-2.787	-1.982	-1.626	-1.154	0.09399	0.7611	0.8756	0.6312	0.4011	0.06275	-0.2364	-0.4775	-0.5041	18.3
932.9	-0.4496	-0.5605	-0.5609	-0.5189	-0.4505	-0.37	-0.4894	-0.5555	-0.4396	-0.4714	-0.4914	-0.9499	-1.711	-2.159	-3.381	-3.887	-3.744	-2.84	-1.919	-1.682	-1.213	0.03633	0.7452	0.8248	0.6327	0.3887	0.09196	-0.29	-0.506	-0.5281	18.17
931.9	-0.4501	-0.4776	-0.444	-0.4498	-0.4511	-0.5326	-0.5238	-0.478	-0.4925	-0.5194	-0.4919	-1.006	-1.683	-2.169	-3.231	-3.872	-3.73	-2.762	-1.866	-1.694	-1.125	0.04796	0.7842	0.7941	0.6714	0.4024	0.1357	-0.2136	-0.4928	-0.5115	18.35
924.4	-0.4497	-0.5015	-0.4966	-0.4989	-0.5264	-0.5128	-0.4854	-0.4556	-0.504	-0.5428	-0.5084	-1.03	-1.709	-2.238	-3.309	-3.851	-3.725	-2.89	-1.948	-1.75	-1.168	0.04834	0.7521	0.8537	0.7023	0.4057	0.07814	-0.2451	-0.4968	-0.5214	18.28
919.1	-0.4153	-0.5407	-0.5159	-0.5142	-0.4774	-0.4674	-0.5525	-0.5023	-0.45	-0.4304	-0.5366	-0.992	-1.713	-2.155	-3.282	-3.926	-3.806	-2.919	-1.994	-1.781	-1.22	-0.1394	0.7713	0.8587	0.6935	0.4215	0.1229	-0.2705	-0.4579	-0.5244	18.27
915.9	-0.5281	-0.5062	-0.4765	-0.5077	-0.4951	-0.5176	-0.4899	-0.4554	-0.5658	-0.4609	-0.6332	-1.012	-1.737	-2.177	-3.261	-3.96	-3.873	-2.929	-2.035	-1.745	-1.292	0.01342	0.7502	0.8724	0.696	0.4162	0.09368	-0.2174	-0.5014	-0.5262	18.25
912.7	-0.472	-0.4958	-0.5485	-0.4927	-0.4646	-0.4853	-0.6211	-0.5546	-0.499	-0.5207	-0.591	-1.06	-1.755	-2.192	-3.594	-3.954	-3.791	-2.748	-1.916	-1.645	-1.194	0.04896	0.7707	0.8431	0.6208	0.3906	0.04944	-0.2663	-0.4752	-0.5573	18.3
908.4	-0.4493	-0.441	-0.4388	-0.5329	-0.5438	-0.5855	-0.4939	-0.4725	-0.4899	-0.4744	-0.5492	-1.037	-1.769	-2.24	-3.492	-3.926	-3.767	-2.761	-1.856	-1.62	-1.177	0.04919	0.7473	0.8471	0.6887	0.3856	0.09444	-0.2555	-0.5196	-0.513	18.28
906.3	-0.4378	-0.487	-0.5065	-0.5257	-0.5207	-0.474	-0.4777	-0.5272	-0.5141	-0.6512	-0.6016	-1.118	-1.803	-2.312	-3.19	-4.008	-3.86	-2.936	-2.01	-1.71	-1.214	0.001648	0.7491	0.8273	0.6512	0.3729	0.04978	-0.2682	-0.4221	-0.4613	18.25
898.8	-0.4751	-0.5364	-0.5318	-0.5131	-0.4717	-0.473	-0.5562	-0.5991	-0.5339	-0.4598	-0.5486	-1.162	-1.812	-2.361	-2.784	-4.048	-3.801	-2.803	-1.841	-1.616	-1.143	0.09778	0.8191	0.889	0.6304	0.4172	0.1105	-0.2582	-0.454	-0.5303	18.3
901	-0.4153	-0.4735	-0.4802	-0.4779	-0.5278	-0.5459	-0.603	-0.4585	-0.5055	-0.5373	-0.4896	-1.227	-1.832	-2.311	-3.262	-3.945	-3.738	-2.7	-1.825	-1.548	-1.048	0.1215	0.805	0.8322	0.6682	0.4162	0.06513	-0.2515	-0.4388	-0.5054	18.23
904.2	-0.4138	-0.4595	-0.5453	-0.5861	-0.6359	-0.5538	-0.4963	-0.4927	-0.442	-0.5549	-0.5966	-1.234	-1.886	-2.258	-3.37	-3.978	-3.809	-2.822	-1.981	-1.692	-1.171	0.08526	0.7569	0.8619	0.6136	0.4489	0.1549	-0.2384	-0.4655	-0.4624	18.25
908.4	-0.545	-0.5756	-0.5927	-0.5875	-0.5113	-0.4778	-0.4679	-0.4547	-0.5628	-0.5036	-0.5556	-1.228	-1.847	-2.292	-3.472	-4.005	-3.869	-2.881	-1.96	-1.727	-1.188	0.03731	0.7834	0.8904	0.6757	0.406	0.1094	-0.2434	-0.4211	-0.554	18.31
913.8	-0.579	-0.5277	-0.4983	-0.4378	-0.4277	-0.475	-0.5557	-0.5451	-0.4946	-0.5201	-0.5587	-1.143	-1.836	-2.308	-3.518	-3.969	-3.781	-2.876	-1.903	-1.675	-1.136	0.03709	0.7489	0.7883	0.6072	0.3428	0.06422	-0.26	-0.4326	-0.5624	18.23
920.1	-0.4764	-0.4515	-0.3921	-0.4431	-0.5368	-0.549	-0.4449	-0.4313	-0.4912	-0.5741	-0.4982	-1.157	-1.812	-2.255	-3.279	-3.954	-3.784	-2.833	-1.923	-1.768	-1.139	0.02509	0.7704	0.8684	0.6158	0.3941	0.1817	-0.2403	-0.4157	-0.5296	18.12
921.2	-0.4471	-0.4309	-0.4778	-0.5006	-0.4523	-0.4519	-0.4999	-0.466	-0.4944	-0.4774	-0.4474	-1.145	-1.809	-2.209	-3.405	-3.937	-3.697	-2.794	-1.876	-1.651	-1.24	0.07196	0.7547	0.846	0.6279	0.3937	0.09313	-0.24	-0.4152	-0.4538	18.25
918	-0.4816	-0.4969	-0.5248	-0.4857	-0.5301	-0.5309	-0.6089	-0.6263	-0.4923	-0.508	-0.4616	-1.121	-1.804	-2.187	-3.195	-3.918	-3.775	-2.875	-1.962	-1.762	-1.221	-0.04543	0.7425	0.8061	0.6301	0.4018	0.06392	-0.2648	-0.4863	-0.5018	18.27
921.2	-0.5415	-0.459	-0.4942	-0.5338	-0.5802	-0.6256	-0.6196	-0.4616	-0.4831	-0.535	-0.4976	-1.023	-1.738	-2.172	-2.982	-3.937	-3.738	-2.865	-1.887	-1.693	-1.138	0.02507	0.7636	0.8674	0.7175	0.387	0.09313	-0.2519	-0.3597	-0.477	18.3
932.9	-0.4942	-0.5406	-0.5771	-0.6335	-0.6163	-0.5272	-0.5021	-0.5339	-0.4508	-0.5473	-0.5534	-1.059	-1.705	-2.188	-3.837	-3.9	-3.755	-2.829	-2.02	-1.734	-1.213	0.01318	0.7189	0.7932	0.62	0.4218	0.2228	-0.2547	-0.4649	-0.4653	18.28
939.3	-0.515	-0.5961	-0.5933	-0.5194	-0.4945	-0.4574	-0.4609	-0.5345	-0.4366	-0.5436	-0.5558	-0.9381	-1.711	-2.159	-3.505	-3.809	-3.637	-2.775	-1.873	-1.619	-1.083	-0.009907	0.7082	0.7773	0.666	0.3795	0.09134	-0.2295	-0.4345	-0.5075	18.27
944.6	-0.5281	-0.5143	-0.522	-0.4639	-0.4294	-0.483	-0.4959	-0.5401	-0.46	-0.4656	-0.5037	-0.9382	-1.632	-2.09	-3.232	-3.807	-3.669	-2.794	-1.929	-1.681	-1.165	-0.009851	0.6984	0.8042	0.6123	0.397	0.1052	-0.2457	-0.4456	-0.5102	18.25
950	-0.4336	-0.4958	-0.4753	-0.5216	-0.5239	-0.4897	-0.4807	-0.4434	-0.5309	-0.5468	-0.4826	-0.8578	-1.6	-2.114	-3.138	-3.786	-3.665	-2.778	-1.896	-1.641	-1.202	-0.02116	0.7032	0.7997	0.6337	0.3622	0.07604	-0.2443	-0.5238	-0.513	18.23
948.9	-0.4739	-0.473	-0.4639	-0.5423	-0.5012	-0.5277	-0.5642	-0.6016	-0.4359	-0.5008	-0.4953	-0.7997	-1.636	-2.151	-3.23	-3.739	-3.601	-2.735	-1.832	-1.643	-1.127	0.01295	0.7097	0.811	0.6593	0.3627	0.07613	-0.262	-0.3492	-0.5472	18.28
947.8	-0.4186	-0.5204	-0.5003	-0.5429	-0.5639	-0.5518	-0.5025	-0.4572	-0.5505	-0.5667	-0.6057	-0.8974	-1.667	-2.161	-3.221	-3.801	-3.593	-2.681	-1.768	-1.471	-1.117	0.04715	0.7393	0.7703	0.5729	0.3761	-0.02392	-0.2449	-0.4845	-0.4973	18.28
943.6	-0.4526	-0.5699	-0.5866	-0.5697	-0.5508	-0.526	-0.5799	-0.5064	-0.5049	-0.513	-0.5288	-0.9338	-1.732	-2.206	-3.286	-3.741	-3.552	-2.658	-1.798	-1.499	-1.001	0.03592	0.7311	0.7634	0.638	0.3647	0.06219	-0.2576	-0.4596	-0.4882	18.27
942.5	-0.5092	-0.4958	-0.4991	-0.4974	-0.4889	-0.5077	-0.4761	-0.4554	-0.5758	-0.4104	-0.4557	-0.9673	-1.699	-2.245	-3.042	-3.752	-3.567	-2.592	-1.734	-1.51	-1.024	0.08179	0.7522	0.7851	0.6012	0.3782	0.07664	-0.2462	-0.4873	-0.5001	18.31
943.6	-0.4566	-0.511	-0.4785	-0.4806	-0.4767	-0.4129	-0.5465	-0.545	-0.4679	-0.5224	-0.633	-1.009	-1.738	-2.257	-3.216	-3.741	-3.546	-2.601	-1.754	-1.478	-1.056	0.07025	0.7311	0.7634	0.5755	0.3516	0.06219	-0.2518	-0.5274	-0.539	18.25
940.4	-0.43	-0.4379	-0.4078	-0.4173	-0.5331	-0.6412	-0.5526	-0.4091	-0.4918	-0.5147	-0.5121	-1.116	-1.744	-2.149	-3.036	-3.747	-3.494	-2.528	-1.715	-1.462	-0.9818	0.1394	0.751	0.766	0.6402	0.4251	0.09124	-0.2585	-0.4612	-0.5295	18.31
935.1	-0.4001	-0.4602	-0.4586	-0.583	-0.5519	-0.5308	-0.5009	-0.537	-0.4722	-0.565	-0.5954	-1.209	-1.829	-2.212	-3.207	-3.827	-3.555	-2.589	-1.636	-1.46	-0.9762	0.1286	0.7757	0.8229	0.5555	0.3812	-0.1113	-0.2659	-0.4912	-0.5098	18.28
931.9	-0.3772	-0.5254	-0.5697	-0.5481	-0.5024	-0.5803	-0.6126	-0.5171	-0.4588	-0.5479	-0.6347	-1.268	-1.847	-2.249	-3.244	-3.833	-3.608	-2.552	-1.686	-1.455	-0.9461	0.1523	0.7695	0.773	0.6207	0.3958	0.04842	-0.2609	-0.3968	-0.4544	18.3
928.7	-0.4802	-0.4873	-0.5757	-0.5829	-0.528	-0.4866	-0.5298	-0.5189	-0.5543	-0.445	-0.5746	-1.338	-1.901	-2.416	-3.203	-3.879	-3.638	-2.642	-1.714	-1.502	-1.005	0.09464	0.7634	0.8074	0.572	0.3772	0.07779	-0.2321	-0.4257	-0.4674	18.3
923.3	-0.4502	-0.5543	-0.5258	-0.4664	-0.535	-0.5568	-0.5755	-0.5	-0.5348	-0.4572	-0.7659	-1.363	-1.959	-2.401	-3.364	-3.954	-3.724	-2.776	-1.826	-1.605	-1.135	0.07179	0.7293	0.8121	0.5115	0.366	0.04887	-0.2394	-0.3866	-0.4874	18.27
918	-0.4322	-0.5212	-0.5248	-0.5523	-0.5421	-0.5164	-0.5574	-0.472	-0.5569	-0.5465	-0.7262	-1.382	-1.952	-2.334	-3.443	-4.029	-3.757	-2.744	-1.86	-1.561	-1.062	0.09573	0.7395	0.8061	0.6172	0.4152	0.07869	-0.2588	-0.4167	-0.496	18.33
914.8	-0.3842	-0.523	-0.5101	-0.5291	-0.5843	-0.5425	-0.5422	-0.5356	-0.5627	-0.5581	-0.6465	-1.375	-2.001	-2.431	-3.455	-4.063	-3.847	-2.873	-1.889	-1.704	-1.18	0.03705	0.7272	0.8089	0.5678	0.3694	0.0345	-0.2417	-0.4741	-0.4745	18.27
911.6	-0.514	-0.6061	-0.6072	-0.5645	-0.5944	-0.5688	-0.5786	-0.5685	-0.5647	-0.5116	-0.7123	-1.386	-1.996	-2.439	-3.539	-4.15	-3.968	-2.931	-1.999	-1.753	-1.253	0.04902	0.7357	0.8225	0.6216	0.3978	0.03462	-0.2304	-0.3775	-0.4761	18.28
912.7	-0.3768	-0.5486	-0.623	-0.4885	-0.4605	-0.4853	-0.7333	-0.6299	-0.5143	-0.6272	-0.6861	-1.395	-2.011	-2.481	-3.482	-4.172	-3.916	-2.903	-1.962	-1.772	-1.217	0.0253	0.7468	0.8215	0.6338	0.3703	0.094	-0.2663	-0.4191	-0.4406	18.33
918	-0.3705	-0.5212	-0.426	-0.4067	-0.5862	-0.7973	-0.5531	-0.6571	-0.5493	-0.5273	-0.5939	-1.365	-2.029	-2.511	-3.795	-4.174	-3.947	-2.97	-2.019	-1.751	-1.21	-0.04543	0.7484	0.8275	0.6044	0.4018	0.01961	-0.2228	-0.3749	-0.3858	18.23
922.3	-0.4016	-0.3701	-0.4404	-0.6118	-0.7033	-0.6683	-0.683	-0.5927	-0.5128	-0.5824	-0.7229	-1.403	-2.026	-2.448	-3.849	-4.207	-3.958	-2.909	-1.93	-1.806	-1.238	0.04846	0.7361	0.8237	0.6144	0.3396	0.1224	-0.2516	-0.4148	-0.4533	18.33
924.4	-0.4333	-0.5055	-0.607	-0.6724	-0.6818	-0.6138	-0.5706	-0.5169	-0.5606	-0.5715	-0.6899	-1.433	-2.039	-2.508	-3.594	-4.132	-3.972	-2.973	-2.062	-1.865	-1.269	0.001615	0.7433	0.8005	0.6257	0.3856	0.09281	-0.2332	-0.4	-0.4119	18.27
925.5	-0.5268	-0.6091	-0.6553	-0.6633	-0.6332	-0.5939	-0.5827	-0.5425	-0.4469	-0.5995	-0.6704	-1.376	-2.066	-2.512	-3.512	-4.186	-4.009	-3.028	-2.116	-1.863	-1.324	-0.04506	0.7188	0.8315	0.625	0.4052	0.04875	-0.2151	-0.3995	-0.4575	18.22
927.6	-0.5622	-0.7235	-0.6782	-0.6906	-0.6278	-0.5446	-0.5389	-0.5151	-0.5361	-0.5886	-0.6002	-1.362	-2.032	-2.448	-3.639	-4.209	-4.035	-3.045	-2.1	-1.858	-1.388	-0.02167	0.7142	0.8614	0.56	0.391	0.1217	-0.2087	-0.4537	-0.4105	18.25
931.9	-0.4988	-0.4776	-0.6346	-0.5809	-0.5103	-0.5326	-0.5492	-0.6213	-0.5749	-0.6618	-0.6099	-1.372	-2.011	-2.538	-3.873	-4.235	-4.028	-3.089	-2.135	-1.86	-1.304	-0.1143	0.7022	0.7941	0.6967	0.3759	0.07752	-0.2077	-0.4654	-0.4715	18.2
930.8	-0.4953	-0.5697	-0.5906	-0.5324	-0.6019	-0.6956	-0.664	-0.6133	-0.5793	-0.539	-0.71	-1.363	-2.048	-2.44	-3.678	-4.221	-4.015	-3.034	-2.092	-1.852	-1.283	-0.1028	0.7382	0.8267	0.6214	0.3896	0.1504	-0.2316	-0.3697	-0.472	18.33
934	-0.5665	-0.5757	-0.6048	-0.6328	-0.663	-0.6885	-0.6069	-0.6372	-0.5735	-0.594	-0.6333	-1.456	-2.047	-2.496	-3.435	-4.213	-3.995	-3.035	-2.074	-1.815	-1.278	-0.02153	0.721	0.8028	0.6067	0.3684	0.1064	-0.2308	-0.3822	-0.4533	18.27
932.9	-0.5185	-0.6876	-0.889	-0.7686	-0.7387	-0.7178	-0.6499	-0.5686	-0.5779	-0.6516	-0.6712	-1.431	-2.079	-2.521	-3.542	-4.256	-4.052	-3.016	-2.099	-1.806	-1.269	0.0479	0.7599	0.7932	0.6453	0.3556	0.1356	-0.2134	-0.3963	-0.4767	18.27
925.5	-0.6125	-0.7612	-0.7206	-0.8036	-0.6691	-0.6324	-0.6168	-0.6825	-0.5864	-0.6855	-0.6704	-1.492	-2.095	-2.556	-3.421	-4.193	-3.938	-2.922	-1.98	-1.706	-1.178	0.03662	0.7277	0.8421	0.6378	0.3985	0.07805	-0.2092	-0.3857	-0.4978	18.27
924.4	-0.5846	-0.5657	-0.6478	-0.6187	-0.5543	-0.6475	-0.626	-0.6351	-0.5682	-0.6193	-0.7963	-1.576	-2.151	-2.595	-3.555	-4.217	-3.943	-2.902	-1.982	-1.697	-1.19	0.03666	0.7551	0.7898	0.613	0.3723	0.004805	-0.2451	-0.4691	-0.4695	18.25
927.6	-0.5418	-0.6356	-0.613	-0.5301	-0.5167	-0.5878	-0.5687	-0.6634	-0.5587	-0.579	-0.806	-1.532	-2.132	-2.492	-3.53	-4.196	-3.906	-2.869	-1.942	-1.67	-1.164	0.02489	0.7642	0.7765	0.6363	0.4176	0.1217	-0.2502	-0.4262	-0.5024	18.35
934	-0.5341	-0.6194	-0.6007	-0.5673	-0.5368	-0.6218	-0.5943	-0.6286	-0.5549	-0.6224	-0.8748	-1.549	-2.111	-2.612	-3.518	-4.167	-3.891	-2.802	-1.973	-1.721	-1.2	0.02472	0.7356	0.8344	0.493	0.3949	0.03379	-0.272	-0.4643	-0.4932	18.3
930.8	-0.5928	-0.5498	-0.5379	-0.5775	-0.6098	-0.6287	-0.5498	-0.7133	-0.6017	-0.558	-0.9089	-1.587	-2.136	-2.636	-3.421	-4.246	-3.998	-2.917	-2.081	-1.81	-1.272	0.03641	0.7411	0.8267	0.6214	0.383	0.09218	-0.2316	-0.4384	-0.4949	18.28
923.3	-0.6589	-0.5543	-0.5217	-0.5491	-0.6746	-0.682	-0.6481	-0.5438	-0.5726	-0.6871	-0.8974	-1.55	-2.153	-2.642	-4.006	-4.333	-4.083	-3.035	-2.109	-1.835	-1.259	-0.04517	0.7382	0.8334	0.652	0.4128	0.07823	-0.2096	-0.4143	-0.5278	18.25
914.8	-0.3966	-0.4096	-0.539	-0.6919	-0.7131	-0.7369	-0.6972	-0.7258	-0.719	-0.6161	-0.8995	-1.632	-2.179	-2.667	-3.873	-4.367	-4.103	-3.063	-2.14	-1.863	-1.294	-0.01017	0.7361	0.8411	0.6194	0.4234	0.004855	-0.2356	-0.4321	-0.4628	18.15
912.7	-0.3851	-0.4755	-0.5692	-0.6182	-0.739	-0.8848	-0.8628	-0.7186	-0.7207	-0.6176	-0.7114	-1.568	-2.19	-2.703	-3.718	-4.397	-4.196	-3.13	-2.168	-1.846	-1.228	-0.05752	0.7648	0.9186	0.7242	0.4109	0.1237	-0.2603	-0.3771	-0.4231	18.3
908.4	-0.3827	-0.4777	-0.5927	-0.8313	-0.7911	-0.8057	-0.7888	-0.7621	-0.6972	-0.6983	-0.7657	-1.57	-2.201	-2.7	-3.743	-4.444	-4.21	-3.133	-2.259	-1.983	-1.36	0.001644	0.7263	0.8471	0.6367	0.4128	0.06459	-0.207	-0.5337	-0.4133	18.27
910.6	-0.4482	-0.615	-0.7739	-0.7581	-0.7002	-0.6476	-0.735	-0.6759	-0.6688	-0.6773	-0.8719	-1.494	-2.214	-2.679	-3.97	-4.487	-4.265	-3.269	-2.277	-2.021	-1.437	-0.1288	0.7456	0.8991	0.6482	0.4186	0.09422	-0.2065	-0.392	-0.4591	18.25
912.7	-0.6418	-0.6704	-0.6686	-0.6433	-0.4605	-0.7191	-0.6556	-0.7807	-0.6366	-0.7145	-0.8572	-1.552	-2.196	-2.732	-3.837	-4.45	-4.22	-3.202	-2.237	-1.974	-1.388	-0.09302	0.7319	0.8431	0.6855	0.4177	0.1089	-0.2121	-0.4051	-0.4814	18.25
917	-0.5646	-0.6955	-0.6078	-0.5779	-0.7235	-0.6673	-0.6869	-0.702	-0.5538	-0.6533	-0.7271	-1.505	-2.151	-2.616	-3.577	-4.39	-4.141	-3.151	-2.135	-1.986	-1.359	-0.1161	0.7106	0.7426	0.6437	0.4157	0.1379	-0.2351	-0.473	-0.5256	18.28
914.8	-0.6155	-0.5918	-0.6175	-0.6001	-0.6809	-0.6543	-0.4001	-0.6683	-0.6351	-0.6065	-0.6908	-1.52	-2.168	-2.623	-3.644	-4.347	-4.156	-3.135	-2.175	-1.948	-1.442	-0.09281	0.6914	0.8949	0.7483	0.4234	0.1382	-0.1996	-0.4181	-0.5152	18.3
915.9	-0.6107	-0.575	-0.6085	-0.5619	-0.6238	-0.6438	-0.5845	-0.6543	-0.6268	-0.5864	-0.6711	-1.513	-2.088	-2.575	-3.817	-4.342	-4.116	-3.226	-2.161	-1.935	-1.372	-0.0927	0.7591	0.8079	0.6444	0.4162	0.1085	-0.2474	-0.5154	-0.5495	18.3
915.9	-0.6024	-0.5831	-0.5549	-0.687	-0.6037	-0.5807	-0.6576	-0.6322	-0.6192	-0.5768	-0.6332	-1.418	-2.111	-2.583	-3.797	-4.335	-4.128	-3.119	-2.149	-1.914	-1.36	-0.08091	0.7174	0.8832	0.6444	0.4095	0.09368	-0.2113	-0.4456	-0.5204	18.27
918	-0.5146	-0.7472	-0.5453	-0.623	-0.6544	-0.6714	-0.6904	-0.5822	-0.5835	-0.5658	-0.6947	-1.387	-2.041	-2.533	-3.521	-4.299	-4.083	-3.112	-2.167	-1.93	-1.369	-0.05719	0.7246	0.8489	0.6558	0.4152	0.04915	-0.2228	-0.4167	-0.4322	18.41
920.1	-0.5421	-0.5522	-0.5851	-0.6091	-0.6529	-0.6263	-0.6161	-0.6468	-0.5139	-0.6318	-0.6302	-1.295	-2.001	-2.497	-3.552	-4.302	-4.079	-3.128	-2.128	-1.916	-1.331	-0.09227	0.7378	0.7721	0.6158	0.4008	0.1374	-0.2582	-0.4574	-0.4833	18.31
923.3	-0.5075	-0.466	-0.579	-0.5491	-0.6068	-0.7012	-0.5969	-0.5394	-0.5122	-0.6583	-0.6594	-1.291	-1.976	-2.511	-3.157	-4.248	-3.994	-2.964	-2.098	-1.898	-1.372	-0.05686	0.7441	0.8547	0.5498	0.4329	0.06355	-0.2275	-0.4281	-0.4701	18.28
925.5	-0.4369	-0.4809	-0.5777	-0.6056	-0.6372	-0.6131	-0.6508	-0.6606	-0.56	-0.5804	-0.5829	-1.31	-1.972	-2.454	-3.37	-4.232	-4.021	-3.075	-2.116	-1.884	-1.335	-0.09174	0.7159	0.7996	0.6123	0.3785	0.04875	-0.2508	-0.4824	-0.4863	18.3
925.5	-0.4369	-0.501	-0.5165	-0.5354	-0.6691	-0.6564	-0.6806	-0.5119	-0.5487	-0.5995	-0.7516	-1.293	-1.995	-2.49	-3.706	-4.219	-4.05	-3.063	-2.127	-1.884	-1.346	-0.08007	0.6893	0.8527	0.574	0.4052	0.09271	-0.2092	-0.4686	-0.4748	18.27
927.6	-0.497	-0.4838	-0.5112	-0.6124	-0.7112	-0.6069	-0.5135	-0.5936	-0.5549	-0.5314	-0.6563	-1.318	-1.973	-2.434	-3.323	-4.216	-4.005	-3.009	-2.156	-1.858	-1.298	-0.01003	0.7054	0.8402	0.5981	0.4376	0.09249	-0.2027	-0.3848	-0.5024	18.3
927.6	-0.4563	-0.5198	-0.5601	-0.5795	-0.5643	-0.5782	-0.6918	-0.6198	-0.5474	-0.5409	-0.6875	-1.351	-1.991	-2.463	-3.394	-4.17	-4.011	-3.045	-2.054	-1.806	-1.332	-0.0566	0.6966	0.8189	0.6109	0.391	0.09249	-0.2324	-0.4675	-0.4909	18.25
930.8	-0.471	-0.5339	-0.5947	-0.5857	-0.598	-0.6144	-0.5836	-0.4829	-0.5006	-0.577	-0.6044	-1.319	-1.99	-2.425	-3.659	-4.162	-3.98	-3.011	-2.115	-1.883	-1.305	-0.05641	0.703	0.8267	0.6595	0.4029	0.01934	-0.2139	-0.4659	-0.4835	18.18
932.9	-0.4577	-0.5486	-0.6581	-0.5925	-0.5729	-0.4939	-0.5232	-0.625	-0.5256	-0.5947	-0.5286	-1.267	-1.898	-2.391	-2.618	-4.12	-3.924	-3.004	-2.065	-1.806	-1.28	-0.03313	0.7218	0.7932	0.6074	0.3887	0.07743	-0.2724	-0.4786	-0.5281	18.38
937.2	-0.4839	-0.5303	-0.5866	-0.545	-0.5703	-0.6055	-0.5881	-0.4839	-0.4934	-0.5071	-0.52	-1.125	-1.831	-2.351	-3.743	-4.018	-3.901	-2.897	-1.989	-1.705	-1.107	-0.02145	0.7331	0.8631	0.6424	0.3936	0.106	-0.2535	-0.4355	-0.5143	18.25
938.2	-0.5075	-0.5376	-0.5698	-0.5892	-0.5971	-0.5005	-0.4699	-0.5222	-0.4854	-0.4499	-0.5503	-1.145	-1.823	-2.277	-3.451	-3.968	-3.786	-2.848	-1.92	-1.765	-1.206	-0.009919	0.7265	0.7782	0.6542	0.3931	0.1059	-0.2415	-0.4486	-0.491	18.25
938.2	-0.5317	-0.5652	-0.5739	-0.5363	-0.5461	-0.5385	-0.5328	-0.4791	-0.4966	-0.4971	-0.5934	-1.2	-1.846	-2.277	-3.113	-3.968	-3.792	-2.836	-1.931	-1.662	-1.25	0.001592	0.7177	0.8621	0.6416	0.3931	0.1203	-0.2767	-0.435	-0.5421	18.25
943.6	-0.5207	-0.566	-0.5226	-0.5494	-0.4884	-0.4553	-0.4756	-0.5021	-0.4346	-0.5224	-0.541	-1.231	-1.813	-2.249	-3.724	-3.907	-3.701	-2.681	-1.887	-1.673	-1.1	-0.009863	0.7368	0.8364	0.6255	0.404	0.04782	-0.2226	-0.4596	-0.4995	18.27
944.6	-0.5681	-0.5928	-0.55	-0.5367	-0.4839	-0.4595	-0.4458	-0.4501	-0.5302	-0.5686	-0.5343	-1.197	-1.851	-2.29	-3.346	-3.871	-3.709	-2.771	-1.874	-1.671	-1.165	-0.02128	0.7216	0.8146	0.5374	0.3905	0.03341	-0.2457	-0.5539	-0.5666	18.3
944.6	-0.4881	-0.5026	-0.498	-0.5044	-0.445	-0.4736	-0.5501	-0.4587	-0.4452	-0.5499	-0.5527	-1.192	-1.816	-2.297	-3.314	-3.865	-3.617	-2.771	-1.807	-1.579	-1.11	-0.02128	0.7331	0.7938	0.6748	0.3839	0.1052	-0.2457	-0.5133	-0.5159	18.28
942.5	-0.4932	-0.5234	-0.5272	-0.4893	-0.528	-0.536	-0.4886	-0.58	-0.4388	-0.5136	-0.5969	-1.281	-1.832	-2.266	-3.271	-3.816	-3.59	-2.546	-1.734	-1.531	-1.024	0.07033	0.7579	0.7851	0.6012	0.3848	0.07664	-0.2404	-0.4601	-0.5283	18.31
941.4	-0.4737	-0.5161	-0.5639	-0.5994	-0.5482	-0.5508	-0.485	-0.5032	-0.469	-0.5048	-0.702	-1.293	-1.852	-2.197	-3.23	-3.814	-3.554	-2.607	-1.736	-1.502	-1.014	0.08188	0.7472	0.786	0.5893	0.3786	0.06233	-0.2465	-0.5286	-0.495	18.25
935.1	-0.5254	-0.6107	-0.592	-0.5463	-0.5204	-0.5165	-0.4967	-0.4115	-0.5207	-0.4893	-0.5954	-1.302	-1.876	-2.313	-3.181	-3.859	-3.59	-2.648	-1.803	-1.564	-1.043	0.1402	0.764	0.7598	0.606	0.3812	0.1063	-0.26	-0.4638	-0.5155	18.33
931.9	-0.5799	-0.577	-0.5859	-0.5441	-0.4787	-0.4801	-0.5196	-0.5345	-0.4663	-0.5194	-0.6223	-1.35	-1.818	-2.365	-3.34	-3.821	-3.62	-2.657	-1.854	-1.538	-1.035	0.08272	0.7549	0.7941	0.5574	0.3825	0.04842	-0.2431	-0.4791	-0.5172	18.25
926.5	-0.4201	-0.5684	-0.4873	-0.4483	-0.4218	-0.4829	-0.5863	-0.4982	-0.4878	-0.4842	-0.5884	-1.16	-1.799	-2.283	-3.191	-3.842	-3.635	-2.66	-1.797	-1.537	-1.041	0.0832	0.7357	0.7986	0.5988	0.4047	0.03406	-0.2505	-0.4405	-0.457	18.17
919.1	-0.4523	-0.4722	-0.4995	-0.5475	-0.5775	-0.5739	-0.5525	-0.5419	-0.5107	-0.5459	-0.4484	-1.064	-1.677	-2.199	-3.204	-3.815	-3.605	-2.634	-1.778	-1.57	-1.084	0.08387	0.7476	0.8051	0.6037	0.3879	0.06384	-0.2884	-0.4719	-0.5186	18.35
915.9	-0.4621	-0.5102	-0.5879	-0.6036	-0.5675	-0.5322	-0.5759	-0.5703	-0.5278	-0.5864	-0.45	-0.873	-1.6	-2.192	-2.974	-3.749	-3.57	-2.632	-1.75	-1.544	-0.9626	0.1431	0.7442	0.7972	0.6187	0.4095	0.06407	-0.2414	-0.4875	-0.503	18.23
914.8	-0.5122	-0.5635	-0.5638	-0.5375	-0.548	-0.5474	-0.5766	-0.4825	-0.4979	-0.4131	-0.4568	-0.9297	-1.631	-2.143	-3.186	-3.76	-3.55	-2.563	-1.706	-1.546	-1.066	0.1787	0.7421	0.8089	0.6065	0.3694	0.1234	-0.2597	-0.4601	-0.5502	18.31
911.6	-0.485	-0.4923	-0.5077	-0.5394	-0.5903	-0.5249	-0.4793	-0.5019	-0.469	-0.4728	-0.5156	-0.9218	-1.655	-2.151	-3.171	-3.753	-3.569	-2.656	-1.792	-1.562	-1.07	0.06087	0.7477	0.7577	0.5957	0.3368	0.06437	-0.2727	-0.4336	-0.5579	18.27
908.4	-0.4742	-0.49	-0.5719	-0.5791	-0.5235	-0.4778	-0.5546	-0.4503	-0.5474	-0.4744	-0.511	-0.9812	-1.739	-2.114	-3.183	-3.713	-3.504	-2.533	-1.695	-1.493	-1.016	0.1205	0.7503	0.8146	0.6108	0.406	-0.01004	-0.2676	-0.4633	-0.5188	18.22
908.4	-0.5741	-0.5593	-0.5553	-0.5749	-0.56	-0.5561	-0.4809	-0.4859	-0.4899	-0.5328	-0.5365	-1.037	-1.691	-2.106	-3.222	-3.713	-3.575	-2.677	-1.73	-1.567	-1.062	0.09675	0.7774	0.8579	0.7147	0.3924	0.06459	-0.2555	-0.4492	-0.5599	18.3
907.4	-0.5664	-0.5885	-0.5767	-0.5629	-0.4998	-0.449	-0.4945	-0.5177	-0.5442	-0.4555	-0.4415	-1.005	-1.681	-2.079	-2.922	-3.771	-3.598	-2.704	-1.778	-1.537	-1.086	0.04925	0.7572	0.7613	0.6895	0.3861	0.09456	-0.28	-0.5766	-0.5488	18.22
908.4	-0.5699	-0.5511	-0.5345	-0.516	-0.4789	-0.517	-0.5156	-0.5794	-0.5091	-0.4647	-0.5492	-1.071	-1.715	-2.151	-2.952	-3.76	-3.581	-2.605	-1.753	-1.503	-1.016	0.1205	0.7684	0.7929	0.6237	0.3924	0.07952	-0.2555	-0.5478	-0.5716	18.28
908.4	-0.5158	-0.49	-0.4929	-0.5455	-0.5357	-0.5463	-0.5503	-0.477	-0.4591	-0.4939	-0.5237	-1.06	-1.733	-2.166	-3.136	-3.826	-3.581	-2.689	-1.764	-1.503	-1.028	0.09675	0.7774	0.7929	0.5978	0.3652	0.07952	-0.2676	-0.4774	-0.5716	18.28
911.6	-0.4394	-0.4964	-0.4828	-0.5771	-0.5055	-0.4859	-0.557	-0.5064	-0.4422	-0.4922	-0.5029	-1.089	-1.751	-2.239	-3.158	-3.799	-3.593	-2.62	-1.724	-1.562	-1.013	0.1438	0.7896	0.7469	0.6216	0.3843	0.1685	-0.2003	-0.4617	-0.4995	18.33
913.8	-0.5046	-0.5236	-0.4983	-0.488	-0.5003	-0.5577	-0.504	-0.4476	-0.5175	-0.5588	-0.5144	-1.109	-1.771	-2.234	-3.354	-3.777	-3.59	-2.626	-1.72	-1.537	-1.079	0.09618	0.7908	0.8098	0.6201	0.3969	0.06422	-0.2179	-0.4606	-0.5333	18.31
914.8	-0.4627	-0.4703	-0.4646	-0.5083	-0.5078	-0.4793	-0.5422	-0.571	-0.4407	-0.5194	-0.4189	-1.141	-1.78	-2.217	-3.239	-3.845	-3.622	-2.575	-1.763	-1.524	-1.077	0.001632	0.7719	0.7981	0.5936	0.3897	0.06414	-0.2717	-0.488	-0.5036	18.3
918	-0.4117	-0.392	-0.463	-0.4982	-0.5341	-0.5261	-0.5832	-0.5602	-0.4543	-0.4887	-0.3922	-1.099	-1.774	-2.334	-3.501	-3.891	-3.71	-2.744	-1.825	-1.646	-1.108	0.04868	0.7455	0.8061	0.6429	0.4085	0.09346	-0.2708	-0.4724	-0.496	18.3
919.1	-0.3248	-0.4399	-0.5077	-0.5558	-0.5535	-0.5303	-0.5054	-0.4759	-0.5031	-0.5844	-0.461	-1.097	-1.766	-2.214	-3.211	-3.847	-3.676	-2.8	-1.846	-1.612	-1.073	0.01337	0.7446	0.7837	0.6294	0.4349	0.04909	-0.2405	-0.4579	-0.4433	18.27
920.1	-0.4887	-0.5159	-0.5441	-0.5593	-0.4888	-0.4379	-0.4449	-0.5413	-0.4267	-0.478	-0.4982	-1.168	-1.788	-2.219	-3.337	-3.882	-3.707	-2.679	-1.833	-1.589	-1.105	0.1659	0.7734	0.8256	0.6543	0.3941	0.1374	-0.2343	-0.4296	-0.4601	18.25
920.1	-0.6037	-0.5522	-0.4866	-0.4182	-0.4048	-0.4814	-0.5433	-0.5413	-0.4798	-0.5164	-0.5485	-1.102	-1.823	-2.263	-3.5	-3.863	-3.731	-2.773	-1.901	-1.673	-1.139	0.03683	0.7348	0.7935	0.6158	0.3404	0.07851	-0.2582	-0.374	-0.437	18.25
920.1	-0.5873	-0.5361	-0.4743	-0.4721	-0.4728	-0.5056	-0.5989	-0.5369	-0.5064	-0.478	-0.6051	-1.14	-1.829	-2.277	-3.649	-3.889	-3.743	-2.738	-1.855	-1.642	-1.173	0.119	0.7289	0.7828	0.5773	0.3673	0.07851	-0.2702	-0.4713	-0.5412	18.28
925.5	-0.441	-0.517	-0.492	-0.5313	-0.5497	-0.5651	-0.5615	-0.5207	-0.4544	-0.5517	-0.5516	-1.134	-1.831	-2.235	-3.292	-3.827	-3.656	-2.628	-1.811	-1.528	-1.099	0.07163	0.7454	0.8102	0.5995	0.3518	0.0634	-0.2448	-0.4962	-0.5093	18.3
925.5	-0.4165	-0.497	-0.5532	-0.6097	-0.5298	-0.5315	-0.4721	-0.4857	-0.5374	-0.6281	-0.6766	-1.194	-1.848	-2.25	-3.273	-3.808	-3.592	-2.593	-1.709	-1.455	-0.9863	0.1416	0.7719	0.7677	0.574	0.3985	-0.0245	-0.2508	-0.4824	-0.4978	18.2
925.5	-0.4859	-0.525	-0.5287	-0.5354	-0.5099	-0.4738	-0.4849	-0.4769	-0.5185	-0.4944	-0.5453	-1.233	-1.848	-2.22	-3.208	-3.84	-3.604	-2.593	-1.709	-1.517	-1.009	0.13	0.7395	0.7464	0.6123	0.3585	0.166	-0.221	-0.4548	-0.4863	18.17
923.3	-0.4829	-0.4901	-0.4849	-0.4788	-0.4791	-0.4894	-0.631	-0.5482	-0.4819	-0.5147	-0.5967	-1.225	-1.841	-2.335	-3.364	-3.856	-3.641	-2.622	-1.838	-1.584	-1.011	0.1069	0.7678	0.8227	0.6137	0.3928	0.07823	-0.2454	-0.442	-0.4874	18.23
921.2	-0.4266	-0.4349	-0.4778	-0.5296	-0.5562	-0.5725	-0.6196	-0.4352	-0.4679	-0.5062	-0.5855	-1.283	-1.857	-2.326	-3.294	-4.015	-3.862	-2.948	-1.944	-1.745	-1.206	0.03679	0.7784	0.8246	0.6023	0.3803	0.07842	-0.2878	-0.4985	-0.5059	18.3
918	-0.4611	-0.4404	-0.5865	-0.5647	-0.4619	-0.4825	-0.5446	-0.5337	-0.4999	-0.5273	-0.5813	-1.265	-1.887	-2.356	-3.475	-4.01	-3.858	-2.839	-1.939	-1.667	-1.198	0.07221	0.7782	0.8597	0.6558	0.3614	0.07869	-0.2888	-0.5003	-0.5192	18.3
919.1	-0.477	-0.5286	-0.4995	-0.5059	-0.4894	-0.5061	-0.5911	-0.5463	-0.5107	-0.5363	-0.5491	-1.219	-1.861	-2.287	-3.328	-3.952	-3.771	-2.753	-1.892	-1.633	-1.129	0.08387	0.7743	0.8051	0.6037	0.3946	0.1671	-0.2824	-0.4997	-0.536	18.3
923.3	-0.4952	-0.5061	-0.4399	-0.4498	-0.4552	-0.4316	-0.4476	-0.5657	-0.4895	-0.553	-0.5529	-1.181	-1.852	-2.364	-3.475	-3.928	-3.694	-2.717	-1.747	-1.573	-1.09	0.08349	0.7973	0.8334	0.6009	0.3727	0.06355	-0.2752	-0.4974	-0.5508	18.27
923.3	-0.4216	-0.4178	-0.4317	-0.4581	-0.4831	-0.4894	-0.4902	-0.4605	-0.5084	-0.4093	-0.5466	-1.186	-1.805	-2.211	-3.235	-3.869	-3.724	-2.658	-1.781	-1.542	-1.056	0.1069	0.7855	0.8227	0.6264	0.3995	0.04887	-0.2811	-0.4558	-0.5047	18.27
920.1	-0.4518	-0.4676	-0.503	-0.4763	-0.5088	-0.5056	-0.5091	-0.4577	-0.4988	-0.4876	-0.5296	-1.268	-1.906	-2.351	-3.383	-3.954	-3.754	-2.785	-1.844	-1.61	-1.117	0.07204	0.7526	0.7935	0.5773	0.3807	0.09324	-0.2881	-0.513	-0.5296	18.22
918	-0.4693	-0.4687	-0.4836	-0.4899	-0.51	-0.5116	-0.5102	-0.5425	-0.4163	-0.5562	-0.5372	-1.204	-1.881	-2.363	-3.482	-3.964	-3.763	-2.815	-1.871	-1.614	-1.085	0.04868	0.796	0.8489	0.72	0.4624	0.06392	-0.2648	-0.5142	-0.4902	18.28
912.7	-0.4265	-0.443	-0.4988	-0.5136	-0.5291	-0.5389	-0.5175	-0.4703	-0.4799	-0.4044	-0.534	-1.245	-1.862	-2.362	-3.43	-3.96	-3.767	-2.724	-1.87	-1.613	-1.114	0.1436	0.7737	0.8108	0.6208	0.3838	0.06429	-0.2603	-0.4892	-0.4989	18.27
914.8	-0.4627	-0.5149	-0.539	-0.5584	-0.5601	-0.4696	-0.4948	-0.456	-0.4636	-0.4904	-0.5138	-1.197	-1.876	-2.35	-3.383	-3.938	-3.729	-2.742	-1.843	-1.588	-1.1	0.07246	0.7451	0.8196	0.6581	0.3626	0.06414	-0.2537	-0.4321	-0.4978	18.27
918	-0.4569	-0.5333	-0.5165	-0.494	-0.4258	-0.4438	-0.5317	-0.5558	-0.4923	-0.508	-0.6065	-1.165	-1.899	-2.305	-3.299	-3.944	-3.739	-2.732	-1.871	-1.604	-1.085	0.1075	0.7276	0.7846	0.5915	0.3883	0.004838	-0.2648	-0.4585	-0.5076	18.2
918	-0.4693	-0.4526	-0.4548	-0.4815	-0.514	-0.56	-0.5231	-0.3486	-0.4847	-0.4984	-0.575	-1.171	-1.869	-2.341	-3.404	-3.964	-3.739	-2.732	-1.848	-1.625	-1.096	0.07221	0.7901	0.8918	0.553	0.3883	-0.00993	-0.2708	-0.5281	-0.5424	18.23
918	-0.4569	-0.5454	-0.5042	-0.5481	-0.4619	-0.3372	-0.4502	-0.6219	-0.4733	-0.5273	-0.512	-1.26	-1.899	-2.341	-3.345	-3.944	-3.728	-2.649	-1.814	-1.509	-1.017	0.1428	0.7633	0.8168	0.6172	0.3816	-0.00993	-0.2768	-0.4585	-0.5308	18.23
915.9	-0.4704	-0.5507	-0.4971	-0.4702	-0.4428	-0.6293	-0.6447	-0.4731	-0.5582	-0.4706	-0.6142	-1.218	-1.909	-2.288	-3.411	-3.953	-3.712	-2.703	-1.784	-1.586	-1.008	0.1431	0.8008	0.8832	0.5543	0.3757	-0.06917	-0.2654	-0.5154	-0.5495	18.28
913.8	-0.4591	-0.4628	-0.49	-0.5381	-0.6373	-0.6405	-0.5212	-0.4786	-0.4794	-0.5104	-0.622	-1.355	-1.89	-2.308	-3.367	-4.022	-3.703	-2.709	-1.8	-1.537	-1.033	0.1198	0.7908	0.799	0.6459	0.3631	0.07905	-0.266	-0.4046	-0.4983	18.25
912.7	-0.4762	-0.5607	-0.5527	-0.589	-0.5695	-0.6169	-0.5348	-0.4082	-0.5105	-0.4625	-0.6164	-1.328	-1.946	-2.355	-3.24	-3.94	-3.696	-2.653	-1.767	-1.539	-1.034	0.1318	0.7737	0.8108	0.6079	0.3906	-0.009988	-0.2663	-0.4612	-0.4989	18.38
911.6	-0.4643	-0.533	-0.5906	-0.6064	-0.5823	-0.4664	-0.5052	-0.4931	-0.4537	-0.5213	-0.6679	-1.33	-1.972	-2.328	-3.349	-3.892	-3.646	-2.692	-1.769	-1.625	-1.001	0.1556	0.7686	0.7253	0.6086	0.3571	0.06437	-0.2727	-0.4477	-0.5053	18.27
913.8	-0.5418	-0.552	-0.5603	-0.4921	-0.4963	-0.5188	-0.4652	-0.4919	-0.4565	-0.4717	-0.5903	-1.343	-1.872	-2.293	-3.243	-3.909	-3.685	-2.65	-1.777	-1.558	-1.022	0.1671	0.8027	0.8314	0.633	0.3969	0.1087	-0.266	-0.4746	-0.5333	18.22
915.9	-0.4374	-0.5467	-0.4723	-0.4868	-0.475	-0.5467	-0.4469	-0.4598	-0.4668	-0.4995	-0.6458	-1.351	-1.921	-2.339	-3.287	-3.94	-3.689	-2.715	-1.773	-1.523	-1.042	0.1077	0.7889	0.7542	0.58	0.3825	0.1233	-0.2113	-0.5014	-0.5495	18.36
914.8	-0.442	-0.4703	-0.4688	-0.4832	-0.4917	-0.5182	-0.5379	-0.4958	-0.5131	-0.5194	-0.7857	-1.353	-1.917	-2.327	-3.265	-3.925	-3.657	-2.575	-1.797	-1.535	-1.146	0.1197	0.7749	0.8196	0.5291	0.3897	0.06414	-0.2597	-0.4461	-0.4978	18.27
914.8	-0.4379	-0.4582	-0.4481	-0.5291	-0.5198	-0.5571	-0.5379	-0.4825	-0.4674	-0.5291	-0.6718	-1.431	-1.965	-2.416	-3.252	-3.944	-3.717	-2.694	-1.797	-1.577	-1.066	0.03705	0.76	0.7981	0.6065	0.3694	0.07896	-0.2537	-0.4741	-0.4919	18.31
914.8	-0.4337	-0.4744	-0.5225	-0.5375	-0.5319	-0.4696	-0.4776	-0.5179	-0.4483	-0.5581	-0.7161	-1.437	-1.965	-2.364	-3.324	-3.951	-3.681	-2.706	-1.752	-1.546	-1.009	0.1197	0.7868	0.8304	0.6065	0.3829	0.06414	-0.2537	-0.488	-0.4978	18.25
911.6	-0.4809	-0.5736	-0.5782	-0.5519	-0.4893	-0.52	-0.4836	-0.4975	-0.5417	-0.5019	-0.6996	-1.391	-1.972	-2.38	-3.362	-3.965	-3.7	-2.704	-1.827	-1.572	-1.047	0.09641	0.7686	0.8549	0.6604	0.4249	0.06437	-0.2546	-0.4477	-0.5112	18.2
910.6	-0.5063	-0.5336	-0.5083	-0.4897	-0.4859	-0.4962	-0.4928	-0.4536	-0.4696	-0.4927	-0.6496	-1.387	-1.956	-2.487	-3.339	-3.943	-3.728	-2.695	-1.783	-1.489	-1.003	0.1084	0.7785	0.8559	0.5834	0.3847	0.07933	-0.2911	-0.4763	-0.541	18.23
912.7	-0.4555	-0.4999	-0.5071	-0.4802	-0.4605	-0.4707	-0.5262	-0.4792	-0.5487	-0.54	-0.6227	-1.345	-1.928	-2.392	-3.325	-3.934	-3.618	-2.522	-1.733	-1.496	-0.9203	0.2264	0.7917	0.8108	0.5045	0.3973	0.01972	-0.2483	-0.4612	-0.5398	18.28
917	-0.4904	-0.5056	-0.4677	-0.4863	-0.4704	-0.5025	-0.5624	-0.4725	-0.4967	-0.5858	-0.5693	-1.233	-1.877	-2.293	-3.297	-3.843	-3.59	-2.593	-1.691	-1.426	-1.007	0.1901	0.7761	0.8392	0.6051	0.3685	0.07878	-0.2291	-0.5009	-0.514	18.28
921.2	-0.5128	-0.5073	-0.5106	-0.4965	-0.5242	-0.5001	-0.5256	-0.5143	-0.4414	-0.5638	-0.5855	-1.25	-1.839	-2.348	-3.528	-3.845	-3.573	-2.546	-1.649	-1.388	-0.8892	0.154	0.7695	0.7605	0.5767	0.3668	0.07842	-0.2639	-0.4708	-0.5406	18.23
921.2	-0.5087	-0.4952	-0.5311	-0.5296	-0.5242	-0.5243	-0.4657	-0.422	-0.5664	-0.5062	-0.5416	-1.294	-1.892	-2.341	-3.216	-3.878	-3.62	-2.605	-1.683	-1.535	-0.957	0.1657	0.7784	0.8246	0.5767	0.3668	0.1373	-0.2221	-0.443	-0.5174	18.17
921.2	-0.5251	-0.4872	-0.5393	-0.4633	-0.4363	-0.4085	-0.4572	-0.4704	-0.6269	-0.4966	-0.5353	-1.283	-1.898	-2.392	-3.288	-3.884	-3.661	-2.628	-1.728	-1.451	-1.059	0.1657	0.7784	0.8139	0.5639	0.3534	0.07842	-0.2221	-0.4569	-0.5232	18.25
921.2	-0.5702	-0.4952	-0.4819	-0.4633	-0.4283	-0.4374	-0.5384	-0.5802	-0.6042	-0.535	-0.5981	-1.316	-1.963	-2.341	-3.333	-3.93	-3.656	-2.687	-1.728	-1.514	-1.014	0.08368	0.7666	0.8033	0.5895	0.3467	0.04898	-0.2758	-0.4847	-0.5695	18.28
922.3	-0.4712	-0.4505	-0.4527	-0.5042	-0.5276	-0.5478	-0.5848	-0.4786	-0.5317	-0.6303	-0.61	-1.375	-1.99	-2.331	-3.375	-3.926	-3.693	-2.696	-1.772	-1.533	-1.091	0.1304	0.7598	0.8343	0.5632	0.3597	0.06362	-0.2457	-0.5118	-0.5284	18.27
922.3	-0.4139	-0.4103	-0.4937	-0.5373	-0.5955	-0.6153	-0.6488	-0.5532	-0.543	-0.5632	-0.7793	-1.425	-2.014	-2.47	-3.433	-4.011	-3.716	-2.708	-1.862	-1.586	-1.069	0.1187	0.7331	0.7703	0.6016	0.3932	0.2106	-0.2636	-0.4702	-0.5399	18.22
924.4	-0.4129	-0.5015	-0.5702	-0.6393	-0.6738	-0.5802	-0.5323	-0.6044	-0.5757	-0.5906	-0.8776	-1.499	-2.063	-2.486	-3.451	-4.034	-3.778	-2.737	-1.835	-1.655	-1.089	0.09507	0.7639	0.7685	0.5747	0.3856	0.1808	-0.1737	-0.4276	-0.4695	18.27
926.5	-0.4731	-0.5724	-0.6871	-0.609	-0.557	-0.6124	-0.6033	-0.6031	-0.5706	-0.6465	-0.8069	-1.534	-2.093	-2.487	-3.424	-4.064	-3.764	-2.801	-1.865	-1.631	-1.154	0.07154	0.7386	0.7562	0.5861	0.3714	0.03406	-0.2564	-0.4681	-0.503	18.27
926.5	-0.5914	-0.5444	-0.5036	-0.5925	-0.6882	-0.5884	-0.6161	-0.5201	-0.5932	-0.5797	-0.8257	-1.506	-2.087	-2.495	-3.476	-4.084	-3.852	-2.837	-1.899	-1.672	-1.131	0.04823	0.7504	0.8093	0.6116	0.3914	0.1219	-0.2445	-0.4681	-0.5432	18.27
922.3	-0.5286	-0.4625	-0.5551	-0.6367	-0.4957	-0.5333	-0.6445	-0.6804	-0.6073	-0.6783	-0.8169	-1.558	-2.067	-2.484	-3.576	-4.148	-3.893	-2.897	-1.953	-1.691	-1.148	0.07187	0.7539	0.813	0.6783	0.3597	0.04892	-0.2516	-0.387	-0.4764	18.27
917	-0.544	-0.5056	-0.4924	-0.5487	-0.615	-0.6285	-0.7127	-0.6888	-0.6679	-0.6533	-0.7965	-1.517	-2.097	-2.506	-3.616	-4.185	-3.933	-2.902	-1.999	-1.69	-1.2	0.06051	0.7374	0.7855	0.6179	0.409	0.1971	-0.2411	-0.4451	-0.4676	18.28
914.8	-0.5288	-0.523	-0.6464	-0.6669	-0.6406	-0.6008	-0.6713	-0.6904	-0.6275	-0.7225	-0.6782	-1.492	-2.15	-2.549	-3.618	-4.215	-3.96	-2.98	-2.072	-1.789	-1.248	0.001632	0.7451	0.7336	0.6581	0.3829	0.09378	-0.2356	-0.3902	-0.4745	18.25
910.6	-0.5146	-0.5946	-0.6079	-0.6365	-0.6153	-0.6622	-0.6528	-0.7203	-0.6343	-0.7258	-0.7067	-1.499	-2.1	-2.583	-3.629	-4.241	-3.955	-2.946	-2.001	-1.744	-1.208	-0.01022	0.7186	0.8018	0.5964	0.3983	0.07933	-0.2307	-0.4622	-0.5001	18.27
915.9	-0.5694	-0.5992	-0.625	-0.7161	-0.7565	-0.7409	-0.6447	-0.7382	-0.722	-0.6444	-0.7721	-1.446	-2.058	-2.612	-3.98	-4.25	-4.009	-3.012	-2.092	-1.829	-1.292	-0.02195	0.7383	0.7972	0.6831	0.4027	0.1529	-0.2474	-0.4177	-0.4972	18.27
924.4	-0.5355	-0.726	-0.8195	-0.9078	-0.7415	-0.7629	-0.7964	-0.8058	-0.7002	-0.6958	-0.7525	-1.438	-2.051	-2.442	-3.6	-4.21	-4.019	-3.055	-2.118	-1.844	-1.314	-0.09184	0.696	0.8218	0.7023	0.3723	0.1075	-0.2034	-0.4415	-0.4984	18.27
923.3	-0.6262	-0.7028	-0.7263	-0.7848	-0.8102	-0.8746	-0.7803	-0.7629	-0.7048	-0.6296	-0.6782	-1.363	-1.965	-2.481	-3.507	-4.183	-3.953	-2.988	-2.109	-1.804	-1.271	0.001617	0.7293	0.8014	0.6264	0.4396	0.07823	-0.2275	-0.442	-0.522	18.25
922.3	-0.6679	-0.7919	-0.6944	-0.8644	-0.9469	-0.8659	-0.794	-0.6541	-0.664	-0.6783	-0.679	-1.221	-1.967	-2.455	-3.699	-4.122	-3.875	-2.932	-1.987	-1.691	-1.137	-0.01009	0.7243	0.7383	0.7039	0.3932	0.1077	-0.2218	-0.4286	-0.5226	18.27
922.3	-0.6228	-0.579	-0.7313	-0.6367	-0.6594	-0.7213	-0.6787	-0.6848	-0.6187	-0.5536	-0.7354	-1.276	-1.914	-2.396	-3.673	-4.148	-3.97	-2.932	-2.021	-1.754	-1.227	0.001619	0.7598	0.813	0.6144	0.42	0.04892	-0.2218	-0.4841	-0.5168	18.28
924.4	-0.5069	-0.5456	-0.5334	-0.5774	-0.5941	-0.6283	-0.6729	-0.6395	-0.5267	-0.5523	-0.6774	-1.306	-1.992	-2.486	-3.568	-4.132	-3.931	-2.984	-1.994	-1.76	-1.258	-0.01007	0.7285	0.8324	0.6512	0.3723	0.09281	-0.2332	-0.5245	-0.5214	18.27
923.3	-0.4911	-0.5543	-0.5667	-0.6773	-0.6666	-0.6771	-0.5841	-0.5964	-0.5499	-0.6296	-0.5717	-1.352	-1.97	-2.467	-3.514	-4.143	-3.918	-2.929	-2.007	-1.731	-1.18	-0.09195	0.7352	0.8334	0.7159	0.4865	0.09292	-0.2216	-0.3312	-0.4759	18.25
925.5	-0.5758	-0.577	-0.6512	-0.5973	-0.5934	-0.5315	-0.6381	-0.525	-0.6052	-0.5804	-0.6266	-1.326	-1.966	-2.352	-3.421	-4.134	-3.921	-2.91	-1.98	-1.737	-1.223	0.001614	0.7306	0.8208	0.5868	0.3919	0.0634	-0.2686	-0.4962	-0.5496	18.27
926.5	-0.5996	-0.6004	-0.5933	-0.6049	-0.5649	-0.5692	-0.6203	-0.6031	-0.5104	-0.5606	-0.6196	-1.33	-1.923	-2.393	-3.527	-4.084	-3.887	-2.978	-2.046	-1.84	-1.289	-0.07998	0.7121	0.8305	0.6752	0.3581	0.1072	-0.2505	-0.399	-0.5662	18.3
927.6	-0.5052	-0.5637	-0.5601	-0.5795	-0.6	-0.5926	-0.5941	-0.5587	-0.6264	-0.6076	-0.6065	-1.279	-1.926	-2.354	-3.723	-4.124	-3.97	-2.986	-2.111	-1.817	-1.321	-0.06824	0.7142	0.7765	0.6109	0.4243	0.09249	-0.2443	-0.5089	-0.5598	18.27
