15391	12	12	88	28.7	771.5	1	8	10	0.241	128	4096	10	0	0	0	0	30.848	1010.9	1.478e+006	0.1185	0.01009	41.269	0	0	1	0	0	0	4	0	0
991.13	0.089299	0.055003	-0.06257	-0.22061	-0.31687	-0.45802	-0.59636	-0.70636	-0.83914	-1.0339	-1.0948	-1.212	-1.4493	-1.6703	-2.0242	-2.2245	-2.1908	-2.4563	-2.6648	-2.814	-2.3449	0.66591	0.88506	0.72262	0.51323	0.34011	0.15222	0.18904	0.18902	0.10003	9.5091
993.78	0.10293	0.060948	-0.073942	-0.22959	-0.33559	-0.43723	-0.6153	-0.74665	-0.85811	-1.0374	-1.1235	-1.253	-1.4914	-1.7265	-2.0704	-2.3462	-2.3227	-2.6564	-2.9573	-3.2001	-2.8189	0.53828	0.86896	0.7512	0.55449	0.35196	0.1614	0.20808	0.19215	0.11652	9.9893
991.02	0.10069	0.022031	-0.098452	-0.21584	-0.28046	-0.4225	-0.63276	-0.74617	-0.86982	-1.0164	-1.1418	-1.3077	-1.5276	-1.7957	-2.1279	-2.4497	-2.4435	-2.8202	-3.182	-3.4932	-3.1385	0.42016	0.86513	0.78154	0.59612	0.37852	0.18347	0.22133	0.19268	0.10521	10.45
992.51	0.061408	0.0098014	-0.10755	-0.18797	-0.30524	-0.42309	-0.62939	-0.74505	-0.84461	-1.055	-1.1717	-1.3307	-1.5883	-1.8263	-2.1832	-2.536	-2.5401	-2.9762	-3.4068	-3.8545	-3.5577	0.32859	0.85883	0.81209	0.62323	0.38689	0.20719	0.22906	0.23848	0.10893	10.908
989.54	0.040073	-0.017083	-0.10439	-0.18252	-0.28931	-0.42682	-0.62401	-0.74087	-0.87645	-1.0708	-1.2006	-1.3527	-1.6138	-1.8819	-2.2757	-2.6277	-2.6559	-3.1203	-3.6509	-4.1454	-3.8913	0.24605	0.85765	0.84753	0.6318	0.41111	0.21262	0.2309	0.20514	0.075607	11.391
990.07	0.026134	-0.0060693	-0.10434	-0.19083	-0.26811	-0.41922	-0.57275	-0.7238	-0.8813	-1.0929	-1.1746	-1.352	-1.6572	-1.9346	-2.3536	-2.7064	-2.7438	-3.3355	-3.9229	-4.5356	-4.3341	0.063573	0.78956	0.82941	0.65018	0.43905	0.24257	0.23193	0.20381	0.062632	11.883
988.9	-0.0029725	-0.050145	-0.15085	-0.20668	-0.25859	-0.38776	-0.58678	-0.73236	-0.87435	-1.0639	-1.1913	-1.3856	-1.6667	-1.9871	-2.3946	-2.7677	-2.8527	-3.4667	-4.0872	-4.7309	-4.5879	-0.0056352	0.76917	0.86341	0.67505	0.44854	0.22841	0.24029	0.21622	0.07695	12.314
987.63	-0.0093174	-0.056335	-0.15453	-0.18769	-0.20548	-0.34887	-0.58146	-0.73073	-0.85145	-1.0628	-1.2157	-1.4263	-1.7152	-2.0124	-2.4714	-2.8697	-2.9434	-3.5758	-4.2927	-5.0208	-4.9186	-0.10695	0.76891	0.89287	0.69468	0.45554	0.24919	0.2487	0.23235	0.10039	12.762
987.31	-0.046118	-0.10049	-0.15574	-0.19257	-0.22806	-0.32559	-0.56098	-0.70781	-0.8584	-1.0783	-1.2453	-1.4142	-1.7318	-2.0429	-2.5174	-2.9379	-3.0099	-3.683	-4.5187	-5.3262	-5.2931	-0.22595	0.7566	0.89079	0.70697	0.46467	0.26495	0.25456	0.22755	0.058915	13.19
986.25	-0.07665	-0.11656	-0.16405	-0.2205	-0.24802	-0.33826	-0.51168	-0.67251	-0.87937	-1.0908	-1.2276	-1.4241	-1.7479	-2.0895	-2.5871	-2.9943	-3.0939	-3.8025	-4.7766	-5.6532	-5.6934	-0.38939	0.68071	0.89294	0.71982	0.49344	0.27127	0.25252	0.20582	0.038201	13.642
985.4	-0.062732	-0.11788	-0.19678	-0.25929	-0.25669	-0.31265	-0.52186	-0.69887	-0.86275	-1.0614	-1.221	-1.4616	-1.7721	-2.1057	-2.6099	-3.0492	-3.1647	-3.9012	-4.8944	-5.7943	-5.8544	-0.44381	0.65361	0.91027	0.73656	0.50802	0.27875	0.25158	0.22188	0.049932	14.056
984.33	-0.069162	-0.12785	-0.21796	-0.26924	-0.23298	-0.29817	-0.50414	-0.67123	-0.84092	-1.0676	-1.2249	-1.4562	-1.7883	-2.1415	-2.6196	-3.0958	-3.2352	-3.9996	-5.0748	-6.0139	-6.1306	-0.56361	0.62156	0.9314	0.76022	0.52144	0.2718	0.2623	0.23312	0.053889	14.43
983.7	-0.13543	-0.19807	-0.26591	-0.27424	-0.22889	-0.29095	-0.46663	-0.61227	-0.76376	-1.0531	-1.2269	-1.4446	-1.7752	-2.1333	-2.6528	-3.1351	-3.2891	-4.0763	-5.2264	-6.2259	-6.4032	-0.65352	0.60683	0.93082	0.75264	0.51792	0.27439	0.26943	0.2137	0.035698	14.815
980.41	-0.16016	-0.19874	-0.25627	-0.29335	-0.29058	-0.30308	-0.46208	-0.60266	-0.79321	-1.0363	-1.2323	-1.4354	-1.7726	-2.1718	-2.7127	-3.1921	-3.3471	-4.19	-5.4222	-6.4755	-6.6902	-0.76332	0.58357	0.92799	0.75651	0.5119	0.31417	0.25636	0.20705	0.0044678	15.185
982.85	-0.22605	-0.24874	-0.30114	-0.32045	-0.33367	-0.32212	-0.3962	-0.54171	-0.73224	-0.99444	-1.182	-1.3955	-1.7796	-2.1628	-2.7156	-3.1822	-3.3654	-4.22	-5.4909	-6.5656	-6.8234	-0.83003	0.53796	0.90907	0.7708	0.54544	0.29885	0.25223	0.18816	0.005759	15.544
978.39	-0.23348	-0.27586	-0.35057	-0.35836	-0.32526	-0.32483	-0.43358	-0.55327	-0.73019	-0.95569	-1.1578	-1.4398	-1.7762	-2.1678	-2.7224	-3.2179	-3.4164	-4.3056	-5.6539	-6.7661	-7.0924	-0.92718	0.50619	0.92991	0.79732	0.5557	0.30022	0.26039	0.19394	0.0097124	15.901
982.64	-0.24139	-0.31039	-0.39341	-0.40883	-0.37615	-0.37291	-0.44882	-0.52244	-0.62242	-0.89833	-1.1081	-1.3706	-1.7619	-2.1056	-2.6749	-3.206	-3.3991	-4.3072	-5.6786	-6.7753	-7.1715	-0.97298	0.48381	0.94132	0.80599	0.53653	0.30497	0.2488	0.21515	-0.022911	16.205
977.54	-0.2875	-0.35907	-0.42245	-0.42312	-0.40369	-0.41589	-0.5236	-0.51996	-0.59331	-0.83166	-1.0534	-1.3497	-1.7129	-2.1069	-2.6875	-3.2045	-3.4066	-4.3311	-5.7254	-6.852	-7.2492	-0.98028	0.49521	0.95219	0.78853	0.55748	0.30535	0.24309	0.19288	-0.047923	16.475
979.24	-0.35481	-0.38688	-0.51658	-0.52679	-0.52497	-0.57283	-0.62321	-0.65527	-0.66899	-0.76662	-0.91946	-1.1832	-1.586	-1.9826	-2.5946	-3.0775	-3.3041	-4.2072	-5.601	-6.699	-7.0728	-0.95192	0.50575	0.92195	0.79122	0.53969	0.29996	0.24966	0.17042	-0.064842	16.786
976.69	-0.32623	-0.4263	-0.5602	-0.58659	-0.66003	-0.67265	-0.72931	-0.81825	-0.81512	-0.86554	-0.93601	-1.0499	-1.271	-1.6442	-2.3181	-2.7952	-3.0783	-3.9441	-5.2923	-6.2892	-6.6255	-0.77736	0.55786	0.93391	0.80142	0.56056	0.30196	0.23745	0.17086	-0.061077	17.044
976.05	-0.41372	-0.49107	-0.67102	-0.80864	-0.79708	-0.75031	-0.79866	-0.80968	-0.79944	-0.86993	-0.83622	-0.90987	-1.1102	-1.3293	-1.9006	-2.3787	-2.685	-3.5042	-4.7227	-5.5706	-5.8782	-0.52716	0.61921	0.94408	0.7721	0.53885	0.26434	0.20718	0.13397	-0.12016	17.265
977.43	-0.47337	-0.53992	-0.66303	-0.69074	-0.66521	-0.65224	-0.71156	-0.72666	-0.67697	-0.7846	-0.80805	-0.92966	-1.058	-1.2972	-1.9062	-2.3915	-2.6455	-3.4043	-4.5335	-5.4107	-5.6331	-0.4541	0.66401	0.92605	0.75611	0.51864	0.25788	0.20338	0.12763	-0.15012	17.488
975.31	-0.45642	-0.53117	-0.66683	-0.67396	-0.66808	-0.63496	-0.66511	-0.69438	-0.75817	-0.7927	-0.77631	-0.82747	-0.94455	-1.2613	-1.7954	-2.2616	-2.5403	-3.3017	-4.4618	-5.3021	-5.5604	-0.41383	0.68453	0.94002	0.76183	0.50028	0.27797	0.20148	0.11803	-0.17277	17.673
970.1	-0.455	-0.51156	-0.60657	-0.6016	-0.6459	-0.68473	-0.7553	-0.7387	-0.66442	-0.72249	-0.7209	-0.71299	-0.93423	-1.2084	-1.8287	-2.2727	-2.5462	-3.2921	-4.4025	-5.2056	-5.368	-0.35664	0.70354	0.92823	0.77547	0.51734	0.26106	0.1896	0.10253	-0.1671	17.881
974.46	-0.36683	-0.48566	-0.64034	-0.66357	-0.64871	-0.5956	-0.64845	-0.62459	-0.64387	-0.68347	-0.67384	-0.80283	-0.96836	-1.2345	-1.8579	-2.3073	-2.5859	-3.3304	-4.4335	-5.2305	-5.4358	-0.36955	0.69403	0.94443	0.7883	0.52153	0.26478	0.18876	0.10702	-0.14007	18.033
968.83	-0.45689	-0.53972	-0.63814	-0.68706	-0.65965	-0.63168	-0.68071	-0.69115	-0.68434	-0.75044	-0.69592	-0.77205	-0.88537	-1.1673	-1.7364	-2.2071	-2.4866	-3.239	-4.3623	-5.1761	-5.3954	-0.34251	0.70319	0.95112	0.77649	0.52063	0.2614	0.18985	0.10515	-0.18186	18.173
974.78	-0.5402	-0.59851	-0.68131	-0.67555	-0.68127	-0.66773	-0.73074	-0.72603	-0.73424	-0.75608	-0.72131	-0.7307	-0.83113	-1.1081	-1.7327	-2.2008	-2.4638	-3.188	-4.2862	-5.083	-5.2775	-0.3315	0.71162	0.93455	0.7731	0.51876	0.25126	0.17346	0.085988	-0.21885	18.297
968.72	-0.46729	-0.52853	-0.64295	-0.67732	-0.6755	-0.58156	-0.6969	-0.66107	-0.67217	-0.7608	-0.74269	-0.7452	-0.84115	-1.1577	-1.8146	-2.2933	-2.5486	-3.2845	-4.3939	-5.2346	-5.4381	-0.35602	0.70839	0.94882	0.77384	0.51676	0.26512	0.20167	0.10889	-0.17791	18.384
970.21	-0.46399	-0.53146	-0.64787	-0.69833	-0.66014	-0.6145	-0.68964	-0.7229	-0.71325	-0.70187	-0.71176	-0.71149	-0.81581	-1.0207	-1.5823	-2.0865	-2.3651	-3.1443	-4.2368	-5.0209	-5.2116	-0.29494	0.70858	0.93775	0.7672	0.51466	0.26226	0.17546	0.105	-0.19876	18.483
966.27	-0.47884	-0.55993	-0.66238	-0.73071	-0.69445	-0.65474	-0.68127	-0.69561	-0.64796	-0.65575	-0.62624	-0.67174	-0.7438	-0.99065	-1.53	-1.9811	-2.2781	-3.0227	-4.0632	-4.8011	-4.9878	-0.22974	0.732	0.95364	0.76484	0.51282	0.23499	0.16435	0.080517	-0.21813	18.547
971.38	-0.45311	-0.49468	-0.58688	-0.63141	-0.59214	-0.58873	-0.65421	-0.64749	-0.57808	-0.64974	-0.64106	-0.69508	-0.78024	-1.0645	-1.6596	-2.1126	-2.3789	-3.0709	-4.0939	-4.8712	-5.0442	-0.25541	0.75113	0.94382	0.74856	0.50752	0.22027	0.19171	0.087528	-0.20248	18.573
970.42	-0.48454	-0.56004	-0.64655	-0.64183	-0.587	-0.52918	-0.59795	-0.63766	-0.63705	-0.74664	-0.72067	-0.77361	-0.88199	-1.1837	-1.8198	-2.2607	-2.4941	-3.2351	-4.2992	-5.1125	-5.2755	-0.31057	0.72759	0.93995	0.77248	0.51063	0.25852	0.1919	0.092576	-0.20532	18.589
968.19	-0.51671	-0.56758	-0.69305	-0.70716	-0.66869	-0.65219	-0.68364	-0.65225	-0.65485	-0.73807	-0.68729	-0.69595	-0.85992	-1.1058	-1.771	-2.1779	-2.4317	-3.1768	-4.2394	-5.0704	-5.236	-0.30679	0.73823	0.94332	0.777	0.52883	0.2542	0.18408	0.085331	-0.20844	18.616
960.85	-0.45937	-0.54671	-0.64702	-0.66059	-0.60874	-0.60656	-0.65263	-0.57394	-0.58304	-0.66722	-0.63762	-0.69412	-0.80918	-1.1376	-1.7648	-2.212	-2.4865	-3.2287	-4.3031	-5.1173	-5.3239	-0.32724	0.70773	0.95537	0.7788	0.51572	0.2487	0.17954	0.10477	-0.1887	18.582
962.55	-0.51583	-0.59228	-0.70664	-0.68042	-0.6019	-0.58149	-0.63651	-0.62703	-0.61761	-0.65828	-0.68087	-0.71429	-0.89404	-1.2338	-1.8487	-2.3008	-2.5403	-3.2711	-4.3594	-5.1773	-5.4019	-0.34361	0.69875	0.93793	0.76367	0.52666	0.25198	0.17922	0.10084	-0.1897	18.571
967.98	-0.50388	-0.5527	-0.65647	-0.64099	-0.61718	-0.65736	-0.67511	-0.70226	-0.65227	-0.70992	-0.66797	-0.71313	-0.91603	-1.222	-1.809	-2.2746	-2.5312	-3.246	-4.3474	-5.1726	-5.3771	-0.34731	0.72558	0.94473	0.77307	0.51978	0.26163	0.19592	0.11271	-0.18996	18.516
963.51	-0.51402	-0.56908	-0.64047	-0.70319	-0.67338	-0.6339	-0.66827	-0.66201	-0.67034	-0.6964	-0.68802	-0.68792	-0.82729	-1.094	-1.7306	-2.1545	-2.4009	-3.1207	-4.1561	-4.9421	-5.114	-0.24169	0.74825	0.93216	0.76016	0.50509	0.24678	0.18142	0.083245	-0.19882	18.421
964.15	-0.48379	-0.52852	-0.64243	-0.68176	-0.58793	-0.55657	-0.58939	-0.59306	-0.59609	-0.66107	-0.62762	-0.66325	-0.90418	-1.2428	-1.819	-2.2353	-2.4845	-3.2011	-4.2346	-5.0038	-5.1638	-0.25732	0.72075	0.93154	0.77339	0.52842	0.26391	0.17419	0.089432	-0.20001	18.26
960	-0.4637	-0.52198	-0.6225	-0.68842	-0.61362	-0.5957	-0.66571	-0.64855	-0.64396	-0.72619	-0.67483	-0.6933	-0.90809	-1.2014	-1.7791	-2.2119	-2.4615	-3.1653	-4.1914	-4.9819	-5.1396	-0.2471	0.74065	0.93557	0.76431	0.50033	0.25636	0.18565	0.09358	-0.18353	18.068
965.42	-0.47537	-0.5529	-0.60119	-0.64269	-0.54687	-0.58102	-0.6284	-0.63043	-0.61987	-0.63955	-0.65673	-0.70932	-0.83919	-1.1592	-1.7803	-2.2118	-2.4425	-3.131	-4.1479	-4.904	-5.0699	-0.21868	0.74163	0.94481	0.74631	0.50409	0.24753	0.18106	0.086821	-0.18648	17.869
960.22	-0.38792	-0.42732	-0.54712	-0.55951	-0.56141	-0.55633	-0.61681	-0.60739	-0.55186	-0.64561	-0.66421	-0.74894	-0.98564	-1.3414	-1.9122	-2.358	-2.5465	-3.2736	-4.2984	-5.1071	-5.2329	-0.26177	0.7534	0.93414	0.76553	0.51606	0.27862	0.19632	0.11111	-0.14348	17.669
969.14	-0.3753	-0.43087	-0.59888	-0.60588	-0.59207	-0.56249	-0.58264	-0.5651	-0.57669	-0.62296	-0.64254	-0.7392	-1.0459	-1.4083	-1.9712	-2.3854	-2.5783	-3.2981	-4.3123	-5.1004	-5.2363	-0.28292	0.72855	0.92794	0.75984	0.51654	0.26377	0.2004	0.11754	-0.1263	17.436
955.43	-0.41478	-0.4662	-0.56546	-0.57227	-0.51043	-0.48532	-0.591	-0.55991	-0.55049	-0.63711	-0.66228	-0.79868	-1.0931	-1.4631	-2.0221	-2.4445	-2.6309	-3.3343	-4.349	-5.1354	-5.2577	-0.2665	0.72732	0.93638	0.75689	0.5067	0.26133	0.20328	0.11293	-0.14018	17.162
962.45	-0.37401	-0.46783	-0.57206	-0.55821	-0.53558	-0.55251	-0.57921	-0.58883	-0.59166	-0.63764	-0.6705	-0.75433	-1.0318	-1.3776	-1.9597	-2.3927	-2.5794	-3.2508	-4.1908	-4.9584	-5.0609	-0.18546	0.75423	0.93683	0.74174	0.49511	0.24458	0.19942	0.12211	-0.14315	16.887
965.85	-0.39734	-0.47495	-0.58667	-0.57471	-0.58978	-0.55937	-0.58214	-0.58281	-0.57593	-0.65861	-0.65644	-0.73603	-1.0514	-1.4168	-1.9709	-2.3751	-2.5574	-3.1996	-4.1398	-4.8748	-4.9315	-0.14877	0.77597	0.92145	0.7405	0.49205	0.25112	0.19399	0.11545	-0.13867	16.579
960	-0.32016	-0.3858	-0.50543	-0.51877	-0.508	-0.483	-0.53192	-0.50829	-0.53139	-0.61722	-0.59892	-0.80061	-1.1249	-1.5042	-2.0223	-2.437	-2.5808	-3.2205	-4.1173	-4.8339	-4.8533	-0.10889	0.77553	0.90641	0.71605	0.46996	0.2328	0.19279	0.11114	-0.12484	16.265
966.7	-0.28943	-0.32928	-0.41769	-0.4623	-0.45851	-0.47211	-0.4947	-0.46535	-0.52226	-0.62582	-0.71044	-0.87178	-1.2706	-1.6196	-2.1116	-2.5124	-2.6749	-3.3585	-4.2334	-5	-4.9979	-0.18351	0.75348	0.88806	0.73163	0.489	0.2472	0.19972	0.13527	-0.096153	15.955
958.52	-0.24485	-0.31694	-0.40929	-0.41415	-0.44938	-0.45839	-0.51897	-0.47727	-0.52672	-0.64806	-0.74797	-1.0254	-1.3632	-1.7234	-2.2029	-2.6083	-2.7497	-3.4038	-4.2771	-5.0359	-5.0419	-0.16466	0.7638	0.90538	0.7365	0.48921	0.25552	0.21335	0.1427	-0.072923	15.604
963.83	-0.237	-0.31017	-0.43083	-0.43407	-0.37196	-0.38397	-0.42768	-0.46278	-0.47733	-0.67421	-0.85073	-1.128	-1.4545	-1.7826	-2.2664	-2.6711	-2.8094	-3.4579	-4.3824	-5.1542	-5.201	-0.23145	0.75701	0.9258	0.72282	0.49308	0.25288	0.22876	0.17064	-0.056575	15.244
961.7	-0.18803	-0.24792	-0.38289	-0.38682	-0.35401	-0.32668	-0.44236	-0.46909	-0.55238	-0.77153	-0.96105	-1.2162	-1.5179	-1.8467	-2.3388	-2.7481	-2.8816	-3.5413	-4.4673	-5.2578	-5.3055	-0.23422	0.74708	0.92421	0.72993	0.48231	0.26086	0.22452	0.16226	-0.034065	14.869
961.49	-0.17765	-0.21776	-0.2959	-0.31149	-0.29052	-0.29767	-0.38502	-0.4824	-0.63337	-0.90383	-1.0671	-1.2808	-1.59	-1.8987	-2.387	-2.7899	-2.8862	-3.5876	-4.4269	-5.2481	-5.2232	-0.22523	0.74725	0.89894	0.71494	0.46924	0.25473	0.22101	0.18858	-0.018087	14.475
964.15	-0.12388	-0.18452	-0.3165	-0.33282	-0.30413	-0.29559	-0.41135	-0.5206	-0.67263	-0.9078	-1.0772	-1.2929	-1.6176	-1.9388	-2.4126	-2.7925	-2.8872	-3.5309	-4.3784	-5.1241	-5.0684	-0.17949	0.75933	0.89404	0.71572	0.47583	0.24785	0.21921	0.18432	0.0018855	14.082
966.06	-0.086035	-0.15783	-0.21378	-0.27433	-0.24027	-0.27613	-0.45651	-0.58531	-0.74223	-0.96015	-1.1115	-1.3387	-1.624	-1.9521	-2.3995	-2.8065	-2.8957	-3.5569	-4.3336	-5.0762	-4.9998	-0.13635	0.78094	0.8959	0.73075	0.46964	0.24859	0.2377	0.19766	0.038999	13.647
964.89	-0.065366	-0.11663	-0.1867	-0.22045	-0.2348	-0.2815	-0.4807	-0.63605	-0.78274	-1.0091	-1.1337	-1.3517	-1.625	-1.9337	-2.3884	-2.7976	-2.8734	-3.52	-4.2863	-5.008	-4.905	-0.092562	0.78574	0.90181	0.6987	0.45576	0.22792	0.23325	0.19665	0.039047	13.221
965	-0.027713	-0.070202	-0.14389	-0.16622	-0.22901	-0.32682	-0.50677	-0.67678	-0.80587	-1.0309	-1.1518	-1.3672	-1.6171	-1.9371	-2.3741	-2.7664	-2.806	-3.4578	-4.0848	-4.7805	-4.6143	0.022399	0.81906	0.88721	0.68079	0.44389	0.239	0.22257	0.20037	0.041695	12.767
964.47	-0.0069448	-0.030076	-0.11068	-0.18727	-0.23778	-0.36859	-0.5531	-0.68506	-0.82681	-1.0366	-1.1576	-1.3423	-1.6325	-1.9284	-2.3446	-2.7084	-2.7637	-3.38	-3.9858	-4.6236	-4.4669	0.068644	0.81952	0.8744	0.69352	0.45465	0.2342	0.22743	0.20922	0.057653	12.314
968.08	0.055192	-0.0099587	-0.10079	-0.16815	-0.24981	-0.35843	-0.556	-0.70743	-0.85231	-1.0366	-1.1507	-1.3302	-1.61	-1.8821	-2.2508	-2.6276	-2.6865	-3.2005	-3.7592	-4.3046	-4.1066	0.17736	0.85489	0.86993	0.68272	0.432	0.21241	0.24428	0.22958	0.098447	11.863
970.1	0.066703	0.010028	-0.076931	-0.1678	-0.24785	-0.39151	-0.57216	-0.72953	-0.86276	-1.0422	-1.1353	-1.319	-1.5846	-1.8466	-2.2267	-2.571	-2.6091	-3.0845	-3.5663	-4.0241	-3.7605	0.28012	0.85566	0.83927	0.63217	0.41543	0.21197	0.22258	0.20304	0.090321	11.409
971.27	0.071779	0.015001	-0.088646	-0.17372	-0.27616	-0.41232	-0.59249	-0.73258	-0.84409	-1.0422	-1.1417	-1.3202	-1.55	-1.8188	-2.1726	-2.52	-2.5291	-2.9444	-3.413	-3.8233	-3.5367	0.34137	0.87379	0.81905	0.60687	0.38361	0.19211	0.23407	0.20404	0.090212	10.904
972.23	0.062689	0.022457	-0.061427	-0.16988	-0.27731	-0.40316	-0.58573	-0.71356	-0.83919	-1.0437	-1.1186	-1.2949	-1.5177	-1.7769	-2.1218	-2.4319	-2.4216	-2.8352	-3.2311	-3.5473	-3.2384	0.43947	0.88568	0.80745	0.60219	0.36237	0.17478	0.21621	0.2026	0.10066	10.44
970.74	0.073111	0.049924	-0.082786	-0.18728	-0.27631	-0.42382	-0.58663	-0.71727	-0.85405	-1.021	-1.0893	-1.2643	-1.4922	-1.7285	-2.0528	-2.3355	-2.3035	-2.6635	-2.9418	-3.1927	-2.7937	0.54546	0.89854	0.76063	0.56902	0.34726	0.1775	0.1989	0.19919	0.099496	10.001
975.09	0.11647	0.054669	-0.076537	-0.19498	-0.29502	-0.42068	-0.59509	-0.71798	-0.82456	-0.99213	-1.078	-1.2277	-1.4482	-1.6566	-2.0242	-2.2458	-2.2409	-2.5062	-2.7506	-2.9151	-2.5156	0.61998	0.90088	0.75244	0.54747	0.32881	0.15961	0.19683	0.18966	0.10825	9.5026
978.39	0.10839	0.058195	-0.052834	-0.20526	-0.31674	-0.42423	-0.58204	-0.69738	-0.8137	-0.97988	-1.0692	-1.1927	-1.3937	-1.6111	-1.9181	-2.143	-2.0934	-2.3271	-2.4642	-2.5667	-2.1066	0.70682	0.88391	0.70342	0.50233	0.30438	0.14569	0.18683	0.18533	0.10526	9.0208
978.07	0.1302	0.069353	-0.07513	-0.22113	-0.32394	-0.43307	-0.608	-0.69631	-0.80319	-0.98529	-1.0464	-1.1678	-1.3589	-1.5694	-1.8607	-2.0657	-1.9859	-2.206	-2.2887	-2.3249	-1.8505	0.7682	0.87912	0.67861	0.47948	0.27597	0.12992	0.18689	0.18416	0.1053	8.5279
980.94	0.12727	0.08766	-0.074912	-0.22412	-0.32016	-0.43676	-0.58665	-0.69169	-0.78337	-0.97225	-1.0216	-1.1238	-1.2921	-1.501	-1.748	-1.9616	-1.8583	-2.0253	-2.035	-1.9965	-1.5033	0.84578	0.87276	0.64571	0.45243	0.26095	0.11862	0.17936	0.17257	0.12457	8.0318
981.47	0.15528	0.092546	-0.085387	-0.22157	-0.3299	-0.41299	-0.57777	-0.68484	-0.78295	-0.94508	-0.96602	-1.098	-1.2629	-1.4183	-1.6796	-1.8616	-1.7774	-1.9121	-1.8645	-1.7775	-1.2319	0.85973	0.81416	0.6014	0.436	0.22982	0.10278	0.15366	0.17861	0.11276	7.5537
983.7	0.15747	0.084952	-0.085194	-0.24645	-0.32491	-0.44048	-0.59964	-0.682	-0.77582	-0.91128	-0.96255	-1.0536	-1.2429	-1.4031	-1.6237	-1.7727	-1.6798	-1.7718	-1.6629	-1.515	-0.98051	0.88652	0.80097	0.56802	0.40137	0.22028	0.075925	0.13705	0.17943	0.1034	7.0694
991.87	0.14986	0.095237	-0.099521	-0.23003	-0.32784	-0.43562	-0.5705	-0.66869	-0.76145	-0.87992	-0.94195	-1.0255	-1.1574	-1.3844	-1.5178	-1.6961	-1.5668	-1.6169	-1.4694	-1.2764	-0.75237	0.90444	0.75186	0.51866	0.36736	0.17885	0.060898	0.14283	0.17796	0.10771	6.5934
985.71	0.15715	0.10197	-0.095489	-0.2363	-0.31861	-0.41368	-0.5631	-0.64581	-0.74615	-0.8753	-0.94273	-0.98316	-1.1722	-1.3295	-1.4464	-1.6082	-1.4415	-1.4872	-1.2743	-1.0291	-0.50363	0.91891	0.72008	0.48522	0.32802	0.16068	0.045578	0.13793	0.16197	0.11747	6.116
990.92	0.15632	0.12465	-0.11119	-0.23505	-0.33096	-0.42623	-0.54682	-0.64113	-0.71564	-0.86568	-0.87186	-0.95305	-1.1341	-1.2569	-1.3694	-1.4967	-1.3272	-1.3444	-1.0827	-0.80789	-0.25684	0.91189	0.66123	0.43677	0.29957	0.14321	0.030922	0.12798	0.15869	0.13237	5.6453
989.75	0.18056	0.090547	-0.12059	-0.24614	-0.32293	-0.40708	-0.56687	-0.64061	-0.70183	-0.82643	-0.87161	-0.91254	-1.0911	-1.1999	-1.3028	-1.4234	-1.2533	-1.2081	-0.90985	-0.57699	-0.069835	0.89209	0.59811	0.36423	0.25979	0.097274	0.0093088	0.10505	0.15036	0.10406	5.1863
995.59	0.17446	0.10582	-0.10722	-0.23276	-0.28615	-0.41324	-0.52617	-0.61006	-0.70698	-0.78906	-0.82738	-0.8865	-1.0219	-1.1478	-1.2233	-1.3403	-1.1447	-1.0958	-0.77375	-0.40203	0.089053	0.87266	0.52983	0.32344	0.22503	0.082701	0.0020794	0.10558	0.1386	0.11116	4.7534
993.46	0.16727	0.095084	-0.078585	-0.23206	-0.32591	-0.41167	-0.52488	-0.60113	-0.67003	-0.80955	-0.81524	-0.84138	-0.9799	-1.0848	-1.1539	-1.2524	-1.0406	-0.94748	-0.60311	-0.24146	0.26262	0.86905	0.4723	0.27482	0.17887	0.063739	-0.0086992	0.10351	0.13405	0.123	4.3288
995.38	0.16695	0.10463	-0.10148	-0.24236	-0.30854	-0.39134	-0.50457	-0.57828	-0.63564	-0.76796	-0.76824	-0.85081	-0.94708	-1.0341	-1.0798	-1.1674	-0.92986	-0.8272	-0.43604	-0.058913	0.40346	0.81275	0.37421	0.2204	0.13596	0.045789	-0.026624	0.090687	0.11928	0.12534	3.9288
995.16	0.18839	0.1156	-0.11072	-0.23525	-0.30442	-0.3731	-0.50951	-0.57968	-0.64372	-0.74935	-0.74063	-0.83167	-0.91821	-0.98445	-1.0054	-1.0809	-0.85878	-0.71953	-0.31864	0.10748	0.53963	0.73206	0.28083	0.15481	0.10938	0.012686	-0.052945	0.074636	0.12777	0.13695	3.4968
1000.8	0.17982	0.083501	-0.12614	-0.23986	-0.31659	-0.36858	-0.51504	-0.565	-0.63089	-0.70905	-0.7327	-0.78857	-0.87108	-0.92698	-0.93775	-1.0145	-0.77933	-0.62414	-0.17473	0.22543	0.62856	0.6497	0.19004	0.10267	0.069082	-0.027912	-0.060974	0.076498	0.13788	0.11315	3.0635
1000.4	0.1824	0.089586	-0.11588	-0.23878	-0.28895	-0.36752	-0.49486	-0.55889	-0.60217	-0.71433	-0.7104	-0.71888	-0.84346	-0.89194	-0.92331	-0.96336	-0.71124	-0.52904	-0.094063	0.32459	0.69718	0.61628	0.11202	0.070068	0.039997	-0.048196	-0.075279	0.061688	0.13072	0.11703	2.7046
1003.3	0.19185	0.096563	-0.11325	-0.23452	-0.28533	-0.35795	-0.46588	-0.51672	-0.58857	-0.67497	-0.68075	-0.73591	-0.79353	-0.8422	-0.84254	-0.88543	-0.60865	-0.42844	0.020349	0.42759	0.76981	0.55267	0.015279	0.014065	-0.0023462	-0.053106	-0.088107	0.077444	0.11473	0.11924	2.346
1004.3	0.17794	0.10732	-0.11999	-0.24495	-0.27814	-0.35398	-0.46663	-0.51623	-0.58407	-0.65945	-0.67885	-0.69145	-0.77604	-0.82375	-0.79067	-0.82043	-0.55974	-0.35811	0.10195	0.52586	0.81621	0.46118	-0.081052	-0.056786	-0.012892	-0.089654	-0.097508	0.06372	0.10144	0.12295	1.9459
1005.1	0.19649	0.10241	-0.11304	-0.23765	-0.27652	-0.35852	-0.46385	-0.52717	-0.58227	-0.64402	-0.67203	-0.70043	-0.75496	-0.79249	-0.74703	-0.79213	-0.5246	-0.32353	0.17261	0.57471	0.83907	0.40128	-0.13034	-0.076463	-0.041858	-0.12111	-0.12111	0.063666	0.11213	0.12412	1.6297
1008.2	0.18719	0.088893	-0.11952	-0.22984	-0.27568	-0.34898	-0.466	-0.50666	-0.54519	-0.63835	-0.65752	-0.67786	-0.711	-0.75258	-0.69387	-0.72679	-0.45881	-0.22924	0.22828	0.64021	0.86389	0.30513	-0.25417	-0.13869	-0.094257	-0.13205	-0.1172	0.03628	0.1106	0.1212	1.3233
1006.2	0.1913	0.095085	-0.13572	-0.21494	-0.27623	-0.33397	-0.44785	-0.50011	-0.54105	-0.62478	-0.62512	-0.66284	-0.6846	-0.71533	-0.66038	-0.67702	-0.40036	-0.15333	0.3126	0.68943	0.87346	0.23117	-0.31877	-0.17143	-0.11813	-0.15751	-0.12098	0.047705	0.12996	0.10999	1.0187
1009.2	0.16963	0.094803	-0.13191	-0.22138	-0.2823	-0.34143	-0.42631	-0.49108	-0.53293	-0.618	-0.60336	-0.62142	-0.65484	-0.69216	-0.63169	-0.63672	-0.33381	-0.10823	0.3511	0.71712	0.88001	0.13996	-0.42228	-0.22755	-0.15845	-0.14825	-0.12888	0.043037	0.10214	0.11347	0.73999
1009.5	0.20557	0.093575	-0.14209	-0.22485	-0.28496	-0.32084	-0.43569	-0.48967	-0.53146	-0.5956	-0.57828	-0.60625	-0.638	-0.66268	-0.58469	-0.58545	-0.30658	-0.072765	0.39517	0.77115	0.89015	0.062351	-0.49831	-0.27138	-0.16365	-0.17583	-0.15125	0.027182	0.084224	0.12232	0.48708
1012.8	0.19129	0.080124	-0.14276	-0.2382	-0.25936	-0.32701	-0.43901	-0.48055	-0.51802	-0.58137	-0.57764	-0.59479	-0.60828	-0.62436	-0.54547	-0.55224	-0.26012	-0.0071152	0.47839	0.81113	0.88467	-0.047381	-0.56771	-0.31426	-0.19057	-0.20029	-0.17544	0.040628	0.098214	0.11687	0.21515
1011.3	0.1891	0.089817	-0.12823	-0.21621	-0.25974	-0.32388	-0.4266	-0.46618	-0.49923	-0.57729	-0.55613	-0.57529	-0.59441	-0.59257	-0.52491	-0.50992	-0.23096	0.051831	0.49935	0.84198	0.89767	-0.10875	-0.64212	-0.34355	-0.19347	-0.20058	-0.16393	0.038429	0.10788	0.11197	0.016942
1010.5	0.1818	0.073115	-0.12605	-0.23873	-0.27092	-0.32412	-0.42454	-0.45898	-0.4996	-0.57279	-0.55405	-0.56484	-0.57176	-0.58248	-0.49057	-0.48675	-0.19419	0.072846	0.52477	0.85421	0.87491	-0.16048	-0.70518	-0.37381	-0.23553	-0.21829	-0.17583	0.022632	0.099621	0.11966	-0.18595
1012.6	0.15793	0.083728	-0.12241	-0.23473	-0.26627	-0.31867	-0.39169	-0.46058	-0.48559	-0.55812	-0.54054	-0.55151	-0.54665	-0.55799	-0.46027	-0.46523	-0.14832	0.11457	0.56778	0.87053	0.86278	-0.26113	-0.78706	-0.42375	-0.2416	-0.2504	-0.17901	0.0090482	0.092289	0.11815	-0.39671
1015.5	0.18337	0.091824	-0.14238	-0.21882	-0.26275	-0.30697	-0.41418	-0.46424	-0.48547	-0.56139	-0.51545	-0.53908	-0.53679	-0.54938	-0.44696	-0.41994	-0.12338	0.14033	0.58036	0.87955	0.84472	-0.34496	-0.85558	-0.465	-0.26305	-0.24093	-0.18786	0.019146	0.10743	0.13546	-0.54671
1014.9	0.17238	0.079957	-0.14812	-0.20139	-0.24786	-0.30596	-0.4038	-0.4445	-0.4598	-0.52125	-0.51701	-0.52588	-0.51965	-0.49734	-0.41133	-0.39091	-0.10874	0.1822	0.61992	0.87881	0.82063	-0.41269	-0.90255	-0.48713	-0.26974	-0.26106	-0.21027	0.013529	0.11224	0.11283	-0.6791
1014.5	0.17986	0.072832	-0.11879	-0.20382	-0.24112	-0.31807	-0.42881	-0.43091	-0.46649	-0.53988	-0.51599	-0.52204	-0.51895	-0.49871	-0.40618	-0.38423	-0.085473	0.19272	0.62731	0.87404	0.8132	-0.4193	-0.93838	-0.50572	-0.28812	-0.25992	-0.2127	0.022545	0.092118	0.11919	-0.7684
1014.9	0.18102	0.075186	-0.11421	-0.22482	-0.22733	-0.29997	-0.40853	-0.44075	-0.465	-0.54211	-0.49597	-0.50558	-0.5077	-0.50548	-0.40733	-0.37528	-0.079304	0.19656	0.61042	0.89808	0.81934	-0.44806	-0.95876	-0.52849	-0.2867	-0.26731	-0.21261	-0.011232	0.087333	0.1141	-0.85767
1014.6	0.17367	0.088336	-0.12556	-0.22489	-0.25479	-0.31564	-0.39683	-0.43337	-0.46904	-0.54473	-0.49612	-0.50709	-0.50417	-0.50797	-0.38485	-0.37735	-0.047439	0.20837	0.63794	0.87652	0.80664	-0.48464	-0.99695	-0.5436	-0.30637	-0.25864	-0.21151	0.007905	0.075496	0.12171	-0.91983
1017.2	0.17691	0.083344	-0.12748	-0.21846	-0.25822	-0.30765	-0.39815	-0.4235	-0.46782	-0.5176	-0.49113	-0.48822	-0.4946	-0.49387	-0.36394	-0.35883	-0.03875	0.22737	0.63746	0.89474	0.79032	-0.524	-1.0078	-0.57658	-0.28604	-0.29411	-0.19457	0.0045152	0.096599	0.12139	-0.96285
1014.6	0.17243	0.082367	-0.14251	-0.21551	-0.25068	-0.31564	-0.4264	-0.42711	-0.46774	-0.52509	-0.50479	-0.48679	-0.4959	-0.48119	-0.37686	-0.35	-0.04621	0.22796	0.65813	0.89065	0.79627	-0.51787	-1.0043	-0.5643	-0.29462	-0.28488	-0.20446	0.016912	0.095666	0.1053	-1.017
1018.5	0.173	0.07373	-0.12169	-0.19717	-0.23198	-0.31323	-0.3894	-0.42796	-0.45817	-0.52429	-0.49298	-0.493	-0.48757	-0.47701	-0.36879	-0.35838	-0.049698	0.22708	0.64021	0.87826	0.7932	-0.51908	-1.0272	-0.58159	-0.32728	-0.28129	-0.20602	0.0056326	0.095297	0.10489	-0.99631
1014.4	0.18112	0.083579	-0.12671	-0.22728	-0.24115	-0.3217	-0.37797	-0.44348	-0.46134	-0.5252	-0.47517	-0.48418	-0.4914	-0.48711	-0.36896	-0.3403	-0.032726	0.23454	0.65708	0.8947	0.79125	-0.55872	-1.0558	-0.59546	-0.32862	-0.28244	-0.22211	0.012411	0.093314	0.11416	-1.0154
1017.8	0.16944	0.088055	-0.12629	-0.22185	-0.25535	-0.27046	-0.39558	-0.43826	-0.46757	-0.52712	-0.47606	-0.49066	-0.49526	-0.49594	-0.3664	-0.34598	-0.035061	0.21163	0.64186	0.88915	0.81574	-0.5077	-1.0267	-0.55795	-0.31971	-0.27029	-0.21084	-0.0089548	0.089454	0.11881	-0.99472
1015.6	0.18335	0.082283	-0.1322	-0.20944	-0.22444	-0.29855	-0.38577	-0.41791	-0.44389	-0.51228	-0.49313	-0.50115	-0.47792	-0.47952	-0.35653	-0.34475	-0.042488	0.24599	0.66813	0.91668	0.79414	-0.55374	-1.0374	-0.58323	-0.30996	-0.29332	-0.20777	0.0067726	0.084898	0.13797	-1.0091
1018.8	0.16926	0.073707	-0.13967	-0.21929	-0.24555	-0.31552	-0.40578	-0.42284	-0.46062	-0.53146	-0.49159	-0.48611	-0.48925	-0.47223	-0.37662	-0.33589	-0.039911	0.24392	0.65658	0.88183	0.76973	-0.57442	-1.0488	-0.60659	-0.32198	-0.28991	-0.20128	-0.0010991	0.076365	0.099831	-0.96923
1016	0.16604	0.065574	-0.12087	-0.22107	-0.24487	-0.29607	-0.3951	-0.44029	-0.46192	-0.53296	-0.5004	-0.48748	-0.49522	-0.47821	-0.39097	-0.36025	-0.049823	0.21852	0.64894	0.88174	0.81849	-0.50218	-1.0005	-0.55779	-0.30986	-0.27077	-0.21473	0.0067705	0.089613	0.1165	-0.8513
1016.6	0.17826	0.085776	-0.12982	-0.22093	-0.24882	-0.3198	-0.38777	-0.43751	-0.46681	-0.53508	-0.48155	-0.50744	-0.50501	-0.50232	-0.39471	-0.36783	-0.063261	0.19753	0.63786	0.89915	0.84384	-0.42912	-0.9535	-0.51614	-0.29013	-0.25439	-0.18767	0.0011467	0.10021	0.11769	-0.70303
1014.4	0.18606	0.089545	-0.13802	-0.21556	-0.25073	-0.31691	-0.40519	-0.44348	-0.48213	-0.54485	-0.521	-0.52074	-0.53096	-0.53836	-0.41686	-0.4087	-0.10143	0.16531	0.61074	0.88827	0.84958	-0.37431	-0.89202	-0.47933	-0.26597	-0.24745	-0.20451	0.020296	0.10162	0.11037	-0.57702
1016.1	0.17341	0.072718	-0.13666	-0.22105	-0.24758	-0.31757	-0.42932	-0.45024	-0.48262	-0.55129	-0.5362	-0.55367	-0.54385	-0.53281	-0.4361	-0.41875	-0.13434	0.1546	0.59192	0.86882	0.84557	-0.33622	-0.86001	-0.46017	-0.2577	-0.25078	-0.19362	0.022509	0.10856	0.10388	-0.35999
1016	0.16974	0.067958	-0.13442	-0.22575	-0.26264	-0.31282	-0.40101	-0.46029	-0.48397	-0.57096	-0.54863	-0.54967	-0.55218	-0.54682	-0.46803	-0.44904	-0.15027	0.11289	0.57656	0.85223	0.86896	-0.27203	-0.78931	-0.43037	-0.23558	-0.22835	-0.18661	0.021386	0.090797	0.09885	-0.13963
1016.5	0.16841	0.092931	-0.12081	-0.23265	-0.25841	-0.33299	-0.41379	-0.4638	-0.50835	-0.5915	-0.56564	-0.56019	-0.56658	-0.57676	-0.49567	-0.47221	-0.17224	0.098492	0.53831	0.8505	0.87497	-0.21839	-0.75108	-0.39458	-0.21722	-0.222	-0.16661	0.026993	0.10378	0.12022	0.088862
1012.6	0.1901	0.087314	-0.12128	-0.23708	-0.25255	-0.31747	-0.42962	-0.47814	-0.51943	-0.57534	-0.56411	-0.5922	-0.60564	-0.63033	-0.51492	-0.51613	-0.2233	0.02167	0.49278	0.85122	0.89914	-0.088205	-0.64376	-0.32585	-0.19191	-0.17905	-0.16843	0.028227	0.11488	0.13207	0.33989
1015	0.18841	0.08114	-0.14132	-0.24119	-0.267	-0.3215	-0.44042	-0.46823	-0.53895	-0.60095	-0.58256	-0.60973	-0.63729	-0.65675	-0.58284	-0.59985	-0.30737	-0.055399	0.42509	0.7798	0.91123	0.04487	-0.49682	-0.26646	-0.16536	-0.17362	-0.14925	0.046167	0.096813	0.12039	0.61991
1015.6	0.19446	0.081089	-0.1322	-0.22933	-0.26136	-0.34045	-0.43896	-0.50546	-0.54121	-0.61897	-0.62426	-0.63774	-0.67824	-0.68077	-0.63564	-0.63852	-0.366	-0.12581	0.36548	0.74594	0.90289	0.15513	-0.39639	-0.21692	-0.11703	-0.16353	-0.15737	0.033766	0.11927	0.12914	0.88893
1015.2	0.17726	0.07874	-0.12774	-0.23177	-0.28473	-0.34777	-0.45688	-0.49191	-0.55053	-0.63763	-0.63442	-0.65425	-0.68588	-0.7148	-0.6718	-0.67881	-0.38822	-0.16371	0.30983	0.6846	0.88254	0.23661	-0.31594	-0.16876	-0.11969	-0.14113	-0.1246	0.051782	0.12999	0.1128	1.2158
1012.2	0.19634	0.09332	-0.12245	-0.24772	-0.2787	-0.3584	-0.4511	-0.50841	-0.56906	-0.6395	-0.64745	-0.6738	-0.71278	-0.75191	-0.71111	-0.72879	-0.4496	-0.23095	0.23095	0.63251	0.87214	0.34474	-0.21518	-0.10704	-0.084726	-0.096463	-0.11791	0.063219	0.11491	0.1106	1.5751
1012	0.19267	0.090946	-0.1304	-0.24895	-0.28562	-0.35848	-0.48559	-0.52609	-0.58872	-0.65933	-0.66372	-0.6848	-0.75167	-0.78009	-0.7406	-0.79065	-0.50873	-0.29645	0.19645	0.60171	0.83985	0.37813	-0.16621	-0.063266	-0.046805	-0.104	-0.10852	0.05646	0.1197	0.10936	1.8721
1013.2	0.19616	0.086063	-0.11667	-0.24631	-0.299	-0.35446	-0.48148	-0.54178	-0.59584	-0.66471	-0.67536	-0.74366	-0.79041	-0.83516	-0.80103	-0.84354	-0.58553	-0.40857	0.083203	0.50193	0.80254	0.46678	-0.079114	-0.033266	-0.023234	-0.067602	-0.10487	0.069925	0.12668	0.12566	2.2673
1014.4	0.1737	0.085964	-0.12558	-0.24369	-0.30687	-0.38402	-0.49513	-0.53615	-0.60035	-0.70201	-0.71917	-0.73874	-0.82446	-0.8773	-0.88927	-0.93541	-0.67688	-0.47863	-0.036914	0.3741	0.71996	0.58418	0.054234	0.030009	0.022477	-0.066273	-0.076588	0.06534	0.12654	0.11289	2.6435
1008.5	0.17471	0.10327	-0.10925	-0.23684	-0.30727	-0.37539	-0.49323	-0.55814	-0.61689	-0.73448	-0.72084	-0.81384	-0.85421	-0.91869	-0.93992	-0.98308	-0.7462	-0.57993	-0.14111	0.27024	0.6785	0.67275	0.15537	0.092629	0.060677	-0.010105	-0.061686	0.078177	0.13563	0.10847	3.0571
1012.3	0.19014	0.096898	-0.10657	-0.25239	-0.28553	-0.38478	-0.49493	-0.58365	-0.63279	-0.73417	-0.74667	-0.82569	-0.9017	-0.95374	-0.98571	-1.042	-0.80363	-0.66151	-0.23822	0.17005	0.58502	0.71533	0.22584	0.15449	0.089219	0.013722	-0.062628	0.09932	0.13868	0.13336	3.4339
1008.5	0.1921	0.093664	-0.13427	-0.25217	-0.30177	-0.38141	-0.52061	-0.59215	-0.66002	-0.75547	-0.78811	-0.80294	-0.93657	-1.0089	-1.0256	-1.1187	-0.88812	-0.7586	-0.34191	0.046579	0.48815	0.7698	0.30908	0.19093	0.12762	0.022571	-0.045161	0.0963	0.14279	0.1199	3.8691
1009.9	0.17075	0.092335	-0.11137	-0.24947	-0.2931	-0.40858	-0.53535	-0.60392	-0.6565	-0.76554	-0.78704	-0.84264	-0.94638	-1.0391	-1.0857	-1.1849	-0.96331	-0.82972	-0.41783	-0.049028	0.43671	0.7989	0.37006	0.2357	0.15105	0.040111	-0.030953	0.112	0.1569	0.12227	4.2836
1004.7	0.17537	0.092813	-0.10168	-0.22828	-0.32089	-0.39739	-0.54528	-0.59061	-0.67958	-0.80173	-0.81362	-0.87571	-0.99122	-1.0962	-1.1652	-1.2739	-1.0674	-0.97776	-0.62515	-0.25693	0.22565	0.86257	0.46948	0.28916	0.20454	0.061764	-0.01808	0.097803	0.16011	0.1127	4.734
1007.7	0.16988	0.10936	-0.10479	-0.25002	-0.31304	-0.39501	-0.52819	-0.62542	-0.69457	-0.82779	-0.84737	-0.89085	-1.0559	-1.1586	-1.2341	-1.3311	-1.1421	-1.0906	-0.77045	-0.40756	0.085373	0.88593	0.52839	0.32881	0.21707	0.10183	0.0032374	0.12245	0.14769	0.12	5.1539
1004.2	0.16174	0.094069	-0.10402	-0.26036	-0.33073	-0.43391	-0.57426	-0.64785	-0.70618	-0.85052	-0.86659	-0.94456	-1.1033	-1.2192	-1.315	-1.4562	-1.27	-1.2408	-0.95079	-0.62193	-0.10419	0.89551	0.61298	0.38222	0.2587	0.12364	0.022217	0.13426	0.15899	0.10384	5.5984
1004.3	0.15549	0.085622	-0.10172	-0.24968	-0.31272	-0.41329	-0.5754	-0.66169	-0.72842	-0.86531	-0.92405	-0.9937	-1.1413	-1.259	-1.3861	-1.5232	-1.3578	-1.374	-1.0935	-0.83219	-0.30579	0.89759	0.66971	0.46115	0.30218	0.15645	0.026954	0.13765	0.17695	0.1051	6.0771
999.73	0.14993	0.095701	-0.098742	-0.23061	-0.31275	-0.41882	-0.57682	-0.6609	-0.75283	-0.89542	-0.93832	-1.0312	-1.1633	-1.3404	-1.4721	-1.6382	-1.4835	-1.5048	-1.3107	-1.0955	-0.55313	0.91691	0.73231	0.50408	0.33666	0.17871	0.056845	0.15085	0.18137	0.11455	6.5675
1000.2	0.15989	0.090817	-0.07806	-0.24002	-0.33623	-0.45511	-0.59458	-0.67332	-0.77623	-0.91871	-0.96556	-1.0582	-1.2188	-1.3717	-1.5821	-1.7426	-1.6086	-1.6645	-1.5452	-1.3558	-0.84475	0.88064	0.7816	0.54002	0.36167	0.18751	0.075866	0.16335	0.18009	0.097853	7.0289
998.56	0.14886	0.086113	-0.079334	-0.2404	-0.32008	-0.4327	-0.59192	-0.69475	-0.78011	-0.93639	-0.98974	-1.0984	-1.2609	-1.4319	-1.6644	-1.8545	-1.7458	-1.8555	-1.7999	-1.6844	-1.1568	0.86462	0.82755	0.57592	0.4113	0.22081	0.099831	0.16247	0.19002	0.11468	7.5278
1001.1	0.14597	0.075011	-0.097461	-0.22673	-0.33036	-0.42189	-0.60001	-0.70313	-0.79392	-0.95515	-1.0199	-1.1409	-1.309	-1.4908	-1.7208	-1.935	-1.8582	-2.0215	-2.0157	-2.0044	-1.4941	0.81353	0.85394	0.64901	0.46977	0.26076	0.10552	0.17004	0.21238	0.11823	7.9945
996.22	0.12154	0.075378	-0.093334	-0.22903	-0.32083	-0.45568	-0.60656	-0.71933	-0.80178	-0.98234	-1.0425	-1.163	-1.3566	-1.5574	-1.8512	-2.0499	-1.9847	-2.1884	-2.2531	-2.2878	-1.7931	0.7815	0.88053	0.68263	0.492	0.28748	0.13233	0.19151	0.20134	0.10595	8.5084
996.33	0.11021	0.064437	-0.085264	-0.22066	-0.3431	-0.43977	-0.62577	-0.69757	-0.83211	-0.99848	-1.084	-1.2112	-1.3977	-1.607	-1.9228	-2.1333	-2.077	-2.2959	-2.398	-2.4839	-1.9908	0.7312	0.88541	0.70129	0.50125	0.28491	0.14068	0.20181	0.19528	0.10465	8.9738
