16251	12	12	88	28.1	771.5	1	6	8	1.206	128	4096	10	0	0	0	0	154.37	1012.8	1.4832e+006	0.11861	0.050497	41.267	0	0	1	0	0	0	4	0	0
1005.7	0.32475	0.3329	-0.11836	-0.24759	-0.27112	-0.35364	-0.53845	-0.55744	-0.72913	-0.72468	-0.83587	-0.86465	-1.1247	-1.2203	-1.3747	-1.5555	-1.2843	-1.335	-1.1249	-0.83978	-0.33443	0.89464	0.64732	0.49299	0.31865	0.22001	0.20119	0.22243	0.30723	0.28265	6.7358
1002.6	0.33325	0.33512	-0.10614	-0.25902	-0.27194	-0.35594	-0.53411	-0.55028	-0.7616	-0.72939	-0.86099	-0.87963	-1.104	-1.2853	-1.4516	-1.6275	-1.3888	-1.4646	-1.2894	-1.0465	-0.50332	0.88437	0.69383	0.5166	0.36716	0.23838	0.21962	0.23337	0.31177	0.26819	7.152
1000.5	0.32018	0.32857	-0.094906	-0.24887	-0.28502	-0.33117	-0.54365	-0.5743	-0.77375	-0.76455	-0.8691	-0.92955	-1.124	-1.3376	-1.4965	-1.7162	-1.4764	-1.6015	-1.4368	-1.2208	-0.69627	0.89276	0.73125	0.56549	0.40896	0.26422	0.2296	0.23729	0.31243	0.2918	7.5618
1001.4	0.31737	0.34881	-0.087943	-0.26169	-0.30416	-0.33693	-0.53234	-0.59405	-0.80987	-0.79243	-0.9059	-0.93827	-1.1696	-1.413	-1.6029	-1.775	-1.5731	-1.723	-1.6268	-1.4709	-0.90174	0.89082	0.76894	0.57194	0.4284	0.29815	0.25197	0.2382	0.31333	0.26978	7.988
998.86	0.2931	0.34727	-0.096204	-0.25998	-0.30355	-0.34752	-0.5385	-0.58285	-0.79346	-0.80193	-0.94343	-0.95991	-1.2015	-1.4261	-1.6624	-1.8668	-1.6469	-1.8335	-1.7782	-1.6457	-1.1094	0.86588	0.79946	0.60959	0.4454	0.31921	0.2693	0.25025	0.31654	0.26534	8.3787
997.38	0.27846	0.33323	-0.067601	-0.24487	-0.29426	-0.3712	-0.5369	-0.58499	-0.79728	-0.83184	-0.94358	-1.0027	-1.2351	-1.491	-1.7448	-1.9531	-1.7342	-1.9452	-1.9681	-1.9161	-1.3773	0.83445	0.8367	0.66312	0.46863	0.33493	0.29715	0.26093	0.33029	0.27088	8.7889
995.89	0.28265	0.31428	-0.066549	-0.23688	-0.31143	-0.37053	-0.56663	-0.58331	-0.81435	-0.84309	-0.98788	-1.0414	-1.2801	-1.4588	-1.8165	-2.0386	-1.8618	-2.0851	-2.1466	-2.1691	-1.6566	0.77673	0.8641	0.68402	0.48528	0.34943	0.27966	0.27279	0.3332	0.24942	9.1863
995.25	0.28787	0.29867	-0.08388	-0.21434	-0.29209	-0.37688	-0.5887	-0.60028	-0.83341	-0.85364	-1.0049	-1.0683	-1.3203	-1.5203	-1.8814	-2.1395	-1.9705	-2.2395	-2.3635	-2.4338	-1.9642	0.73898	0.86964	0.71961	0.52949	0.35985	0.30735	0.28444	0.331	0.26759	9.5399
993.34	0.29221	0.30411	-0.087501	-0.22791	-0.28147	-0.36414	-0.57654	-0.62956	-0.82307	-0.85904	-1.0157	-1.098	-1.3754	-1.5982	-1.972	-2.2254	-2.0846	-2.3826	-2.5659	-2.7233	-2.279	0.66486	0.87131	0.76326	0.55983	0.3835	0.31034	0.28729	0.36314	0.28229	9.9422
991.65	0.27755	0.29365	-0.098058	-0.22711	-0.28475	-0.35741	-0.58721	-0.63705	-0.84973	-0.87559	-1.0327	-1.1331	-1.4164	-1.6343	-2.0421	-2.3172	-2.1772	-2.5389	-2.7672	-3.0002	-2.5707	0.59471	0.87906	0.78103	0.57681	0.40717	0.32648	0.29699	0.34798	0.26082	10.291
991.65	0.28007	0.29854	-0.085339	-0.2391	-0.26234	-0.35373	-0.57995	-0.64601	-0.86435	-0.89442	-1.0542	-1.1386	-1.4521	-1.6867	-2.0707	-2.3932	-2.2488	-2.6645	-2.9483	-3.2118	-2.812	0.53001	0.84779	0.8022	0.60618	0.42762	0.33008	0.29699	0.35769	0.25565	10.671
992.6	0.26718	0.30678	-0.076012	-0.21132	-0.30267	-0.34727	-0.57213	-0.62492	-0.8914	-0.89482	-1.0823	-1.1445	-1.478	-1.7434	-2.1326	-2.4558	-2.3081	-2.7768	-3.141	-3.4728	-3.0769	0.44732	0.85822	0.80613	0.61227	0.46296	0.35615	0.29096	0.33795	0.26444	11.021
992.81	0.24063	0.28843	-0.05636	-0.21487	-0.3012	-0.35576	-0.57322	-0.63118	-0.89917	-0.91094	-1.0909	-1.2065	-1.5115	-1.7799	-2.1715	-2.5331	-2.4442	-2.9083	-3.3261	-3.7295	-3.3781	0.36179	0.85179	0.83298	0.6348	0.46031	0.35367	0.30125	0.35121	0.25922	11.339
987.61	0.22921	0.27034	-0.057815	-0.22804	-0.27325	-0.35641	-0.57138	-0.64994	-0.8879	-0.93465	-1.1056	-1.2059	-1.5393	-1.8359	-2.2445	-2.6047	-2.5087	-3.0189	-3.5157	-3.992	-3.6875	0.28881	0.84247	0.85272	0.65155	0.4807	0.37482	0.3144	0.37012	0.24892	11.677
984.64	0.20446	0.25025	-0.088274	-0.19492	-0.27126	-0.36983	-0.58773	-0.639	-0.8879	-0.95392	-1.128	-1.2416	-1.5743	-1.8703	-2.3034	-2.6881	-2.6099	-3.1383	-3.6916	-4.2398	-3.9657	0.20022	0.83241	0.87306	0.66024	0.4873	0.38563	0.32927	0.35901	0.24316	11.99
985.06	0.21454	0.23908	-0.091729	-0.19966	-0.26832	-0.36473	-0.59966	-0.6542	-0.89822	-0.94465	-1.1492	-1.2801	-1.5983	-1.8971	-2.3366	-2.7493	-2.6757	-3.2769	-3.8552	-4.4445	-4.2536	0.11512	0.8031	0.89755	0.68953	0.48966	0.377	0.32681	0.35275	0.24826	12.264
986.97	0.20778	0.24353	-0.1206	-0.19807	-0.24528	-0.34309	-0.58634	-0.64392	-0.91117	-0.93273	-1.1623	-1.2804	-1.6349	-1.9209	-2.3895	-2.8012	-2.7588	-3.4034	-4.0285	-4.6789	-4.5212	0.027848	0.77516	0.89935	0.6949	0.50669	0.39436	0.32618	0.35573	0.25037	12.561
984.85	0.20187	0.2416	-0.12086	-0.18281	-0.22607	-0.33025	-0.56689	-0.65176	-0.87165	-0.95877	-1.1431	-1.2915	-1.6564	-1.9622	-2.4221	-2.8737	-2.8153	-3.5197	-4.2024	-4.9009	-4.7539	-0.060431	0.76928	0.9155	0.71522	0.52838	0.39521	0.33384	0.36749	0.25612	12.832
982.41	0.22405	0.23234	-0.12	-0.22319	-0.2238	-0.29766	-0.54874	-0.6676	-0.90199	-0.94594	-1.1639	-1.3115	-1.6719	-1.9948	-2.4721	-2.905	-2.8755	-3.5932	-4.3454	-5.1201	-5.0026	-0.14804	0.73458	0.9154	0.7116	0.53356	0.40589	0.33816	0.38556	0.23068	13.078
983.47	0.1754	0.25055	-0.11403	-0.18789	-0.24616	-0.29487	-0.53595	-0.63588	-0.92916	-0.97151	-1.1626	-1.2836	-1.6825	-2.0118	-2.5243	-2.9624	-2.9268	-3.658	-4.4976	-5.2989	-5.2285	-0.22971	0.71361	0.90256	0.72968	0.55489	0.42603	0.32618	0.35822	0.23694	13.363
983.58	0.14864	0.21729	-0.12802	-0.19754	-0.22354	-0.30225	-0.51514	-0.63581	-0.91566	-0.96888	-1.1727	-1.3211	-1.7013	-2.0465	-2.5501	-3.0044	-2.9796	-3.729	-4.6343	-5.4918	-5.4485	-0.30487	0.68076	0.91313	0.74576	0.5703	0.42598	0.33427	0.34961	0.23301	13.577
979.01	0.11478	0.18121	-0.11338	-0.19118	-0.2033	-0.30615	-0.52122	-0.60764	-0.89974	-0.96195	-1.1871	-1.3161	-1.7254	-2.0717	-2.6117	-3.0376	-3.038	-3.7911	-4.7643	-5.664	-5.6606	-0.37183	0.67253	0.93883	0.74653	0.56778	0.44256	0.32766	0.36231	0.21709	13.765
975.93	0.12156	0.16318	-0.12432	-0.19422	-0.21675	-0.27846	-0.52656	-0.58353	-0.90123	-0.96753	-1.1845	-1.3343	-1.7098	-2.0843	-2.613	-3.1	-3.0769	-3.8574	-4.8559	-5.8088	-5.828	-0.42649	0.67338	0.9406	0.75838	0.56308	0.43786	0.35211	0.35852	0.22565	13.9
978.8	0.1212	0.14292	-0.15559	-0.2143	-0.17354	-0.26523	-0.49926	-0.61686	-0.873	-0.94052	-1.1836	-1.3585	-1.7382	-2.083	-2.6246	-3.1132	-3.1277	-3.9381	-4.9353	-5.8983	-5.9493	-0.51969	0.63087	0.93904	0.76157	0.56272	0.4232	0.33474	0.371	0.22106	14.08
980.39	0.11207	0.14145	-0.17757	-0.19697	-0.18034	-0.23876	-0.49967	-0.59771	-0.86218	-0.97329	-1.1829	-1.3465	-1.7411	-2.0965	-2.6328	-3.1345	-3.1505	-3.9601	-5.0207	-6.0284	-6.0791	-0.5499	0.61972	0.95417	0.77384	0.57215	0.42615	0.33419	0.34584	0.20895	14.263
978.69	0.11866	0.1454	-0.18842	-0.20703	-0.18633	-0.23669	-0.50177	-0.58707	-0.86636	-0.94317	-1.1837	-1.3656	-1.7498	-2.0953	-2.6346	-3.146	-3.1865	-4.0103	-5.0799	-6.0868	-6.2226	-0.59753	0.60939	0.96178	0.76977	0.56537	0.42811	0.33361	0.37104	0.22632	14.359
978.27	0.10463	0.12938	-0.18029	-0.23386	-0.19493	-0.23306	-0.49217	-0.57824	-0.86001	-0.93339	-1.1778	-1.3311	-1.762	-2.1204	-2.6495	-3.1625	-3.1917	-4.0567	-5.1709	-6.2027	-6.3369	-0.65004	0.59064	0.96101	0.77417	0.5695	0.42951	0.32791	0.35028	0.19762	14.466
979.86	0.087836	0.14647	-0.19756	-0.24197	-0.22722	-0.20911	-0.44849	-0.55007	-0.8613	-0.93823	-1.1605	-1.3374	-1.7258	-2.1302	-2.6576	-3.1503	-3.1904	-4.0636	-5.2092	-6.2153	-6.3521	-0.64232	0.58968	0.93802	0.7702	0.60092	0.44704	0.33204	0.32391	0.22083	14.559
981.35	0.054511	0.12404	-0.19492	-0.25251	-0.22263	-0.22366	-0.43436	-0.56218	-0.83448	-0.94696	-1.1357	-1.3353	-1.7346	-2.0969	-2.6673	-3.1678	-3.2007	-4.0507	-5.2099	-6.2417	-6.376	-0.65132	0.57868	0.94135	0.77039	0.57805	0.43423	0.32805	0.33078	0.19309	14.634
979.22	0.041836	0.090934	-0.20003	-0.2482	-0.21744	-0.23035	-0.44878	-0.52968	-0.83763	-0.92739	-1.1599	-1.3228	-1.7231	-2.0978	-2.6828	-3.1868	-3.2013	-4.0825	-5.236	-6.2699	-6.3871	-0.64496	0.59007	0.9422	0.76124	0.57801	0.43882	0.32293	0.33027	0.18043	14.674
978.16	0.062374	0.093506	-0.22369	-0.2436	-0.18927	-0.22688	-0.44068	-0.49909	-0.82776	-0.91694	-1.1676	-1.3228	-1.7116	-2.1001	-2.6609	-3.1791	-3.2023	-4.0409	-5.2084	-6.2434	-6.4035	-0.65789	0.5831	0.95992	0.7553	0.56309	0.43078	0.34079	0.34047	0.17801	14.71
977.2	0.05987	0.077493	-0.23565	-0.24871	-0.1923	-0.20844	-0.44603	-0.52557	-0.82453	-0.89745	-1.1443	-1.3185	-1.7238	-2.0779	-2.6662	-3.1711	-3.2169	-4.0638	-5.1987	-6.2335	-6.3707	-0.63405	0.58367	0.95847	0.76959	0.57272	0.42023	0.3271	0.3445	0.16638	14.72
974.87	0.040739	0.077679	-0.22445	-0.26272	-0.18849	-0.18774	-0.41754	-0.51641	-0.80623	-0.89321	-1.1303	-1.3259	-1.7203	-2.0878	-2.6505	-3.1492	-3.208	-4.0858	-5.205	-6.2458	-6.3644	-0.659	0.57617	0.95	0.77687	0.58059	0.41269	0.31968	0.33792	0.18123	14.72
971.36	0.070549	0.07173	-0.22172	-0.2551	-0.1906	-0.19467	-0.42276	-0.53396	-0.82949	-0.90156	-1.1357	-1.3151	-1.7265	-2.0977	-2.6517	-3.1636	-3.2221	-4.0869	-5.2337	-6.2468	-6.4009	-0.64346	0.58335	0.96544	0.79057	0.5853	0.4105	0.31496	0.34409	0.18848	14.715
973.27	0.075558	0.086515	-0.22482	-0.27659	-0.21591	-0.1843	-0.41329	-0.51072	-0.80078	-0.8806	-1.1231	-1.3238	-1.7241	-2.0948	-2.6506	-3.1421	-3.203	-4.0775	-5.211	-6.256	-6.3667	-0.65002	0.58475	0.95755	0.77813	0.59066	0.41948	0.30847	0.33724	0.16706	14.725
973.7	0.036928	0.098907	-0.23532	-0.2728	-0.24435	-0.20669	-0.38722	-0.49746	-0.79637	-0.91219	-1.1136	-1.2908	-1.707	-2.0951	-2.6592	-3.1224	-3.1594	-4.054	-5.184	-6.2131	-6.3423	-0.61735	0.59469	0.95354	0.76692	0.59561	0.43275	0.30716	0.30865	0.17224	14.717
979.01	0.03033	0.090953	-0.21999	-0.25311	-0.23167	-0.23289	-0.40474	-0.48049	-0.82436	-0.87671	-1.1166	-1.2684	-1.6939	-2.0451	-2.631	-3.1075	-3.141	-3.9819	-5.1128	-6.1154	-6.2152	-0.59178	0.60033	0.94479	0.76817	0.57813	0.41946	0.31833	0.31681	0.17131	14.678
979.01	0.014974	0.07735	-0.20827	-0.26282	-0.21749	-0.2155	-0.40106	-0.50514	-0.80955	-0.87544	-1.1063	-1.2838	-1.6873	-2.0572	-2.6213	-3.1115	-3.1041	-3.9643	-5.0709	-6.0755	-6.1387	-0.57734	0.60919	0.94122	0.75059	0.57684	0.42432	0.31133	0.31067	0.15038	14.632
977.74	0.054715	0.071262	-0.20385	-0.24614	-0.21209	-0.20211	-0.40527	-0.48761	-0.77556	-0.87148	-1.1116	-1.2588	-1.6646	-2.0261	-2.593	-3.069	-3.1018	-3.9261	-4.9937	-6.0101	-6.0579	-0.55251	0.61887	0.96153	0.75292	0.56981	0.40905	0.29771	0.31969	0.14534	14.537
974.87	0.033028	0.075197	-0.23151	-0.22857	-0.19989	-0.19647	-0.42001	-0.48774	-0.79001	-0.8485	-1.0878	-1.278	-1.6686	-2.0308	-2.5563	-3.0424	-3.0688	-3.8765	-4.8847	-5.8512	-5.8937	-0.46824	0.64995	0.95479	0.75378	0.54679	0.41269	0.28922	0.32557	0.14576	14.383
976.99	0.067574	0.0899	-0.24509	-0.26337	-0.21651	-0.20475	-0.40558	-0.51918	-0.76266	-0.85685	-1.0739	-1.2584	-1.642	-1.9877	-2.5231	-2.9952	-3.0277	-3.8003	-4.7655	-5.693	-5.7274	-0.43048	0.646	0.94555	0.74537	0.5456	0.37768	0.29092	0.32486	0.1638	14.221
977.31	0.077809	0.098541	-0.22272	-0.25112	-0.20365	-0.19224	-0.40053	-0.50991	-0.7705	-0.85402	-1.0915	-1.265	-1.631	-1.9677	-2.5016	-2.9608	-2.9694	-3.719	-4.6739	-5.5644	-5.5776	-0.348	0.68512	0.92257	0.75189	0.52986	0.38608	0.28499	0.3186	0.15326	14.036
978.05	0.070066	0.12322	-0.23427	-0.27523	-0.20634	-0.19459	-0.40514	-0.50303	-0.78878	-0.84318	-1.0521	-1.2134	-1.6193	-1.959	-2.4652	-2.9251	-2.9099	-3.6878	-4.5656	-5.4269	-5.3771	-0.29214	0.70616	0.93021	0.74591	0.53853	0.38944	0.27776	0.3122	0.17148	13.843
978.37	0.068761	0.13184	-0.19786	-0.25935	-0.20627	-0.19701	-0.40132	-0.51975	-0.79391	-0.85564	-1.0711	-1.2369	-1.6035	-1.9463	-2.4409	-2.8775	-2.8657	-3.5918	-4.4261	-5.2412	-5.1321	-0.18199	0.7072	0.9168	0.71318	0.51633	0.37836	0.28234	0.30718	0.17273	13.631
980.6	0.066051	0.1266	-0.18571	-0.22118	-0.22138	-0.2102	-0.42857	-0.48489	-0.79883	-0.86131	-1.0686	-1.1739	-1.5798	-1.9165	-2.4161	-2.8305	-2.811	-3.5269	-4.3239	-5.0843	-4.9796	-0.11282	0.75364	0.90639	0.70616	0.50223	0.38357	0.27354	0.30402	0.15667	13.412
980.92	0.071138	0.12656	-0.1611	-0.21505	-0.19015	-0.225	-0.42843	-0.4912	-0.76363	-0.85088	-1.0529	-1.1973	-1.5612	-1.899	-2.3726	-2.8074	-2.7428	-3.4582	-4.2033	-4.963	-4.8185	-0.069542	0.75972	0.91085	0.68974	0.4956	0.37374	0.28161	0.29534	0.16575	13.133
981.77	0.10425	0.14495	-0.16096	-0.20639	-0.19141	-0.21614	-0.45007	-0.52442	-0.77237	-0.85394	-1.0494	-1.1851	-1.5428	-1.8589	-2.3376	-2.7666	-2.7214	-3.4012	-4.1075	-4.7994	-4.6563	-0.015205	0.78559	0.89461	0.6824	0.47452	0.3528	0.26857	0.30734	0.163	12.869
981.03	0.12604	0.16727	-0.17979	-0.19079	-0.1689	-0.25719	-0.45775	-0.52482	-0.75415	-0.82793	-1.0618	-1.1664	-1.5516	-1.8169	-2.2912	-2.7212	-2.6778	-3.3565	-3.9595	-4.6262	-4.4387	0.039103	0.77986	0.88697	0.67212	0.47875	0.34457	0.27692	0.30389	0.18532	12.579
984.64	0.14848	0.17403	-0.15467	-0.1925	-0.17392	-0.23402	-0.4451	-0.54482	-0.76878	-0.82363	-1.0323	-1.1872	-1.4975	-1.7995	-2.2472	-2.6639	-2.6086	-3.2473	-3.7932	-4.4014	-4.1967	0.1229	0.79967	0.88609	0.67369	0.45898	0.32517	0.2643	0.31012	0.17943	12.257
983.58	0.1792	0.19514	-0.13618	-0.19875	-0.15434	-0.22933	-0.46022	-0.51829	-0.78569	-0.81565	-1.0335	-1.1536	-1.5115	-1.793	-2.2262	-2.6134	-2.557	-3.1484	-3.6882	-4.2377	-4.0128	0.1739	0.80306	0.85266	0.65557	0.45819	0.334	0.25878	0.30923	0.19005	11.951
984.64	0.18537	0.22812	-0.12089	-0.1925	-0.1979	-0.23402	-0.45119	-0.54611	-0.81027	-0.82743	-1.0349	-1.1328	-1.4729	-1.7815	-2.1649	-2.5703	-2.4923	-3.0684	-3.5777	-4.0875	-3.8268	0.23446	0.81605	0.85411	0.66024	0.44611	0.32397	0.2527	0.29667	0.21065	11.634
983.15	0.17801	0.22601	-0.096574	-0.19037	-0.20385	-0.23809	-0.46897	-0.52368	-0.79139	-0.84008	-1.0237	-1.1317	-1.4666	-1.7637	-2.1544	-2.5298	-2.4366	-2.9584	-3.452	-3.8961	-3.5772	0.32884	0.84125	0.82337	0.63162	0.41713	0.32567	0.26006	0.28854	0.18882	11.286
980.92	0.18607	0.2475	-0.080427	-0.17263	-0.20715	-0.24854	-0.47493	-0.52617	-0.80528	-0.8458	-1.0055	-1.1119	-1.4442	-1.728	-2.1332	-2.486	-2.3926	-2.8936	-3.3123	-3.7401	-3.3856	0.37615	0.85327	0.81811	0.61011	0.42712	0.31063	0.24551	0.29534	0.19317	10.929
982.2	0.21389	0.24841	-0.049962	-0.16151	-0.18708	-0.26431	-0.4682	-0.55006	-0.7774	-0.83455	-1.0183	-1.0993	-1.4214	-1.6921	-2.0823	-2.4424	-2.3173	-2.7738	-3.173	-3.5308	-3.1764	0.44874	0.8711	0.81942	0.59449	0.40463	0.29689	0.251	0.28883	0.19683	10.543
983.15	0.22515	0.26664	-0.081408	-0.14805	-0.20103	-0.2826	-0.50193	-0.52756	-0.77531	-0.81094	-0.99557	-1.0856	-1.3916	-1.6568	-2.0432	-2.3755	-2.2442	-2.6673	-3.0057	-3.3099	-2.9165	0.51357	0.87152	0.79609	0.57506	0.38619	0.30387	0.25657	0.30201	0.19924	10.186
983.26	0.23659	0.27523	-0.080236	-0.15167	-0.18264	-0.27886	-0.51165	-0.55334	-0.74976	-0.81972	-0.98652	-1.0771	-1.3658	-1.6025	-1.995	-2.3208	-2.1794	-2.5768	-2.8496	-3.0907	-2.6929	0.57103	0.87142	0.79007	0.575	0.38099	0.27478	0.24144	0.29831	0.22527	9.7767
985.17	0.25902	0.28698	-0.067273	-0.17792	-0.18088	-0.28819	-0.51187	-0.57418	-0.76971	-0.78779	-0.95527	-1.0597	-1.3546	-1.5623	-1.9472	-2.2298	-2.1221	-2.4736	-2.7205	-2.8981	-2.4728	0.60635	0.85966	0.76368	0.56313	0.37897	0.26096	0.23054	0.29773	0.22094	9.428
985.17	0.28827	0.31155	-0.062617	-0.18637	-0.20908	-0.29066	-0.51918	-0.56645	-0.79913	-0.7802	-0.96165	-1.0179	-1.3291	-1.5479	-1.9185	-2.1745	-2.0362	-2.3727	-2.5443	-2.6943	-2.2419	0.67479	0.85966	0.73881	0.54701	0.34938	0.26458	0.21314	0.30139	0.23134	9.0273
983.47	0.29386	0.31455	-0.051063	-0.18548	-0.23486	-0.28498	-0.49323	-0.56097	-0.77908	-0.78408	-0.94542	-1.0238	-1.2962	-1.5241	-1.8408	-2.1107	-1.9562	-2.2677	-2.3992	-2.4828	-2.0038	0.72793	0.84853	0.71993	0.50622	0.34482	0.2493	0.22861	0.28111	0.24475	8.6381
982.62	0.28519	0.33577	-0.055775	-0.205	-0.2492	-0.30007	-0.50098	-0.54594	-0.79853	-0.79744	-0.93601	-0.98276	-1.2717	-1.4809	-1.8245	-2.0429	-1.8996	-2.1672	-2.2762	-2.3032	-1.7834	0.77283	0.84422	0.68495	0.48914	0.3219	0.25558	0.22765	0.29605	0.23194	8.2587
984.85	0.2731	0.34976	-0.056815	-0.19608	-0.26415	-0.32285	-0.49132	-0.54084	-0.75122	-0.78299	-0.91858	-0.97915	-1.2366	-1.444	-1.7519	-1.989	-1.7955	-2.0493	-2.0935	-2.0994	-1.5617	0.81967	0.85113	0.66445	0.46249	0.29672	0.22841	0.22365	0.28805	0.23271	7.8211
987.61	0.29897	0.31201	-0.05201	-0.20516	-0.26763	-0.31333	-0.5021	-0.52003	-0.74245	-0.76819	-0.91347	-0.95555	-1.1897	-1.4017	-1.6978	-1.9162	-1.6984	-1.9121	-1.929	-1.877	-1.331	0.8383	0.83117	0.6437	0.43975	0.28049	0.22656	0.22302	0.27993	0.23854	7.4241
989.84	0.30843	0.33087	-0.071592	-0.1999	-0.2558	-0.29911	-0.51067	-0.51886	-0.73412	-0.735	-0.89618	-0.93258	-1.1625	-1.3615	-1.6299	-1.8488	-1.6242	-1.8154	-1.7578	-1.6686	-1.1235	0.86608	0.80299	0.60926	0.41736	0.24529	0.21763	0.21675	0.28903	0.23413	7.0062
991.75	0.30025	0.31437	-0.084172	-0.2091	-0.2301	-0.30834	-0.50848	-0.53707	-0.71012	-0.73107	-0.85899	-0.9197	-1.1236	-1.3005	-1.56	-1.7643	-1.5583	-1.7131	-1.5916	-1.4695	-0.9092	0.87647	0.76392	0.58456	0.40054	0.23715	0.18961	0.18754	0.27512	0.23496	6.5917
992.71	0.33656	0.32748	-0.094492	-0.2089	-0.23268	-0.31049	-0.51282	-0.534	-0.71873	-0.70151	-0.85309	-0.89668	-1.1103	-1.2862	-1.496	-1.6977	-1.4728	-1.6006	-1.4443	-1.2658	-0.72819	0.89316	0.7507	0.54876	0.38682	0.21649	0.18103	0.18851	0.28092	0.25667	6.1677
996.85	0.33265	0.35162	-0.083742	-0.2295	-0.25261	-0.29091	-0.47818	-0.51394	-0.7131	-0.6936	-0.82687	-0.8406	-1.0757	-1.2548	-1.4437	-1.617	-1.3693	-1.489	-1.2872	-1.0696	-0.50621	0.90363	0.69658	0.51138	0.34271	0.19525	0.17192	0.18314	0.28096	0.26203	5.7666
998.01	0.34607	0.34393	-0.084794	-0.234	-0.26762	-0.29545	-0.47882	-0.51207	-0.72415	-0.69029	-0.79821	-0.82448	-1.0679	-1.2284	-1.3771	-1.5416	-1.3004	-1.3784	-1.1625	-0.88279	-0.32249	0.90802	0.66594	0.46521	0.32639	0.17978	0.16575	0.15889	0.27098	0.25787	5.3737
996.95	0.32884	0.37101	-0.073381	-0.22113	-0.27627	-0.29454	-0.47452	-0.49095	-0.69452	-0.67604	-0.77763	-0.78816	-1.0306	-1.1693	-1.315	-1.4757	-1.1882	-1.2496	-1.0005	-0.70062	-0.14611	0.91117	0.61192	0.43295	0.27229	0.15836	0.1516	0.17052	0.25799	0.23502	4.9617
997.06	0.32379	0.35519	-0.064171	-0.23422	-0.25255	-0.31889	-0.48891	-0.47179	-0.67065	-0.66972	-0.76495	-0.77154	-0.98372	-1.123	-1.262	-1.4089	-1.1144	-1.1285	-0.84925	-0.52138	0.014786	0.8958	0.56334	0.39079	0.24305	0.13927	0.14203	0.17394	0.25917	0.24399	4.5419
996.74	0.33143	0.3383	-0.090655	-0.22714	-0.27075	-0.29582	-0.48184	-0.45665	-0.66425	-0.63744	-0.75889	-0.72769	-0.9728	-1.0653	-1.2096	-1.3437	-1.0423	-1.0212	-0.71407	-0.37373	0.14011	0.86008	0.50007	0.33358	0.22054	0.10626	0.11461	0.1591	0.24838	0.25434	4.1336
995.89	0.33926	0.34223	-0.093036	-0.21062	-0.2654	-0.28753	-0.4702	-0.44428	-0.641	-0.61172	-0.72547	-0.70625	-0.9324	-1.0258	-1.1401	-1.2652	-0.94824	-0.93696	-0.58637	-0.2117	0.28018	0.83789	0.44322	0.30693	0.20212	0.097439	0.10634	0.15464	0.25101	0.25585	3.7643
994.3	0.3524	0.33061	-0.096646	-0.22889	-0.24487	-0.29043	-0.47095	-0.45521	-0.62612	-0.59642	-0.70642	-0.68804	-0.91606	-0.98588	-1.085	-1.2015	-0.8784	-0.82119	-0.45153	-0.049427	0.41418	0.79766	0.33916	0.25464	0.15851	0.054254	0.089747	0.1457	0.25141	0.24982	3.384
996.1	0.36182	0.34945	-0.097619	-0.2249	-0.24443	-0.2594	-0.46167	-0.44929	-0.63028	-0.57533	-0.67991	-0.66749	-0.87692	-0.94139	-1.0301	-1.1157	-0.79685	-0.73857	-0.32607	0.0724	0.52035	0.75473	0.28501	0.19095	0.12632	0.059245	0.075244	0.142	0.24975	0.25965	3.0088
1000.1	0.36913	0.35167	-0.10755	-0.24063	-0.24067	-0.26686	-0.437	-0.45001	-0.60797	-0.55682	-0.64074	-0.69226	-0.82299	-0.90216	-0.93286	-1.0497	-0.71648	-0.6455	-0.21026	0.22595	0.6208	0.68753	0.18467	0.16803	0.1086	0.039997	0.055895	0.11059	0.23911	0.27269	2.6499
1002	0.35467	0.34617	-0.098187	-0.23661	-0.25961	-0.24937	-0.42299	-0.43014	-0.61471	-0.55203	-0.61946	-0.65531	-0.79348	-0.85799	-0.8974	-0.96169	-0.65426	-0.54379	-0.14249	0.28928	0.68653	0.61893	0.12368	0.089725	0.0714	0.012095	0.06173	0.11949	0.23986	0.26322	2.2705
1000.6	0.32891	0.35757	-0.097189	-0.22508	-0.25583	-0.27039	-0.41402	-0.40031	-0.59323	-0.54414	-0.62917	-0.66726	-0.74523	-0.82148	-0.85826	-0.92349	-0.56318	-0.46514	-0.025842	0.39265	0.75457	0.5742	0.037101	0.056056	0.02387	-0.020824	0.043976	0.11853	0.2354	0.25209	1.909
1003.3	0.34174	0.34935	-0.092348	-0.22802	-0.2399	-0.26844	-0.40092	-0.37769	-0.55482	-0.51906	-0.59363	-0.58192	-0.71248	-0.77212	-0.80074	-0.85969	-0.50457	-0.36482	0.049917	0.47345	0.8023	0.48807	-0.047051	-0.0022205	-0.014461	-0.03719	0.036735	0.12617	0.23596	0.25268	1.6168
1007.6	0.32538	0.33707	-0.10334	-0.2188	-0.24854	-0.26128	-0.40757	-0.3824	-0.55641	-0.50946	-0.56993	-0.56447	-0.67706	-0.729	-0.75852	-0.80885	-0.44562	-0.29228	0.13465	0.5504	0.83546	0.39103	-0.14778	-0.047354	-0.049876	-0.060933	0.0046796	0.1075	0.20987	0.22873	1.2672
1009.4	0.34838	0.33766	-0.10316	-0.21016	-0.2192	-0.25117	-0.40565	-0.39179	-0.51233	-0.49374	-0.55522	-0.54441	-0.65366	-0.69492	-0.6903	-0.75241	-0.38317	-0.23925	0.23114	0.62692	0.85481	0.31922	-0.24703	-0.07962	-0.068153	-0.082172	-0.001227	0.10505	0.22262	0.25497	0.94339
1008.5	0.34495	0.33075	-0.10779	-0.21977	-0.23729	-0.24295	-0.39885	-0.37826	-0.51014	-0.46698	-0.53326	-0.52036	-0.62645	-0.65568	-0.65072	-0.69309	-0.34894	-0.1488	0.27795	0.6727	0.87769	0.24293	-0.30626	-0.12364	-0.0879	-0.10612	-0.014212	0.10514	0.23355	0.24757	0.65353
1010.8	0.35778	0.34316	-0.11208	-0.22279	-0.22025	-0.23397	-0.39081	-0.35602	-0.50636	-0.44619	-0.51339	-0.50013	-0.59731	-0.62612	-0.59848	-0.66011	-0.28904	-0.12224	0.33097	0.71758	0.88997	0.16598	-0.40493	-0.17296	-0.11782	-0.1134	-0.024777	0.081163	0.22943	0.25079	0.37029
1011	0.34907	0.33594	-0.10072	-0.23335	-0.21611	-0.22913	-0.37177	-0.35348	-0.50631	-0.45354	-0.48102	-0.47155	-0.58063	-0.60034	-0.58239	-0.59043	-0.23238	-0.051457	0.39056	0.7562	0.88988	0.072371	-0.50301	-0.21678	-0.14662	-0.13345	-0.030663	0.087933	0.21393	0.2609	0.11444
1009.8	0.34203	0.34951	-0.11561	-0.22538	-0.21773	-0.23181	-0.36031	-0.33501	-0.49775	-0.43679	-0.49029	-0.43945	-0.55542	-0.57646	-0.53494	-0.57246	-0.17226	-0.0029656	0.43876	0.78936	0.88179	-0.014783	-0.57482	-0.27362	-0.16383	-0.13862	-0.017731	0.080118	0.2106	0.2574	-0.12526
1006.6	0.33565	0.35663	-0.10458	-0.22491	-0.22532	-0.23013	-0.34475	-0.34743	-0.49409	-0.44312	-0.47062	-0.43265	-0.53122	-0.56537	-0.51518	-0.53094	-0.13941	0.031244	0.46888	0.82294	0.89764	-0.085054	-0.66165	-0.31504	-0.18408	-0.15543	-0.029613	0.081505	0.19692	0.24422	-0.34403
1007.2	0.34165	0.32636	-0.087434	-0.22359	-0.21967	-0.2155	-0.36599	-0.32325	-0.48462	-0.40822	-0.4803	-0.40511	-0.50957	-0.52396	-0.49073	-0.51092	-0.11956	0.085159	0.50329	0.83407	0.89446	-0.14223	-0.69078	-0.32989	-0.21288	-0.17294	-0.044957	0.08599	0.21352	0.24152	-0.56745
1011.1	0.32178	0.32513	-0.10185	-0.21569	-0.21608	-0.23392	-0.3468	-0.32328	-0.48149	-0.41284	-0.47973	-0.40629	-0.4938	-0.52082	-0.45951	-0.49135	-0.093256	0.11235	0.5312	0.84768	0.88068	-0.20945	-0.76422	-0.37017	-0.22386	-0.18232	-0.053029	0.075496	0.21034	0.24821	-0.77637
1012.7	0.34601	0.31386	-0.10735	-0.21066	-0.19243	-0.21315	-0.34507	-0.31525	-0.4534	-0.40112	-0.45416	-0.39616	-0.47183	-0.48383	-0.43479	-0.46415	-0.057468	0.15536	0.56012	0.85923	0.85073	-0.26927	-0.81567	-0.39032	-0.23005	-0.19956	-0.055298	0.083274	0.20525	0.2592	-0.94214
1013.3	0.3359	0.31844	-0.12766	-0.20935	-0.19779	-0.21541	-0.36025	-0.32132	-0.45702	-0.3726	-0.44148	-0.38778	-0.47613	-0.4707	-0.39588	-0.42766	-0.040236	0.17226	0.60498	0.88829	0.8489	-0.36891	-0.89716	-0.42691	-0.24689	-0.21444	-0.069363	0.067441	0.21225	0.2603	-1.0887
1013.2	0.33965	0.32803	-0.13446	-0.21172	-0.19644	-0.20224	-0.34251	-0.33514	-0.43496	-0.37632	-0.42664	-0.38918	-0.45684	-0.46376	-0.3866	-0.40031	0.00029521	0.21674	0.61099	0.88967	0.82044	-0.46126	-0.9609	-0.48681	-0.24953	-0.23323	-0.070544	0.082103	0.20039	0.26412	-1.2288
1015.3	0.34881	0.3345	-0.12514	-0.23587	-0.19193	-0.21019	-0.33234	-0.31317	-0.45352	-0.37063	-0.42328	-0.35184	-0.45681	-0.44417	-0.36319	-0.36824	0.023589	0.23455	0.63346	0.90836	0.81743	-0.51386	-1.0273	-0.52255	-0.26987	-0.23025	-0.070397	0.058305	0.20946	0.25222	-1.3196
1016.7	0.32862	0.33285	-0.11595	-0.22619	-0.1985	-0.2111	-0.34488	-0.30026	-0.4529	-0.35788	-0.41158	-0.35271	-0.4314	-0.42962	-0.35606	-0.34824	0.045591	0.25378	0.63616	0.8943	0.80986	-0.54846	-1.0515	-0.54593	-0.28513	-0.23118	-0.059762	0.052609	0.20089	0.26447	-1.4214
1018.3	0.32934	0.32996	-0.10113	-0.20249	-0.20365	-0.21436	-0.33373	-0.31226	-0.43666	-0.37567	-0.40107	-0.33732	-0.42615	-0.42431	-0.34755	-0.33309	0.06141	0.2625	0.64108	0.89546	0.78019	-0.57858	-1.0901	-0.57028	-0.30029	-0.2358	-0.073699	0.061501	0.1923	0.26532	-1.501
1016.9	0.30761	0.31017	-0.10014	-0.19575	-0.19846	-0.21584	-0.33418	-0.2877	-0.42559	-0.36638	-0.40903	-0.34048	-0.40194	-0.40397	-0.33608	-0.31795	0.073733	0.30585	0.66803	0.89796	0.76314	-0.64994	-1.1232	-0.59399	-0.302	-0.25232	-0.079651	0.066077	0.20558	0.26064	-1.5916
1017.6	0.31354	0.30875	-0.10795	-0.20495	-0.21333	-0.23958	-0.32214	-0.29498	-0.43823	-0.36366	-0.4149	-0.32404	-0.40165	-0.40251	-0.31991	-0.31674	0.090799	0.31474	0.67702	0.88065	0.74579	-0.69329	-1.1724	-0.67149	-0.3369	-0.25836	-0.077253	0.068275	0.19242	0.25793	-1.625
1017.2	0.32599	0.31007	-0.12153	-0.20738	-0.17927	-0.19665	-0.36004	-0.29386	-0.42805	-0.35279	-0.41507	-0.34037	-0.40732	-0.39455	-0.3227	-0.3198	0.062697	0.31617	0.68441	0.89255	0.73964	-0.69679	-1.1741	-0.6282	-0.33834	-0.27716	-0.090158	0.059318	0.22327	0.25426	-1.6759
1015.5	0.3216	0.31178	-0.13528	-0.21006	-0.18368	-0.19698	-0.3571	-0.2981	-0.42098	-0.33499	-0.38608	-0.33283	-0.40617	-0.38823	-0.29001	-0.31838	0.081184	0.28147	0.69505	0.9056	0.74605	-0.69688	-1.1858	-0.63384	-0.32066	-0.26515	-0.087965	0.054918	0.22008	0.27865	-1.6854
1012.1	0.33753	0.31402	-0.12101	-0.20959	-0.17057	-0.22407	-0.33813	-0.31165	-0.43541	-0.35088	-0.39854	-0.33937	-0.41306	-0.39303	-0.30165	-0.30377	0.086377	0.31384	0.69619	0.90348	0.72127	-0.72393	-1.2094	-0.65325	-0.3322	-0.25852	-0.081202	0.060744	0.21844	0.25934	-1.7077
1013.7	0.33947	0.32905	-0.12421	-0.22685	-0.1936	-0.20573	-0.33997	-0.30239	-0.43343	-0.36016	-0.39048	-0.32665	-0.40136	-0.37843	-0.30118	-0.29254	0.09729	0.31073	0.68796	0.89306	0.72792	-0.74747	-1.2246	-0.67293	-0.32645	-0.26812	-0.078725	0.050508	0.20504	0.24756	-1.6965
1014.2	0.3467	0.3253	-0.12188	-0.22556	-0.19076	-0.19603	-0.32322	-0.29597	-0.4449	-0.35997	-0.37789	-0.33325	-0.40115	-0.3992	-0.29436	-0.2875	0.093558	0.3171	0.67691	0.89516	0.72495	-0.75029	-1.2228	-0.69788	-0.34064	-0.26423	-0.09277	0.063996	0.19306	0.26006	-1.687
1015.6	0.3228	0.33916	-0.10478	-0.20653	-0.21101	-0.19217	-0.32278	-0.29432	-0.42872	-0.36071	-0.39346	-0.30574	-0.3951	-0.39284	-0.30194	-0.26662	0.12529	0.32971	0.68667	0.8901	0.72138	-0.73964	-1.248	-0.69004	-0.36364	-0.25264	-0.078577	0.065036	0.20702	0.2534	-1.6791
1012.7	0.31014	0.30788	-0.11868	-0.21066	-0.19929	-0.21074	-0.35218	-0.28389	-0.42737	-0.35684	-0.39337	-0.308	-0.39902	-0.38233	-0.28016	-0.28698	0.12074	0.34114	0.71249	0.89013	0.68973	-0.81161	-1.2896	-0.73583	-0.34902	-0.27716	-0.09997	0.062969	0.20287	0.25414	-1.6663
1014.3	0.3232	0.31453	-0.10378	-0.21382	-0.20854	-0.22597	-0.33147	-0.29719	-0.42536	-0.34274	-0.40386	-0.32509	-0.38639	-0.38052	-0.29167	-0.27868	0.12545	0.34972	0.7006	0.90021	0.70413	-0.78881	-1.2508	-0.73345	-0.35496	-0.2617	-0.084545	0.068496	0.20372	0.24741	-1.6234
1015.9	0.32023	0.30569	-0.12394	-0.20061	-0.21642	-0.21963	-0.34868	-0.31923	-0.42469	-0.34833	-0.41807	-0.3435	-0.4014	-0.36597	-0.30716	-0.29873	0.089726	0.33222	0.68527	0.8911	0.69009	-0.77901	-1.2183	-0.69786	-0.34007	-0.28125	-0.090271	0.075133	0.21288	0.25206	-1.5312
1018.2	0.32445	0.31929	-0.12254	-0.20251	-0.18729	-0.21199	-0.34673	-0.30606	-0.43024	-0.34757	-0.40111	-0.35489	-0.39686	-0.3907	-0.2866	-0.30587	0.080973	0.32499	0.69087	0.89171	0.72474	-0.73565	-1.19	-0.66426	-0.32372	-0.25574	-0.092413	0.077214	0.20532	0.26157	-1.4119
1017	0.33714	0.29942	-0.1317	-0.21443	-0.20799	-0.21582	-0.34595	-0.3139	-0.4385	-0.37001	-0.40404	-0.3472	-0.412	-0.39115	-0.3148	-0.30622	0.087184	0.30712	0.68455	0.90812	0.74755	-0.69479	-1.167	-0.63292	-0.31889	-0.22862	-0.072619	0.073933	0.21976	0.26691	-1.2607
1017.4	0.32961	0.3338	-0.13954	-0.22252	-0.20518	-0.2229	-0.34463	-0.32501	-0.45387	-0.37476	-0.4014	-0.35245	-0.42558	-0.43163	-0.33192	-0.31096	0.066354	0.27834	0.64991	0.89621	0.77438	-0.65068	-1.1275	-0.62348	-0.30184	-0.2061	-0.064399	0.070533	0.21139	0.26428	-1.0728
1015.6	0.3376	0.32486	-0.11946	-0.24281	-0.1987	-0.22569	-0.35115	-0.32183	-0.45727	-0.37542	-0.41449	-0.35984	-0.4291	-0.43472	-0.3365	-0.33982	0.060343	0.26057	0.65106	0.88753	0.77834	-0.59722	-1.0941	-0.5798	-0.29325	-0.21021	-0.06217	0.081906	0.20465	0.25592	-0.88477
1015.4	0.3167	0.32016	-0.11948	-0.23116	-0.21379	-0.21257	-0.3524	-0.31815	-0.47424	-0.39635	-0.44303	-0.36668	-0.45124	-0.45808	-0.37778	-0.36332	0.028486	0.23844	0.62271	0.87488	0.81605	-0.5288	-1.0333	-0.53513	-0.26462	-0.19153	-0.044598	0.074046	0.22248	0.24463	-0.68708
1013.2	0.31245	0.32803	-0.12654	-0.21758	-0.21838	-0.22503	-0.37332	-0.3201	-0.47268	-0.40337	-0.44525	-0.37291	-0.46513	-0.47425	-0.39726	-0.39738	0.0064408	0.20497	0.60742	0.87808	0.82044	-0.46341	-0.97559	-0.49372	-0.25737	-0.20446	-0.042345	0.093378	0.21227	0.27297	-0.47969
1013.1	0.32856	0.297	-0.11523	-0.21878	-0.21154	-0.23225	-0.38402	-0.34396	-0.46882	-0.40833	-0.46637	-0.40548	-0.49374	-0.47546	-0.42528	-0.43069	-0.046386	0.1893	0.60034	0.88075	0.83221	-0.39153	-0.89857	-0.43506	-0.22472	-0.20072	-0.039999	0.091132	0.24556	0.26415	-0.21789
1013.1	0.32485	0.32329	-0.12995	-0.21878	-0.22388	-0.23585	-0.38995	-0.34897	-0.48964	-0.42677	-0.47382	-0.41904	-0.50756	-0.51278	-0.4466	-0.46493	-0.073413	0.13175	0.55989	0.84729	0.86336	-0.29277	-0.83002	-0.39707	-0.20643	-0.15819	-0.030599	0.10128	0.2218	0.27679	0.060091
1014.9	0.32921	0.31794	-0.14102	-0.23714	-0.2098	-0.21507	-0.39399	-0.36337	-0.50175	-0.43215	-0.50887	-0.4589	-0.52321	-0.53981	-0.47906	-0.51001	-0.12479	0.092349	0.52326	0.83679	0.87218	-0.19259	-0.72468	-0.3366	-0.17736	-0.15791	-0.022334	0.099974	0.24394	0.25737	0.3127
1013.2	0.34583	0.32564	-0.14012	-0.24809	-0.22934	-0.23823	-0.39701	-0.369	-0.5169	-0.44639	-0.50477	-0.45967	-0.56093	-0.5722	-0.52782	-0.54217	-0.16676	0.031041	0.4587	0.81631	0.89312	-0.075916	-0.6292	-0.28652	-0.14891	-0.13065	-0.0047475	0.11931	0.24078	0.26665	0.64713
1013.6	0.34816	0.33983	-0.13327	-0.2433	-0.23473	-0.24893	-0.38737	-0.39391	-0.53099	-0.46095	-0.51571	-0.48658	-0.58647	-0.60343	-0.5609	-0.5928	-0.2109	-0.036942	0.41332	0.77223	0.89793	0.041066	-0.53106	-0.22427	-0.14885	-0.095582	0.015223	0.11362	0.249	0.28423	0.93859
1013.5	0.34449	0.33509	-0.11858	-0.24567	-0.23749	-0.24775	-0.39452	-0.39019	-0.54534	-0.49172	-0.53312	-0.49612	-0.6114	-0.63264	-0.62621	-0.63687	-0.25881	-0.091852	0.35984	0.73243	0.89543	0.11082	-0.45648	-0.19092	-0.13188	-0.095592	0.024618	0.11927	0.23596	0.26277	1.2912
1013.9	0.33322	0.35525	-0.11514	-0.23619	-0.2552	-0.25844	-0.41922	-0.39002	-0.55681	-0.49889	-0.55768	-0.52571	-0.62403	-0.66383	-0.65258	-0.69037	-0.31149	-0.13625	0.2943	0.69226	0.88727	0.20838	-0.34744	-0.15173	-0.097874	-0.05805	0.031655	0.1395	0.2323	0.27277	1.6152
1013.1	0.33474	0.32806	-0.11523	-0.25751	-0.24993	-0.28265	-0.41365	-0.40163	-0.55858	-0.51406	-0.58295	-0.51801	-0.66969	-0.70287	-0.70109	-0.74281	-0.35474	-0.19783	0.24696	0.64651	0.87633	0.30624	-0.27795	-0.088539	-0.069207	-0.043086	0.054007	0.13624	0.25507	0.2553	1.9427
1011.5	0.32536	0.32379	-0.11541	-0.225	-0.25857	-0.2843	-0.43091	-0.39724	-0.56207	-0.52349	-0.60374	-0.57858	-0.69289	-0.72617	-0.75157	-0.79395	-0.44759	-0.25577	0.16273	0.57147	0.84392	0.36694	-0.17908	-0.042556	-0.028742	-0.045659	0.067037	0.14774	0.25547	0.26077	2.301
1011.4	0.33654	0.32383	-0.14378	-0.22738	-0.2325	-0.28192	-0.43808	-0.43245	-0.57124	-0.53093	-0.60753	-0.59901	-0.72895	-0.75896	-0.765	-0.845	-0.48578	-0.35012	0.10792	0.52124	0.8089	0.43794	-0.094493	0.015096	0.011835	-0.025614	0.065868	0.15453	0.27454	0.27092	2.6499
1011.7	0.34758	0.3321	-0.13126	-0.24846	-0.25714	-0.27943	-0.45692	-0.44111	-0.59712	-0.56154	-0.65453	-0.61647	-0.75916	-0.80193	-0.84081	-0.8996	-0.55575	-0.42597	0.017335	0.44117	0.76836	0.52703	-0.0013069	0.063508	0.057633	0.005714	0.079966	0.14997	0.28159	0.26071	3.041
1008.8	0.35477	0.34504	-0.11344	-0.23738	-0.25787	-0.2754	-0.45465	-0.46124	-0.62494	-0.57795	-0.6676	-0.70535	-0.80017	-0.84636	-0.8927	-0.96602	-0.63011	-0.51649	-0.077008	0.33386	0.70668	0.60506	0.078591	0.10531	0.084043	0.033372	0.099074	0.16285	0.28478	0.2678	3.413
1007.3	0.35281	0.35156	-0.11361	-0.27313	-0.2748	-0.29029	-0.44936	-0.46444	-0.64417	-0.59116	-0.6611	-0.68458	-0.831	-0.90508	-0.95164	-1.0255	-0.69529	-0.59879	-0.20875	0.22045	0.64507	0.68045	0.18335	0.15756	0.10914	0.078716	0.11695	0.17103	0.28042	0.27201	3.8175
1008.6	0.33622	0.34752	-0.11347	-0.25864	-0.28409	-0.30559	-0.46069	-0.47267	-0.64989	-0.60647	-0.70137	-0.77359	-0.86141	-0.93674	-0.99995	-1.1018	-0.76721	-0.70182	-0.31844	0.083134	0.53736	0.74967	0.27164	0.21055	0.14838	0.077358	0.12152	0.18327	0.28603	0.27674	4.1884
1008.1	0.3277	0.35611	-0.10101	-0.23755	-0.28837	-0.31178	-0.46927	-0.47293	-0.65285	-0.62532	-0.71919	-0.67863	-0.88963	-0.97591	-1.0634	-1.1654	-0.8491	-0.7863	-0.41905	-0.033231	0.44764	0.78783	0.33821	0.25694	0.17866	0.11512	0.13575	0.18677	0.30051	0.26672	4.6064
1006.6	0.32694	0.33619	-0.089766	-0.23909	-0.28604	-0.33157	-0.49143	-0.47236	-0.67083	-0.6547	-0.74271	-0.73148	-0.94009	-1.0219	-1.1307	-1.2409	-0.9097	-0.85985	-0.52864	-0.14468	0.33989	0.82032	0.4077	0.30482	0.19208	0.1304	0.14896	0.2086	0.29258	0.25949	5.0118
1004.6	0.33008	0.33084	-0.1105	-0.25968	-0.2797	-0.33102	-0.49839	-0.49607	-0.69186	-0.66222	-0.77047	-0.75072	-0.96891	-1.0616	-1.1666	-1.3026	-1.002	-0.99215	-0.66649	-0.315	0.20969	0.84578	0.47765	0.34142	0.23463	0.14328	0.1623	0.19992	0.28239	0.26766	5.3931
1003.4	0.33297	0.33001	-0.10948	-0.2505	-0.29248	-0.32898	-0.50136	-0.52703	-0.69791	-0.68905	-0.78388	-0.78581	-1.0677	-1.1088	-1.2392	-1.3832	-1.1036	-1.1003	-0.78139	-0.44271	0.063178	0.8717	0.5264	0.39645	0.27053	0.17502	0.17554	0.2013	0.30671	0.27435	5.8183
1004.1	0.33899	0.3286	-0.10941	-0.24679	-0.28261	-0.33362	-0.51898	-0.53681	-0.72635	-0.70474	-0.80966	-0.82498	-1.0903	-1.1551	-1.3043	-1.4573	-1.1785	-1.2104	-0.94297	-0.61904	-0.11758	0.88847	0.59153	0.43453	0.30464	0.17239	0.19084	0.21255	0.31491	0.26907	6.2292
