15771	12	12	88	26.8	771.5	1	3	8	0.241	128	4096	10	0	0	0	0	30.848	1010.9	1.49e+006	0.1185	0.010122	41.139	0	0	1	0	0	0	4	0	0
1006.6	0.11362	0.073983	-0.11263	-0.23345	-0.33616	-0.39131	-0.4897	-0.58025	-0.66333	-0.69115	-0.74722	-0.7929	-0.92585	-0.98702	-1.095	-1.135	-0.92771	-0.82929	-0.4303	-0.068985	0.40863	0.79963	0.36305	0.22449	0.1507	0.070236	0.045487	0.10436	0.14901	0.11509	4.2643
1005.5	0.096297	0.043963	-0.11161	-0.19823	-0.31579	-0.43283	-0.51767	-0.58339	-0.64831	-0.70551	-0.77175	-0.79783	-0.95281	-1.0186	-1.1552	-1.2357	-1.0265	-0.92636	-0.55423	-0.22855	0.26784	0.85131	0.46949	0.29548	0.18641	0.10056	0.045535	0.1147	0.14797	0.11266	4.7001
1003.8	0.10894	0.079007	-0.094661	-0.23528	-0.34262	-0.40329	-0.50539	-0.59703	-0.68222	-0.75509	-0.7693	-0.82518	-0.99905	-1.1062	-1.2352	-1.3129	-1.1224	-1.0797	-0.7461	-0.42118	0.10718	0.88959	0.52958	0.33432	0.22102	0.13609	0.068143	0.11148	0.14462	0.10903	5.1281
1006.5	0.085002	0.048732	-0.096689	-0.19332	-0.3224	-0.42154	-0.54581	-0.59419	-0.68567	-0.74691	-0.82345	-0.87623	-1.0613	-1.128	-1.2963	-1.402	-1.2332	-1.1716	-0.87109	-0.60792	-0.069459	0.88508	0.61813	0.38674	0.25332	0.11936	0.069145	0.14069	0.16098	0.1011	5.4756
1002.3	0.081606	0.068256	-0.085646	-0.22732	-0.35283	-0.44997	-0.50974	-0.62706	-0.7332	-0.78354	-0.84565	-0.88395	-1.0787	-1.1892	-1.369	-1.4671	-1.2843	-1.273	-1.0046	-0.75092	-0.17862	0.90284	0.6343	0.41626	0.2755	0.17296	0.091997	0.1219	0.15925	0.09258	5.9574
1002.8	0.10031	0.045293	-0.10505	-0.21419	-0.31528	-0.44978	-0.54903	-0.63946	-0.71449	-0.78694	-0.86659	-0.937	-1.1379	-1.2288	-1.4168	-1.5495	-1.3967	-1.3861	-1.1448	-0.91314	-0.37785	0.90246	0.69215	0.46726	0.31103	0.17668	0.11214	0.14919	0.17718	0.12702	6.302
997.25	0.063181	0.06739	-0.083784	-0.21537	-0.34348	-0.43886	-0.54725	-0.62772	-0.74751	-0.82626	-0.89028	-0.94356	-1.1198	-1.2841	-1.5181	-1.6277	-1.478	-1.5386	-1.3614	-1.1849	-0.61068	0.9249	0.74821	0.50259	0.33665	0.20435	0.13544	0.16147	0.16127	0.10204	6.7034
999.48	0.088103	0.051499	-0.11114	-0.23154	-0.32882	-0.46099	-0.56284	-0.6708	-0.7498	-0.81694	-0.91218	-0.9923	-1.1687	-1.3227	-1.5431	-1.7074	-1.5856	-1.6438	-1.4947	-1.3388	-0.8198	0.88802	0.76887	0.55981	0.39286	0.22925	0.12323	0.14739	0.18258	0.11847	7.0953
997.25	0.073227	0.043115	-0.081483	-0.22014	-0.35184	-0.44373	-0.55688	-0.65192	-0.76602	-0.86498	-0.93312	-1.0138	-1.176	-1.3813	-1.6223	-1.7619	-1.6415	-1.7232	-1.6177	-1.5013	-0.97457	0.88891	0.79422	0.5634	0.39241	0.24374	0.16767	0.16605	0.17937	0.10204	7.4776
996.61	0.088357	0.044356	-0.075783	-0.24533	-0.31165	-0.45256	-0.5753	-0.68292	-0.79031	-0.85428	-0.93497	-1.0379	-1.2263	-1.4142	-1.6653	-1.8406	-1.7462	-1.8812	-1.8219	-1.7391	-1.2127	0.86002	0.82086	0.61525	0.42852	0.28841	0.163	0.17074	0.17345	0.11239	7.826
994.38	0.053283	0.035936	-0.073643	-0.21719	-0.35006	-0.46702	-0.56935	-0.64869	-0.7987	-0.87373	-0.9775	-1.0595	-1.2404	-1.4435	-1.7573	-1.9304	-1.8302	-1.9894	-1.9933	-1.9961	-1.4825	0.84444	0.86634	0.64361	0.44679	0.28651	0.19329	0.18146	0.18352	0.099759	8.1647
993.75	0.069705	0.042049	-0.076001	-0.2257	-0.35308	-0.45019	-0.57213	-0.69384	-0.80982	-0.88432	-0.97939	-1.0851	-1.2984	-1.4611	-1.7992	-1.9785	-1.9128	-2.096	-2.1353	-2.1587	-1.6396	0.80121	0.85941	0.65341	0.47639	0.30072	0.18743	0.18273	0.18243	0.11915	8.5117
992.9	0.044528	0.014043	-0.063358	-0.19836	-0.34639	-0.47017	-0.57624	-0.6842	-0.80255	-0.92396	-1.0182	-1.1151	-1.3155	-1.5099	-1.8673	-2.0551	-1.9821	-2.1738	-2.2403	-2.3103	-1.8012	0.76685	0.89512	0.67629	0.47146	0.29587	0.19358	0.18058	0.18379	0.099909	8.8084
993.21	0.05839	0.046946	-0.072577	-0.21505	-0.33789	-0.47002	-0.58089	-0.71212	-0.82087	-0.90611	-1.0166	-1.1078	-1.3621	-1.5427	-1.9184	-2.1153	-2.0529	-2.2838	-2.4034	-2.5275	-2.0601	0.71404	0.88235	0.70542	0.50597	0.33406	0.2091	0.19777	0.20555	0.10375	9.1311
991.41	0.042069	0.011624	-0.078492	-0.18067	-0.33149	-0.45615	-0.59648	-0.67754	-0.80376	-0.93037	-1.0476	-1.15	-1.3825	-1.5706	-1.9913	-2.1882	-2.1408	-2.3976	-2.5622	-2.7373	-2.2906	0.67914	0.89396	0.742	0.52826	0.33851	0.21549	0.19814	0.2035	0.10393	9.4166
989.82	0.039605	0.027542	-0.055447	-0.22179	-0.34185	-0.47408	-0.58167	-0.71456	-0.841	-0.92935	-1.0417	-1.156	-1.4196	-1.6352	-1.9931	-2.2538	-2.2109	-2.5058	-2.704	-2.909	-2.4909	0.6275	0.88162	0.74555	0.53713	0.35954	0.21944	0.20538	0.20626	0.096338	9.6843
990.14	0.029471	0.009195	-0.069328	-0.1773	-0.31088	-0.4506	-0.5924	-0.71562	-0.8354	-0.93408	-1.0566	-1.1931	-1.4455	-1.6489	-2.0307	-2.3041	-2.2705	-2.5719	-2.8321	-3.0766	-2.6627	0.57347	0.88133	0.75709	0.55836	0.3735	0.22298	0.20531	0.19889	0.10536	9.9519
991.2	0.01048	0.022616	-0.078509	-0.20469	-0.33577	-0.44522	-0.58328	-0.70075	-0.86376	-0.96701	-1.0681	-1.1766	-1.4543	-1.6877	-2.0789	-2.3346	-2.3007	-2.6347	-2.9313	-3.2219	-2.8045	0.5575	0.88915	0.75863	0.56443	0.38589	0.24316	0.21546	0.19747	0.092327	10.218
985.89	0.018164	-0.0042734	-0.09522	-0.18168	-0.32349	-0.44885	-0.60225	-0.71483	-0.82564	-0.96716	-1.0891	-1.2359	-1.4858	-1.7064	-2.0997	-2.4015	-2.3914	-2.7376	-3.0461	-3.3967	-3.033	0.48659	0.88136	0.78756	0.59567	0.39311	0.23722	0.21662	0.22295	0.08633	10.432
989.82	0.010495	0.0018573	-0.056603	-0.17615	-0.30537	-0.47531	-0.59016	-0.70943	-0.85298	-0.97339	-1.0962	-1.2198	-1.495	-1.7426	-2.1609	-2.4591	-2.4347	-2.8217	-3.2179	-3.6058	-3.2454	0.44511	0.87661	0.80329	0.58662	0.421	0.25192	0.22269	0.19531	0.08081	10.63
986.31	0.0067262	-0.014092	-0.084713	-0.16955	-0.298	-0.43509	-0.602	-0.73255	-0.83731	-0.96927	-1.1103	-1.2562	-1.5183	-1.7584	-2.1549	-2.4849	-2.4925	-2.9043	-3.2855	-3.7257	-3.3849	0.36619	0.8684	0.81442	0.6075	0.41094	0.24195	0.22464	0.20455	0.10707	10.826
988.33	-0.0046986	-0.016511	-0.068295	-0.168	-0.31847	-0.42806	-0.56676	-0.68736	-0.84493	-0.98746	-1.0992	-1.2536	-1.5227	-1.7846	-2.1928	-2.4878	-2.5101	-2.9359	-3.3788	-3.8342	-3.5031	0.34564	0.86036	0.80449	0.61162	0.4242	0.27759	0.23342	0.209	0.083525	10.994
984.62	0.009281	-0.023948	-0.083695	-0.18312	-0.27171	-0.45683	-0.59938	-0.71318	-0.85615	-0.97601	-1.1059	-1.2374	-1.5465	-1.7866	-2.2079	-2.5284	-2.555	-2.9968	-3.4577	-3.9387	-3.6538	0.30608	0.86235	0.83833	0.63141	0.42838	0.25808	0.21226	0.22446	0.08384	11.146
986.63	-0.02248	-0.030037	-0.075385	-0.16829	-0.28242	-0.44728	-0.57747	-0.70785	-0.85573	-0.98663	-1.11	-1.2739	-1.5528	-1.8081	-2.239	-2.5464	-2.5586	-3.0081	-3.4971	-3.9769	-3.693	0.30435	0.8367	0.82479	0.61535	0.4442	0.27565	0.23036	0.20814	0.078477	11.303
983.55	-0.0072674	-0.031359	-0.10477	-0.17365	-0.29178	-0.43014	-0.58172	-0.71007	-0.87851	-0.97579	-1.1045	-1.2793	-1.5681	-1.8354	-2.2405	-2.5977	-2.6122	-3.0795	-3.5693	-4.0769	-3.8035	0.26771	0.85571	0.82974	0.64151	0.44559	0.25957	0.21598	0.21002	0.10476	11.422
987.38	-0.051645	-0.038594	-0.091592	-0.16455	-0.31597	-0.44201	-0.58068	-0.71118	-0.85776	-1.001	-1.1219	-1.2938	-1.5696	-1.8522	-2.2961	-2.6027	-2.6323	-3.1078	-3.6287	-4.1456	-3.8846	0.25566	0.85617	0.83598	0.62696	0.44258	0.28268	0.23018	0.19945	0.075825	11.495
983.34	0.0041952	-0.028905	-0.10363	-0.17369	-0.29043	-0.39809	-0.58062	-0.72444	-0.8787	-0.9684	-1.1239	-1.2949	-1.5779	-1.8514	-2.274	-2.6234	-2.6646	-3.1758	-3.7061	-4.266	-4.0129	0.19145	0.84202	0.8489	0.66049	0.46116	0.28021	0.22996	0.21006	0.093067	11.615
985.46	-0.03776	-0.041127	-0.084786	-0.16608	-0.2743	-0.4219	-0.55501	-0.69967	-0.82733	-0.9916	-1.1279	-1.2838	-1.5622	-1.8306	-2.2827	-2.6067	-2.6387	-3.1313	-3.6553	-4.2436	-3.9976	0.20097	0.85153	0.85181	0.64026	0.4473	0.26873	0.23642	0.21328	0.085066	11.654
985.15	-0.026329	-0.027622	-0.085979	-0.15527	-0.2899	-0.42697	-0.56737	-0.71537	-0.8597	-0.98306	-1.1257	-1.3037	-1.5873	-1.8648	-2.3109	-2.6337	-2.6623	-3.1862	-3.725	-4.2953	-4.0336	0.18006	0.82286	0.83077	0.63778	0.45645	0.28936	0.21911	0.19379	0.070795	11.73
985.57	-0.045385	-0.066915	-0.092923	-0.16364	-0.27286	-0.42926	-0.57078	-0.6996	-0.862	-0.99022	-1.1277	-1.285	-1.5791	-1.858	-2.3058	-2.6557	-2.6838	-3.2197	-3.7515	-4.3622	-4.1332	0.15019	0.82753	0.84817	0.65094	0.44854	0.28199	0.22249	0.21203	0.091556	11.755
983.13	-0.039126	-0.039991	-0.094319	-0.17131	-0.29049	-0.40435	-0.55999	-0.70909	-0.86013	-1.0092	-1.1293	-1.2798	-1.5897	-1.8578	-2.3088	-2.6593	-2.6665	-3.1913	-3.756	-4.3638	-4.1181	0.18486	0.84094	0.85027	0.63774	0.44707	0.28632	0.23699	0.20766	0.064428	11.764
982.81	-0.042963	-0.064638	-0.09435	-0.1629	-0.29765	-0.40201	-0.57116	-0.68993	-0.83225	-0.98413	-1.1283	-1.2747	-1.5788	-1.838	-2.3026	-2.64	-2.6635	-3.1735	-3.6959	-4.279	-4.0552	0.19045	0.82607	0.86004	0.64604	0.44335	0.27915	0.21265	0.20773	0.069661	11.751
982.38	-0.042981	-0.052344	-0.092055	-0.17991	-0.29778	-0.42199	-0.56041	-0.70962	-0.86346	-0.99344	-1.1352	-1.2752	-1.5947	-1.8484	-2.3119	-2.6401	-2.6495	-3.1641	-3.6975	-4.2702	-4.0222	0.20271	0.82643	0.83311	0.64497	0.45515	0.29502	0.2267	0.20169	0.061868	11.75
983.98	-0.022541	-0.043648	-0.087244	-0.16753	-0.27754	-0.42748	-0.57293	-0.70718	-0.8567	-0.97411	-1.1283	-1.2983	-1.5731	-1.8586	-2.2958	-2.6459	-2.6768	-3.1751	-3.7086	-4.2924	-4.0397	0.18359	0.85282	0.84835	0.64796	0.4454	0.2643	0.24491	0.20626	0.082593	11.735
985.57	-0.041572	-0.03498	-0.085942	-0.17329	-0.28977	-0.42309	-0.55617	-0.70604	-0.86735	-0.99275	-1.1252	-1.2585	-1.5649	-1.8628	-2.3044	-2.6165	-2.6535	-3.1565	-3.7026	-4.2656	-4.0025	0.20426	0.84263	0.83396	0.63751	0.45111	0.29407	0.22597	0.19005	0.074663	11.701
981.32	-0.035368	-0.056102	-0.10501	-0.16072	-0.27121	-0.41253	-0.57325	-0.71816	-0.85499	-0.96278	-1.1211	-1.2878	-1.5774	-1.8443	-2.2814	-2.6228	-2.646	-3.1716	-3.7051	-4.2788	-4.0211	0.20736	0.83491	0.85065	0.64431	0.4479	0.28078	0.22229	0.19087	0.074986	11.617
982.17	-0.027686	-0.051124	-0.06989	-0.17389	-0.2738	-0.42827	-0.55687	-0.68908	-0.84486	-0.97209	-1.1137	-1.2867	-1.5551	-1.8247	-2.2643	-2.5912	-2.6272	-3.0892	-3.6038	-4.1543	-3.8624	0.23265	0.84176	0.83447	0.63702	0.43331	0.28054	0.22093	0.20419	0.071009	11.477
983.66	-0.011088	-0.033815	-0.098932	-0.16759	-0.25503	-0.43256	-0.57189	-0.72033	-0.85028	-0.97822	-1.098	-1.2903	-1.5518	-1.8232	-2.232	-2.5641	-2.5967	-3.0724	-3.564	-4.0777	-3.8231	0.26878	0.83923	0.83914	0.63202	0.43266	0.2668	0.22292	0.19409	0.089129	11.325
984.08	-0.009808	-0.026424	-0.080244	-0.16269	-0.30856	-0.44226	-0.57896	-0.69678	-0.8459	-0.98286	-1.1026	-1.2493	-1.5454	-1.802	-2.2283	-2.5379	-2.5463	-2.9782	-3.4265	-3.8958	-3.573	0.33387	0.86659	0.81508	0.6156	0.42088	0.25822	0.22631	0.19156	0.079981	11.159
986.1	0.009267	-0.0055017	-0.092873	-0.17441	-0.27412	-0.40067	-0.57656	-0.70566	-0.86287	-0.96064	-1.0851	-1.2467	-1.5347	-1.7923	-2.1978	-2.5186	-2.5259	-2.9762	-3.4268	-3.872	-3.5803	0.33429	0.86356	0.8075	0.61703	0.42516	0.2589	0.2131	0.20825	0.086309	10.985
986	-0.016143	-0.030057	-0.060312	-0.1684	-0.29669	-0.42784	-0.58271	-0.6877	-0.84559	-0.97211	-1.0979	-1.2134	-1.5084	-1.7469	-2.1747	-2.4706	-2.4769	-2.8824	-3.2805	-3.7229	-3.358	0.39389	0.88	0.81232	0.60501	0.40335	0.25048	0.22819	0.18508	0.086319	10.765
983.45	0.014387	-0.016593	-0.077962	-0.17608	-0.3017	-0.424	-0.59032	-0.70498	-0.85046	-0.95944	-1.0791	-1.2347	-1.499	-1.7358	-2.1227	-2.4427	-2.4353	-2.8319	-3.186	-3.5509	-3.1929	0.45131	0.86841	0.79307	0.59984	0.39796	0.24992	0.20903	0.19168	0.094359	10.518
985.36	0.020715	-0.00182	-0.081303	-0.16971	-0.3138	-0.44909	-0.58065	-0.70104	-0.83812	-0.96769	-1.0834	-1.2045	-1.4828	-1.7169	-2.1104	-2.3907	-2.3762	-2.7565	-3.0795	-3.4276	-3.0399	0.49789	0.88561	0.79272	0.5839	0.3959	0.24339	0.20631	0.19375	0.096774	10.267
984.4	0.020735	0.0043279	-0.076722	-0.17712	-0.30423	-0.45199	-0.57634	-0.72494	-0.82956	-0.96356	-1.0716	-1.1833	-1.4492	-1.6802	-2.0836	-2.3387	-2.309	-2.6448	-2.9319	-3.2111	-2.7985	0.55803	0.89906	0.77098	0.55757	0.37568	0.23637	0.21347	0.1866	0.081257	10.038
986.84	0.028301	0.0067691	-0.076533	-0.18873	-0.31051	-0.4558	-0.58343	-0.70256	-0.81816	-0.9271	-1.041	-1.1637	-1.4238	-1.6365	-2.0484	-2.2746	-2.244	-2.5564	-2.8086	-3.0406	-2.617	0.60845	0.8893	0.75725	0.54546	0.36833	0.23217	0.20484	0.17882	0.10182	9.7345
986.31	0.030857	0.030093	-0.055644	-0.20089	-0.32617	-0.45235	-0.56913	-0.67975	-0.83463	-0.94402	-1.0199	-1.1476	-1.4028	-1.6398	-2.0043	-2.2326	-2.2011	-2.4731	-2.6708	-2.8545	-2.4224	0.64847	0.89229	0.73637	0.54172	0.36082	0.20695	0.19453	0.17282	0.10707	9.4393
988.33	0.046003	0.00063834	-0.071776	-0.1704	-0.31005	-0.44159	-0.58498	-0.68093	-0.80759	-0.90807	-1.0394	-1.1439	-1.3622	-1.5814	-1.9852	-2.1819	-2.1475	-2.3876	-2.558	-2.7405	-2.2858	0.67025	0.898	0.72307	0.51918	0.34341	0.20652	0.19875	0.17734	0.10555	9.1246
986.84	0.033378	0.025173	-0.055614	-0.2068	-0.31474	-0.46566	-0.5737	-0.67681	-0.81148	-0.90943	-1.0079	-1.1122	-1.3463	-1.5299	-1.9212	-2.1049	-2.0473	-2.2677	-2.3908	-2.516	-2.0294	0.7451	0.89558	0.70171	0.49314	0.3298	0.21045	0.19211	0.19224	0.088841	8.7889
989.82	0.06998	0.023872	-0.060079	-0.19777	-0.32221	-0.43847	-0.57318	-0.67093	-0.79174	-0.89664	-0.98835	-1.1019	-1.3111	-1.4931	-1.8513	-2.0254	-1.9606	-2.1404	-2.2107	-2.2793	-1.7723	0.77143	0.87535	0.65482	0.47293	0.29552	0.18216	0.18691	0.18072	0.085985	8.4468
992.9	0.040745	0.037206	-0.072601	-0.20913	-0.3324	-0.44568	-0.57141	-0.67908	-0.78795	-0.88633	-0.97643	-1.0625	-1.2808	-1.4504	-1.7994	-1.9473	-1.8668	-2.035	-2.0643	-2.0687	-1.5416	0.8249	0.85515	0.6387	0.4528	0.28694	0.172	0.17483	0.16682	0.080562	8.0902
989.92	0.080095	0.04588	-0.080928	-0.21096	-0.33059	-0.44456	-0.57434	-0.67855	-0.79298	-0.85754	-0.96921	-1.0546	-1.2516	-1.4595	-1.7134	-1.8891	-1.7995	-1.9341	-1.9195	-1.8615	-1.3497	0.85374	0.8502	0.61823	0.44479	0.26603	0.17012	0.16035	0.17705	0.10797	7.7352
992.37	0.079903	0.042108	-0.076107	-0.21763	-0.32838	-0.43979	-0.55478	-0.66537	-0.77377	-0.84413	-0.93264	-1.0105	-1.1987	-1.4214	-1.6493	-1.7975	-1.6935	-1.8051	-1.7253	-1.6427	-1.0946	0.8878	0.83312	0.5791	0.41435	0.25899	0.1589	0.15535	0.15963	0.10383	7.3933
991.83	0.096361	0.047012	-0.096961	-0.21775	-0.33836	-0.43757	-0.56234	-0.65035	-0.77418	-0.83956	-0.89894	-0.98195	-1.1551	-1.3733	-1.589	-1.7425	-1.6166	-1.7139	-1.5889	-1.4688	-0.92819	0.89815	0.80481	0.55825	0.39722	0.2323	0.13618	0.16004	0.16821	0.11422	6.9609
993.21	0.078572	0.045728	-0.088741	-0.21625	-0.34768	-0.45655	-0.56276	-0.63154	-0.73595	-0.83338	-0.90149	-0.94878	-1.1648	-1.3001	-1.546	-1.6822	-1.5392	-1.5982	-1.4216	-1.279	-0.70847	0.91552	0.77247	0.52694	0.35934	0.20262	0.1276	0.15177	0.16313	0.085691	6.5626
996.82	0.093367	0.060134	-0.084972	-0.23097	-0.33388	-0.45124	-0.5246	-0.62671	-0.74254	-0.81912	-0.86041	-0.93294	-1.1231	-1.2503	-1.4754	-1.5836	-1.4287	-1.4728	-1.2762	-1.0638	-0.49222	0.9362	0.72365	0.47238	0.31023	0.18917	0.11639	0.13861	0.15409	0.091806	6.1726
998.1	0.099522	0.062484	-0.098652	-0.22353	-0.31954	-0.42996	-0.54678	-0.61573	-0.70859	-0.76816	-0.8505	-0.90285	-1.1095	-1.1919	-1.3883	-1.4952	-1.3321	-1.3249	-1.0608	-0.82988	-0.28345	0.91104	0.67426	0.43906	0.29524	0.16734	0.10551	0.14645	0.1563	0.11093	5.7617
995.34	0.096022	0.06387	-0.095468	-0.22056	-0.33437	-0.43237	-0.52418	-0.61105	-0.69069	-0.75652	-0.82888	-0.85568	-1.0535	-1.1513	-1.3257	-1.4157	-1.2308	-1.2127	-0.9087	-0.64092	-0.10062	0.91356	0.63751	0.38521	0.25882	0.13215	0.098624	0.12735	0.14948	0.11124	5.3188
1001.5	0.10544	0.056227	-0.1132	-0.22158	-0.31707	-0.43457	-0.51976	-0.59842	-0.69039	-0.73695	-0.8012	-0.82162	-1.0228	-1.1017	-1.2421	-1.3239	-1.1449	-1.0888	-0.76831	-0.45992	0.069359	0.88406	0.56301	0.33742	0.23343	0.12501	0.075434	0.11059	0.14496	0.11567	4.9342
1001.5	0.095432	0.057437	-0.086865	-0.23108	-0.31429	-0.44064	-0.51017	-0.57686	-0.67197	-0.72451	-0.77737	-0.79693	-0.99299	-1.0675	-1.1976	-1.2783	-1.0716	-0.99623	-0.66479	-0.32972	0.19277	0.87863	0.50605	0.29667	0.20435	0.09464	0.055227	0.11858	0.13534	0.10545	4.4854
1001.3	0.11422	0.058658	-0.10063	-0.23469	-0.31852	-0.41524	-0.50309	-0.56683	-0.65369	-0.6973	-0.75118	-0.75183	-0.96058	-1.0099	-1.1197	-1.1836	-0.96121	-0.86809	-0.47713	-0.14097	0.34645	0.82885	0.40336	0.25945	0.15282	0.079471	0.037405	0.096928	0.12455	0.10163	4.0949
1004.6	0.1126	0.07172	-0.088881	-0.2138	-0.31333	-0.41388	-0.48232	-0.54854	-0.61613	-0.6603	-0.72371	-0.72613	-0.89798	-0.94078	-1.0461	-1.0988	-0.87877	-0.75578	-0.33878	0.012651	0.46573	0.78067	0.32304	0.20172	0.12992	0.051452	0.027801	0.10116	0.14451	0.10512	3.6773
1003.4	0.11273	0.05612	-0.096985	-0.23064	-0.29847	-0.39498	-0.48168	-0.54664	-0.61422	-0.64369	-0.68323	-0.75708	-0.8581	-0.91597	-0.98277	-1.0299	-0.80289	-0.66555	-0.23585	0.1647	0.58027	0.70679	0.22825	0.13338	0.099722	0.021196	-0.0018261	0.070538	0.12309	0.10907	3.2825
1007	0.10113	0.065537	-0.11144	-0.21683	-0.30567	-0.39356	-0.46446	-0.52576	-0.60155	-0.63891	-0.66706	-0.77893	-0.80869	-0.84933	-0.92429	-0.94748	-0.7135	-0.55527	-0.10932	0.26511	0.67743	0.65458	0.14492	0.087731	0.050722	-0.0078297	-0.0089131	0.080496	0.1358	0.094693	2.8173
1007.8	0.1197	0.063088	-0.13867	-0.21431	-0.31096	-0.37879	-0.45102	-0.51529	-0.59718	-0.59395	-0.65161	-0.70748	-0.78123	-0.81119	-0.85128	-0.88481	-0.6364	-0.46283	0.0020031	0.3943	0.75521	0.56237	0.051292	0.032115	0.025725	-0.032976	-0.028986	0.079301	0.12256	0.1086	2.4473
1008.2	0.11095	0.063061	-0.0988	-0.20478	-0.29429	-0.38105	-0.44249	-0.50122	-0.56164	-0.5937	-0.62641	-0.62816	-0.72536	-0.75928	-0.78933	-0.80579	-0.54231	-0.34173	0.12157	0.48596	0.80967	0.47584	-0.068045	-0.024582	-0.014995	-0.046794	-0.034879	0.070204	0.10698	0.1111	1.9829
1010	0.1244	0.058153	-0.1009	-0.21148	-0.29377	-0.36352	-0.43932	-0.49152	-0.55019	-0.57044	-0.58548	-0.608	-0.69542	-0.7205	-0.73045	-0.74939	-0.47111	-0.2729	0.21206	0.58192	0.84988	0.35008	-0.19071	-0.10768	-0.070023	-0.084357	-0.053674	0.055375	0.11275	0.10329	1.5799
1010.4	0.11691	0.059326	-0.11448	-0.21021	-0.27853	-0.35975	-0.43677	-0.48	-0.52909	-0.55048	-0.58151	-0.59687	-0.66003	-0.67693	-0.68205	-0.6804	-0.41671	-0.18362	0.29906	0.6462	0.86905	0.23799	-0.29127	-0.15265	-0.10668	-0.11066	-0.080751	0.062136	0.10317	0.12733	1.1213
1012.6	0.12036	0.048436	-0.11649	-0.21562	-0.29163	-0.35536	-0.40972	-0.4664	-0.52273	-0.53574	-0.5703	-0.55351	-0.63185	-0.64511	-0.63123	-0.63877	-0.35803	-0.12565	0.36268	0.71688	0.88142	0.16014	-0.38125	-0.20414	-0.12737	-0.15172	-0.075871	0.041694	0.08987	0.10555	0.73038
1012.1	0.11176	0.043677	-0.11542	-0.19812	-0.29041	-0.34954	-0.4052	-0.44154	-0.50217	-0.53233	-0.53336	-0.53752	-0.58515	-0.59058	-0.58088	-0.54802	-0.26967	-0.019673	0.46053	0.77137	0.89357	0.020535	-0.51379	-0.278	-0.1706	-0.14304	-0.091202	0.048489	0.092296	0.12838	0.3127
1013.7	0.11282	0.048387	-0.1141	-0.21188	-0.26529	-0.32501	-0.39035	-0.43959	-0.48318	-0.49341	-0.5065	-0.50958	-0.54925	-0.53954	-0.51872	-0.50414	-0.20541	0.040484	0.51927	0.80103	0.88179	-0.092146	-0.63409	-0.31553	-0.22649	-0.17782	-0.12042	0.021367	0.099275	0.1067	-0.046973
1013.5	0.10914	0.049591	-0.11865	-0.20489	-0.26946	-0.32508	-0.37503	-0.43216	-0.47158	-0.48614	-0.48677	-0.47173	-0.52634	-0.514	-0.46555	-0.43969	-0.14159	0.10716	0.57528	0.83851	0.85733	-0.25528	-0.78718	-0.42031	-0.2174	-0.22538	-0.11105	0.0067183	0.096921	0.10546	-0.4398
1017.1	0.10259	0.047036	-0.10583	-0.18663	-0.26167	-0.3299	-0.39613	-0.39566	-0.45047	-0.45747	-0.46651	-0.4417	-0.48594	-0.46223	-0.41081	-0.37673	-0.076235	0.18494	0.62539	0.85348	0.81938	-0.40193	-0.90144	-0.50253	-0.27911	-0.24328	-0.13172	0.012311	0.072907	0.10887	-0.79869
1016.3	0.1076	0.043495	-0.12622	-0.19378	-0.2605	-0.33612	-0.36925	-0.4047	-0.44691	-0.4333	-0.43719	-0.42716	-0.45783	-0.43932	-0.37127	-0.33117	-0.034657	0.2294	0.66617	0.8926	0.79411	-0.53598	-1.0339	-0.5729	-0.30015	-0.24346	-0.15641	0.011195	0.080067	0.11903	-1.1636
1014.2	0.078177	0.034038	-0.12196	-0.18715	-0.25694	-0.32484	-0.37831	-0.38927	-0.42705	-0.42315	-0.42571	-0.40232	-0.42106	-0.39248	-0.34409	-0.29082	0.0057672	0.29912	0.70916	0.88418	0.75299	-0.67543	-1.1412	-0.65574	-0.3543	-0.28895	-0.16613	0.0033342	0.088543	0.11044	-1.5089
1018.1	0.096335	0.036284	-0.13163	-0.19227	-0.25049	-0.30926	-0.35681	-0.37529	-0.41764	-0.41907	-0.39816	-0.37514	-0.40019	-0.36776	-0.28046	-0.23031	0.064421	0.34351	0.74076	0.88077	0.69585	-0.83305	-1.2878	-0.78609	-0.36984	-0.30154	-0.169	-0.010141	0.064557	0.10372	-1.865
1014.9	0.08677	0.032825	-0.11962	-0.17649	-0.25677	-0.31026	-0.34614	-0.35898	-0.39692	-0.39343	-0.38831	-0.3547	-0.36562	-0.33286	-0.24678	-0.1871	0.11245	0.40468	0.76454	0.86949	0.60352	-1.0051	-1.4215	-0.82426	-0.43757	-0.32749	-0.18831	-0.010176	0.069508	0.10279	-2.2032
1018.5	0.088924	0.041029	-0.11582	-0.18638	-0.22859	-0.28768	-0.32487	-0.34648	-0.38386	-0.3688	-0.35856	-0.33187	-0.335	-0.2992	-0.19952	-0.12901	0.18172	0.44748	0.79261	0.86897	0.51618	-1.1756	-1.5517	-0.75264	-0.45422	-0.34624	-0.19115	-0.022477	0.065716	0.10872	-2.5172
1017.3	0.10257	0.049405	-0.13737	-0.16789	-0.23295	-0.29159	-0.31935	-0.34813	-0.3571	-0.35086	-0.34539	-0.30929	-0.30878	-0.26934	-0.15994	-0.10286	0.20639	0.46883	0.81247	0.86484	0.45473	-1.2817	-1.657	-0.68471	-0.47687	-0.36283	-0.21478	-0.030361	0.064609	0.12269	-2.8151
1018.9	0.095034	0.048141	-0.11127	-0.1758	-0.23531	-0.27802	-0.29293	-0.34385	-0.35784	-0.35765	-0.32512	-0.27107	-0.28906	-0.22254	-0.1385	-0.060861	0.25249	0.51752	0.82186	0.80462	0.30949	-1.5262	-1.8309	-0.79353	-0.54369	-0.39461	-0.22145	-0.042648	0.058602	0.09736	-3.1078
1022.8	0.092221	0.029019	-0.10748	-0.15304	-0.23033	-0.2817	-0.31293	-0.31769	-0.3526	-0.32583	-0.31036	-0.27674	-0.25875	-0.2009	-0.10233	-0.021864	0.27829	0.56217	0.81988	0.78369	0.22346	-1.6724	-1.9391	-0.86232	-0.56361	-0.41293	-0.24854	-0.020147	0.067792	0.10325	-3.375
1020.1	0.087556	0.040965	-0.10327	-0.15928	-0.22006	-0.26221	-0.29024	-0.30485	-0.33676	-0.31084	-0.28287	-0.24248	-0.23384	-0.19449	-0.072171	0.0062573	0.32419	0.59096	0.82919	0.76791	0.13899	-1.8081	-2.0574	-0.94012	-0.60407	-0.43144	-0.25388	-0.03588	0.056174	0.10729	-3.6072
1018.2	0.091402	0.039847	-0.10571	-0.15839	-0.21499	-0.26147	-0.28604	-0.30289	-0.31017	-0.30772	-0.2735	-0.20919	-0.22508	-0.15307	-0.040485	0.041314	0.34554	0.60762	0.82947	0.73598	0.074675	-1.9234	-2.1402	-0.97958	-0.62594	-0.44714	-0.26134	-0.04043	0.049182	0.11	-3.8502
1019.5	0.098661	0.051671	-0.093203	-0.15703	-0.22563	-0.24088	-0.27744	-0.29504	-0.31754	-0.29635	-0.25714	-0.21297	-0.21107	-0.15287	-0.025869	0.052929	0.35731	0.62376	0.82489	0.7325	0.0049369	-2.0277	-2.2288	-1.031	-0.65373	-0.4789	-0.25984	-0.056066	0.049121	0.092275	-4.0725
1021.2	0.092365	0.024321	-0.11551	-0.16026	-0.18989	-0.25119	-0.27933	-0.2958	-0.3054	-0.2739	-0.26286	-0.22606	-0.20067	-0.13411	0.0045764	0.064488	0.36281	0.63051	0.8188	0.69043	-0.049142	-2.1159	-2.2761	-1.0647	-0.65524	-0.48804	-0.27224	-0.052617	0.052573	0.10592	-4.2867
1018.5	0.097532	0.049348	-0.086541	-0.1607	-0.21086	-0.24232	-0.25769	-0.27165	-0.30493	-0.27586	-0.25124	-0.18757	-0.17464	-0.11011	0.016516	0.11722	0.4359	0.67384	0.81628	0.61292	-0.22098	-2.3107	-2.421	-1.1305	-0.69211	-0.49807	-0.26362	-0.047152	0.045623	0.096144	-4.4944
1021	0.10711	0.036184	-0.11216	-0.14283	-0.20081	-0.2322	-0.27116	-0.27097	-0.28739	-0.24956	-0.22969	-0.18441	-0.15227	-0.083222	0.049526	0.14023	0.43725	0.68774	0.82841	0.62289	-0.28353	-2.404	-2.4782	-1.1391	-0.70724	-0.51297	-0.29328	-0.060461	0.058478	0.11597	-4.6595
1018.7	0.076608	0.020819	-0.088778	-0.14782	-0.20127	-0.23034	-0.26942	-0.24915	-0.2997	-0.24891	-0.23515	-0.1673	-0.13612	-0.071814	0.072166	0.15028	0.46146	0.71402	0.81966	0.55135	-0.41712	-2.5685	-2.5824	-1.2104	-0.72575	-0.5328	-0.27993	-0.067327	0.043252	0.084809	-4.8009
1021.6	0.096003	0.03616	-0.10536	-0.15554	-0.18981	-0.22253	-0.24749	-0.26583	-0.27561	-0.2494	-0.2234	-0.1601	-0.13938	-0.063512	0.097062	0.16925	0.46865	0.71195	0.8102	0.53316	-0.48155	-2.6388	-2.6757	-1.2355	-0.74568	-0.53002	-0.30125	-0.077193	0.045481	0.10462	-4.9172
1019.7	0.070385	0.030293	-0.10218	-0.14067	-0.20515	-0.23129	-0.25973	-0.25138	-0.27483	-0.23155	-0.2115	-0.14962	-0.11493	-0.038141	0.095918	0.18318	0.47807	0.71588	0.80817	0.52393	-0.48761	-2.6906	-2.6953	-1.2423	-0.75486	-0.54716	-0.30415	-0.073978	0.045566	0.10607	-5.0537
1020.5	0.089973	0.037389	-0.091993	-0.15688	-0.18458	-0.21325	-0.24777	-0.25742	-0.26817	-0.22162	-0.20149	-0.14278	-0.12216	-0.04506	0.12098	0.19955	0.49724	0.72315	0.79341	0.50822	-0.57616	-2.7825	-2.7468	-1.2712	-0.75561	-0.55049	-0.3016	-0.076162	0.058508	0.1085	-5.1228
1018.7	0.070458	0.03389	-0.091028	-0.13499	-0.18218	-0.22676	-0.2435	-0.24665	-0.24795	-0.23668	-0.20678	-0.15247	-0.1123	-0.031221	0.092042	0.18531	0.49078	0.74914	0.80309	0.49376	-0.57331	-2.7863	-2.7444	-1.286	-0.78814	-0.57386	-0.322	-0.066204	0.046797	0.089837	-5.209
1018.7	0.087674	0.038645	-0.097782	-0.14666	-0.22036	-0.2196	-0.24232	-0.25414	-0.28029	-0.24524	-0.20062	-0.14303	-0.11963	-0.049779	0.10264	0.19601	0.49933	0.72833	0.78653	0.46687	-0.6017	-2.8461	-2.7967	-1.3272	-0.80633	-0.55147	-0.31849	-0.07742	0.030254	0.084809	-5.231
1022.1	0.084933	0.03141	-0.090726	-0.12989	-0.18565	-0.21411	-0.24034	-0.22968	-0.26518	-0.22615	-0.20487	-0.11702	-0.087278	-0.024181	0.12475	0.20215	0.50986	0.74795	0.78038	0.45002	-0.65374	-2.8441	-2.7911	-1.3319	-0.80495	-0.57072	-0.29298	-0.069337	0.037221	0.097057	-5.2921
1018.1	0.088952	0.037474	-0.075308	-0.15374	-0.19182	-0.21613	-0.23537	-0.24055	-0.25584	-0.22579	-0.18098	-0.13366	-0.10045	-0.027756	0.10933	0.21072	0.5106	0.75213	0.79522	0.47096	-0.63042	-2.8925	-2.8262	-1.3096	-0.80675	-0.56171	-0.30697	-0.074094	0.043274	0.099946	-5.3078
1019.3	0.077786	0.017243	-0.08422	-0.1454	-0.18343	-0.21708	-0.25041	-0.23404	-0.26719	-0.22554	-0.20789	-0.12273	-0.0985	-0.032362	0.12244	0.20173	0.51612	0.74997	0.78722	0.47298	-0.64518	-2.8764	-2.8351	-1.3298	-0.79933	-0.55361	-0.30895	-0.065042	0.034958	0.094806	-5.3282
1018.6	0.083994	0.038649	-0.08766	-0.15017	-0.19993	-0.21843	-0.24942	-0.24294	-0.26479	-0.22325	-0.19324	-0.12417	-0.10315	-0.031224	0.12253	0.22036	0.51894	0.75182	0.76886	0.43236	-0.69083	-2.9457	-2.8871	-1.3434	-0.81812	-0.5565	-0.31034	-0.076307	0.047983	0.10116	-5.3125
1021.2	0.087456	0.018395	-0.098663	-0.14862	-0.19397	-0.21905	-0.25465	-0.25226	-0.2512	-0.21658	-0.20012	-0.13999	-0.10014	-0.011475	0.12354	0.21979	0.5115	0.75246	0.78338	0.42868	-0.70707	-2.9679	-2.8675	-1.3353	-0.80951	-0.57492	-0.30837	-0.064923	0.037251	0.090869	-5.3266
1018.4	0.076632	0.03509	-0.085427	-0.13269	-0.18633	-0.21728	-0.23415	-0.238	-0.25579	-0.21719	-0.19451	-0.1161	-0.076597	-0.025431	0.13581	0.22722	0.54227	0.76109	0.77256	0.3966	-0.75166	-3.0072	-2.8913	-1.3505	-0.82479	-0.54915	-0.28586	-0.074079	0.031445	0.096154	-5.3078
1020.2	0.067901	0.02672	-0.09764	-0.13596	-0.16966	-0.22524	-0.23726	-0.24381	-0.25017	-0.21192	-0.1954	-0.12802	-0.090184	-0.013804	0.12764	0.20739	0.50959	0.75065	0.79365	0.45341	-0.66913	-2.9049	-2.8157	-1.3299	-0.79348	-0.58173	-0.31219	-0.070588	0.038469	0.10226	-5.3015
1018.9	0.087656	0.052892	-0.079753	-0.14429	-0.19305	-0.21478	-0.24816	-0.23912	-0.26342	-0.22196	-0.19194	-0.13357	-0.10129	-0.032376	0.12382	0.21348	0.51633	0.73988	0.78754	0.45526	-0.65191	-2.885	-2.8302	-1.3338	-0.81136	-0.55508	-0.32076	-0.066192	0.025522	0.09736	-5.2561
1019.6	0.091279	0.03742	-0.092067	-0.13836	-0.18746	-0.21582	-0.24798	-0.24642	-0.26323	-0.21814	-0.19304	-0.16176	-0.10579	-0.034668	0.11843	0.20361	0.49643	0.72375	0.78697	0.49329	-0.61919	-2.8093	-2.7722	-1.2917	-0.77961	-0.54349	-0.31703	-0.069503	0.044391	0.089755	-5.151
1019.1	0.08149	0.029125	-0.088741	-0.14076	-0.19846	-0.23144	-0.25282	-0.24531	-0.27888	-0.23781	-0.20916	-0.14432	-0.10585	-0.049758	0.094656	0.17453	0.48081	0.71893	0.79448	0.51914	-0.49178	-2.6806	-2.6702	-1.2694	-0.77092	-0.5388	-0.30317	-0.047123	0.038509	0.10865	-5.0255
1019.3	0.08762	0.035058	-0.087596	-0.13607	-0.19978	-0.21111	-0.26926	-0.25398	-0.26848	-0.24509	-0.21282	-0.16315	-0.12688	-0.06018	0.082715	0.17061	0.46972	0.70708	0.80377	0.53694	-0.44782	-2.6406	-2.6648	-1.2566	-0.75387	-0.53371	-0.29844	-0.053835	0.033778	0.10611	-4.8543
1017.6	0.086535	0.024411	-0.082108	-0.14681	-0.20421	-0.23416	-0.27442	-0.26688	-0.28058	-0.25406	-0.22799	-0.16612	-0.13351	-0.070728	0.069587	0.16505	0.45705	0.71607	0.80985	0.52758	-0.43953	-2.599	-2.6059	-1.2255	-0.74603	-0.53585	-0.28607	-0.050559	0.049213	0.096222	-4.6642
1019.5	0.088832	0.033861	-0.097701	-0.15936	-0.21064	-0.23134	-0.25625	-0.27884	-0.29169	-0.26214	-0.23372	-0.16986	-0.16713	-0.08798	0.025766	0.13168	0.43666	0.67704	0.81188	0.60333	-0.29168	-2.4171	-2.4927	-1.1648	-0.71606	-0.49631	-0.2867	-0.056066	0.042034	0.11991	-4.4661
1018	0.086497	0.038669	-0.091085	-0.15259	-0.20549	-0.24004	-0.27195	-0.27426	-0.29212	-0.2564	-0.24517	-0.19709	-0.17471	-0.083464	0.027129	0.11435	0.42019	0.66632	0.82609	0.61702	-0.23916	-2.3362	-2.433	-1.1264	-0.695	-0.49579	-0.27075	-0.039317	0.068109	0.10247	-4.2583
1019.8	0.0974	0.045721	-0.095422	-0.16514	-0.21602	-0.25034	-0.26323	-0.27876	-0.31228	-0.28526	-0.26075	-0.20213	-0.18813	-0.1285	0.0072283	0.10151	0.39992	0.67163	0.81163	0.67218	-0.12528	-2.1646	-2.3071	-1.0627	-0.65482	-0.46384	-0.26677	-0.034768	0.055006	0.10606	-4.0063
1019	0.096255	0.031504	-0.089875	-0.15711	-0.21484	-0.27202	-0.28701	-0.30517	-0.31383	-0.29161	-0.29796	-0.2333	-0.20935	-0.13092	-0.031183	0.051012	0.34773	0.63448	0.83123	0.70729	-0.022155	-1.9957	-2.1812	-0.99603	-0.63848	-0.45552	-0.25297	-0.031433	0.065684	0.096092	-3.7382
1020.5	0.088749	0.049251	-0.083003	-0.16154	-0.23494	-0.26924	-0.29012	-0.30223	-0.3392	-0.30705	-0.29506	-0.23969	-0.23283	-0.18283	-0.060238	0.021797	0.33015	0.59721	0.81467	0.75609	0.1209	-1.8457	-2.0723	-0.94544	-0.59733	-0.43747	-0.24327	-0.036984	0.063229	0.10348	-3.4682
1018.8	0.093813	0.029134	-0.10228	-0.16181	-0.20807	-0.27805	-0.30003	-0.32393	-0.34106	-0.32223	-0.32762	-0.27918	-0.24604	-0.20053	-0.08816	-0.022923	0.2855	0.56699	0.82786	0.80343	0.22177	-1.6716	-1.9456	-0.87032	-0.57363	-0.42451	-0.24485	-0.026953	0.059789	0.11623	-3.1932
1017.1	0.089045	0.049415	-0.10132	-0.17026	-0.24665	-0.27851	-0.31351	-0.33072	-0.36754	-0.35706	-0.33434	-0.29856	-0.29783	-0.23688	-0.15069	-0.062917	0.26028	0.52755	0.81264	0.83041	0.32426	-1.4937	-1.8086	-0.74334	-0.53294	-0.39157	-0.21599	-0.024753	0.065808	0.11012	-2.861
1020.5	0.10348	0.037389	-0.11222	-0.17669	-0.21861	-0.29664	-0.32423	-0.35203	-0.37407	-0.34977	-0.33569	-0.31775	-0.31788	-0.26503	-0.16473	-0.10448	0.19965	0.48685	0.80285	0.84937	0.43013	-1.3267	-1.6932	-0.71915	-0.48057	-0.3704	-0.21644	-0.022433	0.088	0.10097	-2.5695
1018.4	0.087702	0.038655	-0.11471	-0.17355	-0.23816	-0.29965	-0.34495	-0.35401	-0.38908	-0.36762	-0.37587	-0.33055	-0.33229	-0.30155	-0.20352	-0.14266	0.18173	0.44753	0.78204	0.84986	0.48525	-1.2067	-1.581	-0.74012	-0.45687	-0.35126	-0.19702	-0.02248	0.068088	0.10999	-2.2603
1017.6	0.10131	0.045821	-0.1193	-0.1912	-0.2397	-0.2927	-0.3511	-0.3605	-0.41009	-0.38135	-0.38849	-0.34834	-0.35637	-0.31686	-0.23152	-0.17101	0.13661	0.41921	0.76602	0.87354	0.57863	-1.0568	-1.4701	-0.80484	-0.42728	-0.32536	-0.18195	-4.4829e-005	0.08943	0.11258	-1.8809
1017.5	0.10255	0.043445	-0.099023	-0.19122	-0.23836	-0.31662	-0.34406	-0.37178	-0.41272	-0.40587	-0.41076	-0.38212	-0.38943	-0.34941	-0.28196	-0.22071	0.073021	0.36587	0.76255	0.87748	0.6614	-0.8635	-1.3094	-0.73844	-0.39479	-0.29176	-0.17963	0.012304	0.095353	0.10253	-1.4978
1016.6	0.1125	0.035153	-0.12394	-0.20543	-0.24951	-0.31692	-0.37154	-0.40337	-0.44163	-0.42218	-0.43092	-0.41761	-0.44121	-0.4032	-0.32604	-0.2921	0.011875	0.27888	0.70397	0.89241	0.73962	-0.67174	-1.1557	-0.67259	-0.32614	-0.26959	-0.16458	0.0055749	0.074128	0.13034	-1.1444
1017.9	0.082816	0.045806	-0.11475	-0.19465	-0.24645	-0.33799	-0.36986	-0.42528	-0.43715	-0.44975	-0.45872	-0.42784	-0.46995	-0.42702	-0.37467	-0.34136	-0.033379	0.23685	0.66749	0.87839	0.78124	-0.52553	-1.0384	-0.56284	-0.30749	-0.23934	-0.14213	0.0325	0.094134	0.12135	-0.80666
1018.8	0.12086	0.042203	-0.12254	-0.20849	-0.25988	-0.33174	-0.41079	-0.42867	-0.47947	-0.45916	-0.45957	-0.46389	-0.49979	-0.48813	-0.4247	-0.38875	-0.09199	0.17033	0.61369	0.86358	0.83609	-0.38845	-0.91089	-0.48682	-0.27085	-0.20928	-0.13267	0.015653	0.08342	0.11623	-0.3999
1015.9	0.10641	0.039938	-0.12627	-0.19386	-0.26061	-0.35182	-0.41785	-0.44613	-0.47952	-0.46168	-0.49673	-0.48547	-0.52141	-0.49532	-0.4538	-0.44351	-0.14615	0.11082	0.5822	0.84933	0.85398	-0.22897	-0.76942	-0.37683	-0.2273	-0.20613	-0.11664	0.026941	0.11565	0.1216	-0.023008
1015.8	0.11135	0.054244	-0.12628	-0.20792	-0.27157	-0.33869	-0.41081	-0.44993	-0.48476	-0.50096	-0.51533	-0.51527	-0.56005	-0.5512	-0.52694	-0.50992	-0.23439	0.029963	0.50157	0.79294	0.88125	-0.052342	-0.60713	-0.30454	-0.18301	-0.15499	-0.10376	0.048311	0.10262	0.10774	0.38628
1014.9	0.10035	0.045945	-0.12979	-0.18704	-0.28962	-0.36057	-0.41829	-0.45912	-0.506	-0.53334	-0.55667	-0.55771	-0.59828	-0.59945	-0.59659	-0.58658	-0.30083	-0.05487	0.42484	0.73844	0.87949	0.067629	-0.47696	-0.24507	-0.16492	-0.1389	-0.078052	0.040478	0.10509	0.11541	0.79283
1015.6	0.11508	0.055446	-0.10598	-0.21616	-0.29625	-0.35672	-0.41444	-0.4938	-0.54456	-0.54276	-0.56245	-0.54919	-0.64379	-0.65136	-0.6666	-0.65935	-0.37291	-0.16963	0.33076	0.68269	0.87884	0.22071	-0.34595	-0.17024	-0.11917	-0.12133	-0.065101	0.035947	0.11805	0.11029	1.2431
1012.5	0.1179	0.05083	-0.097246	-0.23443	-0.29029	-0.37701	-0.43585	-0.4815	-0.54881	-0.56409	-0.60511	-0.59155	-0.66971	-0.69301	-0.69529	-0.70736	-0.41461	-0.20156	0.28414	0.64485	0.86463	0.29012	-0.26862	-0.14197	-0.079	-0.097914	-0.053542	0.058623	0.12555	0.11821	1.6634
1012	0.088253	0.055644	-0.1109	-0.21106	-0.29319	-0.3652	-0.44438	-0.49305	-0.56473	-0.58285	-0.61536	-0.65022	-0.71064	-0.74124	-0.77168	-0.78315	-0.51321	-0.31164	0.1628	0.52407	0.8287	0.42461	-0.12171	-0.0533	-0.043719	-0.059142	-0.034748	0.069939	0.13156	0.10182	2.0969
1011.6	0.099434	0.049685	-0.11774	-0.22172	-0.30704	-0.4014	-0.46711	-0.5347	-0.55715	-0.58678	-0.633	-0.65864	-0.75245	-0.77542	-0.81871	-0.856	-0.6057	-0.40214	0.054426	0.42632	0.77186	0.52154	0.0045105	0.013548	0.0099213	-0.037863	-0.025348	0.073357	0.12447	0.10819	2.51
1011.7	0.12048	0.052071	-0.10299	-0.21818	-0.30289	-0.39655	-0.46706	-0.52459	-0.59356	-0.61873	-0.66274	-0.73324	-0.79112	-0.83257	-0.90001	-0.92253	-0.67453	-0.50818	-0.034944	0.33477	0.7107	0.59351	0.073157	0.058506	0.03086	-0.012802	-0.0029873	0.085769	0.13398	0.094256	2.9251
1009.8	0.11202	0.050974	-0.11	-0.22565	-0.31034	-0.40212	-0.47389	-0.54571	-0.60252	-0.63594	-0.68888	-0.71559	-0.82589	-0.87158	-0.9592	-1.0018	-0.75099	-0.61018	-0.15796	0.19982	0.6261	0.68403	0.19365	0.13716	0.084674	0.012276	0.019408	0.082537	0.14615	0.10585	3.3872
1008.7	0.093511	0.064225	-0.10102	-0.21882	-0.32031	-0.417	-0.48272	-0.54881	-0.62275	-0.66253	-0.71202	-0.70681	-0.87579	-0.92872	-1.0258	-1.0805	-0.84309	-0.71721	-0.30034	0.053963	0.50553	0.77855	0.29221	0.18933	0.10576	0.04496	0.019428	0.097346	0.13676	0.10342	3.7836
