16671	13	12	88	27.1	773	1	8	8	2.414	128	4096	10	0	0	0	0	309.02	1016.4	1.4936e+006	0.11871	0.10116	41.231	0	0	1	0	0	0	4	0	0
987.01	0.030631	-0.024716	-0.16609	-0.31056	-0.42788	-0.55859	-0.66926	-0.82135	-0.91255	-1.033	-1.0847	-1.2003	-1.356	-1.5941	-1.8359	-1.9777	-1.9693	-2.098	-2.059	-2.0452	-1.5185	0.75836	0.80366	0.5829	0.44268	0.28657	0.1257	0.16641	0.1438	0.074607	8.9187
987.96	0.0065085	-0.044297	-0.152	-0.27898	-0.40778	-0.5642	-0.69413	-0.81799	-0.909	-1.027	-1.1205	-1.238	-1.3792	-1.5734	-1.8969	-2.066	-2.0732	-2.2072	-2.2351	-2.2914	-1.7938	0.70698	0.82296	0.61893	0.45431	0.29784	0.12799	0.1859	0.14853	0.065459	9.3404
985.84	-0.006185	-0.01492	-0.16047	-0.30249	-0.4467	-0.58021	-0.68102	-0.85583	-0.92834	-1.0734	-1.1216	-1.2714	-1.4361	-1.6547	-1.975	-2.1479	-2.1585	-2.3585	-2.4502	-2.5582	-2.0644	0.65225	0.82851	0.63091	0.49155	0.31777	0.15242	0.18514	0.14641	0.059108	9.7475
983.29	-0.010023	-0.054355	-0.16205	-0.28635	-0.41678	-0.57059	-0.7072	-0.85805	-0.92136	-1.0762	-1.1616	-1.3207	-1.475	-1.6939	-2.0679	-2.2341	-2.2793	-2.4859	-2.6258	-2.8141	-2.3559	0.58094	0.85084	0.66576	0.5184	0.32375	0.16008	0.18911	0.15903	0.073588	10.142
983.19	-0.02404	-0.029739	-0.14457	-0.30089	-0.46345	-0.57684	-0.68652	-0.85556	-0.96033	-1.1092	-1.1847	-1.3167	-1.5084	-1.7529	-2.1231	-2.309	-2.3795	-2.6128	-2.8369	-3.0849	-2.645	0.52791	0.84084	0.68837	0.53866	0.36117	0.16736	0.19493	0.15293	0.073596	10.546
980.96	-0.013881	-0.061887	-0.15425	-0.30157	-0.4107	-0.57319	-0.715	-0.85232	-0.96789	-1.0787	-1.1964	-1.3617	-1.547	-1.7954	-2.1472	-2.4032	-2.4737	-2.7498	-3.0314	-3.3232	-2.9486	0.44374	0.84149	0.71371	0.56013	0.38395	0.20415	0.21168	0.16309	0.075068	10.958
976.81	-0.04728	-0.055954	-0.13142	-0.28216	-0.41528	-0.57562	-0.71312	-0.84813	-0.9585	-1.1318	-1.2246	-1.3661	-1.5602	-1.8526	-2.2281	-2.4854	-2.5416	-2.9079	-3.2627	-3.6657	-3.2922	0.37548	0.83617	0.74062	0.57605	0.40764	0.21476	0.21024	0.17364	0.058342	11.342
974.48	-0.024255	-0.072238	-0.15881	-0.29016	-0.41057	-0.57326	-0.72838	-0.86711	-0.99596	-1.1242	-1.243	-1.4455	-1.6454	-1.9153	-2.282	-2.5788	-2.6728	-3.0781	-3.4808	-3.9314	-3.6267	0.24581	0.80763	0.75196	0.62091	0.40992	0.21527	0.21895	0.16912	0.090022	11.719
973.94	-0.057711	-0.08719	-0.11179	-0.28055	-0.42934	-0.60103	-0.71152	-0.86106	-0.98839	-1.1683	-1.2656	-1.4152	-1.6444	-1.9564	-2.3622	-2.6657	-2.7625	-3.1981	-3.7005	-4.2669	-4.0039	0.17225	0.79661	0.77513	0.61717	0.44918	0.24106	0.23197	0.16674	0.078239	12.105
972.78	-0.039749	-0.084808	-0.14965	-0.287	-0.38131	-0.55427	-0.71608	-0.8856	-1.0099	-1.1467	-1.3007	-1.4748	-1.7125	-2.0061	-2.4233	-2.7443	-2.8822	-3.3667	-3.9094	-4.5321	-4.3048	0.061774	0.78992	0.80243	0.65738	0.45233	0.23523	0.2346	0.17436	0.080964	12.473
972.78	-0.086111	-0.11716	-0.13669	-0.25156	-0.41129	-0.57176	-0.73829	-0.86079	-1.0126	-1.1838	-1.324	-1.4932	-1.7269	-2.0389	-2.4955	-2.835	-2.9667	-3.4989	-4.1424	-4.843	-4.6846	-0.056731	0.76952	0.82521	0.64513	0.45493	0.26582	0.25574	0.18426	0.065165	12.832
972.67	-0.060361	-0.10473	-0.165	-0.27725	-0.39706	-0.56432	-0.70752	-0.89092	-1.0276	-1.1904	-1.2918	-1.5074	-1.777	-2.1108	-2.5735	-2.8955	-3.0578	-3.6572	-4.387	-5.1586	-5.0109	-0.19426	0.71351	0.81332	0.67923	0.5058	0.26953	0.24754	0.17562	0.087555	13.218
973.31	-0.087353	-0.13451	-0.15429	-0.23188	-0.39537	-0.56895	-0.72679	-0.89034	-1.0107	-1.1973	-1.3413	-1.5615	-1.7806	-2.1069	-2.6245	-2.9852	-3.1492	-3.7706	-4.5699	-5.4218	-5.3669	-0.28464	0.69775	0.85472	0.67879	0.49115	0.27669	0.25208	0.199	0.051972	13.571
973.63	-0.089896	-0.12079	-0.17191	-0.26599	-0.40237	-0.53256	-0.70066	-0.9057	-1.0469	-1.2225	-1.3435	-1.5567	-1.8328	-2.1912	-2.6915	-3.0535	-3.2325	-3.8809	-4.816	-5.7093	-5.7068	-0.42865	0.6504	0.84126	0.70576	0.50661	0.29371	0.24964	0.19276	0.069055	13.929
974.05	-0.11944	-0.15429	-0.19185	-0.25123	-0.35942	-0.53108	-0.70651	-0.88183	-1.0113	-1.2027	-1.3635	-1.5815	-1.8483	-2.1999	-2.7264	-3.1213	-3.3461	-4.003	-5.0119	-5.9933	-6.0701	-0.56802	0.6081	0.86006	0.73943	0.522	0.29603	0.27299	0.18896	0.069025	14.266
973.94	-0.14775	-0.12572	-0.1848	-0.26468	-0.37372	-0.5224	-0.66468	-0.88584	-1.0276	-1.2297	-1.3546	-1.5365	-1.8782	-2.2536	-2.7932	-3.1909	-3.4193	-4.1408	-5.2488	-6.2911	-6.3921	-0.69203	0.55978	0.85536	0.73272	0.54288	0.30584	0.26364	0.19269	0.047995	14.6
974.05	-0.14259	-0.17915	-0.21068	-0.25489	-0.35086	-0.51236	-0.69419	-0.88183	-1.0059	-1.2283	-1.3661	-1.6153	-1.901	-2.2642	-2.84	-3.2608	-3.5033	-4.2451	-5.4401	-6.514	-6.7289	-0.81142	0.52916	0.86604	0.74759	0.53892	0.30581	0.28003	0.18031	0.053249	14.885
974.26	-0.1657	-0.15674	-0.21888	-0.26948	-0.3793	-0.511	-0.64599	-0.87251	-1.0124	-1.2421	-1.3903	-1.6234	-1.9207	-2.3292	-2.8893	-3.3119	-3.574	-4.387	-5.6505	-6.8097	-7.0675	-0.9385	0.48704	0.85747	0.73655	0.56222	0.31674	0.26942	0.18398	0.038776	15.172
974.26	-0.14384	-0.19402	-0.23889	-0.29388	-0.33225	-0.47357	-0.68172	-0.87382	-1.0084	-1.1859	-1.3697	-1.6488	-1.9523	-2.3401	-2.917	-3.3689	-3.6596	-4.5162	-5.8521	-7.0225	-7.3442	-1.0635	0.42849	0.87902	0.78276	0.57002	0.3204	0.26238	0.19386	0.06901	15.453
972.35	-0.2021	-0.22303	-0.23228	-0.29324	-0.35576	-0.492	-0.63491	-0.81806	-1.0103	-1.2381	-1.406	-1.6478	-1.9532	-2.3788	-2.9755	-3.4387	-3.7155	-4.6096	-6.0459	-7.275	-7.6886	-1.1663	0.38725	0.87116	0.75434	0.57636	0.31859	0.27347	0.18929	0.028319	15.71
970.44	-0.18443	-0.24218	-0.26229	-0.30239	-0.35646	-0.46165	-0.62627	-0.84061	-1.0178	-1.2303	-1.379	-1.6524	-1.9994	-2.3859	-3.0078	-3.4853	-3.7882	-4.7306	-6.2205	-7.4976	-7.9462	-1.293	0.35862	0.88609	0.78311	0.58402	0.3278	0.26577	0.1785	0.011218	15.929
970.23	-0.22062	-0.26095	-0.27062	-0.30735	-0.36084	-0.47052	-0.62269	-0.81461	-0.97859	-1.2242	-1.4026	-1.6415	-1.9777	-2.401	-3.0571	-3.5372	-3.8519	-4.8026	-6.3573	-7.7344	-8.2339	-1.4132	0.3408	0.88869	0.78056	0.58285	0.34259	0.27054	0.18723	0.024418	16.167
970.33	-0.22447	-0.26217	-0.28477	-0.34653	-0.34362	-0.43414	-0.5917	-0.80405	-1.0029	-1.1996	-1.3856	-1.6908	-2.0131	-2.4446	-3.0652	-3.548	-3.904	-4.8895	-6.4485	-7.8679	-8.4173	-1.4915	0.28837	0.88619	0.8023	0.58931	0.32661	0.26344	0.20954	0.0098979	16.356
969.91	-0.24911	-0.28974	-0.31564	-0.32339	-0.36382	-0.45564	-0.58824	-0.77297	-0.95174	-1.2066	-1.3901	-1.6831	-2.0015	-2.4347	-3.1069	-3.6038	-3.9532	-4.9381	-6.5558	-8.0233	-8.6081	-1.5572	0.26292	0.86493	0.77808	0.58826	0.3292	0.26238	0.1724	-0.015184	16.512
970.97	-0.25399	-0.30438	-0.32592	-0.34385	-0.38202	-0.40506	-0.55669	-0.76297	-0.96156	-1.1924	-1.3523	-1.6798	-2.0012	-2.4357	-3.1187	-3.6029	-3.972	-4.9927	-6.6529	-8.1206	-8.7652	-1.6395	0.22815	0.86879	0.81404	0.61634	0.33007	0.25739	0.17717	0.0059343	16.692
972.78	-0.28185	-0.32995	-0.3041	-0.33343	-0.36274	-0.43555	-0.56183	-0.75502	-0.92861	-1.1685	-1.3563	-1.6584	-2.0061	-2.4251	-3.1046	-3.638	-4.0132	-5.0366	-6.6727	-8.2543	-8.9476	-1.7091	0.20605	0.87677	0.80028	0.58653	0.32579	0.26748	0.16323	-0.016455	16.834
972.78	-0.29602	-0.3088	-0.33829	-0.38232	-0.37274	-0.41681	-0.54455	-0.74457	-0.91371	-1.1838	-1.3782	-1.6739	-2.01	-2.4797	-3.1296	-3.6441	-4.0311	-5.0774	-6.7458	-8.3589	-9.049	-1.7505	0.18693	0.86118	0.78531	0.58914	0.32823	0.25104	0.17436	-0.013821	16.916
971.29	-0.31453	-0.36037	-0.38368	-0.35108	-0.39762	-0.4262	-0.56145	-0.71694	-0.88255	-1.1549	-1.3532	-1.675	-1.9996	-2.4543	-3.1205	-3.6537	-4.0501	-5.0907	-6.7946	-8.4119	-9.163	-1.78	0.17573	0.87571	0.79333	0.58743	0.33977	0.24672	0.14612	-0.045486	16.994
970.54	-0.30832	-0.34193	-0.35443	-0.3881	-0.39793	-0.45033	-0.51736	-0.66645	-0.89409	-1.1558	-1.3335	-1.6608	-2.0021	-2.4696	-3.1452	-3.6576	-4.0481	-5.115	-6.8259	-8.4184	-9.17	-1.778	0.15797	0.86436	0.80485	0.59963	0.33267	0.25279	0.15368	-0.042883	17.068
970.65	-0.33151	-0.38305	-0.39338	-0.39295	-0.39645	-0.43525	-0.53462	-0.72134	-0.86276	-1.1248	-1.3256	-1.5983	-1.9932	-2.428	-3.0989	-3.6459	-4.0464	-5.135	-6.7755	-8.4564	-9.2002	-1.8193	0.14901	0.87628	0.80613	0.59173	0.30075	0.24217	0.1363	-0.056073	17.11
969.48	-0.34484	-0.36978	-0.38439	-0.39956	-0.43418	-0.46587	-0.51792	-0.6449	-0.81486	-1.0966	-1.2974	-1.5861	-1.9802	-2.4577	-3.1444	-3.6554	-4.0333	-5.1056	-6.8148	-8.4424	-9.1584	-1.7755	0.16327	0.8605	0.78252	0.58983	0.32935	0.24246	0.12157	-0.0535	17.159
968.53	-0.34259	-0.41014	-0.42622	-0.42082	-0.38585	-0.45503	-0.52092	-0.67046	-0.83064	-1.0476	-1.2714	-1.5905	-1.9745	-2.4211	-3.1001	-3.6365	-4.027	-5.1216	-6.7754	-8.4359	-9.1797	-1.8008	0.16086	0.877	0.79833	0.57732	0.3137	0.23916	0.13411	-0.057517	17.151
969.06	-0.3786	-0.42365	-0.38929	-0.41568	-0.4358	-0.4573	-0.49338	-0.6465	-0.82746	-1.0753	-1.2681	-1.5414	-1.9522	-2.4125	-3.1305	-3.6161	-3.9888	-5.0764	-6.7817	-8.4205	-9.1217	-1.7718	0.17101	0.8693	0.77877	0.59009	0.31107	0.22725	0.13156	-0.078631	17.146
969.38	-0.35909	-0.431	-0.41519	-0.44743	-0.41703	-0.47094	-0.51551	-0.66856	-0.79864	-1.0248	-1.2366	-1.5692	-1.9381	-2.3848	-3.0751	-3.5904	-4.0157	-5.0747	-6.7558	-8.3599	-9.0658	-1.7779	0.15945	0.85698	0.81265	0.58989	0.30114	0.21892	0.13275	-0.05879	17.138
967.78	-0.38427	-0.44798	-0.40995	-0.4322	-0.46652	-0.50563	-0.52008	-0.63291	-0.79587	-1.0213	-1.2568	-1.5534	-1.9335	-2.3631	-3.0858	-3.6004	-3.9748	-5.0448	-6.7209	-8.375	-9.0672	-1.7662	0.17124	0.87526	0.78389	0.58694	0.31886	0.21929	0.12178	-0.08932	17.162
968.63	-0.37747	-0.45133	-0.44985	-0.48705	-0.43169	-0.48259	-0.5159	-0.61924	-0.76388	-1.0063	-1.2194	-1.5506	-1.9155	-2.3501	-3.0399	-3.5635	-3.9674	-5.0472	-6.6851	-8.3071	-8.9913	-1.7366	0.17237	0.86968	0.79414	0.59035	0.30383	0.20612	0.10552	-0.073375	17.13
968.95	-0.41613	-0.48866	-0.45562	-0.44272	-0.44876	-0.48118	-0.55909	-0.61642	-0.71194	-0.98798	-1.2034	-1.5175	-1.8859	-2.331	-3.0263	-3.5511	-3.934	-4.9662	-6.6232	-8.2115	-8.9341	-1.708	0.20303	0.87541	0.77475	0.56661	0.3025	0.22138	0.11542	-0.099788	17.083
968.42	-0.37885	-0.44768	-0.44521	-0.45155	-0.45904	-0.47517	-0.54328	-0.64036	-0.76269	-0.94094	-1.1457	-1.4772	-1.8475	-2.3274	-2.9597	-3.4947	-3.8886	-4.9566	-6.5845	-8.1285	-8.8507	-1.6887	0.19033	0.87951	0.79431	0.58131	0.29037	0.20616	0.10678	-0.098518	17.021
968.63	-0.4098	-0.46383	-0.45932	-0.42445	-0.47471	-0.53029	-0.5444	-0.6494	-0.68769	-0.92916	-1.1338	-1.4811	-1.8172	-2.2525	-2.9674	-3.4734	-3.8608	-4.8803	-6.4947	-8.0446	-8.7158	-1.6356	0.22742	0.88172	0.775	0.57072	0.26819	0.21084	0.094334	-0.11304	16.918
969.59	-0.39519	-0.40844	-0.43048	-0.47431	-0.4943	-0.51471	-0.50796	-0.6147	-0.72099	-0.92439	-1.1042	-1.4428	-1.7807	-2.2405	-2.9102	-3.3903	-3.7851	-4.8099	-6.4199	-7.8807	-8.4875	-1.5319	0.25278	0.86041	0.78653	0.55709	0.29125	0.18824	0.076858	-0.105	16.823
968.1	-0.3945	-0.45283	-0.50341	-0.48363	-0.45776	-0.50923	-0.55462	-0.61827	-0.67718	-0.86406	-1.0929	-1.3571	-1.7468	-2.1732	-2.8673	-3.3668	-3.7331	-4.7187	-6.3053	-7.7245	-8.2954	-1.4534	0.28647	0.88221	0.76449	0.55009	0.25973	0.19679	0.083192	-0.1184	16.65
967.04	-0.44675	-0.4696	-0.46245	-0.48539	-0.50135	-0.53744	-0.57013	-0.61632	-0.68065	-0.8547	-1.0369	-1.3316	-1.7111	-2.1597	-2.8355	-3.2987	-3.6574	-4.628	-6.195	-7.5428	-8.0557	-1.3571	0.32269	0.8675	0.75438	0.52841	0.25878	0.16276	0.045942	-0.13574	16.458
966.61	-0.41325	-0.45728	-0.49113	-0.45363	-0.46996	-0.53642	-0.58776	-0.62974	-0.67004	-0.81513	-1.0309	-1.3236	-1.6945	-2.1093	-2.7767	-3.2551	-3.6023	-4.5451	-6.0294	-7.3398	-7.76	-1.2497	0.36774	0.87391	0.74238	0.52995	0.24781	0.1581	0.063396	-0.11858	16.293
965.55	-0.42019	-0.45904	-0.46079	-0.49968	-0.51939	-0.55338	-0.55982	-0.63306	-0.66805	-0.84828	-1.0073	-1.2582	-1.6635	-2.0994	-2.7266	-3.1837	-3.5083	-4.4293	-5.865	-7.0913	-7.4785	-1.1227	0.41309	0.86279	0.74868	0.52135	0.23822	0.15236	0.055985	-0.12268	16.089
965.13	-0.38663	-0.45799	-0.4705	-0.50975	-0.47932	-0.54606	-0.58121	-0.65703	-0.64513	-0.81639	-0.9856	-1.2773	-1.6449	-2.0171	-2.6677	-3.1194	-3.4621	-4.3283	-5.6565	-6.8471	-7.2107	-1.0105	0.45953	0.86559	0.73392	0.494	0.21736	0.16544	0.041044	-0.13203	15.841
965.55	-0.4176	-0.47283	-0.42515	-0.51076	-0.52514	-0.56219	-0.60084	-0.61727	-0.64348	-0.78765	-0.99428	-1.2597	-1.5929	-2.0199	-2.6316	-3.0718	-3.3498	-4.181	-5.478	-6.5903	-6.8399	-0.8715	0.52355	0.85192	0.71989	0.49247	0.22713	0.15354	0.041026	-0.13197	15.589
965.34	-0.37876	-0.45663	-0.47871	-0.51457	-0.50655	-0.52831	-0.53383	-0.59767	-0.64772	-0.77492	-0.93462	-1.2187	-1.5865	-1.9616	-2.565	-2.9996	-3.2757	-4.094	-5.3056	-6.3783	-6.5976	-0.76354	0.53779	0.85453	0.70359	0.49258	0.20745	0.14056	0.039789	-0.13465	15.345
965.44	-0.41894	-0.4616	-0.46321	-0.47758	-0.4993	-0.50937	-0.57356	-0.59761	-0.634	-0.76452	-0.915	-1.2271	-1.5226	-1.9087	-2.52	-2.9541	-3.2006	-3.9687	-5.1252	-6.1696	-6.3136	-0.65081	0.57241	0.85685	0.6802	0.46495	0.20126	0.13344	0.027316	-0.15984	15.052
965.44	-0.39169	-0.43652	-0.47153	-0.46895	-0.51081	-0.51945	-0.55615	-0.61339	-0.63809	-0.75033	-0.89939	-1.1531	-1.5052	-1.8989	-2.4795	-2.8771	-3.1426	-3.8617	-4.9504	-5.9481	-6.0303	-0.55393	0.5981	0.84477	0.6898	0.46233	0.17907	0.11688	0.022329	-0.16249	14.772
965.66	-0.40328	-0.45272	-0.44173	-0.45777	-0.47186	-0.54954	-0.59083	-0.58695	-0.62976	-0.71792	-0.88748	-1.1585	-1.4536	-1.8557	-2.3909	-2.8077	-3.0465	-3.7263	-4.7259	-5.6794	-5.743	-0.44344	0.66475	0.84217	0.67594	0.44254	0.17533	0.12868	0.01609	-0.16776	14.448
965.66	-0.36696	-0.41637	-0.4548	-0.46269	-0.50782	-0.52562	-0.561	-0.61326	-0.58745	-0.73081	-0.83674	-1.1372	-1.4468	-1.841	-2.3545	-2.7389	-2.9705	-3.6468	-4.5711	-5.4391	-5.4244	-0.32069	0.66475	0.82285	0.6732	0.43072	0.17656	0.10029	0.014842	-0.15185	14.154
966.93	-0.40275	-0.43835	-0.42218	-0.44856	-0.47124	-0.52996	-0.58509	-0.56384	-0.62348	-0.70795	-0.85123	-1.1258	-1.4362	-1.7983	-2.2998	-2.6912	-2.8945	-3.5433	-4.3519	-5.1717	-5.0855	-0.22578	0.7139	0.8302	0.65861	0.41705	0.14924	0.10488	-0.0050947	-0.15297	13.825
967.78	-0.38686	-0.41545	-0.43958	-0.45308	-0.49522	-0.49432	-0.52256	-0.55285	-0.58208	-0.71248	-0.83879	-1.0751	-1.4157	-1.8016	-2.2698	-2.6294	-2.8161	-3.4539	-4.1687	-4.9138	-4.7943	-0.12108	0.72993	0.80176	0.63615	0.41668	0.14542	0.092988	-0.0026016	-0.15549	13.537
969.7	-0.32926	-0.39965	-0.47065	-0.44115	-0.44984	-0.51341	-0.53638	-0.52817	-0.51298	-0.6674	-0.83325	-1.1056	-1.3821	-1.7468	-2.2222	-2.5619	-2.7502	-3.305	-3.9778	-4.6823	-4.5408	-0.038968	0.77197	0.79176	0.61305	0.37665	0.13777	0.10341	0.013539	-0.16706	13.184
972.14	-0.33874	-0.3476	-0.41165	-0.4645	-0.49586	-0.47835	-0.44983	-0.52162	-0.54558	-0.69391	-0.82728	-1.083	-1.3815	-1.7315	-2.1833	-2.5075	-2.6575	-3.2177	-3.7979	-4.413	-4.2102	0.065171	0.78789	0.75737	0.59108	0.36266	0.1264	0.085523	-0.0013524	-0.15611	12.828
972.03	-0.30913	-0.35137	-0.41406	-0.4511	-0.41447	-0.47215	-0.47458	-0.50861	-0.50226	-0.67477	-0.84288	-1.1057	-1.3692	-1.6952	-2.1252	-2.4466	-2.6104	-3.0831	-3.6024	-4.1505	-3.9104	0.15916	0.78542	0.76825	0.57344	0.35488	0.085997	0.079653	-0.0063057	-0.13373	12.441
972.78	-0.31019	-0.32497	-0.39016	-0.43609	-0.39702	-0.4543	-0.44707	-0.46252	-0.51406	-0.68322	-0.86419	-1.0809	-1.3422	-1.6636	-2.0917	-2.3755	-2.5112	-2.9527	-3.4385	-3.9356	-3.6465	0.25742	0.81669	0.7293	0.55939	0.32464	0.099394	0.064328	-0.0087767	-0.14152	12.064
973.31	-0.30487	-0.34967	-0.37463	-0.38577	-0.39965	-0.39285	-0.41599	-0.46488	-0.49618	-0.67388	-0.85339	-1.0845	-1.3329	-1.6348	-2.0337	-2.3273	-2.4587	-2.8626	-3.2497	-3.699	-3.3608	0.32991	0.81752	0.7313	0.5414	0.30623	0.083442	0.064293	0.0023598	-0.13881	11.662
974.16	-0.30717	-0.32948	-0.34487	-0.34639	-0.35082	-0.37379	-0.35032	-0.40709	-0.4944	-0.69375	-0.86942	-1.0793	-1.3116	-1.5945	-2.0028	-2.2775	-2.3824	-2.7105	-3.0872	-3.4482	-3.0893	0.42228	0.83335	0.70073	0.51511	0.28905	0.074812	0.0572	-0.0075269	-0.13738	11.255
975.22	-0.23747	-0.2894	-0.32921	-0.32407	-0.32623	-0.32601	-0.33517	-0.41447	-0.5317	-0.70577	-0.88264	-1.0782	-1.3073	-1.5843	-1.9356	-2.2252	-2.3071	-2.6396	-2.9219	-3.2091	-2.8352	0.4865	0.82736	0.69279	0.48197	0.27834	0.051537	0.065337	0.0097617	-0.13066	10.852
977.66	-0.2561	-0.27877	-0.29789	-0.29651	-0.32257	-0.32271	-0.33801	-0.42253	-0.53711	-0.73076	-0.89843	-1.0783	-1.2811	-1.5465	-1.9266	-2.173	-2.2262	-2.5056	-2.7506	-2.9917	-2.5739	0.53868	0.84559	0.66243	0.4591	0.2582	0.048974	0.049984	-0.0099634	-0.12772	10.416
980.11	-0.24779	-0.28178	-0.28778	-0.29698	-0.3161	-0.28594	-0.32982	-0.45647	-0.57342	-0.74292	-0.8667	-1.0364	-1.257	-1.5149	-1.886	-2.0846	-2.1534	-2.3993	-2.5826	-2.7607	-2.3099	0.60058	0.83462	0.62389	0.4512	0.23945	0.048852	0.040536	-0.011166	-0.1091	10.053
981.7	-0.20145	-0.24803	-0.2768	-0.26986	-0.25333	-0.309	-0.34763	-0.45055	-0.59799	-0.76962	-0.89345	-1.0794	-1.2473	-1.4812	-1.8375	-2.051	-2.0941	-2.2969	-2.4164	-2.5676	-2.1173	0.64946	0.81937	0.6205	0.43968	0.21582	0.028158	0.039307	0.0011118	-0.093274	9.5885
982.87	-0.17572	-0.22188	-0.23097	-0.26591	-0.25162	-0.28884	-0.3289	-0.48233	-0.63885	-0.79278	-0.89878	-1.0586	-1.2268	-1.4758	-1.8353	-1.9729	-2.0194	-2.2025	-2.2945	-2.3802	-1.9061	0.68852	0.8083	0.58417	0.41491	0.22201	0.029337	0.041584	0.0047849	-0.076224	9.2122
982.76	-0.1426	-0.18987	-0.19365	-0.2115	-0.22479	-0.2864	-0.37535	-0.51211	-0.60807	-0.7916	-0.90527	-1.0545	-1.2146	-1.4255	-1.7779	-1.9328	-1.955	-2.1097	-2.1513	-2.2199	-1.727	0.71737	0.82227	0.57237	0.39879	0.1885	0.030551	0.045076	-0.002562	-0.073625	8.7824
982.44	-0.13627	-0.14681	-0.1762	-0.19584	-0.21355	-0.2865	-0.36814	-0.5265	-0.66998	-0.802	-0.90045	-1.0311	-1.2065	-1.4151	-1.7496	-1.8658	-1.8771	-2.0255	-2.0158	-2.0268	-1.4934	0.77848	0.79225	0.53931	0.38544	0.17695	0.024501	0.035789	0.0023379	-0.064524	8.4046
981.91	-0.11465	-0.14936	-0.15994	-0.1911	-0.18821	-0.30522	-0.4099	-0.57594	-0.69718	-0.80751	-0.89838	-1.0372	-1.1986	-1.3786	-1.6832	-1.8224	-1.8287	-1.9402	-1.8757	-1.8274	-1.2893	0.78887	0.77626	0.5111	0.36542	0.15898	0.00026864	0.036971	-0.0025642	-0.068472	7.9702
981.38	-0.10961	-0.10997	-0.12731	-0.1791	-0.22511	-0.33016	-0.44193	-0.59178	-0.70964	-0.83332	-0.91423	-1.0098	-1.1574	-1.3601	-1.6511	-1.7729	-1.7485	-1.8359	-1.7465	-1.677	-1.1132	0.82698	0.76025	0.48761	0.3319	0.16294	0.00026878	0.038155	-0.00011376	-0.041106	7.5748
982.65	-0.073773	-0.097503	-0.13765	-0.16556	-0.22058	-0.33468	-0.48777	-0.61299	-0.7114	-0.81197	-0.89386	-1.0267	-1.1359	-1.3583	-1.5789	-1.7252	-1.6855	-1.7634	-1.6056	-1.5063	-0.94045	0.82591	0.72645	0.46442	0.31664	0.13951	-0.0045793	0.039269	0.0084636	-0.042355	7.1649
983.5	-0.044413	-0.060499	-0.097879	-0.16058	-0.24439	-0.37394	-0.48979	-0.59825	-0.70543	-0.83406	-0.88542	-0.9797	-1.1226	-1.3619	-1.5693	-1.6763	-1.5967	-1.6622	-1.478	-1.3366	-0.76451	0.83514	0.7006	0.4071	0.28137	0.12135	-0.021521	0.031105	-0.01113	-0.026694	6.7941
984.04	-0.0074711	-0.050623	-0.088501	-0.15687	-0.26826	-0.38486	-0.51758	-0.62633	-0.71442	-0.81842	-0.87729	-0.98755	-1.1011	-1.3432	-1.4889	-1.6119	-1.5541	-1.5765	-1.3645	-1.1875	-0.61979	0.84133	0.68132	0.39266	0.25969	0.10711	-0.034816	0.035731	0.0084494	-0.016266	6.3619
983.61	-0.013844	-0.030953	-0.088543	-0.16418	-0.29096	-0.41716	-0.51171	-0.63564	-0.71339	-0.81751	-0.87128	-0.95446	-1.0732	-1.2561	-1.4717	-1.5542	-1.4852	-1.4815	-1.218	-1.017	-0.43693	0.85385	0.64631	0.35607	0.23558	0.083967	-0.02999	0.024133	-0.0001135	-0.0097647	5.9736
984.35	0.025621	-0.018632	-0.094301	-0.20271	-0.2851	-0.42425	-0.51864	-0.64161	-0.73294	-0.81436	-0.84509	-0.95374	-1.079	-1.2515	-1.4212	-1.4966	-1.4158	-1.3889	-1.0885	-0.8387	-0.28031	0.84437	0.5841	0.33448	0.21523	0.09034	-0.06141	0.014832	0.0096712	0.0045533	5.6049
983.82	0.026905	-0.022334	-0.068704	-0.20281	-0.30079	-0.43931	-0.54454	-0.63034	-0.69716	-0.80467	-0.87875	-0.9389	-1.0748	-1.2306	-1.3712	-1.4622	-1.3596	-1.294	-0.98253	-0.72385	-0.1789	0.83156	0.57433	0.29909	0.1817	0.041434	-0.048133	0.017163	0.026806	0.0019538	5.2105
983.82	0.067656	0.019498	-0.099014	-0.22819	-0.32196	-0.4319	-0.5299	-0.64712	-0.71324	-0.79328	-0.84172	-0.92354	-1.0511	-1.197	-1.3108	-1.4047	-1.2926	-1.2375	-0.88083	-0.59661	-0.055941	0.8194	0.51256	0.28724	0.18573	0.038856	-0.062652	0.022967	0.034145	0.024081	4.8551
984.57	0.042157	-0.016171	-0.11408	-0.2256	-0.34006	-0.45379	-0.56241	-0.63502	-0.70869	-0.79142	-0.83215	-0.91726	-1.0408	-1.1469	-1.2838	-1.3644	-1.2398	-1.1504	-0.79447	-0.49154	0.042926	0.81436	0.48699	0.24793	0.14525	0.031102	-0.08679	0.018309	0.012113	0.01626	4.4708
986.05	0.081475	0.028049	-0.12089	-0.25179	-0.34518	-0.43708	-0.52505	-0.6521	-0.70895	-0.80032	-0.80924	-0.88663	-1.0128	-1.1284	-1.2463	-1.296	-1.1824	-1.0801	-0.71381	-0.38633	0.15887	0.78997	0.42714	0.21089	0.13832	0.023344	-0.084244	0.017124	0.014537	0.027925	4.132
986.69	0.06365	0.01331	-0.13824	-0.23355	-0.33229	-0.46021	-0.56972	-0.6298	-0.68579	-0.78845	-0.81636	-0.89023	-1.0102	-1.0845	-1.2003	-1.266	-1.1274	-0.99887	-0.60339	-0.27904	0.22939	0.76632	0.39293	0.19539	0.10603	-0.015206	-0.09384	0.01827	0.025506	0.038287	3.7885
988.07	0.071169	0.031665	-0.13225	-0.25248	-0.35854	-0.45095	-0.53491	-0.64306	-0.6875	-0.77726	-0.79741	-0.85424	-0.96347	-1.0663	-1.1672	-1.2061	-1.0628	-0.93446	-0.52691	-0.18628	0.32355	0.74103	0.34093	0.15262	0.080421	-0.0087719	-0.092503	0.020558	0.010852	0.038234	3.5032
988.92	0.069839	0.0047097	-0.16461	-0.26068	-0.33716	-0.46778	-0.54052	-0.65021	-0.66159	-0.75519	-0.78529	-0.84378	-0.93338	-1.02	-1.1143	-1.176	-1.0292	-0.86667	-0.42529	-0.087233	0.38444	0.70191	0.27918	0.13363	0.069645	-0.03696	-0.10567	0.010143	0.031534	0.048563	3.1666
989.13	0.058425	0.020619	-0.12979	-0.25822	-0.34832	-0.46399	-0.51006	-0.61283	-0.66944	-0.75754	-0.75845	-0.81444	-0.9011	-1.009	-1.0854	-1.1116	-0.94339	-0.79682	-0.34964	0.0076988	0.49601	0.68746	0.22772	0.081716	0.057583	-0.04208	-0.10685	0.015914	0.015708	0.048552	2.8881
989.87	0.083695	0.0047052	-0.15865	-0.26523	-0.33683	-0.47346	-0.54242	-0.6406	-0.67826	-0.7381	-0.75153	-0.82215	-0.89477	-0.97243	-1.0464	-1.0807	-0.92382	-0.73867	-0.27875	0.085407	0.52752	0.6408	0.17618	0.066337	0.022767	-0.059977	-0.11759	0.0078243	0.024209	0.044634	2.5953
990.62	0.055812	0.012034	-0.13886	-0.26383	-0.3492	-0.46207	-0.52505	-0.60293	-0.66711	-0.73377	-0.74717	-0.77301	-0.87337	-0.94904	-1.0143	-1.0329	-0.84021	-0.67659	-0.19093	0.14984	0.60145	0.61836	0.11471	0.027435	0.0080466	-0.059927	-0.10789	0.013583	0.018114	0.048479	2.3525
991.15	0.097488	0.015692	-0.15961	-0.28767	-0.3364	-0.44097	-0.53446	-0.61158	-0.65877	-0.71705	-0.72015	-0.8114	-0.85784	-0.9378	-0.96746	-0.98732	-0.80962	-0.61741	-0.10691	0.25764	0.66613	0.55658	0.052092	-0.0043507	0.0026997	-0.090588	-0.12705	0.0055105	0.018104	0.058792	2.0937
991.04	0.064634	0.0034788	-0.14805	-0.26012	-0.35886	-0.45696	-0.51998	-0.5937	-0.64554	-0.71587	-0.74304	-0.77545	-0.82309	-0.91287	-0.94714	-0.95442	-0.74817	-0.55732	-0.059484	0.29187	0.69009	0.50836	0.013307	-0.042009	-0.046729	-0.10211	-0.13067	-0.0048635	0.019322	0.038122	1.8432
992.63	0.097342	0.009572	-0.15937	-0.27168	-0.35129	-0.43786	-0.51673	-0.61451	-0.65911	-0.70844	-0.70768	-0.80603	-0.82083	-0.88879	-0.9021	-0.92193	-0.7081	-0.51771	-0.013245	0.34132	0.72607	0.48125	-0.054176	-0.064264	-0.061322	-0.11343	-0.13165	-0.0037056	0.010802	0.038058	1.6778
993.17	0.061972	-0.0014059	-0.14658	-0.26794	-0.33292	-0.45476	-0.52008	-0.57837	-0.62161	-0.688	-0.70603	-0.76135	-0.79314	-0.83954	-0.88259	-0.88351	-0.67765	-0.47074	0.058373	0.39496	0.74421	0.42843	-0.081616	-0.072452	-0.069291	-0.1121	-0.14117	0.0066489	0.021706	0.052224	1.4628
992.85	0.084703	0.022979	-0.16973	-0.28239	-0.35961	-0.43532	-0.52025	-0.60414	-0.64172	-0.69324	-0.6974	-0.76851	-0.77835	-0.83743	-0.85976	-0.84386	-0.64903	-0.42419	0.085102	0.44368	0.77623	0.37818	-0.14035	-0.12298	-0.093315	-0.13001	-0.13882	-0.012908	0.0071626	0.040631	1.3104
992.53	0.06075	-0.0038447	-0.14206	-0.26572	-0.35273	-0.46975	-0.51557	-0.59281	-0.62599	-0.68468	-0.70775	-0.76875	-0.76262	-0.81627	-0.84508	-0.83415	-0.6367	-0.38695	0.12521	0.47404	0.79105	0.33338	-0.17538	-0.14418	-0.10135	-0.1326	-0.16645	0.0043504	0.0083794	0.062579	1.1052
991.89	0.093625	0.021779	-0.14561	-0.28266	-0.35576	-0.43573	-0.49049	-0.58423	-0.63569	-0.68763	-0.68287	-0.75401	-0.74993	-0.81561	-0.82385	-0.78771	-0.57939	-0.3538	0.14959	0.49406	0.81807	0.32592	-0.2355	-0.17366	-0.12544	-0.13141	-0.13295	-0.0014041	0.019306	0.060038	1.0123
991.15	0.079795	0.0095863	-0.15961	-0.25889	-0.32939	-0.43974	-0.51387	-0.59236	-0.58963	-0.65798	-0.69353	-0.74211	-0.73826	-0.7745	-0.78497	-0.7853	-0.57229	-0.33402	0.19227	0.55363	0.80012	0.2702	-0.24569	-0.16673	-0.11752	-0.14686	-0.15587	0.0008986	0.024178	0.062666	0.89374
990.72	0.07224	0.038912	-0.17473	-0.2806	-0.35056	-0.43748	-0.49592	-0.58107	-0.6258	-0.66958	-0.66846	-0.69113	-0.73009	-0.79272	-0.77986	-0.76563	-0.55495	-0.30741	0.20696	0.56834	0.83496	0.24068	-0.31338	-0.21624	-0.14296	-0.15331	-0.15354	-0.0060175	0.0023183	0.04589	0.79923
991.36	0.083569	0.0046981	-0.17924	-0.25523	-0.33073	-0.43842	-0.51376	-0.59351	-0.59881	-0.66789	-0.67944	-0.73087	-0.72209	-0.7648	-0.76029	-0.75314	-0.53702	-0.28049	0.24208	0.59429	0.83576	0.20981	-0.32319	-0.20787	-0.13352	-0.16216	-0.16304	0.006661	0.029029	0.070404	0.71277
992.53	0.059486	0.01567	-0.14899	-0.2741	-0.34573	-0.44893	-0.48897	-0.57234	-0.61404	-0.67715	-0.6799	-0.68711	-0.7109	-0.76747	-0.77164	-0.73527	-0.5088	-0.26547	0.25516	0.59227	0.83875	0.1734	-0.36404	-0.24288	-0.16404	-0.15814	-0.16525	-0.0025535	0.026571	0.050965	0.67594
994.65	0.098405	-0.0026178	-0.18095	-0.28547	-0.32125	-0.43453	-0.51447	-0.58517	-0.62068	-0.65692	-0.64435	-0.69807	-0.7122	-0.76702	-0.73878	-0.71377	-0.51272	-0.26224	0.26795	0.62378	0.84357	0.15445	-0.39319	-0.23767	-0.14372	-0.16035	-0.1649	-0.0048459	0.014412	0.066308	0.65513
995.92	0.058026	0.0083232	-0.15193	-0.27436	-0.34176	-0.44007	-0.4873	-0.55891	-0.61591	-0.67609	-0.6675	-0.67649	-0.70285	-0.75299	-0.74596	-0.71187	-0.48957	-0.22599	0.28091	0.61251	0.86229	0.1608	-0.38771	-0.24908	-0.17013	-0.16651	-0.14795	-0.00025206	0.024062	0.046936	0.62952
996.24	0.084414	0.0058918	-0.16224	-0.28024	-0.32492	-0.42895	-0.50763	-0.58678	-0.60117	-0.66087	-0.65215	-0.70247	-0.70357	-0.73614	-0.73218	-0.70468	-0.47942	-0.22192	0.29776	0.63456	0.84618	0.13564	-0.39879	-0.24783	-0.15678	-0.15628	-0.15747	0.0077743	0.037345	0.077773	0.61351
996.03	0.058023	0.0071077	-0.15422	-0.27433	-0.36125	-0.44125	-0.49327	-0.55502	-0.60659	-0.66476	-0.66869	-0.70124	-0.68966	-0.74698	-0.74453	-0.70881	-0.47952	-0.22729	0.29057	0.63601	0.83184	0.13458	-0.41257	-0.25959	-0.16745	-0.1754	-0.15152	-0.0014005	0.025269	0.061074	0.63912
996.03	0.091979	0.018044	-0.16113	-0.27672	-0.34312	-0.41928	-0.50292	-0.57925	-0.6013	-0.65476	-0.63589	-0.70124	-0.69809	-0.74461	-0.72827	-0.68293	-0.47952	-0.21133	0.29783	0.65172	0.8424	0.11711	-0.41257	-0.26544	-0.1515	-0.1754	-0.14196	-0.0036929	0.030101	0.059789	0.65193
995.61	0.078178	-0.0062631	-0.1635	-0.27683	-0.34187	-0.43655	-0.52001	-0.56291	-0.59493	-0.65128	-0.66645	-0.69878	-0.68714	-0.74255	-0.7218	-0.69816	-0.47597	-0.18214	0.32338	0.65461	0.82955	0.10842	-0.42146	-0.25384	-0.18348	-0.16402	-0.16235	0.01696	0.025278	0.0611	0.62952
996.46	0.089427	0.013178	-0.17142	-0.27779	-0.34855	-0.42398	-0.48704	-0.58028	-0.62088	-0.66073	-0.66966	-0.68853	-0.69873	-0.74666	-0.71848	-0.6906	-0.45184	-0.2139	0.3098	0.65536	0.82093	0.13015	-0.42732	-0.2665	-0.17269	-0.1766	-0.15266	-0.0071286	0.024049	0.062332	0.65833
996.77	0.083116	-0.011115	-0.16676	-0.26339	-0.36516	-0.45068	-0.52783	-0.57755	-0.58762	-0.65427	-0.68331	-0.6952	-0.69851	-0.7239	-0.73179	-0.69933	-0.46917	-0.20453	0.31696	0.65385	0.83517	0.11484	-0.41599	-0.26291	-0.16998	-0.17146	-0.16216	0.015792	0.027664	0.059744	0.72077
996.88	0.076822	0.019242	-0.1817	-0.28483	-0.35955	-0.42746	-0.50128	-0.58895	-0.61136	-0.6692	-0.65677	-0.69375	-0.71061	-0.74516	-0.73442	-0.69726	-0.46663	-0.22178	0.29758	0.63808	0.85223	0.12574	-0.40973	-0.26171	-0.17395	-0.14093	-0.1502	0.0066241	0.025245	0.063592	0.80084
998.79	0.076675	-0.0086681	-0.19169	-0.2819	-0.338	-0.44855	-0.52676	-0.5891	-0.6247	-0.65918	-0.67438	-0.72268	-0.70925	-0.73545	-0.74788	-0.70983	-0.49315	-0.21738	0.30063	0.6447	0.83217	0.12767	-0.40522	-0.2472	-0.12987	-0.15969	-0.138	0.01576	0.043274	0.053211	0.87932
999.32	0.057832	0.013142	-0.16863	-0.28889	-0.37813	-0.47021	-0.51568	-0.59768	-0.63096	-0.69124	-0.68786	-0.72092	-0.71914	-0.76225	-0.76369	-0.71738	-0.5016	-0.21594	0.27755	0.62609	0.8291	0.15699	-0.36281	-0.24123	-0.14968	-0.14312	-0.12244	0.026038	0.046865	0.07625	1.0171
999.85	0.086619	-0.0086589	-0.18345	-0.2923	-0.35292	-0.46023	-0.5214	-0.61642	-0.62536	-0.67966	-0.70131	-0.75076	-0.7337	-0.75239	-0.75113	-0.73485	-0.53246	-0.27148	0.27017	0.60358	0.83129	0.17213	-0.33657	-0.20144	-0.13239	-0.13924	-0.13904	0.021457	0.052861	0.080052	1.2158
1000.9	0.066501	0.0046533	-0.16034	-0.29556	-0.37614	-0.47674	-0.52085	-0.60942	-0.63786	-0.72001	-0.71061	-0.74585	-0.73665	-0.79173	-0.78945	-0.76774	-0.53687	-0.2884	0.22171	0.56516	0.80808	0.21107	-0.304	-0.1954	-0.13225	-0.13403	-0.12581	0.032847	0.049197	0.068451	1.4019
1002.3	0.086403	0.0010257	-0.18758	-0.28685	-0.36038	-0.47245	-0.53331	-0.61999	-0.63961	-0.69168	-0.70462	-0.76538	-0.75053	-0.78357	-0.80722	-0.78745	-0.57586	-0.32898	0.20577	0.56829	0.81877	0.2455	-0.27018	-0.18	-0.10432	-0.11361	-0.13039	0.032802	0.06114	0.06708	1.5912
1002.1	0.070169	-0.0050176	-0.15443	-0.29877	-0.38541	-0.47983	-0.53103	-0.60364	-0.65684	-0.70798	-0.73235	-0.74087	-0.77398	-0.8191	-0.83433	-0.81037	-0.60083	-0.34888	0.14566	0.50986	0.79401	0.30633	-0.22197	-0.14745	-0.1017	-0.10098	-0.1019	0.029389	0.070762	0.074763	1.8127
1004	0.076278	0.0022267	-0.20212	-0.29702	-0.35977	-0.48376	-0.54556	-0.64804	-0.65953	-0.7178	-0.7272	-0.78597	-0.79853	-0.82696	-0.84484	-0.83647	-0.63811	-0.39969	0.11777	0.46993	0.76369	0.33282	-0.17584	-0.1193	-0.065905	-0.095743	-0.11712	0.035021	0.073026	0.061864	2.0022
1003.9	0.055074	-0.023095	-0.17015	-0.31481	-0.37641	-0.4935	-0.55279	-0.61015	-0.6596	-0.73897	-0.75231	-0.81889	-0.79397	-0.86706	-0.88527	-0.88494	-0.69397	-0.43272	0.085368	0.42581	0.74675	0.37077	-0.12398	-0.089102	-0.048767	-0.090703	-0.093418	0.054369	0.065839	0.065698	2.2432
1003.5	0.077566	0.016705	-0.18279	-0.31021	-0.37934	-0.46948	-0.54943	-0.64839	-0.68484	-0.74548	-0.74887	-0.79049	-0.83615	-0.9004	-0.89237	-0.89717	-0.71659	-0.49893	0.0013163	0.38441	0.71824	0.44138	-0.064715	-0.056594	-0.01976	-0.065477	-0.083968	0.053255	0.075465	0.09508	2.5068
1004.4	0.058783	-0.021876	-0.17006	-0.29216	-0.38174	-0.50897	-0.58118	-0.63259	-0.68156	-0.7485	-0.78444	-0.84307	-0.85116	-0.91366	-0.95738	-0.96046	-0.75556	-0.54594	-0.04909	0.31784	0.66257	0.48535	-0.0041529	-0.029838	-0.018424	-0.057845	-0.06137	0.072538	0.063408	0.056739	2.8173
1004.6	0.073735	0.01066	-0.18601	-0.3205	-0.40517	-0.48346	-0.56791	-0.65648	-0.71159	-0.77189	-0.76551	-0.79367	-0.87792	-0.95345	-0.97599	-0.98	-0.80867	-0.59858	-0.10907	0.27105	0.66766	0.51989	0.029175	-0.0077731	0.017159	-0.025029	-0.057802	0.057741	0.075377	0.064376	3.1376
1004.2	0.057551	-0.017057	-0.18494	-0.29696	-0.37214	-0.50666	-0.57772	-0.66182	-0.68039	-0.78214	-0.80963	-0.80495	-0.90059	-0.95385	-1.0221	-1.0357	-0.85363	-0.63709	-0.14753	0.19716	0.61558	0.56126	0.10699	0.049132	0.031671	-0.031349	-0.069681	0.080516	0.073011	0.072055	3.442
1004.8	0.067485	0.0082494	-0.17455	-0.30978	-0.41199	-0.50997	-0.57496	-0.67278	-0.71931	-0.7928	-0.80411	-0.84682	-0.92138	-1.0062	-1.051	-1.0784	-0.90263	-0.70526	-0.25301	0.1062	0.53667	0.62044	0.15258	0.074634	0.061955	-0.0035805	-0.042388	0.077052	0.08135	0.070734	3.7466
1004.9	0.047534	-0.011025	-0.17568	-0.30384	-0.39398	-0.50991	-0.60715	-0.68282	-0.74152	-0.79148	-0.83028	-0.92737	-0.95658	-1.0249	-1.0979	-1.1286	-0.9595	-0.78033	-0.33454	0.01666	0.48167	0.65284	0.22661	0.10712	0.08039	0.011554	-0.0412	0.074772	0.075353	0.056709	4.0852
1004.1	0.043831	0.013077	-0.15298	-0.30883	-0.42059	-0.52487	-0.59093	-0.69984	-0.74871	-0.82688	-0.84224	-0.91174	-0.97597	-1.0598	-1.154	-1.1641	-1.0173	-0.84037	-0.43327	-0.061242	0.40351	0.71621	0.29843	0.13857	0.10683	0.035546	-0.022265	0.082799	0.068221	0.079714	4.4111
1002.6	0.067634	-0.014671	-0.18295	-0.32589	-0.38381	-0.52443	-0.61336	-0.71102	-0.75377	-0.83307	-0.85602	-0.92405	-1.024	-1.1015	-1.1893	-1.2341	-1.0884	-0.93941	-0.52408	-0.17187	0.30181	0.7292	0.34093	0.18182	0.14	0.05077	-0.029422	0.079505	0.080331	0.082388	4.7647
1001	0.031451	0.0046528	-0.17751	-0.3169	-0.42189	-0.5362	-0.59155	-0.6893	-0.77339	-0.84933	-0.90006	-0.93237	-1.0321	-1.1445	-1.2465	-1.2954	-1.1398	-1.0084	-0.62847	-0.30371	0.21429	0.76838	0.40837	0.21007	0.15874	0.066046	0.0050201	0.10017	0.08647	0.065886	5.1281
998.58	0.067908	-0.0098815	-0.19173	-0.32363	-0.40484	-0.51316	-0.63026	-0.73042	-0.79112	-0.85889	-0.90729	-0.97454	-1.0954	-1.1698	-1.2779	-1.3502	-1.2286	-1.125	-0.72176	-0.41935	0.092356	0.78551	0.46153	0.26664	0.20288	0.085245	0.013377	0.10156	0.11441	0.091697	5.4707
996.03	0.034125	-0.011124	-0.15998	-0.3161	-0.424	-0.55109	-0.62343	-0.72719	-0.79447	-0.89484	-0.92727	-0.966	-1.1385	-1.212	-1.353	-1.4104	-1.2892	-1.189	-0.84341	-0.56836	-0.015655	0.81263	0.52371	0.3048	0.21137	0.11728	0.030144	0.11329	0.11228	0.070074	5.8669
994.54	0.056848	-0.0099215	-0.18328	-0.33331	-0.41067	-0.53725	-0.64729	-0.77042	-0.81686	-0.89618	-0.9615	-1.0282	-1.1458	-1.2684	-1.4066	-1.4952	-1.3988	-1.324	-0.98042	-0.71735	-0.16375	0.81931	0.55317	0.33809	0.25961	0.12765	0.036173	0.12265	0.10519	0.08563	6.226
993.48	0.029169	-0.025772	-0.17424	-0.27384	-0.41111	-0.54883	-0.6492	-0.74696	-0.81507	-0.92472	-0.98149	-1.0597	-1.1668	-1.3066	-1.4761	-1.5587	-1.4579	-1.4148	-1.1161	-0.87693	-0.332	0.84427	0.62741	0.3901	0.27721	0.16095	0.057779	0.12853	0.11257	0.072833	6.6549
992.85	0.055682	-0.013599	-0.16511	-0.33148	-0.42676	-0.53449	-0.67017	-0.76535	-0.84613	-0.93409	-0.97833	-1.0784	-1.2549	-1.3598	-1.5219	-1.6286	-1.5453	-1.5238	-1.2783	-1.039	-0.4951	0.84481	0.66029	0.40915	0.30273	0.18787	0.060213	0.12976	0.10416	0.079328	7.0629
991.79	0.016587	-0.035582	-0.16413	-0.30307	-0.41461	-0.55835	-0.68541	-0.76488	-0.84172	-0.97151	-1.0275	-1.128	-1.2713	-1.3958	-1.5956	-1.7113	-1.6323	-1.631	-1.4256	-1.2518	-0.68786	0.83695	0.70726	0.43898	0.3471	0.19701	0.086688	0.13566	0.1249	0.074248	7.5068
990.62	0.036841	-0.018515	-0.16433	-0.31183	-0.44455	-0.57005	-0.66198	-0.79656	-0.88129	-0.99026	-1.0427	-1.1224	-1.2691	-1.4678	-1.6765	-1.7733	-1.731	-1.7613	-1.6183	-1.477	-0.92493	0.83134	0.74565	0.4807	0.37157	0.23179	0.090395	0.14965	0.11654	0.087264	7.9038
989.56	0.019155	-0.030767	-0.16566	-0.29775	-0.41414	-0.57067	-0.69059	-0.79998	-0.86226	-0.99384	-1.0603	-1.1653	-1.2902	-1.4921	-1.7247	-1.8554	-1.8221	-1.885	-1.7625	-1.6789	-1.1452	0.80915	0.76274	0.5319	0.39605	0.241	0.11455	0.14751	0.1264	0.06665	8.3479
