12731	24	2	88	29.3	767.5	1	12	8	1.224	128	4096	10	0	0	0	0	156.67	1012.1	1.4713e+006	0.11888	0.051033	41.442	0	0	1	0	0	0	5	0	0
979.8	0.05237	0.03801	-0.1274	-0.3148	-0.4783	-0.6191	-0.8647	-1.147	-1.465	-1.832	-2.503	-2.97	-3.432	-2.989	-1.795	-0.7109	0.01857	0.8445	0.8773	0.6768	0.4129	0.2147	0.08593	0.03039	0.00471	-0.01307	-0.02114	0.01014	0.03901	0.02361	9.958
981.7	0.04357	0.01342	-0.1352	-0.3064	-0.4774	-0.6043	-0.9067	-1.164	-1.496	-1.844	-2.536	-3.071	-3.6	-3.182	-1.97	-0.8354	-0.06889	0.8152	0.8786	0.7012	0.4455	0.2297	0.1089	0.04556	0.02126	0.004439	-0.003364	0.01071	0.0237	0.02357	10.33
982.1	0.0388	0.02694	-0.1079	-0.311	-0.4748	-0.6126	-0.8927	-1.166	-1.531	-1.944	-2.461	-3.211	-3.788	-3.404	-2.146	-0.9778	-0.1708	0.8062	0.8872	0.7324	0.4648	0.278	0.1392	0.06457	0.03173	0.008997	-0.001821	0.01353	0.0277	0.02356	10.71
980.5	0.02064	-0.01026	-0.137	-0.3146	-0.4998	-0.6315	-0.9288	-1.209	-1.575	-2.014	-2.571	-3.378	-4.013	-3.649	-2.382	-1.162	-0.2983	0.7841	0.8879	0.7503	0.5112	0.2998	0.1499	0.0601	0.03891	0.02423	0.007442	0.01048	0.01329	0.01418	11.11
975.8	0.02233	0.007553	-0.1409	-0.3161	-0.5062	-0.6619	-0.9235	-1.219	-1.62	-2.059	-2.624	-3.561	-4.273	-3.952	-2.662	-1.357	-0.4513	0.747	0.8862	0.7873	0.526	0.319	0.186	0.09181	0.06008	0.03812	0.03696	0.02637	0.01659	0.01425	11.51
970.1	0.008842	-0.0001027	-0.1336	-0.3235	-0.5036	-0.6589	-0.9479	-1.262	-1.674	-2.156	-2.771	-3.795	-4.561	-4.287	-2.942	-1.573	-0.6046	0.7373	0.9012	0.7969	0.5563	0.3387	0.1959	0.1062	0.05974	0.02757	0.005961	0.01027	0.01425	-0.01104	11.87
967.6	-0.00559	-0.001818	-0.1307	-0.3568	-0.5239	-0.6762	-0.9756	-1.286	-1.744	-2.232	-2.924	-4.009	-4.827	-4.576	-3.244	-1.81	-0.7754	0.6663	0.9006	0.8344	0.5817	0.3515	0.2086	0.1266	0.0868	0.05927	0.02632	0.02006	0.01428	0.007217	12.27
966.5	-0.01122	-0.02329	-0.1488	-0.3358	-0.5142	-0.708	-0.9928	-1.327	-1.759	-2.298	-3.021	-4.191	-5.077	-4.9	-3.53	-2.045	-0.9432	0.6231	0.8993	0.8471	0.5989	0.3907	0.2365	0.1174	0.08675	0.06551	0.03653	0.02074	0.006156	0.007225	12.67
966.8	-0.01685	-0.01899	-0.1406	-0.3024	-0.5045	-0.6681	-1.015	-1.336	-1.832	-2.361	-3.182	-4.415	-5.293	-5.157	-3.828	-2.234	-1.105	0.5815	0.8883	0.8553	0.6359	0.4084	0.255	0.1607	0.09714	0.05314	0.05532	0.03695	0.01999	-0.02937	13.1
969.3	-0.016	-0.03178	-0.1394	-0.3309	-0.4953	-0.6845	-0.9823	-1.34	-1.819	-2.41	-3.259	-4.568	-5.51	-5.411	-4.053	-2.442	-1.261	0.5073	0.8739	0.8666	0.6335	0.4327	0.2593	0.1665	0.1176	0.08381	0.04893	0.0233	-0.0003577	-0.03723	13.48
972.3	-0.03753	-0.04278	-0.1422	-0.3055	-0.5104	-0.6738	-1.02	-1.382	-1.873	-2.458	-3.349	-4.814	-5.732	-5.685	-4.329	-2.665	-1.437	0.455	0.8409	0.869	0.6693	0.4529	0.2923	0.1944	0.1239	0.07511	0.05734	0.02818	0.001263	-0.01892	13.89
975.3	-0.08203	-0.0886	-0.1313	-0.3336	-0.5331	-0.6751	-1.011	-1.4	-1.884	-2.514	-3.487	-4.959	-5.968	-5.955	-4.583	-2.874	-1.594	0.3777	0.8307	0.8704	0.6812	0.4788	0.3091	0.1892	0.1343	0.09629	0.0626	0.02525	-0.009233	-0.02675	14.29
973.6	-0.05903	-0.1007	-0.1461	-0.3011	-0.5049	-0.6951	-1.052	-1.41	-1.96	-2.567	-3.539	-4.966	-6.203	-6.248	-4.895	-3.098	-1.775	0.3147	0.8065	0.8937	0.7111	0.49	0.3129	0.2171	0.1467	0.098	0.06815	0.02286	-0.01895	-0.07972	14.67
968.9	-0.1034	-0.09947	-0.1647	-0.316	-0.505	-0.6744	-1.044	-1.42	-1.974	-2.625	-3.693	-5.073	-6.452	-6.575	-5.179	-3.358	-1.98	0.2399	0.7861	0.8956	0.7138	0.5066	0.3371	0.2259	0.1606	0.1154	0.07396	0.01081	-0.04748	-0.06821	15
961.9	-0.1155	-0.1252	-0.1913	-0.3223	-0.4951	-0.6853	-1.039	-1.477	-2.001	-2.698	-3.79	-5.191	-6.725	-6.892	-5.49	-3.598	-2.146	0.1868	0.7673	0.8969	0.733	0.5402	0.3517	0.233	0.1617	0.1124	0.07291	0.02375	-0.02164	-0.08149	15.42
957.8	-0.1565	-0.1665	-0.2061	-0.3069	-0.4853	-0.6866	-1.051	-1.453	-2.015	-2.753	-3.885	-5.204	-6.952	-7.164	-5.754	-3.808	-2.29	0.1246	0.7545	0.9246	0.7545	0.5463	0.3721	0.259	0.1828	0.13	0.07323	0.008466	-0.05131	-0.1051	15.74
953.8	-0.1629	-0.202	-0.1995	-0.3074	-0.4585	-0.6912	-1.047	-1.456	-2.057	-2.836	-3.986	-5.162	-7.172	-7.461	-6.035	-4.026	-2.476	0.08234	0.7522	0.9251	0.7854	0.5736	0.3737	0.2656	0.1844	0.1282	0.07592	0.006641	-0.05731	-0.112	16.13
953.2	-0.1932	-0.1856	-0.2443	-0.3196	-0.4402	-0.6233	-1.037	-1.486	-2.057	-2.851	-4.067	-5.308	-7.366	-7.687	-6.299	-4.231	-2.635	0.01372	0.7156	0.9231	0.8001	0.5966	0.4019	0.2696	0.1977	0.1479	0.08311	0.01222	-0.05321	-0.1032	16.43
953	-0.2242	-0.2561	-0.246	-0.3309	-0.4532	-0.6357	-1.044	-1.482	-2.076	-2.879	-4.103	-5.403	-7.541	-7.914	-6.515	-4.41	-2.779	-0.06121	0.7003	0.9464	0.8011	0.5914	0.4102	0.2862	0.2031	0.1455	0.07995	-3.658e-005	-0.07387	-0.1396	16.76
955.4	-0.2171	-0.2399	-0.3031	-0.3614	-0.509	-0.593	-0.9897	-1.501	-2.101	-2.896	-4.145	-5.436	-7.675	-8.065	-6.686	-4.573	-2.906	-0.1127	0.6839	0.9193	0.815	0.6035	0.4166	0.2909	0.208	0.1506	0.08847	0.008861	-0.06463	-0.1207	17.08
957.5	-0.2637	-0.274	-0.3049	-0.3878	-0.4855	-0.6004	-0.9551	-1.433	-2.068	-2.91	-4.201	-5.525	-7.816	-8.29	-6.934	-4.747	-3.066	-0.163	0.6532	0.9275	0.8274	0.6142	0.414	0.2997	0.2142	0.155	0.07879	-0.01281	-0.09737	-0.1638	17.36
958.3	-0.2594	-0.3067	-0.3556	-0.4051	-0.4778	-0.5833	-0.9118	-1.375	-2.066	-2.924	-4.268	-5.63	-7.954	-8.454	-7.097	-4.876	-3.16	-0.2143	0.6334	0.9096	0.8309	0.6325	0.4341	0.3041	0.2127	0.1494	0.07635	-0.01309	-0.09564	-0.1532	17.66
958.8	-0.3566	-0.3654	-0.3621	-0.4353	-0.5295	-0.6223	-0.8282	-1.39	-2.049	-2.904	-4.266	-5.589	-8.036	-8.577	-7.251	-5.001	-3.273	-0.255	0.6201	0.9279	0.823	0.6345	0.4331	0.3039	0.2149	0.1532	0.085	-0.03068	-0.1375	-0.1957	17.93
959.4	-0.3539	-0.3928	-0.4407	-0.4997	-0.5539	-0.6262	-0.8546	-1.313	-1.986	-2.869	-4.226	-5.574	-8.072	-8.65	-7.344	-5.097	-3.337	-0.2965	0.5928	0.9239	0.8408	0.6566	0.4443	0.3263	0.2295	0.1625	0.08337	-0.03611	-0.1464	-0.1963	18.18
957.8	-0.378	-0.403	-0.5097	-0.5237	-0.6012	-0.6726	-0.829	-1.203	-1.914	-2.849	-4.184	-5.718	-8.096	-8.73	-7.421	-5.162	-3.412	-0.3511	0.5846	0.9178	0.8497	0.6457	0.4425	0.3128	0.2094	0.1378	0.06691	-0.04029	-0.1392	-0.2256	18.42
954.7	-0.4126	-0.4817	-0.5502	-0.6169	-0.6801	-0.7273	-0.8278	-1.128	-1.763	-2.737	-4.133	-5.571	-8.05	-8.676	-7.377	-5.134	-3.377	-0.3291	0.5918	0.9293	0.8508	0.65	0.4432	0.3185	0.2166	0.1461	0.07029	-0.04876	-0.1587	-0.2319	18.66
951.7	-0.4645	-0.5233	-0.6562	-0.7244	-0.7546	-0.8217	-0.915	-1.057	-1.544	-2.59	-3.985	-5.399	-7.921	-8.553	-7.312	-5.08	-3.345	-0.3096	0.6022	0.9262	0.8669	0.6551	0.4503	0.3227	0.2237	0.1551	0.06176	-0.06387	-0.1798	-0.2585	18.85
952	-0.4799	-0.5633	-0.6768	-0.7838	-0.8477	-0.9172	-1.043	-1.091	-1.406	-2.242	-3.701	-5.15	-7.613	-8.226	-7.087	-4.855	-3.213	-0.2524	0.6353	0.9354	0.8616	0.6633	0.4535	0.3077	0.2078	0.1386	0.04346	-0.08338	-0.2005	-0.3013	19.03
953.5	-0.5109	-0.5571	-0.7815	-0.8821	-1.019	-1.058	-1.074	-1.146	-1.25	-1.904	-3.231	-4.678	-7.085	-7.688	-6.682	-4.554	-2.975	-0.1735	0.6559	0.9416	0.8543	0.6652	0.4511	0.3033	0.1989	0.1267	0.04338	-0.09612	-0.2249	-0.3258	19.16
954.3	-0.5488	-0.6584	-0.9708	-1.035	-1.04	-1.114	-1.134	-1.101	-1.129	-1.615	-2.721	-4.021	-6.398	-7.008	-6.103	-4.117	-2.689	-0.06914	0.6909	0.9562	0.8428	0.6443	0.4499	0.2944	0.1906	0.1188	0.04494	-0.1159	-0.2643	-0.3562	19.34
951.6	-0.6222	-0.778	-1.004	-1.157	-1.183	-1.133	-1.23	-1.034	-0.9844	-1.286	-2.293	-3.517	-5.786	-6.322	-5.525	-3.692	-2.347	0.04143	0.7292	0.9614	0.851	0.643	0.4207	0.2905	0.1735	0.09242	0.002895	-0.1605	-0.3114	-0.4089	19.46
949.3	-0.821	-0.8035	-1.071	-1.186	-1.21	-1.138	-1.04	-0.9328	-0.8686	-1.036	-2.024	-3.069	-4.929	-5.357	-4.755	-3.089	-1.931	0.2117	0.7992	0.9758	0.8464	0.6188	0.4201	0.2857	0.1698	0.0895	-0.01385	-0.2142	-0.3992	-0.5493	19.57
945.4	-0.8696	-0.8007	-1.119	-1.13	-1.096	-1.011	-0.9978	-0.8867	-0.8881	-0.8581	-1.536	-2.552	-4.26	-4.65	-4.086	-2.585	-1.543	0.3501	0.8524	0.9583	0.8008	0.5916	0.4019	0.2458	0.1266	0.04408	-0.05395	-0.2556	-0.4417	-0.6077	19.68
939.5	-0.9213	-0.8799	-1.005	-1.032	-1.063	-1.129	-0.9875	-0.904	-0.7638	-0.8013	-1.295	-2.229	-3.606	-3.936	-3.463	-2.111	-1.204	0.4654	0.8812	0.9582	0.7888	0.5753	0.366	0.2227	0.1042	0.02212	-0.09861	-0.3176	-0.5198	-0.654	19.78
934.3	-0.983	-0.9142	-0.9528	-0.9692	-1.028	-1.051	-1.006	-0.8585	-0.7825	-0.7194	-1.226	-2.095	-3.322	-3.497	-3.096	-1.828	-0.9842	0.5563	0.9208	0.9592	0.7675	0.5353	0.3328	0.1871	0.06277	-0.02329	-0.1486	-0.3773	-0.5884	-0.7334	19.86
930.6	-0.8333	-0.8277	-0.8355	-0.9846	-0.9503	-0.9831	-1.032	-0.8628	-0.7269	-0.8786	-1.338	-2.054	-3.16	-3.354	-2.901	-1.719	-0.8882	0.5731	0.915	0.9254	0.738	0.5003	0.3122	0.1613	0.04507	-0.03542	-0.1541	-0.3596	-0.5493	-0.6711	19.95
930.5	-0.7157	-0.7431	-0.9161	-0.9271	-0.9356	-0.8899	-0.8526	-0.9136	-0.7913	-0.8177	-1.537	-2.115	-3.15	-3.288	-2.857	-1.679	-0.8593	0.5823	0.9214	0.9316	0.7389	0.5128	0.3139	0.1646	0.04449	-0.03863	-0.1451	-0.325	-0.491	-0.5728	20.02
934.4	-0.6902	-0.7338	-0.8405	-0.9289	-0.9398	-0.8781	-0.86	-0.8373	-0.8056	-0.8998	-1.611	-2.273	-3.221	-3.394	-2.852	-1.715	-0.8531	0.579	0.905	0.912	0.699	0.4975	0.2924	0.1503	0.03119	-0.05125	-0.1461	-0.3113	-0.4637	-0.5926	20.02
941.7	-0.7616	-0.7871	-0.7929	-0.9119	-0.8756	-0.8579	-0.8369	-0.8191	-0.785	-1.017	-1.751	-2.355	-3.358	-3.531	-2.954	-1.773	-0.8844	0.5808	0.8971	0.8997	0.7004	0.4722	0.2827	0.1539	0.01276	-0.08493	-0.1555	-0.326	-0.4835	-0.6084	20.05
952	-0.6963	-0.6688	-0.7662	-0.8635	-0.9	-0.8838	-0.8558	-0.7764	-0.764	-1.112	-1.771	-2.44	-3.422	-3.566	-2.949	-1.773	-0.8708	0.5611	0.8875	0.8918	0.6761	0.4618	0.2623	0.1255	0.01792	-0.05657	-0.1434	-0.3038	-0.4518	-0.5639	20.04
960.2	-0.6255	-0.6881	-0.8105	-0.9159	-0.9073	-0.824	-0.8061	-0.7501	-0.7652	-1.172	-1.822	-2.561	-3.456	-3.619	-2.969	-1.771	-0.9079	0.5696	0.8737	0.8951	0.6827	0.4676	0.2821	0.1345	0.01685	-0.06464	-0.1493	-0.3071	-0.4528	-0.5494	20.04
965.8	-0.6967	-0.7305	-0.8001	-0.813	-0.8157	-0.8461	-0.8183	-0.7621	-0.7763	-1.155	-1.825	-2.448	-3.426	-3.631	-2.966	-1.77	-0.8896	0.5602	0.89	0.8841	0.6912	0.4604	0.287	0.1253	0.01829	-0.05577	-0.1508	-0.3163	-0.469	-0.5685	20.02
966.5	-0.615	-0.6836	-0.7742	-0.8069	-0.8801	-0.8627	-0.8009	-0.7428	-0.785	-1.168	-1.829	-2.412	-3.443	-3.63	-2.944	-1.772	-0.8708	0.5729	0.8802	0.8901	0.6841	0.4556	0.2665	0.1066	0.006578	-0.06267	-0.1444	-0.3007	-0.445	-0.5307	20
960.7	-0.6212	-0.6083	-0.7962	-0.8293	-0.8631	-0.8167	-0.7881	-0.7948	-0.7867	-1.155	-1.822	-2.466	-3.399	-3.578	-2.924	-1.724	-0.8306	0.5915	0.8863	0.8828	0.6832	0.4328	0.2583	0.1181	0.002811	-0.07704	-0.1485	-0.2926	-0.4256	-0.5155	19.98
954.8	-0.6372	-0.672	-0.7845	-0.8625	-0.8411	-0.8462	-0.8122	-0.7692	-0.7664	-1.098	-1.744	-2.386	-3.306	-3.515	-2.832	-1.675	-0.8041	0.6093	0.9103	0.8831	0.6531	0.4461	0.2459	0.1001	-0.001163	-0.07126	-0.1819	-0.3305	-0.4678	-0.5316	19.89
949.8	-0.7371	-0.7245	-0.8252	-0.8767	-0.8149	-0.8111	-0.8041	-0.7434	-0.7571	-0.9618	-1.619	-2.216	-3.156	-3.366	-2.719	-1.566	-0.697	0.6403	0.9251	0.8886	0.6692	0.4264	0.2398	0.08251	-0.02436	-0.09835	-0.1741	-0.3492	-0.5109	-0.6081	19.79
947.4	-0.7866	-0.7631	-0.8365	-0.8741	-0.8542	-0.7752	-0.7009	-0.7137	-0.6951	-0.9153	-1.596	-2.114	-3.061	-3.245	-2.568	-1.43	-0.6191	0.6706	0.9314	0.8883	0.6464	0.41	0.2131	0.06773	-0.03847	-0.112	-0.2241	-0.3786	-0.5213	-0.621	19.62
948	-0.7082	-0.7241	-0.8026	-0.8339	-0.7495	-0.7201	-0.7261	-0.7149	-0.682	-1.015	-1.476	-2.226	-2.95	-3.133	-2.46	-1.353	-0.5374	0.6854	0.9393	0.8912	0.6375	0.4013	0.208	0.06295	-0.04364	-0.1174	-0.1984	-0.3579	-0.5052	-0.5938	19.48
949.6	-0.6464	-0.6844	-0.7739	-0.7542	-0.7152	-0.7039	-0.6961	-0.6905	-0.695	-1.037	-1.521	-2.167	-2.756	-2.918	-2.296	-1.232	-0.4829	0.7138	0.9246	0.8588	0.6213	0.4022	0.1944	0.0534	-0.04836	-0.1188	-0.218	-0.3686	-0.5077	-0.6001	19.27
950.3	-0.7662	-0.6997	-0.7012	-0.7061	-0.7195	-0.7175	-0.7298	-0.6702	-0.6591	-1.015	-1.465	-2.105	-2.709	-2.838	-2.225	-1.172	-0.404	0.7286	0.9294	0.8505	0.6167	0.3852	0.1877	0.03213	-0.07047	-0.1415	-0.2051	-0.3622	-0.5073	-0.6175	19.11
953.4	-0.6455	-0.646	-0.684	-0.6901	-0.6938	-0.6564	-0.6298	-0.644	-0.6749	-1.019	-1.494	-2.133	-2.713	-2.826	-2.173	-1.11	-0.3868	0.7413	0.9363	0.8494	0.6012	0.3718	0.1796	0.04064	-0.05931	-0.1285	-0.2163	-0.353	-0.4792	-0.5638	18.94
955.4	-0.6149	-0.623	-0.6719	-0.6783	-0.678	-0.6638	-0.6625	-0.6666	-0.6846	-1.037	-1.536	-2.328	-2.672	-2.78	-2.114	-1.085	-0.3503	0.7487	0.9283	0.8494	0.5992	0.3545	0.1834	0.03821	-0.0583	-0.1251	-0.2063	-0.3383	-0.4601	-0.52	18.73
958.3	-0.5984	-0.6167	-0.609	-0.6562	-0.6831	-0.6801	-0.6435	-0.612	-0.645	-1.01	-1.45	-2.113	-2.565	-2.702	-2.026	-1.012	-0.2895	0.7676	0.92	0.828	0.5856	0.3466	0.164	0.0342	-0.06754	-0.138	-0.1986	-0.3351	-0.4611	-0.5328	18.46
956.8	-0.5839	-0.6168	-0.6676	-0.6532	-0.6242	-0.6253	-0.6059	-0.5841	-0.6663	-0.9982	-1.45	-2.134	-2.558	-2.665	-1.982	-0.9707	-0.26	0.7706	0.9245	0.8199	0.5657	0.3343	0.1618	0.008468	-0.07911	-0.1397	-0.2139	-0.3339	-0.4446	-0.5055	18.21
953.7	-0.5752	-0.6136	-0.5929	-0.6329	-0.6062	-0.5783	-0.5661	-0.5713	-0.6513	-1.029	-1.45	-2.135	-2.55	-2.655	-1.942	-0.9269	-0.2317	0.7821	0.9083	0.8116	0.5516	0.3249	0.1343	0.01085	-0.08212	-0.1465	-0.2226	-0.3367	-0.4419	-0.5113	17.91
947.5	-0.5683	-0.5738	-0.6084	-0.616	-0.5851	-0.5547	-0.5635	-0.5766	-0.6816	-1.032	-1.465	-2.189	-2.575	-2.661	-1.9	-0.8739	-0.1779	0.7998	0.9259	0.8177	0.5569	0.3004	0.141	0.0125	-0.08992	-0.1608	-0.2208	-0.3326	-0.4357	-0.5048	17.61
942.2	-0.5319	-0.5542	-0.5734	-0.5739	-0.5624	-0.5534	-0.5769	-0.5991	-0.7029	-1.071	-1.522	-2.111	-2.572	-2.657	-1.888	-0.863	-0.1671	0.8007	0.9319	0.8094	0.5363	0.3036	0.1543	0.01177	-0.08232	-0.1475	-0.2157	-0.33	-0.4356	-0.4906	17.29
939.3	-0.5236	-0.5567	-0.5642	-0.5479	-0.5666	-0.5729	-0.5724	-0.5791	-0.7122	-1.08	-1.488	-2.181	-2.559	-2.606	-1.823	-0.8103	-0.1058	0.8149	0.9096	0.798	0.5354	0.3014	0.1072	0.003056	-0.09555	-0.1638	-0.2163	-0.3189	-0.4135	-0.4855	16.98
941.4	-0.4969	-0.4867	-0.5429	-0.5687	-0.6108	-0.592	-0.5774	-0.5795	-0.7328	-1.076	-1.512	-2.058	-2.544	-2.587	-1.782	-0.7809	-0.08872	0.8148	0.9209	0.7866	0.4951	0.2786	0.1178	-0.01521	-0.0925	-0.146	-0.2086	-0.3034	-0.3908	-0.4583	16.68
947.8	-0.4722	-0.4712	-0.5567	-0.5842	-0.5873	-0.5695	-0.515	-0.5192	-0.735	-1.053	-1.398	-2.122	-2.557	-2.519	-1.737	-0.7465	-0.05962	0.8273	0.9069	0.753	0.5129	0.2577	0.1021	-0.01984	-0.09427	-0.1458	-0.2032	-0.2847	-0.36	-0.443	16.34
956.5	-0.5093	-0.5111	-0.5565	-0.5653	-0.5388	-0.4875	-0.4871	-0.4832	-0.6978	-1.111	-1.529	-2.104	-2.599	-2.531	-1.71	-0.7084	-0.0624	0.826	0.911	0.7716	0.484	0.2478	0.1003	-0.02044	-0.1007	-0.1562	-0.2021	-0.2941	-0.3789	-0.4349	15.99
963.6	-0.4741	-0.5117	-0.487	-0.4601	-0.4434	-0.4423	-0.4253	-0.5523	-0.7198	-1.127	-1.453	-2.096	-2.614	-2.518	-1.696	-0.7073	-0.04544	0.8172	0.8897	0.7423	0.4655	0.2444	0.08492	-0.02883	-0.1066	-0.1604	-0.2171	-0.3015	-0.3794	-0.4341	15.62
966.8	-0.4685	-0.4585	-0.4389	-0.4063	-0.3873	-0.4261	-0.4521	-0.5382	-0.8405	-1.155	-1.498	-2.217	-2.723	-2.554	-1.705	-0.7221	-0.04776	0.804	0.883	0.7154	0.4606	0.2198	0.08221	-0.04187	-0.1071	-0.1522	-0.2109	-0.2847	-0.3529	-0.4104	15.3
963.6	-0.3911	-0.3989	-0.3954	-0.3766	-0.3767	-0.3773	-0.5242	-0.6062	-0.8169	-1.164	-1.473	-2.264	-2.817	-2.623	-1.726	-0.7073	-0.0306	0.8155	0.8828	0.7194	0.4472	0.2228	0.06213	-0.04667	-0.1125	-0.1581	-0.2006	-0.2766	-0.3467	-0.3918	14.93
961.4	-0.3354	-0.3454	-0.3266	-0.3687	-0.3999	-0.4033	-0.4539	-0.5437	-0.8647	-1.207	-1.712	-2.437	-2.964	-2.752	-1.788	-0.7401	-0.0472	0.8297	0.8856	0.722	0.4225	0.2135	0.0688	-0.03822	-0.1047	-0.1507	-0.2003	-0.2453	-0.2869	-0.3231	14.56
959.8	-0.3206	-0.3097	-0.4233	-0.3869	-0.3631	-0.404	-0.4601	-0.5315	-0.87	-1.289	-1.818	-2.575	-3.115	-2.862	-1.837	-0.7782	-0.06715	0.8063	0.8948	0.7164	0.4432	0.2266	0.07219	-0.03206	-0.09589	-0.1401	-0.1817	-0.2286	-0.2718	-0.302	14.19
961.1	-0.3492	-0.3921	-0.3694	-0.3872	-0.4143	-0.3687	-0.3603	-0.5963	-0.9436	-1.416	-2.034	-2.66	-3.212	-2.949	-1.915	-0.814	-0.08194	0.8212	0.8875	0.712	0.4392	0.2233	0.07536	-0.03901	-0.09588	-0.1352	-0.172	-0.1999	-0.2256	-0.2792	13.85
960.1	-0.348	-0.3217	-0.3509	-0.3349	-0.3446	-0.3456	-0.4053	-0.6534	-1.058	-1.476	-2.081	-2.752	-3.32	-3.06	-1.966	-0.8468	-0.1126	0.822	0.8976	0.728	0.4322	0.2236	0.07788	-0.03127	-0.08314	-0.1191	-0.1564	-0.2087	-0.257	-0.2859	13.47
960.6	-0.2694	-0.3163	-0.308	-0.3666	-0.3102	-0.3654	-0.4405	-0.7252	-1.137	-1.529	-2.055	-2.812	-3.406	-3.073	-1.976	-0.8653	-0.1052	0.8384	0.888	0.7183	0.4328	0.2205	0.07376	-0.0258	-0.08501	-0.126	-0.1445	-0.1846	-0.2216	-0.281	13.07
962.9	-0.2711	-0.2656	-0.2746	-0.3442	-0.2959	-0.3134	-0.5154	-0.7938	-1.166	-1.604	-2.139	-2.879	-3.463	-3.136	-2.005	-0.8697	-0.1016	0.8267	0.8797	0.7141	0.4401	0.2147	0.07521	-0.02419	-0.07821	-0.1156	-0.1434	-0.1774	-0.2088	-0.2412	12.7
965.5	-0.2229	-0.2365	-0.2428	-0.2917	-0.2824	-0.3385	-0.5377	-0.8275	-1.204	-1.648	-2.228	-2.92	-3.478	-3.129	-1.989	-0.8446	-0.08569	0.8298	0.8789	0.6995	0.4298	0.2037	0.08395	-0.03264	-0.0751	-0.1045	-0.1265	-0.1584	-0.1879	-0.2182	12.3
963.6	-0.1483	-0.1439	-0.1811	-0.2279	-0.2727	-0.3435	-0.5449	-0.8813	-1.263	-1.708	-2.152	-2.938	-3.496	-3.122	-1.977	-0.838	-0.07183	0.8393	0.8943	0.7135	0.4306	0.216	0.07678	-0.01176	-0.04699	-0.07138	-0.1024	-0.1088	-0.1147	-0.1276	11.9
963.4	-0.121	-0.1353	-0.173	-0.1865	-0.2878	-0.3895	-0.6148	-0.9052	-1.288	-1.717	-2.338	-2.943	-3.488	-3.131	-1.97	-0.8153	-0.08339	0.8306	0.8914	0.7255	0.4373	0.2063	0.07843	-0.01254	-0.05281	-0.08069	-0.0993	-0.1099	-0.1196	-0.1285	11.54
964.4	-0.08538	-0.09391	-0.1409	-0.2062	-0.2613	-0.3701	-0.6686	-0.9549	-1.334	-1.731	-2.233	-2.923	-3.479	-3.071	-1.931	-0.7843	-0.04293	0.8474	0.8852	0.718	0.4278	0.2061	0.08161	-0.00865	-0.0434	-0.06745	-0.08978	-0.08445	-0.07953	-0.08049	11.14
961.9	-0.09206	-0.07948	-0.1192	-0.1868	-0.2914	-0.3988	-0.6826	-0.9696	-1.348	-1.742	-2.303	-2.924	-3.449	-3.033	-1.891	-0.7552	-0.0323	0.8408	0.8943	0.7148	0.4156	0.2014	0.06061	-0.02421	-0.04987	-0.06763	-0.08371	-0.09228	-0.1002	-0.09988	10.77
957.2	-0.04462	-0.066	-0.1148	-0.1998	-0.2977	-0.4479	-0.7284	-0.9835	-1.358	-1.733	-2.412	-2.903	-3.404	-2.993	-1.85	-0.7063	0.01403	0.861	0.8742	0.6945	0.411	0.1926	0.05845	-0.02199	-0.04777	-0.06562	-0.08888	-0.07749	-0.06697	-0.07225	10.39
951	-0.04899	-0.04287	-0.08654	-0.1801	-0.3302	-0.4956	-0.7588	-1.01	-1.359	-1.752	-2.333	-2.857	-3.332	-2.896	-1.727	-0.6397	0.08181	0.8755	0.8853	0.681	0.3994	0.1787	0.04068	-0.03785	-0.06565	-0.08488	-0.1102	-0.08061	-0.05334	-0.05493	10.02
947.7	0.003312	-0.004484	-0.07354	-0.2107	-0.3499	-0.4912	-0.7365	-0.9809	-1.369	-1.732	-2.399	-2.828	-3.266	-2.822	-1.659	-0.5771	0.1181	0.9	0.8954	0.6757	0.3729	0.1656	0.04662	-0.02616	-0.05638	-0.0773	-0.08098	-0.05504	-0.0311	-0.01536	9.646
951.3	0.01147	0.02519	-0.06083	-0.2042	-0.3727	-0.5077	-0.7609	-0.978	-1.317	-1.703	-2.383	-2.756	-3.15	-2.688	-1.543	-0.4947	0.1728	0.8966	0.8788	0.6542	0.3597	0.1552	0.02665	-0.03706	-0.04815	-0.05583	-0.07749	-0.04255	-0.01029	-0.01045	9.257
957.6	0.05034	0.05276	-0.05055	-0.2029	-0.3759	-0.5061	-0.7397	-0.9929	-1.327	-1.691	-2.288	-2.667	-3.018	-2.553	-1.445	-0.4133	0.229	0.9005	0.8723	0.6534	0.3607	0.1436	0.03221	-0.04072	-0.05404	-0.06326	-0.08172	-0.03557	0.007036	0.01934	8.88
963.4	0.04036	0.03349	-0.0617	-0.2406	-0.3704	-0.5048	-0.7421	-0.9853	-1.28	-1.609	-2.213	-2.576	-2.897	-2.439	-1.321	-0.3201	0.2903	0.8853	0.8547	0.6257	0.3295	0.1405	0.03772	-0.04745	-0.05702	-0.06365	-0.06158	-0.02295	0.01271	0.02162	8.524
966.3	0.06919	0.05229	-0.06723	-0.2455	-0.4034	-0.5232	-0.7437	-0.9628	-1.258	-1.57	-2.146	-2.51	-2.781	-2.289	-1.2	-0.2523	0.3363	0.8968	0.8522	0.6053	0.3161	0.1095	0.01081	-0.04963	-0.06602	-0.07736	-0.06375	-0.01045	0.03874	0.04225	8.182
965.7	0.08774	0.06865	-0.0787	-0.2456	-0.3712	-0.4985	-0.7656	-0.9716	-1.267	-1.581	-2.088	-2.45	-2.692	-2.174	-1.109	-0.1799	0.3875	0.8886	0.8291	0.5778	0.3014	0.1043	0.005134	-0.06824	-0.07412	-0.07818	-0.05909	-0.02389	0.008607	0.03272	7.846
964.5	0.07657	0.0868	-0.06082	-0.2491	-0.3922	-0.538	-0.7428	-0.9483	-1.275	-1.541	-2.017	-2.391	-2.607	-2.071	-1.029	-0.09771	0.4234	0.9002	0.8149	0.5709	0.2777	0.07454	-0.01438	-0.06988	-0.07027	-0.07054	-0.08742	-0.02093	0.04045	0.06147	7.539
962.4	0.08643	0.08613	-0.07979	-0.2505	-0.4162	-0.5088	-0.746	-0.9471	-1.247	-1.5	-1.966	-2.294	-2.469	-1.927	-0.8911	-0.03412	0.4846	0.9111	0.8182	0.557	0.2534	0.06871	-0.02664	-0.07702	-0.08291	-0.08698	-0.07738	-0.02159	0.0299	0.04722	7.237
962.5	0.1066	0.06543	-0.08305	-0.2544	-0.3907	-0.5123	-0.7206	-0.9462	-1.21	-1.477	-1.898	-2.218	-2.345	-1.793	-0.776	0.07386	0.5416	0.9074	0.7921	0.5307	0.2451	0.05073	-0.03886	-0.0941	-0.09585	-0.09705	-0.08367	-0.02546	0.02826	0.06	6.928
966.6	0.09811	0.0703	-0.1006	-0.2422	-0.3922	-0.5066	-0.719	-0.9161	-1.165	-1.512	-1.848	-2.13	-2.23	-1.676	-0.6748	0.1126	0.5803	0.8868	0.7659	0.4921	0.2226	0.03186	-0.0533	-0.1099	-0.1066	-0.1044	-0.08488	-0.0206	0.03873	0.0661	6.706
972.8	0.09988	0.07583	-0.1089	-0.2824	-0.3669	-0.4965	-0.7008	-0.9119	-1.138	-1.445	-1.774	-2.042	-2.098	-1.558	-0.5749	0.184	0.6232	0.8681	0.7413	0.4848	0.1751	0.02277	-0.07071	-0.1146	-0.1068	-0.1014	-0.0859	-0.01238	0.05548	0.07438	6.384
974.6	0.0973	0.07143	-0.0982	-0.2568	-0.3913	-0.4939	-0.7078	-0.8997	-1.126	-1.416	-1.72	-1.968	-2.008	-1.456	-0.508	0.2353	0.6465	0.8787	0.7203	0.4664	0.1559	-0.0009471	-0.08185	-0.1297	-0.1151	-0.105	-0.09894	-0.0355	0.02307	0.06162	6.149
972.7	0.08072	0.03488	-0.09515	-0.2525	-0.4	-0.5155	-0.6948	-0.8837	-1.088	-1.376	-1.665	-1.916	-1.919	-1.359	-0.4273	0.286	0.6821	0.8568	0.7013	0.417	0.1538	-0.02467	-0.09088	-0.1507	-0.1288	-0.1137	-0.07345	-0.01735	0.03444	0.04513	5.926
974.1	0.1173	0.06039	-0.07074	-0.2663	-0.3593	-0.4847	-0.6771	-0.863	-1.074	-1.37	-1.598	-1.831	-1.805	-1.245	-0.3235	0.3454	0.7064	0.8626	0.6897	0.4047	0.1298	-0.01797	-0.1012	-0.1505	-0.1341	-0.1227	-0.09589	-0.01974	0.05055	0.06876	5.679
978.5	0.1033	0.07369	-0.09539	-0.2401	-0.3616	-0.4825	-0.668	-0.8261	-1.073	-1.323	-1.553	-1.754	-1.707	-1.137	-0.24	0.3985	0.726	0.8482	0.6655	0.387	0.1088	-0.0702	-0.1208	-0.143	-0.1334	-0.1267	-0.1071	-0.02522	0.05032	0.05823	5.455
981.4	0.1109	0.05318	-0.0927	-0.2394	-0.3473	-0.4879	-0.6449	-0.8205	-1.019	-1.309	-1.506	-1.687	-1.62	-1.04	-0.1471	0.4367	0.7562	0.8336	0.6508	0.3652	0.07668	-0.08175	-0.1292	-0.154	-0.1475	-0.1431	-0.1129	-0.03103	0.04456	0.07608	5.316
977.2	0.105	0.08143	-0.102	-0.2514	-0.391	-0.472	-0.656	-0.8087	-1.02	-1.283	-1.477	-1.653	-1.566	-0.9779	-0.1374	0.4659	0.7651	0.8346	0.6415	0.3342	0.07373	-0.09022	-0.1322	-0.1715	-0.1596	-0.1513	-0.1142	-0.01938	0.06811	0.06932	5.124
970	0.1074	0.05808	-0.1117	-0.2469	-0.3869	-0.4816	-0.6731	-0.8106	-1.007	-1.275	-1.465	-1.632	-1.522	-0.9254	-0.08354	0.5027	0.7823	0.8206	0.6083	0.3291	0.05697	-0.1095	-0.1615	-0.1804	-0.158	-0.1425	-0.1127	-0.04077	0.02561	0.06825	5.016
961.4	0.118	0.04651	-0.09626	-0.2539	-0.3712	-0.5041	-0.6737	-0.8277	-1.032	-1.256	-1.429	-1.599	-1.469	-0.8638	-0.02188	0.544	0.8273	0.8094	0.5961	0.3015	0.03919	-0.1097	-0.1515	-0.1961	-0.1711	-0.1538	-0.1105	-0.03834	0.02829	0.07366	4.827
959.7	0.115	0.06562	-0.103	-0.2464	-0.3623	-0.4554	-0.638	-0.8054	-1.02	-1.23	-1.399	-1.554	-1.413	-0.8113	0.01946	0.5786	0.8321	0.8055	0.5849	0.3097	0.05425	-0.1287	-0.1755	-0.1863	-0.1604	-0.1424	-0.1234	-0.03594	0.04475	0.06898	4.715
962.8	0.1066	0.07058	-0.1166	-0.2655	-0.3651	-0.4566	-0.6359	-0.8069	-1.013	-1.213	-1.386	-1.498	-1.369	-0.7742	0.05713	0.6021	0.8509	0.795	0.5731	0.28	0.02585	-0.1275	-0.1627	-0.1903	-0.1718	-0.159	-0.1324	-0.04248	0.04052	0.06477	4.633
970.7	0.1121	0.07514	-0.1205	-0.2436	-0.3393	-0.4692	-0.6513	-0.7696	-0.9667	-1.185	-1.334	-1.46	-1.273	-0.6883	0.1246	0.6086	0.8432	0.7999	0.5616	0.2609	0.00835	-0.1465	-0.1929	-0.1996	-0.178	-0.1631	-0.1165	-0.03291	0.04424	0.08009	4.555
977.6	0.1113	0.06951	-0.1108	-0.2356	-0.3541	-0.4445	-0.6157	-0.7786	-0.9797	-1.158	-1.31	-1.395	-1.223	-0.6233	0.1332	0.6309	0.8364	0.7743	0.5441	0.2582	-0.008062	-0.1507	-0.1707	-0.1905	-0.1678	-0.1521	-0.1157	-0.03394	0.04152	0.06222	4.483
980	0.1023	0.05748	-0.1089	-0.2381	-0.3759	-0.4716	-0.6361	-0.7598	-0.9689	-1.157	-1.282	-1.4	-1.222	-0.632	0.1613	0.6357	0.84	0.7576	0.536	0.2476	-0.001517	-0.1525	-0.1743	-0.2038	-0.1676	-0.1425	-0.09762	-0.02658	0.039	0.07305	4.4
979.7	0.1182	0.05496	-0.1073	-0.2445	-0.3448	-0.464	-0.6355	-0.7577	-0.9387	-1.154	-1.266	-1.385	-1.207	-0.6157	0.1648	0.6504	0.8508	0.7596	0.5384	0.2502	-0.008861	-0.1548	-0.1751	-0.1893	-0.1716	-0.1593	-0.1123	-0.02946	0.04705	0.06836	4.389
978.6	0.09452	0.06859	-0.1091	-0.2424	-0.3576	-0.4825	-0.6173	-0.7561	-0.9794	-1.134	-1.269	-1.366	-1.191	-0.5982	0.203	0.6567	0.8534	0.7726	0.53	0.238	-0.03419	-0.1733	-0.1929	-0.2048	-0.1699	-0.1458	-0.121	-0.0273	0.05917	0.08101	4.376
979.4	0.09921	0.06091	-0.1017	-0.2445	-0.3691	-0.4403	-0.6184	-0.7483	-0.968	-1.129	-1.256	-1.342	-1.142	-0.5409	0.2141	0.6884	0.8608	0.7494	0.5273	0.2278	-0.026	-0.1607	-0.2016	-0.2176	-0.1729	-0.1419	-0.1178	-0.03123	0.04867	0.09116	4.355
977.7	0.097	0.05338	-0.1076	-0.2489	-0.3752	-0.453	-0.6172	-0.7407	-0.9827	-1.142	-1.262	-1.351	-1.157	-0.5648	0.1997	0.6501	0.8493	0.7733	0.5237	0.219	-0.02033	-0.1647	-0.1755	-0.2119	-0.1765	-0.152	-0.1265	-0.0316	0.056	0.08266	4.321
972.7	0.1191	0.06218	-0.09515	-0.247	-0.3488	-0.4511	-0.6279	-0.7777	-0.9693	-1.133	-1.275	-1.362	-1.177	-0.5589	0.199	0.6745	0.8463	0.7633	0.5347	0.2444	-0.02618	-0.1692	-0.1957	-0.1953	-0.163	-0.1405	-0.1256	-0.03438	0.04982	0.1005	4.363
970.3	0.1129	0.05806	-0.07913	-0.2705	-0.3457	-0.4478	-0.6195	-0.7552	-0.9724	-1.133	-1.256	-1.357	-1.166	-0.5507	0.2012	0.6794	0.8615	0.7774	0.5148	0.2282	-0.02048	-0.1629	-0.1816	-0.2166	-0.1796	-0.154	-0.108	-0.02796	0.04588	0.08804	4.394
971.5	0.09681	0.0708	-0.1074	-0.2426	-0.3666	-0.4688	-0.6173	-0.7746	-0.9666	-1.137	-1.277	-1.371	-1.165	-0.566	0.2227	0.6713	0.8793	0.7494	0.5278	0.2313	-0.03033	-0.1709	-0.1911	-0.2009	-0.1785	-0.163	-0.1289	-0.03634	0.04907	0.08161	4.392
977.9	0.1009	0.06185	-0.1212	-0.2371	-0.3665	-0.4794	-0.6412	-0.7599	-0.9695	-1.137	-1.274	-1.359	-1.157	-0.5528	0.223	0.6645	0.8516	0.7427	0.5244	0.2165	-0.02768	-0.1602	-0.1931	-0.2187	-0.1739	-0.1428	-0.1342	-0.03448	0.0576	0.07399	4.447
987	0.1079	0.0596	-0.09936	-0.252	-0.3639	-0.4665	-0.627	-0.756	-0.987	-1.142	-1.289	-1.379	-1.195	-0.5954	0.161	0.6328	0.8509	0.7695	0.5285	0.2211	-0.02742	-0.1631	-0.1667	-0.194	-0.1684	-0.1506	-0.1077	-0.02574	0.04989	0.085	4.558
990.5	0.1028	0.04766	-0.1093	-0.2635	-0.3657	-0.4666	-0.6368	-0.7629	-0.9752	-1.151	-1.269	-1.378	-1.19	-0.6183	0.1707	0.6496	0.8463	0.7676	0.5385	0.2532	-0.02894	-0.1465	-0.1819	-0.2009	-0.1659	-0.1418	-0.1249	-0.0345	0.04892	0.07072	4.65
991.6	0.08467	0.06518	-0.1084	-0.2624	-0.3777	-0.4854	-0.6279	-0.7652	-1.024	-1.15	-1.298	-1.4	-1.234	-0.6371	0.1424	0.618	0.8318	0.7873	0.5335	0.2455	0.0009188	-0.126	-0.1714	-0.1863	-0.1626	-0.1461	-0.1087	-0.02429	0.05363	0.0753	4.829
989.1	0.1006	0.06534	-0.1167	-0.2754	-0.384	-0.4782	-0.6399	-0.7679	-1.005	-1.195	-1.35	-1.465	-1.307	-0.7153	0.08038	0.5845	0.8186	0.7764	0.5623	0.2684	0.01708	-0.1212	-0.1528	-0.1807	-0.1659	-0.1556	-0.1189	-0.02788	0.05615	0.06382	4.991
984.9	0.1129	0.04709	-0.1076	-0.2564	-0.367	-0.4955	-0.6607	-0.788	-1.001	-1.217	-1.396	-1.509	-1.366	-0.7906	0.05242	0.563	0.7987	0.7953	0.5864	0.3026	0.01553	-0.1188	-0.1614	-0.1823	-0.1566	-0.1388	-0.1148	-0.03743	0.03401	0.06175	5.162
980.2	0.09992	0.05409	-0.1322	-0.278	-0.3821	-0.5064	-0.6721	-0.8127	-1.033	-1.257	-1.449	-1.574	-1.475	-0.8906	-0.02233	0.532	0.8098	0.8164	0.5915	0.3074	0.0417	-0.09215	-0.1334	-0.1687	-0.1537	-0.1433	-0.0976	-0.02323	0.04542	0.05499	5.376
977.7	0.1065	0.04744	-0.1334	-0.2646	-0.4042	-0.4898	-0.695	-0.8623	-1.044	-1.297	-1.473	-1.624	-1.528	-0.9261	-0.05177	0.5092	0.7786	0.8133	0.6322	0.319	0.06634	-0.08501	-0.1241	-0.1767	-0.1473	-0.1268	-0.1033	-0.02715	0.04312	0.05749	5.572
975.5	0.09323	0.0586	-0.1353	-0.2895	-0.3745	-0.49	-0.7056	-0.8561	-1.064	-1.322	-1.539	-1.711	-1.623	-1.033	-0.135	0.4586	0.7591	0.8395	0.6396	0.3423	0.0927	-0.05785	-0.1196	-0.1518	-0.1422	-0.1355	-0.1175	-0.04105	0.0295	0.03712	5.814
975.7	0.09959	0.05774	-0.1482	-0.2958	-0.405	-0.5379	-0.7146	-0.8745	-1.1	-1.385	-1.583	-1.78	-1.724	-1.141	-0.2008	0.4069	0.7256	0.8551	0.6674	0.3765	0.09433	-0.05785	-0.1083	-0.1411	-0.1211	-0.1072	-0.08254	-0.02848	0.02143	0.06155	6.107
977.8	0.09699	0.05337	-0.1374	-0.2959	-0.4104	-0.5461	-0.7365	-0.896	-1.099	-1.421	-1.646	-1.84	-1.825	-1.256	-0.3015	0.3255	0.6956	0.8576	0.6841	0.409	0.1309	-0.03486	-0.1081	-0.1377	-0.111	-0.09248	-0.07307	-0.02395	0.02138	0.0685	6.41
981.7	0.08235	0.04555	-0.1272	-0.2861	-0.4189	-0.5252	-0.7516	-0.9036	-1.146	-1.461	-1.707	-1.935	-1.954	-1.384	-0.4242	0.2785	0.6597	0.8741	0.7001	0.4422	0.1328	0.001263	-0.08045	-0.0953	-0.09162	-0.08907	-0.07972	-0.009262	0.05577	0.06901	6.68
982.9	0.087	0.04296	-0.1294	-0.278	-0.4316	-0.5484	-0.744	-0.9297	-1.15	-1.492	-1.77	-2.007	-2.077	-1.51	-0.5243	0.2037	0.6136	0.8609	0.7397	0.4541	0.1782	0.0108	-0.05402	-0.09975	-0.09293	-0.08821	-0.06807	-0.002871	0.05731	0.05249	7.019
983.1	0.09725	0.05899	-0.1222	-0.3029	-0.4183	-0.5457	-0.737	-0.9319	-1.188	-1.469	-1.841	-2.124	-2.202	-1.662	-0.6488	0.1252	0.5795	0.8875	0.7575	0.493	0.2156	0.04967	-0.02209	-0.0792	-0.08002	-0.0806	-0.05265	-0.00547	0.03808	0.05092	7.313
980	0.07377	0.04817	-0.1467	-0.2929	-0.4376	-0.5755	-0.7755	-0.9638	-1.245	-1.521	-1.933	-2.232	-2.383	-1.818	-0.7707	0.02354	0.514	0.899	0.7787	0.5353	0.253	0.06821	-0.01976	-0.06801	-0.07245	-0.07552	-0.05745	0.0006411	0.05426	0.05578	7.615
975.7	0.06773	0.04328	-0.1126	-0.3044	-0.456	-0.5687	-0.7858	-1.005	-1.269	-1.511	-2.013	-2.348	-2.502	-1.971	-0.8972	-0.03607	0.4707	0.9039	0.8139	0.5736	0.2893	0.08256	0.01151	-0.05452	-0.0608	-0.06514	-0.05771	-0.01782	0.01901	0.03948	7.972
971.3	0.07363	0.04689	-0.1342	-0.3121	-0.4581	-0.5919	-0.803	-1.039	-1.312	-1.594	-2.116	-2.478	-2.71	-2.157	-1.05	-0.1457	0.382	0.9079	0.8304	0.6072	0.3194	0.1178	0.02691	-0.03322	-0.04181	-0.04776	-0.03848	0.001994	0.03935	0.04124	8.335
971.5	0.06242	0.03834	-0.1448	-0.3159	-0.4658	-0.5797	-0.8325	-1.051	-1.339	-1.666	-2.234	-2.58	-2.852	-2.347	-1.23	-0.2631	0.3189	0.8929	0.8439	0.6297	0.3424	0.1445	0.04144	-0.0209	-0.04085	-0.05467	-0.04704	-1.455e-005	0.04339	0.04361	8.714
971.8	0.056	0.0443	-0.1415	-0.3403	-0.4665	-0.632	-0.8421	-1.086	-1.397	-1.711	-2.326	-2.704	-3.046	-2.55	-1.385	-0.417	0.2199	0.8777	0.8413	0.6371	0.3538	0.1556	0.05273	-0.01089	-0.01678	-0.02086	-0.02132	0.006429	0.03204	0.0515	9.084
974.7	0.04866	0.03907	-0.158	-0.3196	-0.4737	-0.6078	-0.8715	-1.12	-1.435	-1.768	-2.43	-2.815	-3.235	-2.762	-1.588	-0.5321	0.1353	0.869	0.8683	0.677	0.3946	0.2025	0.07752	0.01598	0.01009	0.006002	-0.01193	0.001646	0.01418	0.04267	9.472
