12471	24	2	88	27.3	767.5	1	14	8	0.245	128	4096	10	0	0	0	0	31.36	1010.5	1.4827e+006	0.11879	0.010257	41.272	0	0	1	0	0	0	5	0	0
973	-0.07079	-0.1116	-0.1638	-0.2957	-0.4282	-0.6443	-1.011	-1.372	-1.844	-2.454	-3.341	-4.757	-5.707	-5.65	-4.278	-2.586	-1.356	0.4767	0.8507	0.8633	0.6597	0.4382	0.2589	0.1503	0.08478	0.03946	0.01345	-0.01219	-0.03585	-0.06593	13.42
970.2	-0.09983	-0.1171	-0.1634	-0.2989	-0.4642	-0.6194	-0.9951	-1.362	-1.882	-2.521	-3.395	-4.874	-5.901	-5.892	-4.507	-2.763	-1.486	0.4334	0.8319	0.8767	0.6648	0.4632	0.2815	0.1522	0.09566	0.05649	0.02441	-0.015	-0.05137	-0.07087	13.82
970.1	-0.1223	-0.1624	-0.1797	-0.2855	-0.4587	-0.6642	-1.011	-1.343	-1.917	-2.563	-3.505	-4.918	-6.113	-6.137	-4.784	-2.966	-1.655	0.351	0.8289	0.8953	0.6921	0.47	0.2847	0.1653	0.1092	0.07035	0.02051	-0.02362	-0.06436	-0.101	14.23
969.9	-0.1503	-0.171	-0.2366	-0.299	-0.4296	-0.6101	-0.9726	-1.38	-1.906	-2.554	-3.597	-5.082	-6.337	-6.423	-5.047	-3.221	-1.856	0.2819	0.8056	0.8871	0.7046	0.4901	0.2961	0.1769	0.1126	0.06805	0.02988	-0.02588	-0.07736	-0.1137	14.6
970.4	-0.1863	-0.1906	-0.26	-0.3281	-0.457	-0.5659	-0.9492	-1.369	-1.896	-2.613	-3.616	-5.06	-6.458	-6.585	-5.208	-3.339	-1.949	0.2537	0.7968	0.8815	0.7092	0.5062	0.3097	0.1807	0.1164	0.07186	0.0244	-0.03355	-0.08705	-0.1382	14.98
967.4	-0.2479	-0.2659	-0.2918	-0.3355	-0.4466	-0.5599	-0.8988	-1.378	-1.921	-2.625	-3.692	-5.019	-6.605	-6.757	-5.389	-3.479	-2.051	0.2176	0.7925	0.8961	0.7238	0.4966	0.3237	0.2029	0.1251	0.07132	0.01431	-0.05716	-0.1231	-0.1554	15.39
971.2	-0.275	-0.3144	-0.3272	-0.3981	-0.4669	-0.5732	-0.8602	-1.311	-1.909	-2.596	-3.685	-5.072	-6.655	-6.837	-5.525	-3.573	-2.147	0.1817	0.7598	0.8893	0.7243	0.511	0.3297	0.209	0.1266	0.0695	0.01659	-0.06466	-0.1397	-0.1951	15.71
964.3	-0.3237	-0.3287	-0.4031	-0.4915	-0.5226	-0.5816	-0.7223	-1.168	-1.821	-2.566	-3.684	-5.057	-6.714	-6.954	-5.634	-3.678	-2.23	0.1478	0.7538	0.8973	0.751	0.5453	0.3385	0.209	0.1337	0.08161	0.01671	-0.06852	-0.1472	-0.2069	16.12
968.7	-0.3952	-0.4745	-0.4965	-0.5763	-0.6569	-0.7385	-0.8105	-0.9702	-1.49	-2.302	-3.426	-4.666	-6.436	-6.664	-5.405	-3.5	-2.115	0.1874	0.7632	0.9235	0.7533	0.5309	0.3451	0.2088	0.1284	0.07276	0.004908	-0.1009	-0.1985	-0.2639	16.44
959.5	-0.4702	-0.6313	-0.7731	-0.8934	-0.8985	-0.8953	-0.833	-0.8344	-1.044	-1.65	-2.807	-3.961	-5.68	-5.9	-4.792	-3.019	-1.774	0.3053	0.8227	0.9315	0.7414	0.5225	0.3255	0.1976	0.1104	0.05012	-0.02582	-0.1473	-0.2595	-0.3282	16.77
965.7	-0.6588	-0.6892	-0.7527	-0.7694	-0.7644	-0.7573	-0.7427	-0.6938	-0.8581	-1.394	-2.499	-3.616	-5.08	-5.25	-4.166	-2.594	-1.441	0.4037	0.8259	0.8901	0.7234	0.4736	0.2852	0.1599	0.05923	-0.01048	-0.09465	-0.2499	-0.3932	-0.4941	17.13
964	-0.5898	-0.6284	-0.7262	-0.7223	-0.7054	-0.6876	-0.6927	-0.6551	-0.7952	-1.527	-2.555	-3.778	-5.064	-5.238	-4.109	-2.55	-1.397	0.4371	0.8686	0.912	0.6949	0.4924	0.3085	0.1439	0.05862	-0.0004338	-0.08618	-0.2266	-0.3563	-0.4527	17.47
964.1	-0.5881	-0.6128	-0.6166	-0.6522	-0.6077	-0.6078	-0.5953	-0.6231	-0.7702	-1.425	-2.49	-3.713	-4.996	-5.143	-4.054	-2.487	-1.356	0.4529	0.857	0.9077	0.6964	0.4841	0.2776	0.1292	0.03932	-0.02288	-0.1168	-0.2511	-0.375	-0.4598	17.83
962.8	-0.5711	-0.5904	-0.5822	-0.6483	-0.649	-0.599	-0.6053	-0.6035	-0.6943	-1.418	-2.496	-3.795	-4.942	-5.042	-3.954	-2.418	-1.303	0.4817	0.8651	0.8953	0.6999	0.4773	0.2845	0.1511	0.04597	-0.02679	-0.113	-0.2474	-0.3714	-0.4804	18.16
960.8	-0.5505	-0.5691	-0.6655	-0.6409	-0.6177	-0.6159	-0.6365	-0.6015	-0.776	-1.5	-2.553	-3.774	-5.04	-5.176	-4.118	-2.514	-1.397	0.4376	0.8508	0.8938	0.7013	0.4888	0.2842	0.1522	0.0496	-0.02141	-0.1038	-0.2459	-0.3771	-0.463	18.43
960.9	-0.6766	-0.6658	-0.6785	-0.6895	-0.687	-0.6559	-0.6165	-0.5957	-0.7432	-1.328	-2.377	-3.456	-4.933	-5.083	-4.03	-2.493	-1.365	0.4349	0.8484	0.903	0.7062	0.4925	0.2809	0.149	0.0497	-0.01908	-0.09827	-0.2756	-0.4393	-0.5262	18.76
961.8	-0.5976	-0.5935	-0.6647	-0.6904	-0.6552	-0.6205	-0.6312	-0.636	-0.6927	-1.294	-2.399	-3.359	-4.869	-5.055	-4.034	-2.479	-1.375	0.4204	0.8598	0.9081	0.7122	0.4965	0.3002	0.1396	0.04721	-0.01673	-0.1328	-0.2745	-0.4054	-0.4953	19.04
956.4	-0.6204	-0.6264	-0.6413	-0.6158	-0.6141	-0.6135	-0.6054	-0.5993	-0.6614	-1.256	-2.297	-3.397	-4.809	-5.029	-4.003	-2.493	-1.368	0.421	0.857	0.9081	0.7079	0.4827	0.2831	0.1458	0.03726	-0.03789	-0.128	-0.2935	-0.4463	-0.5166	19.32
963.3	-0.6055	-0.6443	-0.6244	-0.6169	-0.6296	-0.6039	-0.6003	-0.595	-0.6846	-1.223	-2.272	-3.156	-4.716	-4.888	-3.896	-2.388	-1.301	0.4621	0.8661	0.9092	0.7202	0.483	0.2908	0.1347	0.02921	-0.04382	-0.1247	-0.2814	-0.426	-0.5321	19.57
959.6	-0.6216	-0.6304	-0.6507	-0.6712	-0.6552	-0.668	-0.6211	-0.6113	-0.6311	-1.208	-2.267	-3.289	-4.775	-4.966	-3.991	-2.471	-1.372	0.432	0.8595	0.9085	0.7247	0.4864	0.2977	0.1562	0.03792	-0.04399	-0.13	-0.2788	-0.4161	-0.5149	19.83
957.5	-0.6595	-0.6552	-0.6439	-0.6327	-0.6246	-0.6381	-0.5839	-0.5921	-0.5802	-1.01	-2.14	-3.093	-4.595	-4.835	-3.89	-2.388	-1.334	0.4382	0.8699	0.9377	0.7338	0.4882	0.3082	0.1402	0.03775	-0.03318	-0.1271	-0.2775	-0.4162	-0.52	20.06
955.3	-0.5731	-0.6149	-0.6115	-0.6261	-0.6284	-0.6186	-0.6208	-0.614	-0.612	-1.077	-2.155	-3.227	-4.655	-4.887	-3.901	-2.423	-1.341	0.4437	0.8772	0.9211	0.7346	0.4999	0.308	0.1562	0.05162	-0.02075	-0.1115	-0.273	-0.4221	-0.485	20.27
952.9	-0.5722	-0.573	-0.6296	-0.6325	-0.6357	-0.6324	-0.6139	-0.6156	-0.612	-1.026	-2.137	-3.111	-4.663	-4.907	-3.951	-2.446	-1.342	0.4475	0.8663	0.9294	0.7465	0.517	0.3138	0.1526	0.03673	-0.04352	-0.1325	-0.2781	-0.4125	-0.5024	20.47
957	-0.5973	-0.6269	-0.6697	-0.6914	-0.6529	-0.6157	-0.6128	-0.622	-0.6039	-0.9449	-2.005	-2.952	-4.531	-4.778	-3.831	-2.369	-1.302	0.4544	0.8841	0.9032	0.7283	0.5186	0.3157	0.1496	0.04206	-0.03241	-0.1192	-0.2755	-0.4197	-0.5155	20.67
950	-0.5984	-0.6018	-0.6357	-0.6756	-0.6166	-0.5992	-0.5978	-0.5562	-0.5729	-0.8997	-2.011	-3.051	-4.492	-4.753	-3.806	-2.359	-1.271	0.4739	0.8906	0.9314	0.7379	0.5087	0.3056	0.1555	0.04384	-0.03344	-0.1297	-0.2903	-0.4386	-0.5257	20.83
957.7	-0.5799	-0.5978	-0.6347	-0.6061	-0.6077	-0.5987	-0.5776	-0.5879	-0.5879	-0.9501	-2.054	-2.982	-4.554	-4.821	-3.89	-2.408	-1.333	0.4461	0.8635	0.9256	0.7512	0.5137	0.3089	0.1488	0.04678	-0.02382	-0.1279	-0.2799	-0.4203	-0.5231	20.99
946.8	-0.63	-0.6415	-0.632	-0.6592	-0.6769	-0.6373	-0.6373	-0.5879	-0.5946	-0.9635	-2.086	-3.002	-4.565	-4.79	-3.877	-2.378	-1.321	0.4414	0.8765	0.925	0.7539	0.5036	0.3149	0.1489	0.03177	-0.04931	-0.1357	-0.2948	-0.4417	-0.5405	21.11
949.9	-0.6042	-0.6473	-0.6789	-0.6869	-0.6594	-0.6379	-0.5831	-0.6051	-0.6116	-0.9107	-2.082	-3.065	-4.608	-4.882	-3.936	-2.443	-1.348	0.4552	0.8698	0.9289	0.7489	0.5308	0.3139	0.1571	0.04681	-0.02951	-0.1257	-0.2932	-0.4477	-0.5282	21.22
950.5	-0.6129	-0.6399	-0.6428	-0.6422	-0.6301	-0.6173	-0.5727	-0.5783	-0.5908	-0.8219	-1.96	-2.814	-4.466	-4.76	-3.868	-2.369	-1.318	0.4495	0.8709	0.9284	0.7375	0.5055	0.3129	0.153	0.03729	-0.04284	-0.1368	-0.3027	-0.4558	-0.5376	21.35
943.3	-0.5681	-0.5762	-0.6343	-0.6292	-0.6291	-0.6433	-0.5911	-0.5609	-0.5706	-0.8959	-2.064	-3.005	-4.58	-4.845	-3.913	-2.433	-1.354	0.4385	0.8759	0.9414	0.7473	0.533	0.3145	0.1708	0.05887	-0.01864	-0.125	-0.2662	-0.3966	-0.47	21.45
953.3	-0.6151	-0.6319	-0.6483	-0.6411	-0.6185	-0.6146	-0.5942	-0.5922	-0.6141	-0.8463	-1.941	-2.996	-4.46	-4.738	-3.837	-2.39	-1.314	0.4473	0.8899	0.9546	0.7479	0.5229	0.321	0.169	0.04345	-0.0435	-0.1268	-0.2963	-0.4527	-0.5102	21.51
941.8	-0.6078	-0.6308	-0.6445	-0.6432	-0.6334	-0.6053	-0.6085	-0.5986	-0.6089	-0.8659	-1.985	-2.838	-4.571	-4.87	-3.973	-2.491	-1.384	0.4293	0.8749	0.9369	0.7536	0.5384	0.3324	0.1767	0.05655	-0.02659	-0.1204	-0.2874	-0.4415	-0.5311	21.56
943.9	-0.5999	-0.5793	-0.6365	-0.6134	-0.5996	-0.5925	-0.6088	-0.5623	-0.5751	-0.7878	-1.862	-2.676	-4.392	-4.697	-3.828	-2.374	-1.322	0.4392	0.8754	0.9487	0.7554	0.5174	0.3159	0.1684	0.04805	-0.03524	-0.1289	-0.2832	-0.4256	-0.5023	21.6
945.1	-0.6007	-0.6172	-0.6565	-0.6239	-0.5939	-0.5987	-0.5923	-0.5507	-0.5498	-0.7479	-1.83	-2.944	-4.324	-4.605	-3.734	-2.303	-1.264	0.4736	0.8828	0.9379	0.7383	0.522	0.3114	0.165	0.04249	-0.04229	-0.1368	-0.2866	-0.425	-0.5171	21.63
942.2	-0.5886	-0.5962	-0.6485	-0.6487	-0.6267	-0.6033	-0.5856	-0.5683	-0.5753	-0.7833	-1.917	-2.918	-4.48	-4.78	-3.882	-2.407	-1.343	0.4418	0.8824	0.9495	0.7585	0.5382	0.3307	0.1718	0.0574	-0.02183	-0.1171	-0.277	-0.4247	-0.5138	21.65
933.5	-0.5707	-0.6089	-0.6629	-0.6555	-0.6382	-0.6303	-0.5965	-0.5744	-0.583	-0.8608	-1.948	-2.97	-4.493	-4.791	-3.875	-2.413	-1.332	0.4468	0.8906	0.9321	0.7543	0.5363	0.3228	0.155	0.04708	-0.02763	-0.1158	-0.2789	-0.4294	-0.507	21.62
936.4	-0.5947	-0.6132	-0.6441	-0.6273	-0.6019	-0.6123	-0.5884	-0.5642	-0.5805	-0.8709	-1.986	-3.001	-4.507	-4.778	-3.847	-2.381	-1.305	0.4617	0.8823	0.958	0.752	0.5308	0.3117	0.1649	0.046	-0.03631	-0.134	-0.2904	-0.4349	-0.5227	21.6
929.5	-0.6543	-0.6704	-0.6607	-0.641	-0.6237	-0.5953	-0.5999	-0.5651	-0.5558	-0.8895	-1.954	-3.023	-4.522	-4.784	-3.841	-2.379	-1.287	0.4835	0.9063	0.9616	0.7696	0.5409	0.3174	0.1613	0.04485	-0.03578	-0.113	-0.282	-0.4381	-0.5349	21.62
939.1	-0.6187	-0.6291	-0.6397	-0.6304	-0.6238	-0.6506	-0.6505	-0.6221	-0.6617	-0.9119	-1.866	-2.787	-4.121	-4.412	-3.576	-2.191	-1.163	0.4984	0.8822	0.9509	0.7541	0.5147	0.2967	0.1517	0.03597	-0.04416	-0.1449	-0.3125	-0.4672	-0.5278	21.5
931.2	-0.618	-0.6416	-0.6527	-0.6399	-0.625	-0.614	-0.5877	-0.5792	-0.6215	-0.8355	-1.813	-2.738	-4.037	-4.261	-3.461	-2.069	-1.103	0.5291	0.9078	0.9502	0.7373	0.5121	0.3169	0.1538	0.03897	-0.04052	-0.1364	-0.3034	-0.4576	-0.524	21.43
936.5	-0.593	-0.6131	-0.6288	-0.6771	-0.6787	-0.614	-0.6025	-0.5717	-0.5892	-0.8854	-1.889	-2.694	-4.148	-4.34	-3.521	-2.14	-1.111	0.5406	0.9003	0.9474	0.7562	0.5176	0.305	0.1681	0.05107	-0.02993	-0.1275	-0.2794	-0.4197	-0.5103	21.27
932.8	-0.6003	-0.5978	-0.6694	-0.6667	-0.6387	-0.6469	-0.5915	-0.5875	-0.614	-0.924	-1.953	-2.882	-4.22	-4.438	-3.591	-2.178	-1.17	0.5054	0.8921	0.9232	0.7395	0.5042	0.2945	0.1335	0.03449	-0.03405	-0.1532	-0.2878	-0.4121	-0.514	21.14
933.2	-0.5959	-0.6037	-0.6311	-0.6557	-0.6253	-0.5903	-0.626	-0.5923	-0.6129	-0.8988	-1.905	-2.717	-4.196	-4.431	-3.588	-2.172	-1.157	0.4979	0.8783	0.9394	0.7246	0.5094	0.2876	0.1422	0.03524	-0.03884	-0.1458	-0.2916	-0.4262	-0.5121	20.99
931	-0.6749	-0.6988	-0.6859	-0.6515	-0.6161	-0.5971	-0.5958	-0.5447	-0.583	-0.949	-1.911	-2.863	-4.139	-4.355	-3.486	-2.093	-1.114	0.5229	0.882	0.9373	0.7324	0.492	0.2773	0.1474	0.02877	-0.05336	-0.1584	-0.3149	-0.4594	-0.5555	20.82
929.2	-0.6119	-0.6403	-0.6567	-0.6421	-0.6132	-0.5892	-0.558	-0.5534	-0.5882	-0.956	-1.963	-2.746	-4.134	-4.303	-3.417	-2.044	-1.031	0.566	0.9019	0.9207	0.714	0.4992	0.272	0.126	0.02136	-0.05105	-0.1301	-0.2842	-0.4264	-0.5028	20.61
929.9	-0.5721	-0.5987	-0.6333	-0.6036	-0.5608	-0.6022	-0.5528	-0.5597	-0.599	-1.076	-2.021	-2.913	-4.207	-4.39	-3.474	-2.074	-1.065	0.5436	0.9154	0.9182	0.7117	0.4864	0.2819	0.1227	0.01671	-0.05663	-0.139	-0.2843	-0.4184	-0.509	20.42
929.7	-0.6082	-0.6033	-0.6097	-0.6013	-0.6211	-0.5907	-0.6006	-0.5937	-0.649	-1.169	-2.071	-2.997	-4.233	-4.369	-3.45	-2.031	-1.035	0.5794	0.918	0.9263	0.7179	0.4803	0.2802	0.1283	0.01949	-0.05584	-0.148	-0.2856	-0.4126	-0.5141	20.18
926.1	-0.6047	-0.6057	-0.647	-0.6384	-0.645	-0.6165	-0.6061	-0.6045	-0.6451	-1.155	-2.099	-3.05	-4.329	-4.455	-3.547	-2.096	-1.078	0.5605	0.9041	0.9282	0.7147	0.4752	0.2737	0.1417	0.02104	-0.06251	-0.1502	-0.2857	-0.4108	-0.5061	19.95
926.3	-0.6213	-0.6002	-0.6758	-0.6325	-0.6077	-0.5929	-0.6068	-0.5619	-0.5634	-1.12	-2.038	-3.031	-4.119	-4.231	-3.325	-1.926	-0.9469	0.6118	0.9214	0.9209	0.7084	0.4416	0.2559	0.1344	0.01711	-0.0641	-0.151	-0.3086	-0.454	-0.5334	19.73
930	-0.5537	-0.5755	-0.6112	-0.6217	-0.6102	-0.5878	-0.5678	-0.5783	-0.5981	-1.196	-2.135	-3.15	-4.267	-4.378	-3.42	-2.017	-1.003	0.5536	0.8963	0.8848	0.6764	0.4522	0.2557	0.1315	0.0227	-0.05261	-0.1439	-0.2659	-0.3786	-0.4775	19.46
925.4	-0.5732	-0.5801	-0.621	-0.6148	-0.6123	-0.5925	-0.6073	-0.5939	-0.6722	-1.224	-2.161	-3.023	-4.324	-4.437	-3.462	-2.034	-1.047	0.5655	0.9119	0.9129	0.7031	0.4778	0.2731	0.1241	0.02856	-0.03755	-0.1184	-0.2604	-0.3915	-0.4541	19.17
926.4	-0.5634	-0.6037	-0.6153	-0.5869	-0.5811	-0.5766	-0.5397	-0.5075	-0.569	-1.228	-2.122	-3.372	-4.183	-4.273	-3.284	-1.948	-0.9408	0.5888	0.8951	0.8997	0.6833	0.4353	0.2397	0.111	0.0123	-0.05604	-0.1444	-0.2846	-0.4141	-0.4785	18.88
931.8	-0.5768	-0.5922	-0.6134	-0.6057	-0.5769	-0.5669	-0.5175	-0.5256	-0.601	-1.22	-2.078	-3.153	-4.095	-4.145	-3.182	-1.841	-0.8705	0.6072	0.9238	0.8822	0.6716	0.4359	0.2501	0.112	0.01478	-0.05251	-0.1493	-0.2686	-0.3787	-0.4724	18.61
931	-0.5239	-0.5517	-0.5564	-0.5922	-0.5791	-0.5334	-0.5291	-0.5109	-0.6039	-1.256	-2.117	-3.315	-4.112	-4.169	-3.179	-1.829	-0.856	0.6169	0.9088	0.8813	0.662	0.4332	0.2327	0.0936	0.004394	-0.05737	-0.138	-0.2603	-0.3731	-0.4597	18.28
930	-0.4868	-0.4952	-0.562	-0.5714	-0.5394	-0.4998	-0.5352	-0.525	-0.6231	-1.304	-2.183	-3.328	-4.205	-4.243	-3.23	-1.855	-0.8799	0.6194	0.8971	0.8848	0.6446	0.4336	0.2523	0.109	0.0244	-0.03415	-0.1349	-0.2581	-0.3718	-0.4246	17.93
925.1	-0.5339	-0.5525	-0.5667	-0.5711	-0.5778	-0.5467	-0.5261	-0.4946	-0.7097	-1.429	-2.25	-3.482	-4.286	-4.305	-3.265	-1.866	-0.87	0.6272	0.9138	0.8842	0.6454	0.4289	0.2392	0.1031	0.01616	-0.04402	-0.1315	-0.2464	-0.3525	-0.4476	17.58
929.9	-0.5078	-0.5229	-0.5214	-0.5863	-0.5954	-0.5555	-0.5146	-0.5386	-0.6955	-1.41	-2.271	-3.437	-4.281	-4.282	-3.29	-1.864	-0.8886	0.6222	0.9059	0.891	0.6558	0.4337	0.2321	0.109	0.01871	-0.04379	-0.1113	-0.2274	-0.3346	-0.4172	17.26
927.9	-0.5072	-0.5473	-0.5752	-0.6289	-0.5885	-0.5738	-0.5301	-0.5194	-0.6938	-1.402	-2.269	-3.484	-4.288	-4.294	-3.252	-1.86	-0.8614	0.6016	0.9055	0.8772	0.6693	0.4105	0.2368	0.09633	0.01585	-0.03986	-0.1124	-0.2354	-0.3489	-0.4264	16.94
933.9	-0.504	-0.5065	-0.5589	-0.5625	-0.5355	-0.5657	-0.4927	-0.5119	-0.7944	-1.471	-2.31	-3.51	-4.294	-4.261	-3.217	-1.804	-0.8508	0.6341	0.9202	0.8742	0.63	0.411	0.2412	0.09172	0.003253	-0.05799	-0.1165	-0.2454	-0.3644	-0.4253	16.55
924.8	-0.4223	-0.4638	-0.4817	-0.5224	-0.5118	-0.5225	-0.5199	-0.5611	-0.9607	-1.691	-2.541	-3.81	-4.584	-4.515	-3.362	-1.916	-0.8866	0.6173	0.9109	0.8651	0.6491	0.4166	0.2291	0.09989	0.01341	-0.04645	-0.1103	-0.2084	-0.299	-0.3787	16.17
934.1	-0.4548	-0.4637	-0.4752	-0.5082	-0.4993	-0.4905	-0.4973	-0.6448	-1.026	-1.703	-2.549	-3.782	-4.576	-4.503	-3.365	-1.901	-0.888	0.6112	0.9121	0.8853	0.6298	0.3993	0.2218	0.08769	0.01672	-0.03241	-0.09785	-0.2027	-0.2994	-0.3593	15.83
926.9	-0.4021	-0.4511	-0.4508	-0.4559	-0.4702	-0.4816	-0.4892	-0.7237	-1.111	-1.819	-2.583	-3.844	-4.655	-4.604	-3.421	-1.954	-0.8991	0.6324	0.9096	0.8675	0.6372	0.3977	0.2396	0.09805	0.0151	-0.04232	-0.07982	-0.174	-0.261	-0.343	15.45
936.6	-0.3415	-0.396	-0.4462	-0.4946	-0.5004	-0.5087	-0.5938	-0.7825	-1.235	-1.853	-2.675	-3.914	-4.719	-4.602	-3.433	-1.946	-0.9153	0.6023	0.8876	0.8699	0.6136	0.3928	0.2304	0.1178	0.03285	-0.02595	-0.06525	-0.1643	-0.2558	-0.2869	15.08
932.2	-0.3281	-0.3818	-0.3443	-0.4402	-0.5283	-0.5497	-0.5887	-0.815	-1.309	-1.955	-2.733	-3.946	-4.821	-4.731	-3.517	-2.002	-0.9419	0.5988	0.888	0.8522	0.632	0.394	0.2172	0.0983	0.02575	-0.02447	-0.068	-0.1417	-0.2097	-0.2759	14.68
935.7	-0.2846	-0.3148	-0.3683	-0.4222	-0.4437	-0.5021	-0.5525	-0.8986	-1.415	-2.051	-2.863	-4.164	-4.991	-4.88	-3.617	-2.103	-0.9969	0.5956	0.9082	0.8568	0.6134	0.4087	0.2131	0.1027	0.03657	-0.009221	-0.05237	-0.1158	-0.1744	-0.2231	14.31
933.3	-0.2653	-0.2489	-0.3506	-0.3666	-0.4046	-0.4416	-0.6418	-1.011	-1.532	-2.125	-2.985	-4.166	-5.092	-4.938	-3.684	-2.131	-1.032	0.6126	0.9003	0.8651	0.6389	0.4081	0.2279	0.1126	0.05052	0.007549	-0.03547	-0.09128	-0.1428	-0.2014	13.93
938.2	-0.2001	-0.2184	-0.2732	-0.3263	-0.3715	-0.4625	-0.7329	-1.103	-1.601	-2.197	-2.963	-4.23	-5.104	-4.989	-3.682	-2.137	-1.052	0.5777	0.8822	0.8554	0.6211	0.3853	0.23	0.1144	0.05312	0.01069	-0.02963	-0.08068	-0.1278	-0.1561	13.56
936.1	-0.1865	-0.1967	-0.2165	-0.2738	-0.3625	-0.4823	-0.8238	-1.171	-1.667	-2.214	-2.954	-4.204	-5.061	-4.907	-3.601	-2.054	-0.9481	0.6172	0.8921	0.8486	0.6028	0.3892	0.2071	0.09868	0.04576	0.009121	-0.0386	-0.0637	-0.08688	-0.1392	13.14
941.4	-0.1111	-0.1224	-0.1718	-0.2405	-0.3906	-0.5399	-0.8615	-1.217	-1.67	-2.196	-2.861	-4.091	-4.91	-4.739	-3.424	-1.929	-0.8735	0.6227	0.8956	0.8369	0.5791	0.3702	0.2251	0.09892	0.05238	0.02017	0.000225	-0.0396	-0.07636	-0.07876	12.79
938.9	-0.04853	-0.06708	-0.1328	-0.2624	-0.4365	-0.5938	-0.9347	-1.234	-1.675	-2.187	-2.866	-4.026	-4.856	-4.668	-3.357	-1.862	-0.8022	0.6751	0.8902	0.8235	0.59	0.3612	0.1956	0.0753	0.03994	0.01545	-0.008645	-0.02086	-0.03213	-0.05849	12.38
943	-0.02772	-0.04038	-0.0946	-0.2555	-0.45	-0.6027	-0.9149	-1.278	-1.665	-2.179	-2.862	-3.916	-4.726	-4.475	-3.188	-1.722	-0.7389	0.6694	0.9027	0.8139	0.5654	0.3351	0.1889	0.09003	0.03657	-0.0004435	-0.01342	-0.01874	-0.02364	-0.02969	12.02
946.1	-0.02352	-0.03147	-0.1168	-0.2944	-0.4671	-0.6246	-0.9237	-1.26	-1.632	-2.146	-2.754	-3.854	-4.624	-4.36	-3.081	-1.636	-0.66	0.696	0.8967	0.806	0.5584	0.3295	0.1709	0.07157	0.03834	0.01534	-0.01658	-0.01805	-0.0194	-0.01902	11.63
947.5	0.008496	-0.006902	-0.09748	-0.2883	-0.4616	-0.6202	-0.9067	-1.228	-1.611	-2.107	-2.684	-3.701	-4.41	-4.141	-2.869	-1.501	-0.5492	0.7022	0.8829	0.7868	0.5197	0.3123	0.1524	0.05253	0.01797	-0.005955	-0.01416	-0.01169	-0.009405	-0.009255	11.24
950.9	0.01827	0.007087	-0.127	-0.2792	-0.468	-0.596	-0.9004	-1.189	-1.592	-2.061	-2.551	-3.514	-4.207	-3.877	-2.623	-1.297	-0.406	0.7667	0.886	0.7523	0.4968	0.2907	0.1387	0.04448	0.01423	-0.006719	-0.02287	-0.01585	-0.009371	-0.01569	10.86
949	0.02977	0.0009798	-0.1314	-0.308	-0.4552	-0.6051	-0.8944	-1.175	-1.554	-1.998	-2.603	-3.374	-4.037	-3.679	-2.452	-1.144	-0.3021	0.7772	0.8963	0.7598	0.4666	0.2685	0.1167	0.04221	0.00864	-0.0146	-0.02052	-0.01646	-0.01271	0.009401	10.5
950.9	0.0101	0.007087	-0.1261	-0.3042	-0.4664	-0.6373	-0.9167	-1.19	-1.545	-1.952	-2.415	-3.253	-3.849	-3.44	-2.225	-1	-0.192	0.8105	0.8945	0.736	0.4455	0.2429	0.1098	0.01303	-0.004668	-0.01692	-0.02844	-0.01853	-0.009371	0.004529	10.18
955.9	0.04175	0.03657	-0.1411	-0.3218	-0.4799	-0.6208	-0.8864	-1.146	-1.507	-1.924	-2.571	-3.132	-3.67	-3.263	-2.054	-0.8493	-0.09958	0.8241	0.8859	0.71	0.4223	0.2296	0.09037	0.008274	-0.02133	-0.04182	-0.03701	-0.01876	-0.001911	0.003701	9.847
951.2	0.04359	0.02105	-0.1145	-0.2864	-0.4566	-0.6046	-0.862	-1.12	-1.485	-1.87	-2.45	-3.032	-3.508	-3.068	-1.854	-0.721	0.02023	0.8737	0.8818	0.6878	0.405	0.1958	0.07762	-0.005831	-0.02119	-0.03182	-0.05231	-0.01793	0.0138	0.02393	9.49
960	0.04805	0.01566	-0.1085	-0.3037	-0.4571	-0.5877	-0.8456	-1.127	-1.419	-1.8	-2.506	-2.907	-3.351	-2.882	-1.725	-0.6193	0.07799	0.8453	0.8752	0.6814	0.3846	0.1737	0.05812	-0.02213	-0.03595	-0.04553	-0.04868	-0.0154	0.01532	0.03493	9.168
955.9	0.05476	0.02441	-0.1354	-0.2978	-0.4487	-0.5745	-0.8585	-1.095	-1.424	-1.753	-2.456	-2.811	-3.224	-2.757	-1.581	-0.5231	0.1365	0.8561	0.8736	0.6554	0.3612	0.1496	0.04524	-0.03943	-0.03623	-0.03401	-0.05047	-0.01794	0.01209	0.02462	8.894
962.7	0.06002	0.02338	-0.1434	-0.2973	-0.4543	-0.5817	-0.8379	-1.065	-1.388	-1.695	-2.308	-2.7	-3.047	-2.55	-1.43	-0.3992	0.2338	0.8721	0.8567	0.6068	0.3471	0.1366	0.04003	-0.03915	-0.04834	-0.0547	-0.06034	-0.002738	0.05043	0.04362	8.546
959	0.06106	0.03472	-0.1333	-0.3112	-0.4265	-0.5805	-0.8065	-1.051	-1.359	-1.646	-2.219	-2.619	-2.91	-2.42	-1.3	-0.3244	0.2861	0.8711	0.834	0.6049	0.3067	0.1115	0.009915	-0.06191	-0.06927	-0.07437	-0.07005	-0.03632	-0.005188	0.008501	8.287
966.5	0.0823	0.02758	-0.1282	-0.2945	-0.4145	-0.5552	-0.8048	-1.011	-1.313	-1.617	-2.142	-2.505	-2.755	-2.271	-1.164	-0.2217	0.3504	0.8766	0.8145	0.5917	0.3035	0.1144	0.02364	-0.0622	-0.06814	-0.07225	-0.05227	-0.01082	0.02743	0.03708	7.988
965.1	0.06953	0.04052	-0.1349	-0.2894	-0.446	-0.5742	-0.7837	-1.005	-1.293	-1.555	-2.069	-2.402	-2.623	-2.084	-1.027	-0.1184	0.4028	0.8708	0.7981	0.5411	0.2518	0.07122	-0.01778	-0.0832	-0.08821	-0.09168	-0.07117	-0.03175	0.004632	0.03953	7.754
966.1	0.08796	0.02759	-0.1331	-0.2875	-0.4258	-0.5615	-0.7822	-1.006	-1.26	-1.532	-2.004	-2.318	-2.481	-1.944	-0.9079	-0.02455	0.4781	0.8699	0.7775	0.5363	0.2474	0.05996	-0.03726	-0.09008	-0.09828	-0.104	-0.09461	-0.03919	0.01196	0.04586	7.462
970	0.06918	0.03775	-0.1188	-0.3021	-0.4359	-0.5567	-0.7744	-1.006	-1.237	-1.523	-1.944	-2.271	-2.395	-1.844	-0.7936	0.01695	0.5163	0.8725	0.7706	0.5098	0.2134	0.03667	-0.0549	-0.09357	-0.09991	-0.1043	-0.08174	-0.02882	0.02003	0.02347	7.281
971.2	0.0795	0.03599	-0.117	-0.301	-0.4101	-0.5577	-0.7659	-0.9654	-1.219	-1.5	-1.893	-2.211	-2.331	-1.774	-0.7439	0.06719	0.5435	0.8723	0.7696	0.494	0.209	0.03589	-0.06129	-0.1096	-0.1069	-0.1049	-0.08164	-0.01993	0.03702	0.03057	7.061
969.9	0.06118	0.03775	-0.1261	-0.2951	-0.4414	-0.5473	-0.7608	-0.9601	-1.193	-1.558	-1.855	-2.145	-2.229	-1.665	-0.6516	0.1282	0.5852	0.8954	0.7562	0.4829	0.1879	0.01438	-0.06784	-0.1252	-0.1219	-0.1197	-0.09892	-0.02947	0.03464	0.01951	6.896
974.9	0.1055	0.06225	-0.1166	-0.2857	-0.4125	-0.5402	-0.7236	-0.9439	-1.2	-1.49	-1.795	-2.069	-2.126	-1.574	-0.5859	0.1816	0.6091	0.8725	0.7244	0.4629	0.1836	0.01282	-0.07715	-0.1291	-0.1232	-0.1191	-0.08987	-0.03068	0.02396	0.03361	6.739
972.1	0.09701	0.04706	-0.1372	-0.2731	-0.4129	-0.5194	-0.7309	-0.9361	-1.158	-1.503	-1.757	-2.036	-2.071	-1.499	-0.5172	0.2259	0.6386	0.8619	0.7189	0.4458	0.162	-0.03312	-0.07657	-0.131	-0.1342	-0.1363	-0.08857	-0.03717	0.01027	0.03529	6.572
974.9	0.08079	0.04096	-0.1311	-0.292	-0.4125	-0.5479	-0.7273	-0.9044	-1.156	-1.489	-1.734	-1.991	-2.005	-1.43	-0.4732	0.2551	0.6498	0.8751	0.7108	0.4353	0.1336	-0.03155	-0.1053	-0.1368	-0.1259	-0.1183	-0.1186	-0.04489	0.02316	0.04386	6.399
975.6	0.07595	0.03328	-0.1076	-0.2878	-0.4153	-0.5124	-0.7291	-0.9101	-1.148	-1.465	-1.717	-1.96	-1.962	-1.393	-0.4287	0.2743	0.664	0.8562	0.6937	0.4108	0.1286	-0.04557	-0.1052	-0.1444	-0.1343	-0.1274	-0.1069	-0.0485	0.005389	0.03831	6.281
975.3	0.1039	0.05626	-0.1012	-0.2871	-0.4147	-0.5185	-0.7263	-0.9096	-1.103	-1.416	-1.697	-1.928	-1.921	-1.325	-0.3942	0.3147	0.6887	0.866	0.675	0.395	0.1188	-0.04041	-0.1189	-0.1505	-0.1355	-0.1252	-0.1123	-0.03475	0.03687	0.06592	6.191
982	0.09761	0.04743	-0.1213	-0.2922	-0.4056	-0.5218	-0.713	-0.8794	-1.12	-1.392	-1.634	-1.86	-1.837	-1.248	-0.3123	0.3246	0.6905	0.8394	0.6667	0.3898	0.1082	-0.06142	-0.1149	-0.1495	-0.1427	-0.138	-0.1247	-0.03581	0.04623	0.04668	6.11
975.1	0.08396	0.05883	-0.1254	-0.2896	-0.4116	-0.5229	-0.7158	-0.8977	-1.099	-1.396	-1.643	-1.854	-1.813	-1.251	-0.3223	0.3471	0.7059	0.8706	0.6714	0.3926	0.1057	-0.05003	-0.09323	-0.1613	-0.1458	-0.1351	-0.09063	-0.02601	0.03364	0.05726	6.047
979.5	0.09311	0.05348	-0.112	-0.264	-0.4145	-0.5325	-0.7315	-0.8825	-1.092	-1.392	-1.616	-1.829	-1.785	-1.207	-0.2812	0.3737	0.6939	0.8285	0.6676	0.3784	0.0971	-0.05717	-0.1192	-0.1545	-0.1368	-0.1246	-0.1119	-0.04088	0.02465	0.0413	6.018
978.8	0.1011	0.05013	-0.1274	-0.2751	-0.4124	-0.5482	-0.7093	-0.9015	-1.111	-1.396	-1.634	-1.847	-1.799	-1.21	-0.2883	0.3699	0.7244	0.8551	0.6613	0.3745	0.1086	-0.0631	-0.1418	-0.1668	-0.15	-0.1384	-0.1274	-0.04456	0.03191	0.0429	5.987
979.3	0.08837	0.05519	-0.1233	-0.2985	-0.4044	-0.5292	-0.709	-0.8939	-1.085	-1.4	-1.627	-1.838	-1.783	-1.212	-0.2752	0.3866	0.7127	0.8435	0.6708	0.3793	0.09793	-0.07632	-0.1241	-0.1591	-0.1401	-0.1269	-0.1212	-0.03823	0.03833	0.05702	6
983.2	0.08722	0.06425	-0.1204	-0.2934	-0.4082	-0.5025	-0.6851	-0.8823	-1.088	-1.339	-1.592	-1.827	-1.77	-1.17	-0.2647	0.3907	0.7422	0.86	0.6554	0.3728	0.09673	-0.06575	-0.1419	-0.1615	-0.1502	-0.1424	-0.1176	-0.03494	0.04137	0.04662	5.965
980.3	0.1097	0.0636	-0.1392	-0.2708	-0.3977	-0.5244	-0.7279	-0.8913	-1.088	-1.38	-1.594	-1.786	-1.709	-1.101	-0.1887	0.436	0.7516	0.8278	0.6415	0.3573	0.07826	-0.0733	-0.1287	-0.1521	-0.134	-0.1215	-0.1249	-0.04339	0.03186	0.06088	5.966
979.3	0.08757	0.0679	-0.1225	-0.2641	-0.4083	-0.5292	-0.7007	-0.8947	-1.122	-1.386	-1.637	-1.838	-1.798	-1.199	-0.2709	0.3939	0.7167	0.8573	0.6603	0.371	0.08243	-0.07338	-0.1313	-0.1713	-0.1433	-0.1239	-0.125	-0.04845	0.02225	0.07508	6.008
983.7	0.09507	0.02963	-0.1195	-0.2707	-0.3924	-0.5268	-0.7126	-0.8795	-1.121	-1.393	-1.633	-1.85	-1.806	-1.217	-0.2714	0.3857	0.7232	0.8431	0.6737	0.3875	0.09343	-0.05692	-0.1267	-0.166	-0.1457	-0.1317	-0.1152	-0.03922	0.03095	0.03722	5.994
980.6	0.08032	0.0348	-0.1569	-0.277	-0.4265	-0.5225	-0.7547	-0.9071	-1.107	-1.413	-1.625	-1.836	-1.823	-1.22	-0.28	0.3853	0.7263	0.8691	0.6826	0.4178	0.1051	-0.0468	-0.1319	-0.1749	-0.1473	-0.1283	-0.1156	-0.04352	0.02302	0.06321	6.059
984.9	0.06971	0.04308	-0.1322	-0.296	-0.4246	-0.5364	-0.735	-0.8912	-1.118	-1.423	-1.661	-1.903	-1.875	-1.286	-0.3311	0.3357	0.7005	0.8593	0.6797	0.4011	0.1347	-0.04294	-0.125	-0.1476	-0.1341	-0.1247	-0.09588	-0.03701	0.01733	0.03795	6.172
978.9	0.08601	0.03486	-0.129	-0.2962	-0.4178	-0.5397	-0.7259	-0.8966	-1.116	-1.43	-1.692	-1.922	-1.878	-1.3	-0.3547	0.3296	0.691	0.8533	0.6913	0.4119	0.1078	-0.04026	-0.1041	-0.1546	-0.1387	-0.1277	-0.09646	-0.03598	0.01984	0.04683	6.258
983.4	0.08167	0.03217	-0.1124	-0.2692	-0.4221	-0.5262	-0.7353	-0.9158	-1.127	-1.488	-1.733	-1.955	-1.966	-1.386	-0.4124	0.3113	0.6467	0.8762	0.7054	0.4357	0.1512	-0.02908	-0.08287	-0.1333	-0.1203	-0.1112	-0.08909	-0.03083	0.02296	0.05991	6.404
982.3	0.06515	0.04065	-0.1269	-0.2882	-0.4343	-0.5514	-0.7286	-0.9376	-1.163	-1.495	-1.778	-2.002	-2.034	-1.43	-0.4954	0.2628	0.6498	0.8676	0.7152	0.4287	0.157	0.002452	-0.08695	-0.1289	-0.1127	-0.1015	-0.08225	-0.02878	0.02058	0.05058	6.598
984.2	0.1013	0.0254	-0.1395	-0.297	-0.4086	-0.535	-0.752	-0.9382	-1.195	-1.483	-1.805	-2.06	-2.1	-1.516	-0.5297	0.2167	0.6396	0.8642	0.719	0.4436	0.1705	-0.003413	-0.07642	-0.1104	-0.1135	-0.1157	-0.09286	-0.03057	0.02693	0.03954	6.755
985	0.08075	0.03633	-0.1226	-0.2851	-0.4222	-0.566	-0.7687	-0.9542	-1.204	-1.503	-1.857	-2.155	-2.212	-1.642	-0.6236	0.1342	0.5746	0.8687	0.7416	0.4764	0.1769	0.01489	-0.05645	-0.1202	-0.1135	-0.1088	-0.08511	-0.02935	0.02212	0.03561	6.933
981.2	0.07156	0.03817	-0.1335	-0.3018	-0.4301	-0.5537	-0.7656	-0.9852	-1.226	-1.562	-1.934	-2.235	-2.364	-1.781	-0.7682	0.0649	0.5388	0.8834	0.7708	0.4948	0.2256	0.02891	-0.05507	-0.1062	-0.09944	-0.09475	-0.09315	-0.02941	0.02943	0.03339	7.187
980	0.0772	0.04244	-0.1232	-0.3053	-0.4502	-0.5808	-0.7831	-0.9928	-1.28	-1.538	-2.01	-2.327	-2.5	-1.954	-0.901	-0.0234	0.4843	0.9009	0.8018	0.537	0.2422	0.06279	-0.02792	-0.09261	-0.09259	-0.09258	-0.08399	-0.02876	0.02223	0.02009	7.378
982.7	0.07066	0.04486	-0.1341	-0.2858	-0.4178	-0.5708	-0.7938	-0.9925	-1.282	-1.553	-2.086	-2.416	-2.623	-2.098	-1.031	-0.1267	0.4223	0.8838	0.8004	0.5596	0.2603	0.07215	-0.03343	-0.09921	-0.09021	-0.08397	-0.08685	-0.02933	0.02377	0.03726	7.643
981.1	0.06365	0.01956	-0.1367	-0.3065	-0.4676	-0.5972	-0.8132	-1.017	-1.349	-1.639	-2.128	-2.5	-2.736	-2.242	-1.133	-0.2047	0.3655	0.8896	0.8204	0.5721	0.2925	0.09285	-0.002303	-0.06966	-0.07954	-0.08639	-0.06307	-0.02832	0.003754	0.01458	7.938
981.3	0.06047	0.03393	-0.1238	-0.3065	-0.4699	-0.5886	-0.8002	-1.046	-1.354	-1.635	-2.225	-2.589	-2.868	-2.371	-1.268	-0.297	0.329	0.892	0.8367	0.5953	0.3079	0.1193	0.01928	-0.06659	-0.06839	-0.06964	-0.05842	-0.01316	0.02862	0.02712	8.167
978.7	0.0511	0.04844	-0.1169	-0.3041	-0.4664	-0.5918	-0.8347	-1.077	-1.363	-1.684	-2.295	-2.662	-2.986	-2.483	-1.349	-0.3476	0.2519	0.8856	0.8397	0.6201	0.3258	0.1292	0.02334	-0.04462	-0.055	-0.06219	-0.05316	-0.01227	0.02548	0.04762	8.527
978.9	0.05902	0.04249	-0.1362	-0.3049	-0.4561	-0.6173	-0.867	-1.116	-1.42	-1.76	-2.415	-2.793	-3.153	-2.65	-1.479	-0.4658	0.1934	0.8776	0.8508	0.6408	0.3486	0.1512	0.03295	-0.03315	-0.04625	-0.05532	-0.04851	-0.01882	0.008587	0.03661	8.817
976.9	0.05915	0.03578	-0.1389	-0.3345	-0.4782	-0.5989	-0.8559	-1.127	-1.467	-1.814	-2.491	-2.895	-3.32	-2.846	-1.662	-0.5884	0.1132	0.8585	0.8872	0.6688	0.3755	0.1715	0.05229	-0.02404	-0.04756	-0.06384	-0.05248	-0.01695	0.01586	-0.003465	9.141
978.3	0.03841	0.01537	-0.1242	-0.3199	-0.4533	-0.6134	-0.8608	-1.135	-1.487	-1.853	-2.487	-3.032	-3.505	-3.057	-1.871	-0.7276	0.01236	0.859	0.8686	0.6812	0.4126	0.1978	0.05302	-0.001849	-0.02851	-0.04696	-0.05783	-0.01032	0.03353	0.01934	9.496
979.4	0.05027	0.0323	-0.1241	-0.3094	-0.4669	-0.6042	-0.8847	-1.18	-1.539	-1.937	-2.645	-3.154	-3.71	-3.282	-2.084	-0.878	-0.09151	0.8191	0.8775	0.7088	0.4326	0.2285	0.0858	0.02105	-0.002899	-0.01948	-0.03689	-0.008229	0.01823	0.01696	9.834
977.2	0.02971	0.0001023	-0.1155	-0.3274	-0.4796	-0.638	-0.9018	-1.219	-1.57	-1.99	-2.58	-3.311	-3.932	-3.514	-2.307	-1.033	-0.2064	0.8069	0.9035	0.7553	0.4613	0.2614	0.1173	0.04634	0.01193	-0.01188	-0.01838	-0.008118	0.001353	0.005981	10.18
975.6	0.02498	-0.01351	-0.1278	-0.3224	-0.4969	-0.6434	-0.9335	-1.208	-1.615	-2.042	-2.557	-3.448	-4.106	-3.723	-2.466	-1.187	-0.3102	0.7725	0.8838	0.7407	0.4768	0.27	0.1263	0.03569	0.00621	-0.0142	-0.02772	-0.002113	0.02152	0.003626	10.54
978.3	0.001874	-0.01008	-0.1057	-0.3184	-0.5034	-0.6561	-0.9068	-1.203	-1.617	-2.091	-2.674	-3.609	-4.289	-3.981	-2.705	-1.368	-0.4498	0.7426	0.901	0.7728	0.4992	0.2914	0.1452	0.05087	0.0138	-0.01187	-0.02223	-0.01624	-0.01072	-0.01289	10.87
976	0.01064	-0.02286	-0.1059	-0.3026	-0.4858	-0.6423	-0.9431	-1.248	-1.67	-2.152	-2.721	-3.795	-4.555	-4.274	-2.983	-1.583	-0.6032	0.7174	0.8858	0.7981	0.5479	0.3157	0.1552	0.07091	0.03192	0.004925	-0.002886	-0.006972	-0.01074	-0.01214	11.26
978.8	-0.01559	-0.01516	-0.1217	-0.3088	-0.4828	-0.6515	-0.9547	-1.28	-1.694	-2.189	-2.862	-3.931	-4.729	-4.488	-3.194	-1.743	-0.7224	0.6571	0.8802	0.8115	0.5561	0.3302	0.1804	0.08368	0.04705	0.02168	-0.005198	-0.02228	-0.03805	-0.0176	11.67
973.6	-0.01089	-0.04507	-0.1321	-0.2821	-0.4633	-0.6859	-0.9795	-1.307	-1.744	-2.263	-2.934	-4.072	-4.923	-4.693	-3.371	-1.881	-0.8519	0.6528	0.8879	0.8335	0.5977	0.3638	0.1927	0.1095	0.0563	0.0195	-0.01145	-0.01236	-0.01319	-0.03191	11.99
972.9	-0.04204	-0.05876	-0.1144	-0.2863	-0.4841	-0.6606	-0.9635	-1.324	-1.785	-2.318	-3.068	-4.295	-5.135	-4.947	-3.597	-2.068	-0.9653	0.6157	0.8924	0.8123	0.5948	0.3782	0.2114	0.1049	0.06398	0.03563	0.006444	-0.01513	-0.03505	-0.03352	12.4
973.7	-0.046	-0.06382	-0.1531	-0.3183	-0.4947	-0.6789	-0.9824	-1.368	-1.817	-2.403	-3.173	-4.461	-5.415	-5.294	-3.943	-2.327	-1.18	0.5401	0.881	0.8375	0.623	0.4134	0.2353	0.1256	0.07648	0.04249	0.01966	-0.006673	-0.03098	-0.04455	12.78
973.1	-0.07318	-0.0741	-0.1605	-0.2949	-0.4612	-0.6596	-0.9823	-1.368	-1.833	-2.436	-3.304	-4.672	-5.61	-5.488	-4.161	-2.503	-1.297	0.4862	0.8589	0.8548	0.6464	0.4218	0.2403	0.1372	0.09122	0.05939	0.01344	-0.007983	-0.02776	-0.05011	13.19
