25371	24	2	88	28.5	767.5	2	-1	41	6.0225	256	8192	5	0	0	0	0	29	1016.1	1.4793e+006	0.11911	0.00069705	41.469	0	0	1	0	0	0	5	0	0
1034	0.08345	0.03974	-0.09802	-0.156	-0.2379	-0.2847	-0.3633	-0.4208	-0.4497	-0.404	-0.2424	-0.02312	0.3913	0.7459	0.854	0.725	0.4374	-0.2773	-0.456	-0.6147	-0.6847	-0.6905	-0.5672	-0.4808	-0.3774	-0.3057	-0.2185	-0.07302	0.06122	0.08998	-0.6988
1036	0.1029	0.07655	-0.09485	-0.1514	-0.2362	-0.2683	-0.3557	-0.4172	-0.452	-0.3881	-0.2473	-0.01978	0.3864	0.7659	0.8856	0.7515	0.4814	-0.2392	-0.4497	-0.5888	-0.6716	-0.6562	-0.5605	-0.486	-0.3775	-0.3025	-0.1933	-0.0531	0.07634	0.1047	-0.6559
1034	0.1045	0.04775	-0.09647	-0.1945	-0.2187	-0.3218	-0.3904	-0.4298	-0.4713	-0.4178	-0.256	-0.04967	0.3662	0.7503	0.8702	0.7432	0.4942	-0.2279	-0.4474	-0.6004	-0.6831	-0.6694	-0.5504	-0.4894	-0.3723	-0.2912	-0.2243	-0.0869	0.0399	0.07063	-0.5763
1037	0.08327	0.01883	-0.11	-0.1468	-0.2212	-0.3196	-0.3995	-0.435	-0.4775	-0.4185	-0.2828	-0.0711	0.3566	0.7368	0.8651	0.7523	0.4947	-0.2111	-0.4138	-0.5851	-0.6632	-0.6444	-0.5342	-0.497	-0.3734	-0.2878	-0.2311	-0.08233	0.05501	0.1091	-0.4107
1032	0.09724	0.04145	-0.09675	-0.1995	-0.2401	-0.2855	-0.4115	-0.4387	-0.4712	-0.4392	-0.2859	-0.06146	0.3599	0.7225	0.8612	0.7438	0.5033	-0.2171	-0.4187	-0.5769	-0.6463	-0.6532	-0.5109	-0.4734	-0.3577	-0.2776	-0.2088	-0.07781	0.04307	0.09469	-0.2511
1036	0.08934	0.0525	-0.1055	-0.1898	-0.2598	-0.3505	-0.4113	-0.449	-0.4851	-0.4544	-0.3051	-0.1292	0.2937	0.7061	0.8723	0.7985	0.581	-0.1013	-0.326	-0.5084	-0.6066	-0.6157	-0.5089	-0.4859	-0.369	-0.288	-0.2108	-0.07415	0.05201	0.1121	-0.05121
1035	0.1119	0.04452	-0.09796	-0.1781	-0.22	-0.3072	-0.413	-0.4677	-0.5145	-0.4748	-0.3582	-0.1591	0.263	0.6827	0.8665	0.7992	0.6107	-0.06849	-0.2878	-0.4837	-0.5916	-0.5925	-0.4987	-0.4704	-0.3593	-0.2825	-0.2022	-0.07791	0.03684	0.07952	0.1089
1033	0.1031	0.02531	-0.1042	-0.1962	-0.2663	-0.3173	-0.4322	-0.4881	-0.5427	-0.5188	-0.3929	-0.2208	0.1941	0.6269	0.8874	0.8171	0.6408	-0.01101	-0.2426	-0.4638	-0.5631	-0.5836	-0.4812	-0.4523	-0.3479	-0.2756	-0.2142	-0.08523	0.03385	0.0841	0.2816
1038	0.1235	0.05237	-0.07183	-0.21	-0.2179	-0.3271	-0.4188	-0.4904	-0.5402	-0.521	-0.3809	-0.1983	0.1991	0.6239	0.8442	0.795	0.6271	-0.01259	-0.2415	-0.4271	-0.5558	-0.5683	-0.488	-0.4674	-0.3542	-0.2758	-0.1928	-0.06399	0.05492	0.1089	0.5442
1032	0.09571	0.04627	-0.08451	-0.2099	-0.2712	-0.3308	-0.4286	-0.4767	-0.561	-0.5538	-0.4448	-0.2411	0.1457	0.5904	0.8643	0.8199	0.648	0.03182	-0.203	-0.3967	-0.5284	-0.5482	-0.4743	-0.4501	-0.337	-0.2587	-0.1691	-0.04846	0.06289	0.08275	0.6896
1036	0.09978	0.07489	-0.08413	-0.1912	-0.2892	-0.3422	-0.431	-0.5141	-0.5888	-0.5775	-0.4582	-0.2947	0.08043	0.5669	0.8555	0.8375	0.6926	0.08909	-0.1467	-0.3446	-0.5013	-0.5235	-0.4556	-0.4091	-0.3255	-0.2677	-0.1976	-0.06227	0.06261	0.1046	0.891
1033	0.1107	0.03336	-0.1195	-0.2111	-0.2991	-0.3304	-0.4769	-0.5387	-0.6242	-0.6043	-0.5213	-0.3705	0.01582	0.4866	0.8192	0.8587	0.7366	0.1635	-0.09589	-0.33	-0.4628	-0.5002	-0.4404	-0.3961	-0.3139	-0.257	-0.1938	-0.06592	0.05216	0.09011	1.055
1031	0.1048	0.04146	-0.1136	-0.1906	-0.2698	-0.373	-0.5005	-0.5441	-0.6077	-0.6207	-0.5323	-0.396	-0.02846	0.4558	0.8335	0.8691	0.7654	0.2214	-0.0589	-0.2862	-0.4294	-0.4855	-0.4259	-0.3778	-0.3049	-0.2545	-0.1868	-0.06329	0.05071	0.1066	1.304
1033	0.1106	0.02853	-0.09964	-0.2007	-0.2871	-0.3659	-0.5296	-0.5431	-0.6297	-0.6381	-0.5825	-0.4518	-0.04757	0.428	0.8025	0.8569	0.7655	0.249	-0.03029	-0.2494	-0.4054	-0.4637	-0.416	-0.3974	-0.3152	-0.2584	-0.2099	-0.06571	0.06737	0.09751	1.506
1032	0.1063	0.06559	-0.1319	-0.2322	-0.3143	-0.3649	-0.4961	-0.5897	-0.6525	-0.6857	-0.6331	-0.4908	-0.1348	0.3927	0.7875	0.8598	0.7883	0.2725	0.003924	-0.2467	-0.3983	-0.4449	-0.406	-0.3763	-0.2855	-0.2226	-0.1765	-0.06072	0.04612	0.07829	1.722
1035	0.09542	0.04933	-0.1025	-0.2122	-0.3014	-0.4008	-0.5387	-0.6167	-0.6966	-0.7406	-0.6719	-0.5589	-0.1608	0.3347	0.7604	0.8631	0.7888	0.3028	0.05229	-0.2033	-0.3738	-0.4406	-0.3971	-0.3635	-0.2909	-0.2406	-0.1876	-0.06535	0.04749	0.08398	1.878
1037	0.1028	0.05566	-0.1024	-0.2325	-0.2817	-0.376	-0.5079	-0.5808	-0.6854	-0.7409	-0.6947	-0.5811	-0.2458	0.2819	0.7477	0.8616	0.8397	0.3613	0.119	-0.1244	-0.3146	-0.394	-0.3465	-0.3543	-0.2801	-0.2287	-0.1756	-0.0541	0.05804	0.09126	2.109
1032	0.1092	0.04143	-0.09671	-0.2083	-0.2993	-0.3938	-0.5188	-0.6078	-0.7044	-0.7644	-0.7252	-0.6387	-0.2926	0.2323	0.7282	0.8671	0.825	0.386	0.1281	-0.1329	-0.3222	-0.3958	-0.3724	-0.3486	-0.2741	-0.2225	-0.1955	-0.07461	0.03695	0.07379	2.309
1035	0.0939	0.04131	-0.1162	-0.2492	-0.3413	-0.3975	-0.5257	-0.6804	-0.7558	-0.7991	-0.7962	-0.708	-0.3579	0.1927	0.6966	0.8492	0.8363	0.4243	0.159	-0.09781	-0.2981	-0.3904	-0.3561	-0.3331	-0.2648	-0.2175	-0.1539	-0.06579	0.01554	0.0795	2.494
1032	0.1092	0.03982	-0.115	-0.2454	-0.3245	-0.4035	-0.5115	-0.6138	-0.7869	-0.8355	-0.843	-0.7516	-0.4121	0.1484	0.6773	0.8501	0.8556	0.4584	0.1937	-0.07598	-0.2866	-0.3706	-0.3206	-0.3196	-0.2613	-0.221	-0.1676	-0.05566	0.04762	0.07079	2.664
1032	0.1183	0.04305	-0.1059	-0.2292	-0.2949	-0.4004	-0.5404	-0.6262	-0.7989	-0.87	-0.8792	-0.8068	-0.4802	0.05701	0.6382	0.8489	0.8745	0.5015	0.2366	-0.03494	-0.2572	-0.3442	-0.3162	-0.3096	-0.2522	-0.2124	-0.175	-0.05762	0.05069	0.0738	2.859
1030	0.09893	0.06087	-0.1153	-0.2401	-0.297	-0.411	-0.5372	-0.7146	-0.8063	-0.8811	-0.8999	-0.8318	-0.5137	0.06014	0.6215	0.8476	0.8716	0.5223	0.2471	-0.04135	-0.2422	-0.3351	-0.3092	-0.3175	-0.2437	-0.1926	-0.1194	-0.0166	0.07831	0.07246	3.066
1034	0.09996	0.067	-0.1132	-0.233	-0.3252	-0.4268	-0.5561	-0.6976	-0.8228	-0.9109	-0.9587	-0.8993	-0.6128	-0.02234	0.5728	0.8406	0.8521	0.5593	0.2915	0.01084	-0.2117	-0.3251	-0.2956	-0.2986	-0.2405	-0.2003	-0.1569	-0.053	0.04294	0.06468	3.23
1028	0.08246	0.07874	-0.1538	-0.2211	-0.3437	-0.4263	-0.5711	-0.777	-0.8557	-0.9339	-0.9923	-0.9752	-0.6864	-0.1007	0.5453	0.7908	0.8715	0.5612	0.3263	0.01249	-0.1975	-0.3061	-0.299	-0.2976	-0.2589	-0.2321	-0.1506	-0.0498	0.04322	0.06061	3.426
1034	0.1165	0.04615	-0.1148	-0.2375	-0.337	-0.4446	-0.5818	-0.7265	-0.8358	-0.9573	-0.998	-0.974	-0.7012	-0.1344	0.5124	0.7934	0.8522	0.5872	0.3271	0.04077	-0.1824	-0.2861	-0.2729	-0.274	-0.2313	-0.2018	-0.1423	-0.05546	0.02468	0.05427	3.587
1031	0.1033	0.06722	-0.1029	-0.2397	-0.3485	-0.4266	-0.5722	-0.6693	-0.8705	-0.9806	-1.051	-1.047	-0.7995	-0.2083	0.46	0.7884	0.8611	0.6353	0.3967	0.09623	-0.1489	-0.2619	-0.2631	-0.2488	-0.2171	-0.1952	-0.1222	-0.04181	0.0324	0.06937	3.802
1030	0.1169	0.06566	-0.1427	-0.2547	-0.3517	-0.4576	-0.5912	-0.7507	-0.9131	-1.036	-1.127	-1.131	-0.9271	-0.333	0.3684	0.7415	0.8678	0.6621	0.4169	0.1263	-0.1257	-0.2438	-0.2541	-0.2577	-0.2243	-0.2011	-0.1032	-0.03108	0.03547	0.07986	3.979
1032	0.1047	0.05269	-0.1181	-0.2425	-0.3468	-0.4554	-0.599	-0.7283	-0.935	-1.056	-1.144	-1.201	-0.9833	-0.3789	0.345	0.6901	0.8558	0.6826	0.4563	0.1562	-0.1038	-0.2253	-0.2371	-0.2501	-0.2176	-0.195	-0.1353	-0.05367	0.02169	0.04397	4.175
1027	0.1022	0.05938	-0.1247	-0.2197	-0.3796	-0.4525	-0.6231	-0.7268	-0.9187	-1.087	-1.19	-1.246	-1.036	-0.4588	0.2988	0.7022	0.861	0.7104	0.4783	0.1775	-0.06381	-0.2066	-0.2243	-0.2483	-0.2104	-0.1843	-0.1403	-0.0377	0.05703	0.06961	4.353
1033	0.08653	0.04298	-0.1469	-0.254	-0.3655	-0.4919	-0.6324	-0.747	-0.9713	-1.108	-1.224	-1.247	-1.066	-0.4756	0.2758	0.6769	0.8269	0.7063	0.4685	0.1875	-0.06344	-0.1929	-0.2231	-0.2222	-0.1992	-0.1832	-0.1556	-0.07453	0.0003341	0.04838	4.639
1027	0.1022	0.06589	-0.1448	-0.2497	-0.3723	-0.482	-0.6321	-0.7855	-0.9484	-1.156	-1.311	-1.371	-1.224	-0.6172	0.1673	0.6229	0.8353	0.7307	0.5145	0.2061	-0.04361	-0.1773	-0.2031	-0.1989	-0.18	-0.1669	-0.1168	-0.04074	0.02946	0.05168	4.804
1033	0.08658	0.07354	-0.1272	-0.2586	-0.3924	-0.4776	-0.6357	-0.8069	-0.9705	-1.173	-1.331	-1.404	-1.276	-0.669	0.1385	0.6041	0.8012	0.7479	0.5386	0.2523	-0.006207	-0.1497	-0.1867	-0.2151	-0.1861	-0.166	-0.1411	-0.0501	0.03387	0.05585	4.998
1030	0.1065	0.05119	-0.09997	-0.2653	-0.3757	-0.479	-0.6533	-0.7634	-1.037	-1.204	-1.364	-1.443	-1.303	-0.716	0.1061	0.6074	0.8236	0.7798	0.5659	0.2752	0.0124	-0.1264	-0.1857	-0.1867	-0.167	-0.1534	-0.1297	-0.03903	0.04467	0.05751	5.224
1029	0.08086	0.04801	-0.1154	-0.3013	-0.3835	-0.4924	-0.6696	-0.8145	-1.009	-1.23	-1.418	-1.498	-1.377	-0.8007	0.03721	0.5543	0.8119	0.787	0.5693	0.2865	0.02329	-0.1082	-0.1478	-0.184	-0.1548	-0.1347	-0.1298	-0.04861	0.02634	0.05157	5.441
1029	0.07028	0.03993	-0.1383	-0.261	-0.3983	-0.5037	-0.6838	-0.825	-1.054	-1.273	-1.469	-1.584	-1.514	-0.9357	-0.05475	0.4945	0.7701	0.8001	0.5978	0.3054	0.04348	-0.104	-0.131	-0.1694	-0.1574	-0.1492	-0.09594	-0.0244	0.04164	0.05455	5.636
1026	0.08871	0.06759	-0.1204	-0.2769	-0.4027	-0.5168	-0.6891	-0.8386	-1.04	-1.329	-1.55	-1.712	-1.635	-1.063	-0.1637	0.4456	0.7635	0.8277	0.6286	0.351	0.08727	-0.08188	-0.1345	-0.1671	-0.1568	-0.1497	-0.1155	-0.02332	0.06174	0.03975	5.825
1027	0.1052	0.04001	-0.1401	-0.2705	-0.3871	-0.4916	-0.6794	-0.8556	-1.022	-1.32	-1.558	-1.689	-1.653	-1.058	-0.1848	0.4204	0.739	0.8247	0.6433	0.352	0.07157	-0.0621	-0.1389	-0.1639	-0.1425	-0.1276	-0.1094	-0.02763	0.04784	0.06064	6.007
1024	0.08735	0.05474	-0.1391	-0.2789	-0.4139	-0.5178	-0.6991	-0.8894	-1.111	-1.361	-1.627	-1.786	-1.793	-1.196	-0.2845	0.3557	0.7137	0.8459	0.6772	0.3787	0.1218	-0.05386	-0.1118	-0.1499	-0.1396	-0.1325	-0.1039	-0.01609	0.06493	0.04884	6.218
1028	0.07487	0.04642	-0.1231	-0.2925	-0.4194	-0.5187	-0.7404	-0.9252	-1.117	-1.416	-1.707	-1.853	-1.862	-1.281	-0.3621	0.3189	0.6733	0.8536	0.6684	0.3865	0.115	-0.03259	-0.1158	-0.1536	-0.1519	-0.1507	-0.1063	-0.03255	0.03555	0.05011	6.414
1025	0.08116	0.0239	-0.1112	-0.3099	-0.4088	-0.5089	-0.7413	-0.9158	-1.159	-1.451	-1.716	-1.915	-1.948	-1.351	-0.3978	0.2999	0.6832	0.8812	0.705	0.4338	0.1497	-0.01721	-0.107	-0.1555	-0.1297	-0.1119	-0.1067	-0.02946	0.0418	0.03226	6.594
1026	0.08716	0.07403	-0.1157	-0.2932	-0.4174	-0.541	-0.7234	-0.9671	-1.145	-1.508	-1.756	-1.979	-2.04	-1.452	-0.4963	0.2306	0.6439	0.8788	0.7317	0.4525	0.1698	-0.01439	-0.08704	-0.1248	-0.1102	-0.1002	-0.08296	-0.01651	0.04483	0.05622	6.806
1022	0.08594	0.04344	-0.1038	-0.2957	-0.4144	-0.5462	-0.7592	-0.9582	-1.179	-1.403	-1.792	-2.033	-2.113	-1.556	-0.551	0.1898	0.615	0.8686	0.7299	0.4732	0.172	-0.008799	-0.07354	-0.1033	-0.1051	-0.1063	-0.0951	-0.03026	0.02959	0.04288	7.002
1026	0.08865	0.03196	-0.1326	-0.3215	-0.4263	-0.5572	-0.7506	-0.9654	-1.21	-1.523	-1.854	-2.084	-2.152	-1.613	-0.6066	0.1415	0.5849	0.8355	0.7401	0.4588	0.1932	0.03198	-0.0595	-0.1073	-0.09961	-0.09431	-0.08146	-0.03494	0.008007	0.02923	7.217
1021	0.08147	0.04349	-0.1348	-0.299	-0.4493	-0.5337	-0.7672	-0.9793	-1.214	-1.55	-1.937	-2.181	-2.359	-1.788	-0.7766	0.04045	0.541	0.8678	0.7682	0.5072	0.2348	0.05331	-0.05364	-0.09314	-0.09583	-0.09769	-0.0863	-0.02442	0.03271	0.06551	7.398
1021	0.06934	0.04352	-0.1364	-0.3007	-0.4406	-0.552	-0.7923	-1.005	-1.236	-1.561	-1.976	-2.24	-2.434	-1.905	-0.8814	-0.02586	0.4806	0.8683	0.7859	0.5267	0.2459	0.05617	-0.04292	-0.08001	-0.08963	-0.09628	-0.07894	-0.01847	0.03735	0.04747	7.568
1022	0.06773	0.04346	-0.1347	-0.3034	-0.434	-0.5612	-0.8043	-1	-1.296	-1.496	-2.041	-2.32	-2.549	-2.007	-0.9563	-0.06743	0.4458	0.8772	0.8037	0.5436	0.2706	0.07021	-0.02444	-0.0726	-0.07789	-0.08156	-0.06698	-0.01596	0.03115	0.02935	7.788
1022	0.04644	0.03372	-0.1084	-0.2884	-0.455	-0.5824	-0.8058	-1.049	-1.337	-1.598	-2.122	-2.392	-2.659	-2.13	-1.059	-0.1799	0.3836	0.8673	0.808	0.55	0.2706	0.08432	-0.02291	-0.07406	-0.08367	-0.09032	-0.07291	-0.03082	0.00804	0.002258	7.991
1022	0.0738	0.04508	-0.1161	-0.2973	-0.4429	-0.5676	-0.7955	-1.028	-1.329	-1.584	-2.109	-2.423	-2.7	-2.184	-1.09	-0.1891	0.3711	0.8704	0.8208	0.5929	0.2737	0.09418	-0.02137	-0.04772	-0.06943	-0.08446	-0.06993	-0.01818	0.0296	0.02032	8.172
1020	0.07398	0.05496	-0.1396	-0.2785	-0.429	-0.551	-0.7989	-1.043	-1.353	-1.625	-2.187	-2.49	-2.794	-2.271	-1.157	-0.2483	0.3268	0.8859	0.8258	0.6088	0.2947	0.1029	0.003201	-0.05371	-0.06682	-0.07589	-0.07011	-0.02063	0.02504	0.03847	8.363
1019	0.05115	0.01264	-0.1227	-0.3148	-0.4669	-0.5989	-0.8241	-1.068	-1.373	-1.681	-2.333	-2.631	-2.987	-2.489	-1.362	-0.3782	0.2693	0.8681	0.8378	0.598	0.3279	0.1284	0.0186	-0.0332	-0.05153	-0.06422	-0.05381	-0.01842	0.01424	0.009812	8.566
1020	0.05415	0.03703	-0.1226	-0.2994	-0.4619	-0.5704	-0.8174	-1.065	-1.433	-1.725	-2.353	-2.696	-3.136	-2.666	-1.516	-0.4828	0.1771	0.8572	0.8557	0.6085	0.3479	0.1368	0.02627	-0.0317	-0.05434	-0.07001	-0.05078	-0.006544	0.03429	0.006786	8.803
1016	0.05284	0.03229	-0.106	-0.2976	-0.4593	-0.5974	-0.8645	-1.101	-1.387	-1.732	-2.402	-2.766	-3.174	-2.713	-1.534	-0.5174	0.1731	0.8692	0.868	0.6448	0.3635	0.1643	0.03101	-0.023	-0.03879	-0.04973	-0.05397	-0.01445	0.02204	0.0477	8.981
1019	0.0603	0.0273	-0.1413	-0.2787	-0.4458	-0.5726	-0.8502	-1.105	-1.402	-1.783	-2.551	-2.825	-3.251	-2.775	-1.604	-0.5636	0.1367	0.8631	0.8667	0.6603	0.3812	0.1879	0.06479	-0.0156	-0.03481	-0.04811	-0.02706	0.003255	0.03124	0.02944	9.198
1015	0.06053	0.01759	-0.1495	-0.3295	-0.4746	-0.6093	-0.9014	-1.139	-1.438	-1.812	-2.529	-2.935	-3.398	-2.942	-1.75	-0.6573	0.04955	0.8496	0.8758	0.6628	0.3826	0.1772	0.05885	-0.0186	-0.0344	-0.04535	-0.0555	-0.01921	0.0143	0.01288	9.402
1014	0.05753	0.02579	-0.1435	-0.3329	-0.4857	-0.6232	-0.8907	-1.176	-1.503	-1.834	-2.676	-3.008	-3.533	-3.075	-1.905	-0.7729	-0.03346	0.8455	0.8651	0.686	0.4004	0.2101	0.07438	0.004968	-0.0187	-0.03509	-0.03316	-0.01009	0.01121	0.03868	9.61
1020	0.0435	0.05496	-0.1613	-0.3101	-0.4981	-0.5837	-0.8728	-1.155	-1.505	-1.882	-2.603	-3.012	-3.546	-3.12	-1.933	-0.798	-0.04107	0.8359	0.8864	0.6999	0.4202	0.2245	0.09245	0.0152	-0.01008	-0.02758	-0.01219	-0.0121	-0.01201	0.02338	9.844
1014	0.02995	0.02089	-0.1373	-0.3027	-0.4918	-0.615	-0.8967	-1.132	-1.486	-1.898	-2.482	-3.11	-3.69	-3.275	-2.087	-0.8942	-0.1056	0.8406	0.9001	0.728	0.4525	0.2343	0.08833	0.01382	-0.01074	-0.02774	-0.02719	0.005694	0.03605	0.02503	10.03
1017	0.03443	-0.01018	-0.1275	-0.3198	-0.4962	-0.6294	-0.9213	-1.172	-1.528	-1.935	-2.493	-3.214	-3.804	-3.442	-2.198	-0.9995	-0.1911	0.8127	0.8624	0.7143	0.4463	0.2335	0.09883	0.04316	0.006524	-0.01884	-0.03157	-0.01256	0.004982	-0.0189	10.22
1014	0.01922	0.00943	-0.114	-0.3088	-0.4783	-0.6216	-0.9229	-1.194	-1.557	-2.005	-2.513	-3.289	-3.969	-3.626	-2.389	-1.14	-0.2921	0.7903	0.8769	0.7553	0.4825	0.2528	0.1115	0.03593	0.0009197	-0.02332	-0.02421	-0.01144	0.0003404	0.01441	10.43
1014	0.02229	0.01598	-0.09221	-0.2907	-0.4707	-0.6365	-0.8836	-1.211	-1.555	-2.016	-2.56	-3.372	-4.067	-3.723	-2.477	-1.206	-0.3078	0.792	0.8827	0.7617	0.4903	0.2628	0.1193	0.05215	0.0119	-0.01596	-0.02869	-0.02409	-0.01984	0.006827	10.6
1016	0.02683	0.001242	-0.09512	-0.2946	-0.5014	-0.6253	-0.905	-1.214	-1.593	-2.029	-2.49	-3.396	-4.099	-3.767	-2.509	-1.23	-0.3306	0.7786	0.8939	0.7697	0.4814	0.2707	0.1298	0.06087	0.01636	-0.01446	-0.01671	-0.002202	0.01119	0.01287	10.83
1011	0.03465	-0.003677	-0.1159	-0.2945	-0.5084	-0.6251	-0.933	-1.221	-1.606	-2.073	-2.599	-3.603	-4.332	-4.006	-2.747	-1.386	-0.4659	0.7607	0.897	0.7785	0.5155	0.2849	0.1414	0.05674	0.02161	-0.002718	0.001185	0.01289	0.0237	-0.02815	11.05
1010	-0.003787	-0.01683	-0.1441	-0.3146	-0.4803	-0.6573	-0.9546	-1.249	-1.655	-2.127	-2.707	-3.708	-4.527	-4.224	-2.98	-1.551	-0.6176	0.6977	0.8923	0.802	0.5462	0.311	0.1633	0.06126	0.02432	-0.001243	-0.02731	-0.01293	0.0003419	-0.016	11.27
1014	-0.01143	-0.01676	-0.09372	-0.2543	-0.4765	-0.6329	-0.9196	-1.234	-1.636	-2.11	-2.682	-3.674	-4.451	-4.182	-2.899	-1.521	-0.5474	0.7246	0.9041	0.7967	0.55	0.3266	0.1579	0.08161	0.03526	0.003177	0.007152	0.009259	0.0112	0.02199	11.5
1009	-0.0007085	-0.02671	-0.1145	-0.2768	-0.4774	-0.6609	-0.9345	-1.261	-1.7	-2.177	-2.664	-3.733	-4.515	-4.286	-2.968	-1.586	-0.5958	0.7182	0.9072	0.7975	0.5417	0.3154	0.1665	0.07609	0.03826	0.01207	0.004188	-0.005923	-0.01526	-0.016	11.7
1012	-0.01453	-0.01023	-0.1422	-0.3215	-0.517	-0.6954	-0.9583	-1.279	-1.69	-2.211	-2.849	-3.896	-4.753	-4.517	-3.197	-1.772	-0.7277	0.6725	0.8931	0.8131	0.5813	0.3359	0.1939	0.09214	0.05613	0.03121	0.004176	-0.006716	-0.01677	-0.03116	11.91
1010	-0.03609	-0.02997	-0.144	-0.2962	-0.5027	-0.6139	-0.973	-1.303	-1.707	-2.231	-2.98	-4.049	-4.907	-4.708	-3.369	-1.896	-0.8233	0.6333	0.8844	0.8354	0.5918	0.3522	0.1958	0.09377	0.0708	0.0549	-0.0183	-0.02886	-0.03861	-0.02055	12.12
1006	-0.04395	-0.02019	-0.1258	-0.2974	-0.4849	-0.6728	-0.9476	-1.283	-1.728	-2.303	-3.069	-4.155	-5.033	-4.868	-3.532	-1.998	-0.904	0.6341	0.8967	0.8388	0.6116	0.3722	0.2122	0.1135	0.06759	0.03584	-0.001819	-0.01127	-0.01999	-0.03439	12.32
1007	-0.03313	-0.03007	-0.1164	-0.2821	-0.4634	-0.6676	-0.9574	-1.312	-1.733	-2.258	-3.052	-4.157	-5.078	-4.897	-3.585	-2.008	-0.9494	0.6068	0.8788	0.8416	0.6129	0.3692	0.1981	0.1104	0.06197	0.02841	-0.01536	-0.02752	-0.03875	-0.04813	12.53
1008	-0.02693	-0.05476	-0.1256	-0.2803	-0.4691	-0.6554	-0.9625	-1.288	-1.761	-2.332	-3.121	-4.261	-5.185	-5.026	-3.716	-2.147	-1.02	0.5759	0.8795	0.849	0.6108	0.399	0.2088	0.1163	0.06784	0.03431	0.01321	-0.008917	-0.02934	-0.0374	12.73
1005	-0.07645	-0.06478	-0.1526	-0.287	-0.4808	-0.6352	-0.9969	-1.309	-1.784	-2.351	-3.147	-4.348	-5.311	-5.145	-3.851	-2.22	-1.106	0.5467	0.8726	0.8362	0.6296	0.4041	0.2326	0.1136	0.06239	0.02696	0.007216	-0.02404	-0.05289	-0.08032	12.95
1007	-0.05473	-0.05644	-0.1257	-0.2835	-0.4922	-0.6459	-0.9807	-1.322	-1.796	-2.402	-3.202	-4.516	-5.477	-5.374	-4.047	-2.411	-1.225	0.5206	0.8801	0.8625	0.6509	0.4121	0.2183	0.1416	0.08522	0.04619	0.01623	-0.009105	-0.03249	-0.06798	13.16
1009	-0.06541	-0.06292	-0.1599	-0.2906	-0.4776	-0.6562	-0.9906	-1.321	-1.789	-2.403	-3.215	-4.625	-5.532	-5.455	-4.108	-2.463	-1.256	0.5061	0.8828	0.8657	0.6655	0.4256	0.2536	0.1517	0.09105	0.04906	0.0147	-0.002505	-0.01838	-0.07853	13.33
1009	-0.1008	-0.07937	-0.1474	-0.3058	-0.4791	-0.6629	-0.9672	-1.4	-1.823	-2.418	-3.309	-4.618	-5.597	-5.494	-4.168	-2.513	-1.286	0.4707	0.8667	0.8528	0.6386	0.4227	0.249	0.1384	0.08122	0.04166	0.0132	-0.01702	-0.04491	-0.08462	13.53
1005	-0.09347	-0.09121	-0.1259	-0.3008	-0.426	-0.6586	-0.9956	-1.371	-1.834	-2.468	-3.368	-4.758	-5.827	-5.824	-4.476	-2.733	-1.468	0.4352	0.8625	0.8899	0.6854	0.4515	0.2639	0.1508	0.09428	0.05518	0.01776	-0.01165	-0.03881	-0.08187	13.7
1005	-0.1275	-0.09288	-0.1683	-0.2749	-0.4688	-0.6687	-0.9885	-1.358	-1.827	-2.44	-3.378	-4.793	-5.786	-5.767	-4.388	-2.749	-1.438	0.4285	0.873	0.882	0.6808	0.443	0.2608	0.1627	0.1018	0.05965	0.03434	-0.008589	-0.04822	-0.09566	13.93
1006	-0.1027	-0.1225	-0.1509	-0.3005	-0.45	-0.5933	-0.9904	-1.37	-1.883	-2.486	-3.378	-4.76	-5.807	-5.776	-4.43	-2.735	-1.486	0.4179	0.8398	0.8811	0.6562	0.4569	0.2606	0.1551	0.09339	0.05068	0.02979	-0.01237	-0.05129	-0.07721	14.14
1001	-0.1374	-0.1148	-0.1879	-0.2883	-0.4494	-0.6331	-1	-1.405	-1.929	-2.523	-3.514	-5.031	-6.028	-6.029	-4.683	-2.893	-1.586	0.4201	0.8649	0.8825	0.6741	0.4478	0.2823	0.1664	0.1008	0.05542	0.02843	-0.01235	-0.04999	-0.1038	14.36
1003	-0.1417	-0.1361	-0.2032	-0.3015	-0.456	-0.6201	-0.9758	-1.355	-1.924	-2.501	-3.485	-4.936	-6.111	-6.086	-4.7	-2.922	-1.581	0.3667	0.8454	0.8838	0.6806	0.4669	0.2911	0.1735	0.09749	0.04489	0.01629	-0.02057	-0.0546	-0.125	14.54
1004	-0.1663	-0.1558	-0.2093	-0.2904	-0.4372	-0.6094	-0.9672	-1.388	-1.891	-2.545	-3.514	-4.99	-6.137	-6.201	-4.815	-3.029	-1.681	0.3629	0.837	0.8908	0.6909	0.4678	0.2876	0.1733	0.1097	0.06564	0.01476	-0.03268	-0.07647	-0.131	14.74
1006	-0.1968	-0.1851	-0.2214	-0.2959	-0.4347	-0.5732	-0.9153	-1.327	-1.838	-2.53	-3.446	-4.897	-6.169	-6.199	-4.883	-3.048	-1.73	0.3401	0.8353	0.91	0.6926	0.4854	0.2839	0.1952	0.1168	0.06254	0.02677	-0.02602	-0.07475	-0.1322	14.94
1002	-0.2178	-0.2289	-0.2081	-0.3062	-0.47	-0.5937	-0.9364	-1.32	-1.864	-2.551	-3.559	-5.105	-6.24	-6.304	-4.972	-3.136	-1.783	0.3092	0.8105	0.8907	0.7192	0.4902	0.2912	0.1914	0.1057	0.0464	0.0163	-0.04099	-0.09388	-0.1634	15.11
1007	-0.2059	-0.1685	-0.3228	-0.3823	-0.4631	-0.5842	-0.9378	-1.352	-1.857	-2.531	-3.572	-4.862	-6.279	-6.389	-5.089	-3.24	-1.854	0.2925	0.7803	0.867	0.6887	0.4806	0.2961	0.1772	0.1146	0.07136	0.01923	-0.04179	-0.09811	-0.1428	15.32
992.9	-0.2652	-0.3097	-0.3132	-0.4126	-0.4853	-0.5708	-0.8948	-1.302	-1.822	-2.526	-3.588	-4.913	-6.443	-6.58	-5.197	-3.336	-1.907	0.2865	0.8257	0.9223	0.7326	0.5036	0.3146	0.2038	0.1271	0.0739	0.008832	-0.05741	-0.1186	-0.1464	15.52
1003	-0.3261	-0.3397	-0.329	-0.4712	-0.5873	-0.6335	-0.7725	-1.182	-1.781	-2.496	-3.552	-4.668	-6.385	-6.528	-5.207	-3.339	-1.932	0.2548	0.8058	0.9098	0.7269	0.5115	0.3036	0.1869	0.1127	0.06126	0.005724	-0.06156	-0.1237	-0.1695	15.75
996.3	-0.2877	-0.3786	-0.5036	-0.6097	-0.6665	-0.7114	-0.8251	-1.113	-1.593	-2.331	-3.333	-4.605	-6.146	-6.286	-5.013	-3.214	-1.862	0.2872	0.7875	0.8995	0.7172	0.5163	0.293	0.1866	0.1066	0.05118	-0.02464	-0.0971	-0.164	-0.1891	15.94
998.9	-0.4597	-0.4823	-0.5386	-0.6726	-0.7445	-0.7029	-0.7386	-0.954	-1.484	-2.269	-3.282	-4.546	-5.974	-6.093	-4.843	-3.066	-1.751	0.3256	0.8179	0.8988	0.7058	0.4833	0.2907	0.1712	0.1002	0.05105	-0.02002	-0.1217	-0.2156	-0.298	16.12
999.9	-0.453	-0.4735	-0.5239	-0.6412	-0.6947	-0.7356	-0.7541	-0.8381	-1.302	-2.062	-3.056	-4.333	-5.644	-5.736	-4.582	-2.825	-1.608	0.3831	0.8259	0.906	0.7018	0.4842	0.2935	0.1755	0.07899	0.01218	-0.06392	-0.1549	-0.239	-0.3315	16.38
995.7	-0.4534	-0.4205	-0.6069	-0.7132	-0.7838	-0.675	-0.6816	-0.7406	-1.145	-1.801	-2.836	-4.16	-5.32	-5.394	-4.228	-2.574	-1.413	0.4343	0.8575	0.9066	0.6759	0.4747	0.279	0.1642	0.07884	0.01973	-0.03225	-0.1337	-0.2273	-0.2711	16.57
999.5	-0.5029	-0.5268	-0.5667	-0.6031	-0.6276	-0.669	-0.6509	-0.6574	-1.04	-1.815	-2.819	-4.034	-5.292	-5.398	-4.241	-2.593	-1.441	0.4275	0.8439	0.8869	0.7101	0.4541	0.2842	0.1456	0.05443	-0.008723	-0.06243	-0.1911	-0.3099	-0.4086	16.84
991	-0.617	-0.6452	-0.6733	-0.6392	-0.6484	-0.7422	-0.6207	-0.5995	-0.7471	-1.564	-2.544	-3.568	-4.92	-4.979	-3.883	-2.364	-1.248	0.5101	0.8645	0.8879	0.6856	0.4624	0.2677	0.1424	0.05037	-0.01332	-0.07825	-0.2323	-0.3745	-0.4649	16.99
998.4	-0.4864	-0.4958	-0.6304	-0.6851	-0.6789	-0.6112	-0.6649	-0.625	-0.7626	-1.503	-2.474	-3.71	-4.84	-4.893	-3.834	-2.296	-1.188	0.5063	0.8846	0.909	0.6997	0.469	0.2846	0.1323	0.04632	-0.01322	-0.08221	-0.2033	-0.315	-0.4106	17.25
989.7	-0.5534	-0.6108	-0.6392	-0.623	-0.6075	-0.5592	-0.5379	-0.6178	-0.7693	-1.487	-2.51	-3.529	-4.84	-4.906	-3.832	-2.275	-1.203	0.5124	0.8775	0.8989	0.6961	0.4644	0.2744	0.138	0.02987	-0.045	-0.09212	-0.2334	-0.3639	-0.4453	17.46
996.5	-0.5653	-0.5834	-0.5684	-0.5295	-0.6172	-0.6342	-0.6099	-0.5978	-0.6724	-1.416	-2.399	-3.578	-4.691	-4.759	-3.738	-2.226	-1.179	0.5226	0.8641	0.883	0.6609	0.4497	0.2631	0.1311	0.02898	-0.0417	-0.1204	-0.2523	-0.3741	-0.4716	17.66
992.1	-0.5553	-0.5525	-0.6488	-0.6725	-0.6662	-0.5882	-0.5873	-0.6021	-0.7086	-1.461	-2.467	-3.585	-4.81	-4.874	-3.803	-2.277	-1.213	0.5164	0.8517	0.9017	0.68	0.4662	0.269	0.1362	0.03896	-0.02835	-0.09648	-0.2326	-0.3583	-0.4504	17.84
992.5	-0.5441	-0.5423	-0.5627	-0.6089	-0.6444	-0.5812	-0.5751	-0.5717	-0.642	-1.355	-2.32	-3.535	-4.704	-4.769	-3.733	-2.23	-1.154	0.5299	0.8795	0.9046	0.6813	0.4631	0.272	0.1316	0.03976	-0.02382	-0.1102	-0.2523	-0.3835	-0.4657	18.05
993.1	-0.5688	-0.5586	-0.6036	-0.6255	-0.6594	-0.6027	-0.5837	-0.5333	-0.6371	-1.295	-2.349	-3.583	-4.731	-4.832	-3.814	-2.278	-1.198	0.4936	0.8686	0.8909	0.6938	0.4614	0.2719	0.1255	0.03372	-0.02982	-0.1131	-0.2602	-0.3959	-0.4933	18.28
989.7	-0.5723	-0.574	-0.585	-0.6137	-0.6833	-0.6301	-0.5931	-0.6289	-0.6105	-1.317	-2.296	-3.47	-4.746	-4.859	-3.841	-2.329	-1.234	0.5056	0.8775	0.894	0.7091	0.4761	0.2871	0.1305	0.02856	-0.04199	-0.1074	-0.2532	-0.3878	-0.4872	18.43
987.6	-0.6018	-0.5987	-0.615	-0.5747	-0.5933	-0.5858	-0.548	-0.5777	-0.6315	-1.247	-2.273	-3.414	-4.638	-4.762	-3.765	-2.276	-1.203	0.4998	0.8898	0.8876	0.696	0.4654	0.2861	0.1307	0.03845	-0.02545	-0.1245	-0.2635	-0.3918	-0.4743	18.63
988.3	-0.5134	-0.5261	-0.5891	-0.6193	-0.6332	-0.5854	-0.5985	-0.5996	-0.5842	-1.224	-2.296	-3.304	-4.709	-4.829	-3.836	-2.31	-1.229	0.5184	0.8952	0.9052	0.7231	0.4812	0.278	0.1534	0.0486	-0.02393	-0.09992	-0.2449	-0.3788	-0.4553	18.84
986.6	-0.5568	-0.5792	-0.6556	-0.6359	-0.6157	-0.644	-0.6415	-0.6118	-0.6034	-1.091	-2.221	-3.341	-4.653	-4.83	-3.831	-2.359	-1.262	0.471	0.8714	0.9068	0.7276	0.4835	0.2959	0.1369	0.04365	-0.02094	-0.1108	-0.2555	-0.389	-0.4717	19.05
984.2	-0.5297	-0.5316	-0.6347	-0.6592	-0.6311	-0.5657	-0.607	-0.5701	-0.5729	-1.026	-2.116	-2.953	-4.547	-4.698	-3.737	-2.275	-1.215	0.4894	0.8794	0.8824	0.7147	0.4685	0.2727	0.1358	0.03775	-0.03009	-0.1019	-0.2525	-0.3915	-0.4884	19.26
984.9	-0.6004	-0.5583	-0.6199	-0.6105	-0.6027	-0.6264	-0.5631	-0.6097	-0.5512	-1.088	-2.132	-3.333	-4.484	-4.599	-3.606	-2.19	-1.119	0.5133	0.8863	0.9067	0.698	0.4653	0.2757	0.119	0.03	-0.03159	-0.1187	-0.2737	-0.4169	-0.5037	19.5
981.5	-0.5929	-0.6718	-0.6895	-0.6345	-0.6126	-0.6167	-0.5876	-0.5717	-0.5745	-1.043	-2.132	-2.965	-4.536	-4.68	-3.756	-2.255	-1.217	0.5185	0.9164	0.9314	0.7395	0.4801	0.2959	0.1285	0.03385	-0.0317	-0.1268	-0.2726	-0.4071	-0.507	19.63
987.6	-0.616	-0.6155	-0.6501	-0.6647	-0.6631	-0.5874	-0.6139	-0.5586	-0.5543	-0.8797	-2.028	-2.797	-4.449	-4.619	-3.707	-2.268	-1.199	0.5222	0.9092	0.9256	0.7349	0.4873	0.2908	0.1459	0.05625	-0.005805	-0.1168	-0.2822	-0.4348	-0.549	19.91
980.6	-0.6188	-0.6233	-0.6194	-0.6116	-0.6225	-0.6342	-0.5942	-0.5866	-0.5857	-0.8827	-1.943	-2.913	-4.473	-4.734	-3.82	-2.365	-1.287	0.4652	0.8902	0.9405	0.745	0.5084	0.3105	0.1713	0.04954	-0.03477	-0.1347	-0.2732	-0.401	-0.5169	20.12
979.8	-0.5956	-0.6018	-0.6441	-0.6419	-0.6199	-0.616	-0.6067	-0.6273	-0.6167	-0.9618	-2.122	-2.777	-4.586	-4.8	-3.88	-2.381	-1.308	0.4569	0.8819	0.9147	0.7212	0.5133	0.3156	0.1791	0.06261	-0.01804	-0.1363	-0.2775	-0.4078	-0.5032	20.32
974.9	-0.522	-0.5623	-0.6376	-0.6671	-0.6529	-0.6243	-0.5552	-0.5869	-0.5323	-0.8485	-1.922	-2.81	-4.333	-4.543	-3.677	-2.237	-1.199	0.5011	0.8758	0.9243	0.7379	0.507	0.2947	0.1708	0.05825	-0.01966	-0.1122	-0.2569	-0.3904	-0.4789	20.52
978.7	-0.6073	-0.5889	-0.6142	-0.6849	-0.6097	-0.5791	-0.5651	-0.5637	-0.5241	-0.8354	-1.917	-2.917	-4.356	-4.562	-3.653	-2.226	-1.178	0.4991	0.8874	0.924	0.7334	0.5006	0.3127	0.1457	0.0264	-0.05619	-0.1241	-0.2693	-0.4034	-0.5289	20.77
973.8	-0.6359	-0.6396	-0.6512	-0.6647	-0.6756	-0.6593	-0.5922	-0.5697	-0.5667	-0.8199	-1.952	-2.69	-4.47	-4.736	-3.839	-2.364	-1.298	0.4737	0.8979	0.9303	0.742	0.5224	0.3014	0.174	0.05685	-0.02428	-0.1278	-0.2823	-0.4248	-0.5173	20.94
970	-0.6176	-0.6558	-0.6441	-0.6562	-0.6704	-0.667	-0.5489	-0.5866	-0.5875	-0.7539	-1.852	-2.828	-4.417	-4.683	-3.818	-2.365	-1.303	0.4545	0.8756	0.9357	0.7317	0.5318	0.3188	0.1578	0.04832	-0.02745	-0.1237	-0.2845	-0.433	-0.5241	21.17
971.7	-0.6053	-0.6273	-0.6202	-0.6314	-0.6235	-0.5816	-0.5601	-0.5677	-0.6049	-0.8266	-1.943	-2.918	-4.424	-4.671	-3.801	-2.333	-1.28	0.4572	0.8726	0.919	0.7568	0.528	0.3182	0.1729	0.04092	-0.05045	-0.1281	-0.2643	-0.3901	-0.5232	21.39
964.7	-0.6307	-0.6112	-0.6378	-0.6471	-0.6487	-0.6482	-0.6055	-0.5311	-0.5364	-0.7945	-1.886	-2.876	-4.378	-4.601	-3.744	-2.293	-1.251	0.4764	0.8896	0.9239	0.7441	0.5168	0.3092	0.1726	0.04607	-0.04153	-0.1259	-0.2817	-0.4256	-0.5206	21.55
964.9	-0.6305	-0.673	-0.6867	-0.6676	-0.6565	-0.6255	-0.6452	-0.5734	-0.5906	-0.9054	-2.019	-3.037	-4.575	-4.842	-3.955	-2.451	-1.351	0.4234	0.8787	0.944	0.787	0.5541	0.3302	0.1803	0.07208	-0.002848	-0.1149	-0.2747	-0.4222	-0.5014	21.77
965.5	-0.5818	-0.6227	-0.6323	-0.6561	-0.6116	-0.6303	-0.6004	-0.5844	-0.5685	-0.7806	-1.921	-2.946	-4.542	-4.882	-3.981	-2.523	-1.405	0.395	0.8705	0.9552	0.7782	0.5552	0.3316	0.1864	0.06726	-0.01521	-0.1211	-0.2852	-0.4366	-0.5026	21.95
960.2	-0.6433	-0.6953	-0.6818	-0.6374	-0.6501	-0.6442	-0.6252	-0.6122	-0.5997	-0.7399	-1.909	-2.864	-4.524	-4.869	-4.027	-2.533	-1.426	0.4273	0.8692	0.9503	0.7758	0.5403	0.3286	0.1734	0.04536	-0.04328	-0.1328	-0.2929	-0.4407	-0.5503	22.2
966.2	-0.5653	-0.612	-0.6254	-0.6557	-0.6429	-0.6161	-0.6153	-0.5645	-0.5557	-0.7387	-1.825	-2.644	-4.414	-4.747	-3.91	-2.477	-1.387	0.4088	0.8608	0.9343	0.7677	0.5354	0.3249	0.1847	0.07023	-0.009024	-0.1116	-0.261	-0.3988	-0.5087	22.41
954.9	-0.642	-0.6523	-0.6873	-0.673	-0.6938	-0.6653	-0.6241	-0.6337	-0.6077	-0.6452	-1.805	-2.786	-4.463	-4.844	-3.988	-2.528	-1.445	0.4065	0.8617	0.9488	0.7668	0.5614	0.3353	0.1775	0.05336	-0.03258	-0.1462	-0.3126	-0.4662	-0.5582	22.64
967.6	-0.6287	-0.6196	-0.6635	-0.6642	-0.6625	-0.6272	-0.5823	-0.6693	-0.5982	-0.7309	-1.763	-2.643	-4.272	-4.651	-3.831	-2.406	-1.356	0.3959	0.8656	0.9514	0.7781	0.5644	0.3358	0.1705	0.04712	-0.03832	-0.1271	-0.2926	-0.4454	-0.5381	22.81
953.8	-0.628	-0.6095	-0.7045	-0.7718	-0.8149	-0.8044	-0.7022	-0.7335	-0.6696	-0.7549	-1.721	-2.577	-3.873	-4.101	-3.5	-2.164	-1.185	0.4765	0.9152	0.9652	0.781	0.5484	0.3341	0.1683	0.0431	-0.04357	-0.1178	-0.2778	-0.4255	-0.512	23.03
955.7	-0.6691	-0.6604	-0.7724	-0.7446	-0.7476	-0.7294	-0.7225	-0.6431	-0.6479	-0.8521	-1.689	-2.496	-3.806	-4.138	-3.472	-2.15	-1.16	0.4987	0.9072	0.9479	0.7828	0.5684	0.3465	0.1773	0.04132	-0.05285	-0.1239	-0.3068	-0.4757	-0.5689	23.2
955.1	-0.6809	-0.739	-0.8637	-0.9554	-1.032	-1.036	-0.9303	-0.9615	-1.007	-0.8209	-1.123	-1.292	-1.869	-1.766	-1.947	-0.9558	-0.4166	0.7304	0.9679	0.9417	0.7549	0.5175	0.3237	0.179	0.04291	-0.05133	-0.1398	-0.3146	-0.476	-0.5854	23.4
939.1	-0.858	-0.8399	-0.8163	-0.9618	-0.9695	-0.9326	-0.8344	-0.8002	-0.7661	-0.7429	-0.7254	-0.731	-0.7464	-0.7884	-0.9003	-0.3735	0.09418	0.8732	1.025	0.9438	0.7217	0.4771	0.2674	0.1407	-0.007106	-0.1094	-0.2164	-0.4201	-0.6081	-0.6986	23.57
951.3	-0.8454	-0.8606	-0.8904	-0.9141	-0.8879	-0.861	-0.802	-0.7635	-0.7264	-0.7133	-0.6846	-0.7037	-0.7209	-0.7507	-0.8214	-0.281	0.1698	0.887	0.9811	0.9027	0.6907	0.4574	0.2541	0.1012	-0.03728	-0.1331	-0.2471	-0.4385	-0.6153	-0.7446	23.74
940	-0.7563	-0.7685	-0.839	-0.8696	-0.8904	-0.8376	-0.832	-0.8313	-0.7893	-0.7728	-0.7585	-0.7906	-0.817	-0.8897	-0.9031	-0.343	0.1347	0.8796	1.004	0.8996	0.6786	0.4368	0.2455	0.08488	-0.04113	-0.1284	-0.221	-0.4081	-0.5808	-0.6636	23.98
948.7	-0.7739	-0.7755	-0.7715	-0.7792	-0.7403	-0.763	-0.7496	-0.744	-0.7379	-0.7169	-0.6958	-0.7001	-0.7517	-0.8293	-0.8449	-0.2818	0.1787	0.9038	1.001	0.9034	0.6639	0.4298	0.2515	0.08883	-0.0193	-0.09415	-0.2238	-0.4118	-0.5854	-0.6802	24.2
933.8	-0.7896	-0.7896	-0.826	-0.831	-0.8258	-0.8163	-0.8027	-0.7879	-0.7769	-0.7968	-0.7579	-0.726	-0.7947	-0.8575	-0.9073	-0.3554	0.1168	0.8818	1.01	0.9196	0.6985	0.4598	0.2673	0.09665	-0.03399	-0.1244	-0.2257	-0.422	-0.6032	-0.6927	24.39
941.1	-0.8083	-0.7853	-0.7945	-0.7807	-0.7756	-0.7514	-0.7714	-0.7534	-0.7566	-0.7567	-0.7258	-0.7222	-0.7805	-0.7983	-0.9039	-0.3409	0.1143	0.8894	1.026	0.9489	0.7203	0.4823	0.2769	0.1086	-0.02946	-0.1251	-0.2143	-0.3941	-0.56	-0.6563	24.63
944.9	-0.7442	-0.7382	-0.7696	-0.7921	-0.7967	-0.7714	-0.7417	-0.7304	-0.7171	-0.7435	-0.7341	-0.7684	-0.7612	-0.7918	-0.868	-0.3562	0.1138	0.8571	0.9893	0.9036	0.6784	0.4575	0.2675	0.09394	-0.02677	-0.1103	-0.2167	-0.4079	-0.5844	-0.6699	24.83
933.4	-0.7717	-0.758	-0.7977	-0.7772	-0.7639	-0.7522	-0.7588	-0.7428	-0.7211	-0.7406	-0.7318	-0.7226	-0.7918	-0.8098	-0.8878	-0.3488	0.105	0.8694	1.013	0.927	0.7228	0.4785	0.2859	0.1127	-0.01138	-0.0973	-0.2226	-0.4119	-0.5866	-0.6781	25.05
934	-0.7445	-0.7859	-0.8072	-0.7603	-0.788	-0.7803	-0.8041	-0.781	-0.7671	-0.7863	-0.7917	-0.7497	-0.8043	-0.8341	-0.936	-0.3941	0.09129	0.8543	1.017	0.9455	0.7445	0.4859	0.2891	0.1286	-0.00294	-0.09403	-0.2079	-0.3809	-0.5407	-0.6596	25.24
908.5	-0.7466	-0.7916	-0.8109	-0.8188	-0.8118	-0.7913	-0.7845	-0.8012	-0.7903	-0.7873	-0.7654	-0.7727	-0.8035	-0.8082	-0.9661	-0.445	0.05187	0.8802	1.052	0.9865	0.7795	0.5329	0.3317	0.1569	0.00125	-0.1065	-0.2104	-0.399	-0.5732	-0.7018	25.44
924.7	-0.821	-0.8387	-0.8359	-0.8376	-0.8274	-0.8479	-0.8347	-0.8196	-0.8137	-0.8151	-0.8112	-0.8074	-0.8372	-0.8526	-1	-0.4492	0.01659	0.8703	1.014	0.9639	0.7745	0.5283	0.3276	0.159	0.02229	-0.07239	-0.1821	-0.3811	-0.5649	-0.6979	25.62
895.3	-0.8341	-0.8459	-0.8422	-0.8377	-0.8375	-0.8291	-0.8555	-0.8746	-0.8421	-0.874	-0.8516	-0.809	-0.8902	-0.8789	-1.043	-0.5009	-0.01483	0.8495	1.041	0.9901	0.7928	0.5505	0.3226	0.1659	0.02272	-0.07643	-0.205	-0.399	-0.5781	-0.7242	25.83
908.9	-0.8472	-0.8241	-0.8035	-0.8083	-0.8417	-0.8221	-0.8215	-0.8165	-0.7834	-0.8222	-0.7787	-0.7988	-0.8081	-0.8198	-0.9935	-0.4639	0.02737	0.8442	1.025	0.9627	0.788	0.539	0.3281	0.1684	0.03604	-0.05558	-0.1819	-0.4015	-0.6041	-0.7218	26.05
898	-0.9111	-0.8599	-0.8624	-0.8932	-0.8622	-0.8488	-0.8265	-0.8281	-0.8595	-0.8446	-0.849	-0.8065	-0.8603	-0.8572	-1.045	-0.5379	-0.03071	0.8279	1.043	0.9907	0.81	0.5568	0.3443	0.1654	0.02854	-0.06622	-0.1757	-0.4078	-0.6219	-0.7768	26.25
902.7	-0.834	-0.7653	-0.8719	-0.8427	-0.8424	-0.8463	-0.8222	-0.8343	-0.8335	-0.8579	-0.8172	-0.8252	-0.9014	-0.8819	-1.071	-0.563	-0.09041	0.801	1.021	1.002	0.8022	0.5523	0.3356	0.1728	0.04253	-0.04769	-0.1714	-0.3768	-0.5664	-0.7182	26.46
893.1	-0.8308	-0.8832	-0.9042	-0.8998	-0.8892	-0.8946	-0.8674	-0.8467	-0.8156	-0.8474	-0.828	-0.8206	-0.8548	-0.8619	-1.041	-0.5373	-0.05401	0.8401	1.024	1.002	0.8073	0.5792	0.355	0.1914	0.0449	-0.05656	-0.1869	-0.4112	-0.6183	-0.7552	26.62
886.9	-0.9067	-0.9081	-0.8892	-0.894	-0.9057	-0.867	-0.8535	-0.8385	-0.8112	-0.8443	-0.8139	-0.8553	-0.8556	-0.8714	-1.058	-0.5499	-0.04184	0.8613	1.057	1.012	0.8273	0.5865	0.361	0.2029	0.05034	-0.05527	-0.1865	-0.4114	-0.6191	-0.783	26.84
887.2	-0.8697	-0.863	-0.857	-0.8851	-0.8934	-0.8743	-0.8783	-0.8631	-0.8397	-0.8549	-0.8535	-0.8164	-0.876	-0.8764	-1.081	-0.6013	-0.09916	0.7998	1.045	1.01	0.8037	0.5783	0.3645	0.1978	0.04826	-0.05526	-0.1796	-0.3997	-0.6029	-0.7569	27.05
878.6	-0.8658	-0.8544	-0.8617	-0.8902	-0.8812	-0.8752	-0.8868	-0.8894	-0.8785	-0.8814	-0.8557	-0.8185	-0.855	-0.8885	-1.084	-0.6286	-0.149	0.8114	1.042	1.042	0.8188	0.6216	0.3805	0.2559	0.09479	-0.01672	-0.1503	-0.3822	-0.5963	-0.7344	27.21
876.3	-0.9674	-0.9589	-0.9396	-0.9608	-0.9674	-0.95	-0.955	-0.9205	-0.8877	-0.9166	-0.9003	-0.8873	-0.946	-0.935	-1.142	-0.6716	-0.1748	0.7884	1.052	1.049	0.8392	0.6134	0.4138	0.2139	0.05646	-0.05254	-0.1749	-0.4182	-0.6428	-0.8119	27.45
882	-0.8994	-0.8379	-0.8745	-0.9094	-0.8726	-0.8832	-0.8616	-0.852	-0.8598	-0.8762	-0.8544	-0.8114	-0.8828	-0.9061	-1.133	-0.6369	-0.1736	0.7659	1.025	1.025	0.8337	0.6143	0.3861	0.2413	0.08788	-0.01835	-0.1549	-0.3934	-0.6136	-0.7351	27.62
861.3	-0.9102	-0.8792	-0.9157	-0.9401	-0.9682	-0.9471	-0.9115	-0.8835	-0.8718	-0.8676	-0.8729	-0.8668	-0.8987	-0.9117	-1.127	-0.6723	-0.1889	0.7823	1.06	1.073	0.8835	0.6492	0.3954	0.2662	0.08142	-0.04652	-0.1604	-0.4085	-0.6375	-0.7831	27.81
876.1	-0.8985	-0.9156	-0.8805	-0.9418	-0.9415	-0.9292	-0.9147	-0.9459	-0.9169	-0.9187	-0.8723	-0.8503	-0.9375	-0.9246	-1.143	-0.6862	-0.2202	0.7459	1.001	1.017	0.8595	0.63	0.4103	0.231	0.08057	-0.02358	-0.1369	-0.3683	-0.5818	-0.7085	28.03
866.9	-0.9653	-0.9617	-0.9571	-0.9253	-0.9532	-0.9372	-0.9312	-0.8905	-0.8766	-0.8878	-0.8795	-0.8712	-0.8578	-0.9148	-1.124	-0.7116	-0.2188	0.7459	1.026	1.049	0.8741	0.6417	0.4291	0.2559	0.09161	-0.02211	-0.1558	-0.4089	-0.6425	-0.8225	28.23
863.7	-1.07	-1.04	-1.01	-0.9961	-0.9833	-0.9716	-0.962	-0.9412	-0.9422	-0.9485	-0.9461	-0.9102	-0.8998	-0.9898	-1.2	-0.7744	-0.2969	0.729	1.004	1.053	0.8774	0.6491	0.4343	0.2586	0.0896	-0.02738	-0.1582	-0.4444	-0.7087	-0.8843	28.43
851.3	-0.9684	-0.9578	-1.004	-1.014	-0.9922	-0.9857	-0.9882	-0.966	-0.9313	-0.9323	-0.9765	-0.9295	-0.9666	-0.9824	-1.21	-0.8116	-0.3255	0.7056	1.025	1.074	0.907	0.6839	0.4535	0.2939	0.1194	-0.001474	-0.1409	-0.4107	-0.6598	-0.7996	28.63
857.5	-0.9922	-0.9703	-1.015	-1.018	-1.021	-1.066	-1.031	-1.012	-0.9769	-0.9964	-0.9838	-0.9408	-1.022	-1.004	-1.262	-0.8498	-0.3658	0.7105	1.006	1.066	0.8967	0.7059	0.4558	0.2761	0.109	-0.006686	-0.1381	-0.3945	-0.6312	-0.7902	28.8
835.2	-0.961	-0.9345	-1.014	-1.059	-1.037	-1.007	-1.014	-0.9959	-0.9761	-0.9712	-0.9614	-0.9576	-1.031	-0.9883	-1.235	-0.8234	-0.3394	0.7233	1.012	1.085	0.9455	0.7299	0.4848	0.2978	0.1357	0.02352	-0.1037	-0.3926	-0.6593	-0.8002	29.04
854.1	-0.9635	-0.9975	-0.9677	-0.9912	-0.9998	-0.963	-0.985	-0.9942	-0.9773	-0.9742	-0.9919	-0.9385	-1.024	-0.9864	-1.224	-0.8606	-0.371	0.6834	1.008	1.053	0.9041	0.6902	0.4943	0.293	0.1252	0.009017	-0.1369	-0.4029	-0.6484	-0.8042	29.28
830.7	-1.004	-1.003	-1.014	-1.039	-1.033	-1.012	-1.027	-1.013	-0.9741	-0.9649	-0.9603	-0.9318	-1.011	-0.9881	-1.258	-0.8544	-0.3795	0.7149	1.026	1.108	0.9583	0.7303	0.5025	0.321	0.141	0.01646	-0.117	-0.391	-0.6439	-0.8231	29.46
851.3	-1.149	-1.116	-1.102	-1.139	-1.089	-1.058	-1.037	-0.9956	-0.9735	-0.9999	-0.9786	-0.9698	-1.002	-1.017	-1.241	-0.8967	-0.4282	0.6457	0.9839	1.03	0.9014	0.6992	0.4793	0.3045	0.134	0.01606	-0.1516	-0.4591	-0.743	-0.9279	29.69
810.6	-1.167	-1.116	-1.142	-1.162	-1.148	-1.12	-1.149	-1.108	-1.089	-1.121	-1.095	-1.052	-1.148	-1.108	-1.37	-0.9708	-0.4869	0.6341	1.022	1.106	0.9565	0.7414	0.4937	0.3253	0.1474	0.02423	-0.1162	-0.4252	-0.7104	-0.8833	29.82
848.9	-1.022	-1.027	-1.085	-1.111	-1.074	-1.055	-1.04	-1.035	-1.034	-1.054	-1.023	-1.029	-1.059	-1.056	-1.289	-0.9307	-0.4762	0.6395	1.001	1.09	0.9547	0.7283	0.5047	0.3229	0.1551	0.03896	-0.1235	-0.4014	-0.6579	-0.838	30.01
814	-1.143	-1.102	-1.102	-1.159	-1.128	-1.127	-1.135	-1.12	-1.114	-1.093	-1.082	-1.037	-1.121	-1.132	-1.392	-1.042	-0.5688	0.6168	1	1.109	0.9623	0.7666	0.5398	0.3459	0.1612	0.0333	-0.1232	-0.43	-0.7132	-0.908	30.24
836.9	-1.046	-1.091	-1.114	-1.189	-1.145	-1.1	-1.065	-1.033	-1.056	-1.023	-0.9953	-0.9782	-1.038	-1.027	-1.261	-0.9873	-0.5286	0.6121	0.9761	1.086	0.978	0.7525	0.54	0.3668	0.1935	0.07341	-0.07275	-0.3819	-0.6673	-0.8225	30.41
820.9	-0.9247	-0.9832	-1.026	-1.057	-1.118	-1.1	-1.108	-1.103	-1.073	-1.095	-1.073	-1.054	-1.093	-1.096	-1.341	-1.003	-0.5583	0.5971	1.038	1.12	1.003	0.7707	0.5391	0.3758	0.2001	0.07848	-0.07602	-0.3554	-0.6133	-0.7917	30.63
811.9	-1.008	-0.9511	-1.179	-1.143	-1.157	-1.13	-1.122	-1.104	-1.087	-1.074	-1.069	-1.034	-1.124	-1.093	-1.31	-1.041	-0.5723	0.6037	1.013	1.134	1.024	0.8112	0.5606	0.3855	0.2089	0.0867	-0.06753	-0.37	-0.6491	-0.8005	30.79
803.3	-1.21	-1.164	-1.131	-1.149	-1.133	-1.151	-1.187	-1.165	-1.166	-1.157	-1.118	-1.09	-1.172	-1.156	-1.351	-1.097	-0.6635	0.5552	0.9565	1.118	0.985	0.7876	0.5685	0.3896	0.1925	0.05604	-0.08522	-0.4249	-0.7384	-0.9258	30.95
812.8	-1.228	-1.261	-1.056	-1.142	-1.148	-1.108	-1.131	-1.081	-1.075	-1.075	-1.066	-1.041	-1.046	-1.096	-1.302	-1.065	-0.6245	0.5696	0.9798	1.117	0.9756	0.7944	0.5658	0.4054	0.2083	0.07192	-0.09913	-0.412	-0.7007	-0.9283	31.23
824.1	-0.9834	-0.9753	-1.085	-1.124	-1.129	-1.099	-1.096	-1.078	-1.053	-1.056	-1.009	-1.002	-1.082	-1.058	-1.286	-1.035	-0.6043	0.5453	0.9824	1.113	0.9835	0.7905	0.5656	0.378	0.1976	0.07274	-0.08123	-0.3705	-0.6376	-0.8129	31.43
804.6	-1.009	-1.007	-1.108	-1.151	-1.118	-1.086	-1.121	-1.081	-1.056	-1.06	-1.048	-1.02	-1.028	-1.076	-1.288	-1.056	-0.6229	0.5606	0.9879	1.128	1.009	0.8204	0.6007	0.389	0.2251	0.1116	-0.05497	-0.3446	-0.612	-0.7867	31.65
801.2	-1.019	-0.9659	-0.9903	-1.093	-1.1	-1.093	-1.107	-1.13	-1.113	-1.118	-1.093	-1.095	-1.073	-1.125	-1.285	-1.09	-0.6553	0.546	0.97	1.114	0.9996	0.8113	0.5563	0.4224	0.2192	0.07855	-0.04953	-0.3526	-0.6323	-0.8323	31.84
796.7	-1.242	-1.211	-1.174	-1.172	-1.147	-1.106	-1.087	-1.093	-1.078	-1.066	-1.039	-1.034	-1.029	-1.085	-1.29	-1.087	-0.6191	0.5577	0.9848	1.106	1.015	0.814	0.587	0.3685	0.1764	0.04339	-0.07832	-0.4299	-0.7544	-0.9876	31.97
819.6	-1.112	-1.145	-1.141	-1.141	-1.156	-1.124	-1.115	-1.067	-1.046	-1.058	-1.025	-1.028	-1.063	-1.047	-1.201	-1.058	-0.6658	0.5006	0.9429	1.074	1.006	0.823	0.6108	0.422	0.2288	0.09499	-0.08907	-0.4141	-0.7141	-0.9168	32.17
800.3	-1.131	-1.162	-1.202	-1.201	-1.224	-1.195	-1.184	-1.175	-1.146	-1.171	-1.14	-1.141	-1.18	-1.196	-1.304	-1.206	-0.7871	0.4468	0.9324	1.103	1.017	0.8446	0.6098	0.4415	0.2491	0.1159	-0.01553	-0.3182	-0.5975	-0.8562	32.4
780.6	-1.084	-1.062	-1.059	-1.128	-1.168	-1.128	-1.15	-1.146	-1.125	-1.127	-1.099	-1.036	-1.07	-1.129	-1.233	-1.176	-0.7602	0.4689	0.9654	1.138	1.089	0.8844	0.6634	0.4852	0.2959	0.1648	-0.0101	-0.3087	-0.5844	-0.7813	32.57
785.1	-1.159	-1.134	-1.129	-1.109	-1.115	-1.141	-1.154	-1.158	-1.139	-1.157	-1.137	-1.126	-1.19	-1.156	-1.303	-1.221	-0.7659	0.4619	0.9393	1.09	1.043	0.8793	0.6177	0.4349	0.2556	0.1315	-0.05055	-0.3806	-0.6853	-0.9022	32.81
773.3	-1.398	-1.409	-1.309	-1.243	-1.211	-1.228	-1.176	-1.131	-1.141	-1.14	-1.109	-1.07	-1.137	-1.129	-1.257	-1.164	-0.7406	0.4954	0.9555	1.121	1.056	0.848	0.6169	0.4164	0.2275	0.09682	-0.07482	-0.4708	-0.8362	-1.057	32.93
789.6	-1.054	-1.079	-1.27	-1.291	-1.287	-1.24	-1.206	-1.223	-1.188	-1.167	-1.178	-1.152	-1.173	-1.177	-1.308	-1.254	-0.8622	0.4227	0.9115	1.09	1.037	0.8597	0.628	0.4551	0.2724	0.1459	-0.02917	-0.3631	-0.6714	-0.8075	33.15
781.3	-1.025	-1.061	-1.215	-1.331	-1.277	-1.254	-1.29	-1.298	-1.258	-1.266	-1.27	-1.208	-1.262	-1.27	-1.333	-1.352	-0.9263	0.3946	0.9119	1.114	1.084	0.891	0.6609	0.5059	0.3381	0.2219	0.06162	-0.2636	-0.5638	-0.7551	33.35
760.4	-1.174	-1.208	-1.242	-1.168	-1.169	-1.174	-1.174	-1.197	-1.157	-1.197	-1.153	-1.092	-1.164	-1.173	-1.254	-1.252	-0.8179	0.4233	0.9252	1.123	1.074	0.8737	0.6315	0.4391	0.2425	0.1063	-0.06414	-0.3933	-0.6972	-0.9194	33.54
792.2	-1.184	-1.214	-1.21	-1.175	-1.149	-1.057	-1.075	-1.028	-1.01	-1.056	-1.007	-1.016	-1.054	-1.044	-1.136	-1.121	-0.737	0.4471	0.929	1.117	1.059	0.8678	0.6438	0.4593	0.2593	0.1209	-0.05392	-0.3935	-0.707	-0.933	33.75
774.8	-1.275	-1.249	-1.242	-1.275	-1.276	-1.26	-1.231	-1.228	-1.191	-1.2	-1.155	-1.145	-1.164	-1.161	-1.261	-1.318	-0.9094	0.3825	0.9118	1.115	1.067	0.9003	0.6603	0.4619	0.2779	0.1506	-0.02581	-0.4084	-0.7615	-0.9579	33.95
753.8	-1.149	-1.099	-1.203	-1.316	-1.287	-1.324	-1.287	-1.26	-1.268	-1.265	-1.253	-1.195	-1.288	-1.251	-1.326	-1.38	-0.9728	0.3345	0.9275	1.163	1.132	0.9484	0.7224	0.558	0.3595	0.2221	0.04177	-0.2957	-0.6073	-0.8295	34.16
752.7	-1.225	-1.185	-1.14	-1.086	-1.132	-1.186	-1.169	-1.214	-1.184	-1.214	-1.17	-1.115	-1.17	-1.193	-1.285	-1.311	-0.9171	0.4028	0.9308	1.149	1.104	0.9344	0.7068	0.5211	0.3259	0.1907	0.0197	-0.3525	-0.696	-0.9063	34.33
763.9	-1.5	-1.519	-1.392	-1.301	-1.29	-1.249	-1.15	-1.126	-1.108	-1.114	-1.1	-1.043	-1.153	-1.101	-1.158	-1.201	-0.8684	0.3746	0.9075	1.118	1.086	0.8981	0.6595	0.49	0.2815	0.1371	-0.04402	-0.4431	-0.8115	-1.07	34.53
762	-1.257	-1.321	-1.352	-1.324	-1.366	-1.353	-1.319	-1.304	-1.203	-1.201	-1.204	-1.169	-1.222	-1.223	-1.254	-1.359	-0.9978	0.2975	0.8828	1.168	1.122	0.978	0.7373	0.5658	0.3636	0.2236	0.03933	-0.3419	-0.6938	-0.9801	34.74
739.2	-1.124	-1.188	-1.206	-1.234	-1.408	-1.452	-1.468	-1.434	-1.419	-1.374	-1.368	-1.298	-1.365	-1.387	-1.421	-1.52	-1.13	0.2468	0.8741	1.157	1.17	1.002	0.7643	0.5994	0.4041	0.2689	0.09176	-0.2481	-0.5618	-0.8189	34.92
736.4	-1.537	-1.56	-1.332	-1.297	-1.33	-1.33	-1.315	-1.318	-1.276	-1.291	-1.253	-1.238	-1.328	-1.262	-1.327	-1.383	-1.024	0.3101	0.8914	1.157	1.12	0.9512	0.7182	0.5448	0.3333	0.1868	-0.01482	-0.4471	-0.8461	-1.11	35.04
757.9	-1.375	-1.299	-1.359	-1.412	-1.383	-1.273	-1.303	-1.181	-1.168	-1.153	-1.157	-1.087	-1.142	-1.14	-1.176	-1.302	-0.9675	0.2901	0.8759	1.15	1.116	0.9661	0.7434	0.5511	0.3548	0.2189	0.03355	-0.3855	-0.7723	-1.024	35.23
743.9	-1.062	-1.092	-1.153	-1.264	-1.364	-1.397	-1.431	-1.395	-1.367	-1.355	-1.355	-1.281	-1.46	-1.365	-1.393	-1.545	-1.201	0.2087	0.8587	1.15	1.171	1.029	0.7974	0.6278	0.4337	0.2993	0.1258	-0.2079	-0.5159	-0.764	35.46
725.9	-1.333	-1.299	-1.265	-1.234	-1.286	-1.31	-1.31	-1.261	-1.232	-1.248	-1.204	-1.159	-1.207	-1.286	-1.265	-1.44	-1.074	0.2678	0.8739	1.167	1.163	0.9988	0.7546	0.5569	0.3471	0.2019	0.0392	-0.3621	-0.7326	-0.978	35.63
742.2	-1.532	-1.535	-1.519	-1.424	-1.324	-1.266	-1.235	-1.191	-1.173	-1.183	-1.158	-1.117	-1.158	-1.154	-1.16	-1.353	-1.014	0.2802	0.8864	1.157	1.155	0.9729	0.757	0.5547	0.3578	0.2216	0.02202	-0.4138	-0.8162	-1.124	35.8
732.1	-1.105	-1.17	-1.254	-1.328	-1.447	-1.491	-1.397	-1.386	-1.363	-1.313	-1.333	-1.278	-1.365	-1.339	-1.386	-1.54	-1.221	0.1912	0.8403	1.157	1.166	1.03	0.7824	0.6399	0.4439	0.3082	0.1051	-0.2591	-0.5952	-0.7911	36.01
733.4	-1.101	-1.06	-1.146	-1.142	-1.25	-1.281	-1.308	-1.289	-1.267	-1.222	-1.208	-1.196	-1.238	-1.197	-1.261	-1.429	-1.091	0.2256	0.875	1.153	1.184	1.03	0.7917	0.6266	0.4261	0.2873	0.1235	-0.2374	-0.5705	-0.7876	36.25
696.8	-1.718	-1.623	-1.555	-1.536	-1.507	-1.315	-1.343	-1.246	-1.204	-1.192	-1.208	-1.16	-1.205	-1.26	-1.24	-1.439	-1.048	0.2887	0.9209	1.214	1.216	1.018	0.777	0.5629	0.3431	0.191	-0.02001	-0.4875	-0.919	-1.217	36.37
744.8	-0.9963	-1.028	-1.355	-1.443	-1.494	-1.43	-1.437	-1.396	-1.336	-1.349	-1.346	-1.323	-1.403	-1.366	-1.399	-1.572	-1.281	0.1034	0.7628	1.118	1.144	1.028	0.8218	0.6632	0.4479	0.2989	0.1338	-0.2323	-0.5703	-0.7549	36.61
696.6	-1.442	-1.435	-1.454	-1.38	-1.285	-1.229	-1.295	-1.305	-1.282	-1.259	-1.274	-1.215	-1.251	-1.278	-1.299	-1.491	-1.128	0.2546	0.9106	1.226	1.209	1.061	0.7885	0.6425	0.4441	0.3068	0.1039	-0.3259	-0.7227	-0.9418	36.83
739.2	-1.605	-1.552	-1.545	-1.452	-1.371	-1.293	-1.274	-1.215	-1.125	-1.143	-1.096	-1.07	-1.13	-1.083	-1.135	-1.312	-1.022	0.2054	0.8263	1.111	1.118	0.971	0.7388	0.5448	0.3436	0.2043	0.01801	-0.4385	-0.8599	-1.152	36.94
707.8	-1.244	-1.201	-1.37	-1.488	-1.581	-1.478	-1.537	-1.471	-1.429	-1.433	-1.394	-1.368	-1.419	-1.437	-1.433	-1.632	-1.328	0.1184	0.7901	1.165	1.168	1.057	0.8337	0.6619	0.4666	0.3314	0.1472	-0.2483	-0.6134	-0.8791	37.18
712.7	-1.141	-1.212	-1.264	-1.244	-1.245	-1.259	-1.269	-1.3	-1.263	-1.259	-1.221	-1.228	-1.289	-1.247	-1.281	-1.455	-1.163	0.1439	0.8322	1.134	1.195	1.045	0.7971	0.6175	0.4211	0.2852	0.1292	-0.2697	-0.6379	-0.8795	37.36
694	-1.51	-1.538	-1.486	-1.489	-1.405	-1.378	-1.321	-1.307	-1.257	-1.261	-1.231	-1.217	-1.256	-1.254	-1.25	-1.467	-1.178	0.1526	0.8186	1.155	1.214	1.088	0.8502	0.6406	0.43	0.2843	0.041	-0.4177	-0.8411	-1.112	37.5
726.1	-1.131	-1.098	-1.24	-1.461	-1.471	-1.434	-1.464	-1.397	-1.343	-1.362	-1.325	-1.284	-1.37	-1.352	-1.407	-1.585	-1.36	0.04288	0.7398	1.12	1.167	1.032	0.804	0.672	0.4938	0.3704	0.1831	-0.1847	-0.5242	-0.7637	37.71
703.9	-1.396	-1.272	-1.219	-1.181	-1.185	-1.221	-1.271	-1.32	-1.275	-1.273	-1.198	-1.217	-1.297	-1.276	-1.256	-1.489	-1.195	0.1505	0.8196	1.181	1.199	1.061	0.8227	0.6677	0.4613	0.3184	0.1136	-0.2895	-0.6615	-0.8818	37.94
706.5	-1.723	-1.713	-1.578	-1.552	-1.371	-1.325	-1.249	-1.191	-1.124	-1.135	-1.147	-1.047	-1.173	-1.074	-1.137	-1.395	-1.108	0.162	0.7937	1.142	1.188	1.026	0.8308	0.6335	0.4179	0.2687	0.05528	-0.4413	-0.8997	-1.223	38.02
707.1	-1.045	-1.057	-1.262	-1.453	-1.666	-1.612	-1.643	-1.539	-1.479	-1.446	-1.428	-1.381	-1.409	-1.434	-1.437	-1.647	-1.473	-0.03292	0.7138	1.131	1.207	1.115	0.8899	0.7196	0.5116	0.3676	0.188	-0.1677	-0.496	-0.7146	38.26
692.3	-1.404	-1.439	-1.328	-1.267	-1.359	-1.33	-1.424	-1.379	-1.357	-1.329	-1.336	-1.274	-1.332	-1.36	-1.358	-1.58	-1.346	0.06216	0.7695	1.163	1.226	1.108	0.8863	0.7134	0.5048	0.3604	0.1592	-0.2828	-0.6908	-0.9588	38.47
700	-1.615	-1.501	-1.48	-1.516	-1.467	-1.449	-1.373	-1.274	-1.212	-1.221	-1.2	-1.155	-1.217	-1.146	-1.232	-1.419	-1.281	0.04204	0.7231	1.134	1.19	1.099	0.8407	0.6564	0.4514	0.3095	0.09473	-0.408	-0.8721	-1.174	38.58
711.7	-1.126	-1.069	-1.323	-1.622	-1.68	-1.646	-1.583	-1.538	-1.495	-1.495	-1.49	-1.418	-1.469	-1.475	-1.521	-1.745	-1.522	-0.09482	0.6782	1.09	1.2	1.094	0.8909	0.7213	0.5097	0.3632	0.2038	-0.1711	-0.5172	-0.7727	38.83
672.2	-1.573	-1.544	-1.323	-1.346	-1.466	-1.522	-1.456	-1.439	-1.411	-1.464	-1.37	-1.289	-1.321	-1.426	-1.386	-1.723	-1.386	0.02102	0.7618	1.176	1.215	1.111	0.8801	0.708	0.4945	0.3467	0.1234	-0.3448	-0.777	-1.067	38.98
701.8	-1.348	-1.354	-1.337	-1.447	-1.424	-1.434	-1.405	-1.36	-1.341	-1.313	-1.328	-1.277	-1.348	-1.35	-1.34	-1.581	-1.412	-0.03559	0.7067	1.121	1.194	1.101	0.8967	0.7273	0.5026	0.3471	0.1592	-0.2698	-0.6658	-0.9195	39.13
671.2	-1.502	-1.497	-1.506	-1.446	-1.541	-1.586	-1.551	-1.551	-1.522	-1.514	-1.499	-1.422	-1.528	-1.506	-1.509	-1.75	-1.528	-0.1031	0.695	1.151	1.246	1.14	0.8838	0.7225	0.51	0.3629	0.18	-0.2634	-0.6727	-0.9752	39.35
714.7	-1.471	-1.473	-1.326	-1.275	-1.315	-1.291	-1.357	-1.188	-1.174	-1.122	-1.119	-1.069	-1.143	-1.144	-1.145	-1.348	-1.224	0.06497	0.7351	1.158	1.203	1.079	0.8652	0.6723	0.4887	0.3617	0.1669	-0.2816	-0.6956	-0.9869	39.56
663.4	-1.493	-1.549	-1.526	-1.484	-1.345	-1.416	-1.384	-1.365	-1.333	-1.341	-1.32	-1.26	-1.286	-1.347	-1.336	-1.585	-1.398	-0.05046	0.7342	1.179	1.26	1.186	0.9226	0.74	0.5263	0.3784	0.1479	-0.3347	-0.7802	-1.086	39.71
671.4	-1.302	-1.261	-1.32	-1.407	-1.459	-1.479	-1.491	-1.431	-1.399	-1.42	-1.419	-1.35	-1.425	-1.411	-1.428	-1.66	-1.469	-0.09798	0.6794	1.138	1.286	1.176	0.935	0.7646	0.5298	0.3672	0.1845	-0.227	-0.6068	-0.8832	39.94
697.7	-1.473	-1.471	-1.512	-1.4	-1.395	-1.385	-1.343	-1.298	-1.267	-1.289	-1.212	-1.188	-1.219	-1.252	-1.231	-1.457	-1.272	0.01538	0.7024	1.123	1.201	1.111	0.8907	0.6801	0.4504	0.2913	0.1124	-0.3177	-0.7148	-0.9756	39.96
668.1	-1.38	-1.489	-1.586	-1.579	-1.624	-1.633	-1.617	-1.542	-1.469	-1.453	-1.45	-1.408	-1.51	-1.467	-1.524	-1.753	-1.611	-0.1519	0.6739	1.151	1.27	1.184	0.9395	0.7907	0.5877	0.4472	0.2103	-0.2357	-0.6474	-0.9059	39.96
674.6	-1.563	-1.469	-1.295	-1.239	-1.236	-1.328	-1.229	-1.333	-1.31	-1.335	-1.308	-1.27	-1.339	-1.304	-1.306	-1.542	-1.358	0.005821	0.7046	1.167	1.265	1.162	0.9561	0.7255	0.5284	0.392	0.1769	-0.2874	-0.7159	-1.025	40.02
676.1	-1.548	-1.572	-1.407	-1.551	-1.571	-1.664	-1.524	-1.514	-1.418	-1.42	-1.396	-1.378	-1.406	-1.422	-1.413	-1.632	-1.498	-0.1325	0.6747	1.13	1.277	1.185	0.9609	0.7858	0.5761	0.4309	0.2011	-0.2858	-0.7353	-1.018	40.03
673.3	-1.423	-1.443	-1.181	-1.528	-1.546	-1.618	-1.612	-1.642	-1.569	-1.597	-1.541	-1.527	-1.564	-1.612	-1.557	-1.805	-1.653	-0.1684	0.6622	1.123	1.27	1.135	0.9532	0.7913	0.5807	0.4349	0.2267	-0.1937	-0.5817	-0.8396	40.04
655.2	-2.15	-2.027	-1.796	-1.5	-1.488	-1.523	-1.385	-1.327	-1.292	-1.275	-1.231	-1.166	-1.251	-1.286	-1.291	-1.482	-1.357	-0.04591	0.7277	1.179	1.283	1.133	0.9317	0.7333	0.5008	0.3398	0.1128	-0.4391	-0.9486	-1.346	40.04
656.5	-1.275	-1.219	-1.271	-1.614	-1.818	-1.762	-1.833	-1.699	-1.597	-1.535	-1.5	-1.496	-1.536	-1.568	-1.525	-1.774	-1.669	-0.2297	0.65	1.164	1.303	1.227	1.035	0.8844	0.6563	0.4983	0.3178	-0.1402	-0.563	-0.8049	40.05
649.2	-1.627	-1.709	-1.31	-1.335	-1.426	-1.517	-1.476	-1.436	-1.403	-1.437	-1.376	-1.37	-1.352	-1.426	-1.401	-1.663	-1.455	-0.07776	0.7322	1.167	1.298	1.15	0.9501	0.7631	0.5339	0.3752	0.1628	-0.2923	-0.7125	-1.049	40.05
688.8	-1.456	-1.345	-1.513	-1.349	-1.402	-1.415	-1.331	-1.294	-1.253	-1.261	-1.245	-1.226	-1.234	-1.288	-1.281	-1.488	-1.337	-0.08562	0.7071	1.131	1.256	1.111	0.9067	0.7474	0.5275	0.3752	0.1776	-0.2829	-0.708	-0.9926	40.06
658.7	-1.596	-1.588	-1.274	-1.527	-1.515	-1.479	-1.428	-1.49	-1.422	-1.44	-1.428	-1.334	-1.367	-1.389	-1.386	-1.632	-1.456	-0.1154	0.6859	1.158	1.238	1.153	0.9173	0.7453	0.5154	0.3562	0.1834	-0.2734	-0.695	-0.9797	40.05
664.9	-1.742	-1.698	-1.743	-1.587	-1.471	-1.455	-1.387	-1.374	-1.258	-1.254	-1.229	-1.193	-1.281	-1.23	-1.216	-1.454	-1.325	0.02381	0.737	1.154	1.262	1.138	0.9039	0.7181	0.5076	0.3618	0.1271	-0.3697	-0.8282	-1.19	40.06
642	-1.33	-1.386	-1.496	-1.615	-1.654	-1.708	-1.511	-1.477	-1.452	-1.433	-1.383	-1.342	-1.417	-1.44	-1.472	-1.665	-1.523	-0.1051	0.7265	1.183	1.317	1.23	0.9924	0.8275	0.5984	0.4398	0.2448	-0.1895	-0.5904	-0.8805	40.04
661.5	-1.26	-1.283	-1.345	-1.493	-1.582	-1.536	-1.513	-1.465	-1.386	-1.362	-1.294	-1.253	-1.315	-1.318	-1.304	-1.556	-1.419	-0.06346	0.7008	1.141	1.249	1.144	0.9514	0.7603	0.5406	0.3885	0.1804	-0.23	-0.6088	-0.8918	40.06
669	-1.53	-1.514	-1.591	-1.6	-1.571	-1.467	-1.45	-1.295	-1.283	-1.258	-1.235	-1.19	-1.234	-1.227	-1.234	-1.43	-1.355	-0.03733	0.7369	1.179	1.247	1.138	0.9242	0.7584	0.5412	0.3908	0.1987	-0.2592	-0.6819	-1.029	40.07
657.4	-1.424	-1.415	-1.459	-1.514	-1.394	-1.437	-1.428	-1.399	-1.37	-1.37	-1.358	-1.316	-1.331	-1.385	-1.34	-1.564	-1.459	-0.09748	0.7051	1.143	1.272	1.177	0.9477	0.8014	0.5937	0.45	0.2506	-0.1933	-0.603	-0.9044	40.05
654.6	-1.335	-1.284	-1.359	-1.403	-1.41	-1.371	-1.285	-1.316	-1.259	-1.266	-1.24	-1.175	-1.259	-1.252	-1.243	-1.464	-1.344	-0.02257	0.7509	1.17	1.258	1.138	0.9087	0.7728	0.5455	0.388	0.1962	-0.2407	-0.644	-0.906	40.06
650.7	-1.284	-1.253	-1.333	-1.4	-1.46	-1.449	-1.381	-1.336	-1.322	-1.343	-1.272	-1.264	-1.309	-1.297	-1.292	-1.519	-1.393	-0.05929	0.6965	1.134	1.253	1.147	0.9189	0.7568	0.5443	0.3972	0.2066	-0.2176	-0.6092	-0.8263	40.06
666.4	-1.33	-1.154	-1.176	-1.296	-1.323	-1.327	-1.318	-1.359	-1.338	-1.337	-1.298	-1.231	-1.319	-1.345	-1.307	-1.549	-1.391	-0.05534	0.6889	1.132	1.252	1.142	0.9396	0.7658	0.5332	0.3722	0.2154	-0.2034	-0.5901	-0.9106	40.06
631.4	-1.473	-1.554	-1.511	-1.406	-1.59	-1.697	-1.821	-1.634	-1.45	-1.475	-1.476	-1.378	-1.436	-1.484	-1.486	-1.69	-1.559	-0.0961	0.6967	1.177	1.311	1.196	0.9767	0.8011	0.5584	0.3904	0.1841	-0.2691	-0.6876	-1.002	40.04
642.7	-1.573	-1.581	-1.755	-1.611	-1.622	-1.454	-1.378	-1.39	-1.413	-1.377	-1.346	-1.306	-1.375	-1.383	-1.374	-1.597	-1.49	-0.08384	0.7006	1.204	1.296	1.191	0.9865	0.8174	0.5885	0.4301	0.2233	-0.2415	-0.6706	-0.9801	40.07
651.3	-0.9818	-0.9614	-1.041	-1.424	-1.548	-1.596	-1.541	-1.432	-1.44	-1.385	-1.36	-1.31	-1.348	-1.386	-1.36	-1.631	-1.467	-0.1271	0.6778	1.108	1.262	1.14	0.9228	0.7675	0.5729	0.4381	0.2599	-0.1201	-0.4708	-0.6743	40.04
640.1	-1.8	-1.865	-1.643	-1.306	-1.377	-1.47	-1.42	-1.361	-1.32	-1.322	-1.274	-1.242	-1.295	-1.246	-1.295	-1.5	-1.314	0.01145	0.7195	1.191	1.249	1.171	0.9292	0.7483	0.5227	0.3665	0.1746	-0.3098	-0.757	-1.078	40.06
669.7	-1.375	-1.364	-1.373	-1.614	-1.591	-1.473	-1.585	-1.407	-1.387	-1.328	-1.273	-1.251	-1.279	-1.362	-1.336	-1.551	-1.472	-0.1185	0.6526	1.102	1.227	1.098	0.8858	0.7554	0.5279	0.3704	0.1804	-0.2395	-0.6272	-0.8947	40.05
633	-1.437	-1.485	-1.44	-1.34	-1.429	-1.4	-1.341	-1.312	-1.295	-1.342	-1.263	-1.228	-1.29	-1.265	-1.288	-1.502	-1.354	0.01963	0.7765	1.228	1.308	1.198	0.9496	0.7827	0.5587	0.4036	0.1813	-0.28	-0.7058	-0.949	40.08
659.3	-1.373	-1.277	-1.414	-1.291	-1.369	-1.341	-1.327	-1.3	-1.311	-1.286	-1.247	-1.211	-1.26	-1.266	-1.288	-1.502	-1.409	-0.04562	0.6941	1.171	1.263	1.159	0.9307	0.7582	0.5592	0.4215	0.2039	-0.2209	-0.6131	-0.9158	40.07
622.8	-1.583	-1.57	-1.57	-1.566	-1.541	-1.589	-1.412	-1.437	-1.395	-1.433	-1.386	-1.383	-1.426	-1.432	-1.39	-1.645	-1.53	-0.09197	0.7064	1.206	1.271	1.194	0.9575	0.7738	0.5505	0.3958	0.1818	-0.291	-0.7274	-1.039	40.06
667.5	-1.268	-1.241	-1.321	-1.42	-1.44	-1.372	-1.322	-1.35	-1.329	-1.357	-1.311	-1.26	-1.281	-1.315	-1.307	-1.533	-1.422	-0.06034	0.679	1.128	1.238	1.151	0.9286	0.7601	0.5636	0.4275	0.2218	-0.2195	-0.6268	-0.8561	40.02
626.5	-1.204	-1.204	-1.211	-1.412	-1.593	-1.617	-1.605	-1.541	-1.473	-1.479	-1.411	-1.367	-1.408	-1.406	-1.433	-1.681	-1.51	-0.06972	0.7046	1.173	1.266	1.166	0.9369	0.786	0.5625	0.4078	0.2315	-0.21	-0.6176	-0.8974	40.07
678.5	-1.662	-1.686	-1.406	-1.338	-1.484	-1.424	-1.347	-1.293	-1.277	-1.269	-1.241	-1.224	-1.264	-1.294	-1.266	-1.496	-1.367	-0.02929	0.6984	1.16	1.211	1.103	0.8928	0.7257	0.5168	0.3722	0.1803	-0.2981	-0.7397	-1.046	40.08
625.2	-1.329	-1.352	-1.393	-1.675	-1.922	-1.941	-1.877	-1.643	-1.591	-1.576	-1.536	-1.483	-1.492	-1.585	-1.525	-1.762	-1.628	-0.1379	0.6967	1.152	1.312	1.176	0.9664	0.7805	0.5735	0.4301	0.2393	-0.1965	-0.5988	-0.855	40.02
629.9	-1.439	-1.439	-1.617	-1.497	-1.63	-1.55	-1.349	-1.43	-1.368	-1.399	-1.336	-1.3	-1.364	-1.298	-1.337	-1.597	-1.442	-0.02345	0.7615	1.226	1.33	1.22	0.994	0.8078	0.5533	0.3771	0.1894	-0.2675	-0.6892	-0.9365	40.05
662.7	-1.04	-1.037	-1.297	-1.594	-1.725	-1.697	-1.628	-1.578	-1.472	-1.46	-1.347	-1.344	-1.398	-1.388	-1.391	-1.589	-1.524	-0.1454	0.7061	1.17	1.271	1.174	0.9613	0.8197	0.6337	0.5049	0.3194	-0.08605	-0.4603	-0.6603	40.08
602.9	-2.159	-2.162	-1.528	-1.394	-1.586	-1.602	-1.542	-1.481	-1.399	-1.422	-1.347	-1.27	-1.334	-1.343	-1.344	-1.598	-1.414	-0.001946	0.8103	1.23	1.334	1.217	0.9995	0.7994	0.5496	0.3767	0.1326	-0.4004	-0.8924	-1.277	40.08
681.9	-1.628	-1.707	-1.478	-1.597	-1.609	-1.5	-1.624	-1.55	-1.435	-1.419	-1.385	-1.334	-1.338	-1.496	-1.376	-1.613	-1.488	-0.1638	0.6322	1.068	1.219	1.127	0.9389	0.7769	0.5689	0.425	0.206	-0.2562	-0.6828	-0.9711	40.06
572.8	-1.716	-1.774	-1.578	-1.663	-1.64	-1.652	-1.696	-1.664	-1.632	-1.667	-1.651	-1.618	-1.678	-1.67	-1.674	-1.94	-1.774	-0.1564	0.7578	1.237	1.404	1.291	1.068	0.8753	0.6293	0.459	0.2612	-0.2388	-0.7002	-0.9976	40.08
684.7	-1.308	-1.419	-1.755	-1.664	-1.703	-1.577	-1.513	-1.364	-1.328	-1.334	-1.343	-1.258	-1.34	-1.316	-1.339	-1.545	-1.468	-0.1209	0.6232	1.109	1.226	1.147	0.9282	0.7977	0.5893	0.4451	0.2539	-0.1971	-0.6134	-0.8885	40.07
602.7	-1.461	-1.463	-1.186	-1.504	-1.633	-1.711	-1.675	-1.607	-1.544	-1.561	-1.488	-1.447	-1.474	-1.547	-1.484	-1.752	-1.623	-0.1289	0.7153	1.208	1.342	1.241	1.023	0.8269	0.6034	0.4487	0.2206	-0.2402	-0.6655	-0.9507	40.06
640.7	-1.265	-1.247	-1.556	-1.541	-1.44	-1.557	-1.294	-1.252	-1.275	-1.259	-1.226	-1.157	-1.237	-1.211	-1.219	-1.388	-1.323	-0.0151	0.7372	1.198	1.267	1.172	0.9454	0.7825	0.5516	0.3918	0.1886	-0.2963	-0.7439	-0.9567	40.06
621.5	-1.351	-1.523	-1.474	-1.668	-1.773	-1.708	-1.644	-1.66	-1.562	-1.532	-1.479	-1.403	-1.481	-1.48	-1.442	-1.689	-1.609	-0.1879	0.6368	1.19	1.322	1.204	0.9948	0.838	0.6226	0.4735	0.2724	-0.1798	-0.5972	-0.8724	40.06
621.1	-1.683	-1.663	-1.587	-1.457	-1.555	-1.512	-1.359	-1.491	-1.404	-1.463	-1.37	-1.324	-1.359	-1.366	-1.375	-1.612	-1.431	-0.0539	0.7368	1.16	1.29	1.188	0.9703	0.8049	0.5709	0.409	0.1604	-0.3392	-0.8004	-1.133	40.07
651.3	-1.609	-1.44	-1.368	-1.683	-1.743	-1.724	-1.546	-1.495	-1.394	-1.408	-1.317	-1.27	-1.326	-1.336	-1.348	-1.573	-1.45	-0.1088	0.671	1.128	1.279	1.135	0.9565	0.7973	0.5891	0.445	0.2181	-0.2558	-0.6932	-1.007	40.06
617.8	-1.455	-1.492	-1.465	-1.46	-1.575	-1.645	-1.649	-1.537	-1.458	-1.481	-1.405	-1.353	-1.413	-1.389	-1.407	-1.628	-1.537	-0.1257	0.7073	1.189	1.32	1.234	0.983	0.8333	0.601	0.4401	0.2495	-0.1807	-0.5778	-0.8776	40.06
640.7	-1.604	-1.684	-1.415	-1.422	-1.521	-1.623	-1.444	-1.298	-1.331	-1.294	-1.273	-1.2	-1.287	-1.274	-1.291	-1.53	-1.412	-0.07348	0.6912	1.129	1.252	1.143	0.9332	0.7802	0.5534	0.3964	0.1697	-0.2811	-0.6972	-1.017	40.08
601.8	-1.419	-1.374	-1.426	-1.531	-1.632	-1.744	-1.641	-1.644	-1.484	-1.521	-1.481	-1.392	-1.476	-1.459	-1.427	-1.697	-1.575	-0.1037	0.6968	1.207	1.341	1.231	0.9935	0.8281	0.5911	0.427	0.1857	-0.271	-0.6926	-0.97	40.06
663.2	-1.004	-1.167	-1.356	-1.552	-1.576	-1.6	-1.505	-1.461	-1.41	-1.414	-1.376	-1.323	-1.404	-1.385	-1.4	-1.609	-1.535	-0.1479	0.6345	1.111	1.251	1.152	0.9442	0.8034	0.5895	0.4415	0.2256	-0.1531	-0.5027	-0.7295	40.11
596.9	-1.379	-1.416	-1.525	-1.549	-1.513	-1.613	-1.612	-1.615	-1.594	-1.6	-1.594	-1.518	-1.596	-1.614	-1.592	-1.843	-1.689	-0.2042	0.6902	1.177	1.32	1.212	0.9834	0.8075	0.5862	0.4331	0.2329	-0.2459	-0.6878	-0.9729	40.08
649.6	-1.403	-1.421	-1.343	-1.435	-1.421	-1.333	-1.411	-1.346	-1.322	-1.273	-1.326	-1.239	-1.316	-1.299	-1.317	-1.541	-1.418	-0.0463	0.7045	1.134	1.25	1.129	0.9084	0.7626	0.5539	0.4094	0.2023	-0.253	-0.6732	-0.9815	40.06
630.4	-1.355	-1.415	-1.336	-1.438	-1.495	-1.466	-1.475	-1.474	-1.407	-1.401	-1.417	-1.359	-1.392	-1.368	-1.414	-1.651	-1.511	-0.1367	0.6816	1.13	1.25	1.157	0.9435	0.7693	0.5724	0.4361	0.2325	-0.2154	-0.6288	-0.9309	40.1
616.3	-1.474	-1.611	-1.635	-1.52	-1.457	-1.516	-1.511	-1.444	-1.398	-1.389	-1.38	-1.331	-1.402	-1.412	-1.391	-1.632	-1.476	-0.09294	0.7091	1.129	1.25	1.162	0.937	0.7796	0.5553	0.4	0.1715	-0.2853	-0.707	-0.9921	40.09
