36631	24	2	88	24	767.5	3	40	-41	-28.851	256	8192	5	0	0	0	0	93.703	433.95	9.855e+005	0.077842	-0.0051483	26.897	0	0	1	0	0	0	5	0	0
277.9	-0.8391	-0.8476	-1.051	-1.346	-1.463	-1.443	-1.501	-1.466	-1.43	-1.444	-1.462	-1.484	-1.408	-1.411	-1.486	-1.687	-1.538	-0.1007	0.5934	1.092	1.211	1.129	0.9499	0.7071	0.5591	0.4566	0.265	-0.09715	-0.4314	-0.5501	40.02
280.8	-1.074	-1.064	-1.276	-1.463	-1.557	-1.553	-1.554	-1.523	-1.459	-1.481	-1.466	-1.518	-1.47	-1.479	-1.519	-1.692	-1.511	-0.1239	0.6188	1.046	1.182	1.107	0.9458	0.7957	0.5674	0.4094	0.2083	-0.157	-0.4943	-0.7034	40.02
271.5	-1.299	-1.369	-1.448	-1.569	-1.537	-1.495	-1.58	-1.541	-1.486	-1.502	-1.411	-1.412	-1.453	-1.467	-1.483	-1.738	-1.586	-0.1406	0.6724	1.148	1.281	1.176	0.9259	0.8118	0.592	0.4398	0.221	-0.22	-0.6271	-0.8406	40.01
265.6	-1.726	-1.812	-1.551	-1.408	-1.525	-1.46	-1.482	-1.421	-1.373	-1.415	-1.343	-1.424	-1.359	-1.395	-1.402	-1.641	-1.484	-0.09897	0.7096	1.18	1.249	1.159	0.9112	0.7173	0.4795	0.3148	0.07771	-0.4009	-0.8426	-1.12	39.97
261.4	-1.938	-1.917	-1.727	-1.519	-1.561	-1.464	-1.409	-1.305	-1.28	-1.278	-1.324	-1.322	-1.206	-1.24	-1.263	-1.498	-1.374	-0.02251	0.7548	1.23	1.3	1.194	0.9858	0.7631	0.4843	0.2913	0.08474	-0.4421	-0.9284	-1.22	39.71
268.2	-1.744	-1.794	-1.724	-1.56	-1.487	-1.383	-1.335	-1.254	-1.186	-1.228	-1.185	-1.231	-1.192	-1.226	-1.212	-1.39	-1.256	0.07314	0.7905	1.223	1.314	1.121	0.9081	0.6545	0.4355	0.2839	0.09388	-0.4132	-0.8813	-1.12	39.45
283.6	-1.233	-1.381	-1.391	-1.319	-1.223	-1.214	-1.268	-1.153	-1.138	-1.156	-1.165	-1.285	-1.192	-1.197	-1.194	-1.353	-1.12	0.06917	0.7528	1.105	1.209	0.9686	0.7758	0.6138	0.4066	0.2632	0.07277	-0.3292	-0.7002	-0.9837	39.13
285.8	-1.126	-1.138	-1.138	-1.062	-1.251	-1.286	-1.346	-1.304	-1.229	-1.27	-1.242	-1.209	-1.241	-1.269	-1.238	-1.47	-1.267	-0.02058	0.7367	1.125	1.228	1.037	0.8522	0.6247	0.4747	0.3708	0.157	-0.2201	-0.5682	-0.7824	38.91
277.7	-0.9797	-1.01	-1.064	-1.275	-1.398	-1.504	-1.497	-1.484	-1.415	-1.382	-1.456	-1.51	-1.42	-1.384	-1.329	-1.7	-1.436	-0.1069	0.6946	1.04	1.178	1.072	0.8659	0.7345	0.5197	0.3709	0.2488	-0.1581	-0.5338	-0.7278	38.68
275.5	-1.05	-1.06	-1.301	-1.541	-1.648	-1.613	-1.525	-1.501	-1.486	-1.439	-1.41	-1.429	-1.482	-1.468	-1.462	-1.696	-1.528	-0.05221	0.6146	1.114	1.187	1.06	0.8614	0.735	0.5376	0.401	0.2618	-0.1571	-0.5438	-0.728	38.41
272.6	-0.9237	-1.181	-1.401	-1.681	-1.766	-1.679	-1.639	-1.494	-1.409	-1.419	-1.496	-1.444	-1.441	-1.421	-1.409	-1.691	-1.539	-0.1026	0.6913	1.149	1.276	1.119	0.8934	0.6659	0.5021	0.3888	0.1424	-0.2054	-0.5264	-0.6905	38.14
274.2	-1.627	-1.555	-1.514	-1.7	-1.65	-1.53	-1.441	-1.382	-1.335	-1.318	-1.295	-1.342	-1.322	-1.346	-1.334	-1.567	-1.356	-0.01526	0.7572	1.125	1.198	1.044	0.8083	0.624	0.3904	0.2287	0.0808	-0.4036	-0.8507	-1.147	37.79
272.2	-2.061	-1.933	-1.873	-1.566	-1.606	-1.492	-1.326	-1.242	-1.169	-1.216	-1.136	-1.169	-1.169	-1.202	-1.238	-1.399	-1.197	0.08457	0.7844	1.127	1.207	1.046	0.8199	0.667	0.4025	0.2194	-0.02431	-0.5866	-1.106	-1.392	37.53
266.3	-2.02	-1.994	-1.79	-1.629	-1.521	-1.418	-1.234	-1.193	-1.145	-1.141	-1.148	-1.124	-1.15	-1.113	-1.164	-1.359	-1.086	0.2078	0.8959	1.189	1.174	1.005	0.7911	0.6089	0.3916	0.2411	0.04339	-0.487	-0.9765	-1.395	37.29
268	-1.601	-1.672	-1.625	-1.413	-1.334	-1.278	-1.248	-1.25	-1.204	-1.205	-1.206	-1.213	-1.188	-1.227	-1.251	-1.397	-1.114	0.1937	0.8516	1.175	1.154	1.036	0.8854	0.6049	0.3561	0.1838	0.06571	-0.3904	-0.8115	-1.133	37.06
268.7	-1.371	-1.414	-1.504	-1.295	-1.263	-1.269	-1.3	-1.323	-1.324	-1.285	-1.341	-1.318	-1.292	-1.322	-1.38	-1.54	-1.242	0.13	0.8221	1.111	1.199	1.033	0.8599	0.6368	0.4345	0.2945	0.05427	-0.3401	-0.7041	-0.9412	36.73
274	-0.942	-0.9507	-1.222	-1.309	-1.305	-1.409	-1.426	-1.406	-1.424	-1.407	-1.405	-1.468	-1.395	-1.471	-1.47	-1.654	-1.322	0.1151	0.8062	1.096	1.188	1.024	0.8548	0.6027	0.4076	0.2725	0.1859	-0.1593	-0.4779	-0.6423	36.46
283.6	-0.9756	-1.006	-1.141	-1.265	-1.471	-1.502	-1.486	-1.436	-1.417	-1.376	-1.37	-1.418	-1.434	-1.448	-1.468	-1.598	-1.311	0.04519	0.7528	1.087	1.181	1.014	0.8477	0.6823	0.4937	0.3632	0.1368	-0.183	-0.4782	-0.6475	36.19
293.7	-1.032	-1.186	-1.29	-1.378	-1.452	-1.394	-1.395	-1.322	-1.343	-1.296	-1.323	-1.323	-1.291	-1.34	-1.366	-1.564	-1.233	0.08416	0.762	1.078	1.13	1.009	0.7865	0.6079	0.4319	0.31	0.2095	-0.173	-0.5261	-0.7457	35.84
289.8	-1.196	-1.346	-1.297	-1.508	-1.366	-1.367	-1.225	-1.21	-1.186	-1.186	-1.268	-1.193	-1.161	-1.188	-1.209	-1.374	-1.086	0.1498	0.8079	1.154	1.128	0.9729	0.7918	0.6214	0.4003	0.2473	0.09735	-0.2447	-0.5604	-0.8779	35.56
274	-1.413	-1.26	-1.343	-1.472	-1.35	-1.427	-1.264	-1.154	-1.091	-1.08	-1.128	-1.142	-1.173	-1.161	-1.199	-1.372	-1.021	0.2081	0.8869	1.209	1.147	0.966	0.7059	0.499	0.304	0.169	-0.1071	-0.4971	-0.8571	-1.047	35.32
264.9	-1.631	-1.685	-1.507	-1.348	-1.569	-1.287	-1.329	-1.092	-1.111	-1.104	-1.1	-1.136	-1.063	-1.107	-1.144	-1.205	-0.9295	0.3564	0.9004	1.207	1.126	0.9771	0.7299	0.5273	0.2723	0.09583	-0.0707	-0.5721	-1.035	-1.274	35.03
268.2	-1.565	-1.54	-1.477	-1.28	-1.242	-1.221	-1.225	-1.072	-1.019	-1.073	-1.008	-1.013	-0.9538	-0.9779	-1.124	-1.137	-0.8292	0.4598	0.9936	1.289	1.183	0.9758	0.6566	0.4929	0.297	0.1614	-0.07548	-0.5067	-0.9047	-1.143	34.75
278.8	-1.176	-1.244	-1.246	-1.188	-1.019	-1.019	-1.141	-1.1	-1.05	-1.072	-1.039	-1.123	-1.038	-1.035	-1.172	-1.145	-0.8263	0.3753	0.8979	1.135	1.081	0.9389	0.7274	0.4796	0.2532	0.09642	0.01972	-0.3933	-0.7745	-0.9236	34.44
283.4	-0.9709	-0.9893	-1.059	-1.039	-1.111	-1.038	-1.289	-1.176	-1.139	-1.111	-1.085	-1.11	-1.128	-1.149	-1.219	-1.177	-0.8353	0.3572	0.8884	1.134	1.058	0.9032	0.6602	0.4929	0.3355	0.2265	0.03008	-0.2691	-0.5453	-0.6697	34.12
275.9	-0.9746	-1.064	-1.196	-1.256	-1.363	-1.49	-1.474	-1.316	-1.3	-1.246	-1.242	-1.321	-1.269	-1.281	-1.331	-1.374	-0.9385	0.2991	0.8538	1.094	1.081	0.9329	0.7065	0.5225	0.3544	0.2381	0.1406	-0.2059	-0.5258	-0.7547	33.85
283.2	-1.125	-1.055	-1.16	-1.343	-1.43	-1.446	-1.463	-1.41	-1.266	-1.253	-1.166	-1.22	-1.183	-1.21	-1.393	-1.328	-0.9425	0.3034	0.8839	1.129	1.081	0.8937	0.705	0.5144	0.3569	0.2478	0.05684	-0.2507	-0.5346	-0.6865	33.54
280.6	-1.141	-1.041	-1.435	-1.453	-1.487	-1.364	-1.324	-1.272	-1.214	-1.203	-1.14	-1.128	-1.156	-1.139	-1.249	-1.217	-0.8721	0.379	0.887	1.128	1.074	0.9278	0.6893	0.4713	0.2651	0.1224	0.008798	-0.3172	-0.6181	-0.7972	33.25
280.6	-1.208	-1.159	-1.294	-1.481	-1.362	-1.304	-1.187	-1.082	-0.9743	-1.003	-1.001	-1.097	-0.9554	-0.9681	-1.032	-1.082	-0.7021	0.4214	0.9027	1.111	1.091	0.8816	0.6333	0.402	0.1865	0.03729	-0.08296	-0.4371	-0.764	-0.9726	32.96
277	-1.352	-1.396	-1.345	-1.334	-1.269	-1.206	-1.079	-0.993	-0.9165	-0.9523	-0.9312	-0.9315	-0.918	-0.9301	-1.064	-0.9763	-0.5619	0.482	0.978	1.125	1.071	0.8199	0.5564	0.3801	0.1683	0.0216	-0.166	-0.5293	-0.8647	-1.068	32.66
276.4	-1.198	-1.285	-1.126	-1.154	-1.144	-1.046	-1.028	-0.9156	-0.9349	-0.9199	-0.9015	-0.9213	-0.9257	-0.9268	-1.109	-0.9616	-0.5575	0.5877	0.9803	1.139	1.056	0.8792	0.5748	0.3594	0.2045	0.09727	-0.08969	-0.4464	-0.7756	-0.9316	32.35
283.2	-0.9552	-1.002	-1.071	-0.9528	-0.9709	-1.045	-0.967	-0.9825	-0.9758	-1.016	-0.967	-1.057	-1.016	-1.057	-1.255	-0.9996	-0.6058	0.5856	0.9827	1.118	1.053	0.8581	0.6219	0.4299	0.2538	0.1318	-0.02337	-0.3412	-0.6346	-0.7408	32.08
287.6	-0.8595	-0.8133	-0.9338	-0.9649	-1.078	-1.116	-1.117	-1.088	-1.107	-1.112	-1.087	-1.142	-1.08	-1.149	-1.33	-1.11	-0.6518	0.4939	0.937	1.055	1.031	0.84	0.656	0.4753	0.2589	0.109	0.01385	-0.2329	-0.4607	-0.6172	31.74
286	-0.9402	-0.8989	-1.077	-1.163	-1.213	-1.239	-1.226	-1.094	-1.144	-1.151	-1.21	-1.166	-1.139	-1.139	-1.349	-1.166	-0.7275	0.4787	0.942	1.112	1.065	0.8596	0.6541	0.41	0.2541	0.1462	0.008629	-0.2539	-0.4962	-0.5829	31.48
288.5	-0.9862	-1.035	-1.15	-1.217	-1.261	-1.164	-1.17	-1.106	-1.057	-1.075	-1.133	-1.103	-1.167	-1.097	-1.326	-1.14	-0.6939	0.5631	0.9239	1.137	0.9728	0.8574	0.5616	0.4013	0.2529	0.1501	-0.01244	-0.2987	-0.563	-0.7273	31.11
286.5	-1.123	-1.112	-1.146	-1.177	-1.163	-1.138	-1.074	-1.026	-1.059	-1.021	-0.9928	-1.104	-1.015	-1.013	-1.205	-0.9386	-0.6044	0.5492	0.9303	1.116	1.013	0.8432	0.5326	0.3832	0.2061	0.08341	-0.0971	-0.4185	-0.7152	-0.8612	30.84
286	-1.228	-1.218	-1.17	-1.152	-1.058	-1.052	-1.009	-0.9562	-0.9085	-0.9447	-0.9635	-0.9261	-0.9424	-0.9008	-1.166	-0.8685	-0.4497	0.5679	0.9884	1.118	1.059	0.784	0.506	0.2793	0.1297	0.02614	-0.1661	-0.4808	-0.7714	-0.9969	30.56
281.4	-1.165	-1.209	-1.1	-1.084	-0.9878	-0.968	-0.9677	-0.9216	-0.9553	-0.909	-0.9229	-0.9352	-0.9416	-0.9156	-1.161	-0.8324	-0.395	0.692	0.9732	1.078	0.9403	0.7405	0.4753	0.337	0.1379	5.137e-005	-0.1688	-0.4916	-0.7896	-0.8821	30.27
281.4	-0.9335	-1.026	-0.915	-1.002	-0.9987	-1.015	-0.973	-1.011	-0.934	-0.9658	-0.9793	-1.069	-0.947	-1.014	-1.251	-0.9051	-0.4119	0.6315	1.041	1.078	1.003	0.7866	0.492	0.2573	0.1147	0.01596	-0.1311	-0.4299	-0.7057	-0.8111	29.95
283.4	-0.8393	-0.8663	-0.9142	-0.9358	-1.013	-1.044	-0.961	-0.9818	-0.9856	-0.9986	-1.004	-1.044	-1.048	-1.002	-1.29	-0.8821	-0.4427	0.6631	1.044	1.128	0.9507	0.7862	0.483	0.3294	0.1877	0.08959	-0.05006	-0.296	-0.523	-0.6534	29.67
282.5	-0.9354	-0.9043	-0.9226	-0.9767	-1.016	-1.142	-1.09	-1.091	-1.047	-1.058	-1.107	-1.114	-1.089	-1.071	-1.336	-0.9518	-0.4666	0.6411	0.9277	1.074	0.9084	0.7682	0.4845	0.341	0.1551	0.02647	-0.04486	-0.3088	-0.5525	-0.6663	29.38
280.8	-0.9412	-0.9631	-1.063	-1.065	-1.061	-1.018	-1.123	-1.064	-1.022	-1.059	-1.019	-1.041	-1.02	-1.061	-1.266	-0.9072	-0.3846	0.6391	1.038	1.058	0.971	0.7474	0.5043	0.3325	0.1643	0.0479	-0.0775	-0.3467	-0.5952	-0.7582	29.05
280.3	-0.9704	-1.071	-1.065	-1.072	-1.085	-1.025	-0.9926	-1.066	-0.943	-0.9753	-0.9895	-1.08	-0.9724	-0.9964	-1.184	-0.8806	-0.3739	0.725	1.061	1.083	0.9668	0.7074	0.4491	0.2797	0.1081	-0.0106	-0.1208	-0.403	-0.6636	-0.8362	28.77
290.4	-1.103	-1.12	-0.968	-0.9501	-0.9783	-0.9552	-0.9377	-0.8442	-0.8175	-0.8753	-0.8457	-0.9476	-0.8337	-0.9032	-1.166	-0.7144	-0.2569	0.729	1.024	1.079	0.9112	0.6381	0.4335	0.2596	0.07587	-0.05134	-0.1688	-0.4676	-0.7434	-0.8389	28.5
292.2	-1	-1.011	-0.9676	-0.8552	-0.9462	-0.9609	-0.9169	-0.8822	-0.8638	-0.8919	-0.8527	-0.9125	-0.8443	-0.8607	-1.153	-0.6616	-0.2553	0.7421	0.9827	1.005	0.8291	0.6441	0.4255	0.2274	0.07191	-0.03571	-0.1626	-0.4455	-0.7066	-0.8233	28.16
293.3	-0.8904	-0.8937	-0.878	-0.8468	-0.8069	-0.8605	-0.9185	-0.8735	-0.8656	-0.8504	-0.8615	-0.8447	-0.8516	-0.8469	-1.143	-0.6967	-0.1948	0.7451	1.014	1.013	0.9023	0.6761	0.4453	0.252	0.1121	0.01532	-0.131	-0.3731	-0.5966	-0.7468	27.87
295.1	-0.7587	-0.7477	-0.9582	-0.8521	-0.9163	-0.844	-0.903	-0.863	-0.8605	-0.9104	-0.8683	-0.9095	-0.862	-0.8681	-1.096	-0.5858	-0.2798	0.7407	0.9682	1.04	0.8373	0.6183	0.4108	0.21	0.06799	-0.0303	-0.1148	-0.3524	-0.5718	-0.6224	27.52
291.1	-0.8117	-0.775	-0.825	-0.9058	-0.8972	-0.8785	-0.8848	-0.8801	-0.8722	-0.8678	-0.8619	-0.9395	-0.8841	-0.9224	-1.07	-0.6695	-0.1744	0.7975	1.047	1.048	0.8542	0.6218	0.4487	0.2488	0.07756	-0.04097	-0.1112	-0.3125	-0.4984	-0.5992	27.22
284.3	-0.7765	-0.8169	-0.9003	-0.9221	-0.9187	-0.9113	-0.8852	-0.9068	-0.9141	-0.9224	-0.8764	-0.8835	-0.8357	-0.9064	-1.126	-0.6135	-0.1394	0.7747	1.062	1.01	0.8353	0.6012	0.3987	0.2074	0.06006	-0.04195	-0.1724	-0.3827	-0.5768	-0.6893	26.95
289.1	-0.8066	-0.8607	-0.858	-0.8643	-0.9139	-0.8671	-0.8653	-0.8753	-0.8574	-0.8295	-0.8312	-0.8688	-0.8638	-0.8859	-1.089	-0.5978	-0.09862	0.8382	1.029	1.05	0.8324	0.626	0.4029	0.1988	0.04473	-0.0619	-0.1905	-0.4147	-0.6216	-0.6884	26.6
298.6	-0.8331	-0.8612	-0.8678	-0.8626	-0.8645	-0.8845	-0.8726	-0.837	-0.7952	-0.8247	-0.8522	-0.8355	-0.811	-0.8216	-1.066	-0.5631	-0.1381	0.7377	1.011	1.044	0.8007	0.611	0.3534	0.2125	0.05447	-0.05494	-0.2047	-0.4387	-0.6547	-0.7027	26.31
302.5	-0.8684	-0.8829	-0.8304	-0.8362	-0.8835	-0.8066	-0.8514	-0.8001	-0.8096	-0.8351	-0.8119	-0.8246	-0.8105	-0.862	-1.047	-0.587	-0.09426	0.7898	0.993	1.046	0.7532	0.5602	0.2865	0.1504	0.012	-0.08383	-0.2121	-0.4432	-0.6565	-0.7393	25.97
294.8	-0.8542	-0.8102	-0.8253	-0.8476	-0.8598	-0.839	-0.8185	-0.8156	-0.8154	-0.8135	-0.875	-0.8636	-0.78	-0.9002	-1.034	-0.5168	-0.0482	0.822	0.9939	0.9907	0.7729	0.5601	0.3898	0.1391	0.0001086	-0.09614	-0.1662	-0.4218	-0.6576	-0.7116	25.67
286.9	-0.8127	-0.8383	-0.914	-0.9137	-0.9422	-0.9204	-0.8668	-0.8326	-0.8327	-0.847	-0.8191	-0.9053	-0.8917	-0.9196	-1.027	-0.5311	-0.04399	0.8446	1.021	1.046	0.7552	0.5605	0.4279	0.1117	-0.0219	-0.1144	-0.2236	-0.433	-0.6264	-0.7258	25.4
281	-0.8299	-0.8797	-0.8716	-0.9002	-0.9022	-0.8387	-0.8641	-0.8558	-0.8237	-0.8478	-0.8616	-0.9	-0.8563	-0.9445	-1.085	-0.447	0.03993	0.9048	1.1	0.9642	0.7597	0.5056	0.3755	0.1513	-0.01027	-0.1221	-0.2229	-0.4542	-0.6676	-0.7193	25.09
279.7	-0.8505	-0.9194	-0.9095	-0.9154	-0.9119	-0.8845	-0.8629	-0.8261	-0.8008	-0.8118	-0.9161	-0.8306	-0.8495	-0.9048	-0.9991	-0.4322	0.08558	0.8848	1.058	0.9687	0.7462	0.4925	0.3268	0.1306	-0.0096	-0.1067	-0.2294	-0.4238	-0.6032	-0.7502	24.77
292.2	-0.7342	-0.7721	-0.8651	-0.85	-0.8309	-0.8294	-0.7854	-0.7368	-0.8074	-0.7825	-0.8225	-0.8537	-0.8026	-0.8924	-0.9563	-0.349	0.06015	0.8527	1.038	0.9829	0.7142	0.5207	0.2913	0.1609	-0.01265	-0.1328	-0.261	-0.4311	-0.5881	-0.6654	24.46
306.9	-0.7801	-0.7783	-0.7928	-0.7892	-0.7711	-0.7788	-0.7815	-0.7425	-0.7639	-0.7346	-0.8175	-0.824	-0.8237	-0.8547	-0.9545	-0.3682	0.07281	0.8284	0.9548	0.9571	0.6956	0.4629	0.2518	0.09469	-0.02159	-0.1021	-0.1745	-0.3723	-0.5548	-0.6936	24.14
314.4	-0.7368	-0.7123	-0.7489	-0.7656	-0.8113	-0.739	-0.777	-0.7149	-0.7362	-0.7426	-0.7588	-0.8099	-0.7654	-0.7951	-0.819	-0.3194	0.157	0.7709	0.9087	0.8462	0.6536	0.4473	0.2458	0.07818	-0.03813	-0.1187	-0.2137	-0.3946	-0.5617	-0.6429	23.86
308.9	-0.6895	-0.7357	-0.7673	-0.7395	-0.8356	-0.7251	-0.7573	-0.7225	-0.7202	-0.8023	-0.7438	-0.7854	-0.7198	-0.7742	-0.8499	-0.2894	0.08778	0.8561	0.9344	0.856	0.6549	0.4599	0.2349	0.05053	-0.03356	-0.09177	-0.2567	-0.4205	-0.5716	-0.6194	23.51
297.7	-0.705	-0.8025	-0.8121	-0.7879	-0.7642	-0.7692	-0.7312	-0.7919	-0.7875	-0.7573	-0.8073	-0.8149	-0.7315	-0.8708	-0.8705	-0.2791	0.2192	0.9055	0.9695	0.921	0.6151	0.4578	0.2174	0.06247	-0.07219	-0.1654	-0.2257	-0.4003	-0.5614	-0.6531	23.24
297.9	-0.668	-0.7127	-0.7268	-0.8491	-0.7739	-0.8247	-0.7753	-0.7755	-0.7769	-0.7675	-0.7356	-0.8086	-0.7821	-0.9635	-0.8756	-0.3054	0.1924	0.8877	0.9984	0.8547	0.6844	0.4865	0.2804	0.08752	-0.03819	-0.1252	-0.2408	-0.4128	-0.5716	-0.6371	22.93
293.5	-0.7362	-0.7234	-0.7646	-0.7521	-0.749	-0.7005	-0.7567	-0.7657	-0.7987	-0.7626	-0.7466	-0.7446	-0.7938	-0.92	-0.8369	-0.2509	0.2332	0.9357	1.043	0.923	0.6729	0.425	0.1938	0.09392	-0.03968	-0.1322	-0.265	-0.4177	-0.5587	-0.5995	22.62
295.7	-0.6782	-0.7461	-0.7269	-0.8036	-0.7744	-0.78	-0.7361	-0.728	-0.7472	-0.7678	-0.753	-0.7797	-0.7467	-0.9655	-0.7964	-0.1905	0.2798	0.992	1.016	0.8776	0.657	0.4073	0.256	0.09828	-0.0582	-0.1665	-0.2221	-0.3977	-0.5598	-0.6054	22.29
296.8	-0.6809	-0.7154	-0.8039	-0.7593	-0.7613	-0.7321	-0.7284	-0.6935	-0.6689	-0.6949	-0.7443	-0.7364	-0.7388	-0.8942	-0.7593	-0.1102	0.3537	0.9482	0.9823	0.8524	0.6331	0.3912	0.1758	0.04755	-0.0667	-0.1458	-0.2417	-0.4253	-0.5949	-0.6861	21.98
301.4	-0.7169	-0.7209	-0.7811	-0.7629	-0.7496	-0.732	-0.732	-0.662	-0.6586	-0.7267	-0.7505	-0.7593	-0.7023	-0.8856	-0.6243	-0.07195	0.285	0.9055	0.9379	0.8934	0.581	0.3517	0.1887	0.01706	-0.1042	-0.1881	-0.253	-0.4098	-0.5544	-0.6297	21.7
303.8	-0.6601	-0.7207	-0.6815	-0.7115	-0.6479	-0.6987	-0.697	-0.6775	-0.6928	-0.6841	-0.7097	-0.7306	-0.7167	-0.8888	-0.6916	-0.1232	0.3089	0.9375	0.9741	0.8326	0.55	0.3631	0.1562	-0.02736	-0.107	-0.1621	-0.1663	-0.3524	-0.5241	-0.6044	21.32
304.3	-0.7051	-0.7033	-0.7686	-0.7104	-0.6722	-0.6592	-0.696	-0.6351	-0.6672	-0.6411	-0.6854	-0.707	-0.6857	-0.8773	-0.6406	-0.09197	0.3659	0.925	0.9533	0.8047	0.5755	0.2868	0.1611	-0.002751	-0.1228	-0.206	-0.2656	-0.4131	-0.5492	-0.6137	21.03
302.7	-0.6933	-0.6849	-0.6736	-0.7292	-0.7008	-0.6129	-0.6507	-0.6643	-0.6656	-0.6866	-0.6481	-0.739	-0.7294	-0.9226	-0.6216	-0.01442	0.3941	0.8735	0.9582	0.7388	0.5837	0.2835	0.1153	-0.02252	-0.1316	-0.207	-0.302	-0.4293	-0.5468	-0.6371	20.75
303.6	-0.6554	-0.7321	-0.7028	-0.7372	-0.6787	-0.6827	-0.6877	-0.6624	-0.6588	-0.6793	-0.6869	-0.7199	-0.7223	-0.9251	-0.681	-0.06624	0.4191	0.9382	0.97	0.7796	0.5399	0.2494	0.1408	-0.01261	-0.1504	-0.2458	-0.2462	-0.3909	-0.5245	-0.615	20.37
302.7	-0.5803	-0.6191	-0.7204	-0.7039	-0.6907	-0.7454	-0.7288	-0.6851	-0.7101	-0.7236	-0.7763	-0.7333	-0.7294	-0.9584	-0.6327	-0.03002	0.4098	0.9746	0.9095	0.7711	0.4623	0.3073	0.1464	-0.03239	-0.1327	-0.2021	-0.2769	-0.4038	-0.5208	-0.5812	20.09
304.5	-0.6382	-0.6373	-0.7007	-0.6747	-0.7421	-0.7136	-0.7343	-0.6243	-0.6962	-0.6616	-0.7197	-0.7234	-0.7052	-0.9732	-0.5736	0.02703	0.4388	0.8908	0.9285	0.7559	0.5436	0.2866	0.07343	-0.02239	-0.1511	-0.2402	-0.2952	-0.3814	-0.461	-0.5627	19.76
304.1	-0.6494	-0.6819	-0.6966	-0.7513	-0.6928	-0.6927	-0.6965	-0.6408	-0.6824	-0.6521	-0.7033	-0.7019	-0.6912	-0.9644	-0.5522	0.02707	0.4864	0.8921	0.9153	0.7624	0.4971	0.2823	0.08901	-0.02242	-0.1397	-0.2209	-0.2857	-0.4256	-0.5548	-0.5838	19.47
307.1	-0.6328	-0.6373	-0.6845	-0.6789	-0.6759	-0.6966	-0.6462	-0.6446	-0.6074	-0.6664	-0.6676	-0.7228	-0.6892	-0.8943	-0.4861	0.0832	0.4816	0.8887	0.9253	0.6911	0.5077	0.2231	0.1086	-0.06114	-0.1542	-0.2187	-0.2681	-0.4036	-0.5288	-0.5529	19.12
310.9	-0.6452	-0.699	-0.6408	-0.6954	-0.6628	-0.6291	-0.6384	-0.6116	-0.6531	-0.6944	-0.6823	-0.6479	-0.632	-0.9284	-0.4694	0.04674	0.4553	0.889	0.8716	0.688	0.4245	0.2111	0.07192	-0.05559	-0.1674	-0.2448	-0.2795	-0.4137	-0.5376	-0.6056	18.8
315.7	-0.6304	-0.6042	-0.6859	-0.6071	-0.58	-0.5719	-0.5397	-0.6271	-0.6336	-0.6685	-0.6215	-0.6597	-0.6705	-0.8554	-0.3927	0.1408	0.5591	0.8431	0.9049	0.6207	0.4433	0.2308	0.09567	-0.08316	-0.1625	-0.2175	-0.2704	-0.4077	-0.5344	-0.5525	18.55
316.1	-0.659	-0.6244	-0.6151	-0.5917	-0.5695	-0.6504	-0.5904	-0.6063	-0.6327	-0.6524	-0.6542	-0.6371	-0.6792	-0.8542	-0.4349	0.1306	0.5332	0.8742	0.9129	0.6714	0.4225	0.1848	0.07072	-0.01684	-0.1129	-0.1794	-0.3227	-0.4376	-0.5436	-0.5761	18.24
312.8	-0.5169	-0.5991	-0.5561	-0.642	-0.5999	-0.5824	-0.6202	-0.6228	-0.6059	-0.6644	-0.6554	-0.6547	-0.6913	-0.8533	-0.4286	0.1773	0.5439	0.916	0.8519	0.7149	0.3758	0.2144	0.02132	-0.05524	-0.1579	-0.229	-0.2874	-0.3974	-0.499	-0.5084	17.9
305.6	-0.58	-0.6405	-0.6054	-0.5669	-0.5741	-0.6291	-0.6446	-0.6324	-0.586	-0.6645	-0.6998	-0.704	-0.8273	-0.914	-0.4941	0.1558	0.5204	0.9099	0.9059	0.6945	0.369	0.1723	-0.02439	-0.04188	-0.1326	-0.1953	-0.309	-0.4059	-0.4954	-0.5607	17.6
301.4	-0.5932	-0.5998	-0.5928	-0.6053	-0.6582	-0.6211	-0.6535	-0.6307	-0.6785	-0.6153	-0.7563	-0.7023	-0.7579	-0.901	-0.3328	0.2258	0.6278	0.9055	0.8744	0.6663	0.3635	0.1843	0.03253	-0.09205	-0.1898	-0.2575	-0.2932	-0.3856	-0.4709	-0.5378	17.26
305.6	-0.5546	-0.6622	-0.6312	-0.6472	-0.6041	-0.5361	-0.6108	-0.6066	-0.6202	-0.6435	-0.6825	-0.6815	-0.7126	-0.828	-0.3393	0.2485	0.588	1.004	0.8577	0.6572	0.369	0.177	0.02695	-0.1104	-0.1779	-0.2246	-0.3636	-0.3973	-0.4284	-0.4801	16.95
310.9	-0.5102	-0.5656	-0.6053	-0.6165	-0.6234	-0.5754	-0.5529	-0.5711	-0.5038	-0.5349	-0.6766	-0.6589	-0.7201	-0.7742	-0.3172	0.2645	0.6241	0.9327	0.8195	0.6356	0.3062	0.1508	-0.04921	-0.09888	-0.1624	-0.2064	-0.2843	-0.4108	-0.5275	-0.5314	16.62
316.1	-0.4722	-0.5614	-0.6351	-0.5771	-0.5453	-0.4707	-0.4034	-0.462	-0.609	-0.5766	-0.6263	-0.6859	-0.7756	-0.7955	-0.3066	0.3	0.5885	0.9064	0.8431	0.6147	0.3769	0.1666	0.04095	-0.1161	-0.2121	-0.2785	-0.27	-0.3812	-0.4838	-0.4933	16.29
317.5	-0.5779	-0.5329	-0.5728	-0.4926	-0.4176	-0.4109	-0.5554	-0.4948	-0.5217	-0.6094	-0.7015	-0.7696	-0.8491	-0.8604	-0.3	0.2343	0.6261	0.892	0.8257	0.5813	0.3301	0.07958	-0.03336	-0.111	-0.1982	-0.2586	-0.2737	-0.3458	-0.4124	-0.5204	15.93
316.4	-0.4768	-0.4928	-0.4552	-0.4798	-0.5062	-0.5285	-0.4966	-0.4816	-0.4762	-0.5913	-0.8043	-0.8374	-1.011	-0.8732	-0.301	0.255	0.5831	0.8843	0.768	0.6143	0.311	0.08897	-0.008679	-0.135	-0.2002	-0.2453	-0.3081	-0.3527	-0.3939	-0.4395	15.64
315	-0.3998	-0.5159	-0.4772	-0.511	-0.4597	-0.4511	-0.4611	-0.5285	-0.5114	-0.604	-0.9365	-0.9771	-1.194	-1.073	-0.372	0.2261	0.5855	0.861	0.8133	0.591	0.3021	0.06646	-0.07346	-0.1355	-0.1954	-0.2369	-0.2565	-0.3392	-0.4156	-0.4462	15.3
313.9	-0.4359	-0.4437	-0.4286	-0.3907	-0.4369	-0.4793	-0.491	-0.405	-0.6943	-0.6723	-1.018	-1.117	-1.339	-1.17	-0.4756	0.1968	0.5623	0.8315	0.8114	0.5774	0.2981	0.08047	-0.01874	-0.1408	-0.2149	-0.2662	-0.2574	-0.3196	-0.3769	-0.3547	14.97
318.8	-0.3464	-0.437	-0.4122	-0.4762	-0.4159	-0.362	-0.4696	-0.6161	-0.5899	-0.7524	-1.014	-1.256	-1.395	-1.221	-0.5373	0.1444	0.5288	0.8563	0.8222	0.5482	0.3086	0.06568	-0.003691	-0.1339	-0.2208	-0.2809	-0.2535	-0.2813	-0.307	-0.3638	14.65
316.4	-0.349	-0.3616	-0.4054	-0.3781	-0.4045	-0.5126	-0.3564	-0.5313	-0.514	-0.7531	-1.273	-1.418	-1.618	-1.401	-0.5414	0.03598	0.5278	0.8735	0.8006	0.5524	0.2706	0.1072	0.02108	-0.1208	-0.1776	-0.217	-0.289	-0.2944	-0.2994	-0.318	14.38
317	-0.3336	-0.3504	-0.3499	-0.4353	-0.4279	-0.4167	-0.421	-0.4855	-0.5885	-0.8625	-1.298	-1.583	-1.773	-1.51	-0.6789	0.04583	0.4265	0.8825	0.8268	0.5873	0.2801	0.09334	-0.01361	-0.1441	-0.2008	-0.2401	-0.2645	-0.2978	-0.3286	-0.2833	14.08
319	-0.3121	-0.291	-0.3971	-0.3221	-0.3532	-0.4193	-0.4554	-0.4726	-0.6552	-0.8973	-1.401	-1.724	-1.986	-1.651	-0.8071	-0.03837	0.4338	0.8877	0.8771	0.6041	0.3635	0.06564	0.03074	-0.162	-0.2017	-0.2292	-0.2201	-0.2216	-0.2229	-0.2526	13.72
323.2	-0.2936	-0.3489	-0.3042	-0.3986	-0.396	-0.3105	-0.4633	-0.4909	-0.6329	-0.9995	-1.524	-1.776	-2.144	-1.754	-0.917	-0.1061	0.3593	0.913	0.7929	0.6064	0.2945	0.1094	-0.003641	-0.1229	-0.1458	-0.1616	-0.1985	-0.2148	-0.2297	-0.2303	13.4
321.6	-0.1742	-0.2525	-0.34	-0.3719	-0.3694	-0.5821	-0.4471	-0.4835	-0.7196	-1.079	-1.724	-1.971	-2.32	-1.974	-1	-0.1458	0.3363	0.8857	0.8012	0.6498	0.3705	0.1234	0.03537	-0.04909	-0.1298	-0.1856	-0.1712	-0.1513	-0.1329	-0.1549	13.08
317	-0.265	-0.2823	-0.32	-0.3192	-0.2637	-0.3376	-0.4349	-0.5649	-0.8339	-1.145	-1.799	-2.141	-2.498	-2.154	-1.127	-0.2373	0.3412	0.8449	0.8547	0.6233	0.3406	0.1434	0.006187	-0.06866	-0.1227	-0.16	-0.1976	-0.1882	-0.1796	-0.1863	12.8
316.4	-0.2459	-0.2042	-0.241	-0.3102	-0.3562	-0.3542	-0.4499	-0.5462	-0.9397	-1.319	-1.948	-2.319	-2.682	-2.237	-1.231	-0.3025	0.2867	0.895	0.8611	0.5988	0.316	0.1346	0.07067	-0.05463	-0.1032	-0.1368	-0.198	-0.2093	-0.2198	-0.2304	12.44
317	-0.113	-0.2718	-0.2305	-0.3386	-0.225	-0.2691	-0.4583	-0.7238	-1.009	-1.402	-2.055	-2.433	-2.825	-2.427	-1.409	-0.4161	0.1908	0.8771	0.8407	0.7107	0.3709	0.1934	0.05073	-0.02622	-0.06356	-0.08942	-0.1498	-0.1705	-0.1895	-0.09409	12.17
322.1	-0.1547	-0.1491	-0.1486	-0.1714	-0.2453	-0.3375	-0.5291	-0.8053	-1.155	-1.445	-2.22	-2.518	-3.008	-2.557	-1.524	-0.4878	0.1089	0.8264	0.8459	0.6439	0.3849	0.159	0.04994	-0.0583	-0.08134	-0.09729	-0.1381	-0.1531	-0.167	-0.1117	11.85
323.8	-0.02424	-0.1277	-0.04557	-0.18	-0.329	-0.3718	-0.5673	-0.8787	-1.205	-1.551	-2.257	-2.621	-3.01	-2.581	-1.568	-0.5241	0.1083	0.8324	0.864	0.6957	0.3581	0.2072	0.03997	0.002031	-0.06179	-0.106	-0.1093	-0.1034	-0.09801	-0.01135	11.53
322.1	-0.01954	-0.1027	-0.1241	-0.181	-0.269	-0.4361	-0.7218	-0.8884	-1.197	-1.539	-2.34	-2.693	-3.093	-2.749	-1.65	-0.6149	0.06445	0.8053	0.8779	0.654	0.3998	0.1769	0.05968	-0.0583	-0.08408	-0.1019	-0.07227	-0.05289	-0.035	0.002913	11.22
323.2	-0.02909	-0.05095	-0.08468	-0.1709	-0.306	-0.4553	-0.6873	-0.973	-1.244	-1.583	-2.371	-2.674	-3.144	-2.735	-1.628	-0.5982	0.06423	0.8709	0.843	0.7425	0.4331	0.212	0.02063	-0.05348	-0.06279	-0.06924	-0.1283	-0.0949	-0.06411	-0.01614	10.94
320.7	-0.03416	-0.04099	-0.09515	-0.153	-0.3847	-0.4483	-0.7155	-0.9705	-1.309	-1.735	-2.372	-2.699	-3.11	-2.741	-1.651	-0.5831	0.08949	0.8404	0.8861	0.6567	0.3964	0.1912	0.04036	-0.04922	-0.07236	-0.08838	-0.06312	-0.06133	-0.05969	-0.02105	10.61
325.8	0.004534	0.02588	-0.06948	-0.2165	-0.3083	-0.5542	-0.7453	-0.9748	-1.28	-1.664	-2.325	-2.731	-3.127	-2.732	-1.615	-0.5547	0.1418	0.8065	0.8678	0.5815	0.3805	0.1661	0.08789	0.006608	-0.04059	-0.07326	-0.07609	-0.05703	-0.03943	-0.02073	10.27
329.5	-0.000234	0.01551	-0.07348	-0.256	-0.3326	-0.4668	-0.7055	-0.9495	-1.293	-1.635	-2.362	-2.69	-3.101	-2.668	-1.581	-0.5723	0.1064	0.8232	0.858	0.6491	0.3519	0.1729	0.03928	-0.0343	-0.07022	-0.09508	-0.05685	-0.05004	-0.04376	-0.06251	9.99
331.7	0.03256	-0.009608	-0.05874	-0.245	-0.372	-0.4838	-0.7052	-0.9527	-1.325	-1.62	-2.288	-2.641	-3.072	-2.599	-1.561	-0.4784	0.06736	0.8331	0.8124	0.6939	0.3544	0.1588	0.02956	0.00649	-0.03455	-0.06296	-0.08386	-0.03324	0.01348	0.02601	9.668
328.6	-0.004964	-0.02485	-0.09286	-0.1773	-0.3987	-0.5443	-0.7568	-0.9712	-1.346	-1.703	-2.304	-2.634	-3.003	-2.623	-1.529	-0.4972	0.1405	0.8202	0.8155	0.6359	0.3821	0.2085	0.06326	-0.03894	-0.06958	-0.0908	-0.07082	-0.04685	-0.02472	0.0169	9.36
321.6	0.03842	-0.004749	-0.1292	-0.2432	-0.3789	-0.5042	-0.8284	-0.9483	-1.301	-1.616	-2.256	-2.761	-3.054	-2.685	-1.505	-0.4591	0.2276	0.854	0.8745	0.6498	0.3904	0.1772	0.05976	-0.03979	-0.05739	-0.06957	-0.05353	-0.0006505	0.04816	0.09857	9.052
318.3	0.05346	0.0317	-0.1256	-0.3035	-0.4309	-0.5777	-0.7767	-1.017	-1.324	-1.597	-2.312	-2.72	-3.038	-2.597	-1.456	-0.4193	0.21	0.9376	0.828	0.6258	0.3342	0.1609	0.05052	-0.05429	-0.04158	-0.03278	-0.09214	-0.04207	0.004152	0.06577	8.735
324.3	0.1004	0.04648	-0.133	-0.2885	-0.4136	-0.5104	-0.7306	-0.9503	-1.258	-1.578	-2.172	-2.564	-2.87	-2.382	-1.32	-0.3194	0.2895	0.8942	0.8129	0.6093	0.3724	0.1402	0.05928	-0.04869	-0.08518	-0.1104	-0.04376	0.006362	0.05263	0.02187	8.427
328.4	0.07075	0.02062	-0.1361	-0.2475	-0.3664	-0.504	-0.7843	-0.9622	-1.302	-1.509	-2.021	-2.511	-2.722	-2.192	-1.18	-0.1907	0.3342	0.8415	0.834	0.5569	0.3142	0.1164	-0.003583	-0.04807	-0.07604	-0.0954	-0.05703	-0.007835	0.03758	-0.02525	8.13
333.7	0.1022	0.07501	-0.08201	-0.2711	-0.4157	-0.501	-0.7365	-0.9423	-1.263	-1.658	-2.016	-2.409	-2.62	-2.102	-1.06	-0.1594	0.3909	0.8842	0.7767	0.5726	0.2805	0.1189	0.03879	-0.04731	-0.0722	-0.08942	-0.06975	-0.02406	0.01812	0.0443	7.807
330.6	0.07028	0.03052	-0.08277	-0.2551	-0.4056	-0.4602	-0.7255	-0.9368	-1.18	-1.62	-1.896	-2.338	-2.529	-1.944	-0.9883	-0.07512	0.4618	0.8873	0.7839	0.5533	0.2589	0.06333	-0.008304	-0.06584	-0.08827	-0.1038	-0.07956	-0.05344	-0.02933	0.01214	7.501
328	0.06136	-0.01478	-0.1363	-0.2011	-0.3809	-0.5352	-0.6907	-0.9299	-1.166	-1.633	-1.943	-2.263	-2.424	-1.926	-0.9035	-0.008509	0.4413	0.8529	0.7857	0.5527	0.2805	0.01547	-0.04186	-0.04814	-0.06807	-0.08188	-0.04788	-0.0109	0.02323	-0.00183	7.179
326.2	0.05693	0.01567	-0.1129	-0.2773	-0.3548	-0.5227	-0.7397	-0.906	-1.127	-1.593	-1.856	-2.27	-2.32	-1.804	-0.841	0.02523	0.5167	0.8627	0.7538	0.4957	0.233	0.01114	-0.04689	-0.1171	-0.1155	-0.1143	-0.08063	-0.0391	-0.0007739	0.05474	6.854
331.3	0.1171	0.03547	-0.1112	-0.2592	-0.3725	-0.4946	-0.7419	-0.8969	-1.128	-1.516	-1.801	-2.1	-2.175	-1.59	-0.7007	0.1152	0.5664	0.8496	0.6845	0.439	0.186	-0.002091	-0.05565	-0.1289	-0.1326	-0.1351	-0.1434	-0.05193	0.0325	0.03069	6.526
334.3	0.09738	-0.04428	-0.1243	-0.2385	-0.3553	-0.4651	-0.7174	-0.8699	-1.108	-1.416	-1.764	-1.999	-2.041	-1.538	-0.5881	0.1282	0.5945	0.8622	0.6959	0.4447	0.1699	-0.03658	-0.1208	-0.1367	-0.09281	-0.06246	-0.1149	-0.07024	-0.02901	0.09482	6.276
339.4	0.08678	0.02484	-0.1317	-0.2847	-0.3726	-0.5024	-0.6893	-0.8709	-1.11	-1.343	-1.706	-1.934	-1.876	-1.333	-0.4051	0.2841	0.5904	0.8844	0.6378	0.4045	0.09675	-0.04028	-0.1052	-0.1655	-0.1482	-0.1363	-0.1221	-0.06624	-0.01466	0.02543	5.933
336.5	0.05519	0.08917	-0.086	-0.2552	-0.3666	-0.5365	-0.7303	-0.8502	-1.123	-1.392	-1.558	-1.848	-1.806	-1.23	-0.3432	0.3333	0.6379	0.7959	0.6694	0.3643	0.09282	-0.05776	-0.06877	-0.1624	-0.1634	-0.1641	-0.1052	-0.03384	0.032	0.07592	5.627
333	0.0231	0.04027	-0.1058	-0.2164	-0.4119	-0.4719	-0.6714	-0.8166	-1.158	-1.316	-1.49	-1.682	-1.701	-1.113	-0.286	0.3841	0.6828	0.84	0.6411	0.378	0.0842	-0.1233	-0.126	-0.1641	-0.1731	-0.1792	-0.1472	-0.08088	-0.01967	0.0721	5.32
331.5	0.131	0.06549	-0.08731	-0.3053	-0.3445	-0.4842	-0.6567	-0.8156	-0.9781	-1.254	-1.454	-1.669	-1.576	-0.9965	-0.08846	0.4666	0.801	0.7875	0.6352	0.3158	0.07012	-0.1195	-0.1739	-0.1739	-0.1669	-0.1621	-0.1479	-0.06643	0.008737	0.05387	5.024
336.1	0.09225	0.0003945	-0.08142	-0.2601	-0.3671	-0.4875	-0.6301	-0.7904	-1.147	-1.213	-1.366	-1.636	-1.382	-0.9139	-0.05205	0.4696	0.7947	0.7464	0.5871	0.3066	0.05013	-0.1093	-0.1716	-0.2116	-0.2099	-0.2087	-0.1413	-0.04875	0.03672	0.04856	4.702
340.3	0.07285	0.03942	-0.05726	-0.2299	-0.3491	-0.457	-0.6311	-0.7345	-0.9441	-1.161	-1.292	-1.399	-1.253	-0.7301	0.09262	0.5564	0.8084	0.7122	0.5366	0.2933	0.05892	-0.1419	-0.1787	-0.2178	-0.1798	-0.1535	-0.1352	-0.02677	0.07329	0.02988	4.388
340	0.1095	0.01015	-0.07121	-0.2661	-0.2908	-0.4327	-0.5793	-0.7211	-0.9315	-1.11	-1.205	-1.334	-1.151	-0.5623	0.1871	0.6216	0.8089	0.7527	0.4936	0.1976	-0.03507	-0.1589	-0.2111	-0.2091	-0.1867	-0.1712	-0.1575	-0.07358	0.003887	0.07966	4.074
334.6	0.1484	0.03016	-0.1242	-0.1696	-0.3414	-0.4048	-0.6021	-0.6858	-0.9199	-1.075	-1.209	-1.331	-1.074	-0.5253	0.3064	0.6929	0.8792	0.7803	0.4797	0.1668	-0.05954	-0.2219	-0.2333	-0.2438	-0.2052	-0.1784	-0.08767	-0.06694	-0.04781	0.08556	3.751
334.3	0.08344	0.06494	-0.1384	-0.2614	-0.2683	-0.3501	-0.5229	-0.7192	-0.9339	-1.062	-1.167	-1.234	-0.9702	-0.3361	0.4026	0.7405	0.856	0.6384	0.458	0.1522	-0.07392	-0.2263	-0.2475	-0.3423	-0.2376	-0.1651	-0.0832	-0.04278	-0.005464	0.07642	3.492
338.5	0.11	0.05433	-0.0855	-0.2265	-0.3464	-0.4149	-0.5863	-0.6872	-0.8031	-1.001	-1.054	-1.107	-0.8458	-0.2863	0.3926	0.7314	0.8689	0.6557	0.4132	0.1889	-0.1391	-0.2619	-0.3326	-0.2895	-0.2487	-0.2204	-0.203	-0.08813	0.01786	0.007316	3.139
345.7	0.1077	0.03879	-0.03812	-0.2173	-0.2905	-0.4207	-0.527	-0.7365	-0.8079	-0.9435	-1.001	-0.9996	-0.7532	-0.1998	0.4578	0.7753	0.8737	0.5829	0.3194	0.02937	-0.1501	-0.2981	-0.2575	-0.2273	-0.2231	-0.2201	-0.2119	-0.1115	-0.01894	0.03386	2.837
345.7	0.05821	0.04359	-0.1293	-0.1996	-0.4056	-0.4062	-0.4971	-0.6318	-0.769	-0.888	-0.9299	-0.9251	-0.6079	-0.1059	0.5311	0.7161	0.8185	0.5288	0.2555	0.02937	-0.164	-0.2898	-0.2666	-0.3397	-0.2665	-0.2158	-0.1681	-0.08815	-0.01439	0.03831	2.523
343.5	0.0993	0.04387	-0.1026	-0.1875	-0.3235	-0.3845	-0.5175	-0.6404	-0.7826	-0.861	-0.8896	-0.901	-0.5186	0.03744	0.5689	0.8215	0.8515	0.4679	0.2143	-0.04635	-0.272	-0.3294	-0.3277	-0.3201	-0.267	-0.2302	-0.1779	-0.112	-0.05114	0.04303	2.212
340.9	0.1183	0.03447	-0.05715	-0.2609	-0.2901	-0.4071	-0.5215	-0.6454	-0.7403	-0.802	-0.7826	-0.8174	-0.4512	0.0604	0.6278	0.7909	0.8022	0.4316	0.1813	-0.1136	-0.2648	-0.3531	-0.3164	-0.327	-0.2734	-0.2364	-0.2459	-0.09202	0.05006	0.07946	1.887
338.9	0.09606	0.01019	-0.1179	-0.2307	-0.2466	-0.3355	-0.5332	-0.6491	-0.7049	-0.7925	-0.7767	-0.7158	-0.337	0.1839	0.7013	0.8419	0.8443	0.4742	0.1085	-0.1383	-0.3418	-0.3722	-0.3506	-0.373	-0.2775	-0.2113	-0.1625	-0.07355	0.008545	0.05723	1.584
342.2	0.07243	0.08769	-0.1951	-0.242	-0.3113	-0.3225	-0.5324	-0.6107	-0.685	-0.7242	-0.7125	-0.6487	-0.2447	0.2906	0.734	0.8384	0.8037	0.3355	0.05156	-0.218	-0.3572	-0.4107	-0.4069	-0.4131	-0.3468	-0.3009	-0.214	-0.09355	0.01766	0.07016	1.307
347.7	0.03554	0.03857	-0.1331	-0.172	-0.2844	-0.3559	-0.49	-0.5241	-0.614	-0.6944	-0.6658	-0.5595	-0.1489	0.3571	0.7954	0.8751	0.8048	0.2862	0.02533	-0.2661	-0.3607	-0.4996	-0.396	-0.3937	-0.3335	-0.2919	-0.1715	-0.08032	0.003801	0.05579	0.9903
350.6	0.07958	0.02879	-0.07806	-0.2012	-0.2472	-0.3149	-0.4228	-0.5962	-0.6133	-0.6933	-0.5849	-0.5206	-0.06947	0.3807	0.7889	0.832	0.762	0.2209	-0.02529	-0.2779	-0.3852	-0.4421	-0.4106	-0.399	-0.3268	-0.2767	-0.183	-0.0602	0.05317	0.09482	0.6587
349.7	0.08867	0.01462	-0.1053	-0.1974	-0.2303	-0.373	-0.4493	-0.5032	-0.572	-0.6127	-0.5107	-0.4189	3.946e-005	0.501	0.8054	0.8656	0.7411	0.1777	-0.1054	-0.3019	-0.3907	-0.4845	-0.3758	-0.3915	-0.3291	-0.286	-0.1748	-0.06088	0.0443	0.05547	0.3742
344	0.1263	0.03899	-0.07956	-0.1427	-0.2385	-0.3743	-0.4825	-0.4978	-0.5336	-0.5159	-0.4576	-0.3709	0.09302	0.5497	0.8433	0.8708	0.6887	0.07681	-0.1414	-0.3448	-0.4808	-0.5596	-0.4413	-0.3936	-0.32	-0.269	-0.1953	-0.1013	-0.01446	0.1101	0.1028
344	0.09465	0.06794	-0.0933	-0.165	-0.2563	-0.3306	-0.4524	-0.4703	-0.5684	-0.5485	-0.4576	-0.3509	0.07974	0.6217	0.8433	0.8342	0.6887	0.08669	-0.2099	-0.4064	-0.5366	-0.5218	-0.4002	-0.4544	-0.3295	-0.243	-0.1997	-0.07245	0.04503	0.04745	-0.08813
348.6	0.1291	0.09561	-0.1192	-0.1672	-0.2705	-0.3071	-0.4252	-0.4867	-0.5051	-0.5504	-0.3452	-0.2921	0.1704	0.5957	0.8079	0.8096	0.6295	0.0319	-0.2155	-0.4104	-0.502	-0.5894	-0.44	-0.4141	-0.3263	-0.2655	-0.2449	-0.1132	0.008308	0.09536	-0.248
350.3	0.06632	0.04302	-0.1276	-0.1882	-0.243	-0.2483	-0.3978	-0.4663	-0.541	-0.5066	-0.404	-0.2417	0.2	0.6192	0.828	0.7876	0.5674	-0.01194	-0.2481	-0.413	-0.4858	-0.5823	-0.4512	-0.4163	-0.3339	-0.2769	-0.1702	-0.04233	0.07567	0.1124	-0.3187
350.8	0.07953	0.02404	-0.05555	-0.1924	-0.2339	-0.3623	-0.3847	-0.4747	-0.5062	-0.4649	-0.3129	-0.1826	0.2215	0.6537	0.8173	0.8046	0.6165	-0.0507	-0.2394	-0.4636	-0.5308	-0.5857	-0.4596	-0.4627	-0.3552	-0.2808	-0.2045	-0.05652	0.08006	0.09915	-0.3862
346.8	0.1163	0.05303	-0.1153	-0.1769	-0.2895	-0.2942	-0.3635	-0.4347	-0.4904	-0.5209	-0.3165	-0.2045	0.224	0.6745	0.851	0.8092	0.6372	-0.06598	-0.3015	-0.5299	-0.5967	-0.5716	-0.4784	-0.4335	-0.363	-0.3141	-0.2374	-0.09072	0.04466	0.08254	-0.4353
346	0.07615	-0.02361	-0.04265	-0.1109	-0.2195	-0.2804	-0.3986	-0.4449	-0.5306	-0.4807	-0.3224	-0.1653	0.3214	0.6539	0.8922	0.7839	0.5975	-0.1251	-0.3364	-0.5171	-0.589	-0.6564	-0.5113	-0.4605	-0.3643	-0.2977	-0.2117	-0.07597	0.04933	0.1005	-0.5211
347.1	0.08486	0.1008	-0.09248	-0.1635	-0.2585	-0.3132	-0.4228	-0.4707	-0.516	-0.4837	-0.3569	-0.1599	0.2414	0.7097	0.8358	0.7905	0.5452	-0.1296	-0.3693	-0.5202	-0.6056	-0.6128	-0.5052	-0.4504	-0.3418	-0.2666	-0.2067	-0.07836	0.0401	0.0293	-0.5916
351.9	0.09253	-0.00434	-0.1315	-0.1874	-0.2114	-0.2615	-0.3751	-0.4464	-0.5217	-0.4908	-0.2919	-0.1674	0.2857	0.6868	0.8436	0.7484	0.5468	-0.1375	-0.3558	-0.5084	-0.6109	-0.6003	-0.4403	-0.4825	-0.3352	-0.2333	-0.2641	-0.1202	0.0127	0.07698	-0.5794
356.3	0.06086	0.07026	-0.1211	-0.1765	-0.2475	-0.2817	-0.4534	-0.4497	-0.4733	-0.4174	-0.3031	-0.1606	0.3036	0.7218	0.7668	0.7215	0.4955	-0.1358	-0.3639	-0.5296	-0.5989	-0.6577	-0.4745	-0.4808	-0.3403	-0.243	-0.2354	-0.1248	-0.0228	0.04581	-0.6223
355.4	0.07413	-0.04166	-0.1435	-0.1597	-0.2524	-0.3341	-0.363	-0.4508	-0.4576	-0.4769	-0.289	-0.1223	0.2786	0.6757	0.8733	0.7454	0.4743	-0.1649	-0.3689	-0.5263	-0.5824	-0.639	-0.4757	-0.4988	-0.3753	-0.2898	-0.2189	-0.08931	0.0303	0.06757	-0.6498
350.8	0.08839	0.00511	-0.08251	-0.2011	-0.2819	-0.3242	-0.3931	-0.4208	-0.455	-0.4604	-0.3079	-0.1778	0.2909	0.6978	0.8751	0.7776	0.5395	-0.201	-0.3821	-0.5751	-0.6037	-0.6762	-0.5043	-0.4797	-0.3899	-0.3276	-0.2261	-0.06922	0.07558	0.04653	-0.6713
349	0.0265	0.04318	-0.07389	-0.167	-0.2219	-0.3498	-0.3739	-0.459	-0.4445	-0.4627	-0.2993	-0.1442	0.2924	0.719	0.8408	0.7725	0.5422	-0.202	-0.3798	-0.5453	-0.6388	-0.6341	-0.4934	-0.4693	-0.3512	-0.2694	-0.2402	-0.07581	0.07596	0.1261	-0.6866
352.1	0.09689	-0.03262	-0.09116	-0.1829	-0.2244	-0.2945	-0.4126	-0.4416	-0.5086	-0.4359	-0.3117	-0.143	0.3245	0.682	0.8863	0.7479	0.5194	-0.1809	-0.4225	-0.559	-0.6332	-0.604	-0.5515	-0.4992	-0.3695	-0.2798	-0.2424	-0.09117	0.04847	0.09441	-0.7049
356.5	0.1219	0.02831	-0.0635	-0.1291	-0.2645	-0.305	-0.3868	-0.4009	-0.431	-0.3902	-0.3376	-0.1508	0.2991	0.6779	0.8801	0.7519	0.5487	-0.1262	-0.3967	-0.5384	-0.6254	-0.6047	-0.4919	-0.4637	-0.3728	-0.3098	-0.1927	-0.0791	0.02579	0.1019	-0.7294
356.7	0.08693	0.02364	-0.1077	-0.1591	-0.2258	-0.3235	-0.3949	-0.4006	-0.4433	-0.3945	-0.2484	-0.1459	0.3331	0.6299	0.8748	0.725	0.5216	-0.169	-0.3882	-0.529	-0.6026	-0.6286	-0.4828	-0.4299	-0.3341	-0.2678	-0.2478	-0.09407	0.04784	0.1061	-0.6774
356.3	0.1307	0.08424	-0.07239	-0.1851	-0.2561	-0.2864	-0.3787	-0.4055	-0.4439	-0.4129	-0.2833	-0.1606	0.342	0.7391	0.8285	0.7391	0.5222	-0.1167	-0.3639	-0.5479	-0.6213	-0.6131	-0.4261	-0.4724	-0.3715	-0.3016	-0.1971	-0.072	0.04348	0.05445	-0.7325
353	0.09225	0.07562	-0.09093	-0.1651	-0.2585	-0.2749	-0.3697	-0.445	-0.448	-0.4122	-0.251	-0.08911	0.315	0.6978	0.8601	0.7371	0.4911	-0.166	-0.3881	-0.5392	-0.6135	-0.6474	-0.4923	-0.4429	-0.3461	-0.2791	-0.1946	-0.07293	0.03943	0.1203	-0.7355
351.4	0.09707	0.03816	-0.0689	-0.1658	-0.2945	-0.3141	-0.3923	-0.4335	-0.4627	-0.4049	-0.2119	-0.1139	0.3597	0.7229	0.9553	0.7896	0.5113	-0.2103	-0.4275	-0.6343	-0.6299	-0.6339	-0.4721	-0.4703	-0.3882	-0.3313	-0.2558	-0.09288	0.05752	0.1165	-0.7631
354.1	0.05684	0.05663	-0.08174	-0.08235	-0.3009	-0.3023	-0.4145	-0.3903	-0.4381	-0.438	-0.2552	-0.07429	0.3786	0.735	0.8766	0.7704	0.5255	-0.1559	-0.4368	-0.5835	-0.6839	-0.6373	-0.4996	-0.4542	-0.3676	-0.3077	-0.2454	-0.09271	0.0482	0.05478	-0.7539
357.3	0.1042	0.04218	-0.09864	-0.1502	-0.2767	-0.2995	-0.3983	-0.4219	-0.4676	-0.4116	-0.2232	-0.08802	0.3794	0.7282	0.8638	0.7589	0.5073	-0.2115	-0.4616	-0.5691	-0.6463	-0.6516	-0.5433	-0.4793	-0.3713	-0.2965	-0.2219	-0.1023	0.008104	0.06289	-0.7784
358.2	0.0692	0.02817	-0.08959	-0.1499	-0.1778	-0.2801	-0.3725	-0.456	-0.4122	-0.4062	-0.2621	-0.107	0.3699	0.7696	0.89	0.7307	0.5061	-0.2537	-0.4358	-0.5995	-0.6179	-0.6621	-0.4676	-0.4906	-0.3706	-0.2875	-0.2002	-0.05763	0.074	0.1143	-0.7692
356.3	0.1219	0.0003723	-0.08567	-0.1636	-0.2217	-0.3192	-0.3829	-0.4188	-0.4565	-0.4039	-0.2487	-0.1124	0.3763	0.7782	0.8522	0.7347	0.4598	-0.2265	-0.4176	-0.6577	-0.6842	-0.6334	-0.5274	-0.5101	-0.3646	-0.2639	-0.1928	-0.08834	0.008129	0.07172	-0.7967
354.3	0.1007	0.1128	-0.05055	-0.2121	-0.2273	-0.3351	-0.3892	-0.3811	-0.4548	-0.4287	-0.2351	-0.1324	0.3826	0.7432	0.8808	0.7299	0.5072	-0.2422	-0.4158	-0.6154	-0.6609	-0.6166	-0.486	-0.4244	-0.3528	-0.3033	-0.2153	-0.106	-0.005156	0.08949	-0.7906
356	0.06963	0.0003724	-0.1211	-0.1895	-0.2563	-0.3147	-0.3997	-0.4898	-0.4567	-0.4132	-0.229	-0.08834	0.3123	0.6918	0.8575	0.7131	0.5002	-0.2505	-0.4303	-0.5986	-0.6756	-0.6621	-0.5365	-0.5104	-0.402	-0.327	-0.2185	-0.08685	0.03466	0.04584	-0.8089
359.5	0.08191	0.03269	-0.1287	-0.1237	-0.2878	-0.3209	-0.3917	-0.3931	-0.4939	-0.4047	-0.2562	-0.09703	0.3686	0.6894	0.9196	0.7543	0.4379	-0.2197	-0.4916	-0.5611	-0.7001	-0.6597	-0.5138	-0.4639	-0.3688	-0.303	-0.2458	-0.1138	0.008055	0.1053	-0.7967
361.5	0.06427	0.004958	-0.1106	-0.1697	-0.2439	-0.3007	-0.4346	-0.4127	-0.4581	-0.4467	-0.2255	-0.144	0.3371	0.6856	0.8024	0.7371	0.4619	-0.2044	-0.4441	-0.5625	-0.7273	-0.6601	-0.5327	-0.4696	-0.358	-0.2807	-0.2529	-0.1195	0.003656	0.1302	-0.7845
361.5	0.08577	-0.01341	-0.09314	-0.2079	-0.1973	-0.3053	-0.3937	-0.3953	-0.4167	-0.4113	-0.2597	-0.06326	0.3539	0.7412	0.8445	0.7415	0.5191	-0.2373	-0.4319	-0.5941	-0.6035	-0.6401	-0.5371	-0.4779	-0.3492	-0.2601	-0.2571	-0.09658	0.05156	0.109	-0.7569
358.2	0.1213	0.02354	-0.1248	-0.1713	-0.3017	-0.3221	-0.422	-0.4033	-0.4372	-0.4374	-0.2768	-0.1405	0.3742	0.7653	0.857	0.7263	0.4928	-0.2442	-0.4687	-0.6132	-0.609	-0.5896	-0.5376	-0.499	-0.3765	-0.2916	-0.2256	-0.09037	0.03445	0.1529	-0.7875
358.2	0.1126	0.02354	-0.05879	-0.1627	-0.2291	-0.3548	-0.389	-0.4121	-0.4247	-0.3928	-0.2522	-0.0878	0.4039	0.7264	0.8711	0.7439	0.5282	-0.1778	-0.3865	-0.6132	-0.6849	-0.6782	-0.4807	-0.4239	-0.363	-0.3208	-0.1791	-0.06577	0.03885	0.0928	-0.76
358.7	0.09945	0.1068	-0.04114	-0.201	-0.2757	-0.3357	-0.368	-0.4423	-0.4659	-0.4235	-0.2568	-0.1308	0.3865	0.7557	0.8795	0.7122	0.4922	-0.225	-0.4435	-0.6306	-0.6751	-0.6492	-0.4757	-0.5609	-0.4139	-0.3121	-0.1789	-0.08167	0.008075	0.09697	-0.7661
361.7	0.08142	0.0692	-0.04515	-0.1654	-0.2522	-0.3098	-0.3975	-0.4037	-0.4454	-0.3934	-0.2254	-0.1202	0.3706	0.7493	0.9141	0.7802	0.4353	-0.2419	-0.452	-0.5486	-0.6384	-0.6597	-0.4891	-0.4941	-0.3557	-0.2599	-0.1816	-0.09204	-0.009402	0.08764	-0.7753
363.3	0.08963	0.03692	-0.0493	-0.1393	-0.2132	-0.3223	-0.3958	-0.428	-0.4312	-0.4225	-0.2536	-0.05823	0.3648	0.7163	0.8823	0.7726	0.4947	-0.2409	-0.4258	-0.6002	-0.6842	-0.6886	-0.5043	-0.4427	-0.3753	-0.3287	-0.2016	-0.05658	0.07731	0.08727	-0.7875
363.3	0.05968	0.04149	-0.08401	-0.1014	-0.2343	-0.3177	-0.3796	-0.4497	-0.4312	-0.4005	-0.2002	-0.05823	0.4025	0.7249	0.859	0.7596	0.5034	-0.2502	-0.4379	-0.5912	-0.6138	-0.649	-0.5302	-0.4797	-0.3978	-0.341	-0.21	-0.07636	0.04698	0.1169	-0.7875
359.8	0.1078	0.02805	-0.09359	-0.1577	-0.2111	-0.279	-0.3956	-0.3972	-0.4478	-0.3867	-0.2364	-0.0588	0.4107	0.7964	0.8627	0.7363	0.4818	-0.3424	-0.4708	-0.6287	-0.5708	-0.6513	-0.5615	-0.4761	-0.3639	-0.2863	-0.1994	-0.07104	0.04743	0.1095	-0.7906
359.8	0.1121	0.02344	-0.1155	-0.1663	-0.2281	-0.3115	-0.3668	-0.4322	-0.4187	-0.3733	-0.2806	-0.09697	0.3345	0.7405	0.8721	0.7495	0.4862	-0.2338	-0.4667	-0.6151	-0.6686	-0.6793	-0.5266	-0.5052	-0.4077	-0.3402	-0.2162	-0.07685	0.05181	0.07102	-0.8028
361.1	0.1246	0.06013	-0.08889	-0.1911	-0.2273	-0.3011	-0.4064	-0.4263	-0.4545	-0.3808	-0.2649	-0.1299	0.3839	0.7335	0.8689	0.7249	0.4933	-0.1811	-0.4732	-0.6174	-0.7016	-0.6169	-0.5377	-0.4909	-0.3816	-0.3059	-0.2658	-0.1166	0.0211	0.07928	-0.7845
364.8	0.1233	0.009464	-0.1139	-0.1388	-0.2249	-0.2293	-0.382	-0.4608	-0.4745	-0.412	-0.2235	-0.1003	0.3424	0.7133	0.8508	0.6959	0.4752	-0.2398	-0.4361	-0.5708	-0.6813	-0.6383	-0.571	-0.5023	-0.3844	-0.3028	-0.2132	-0.1027	-0.0006921	0.05739	-0.7814
365	0.07217	0.0231	-0.06202	-0.1891	-0.2625	-0.3207	-0.3859	-0.4001	-0.4906	-0.403	-0.2572	-0.1426	0.3422	0.7341	0.8827	0.7775	0.4618	-0.235	-0.5004	-0.575	-0.7247	-0.6774	-0.519	-0.4897	-0.3936	-0.3271	-0.2546	-0.1405	-0.0352	0.07	-0.7967
364.8	0.06369	-0.008737	-0.0923	-0.1556	-0.2585	-0.3072	-0.382	-0.4306	-0.454	-0.3989	-0.2622	-0.138	0.3841	0.7345	0.8601	0.7391	0.4577	-0.2445	-0.4563	-0.5842	-0.6725	-0.6699	-0.5107	-0.4572	-0.378	-0.3232	-0.234	-0.08799	0.04678	0.09956	-0.8181
362.8	0.08117	0.01867	-0.09715	-0.1564	-0.2177	-0.3457	-0.3841	-0.4242	-0.4234	-0.4275	-0.2442	-0.09615	0.3988	0.7428	0.8554	0.7648	0.5303	-0.274	-0.4628	-0.6323	-0.7114	-0.6974	-0.5308	-0.5339	-0.3788	-0.2715	-0.2311	-0.09549	0.02968	0.08314	-0.8151
363.7	0.1194	-0.01333	-0.1012	-0.1687	-0.2046	-0.3035	-0.3872	-0.4059	-0.4718	-0.4264	-0.2484	-0.1101	0.3811	0.7282	0.8812	0.737	0.4941	-0.278	-0.4333	-0.6039	-0.6526	-0.6204	-0.5382	-0.512	-0.3865	-0.2996	-0.2638	-0.118	0.01662	0.07448	-0.812
364.4	0.1235	0.0277	-0.1227	-0.1936	-0.2756	-0.3121	-0.3947	-0.4224	-0.4381	-0.4344	-0.2819	-0.08161	0.4431	0.7609	0.8889	0.7141	0.4845	-0.2121	-0.4608	-0.6163	-0.6514	-0.6589	-0.5415	-0.5029	-0.3606	-0.2622	-0.2052	-0.06515	0.06412	0.0659	-0.7967
367.4	0.1055	0.06361	-0.07019	-0.1837	-0.2775	-0.2822	-0.3713	-0.4403	-0.4507	-0.4308	-0.2699	-0.109	0.3731	0.7251	0.8585	0.7124	0.4977	-0.2196	-0.4811	-0.5845	-0.6634	-0.6338	-0.5114	-0.5068	-0.3946	-0.3168	-0.2158	-0.08836	0.02931	0.124	-0.7936
368.3	0.1053	0.05444	-0.09571	-0.1832	-0.2228	-0.2725	-0.3624	-0.3965	-0.4334	-0.3603	-0.2118	-0.03413	0.3764	0.7401	0.8473	0.7449	0.475	-0.2514	-0.4319	-0.5831	-0.6835	-0.6557	-0.4803	-0.465	-0.3746	-0.312	-0.2153	-0.1082	-0.009234	0.1028	-0.812
366.8	0.06759	0.04109	-0.04883	-0.1923	-0.2613	-0.301	-0.3921	-0.4368	-0.4638	-0.4011	-0.179	-0.02959	0.3904	0.7601	0.8554	0.7523	0.4553	-0.2756	-0.4899	-0.5989	-0.7038	-0.6703	-0.5166	-0.467	-0.3497	-0.2686	-0.2121	-0.091	0.02077	0.09063	-0.7875
364.4	0.1107	0.03681	-0.09241	-0.1305	-0.2504	-0.3167	-0.35	-0.4052	-0.4381	-0.4037	-0.248	-0.02508	0.4389	0.7609	0.8889	0.7357	0.4627	-0.2588	-0.4608	-0.5939	-0.6426	-0.7103	-0.5157	-0.4742	-0.3804	-0.3154	-0.2052	-0.08537	0.02523	0.09546	-0.8181
364.4	0.0851	0.03225	-0.08809	-0.1515	-0.1874	-0.3259	-0.3825	-0.444	-0.4381	-0.4081	-0.2092	-0.05334	0.4139	0.7269	0.8472	0.7616	0.5063	-0.2728	-0.4972	-0.6207	-0.6997	-0.6668	-0.5501	-0.4783	-0.3748	-0.3031	-0.2384	-0.09459	0.03819	0.125	-0.8089
367	0.1395	-0.02225	-0.08746	-0.1546	-0.1568	-0.319	-0.3798	-0.4323	-0.439	-0.4183	-0.2462	-0.05764	0.4234	0.7217	0.8826	0.7218	0.507	-0.2338	-0.4736	-0.5719	-0.6859	-0.6463	-0.5462	-0.4626	-0.3383	-0.2521	-0.2037	-0.06914	0.05508	0.1115	-0.7967
367.6	0.08856	0.01842	-0.1087	-0.1669	-0.2274	-0.273	-0.3871	-0.4187	-0.422	-0.3914	-0.217	-0.07155	0.4267	0.7919	0.8948	0.742	0.4888	-0.2241	-0.4647	-0.6285	-0.6673	-0.6648	-0.5367	-0.4943	-0.3773	-0.2964	-0.2198	-0.08806	0.03357	0.149	-0.8181
368.5	0.1094	0.07243	-0.1042	-0.1998	-0.2351	-0.2769	-0.4062	-0.439	-0.4453	-0.3731	-0.1973	-0.06206	0.4092	0.8068	0.8972	0.6889	0.4445	-0.2882	-0.4556	-0.6182	-0.7004	-0.6632	-0.4928	-0.5134	-0.3752	-0.2795	-0.1823	-0.07676	0.02067	0.08603	-0.812
367.6	0.08856	0.02745	-0.08301	-0.1752	-0.2149	-0.2775	-0.3791	-0.4229	-0.426	-0.3827	-0.193	-0.09022	0.4102	0.7835	0.8902	0.7163	0.4283	-0.3027	-0.4808	-0.6418	-0.7021	-0.6648	-0.5324	-0.4984	-0.3742	-0.2882	-0.2157	-0.1017	0.003595	0.08623	-0.8059
367.4	0.06747	0.05909	-0.1646	-0.1503	-0.2567	-0.3095	-0.3431	-0.4318	-0.4589	-0.4613	-0.2075	-0.04356	0.3897	0.7377	0.8447	0.751	0.4026	-0.3122	-0.4931	-0.5668	-0.6503	-0.6926	-0.5156	-0.5394	-0.4007	-0.3047	-0.2323	-0.08959	0.04216	0.07373	-0.7967
368.1	0.07157	-0.004149	-0.0615	-0.1917	-0.2437	-0.2999	-0.4027	-0.3583	-0.4296	-0.4431	-0.2359	-0.1274	0.3973	0.7574	0.8707	0.7368	0.4666	-0.3116	-0.4842	-0.61	-0.7056	-0.6796	-0.5573	-0.4856	-0.376	-0.3001	-0.2442	-0.08868	0.05492	0.05688	-0.8242
370.5	0.0711	-0.004122	-0.1334	-0.1366	-0.3124	-0.325	-0.3841	-0.407	-0.451	-0.4488	-0.2439	-0.06636	0.3906	0.7566	0.8651	0.7108	0.4722	-0.3417	-0.493	-0.6941	-0.6622	-0.7064	-0.541	-0.5107	-0.3732	-0.278	-0.2141	-0.1009	0.003568	0.05651	-0.8273
369.8	0.1048	-0.00413	-0.1209	-0.09542	-0.284	-0.3075	-0.4048	-0.4162	-0.4721	-0.4021	-0.2252	-0.06184	0.416	0.758	0.8529	0.7163	0.4343	-0.2826	-0.5217	-0.6292	-0.7325	-0.6608	-0.5929	-0.5076	-0.3507	-0.2421	-0.239	-0.1129	0.003574	0.1481	-0.8059
370	0.09219	0.02279	-0.1123	-0.1616	-0.2383	-0.3254	-0.3926	-0.4117	-0.4435	-0.4321	-0.2489	-0.09428	0.4487	0.7659	0.8935	0.7116	0.4641	-0.2962	-0.4936	-0.6596	-0.7105	-0.715	-0.5162	-0.4992	-0.371	-0.2823	-0.2429	-0.1103	0.01208	0.1106	-0.7998
368.7	0.09673	0.1084	-0.08704	-0.1497	-0.2682	-0.3084	-0.378	-0.4217	-0.4451	-0.3816	-0.2642	-0.08065	0.3924	0.7938	0.86	0.6885	0.4787	-0.2649	-0.4114	-0.631	-0.7044	-0.6393	-0.5138	-0.5212	-0.4022	-0.3198	-0.1863	-0.05871	0.05909	0.1027	-0.8212
369.4	0.105	0.03631	-0.05275	-0.2076	-0.2636	-0.2898	-0.3653	-0.3911	-0.4564	-0.3939	-0.1921	-0.06191	0.4123	0.7631	0.8905	0.7299	0.4606	-0.2829	-0.4705	-0.6211	-0.7161	-0.6733	-0.5256	-0.4637	-0.3735	-0.3111	-0.1942	-0.07584	0.03341	0.09415	-0.8365
369.4	0.1092	0.0003589	-0.04848	-0.191	-0.2138	-0.3124	-0.3293	-0.4465	-0.42	-0.4025	-0.1873	-0.01079	0.3794	0.784	0.9317	0.7299	0.5166	-0.2783	-0.4466	-0.6079	-0.6988	-0.6733	-0.5129	-0.5001	-0.3789	-0.295	-0.2475	-0.07261	0.08882	0.1108	-0.8059
372	0.08334	0.0182	-0.0439	-0.1113	-0.2494	-0.3147	-0.3865	-0.3841	-0.4452	-0.3911	-0.2334	-0.07532	0.3972	0.741	0.8752	0.7248	0.4745	-0.2855	-0.4474	-0.5773	-0.6853	-0.6376	-0.5177	-0.4724	-0.3687	-0.2969	-0.2376	-0.1078	0.01202	0.1514	-0.8181
372	0.09588	0.03605	-0.08204	-0.1196	-0.2535	-0.2922	-0.3786	-0.3757	-0.4492	-0.4427	-0.2334	-0.01995	0.4708	0.7868	0.8524	0.7375	0.5001	-0.1986	-0.4751	-0.5992	-0.7024	-0.6724	-0.5388	-0.5046	-0.3937	-0.3169	-0.2335	-0.08604	0.0501	0.1018	-0.8334
371.8	0.1795	0.03607	-0.09056	-0.1897	-0.2248	-0.3104	-0.3788	-0.4267	-0.4535	-0.3999	-0.2715	-0.06613	0.4097	0.7664	0.8393	0.7464	0.5132	-0.2216	-0.4912	-0.6083	-0.6642	-0.6496	-0.5433	-0.4848	-0.324	-0.2127	-0.2337	-0.07288	0.07554	0.07286	-0.8212
374.9	0.1159	0.04906	-0.09403	-0.1555	-0.223	-0.2588	-0.4073	-0.3938	-0.4218	-0.3625	-0.2222	-0.08391	0.4226	0.7808	0.8865	0.7319	0.4709	-0.247	-0.4754	-0.6251	-0.6673	-0.6443	-0.4761	-0.5087	-0.4058	-0.3345	-0.2116	-0.09753	0.007726	0.09688	-0.8212
376.4	0.1319	0.08855	-0.04339	-0.1834	-0.2627	-0.3199	-0.3624	-0.4215	-0.4281	-0.3696	-0.2072	-0.079	0.4047	0.794	0.8784	0.6912	0.4479	-0.2596	-0.45	-0.5922	-0.6858	-0.6531	-0.5075	-0.5067	-0.3689	-0.2736	-0.2147	-0.09906	0.007694	0.09649	-0.8334
377.5	0.0739	0.06631	-0.005679	-0.1747	-0.2579	-0.3278	-0.3692	-0.4119	-0.4585	-0.3982	-0.2534	-0.08787	0.3712	0.7672	0.8849	0.7184	0.4466	-0.2723	-0.4721	-0.6121	-0.7134	-0.6665	-0.5102	-0.4458	-0.3693	-0.3163	-0.182	-0.06602	0.04104	0.08399	-0.8456
380.3	0.09378	0.009077	-0.08024	-0.1976	-0.2037	-0.299	-0.3625	-0.4171	-0.4433	-0.4078	-0.219	-0.08721	0.3564	0.7411	0.8649	0.7462	0.4516	-0.2658	-0.4337	-0.5775	-0.624	-0.6881	-0.5353	-0.4739	-0.3863	-0.3257	-0.2205	-0.0954	0.02003	0.04696	-0.8487
380.8	0.06918	0.03522	-0.105	-0.1531	-0.2276	-0.3206	-0.4009	-0.4456	-0.4506	-0.4115	-0.2512	-0.09613	0.384	0.7159	0.8506	0.7288	0.4803	-0.2968	-0.4681	-0.6197	-0.6695	-0.7024	-0.5553	-0.4459	-0.3631	-0.3057	-0.2361	-0.06638	0.0903	0.08326	-0.867
380.3	0.102	0.009077	-0.1093	-0.1855	-0.2399	-0.3166	-0.3703	-0.3964	-0.4315	-0.4204	-0.2283	-0.05562	0.4125	0.7452	0.8382	0.7379	0.4558	-0.2524	-0.4918	-0.6118	-0.7039	-0.6767	-0.5394	-0.4818	-0.378	-0.3061	-0.2603	-0.1145	0.02003	0.1076	-0.8701
379	0.1228	0.004729	-0.1138	-0.174	-0.273	-0.2736	-0.3755	-0.3812	-0.4527	-0.3965	-0.271	-0.0694	0.3898	0.7845	0.8501	0.6906	0.4573	-0.3161	-0.4896	-0.6526	-0.6599	-0.6562	-0.5413	-0.4992	-0.3741	-0.2875	-0.1893	-0.06311	0.05333	0.1242	-0.8426
380.5	0.106	0.07014	-0.1258	-0.1491	-0.2398	-0.3383	-0.3856	-0.4127	-0.4234	-0.3697	-0.2652	-0.07363	0.3842	0.7407	0.82	0.7085	0.4388	-0.2076	-0.4877	-0.6286	-0.7077	-0.646	-0.5432	-0.5011	-0.3672	-0.2745	-0.2362	-0.09653	0.03243	0.1197	-0.8854
382.1	0.1056	0.08723	-0.1088	-0.1726	-0.2869	-0.3108	-0.3686	-0.4193	-0.4452	-0.3808	-0.2365	-0.09131	0.3987	0.7944	0.8609	0.7016	0.4329	-0.2824	-0.4549	-0.6047	-0.6965	-0.6698	-0.541	-0.4991	-0.3912	-0.3164	-0.2512	-0.1038	0.0323	0.07492	-0.812
384.7	0.08464	0.04349	-0.05065	-0.1993	-0.2571	-0.2913	-0.3584	-0.4124	-0.446	-0.3782	-0.2165	-0.05052	0.4039	0.7648	0.8639	0.6968	0.3886	-0.3114	-0.4901	-0.6091	-0.6543	-0.6578	-0.5169	-0.4685	-0.3613	-0.2871	-0.1983	-0.06572	0.05663	0.07841	-0.8426
384	0.08073	0.03492	-0.07536	-0.1558	-0.2535	-0.27	-0.3898	-0.3885	-0.4234	-0.3747	-0.2077	-0.04167	0.3847	0.7661	0.8653	0.7103	0.3975	-0.3164	-0.4909	-0.5847	-0.6638	-0.6777	-0.5137	-0.4537	-0.367	-0.307	-0.2144	-0.07127	0.06083	0.07454	-0.8609
381.9	0.1422	0.03512	-0.03864	-0.1928	-0.247	-0.3022	-0.3804	-0.3907	-0.418	-0.4062	-0.1627	-0.01494	0.4029	0.7584	0.8305	0.7473	0.5039	-0.3404	-0.4899	-0.652	-0.6634	-0.6513	-0.5454	-0.4681	-0.3693	-0.301	-0.2077	-0.07216	0.05293	0.09511	-0.8456
380.3	0.1101	0.02653	-0.08853	-0.1371	-0.2479	-0.3341	-0.3859	-0.4088	-0.4079	-0.3952	-0.2004	-0.02402	0.4085	0.7574	0.8516	0.7089	0.4558	-0.3239	-0.4957	-0.6118	-0.6703	-0.6843	-0.5353	-0.4975	-0.389	-0.3139	-0.2284	-0.08631	0.04487	0.1076	-0.8303
381	0.114	-0.008365	-0.1173	-0.149	-0.131	-0.2941	-0.3697	-0.404	-0.4386	-0.3064	-0.2464	-0.0375	0.4278	0.7682	0.8812	0.7077	0.4758	-0.2832	-0.5296	-0.645	-0.6943	-0.6225	-0.5385	-0.4809	-0.3657	-0.286	-0.2201	-0.09739	0.01587	0.1519	-0.8242
383.4	0.1011	0.04364	-0.1043	-0.156	-0.2619	-0.253	-0.3712	-0.3974	-0.4359	-0.3878	-0.2173	-0.06413	0.3933	0.7957	0.8448	0.7197	0.4438	-0.2282	-0.461	-0.6239	-0.6941	-0.6186	-0.4901	-0.4779	-0.4002	-0.3465	-0.2068	-0.08895	0.01987	0.1188	-0.8395
385.6	0.06429	0.07353	-0.1037	-0.1512	-0.2525	-0.1996	-0.3768	-0.3992	-0.414	-0.3774	-0.2023	-0.05486	0.399	0.7551	0.8444	0.6666	0.4454	-0.249	-0.4355	-0.6204	-0.6819	-0.6338	-0.532	-0.4868	-0.373	-0.2942	-0.2057	-0.08632	0.02384	0.07823	-0.8854
383.8	0.101	0.06954	-0.1165	-0.1838	-0.2696	-0.2745	-0.3361	-0.3641	-0.412	-0.3916	-0.2308	-0.09984	0.381	0.7263	0.8526	0.7394	0.4516	-0.2102	-0.4567	-0.6105	-0.6808	-0.663	-0.4813	-0.4696	-0.3644	-0.2916	-0.1869	-0.07725	0.02395	0.07859	-0.8456
382.9	0.08908	0.03936	-0.05911	-0.1962	-0.2103	-0.2926	-0.333	-0.3896	-0.4481	-0.4008	-0.2313	-0.05972	0.3977	0.736	0.7928	0.7411	0.4443	-0.2684	-0.45	-0.5863	-0.6657	-0.6834	-0.5111	-0.5058	-0.3981	-0.3235	-0.2387	-0.1042	0.0199	0.04262	-0.8487
382.1	0.06895	0.000347	-0.084	-0.1686	-0.2709	-0.3108	-0.3841	-0.374	-0.4217	-0.4059	-0.2503	-0.05087	0.4026	0.7134	0.8654	0.7222	0.4994	-0.269	-0.4395	-0.6389	-0.6254	-0.6585	-0.5328	-0.4952	-0.3919	-0.3203	-0.2432	-0.09138	0.04878	0.08298	-0.8548
384.9	0.09266	-0.003968	-0.09157	-0.1514	-0.237	-0.3085	-0.3889	-0.4326	-0.4302	-0.4611	-0.2393	-0.1174	0.3997	0.7162	0.8502	0.6882	0.4627	-0.2626	-0.4668	-0.6257	-0.6581	-0.6799	-0.5574	-0.5032	-0.396	-0.3218	-0.2572	-0.094	0.0566	0.1303	-0.8762
387.5	0.1402	0.02176	-0.1154	-0.1899	-0.2552	-0.315	-0.3901	-0.4175	-0.4196	-0.4002	-0.2513	-0.07673	0.4127	0.7233	0.8052	0.6835	0.4883	-0.217	-0.4523	-0.6046	-0.6867	-0.6418	-0.5455	-0.5037	-0.3881	-0.3081	-0.232	-0.0969	0.02778	0.0699	-0.8548
388.4	0.1158	0.01316	-0.1273	-0.1737	-0.2428	-0.2971	-0.4121	-0.4206	-0.4687	-0.3787	-0.2235	-0.1031	0.3608	0.7893	0.8251	0.6982	0.434	-0.2647	-0.5119	-0.6284	-0.6975	-0.6403	-0.4958	-0.5064	-0.3729	-0.2805	-0.2081	-0.08967	0.01962	0.05786	-0.8334
389.1	0.04374	0.04727	-0.07439	-0.1656	-0.2502	-0.2966	-0.4076	-0.4401	-0.441	-0.3781	-0.2549	-0.08525	0.3837	0.784	0.8628	0.7254	0.4414	-0.2642	-0.4467	-0.6106	-0.684	-0.6689	-0.5232	-0.4863	-0.3644	-0.28	-0.1999	-0.06053	0.06814	0.0973	-0.8059
384.3	0.08878	0.0133	-0.03019	-0.1756	-0.2374	-0.3351	-0.3896	-0.376	-0.4699	-0.4203	-0.1525	-0.1087	0.3885	0.7094	0.8736	0.7017	0.4221	-0.2852	-0.4446	-0.6098	-0.7258	-0.6698	-0.5339	-0.4691	-0.3617	-0.2874	-0.2221	-0.1091	-0.004754	0.09852	-0.8395
384	0.08478	0.06518	-0.09999	-0.1997	-0.2296	-0.2874	-0.3436	-0.4254	-0.4546	-0.3955	-0.2353	-0.06402	0.4363	0.7541	0.8697	0.7144	0.4555	-0.2588	-0.4717	-0.5889	-0.6638	-0.6551	-0.5219	-0.4732	-0.3842	-0.3226	-0.2262	-0.05989	0.09362	0.06653	-0.8426
387.1	0.0801	0.02178	-0.1318	-0.1426	-0.2278	-0.3197	-0.3905	-0.3895	-0.451	-0.413	-0.2197	-0.05464	0.3699	0.7122	0.8541	0.7535	0.4683	-0.2743	-0.4604	-0.5716	-0.6296	-0.6648	-0.5299	-0.454	-0.3498	-0.2776	-0.2362	-0.09466	0.03595	0.09382	-0.8365
389.7	0.1234	-0.003919	-0.1188	-0.1849	-0.2812	-0.3089	-0.3652	-0.3828	-0.3481	-0.361	-0.2182	-0.09392	0.4338	0.7748	0.8484	0.7403	0.3999	-0.2376	-0.4875	-0.6054	-0.6377	-0.6604	-0.5344	-0.4817	-0.3826	-0.314	-0.2346	-0.08352	0.0559	0.09713	-0.8884
389.1	0.1436	0.03447	-0.07439	-0.1774	-0.2699	-0.3052	-0.3772	-0.4239	-0.4333	-0.3945	-0.2322	-0.03672	0.4071	0.7801	0.8281	0.7294	0.4904	-0.2817	-0.477	-0.6483	-0.647	-0.6207	-0.5031	-0.4786	-0.3794	-0.3107	-0.2311	-0.07548	0.06814	0.1052	-0.8517
386.9	0.1324	0.05183	-0.1074	-0.1427	-0.2042	-0.2464	-0.3908	-0.4344	-0.4396	-0.3389	-0.229	-0.05467	0.4016	0.7565	0.859	0.7335	0.4357	-0.2789	-0.4911	-0.6309	-0.6837	-0.6317	-0.5627	-0.4852	-0.3695	-0.2893	-0.2559	-0.1189	0.007486	0.1297	-0.8365
384	0.08478	0.06085	-0.1164	-0.1518	-0.2495	-0.27	-0.3321	-0.3926	-0.439	-0.4163	-0.2261	-0.1042	0.3807	0.7661	0.9445	0.7595	0.4845	-0.2101	-0.4602	-0.6313	-0.7012	-0.6739	-0.5097	-0.4382	-0.3653	-0.3148	-0.1749	-0.06087	0.04443	0.09457	-0.8028
386	0.1045	0.1035	-0.00147	-0.1788	-0.2602	-0.3465	-0.3419	-0.4028	-0.4445	-0.4308	-0.2249	-0.1037	0.3709	0.7382	0.8872	0.7107	0.4655	-0.2619	-0.4617	-0.6028	-0.6811	-0.6742	-0.5355	-0.5173	-0.3944	-0.3093	-0.2329	-0.08668	0.04829	0.09408	-0.8487
388.2	0.08788	0.01744	-0.0908	-0.1462	-0.2311	-0.2886	-0.359	-0.3762	-0.4343	-0.3954	-0.2327	-0.04565	0.3335	0.7062	0.8343	0.7878	0.512	-0.2254	-0.4363	-0.5952	-0.6855	-0.663	-0.5325	-0.5182	-0.3983	-0.3153	-0.2511	-0.1166	0.00746	0.1094	-0.8609
391.5	0.07523	0.02154	-0.08601	-0.1332	-0.2057	-0.2606	-0.4202	-0.3972	-0.4995	-0.3921	-0.2669	-0.04526	0.3618	0.716	0.8489	0.733	0.4712	-0.2496	-0.4703	-0.5861	-0.6757	-0.6206	-0.5721	-0.4871	-0.375	-0.2974	-0.2142	-0.07805	0.04761	0.0967	-0.8609
390.4	0.08738	0.0301	-0.07817	-0.1493	-0.2298	-0.3084	-0.3683	-0.4265	-0.428	-0.4096	-0.245	-0.04979	0.4526	0.7616	0.821	0.735	0.4603	-0.2459	-0.4528	-0.6294	-0.6407	-0.6962	-0.5295	-0.5153	-0.3464	-0.2294	-0.2574	-0.105	0.03565	0.08121	-0.8395
388.4	0.1158	0.08581	-0.09075	-0.1619	-0.227	-0.3272	-0.3702	-0.4327	-0.4379	-0.4116	-0.2372	-0.08982	0.4078	0.7296	0.8599	0.6901	0.4258	-0.234	-0.4588	-0.5991	-0.7016	-0.6589	-0.5685	-0.4948	-0.3705	-0.2843	-0.2393	-0.1046	0.01962	0.07766	-0.8579
387.1	0.1202	-0.008233	-0.09105	-0.1585	-0.212	-0.229	-0.3867	-0.3935	-0.5012	-0.4006	-0.2061	-0.09455	0.4053	0.792	0.8498	0.7331	0.4478	-0.2524	-0.5251	-0.6137	-0.7081	-0.6574	-0.5137	-0.5081	-0.3673	-0.2699	-0.2322	-0.0949	0.03188	0.09779	-0.8242
389.1	0.0757	0.03874	-0.123	-0.1419	-0.2463	-0.2794	-0.3734	-0.4441	-0.4372	-0.4109	-0.2504	-0.04996	0.368	0.7562	0.8455	0.7173	0.4782	-0.2729	-0.4429	-0.6399	-0.6881	-0.6948	-0.5152	-0.5324	-0.4196	-0.3414	-0.2077	-0.07479	0.04791	0.06172	-0.8181
392.8	0.09476	0.0764	-0.1259	-0.1601	-0.2868	-0.2938	-0.3172	-0.4239	-0.414	-0.4233	-0.2525	-0.05385	0.3645	0.753	0.816	0.7265	0.4534	-0.266	-0.42	-0.6546	-0.6571	-0.6993	-0.4743	-0.4475	-0.3425	-0.2698	-0.2751	-0.1053	0.05146	0.06113	-0.7906
395	0.08243	0.01294	-0.09323	-0.1864	-0.2194	-0.2752	-0.3566	-0.4136	-0.4344	-0.417	-0.269	-0.07094	0.3548	0.7606	0.7986	0.7105	0.459	-0.2473	-0.4363	-0.585	-0.6737	-0.6589	-0.5432	-0.4753	-0.3574	-0.2758	-0.2429	-0.09829	0.03523	0.09195	-0.8273
393	0.0868	0.02145	-0.04155	-0.1561	-0.2049	-0.2894	-0.3696	-0.3876	-0.4518	-0.3865	-0.1985	-0.03635	0.3604	0.7723	0.8542	0.7381	0.441	-0.2399	-0.4385	-0.5589	-0.6649	-0.6402	-0.5459	-0.4472	-0.3423	-0.2696	-0.1902	-0.06456	0.05143	0.0611	-0.8395
389.7	0.07557	-0.003919	-0.1026	-0.122	-0.2302	-0.3004	-0.3917	-0.3667	-0.4556	-0.4062	-0.2364	-0.06749	0.3752	0.7391	0.9047	0.7443	0.4896	-0.2507	-0.4648	-0.618	-0.7074	-0.6604	-0.5143	-0.4893	-0.3948	-0.3293	-0.2423	-0.08935	0.05186	0.1129	-0.8303
388.2	0.1519	0.0431	-0.0908	-0.1817	-0.235	-0.237	-0.3704	-0.4208	-0.4382	-0.4201	-0.2464	-0.05449	0.4316	0.7978	0.904	0.7473	0.4629	-0.221	-0.516	-0.6372	-0.7143	-0.5998	-0.5365	-0.5221	-0.3885	-0.296	-0.2238	-0.0951	0.02368	0.1213	-0.8303
390.2	0.1113	0.008848	-0.09842	-0.1337	-0.2182	-0.3343	-0.3723	-0.455	-0.4168	-0.3647	-0.1818	0.01178	0.3748	0.7818	0.8084	0.7395	0.4646	-0.2853	-0.453	-0.6173	-0.6902	-0.6485	-0.558	-0.4658	-0.3533	-0.2754	-0.2227	-0.1135	-0.01275	0.07731	-0.7936
393.9	0.1063	0.0804	-0.1015	-0.1635	-0.1967	-0.3057	-0.3576	-0.3988	-0.447	-0.3775	-0.2742	-0.08421	0.3712	0.7862	0.8695	0.7445	0.4724	-0.261	-0.4226	-0.6156	-0.6716	-0.6241	-0.4491	-0.45	-0.3699	-0.3145	-0.2129	-0.09627	0.01135	0.06487	-0.8426
393.7	0.05113	0.06358	-0.09755	-0.1675	-0.2007	-0.2634	-0.3503	-0.399	-0.4055	-0.394	-0.2385	-0.03629	0.3676	0.7474	0.8699	0.7169	0.4645	-0.2827	-0.4452	-0.5662	-0.6638	-0.6757	-0.5251	-0.4541	-0.3762	-0.3223	-0.2168	-0.07738	0.05135	0.05709	-0.8579
392.6	0.1344	0.004566	-0.05766	-0.2461	-0.1856	-0.2812	-0.3512	-0.4041	-0.4295	-0.3951	-0.2481	-0.08449	0.3919	0.7495	0.8724	0.7109	0.4658	-0.2619	-0.4615	-0.6052	-0.6616	-0.6556	-0.5505	-0.4744	-0.3693	-0.2965	-0.2329	-0.1121	-0.0006431	0.09251	-0.8548
390.2	0.08345	0.04288	-0.0661	-0.09437	-0.2378	-0.3214	-0.3534	-0.3905	-0.4168	-0.4262	-0.2542	-0.05862	0.4099	0.766	0.8777	0.7395	0.4483	-0.2765	-0.4568	-0.6131	-0.6616	-0.6892	-0.5378	-0.4466	-0.359	-0.2984	-0.2265	-0.1091	-0.0006471	0.0852	-0.864
391.5	0.07523	0.03002	-0.09809	-0.1959	-0.2565	-0.3246	-0.39	-0.4012	-0.4536	-0.4166	-0.2488	-0.02334	0.428	0.7674	0.8532	0.6807	0.4631	-0.2886	-0.4703	-0.661	-0.6838	-0.6832	-0.536	-0.5253	-0.4019	-0.3164	-0.2413	-0.09732	0.03555	0.06134	-0.8365
393.2	0.1263	0.0932	-0.0295	-0.1872	-0.2787	-0.3657	-0.3657	-0.4474	-0.4249	-0.3944	-0.2657	-0.05379	0.3951	0.7561	0.8494	0.6857	0.461	-0.2657	-0.4794	-0.6663	-0.6727	-0.6582	-0.5057	-0.5268	-0.368	-0.2581	-0.194	-0.0747	0.03539	0.1119	-0.8609
397.8	0.1131	-0.0247	-0.07671	-0.1619	-0.2332	-0.3111	-0.3652	-0.4146	-0.4389	-0.3858	-0.2626	-0.08338	0.4173	0.7435	0.8736	0.7213	0.4397	-0.2926	-0.4369	-0.6382	-0.685	-0.6796	-0.563	-0.4982	-0.3945	-0.3227	-0.1803	-0.08482	0.003323	0.07196	-0.8181
397.4	0.09758	0.05046	-0.1085	-0.1467	-0.2412	-0.3198	-0.3656	-0.4111	-0.4506	-0.3863	-0.2584	-0.05323	0.345	0.7715	0.8576	0.7379	0.4482	-0.2801	-0.5226	-0.6348	-0.6938	-0.6477	-0.5083	-0.5025	-0.3676	-0.2742	-0.23	-0.08397	0.05087	0.08365	-0.8303
396.5	0.09387	0.004521	-0.0889	-0.1779	-0.2957	-0.27	-0.4148	-0.3921	-0.4441	-0.4274	-0.2457	-0.07933	0.388	0.7577	0.8595	0.7038	0.4692	-0.285	-0.4643	-0.6526	-0.6994	-0.6636	-0.5253	-0.4508	-0.369	-0.3124	-0.2267	-0.07407	0.06686	0.09547	-0.8273
392.6	0.1146	-0.00389	-0.08176	-0.1875	-0.2363	-0.3024	-0.3776	-0.4121	-0.4409	-0.3869	-0.2257	-0.04076	0.4423	0.7574	0.8724	0.739	0.4618	-0.2445	-0.4877	-0.6135	-0.686	-0.6593	-0.5465	-0.482	-0.3769	-0.3041	-0.2213	-0.08153	0.04748	0.1043	-0.8456
394.3	0.08257	0.01296	-0.1334	-0.1983	-0.2857	-0.3265	-0.3797	-0.3943	-0.4731	-0.4176	-0.247	-0.09718	0.3979	0.7579	0.8385	0.7397	0.4275	-0.265	-0.4818	-0.6108	-0.6465	-0.66	-0.568	-0.476	-0.3737	-0.3028	-0.2395	-0.08208	0.06324	0.05699	-0.8548
395.8	0.1176	0.06743	-0.101	-0.1666	-0.2614	-0.321	-0.3857	-0.3968	-0.4221	-0.3837	-0.2238	-0.06211	0.4117	0.7511	0.8523	0.7289	0.4539	-0.2167	-0.4874	-0.5755	-0.7046	-0.6319	-0.546	-0.4855	-0.3613	-0.2752	-0.1965	-0.08638	0.01527	0.1267	-0.8365
397.4	0.08194	0.06299	-0.0649	-0.1467	-0.2797	-0.3156	-0.3619	-0.3794	-0.4431	-0.3782	-0.214	-0.07051	0.414	0.7365	0.8831	0.7023	0.4842	-0.2416	-0.4707	-0.6225	-0.6858	-0.6513	-0.5083	-0.4799	-0.3606	-0.2779	-0.211	-0.07689	0.0469	0.1185	-0.8212
396.7	0.1056	0.05891	-0.0809	-0.1546	-0.284	-0.2445	-0.3774	-0.4237	-0.4325	-0.3748	-0.1699	-0.1052	0.3916	0.7377	0.9186	0.755	0.481	-0.2548	-0.4455	-0.6194	-0.6587	-0.6633	-0.5606	-0.5033	-0.3815	-0.2972	-0.2037	-0.08367	0.02714	0.08767	-0.8426
394.1	0.07079	0.09721	-0.09744	-0.1907	-0.2509	-0.2716	-0.3461	-0.3666	-0.4468	-0.3935	-0.2696	-0.03625	0.429	0.7701	0.8347	0.7561	0.4277	-0.2393	-0.4746	-0.6152	-0.6793	-0.675	-0.5006	-0.4725	-0.379	-0.3143	-0.2127	-0.09414	0.01534	0.08435	-0.8273
393.4	0.09065	0.06362	-0.07757	-0.1248	-0.1969	-0.3018	-0.3429	-0.3992	-0.4437	-0.3861	-0.1893	-0.0494	0.4065	0.7439	0.8747	0.7213	0.4527	-0.2958	-0.4754	-0.6038	-0.6926	-0.6761	-0.5254	-0.5075	-0.4004	-0.3262	-0.19	-0.03744	0.1034	0.07276	-0.8426
