111	24	2	88	26.1	766.5	0	180	25	0	128	4096	1	0	0	0	0	100	565.63	1.1143e+006	0.08893	0	30.837	0	0	0	0	0	0	5	0	0
564.9	0.1453	0.05471	-0.08877	-0.1831	-0.2442	-0.3207	-0.3949	-0.4393	-0.4689	-0.4194	-0.2281	-0.06449	-0.07072	-0.07005	-0.05495	-0.06707	-0.07245	-0.08665	-0.1147	-0.2775	-0.4218	-0.4746	-0.4323	-0.4104	-0.3299	-0.2742	-0.1991	-0.0707	0.04785	0.1216	180
566	0.2274	0.1279	-0.03289	-0.1422	-0.2303	-0.2758	-0.368	-0.4107	-0.3887	-0.3621	-0.29	-0.1705	-0.1109	-0.1109	-0.08471	-0.08085	-0.07231	-0.07147	-0.08847	-0.205	-0.4352	-0.5247	-0.4592	-0.4229	-0.3503	-0.3	-0.2389	-0.126	-0.02178	0.01261	180.4
564.9	0.3104	0.1869	-0.005051	-0.1289	-0.2036	-0.2616	-0.3557	-0.3975	-0.3894	-0.3628	-0.2593	-0.1708	-0.1246	-0.1111	-0.08487	-0.09494	-0.08652	-0.08665	-0.08864	-0.1766	-0.4218	-0.5129	-0.4601	-0.4369	-0.3642	-0.3138	-0.2527	-0.1544	-0.06362	-0.02821	180.8
563.8	0.3661	0.2167	0.008919	-0.08833	-0.1904	-0.2621	-0.3432	-0.3983	-0.3769	-0.3493	-0.2285	-0.1864	-0.1384	-0.1113	-0.1	-0.09512	-0.1008	-0.08682	-0.1019	-0.1914	-0.4368	-0.5139	-0.4749	-0.451	-0.3781	-0.3277	-0.2667	-0.1902	-0.1196	-0.1101	181.2
563.8	0.4212	0.2609	0.05086	-0.08833	-0.1633	-0.2325	-0.3301	-0.3843	-0.3902	-0.3493	-0.2755	-0.2016	-0.1249	-0.1113	-0.1	-0.09512	-0.1008	-0.08682	-0.08881	-0.1769	-0.4226	-0.5267	-0.4749	-0.4643	-0.3914	-0.3409	-0.2935	-0.2321	-0.1754	-0.3284	181.6
563.8	0.4626	0.3051	0.07882	-0.06114	-0.1497	-0.2325	-0.3301	-0.3843	-0.3769	-0.3351	-0.2911	-0.1864	-0.1249	-0.1113	-0.08503	-0.09512	-0.1008	-0.08682	-0.08881	-0.1769	-0.4085	-0.5267	-0.4749	-0.4643	-0.407	-0.3674	-0.3204	-0.2958	-0.2732	-0.683	182.1
562.7	0.5187	0.3499	0.107	-0.03402	-0.1364	-0.2181	-0.3045	-0.3571	-0.3644	-0.3216	-0.2603	-0.1715	-0.1387	-0.1253	-0.1002	-0.1093	-0.101	-0.1021	-0.1151	-0.1917	-0.4377	-0.5405	-0.4897	-0.4917	-0.4343	-0.3946	-0.3479	-0.4257	-0.4975	-0.9851	182.5
560.6	0.5484	0.366	0.1215	-0.02048	-0.1232	-0.1891	-0.3057	-0.3585	-0.3658	-0.3228	-0.2456	-0.1722	-0.1392	-0.1258	-0.1006	-0.09568	-0.1014	-0.1025	-0.08932	-0.1779	-0.4251	-0.5298	-0.5056	-0.4936	-0.436	-0.3961	-0.3628	-0.5287	-0.682	-1.044	182.9
560.6	0.59	0.4105	0.1496	-0.006808	-0.09594	-0.1742	-0.2793	-0.3444	-0.3658	-0.3228	-0.2613	-0.1722	-0.1392	-0.1258	-0.1006	-0.09568	-0.1014	-0.1025	-0.1025	-0.1779	-0.4251	-0.5298	-0.5056	-0.4936	-0.4439	-0.4094	-0.3763	-0.7178	-1.033	-1.112	183.3
560.6	0.6177	0.4401	0.1777	0.02054	-0.08228	-0.1742	-0.2661	-0.3444	-0.3658	-0.3228	-0.2456	-0.1722	-0.1392	-0.112	-0.1006	-0.1097	-0.1014	-0.1025	-0.1156	-0.1925	-0.4251	-0.5298	-0.5056	-0.507	-0.4572	-0.4228	-0.3898	-0.7754	-1.131	-1.14	183.7
558.4	0.648	0.4715	0.1925	0.03434	-0.06889	-0.1599	-0.2672	-0.3317	-0.3672	-0.3098	-0.2466	-0.1728	-0.1397	-0.1124	-0.101	-0.1101	-0.116	-0.1029	-0.116	-0.1932	-0.4124	-0.5318	-0.5076	-0.5089	-0.4669	-0.4378	-0.4048	-0.8215	-1.206	-1.172	184
556.2	0.6784	0.5032	0.2074	0.04826	-0.0554	-0.1455	-0.2549	-0.333	-0.3686	-0.3253	-0.2634	-0.1735	-0.1266	-0.1128	-0.1014	-0.1106	-0.1022	-0.1033	-0.1165	-0.194	-0.414	-0.5209	-0.5096	-0.5109	-0.4766	-0.4529	-0.3928	-0.8256	-1.225	-1.204	184.4
555.1	0.6797	0.5191	0.2362	0.07596	-0.04172	-0.1157	-0.2421	-0.3195	-0.3559	-0.3116	-0.248	-0.1738	-0.1405	-0.127	-0.1168	-0.1108	-0.1167	-0.1188	-0.13	-0.209	-0.4149	-0.5219	-0.5106	-0.5119	-0.4776	-0.4538	-0.4072	-0.8558	-1.27	-1.22	184.8
553	0.7105	0.5512	0.2514	0.09012	-0.02804	-0.1162	-0.2297	-0.3065	-0.3708	-0.3272	-0.2649	-0.1745	-0.1411	-0.1275	-0.102	-0.09699	-0.1171	-0.1039	-0.1305	-0.1951	-0.3876	-0.4849	-0.4984	-0.5139	-0.4715	-0.442	-0.4088	-0.8518	-1.261	-1.239	185.2
553	0.7386	0.5662	0.2657	0.104	-0.0142	-0.1162	-0.2297	-0.3065	-0.3573	-0.3128	-0.249	-0.19	-0.1411	-0.1415	-0.1325	-0.1397	-0.1171	-0.1193	-0.1305	-0.1951	-0.3876	-0.4979	-0.4984	-0.5139	-0.4794	-0.4555	-0.4225	-0.8806	-1.303	-1.281	185.6
550.8	0.7556	0.5985	0.2953	0.1183	-0.0003614	-0.08629	-0.2172	-0.3077	-0.3451	-0.2995	-0.25	-0.1908	-0.1417	-0.128	-0.1177	-0.1117	-0.1176	-0.1197	-0.131	-0.1959	-0.3746	-0.4737	-0.4719	-0.5159	-0.4733	-0.4438	-0.4929	-0.917	-1.309	-1.3	186.1
549.7	0.7571	0.5997	0.3102	0.1325	-0.0003622	-0.08646	-0.2176	-0.3083	-0.3594	-0.3146	-0.2986	-0.2068	-0.1419	-0.1423	-0.118	-0.1262	-0.1467	-0.12	-0.1313	-0.1963	-0.3608	-0.4615	-0.4728	-0.5034	-0.4687	-0.4447	-0.5076	-0.9403	-1.34	-1.316	186.5
546.5	0.7901	0.6337	0.3265	0.1473	0.02765	-0.07169	-0.2054	-0.2957	-0.3478	-0.2873	-0.2842	-0.2237	-0.1706	-0.1431	-0.1341	-0.1414	-0.1476	-0.1362	-0.159	-0.2123	-0.3337	-0.4379	-0.4469	-0.4927	-0.4739	-0.461	-0.7462	-1.044	-1.319	-1.31	186.9
544.3	0.7932	0.6514	0.3423	0.1479	0.02776	-0.07198	-0.2062	-0.3114	-0.3629	-0.3178	-0.2692	-0.2088	-0.1713	-0.1437	-0.1347	-0.1419	-0.1336	-0.1368	-0.1461	-0.1833	-0.3056	-0.4131	-0.4343	-0.4397	-0.4696	-0.4902	-0.8326	-1.088	-1.324	-1.329	187.3
542.1	0.7964	0.654	0.3582	0.1626	0.04199	-0.07226	-0.1934	-0.3126	-0.3782	-0.3338	-0.2865	-0.1939	-0.172	-0.1443	-0.1508	-0.1425	-0.1488	-0.153	-0.1467	-0.199	-0.2921	-0.3882	-0.3926	-0.4415	-0.5203	-0.5748	-0.9756	-1.16	-1.329	-1.306	187.7
541	0.8124	0.6707	0.3589	0.1771	0.04207	-0.05697	-0.1938	-0.2987	-0.379	-0.3345	-0.3034	-0.226	-0.1724	-0.1589	-0.1511	-0.1428	-0.1491	-0.1533	-0.1606	-0.1994	-0.2632	-0.349	-0.3934	-0.4424	-0.5621	-0.6449	-1.062	-1.187	-1.303	-1.295	188.1
537.8	0.8173	0.6902	0.3757	0.1924	0.04233	-0.04178	-0.195	-0.3005	-0.3952	-0.3514	-0.3216	-0.2433	-0.1734	-0.1742	-0.1677	-0.1729	-0.1795	-0.1701	-0.1753	-0.2158	-0.2796	-0.3243	-0.3666	-0.4311	-0.6254	-0.7598	-1.167	-1.234	-1.296	-1.274	188.5
534.5	0.8223	0.6789	0.378	0.1793	0.05691	-0.05766	-0.1962	-0.3171	-0.3976	-0.3685	-0.3071	-0.2448	-0.203	-0.1897	-0.2003	-0.1887	-0.1955	-0.2029	-0.2039	-0.2323	-0.2813	-0.3263	-0.3541	-0.4338	-0.6457	-0.7924	-1.174	-1.249	-1.319	-1.296	188.9
533.4	0.8239	0.6958	0.4084	0.2084	0.07137	-0.04212	-0.1966	-0.3177	-0.3984	-0.3542	-0.3408	-0.2775	-0.2462	-0.2191	-0.2166	-0.2039	-0.2257	-0.2192	-0.2319	-0.2481	-0.2819	-0.3269	-0.3696	-0.4767	-0.7469	-0.9339	-1.247	-1.24	-1.233	-1.227	189.3
533.4	0.8385	0.6958	0.3936	0.2084	0.07137	-0.04212	-0.2104	-0.3177	-0.4264	-0.3992	-0.3904	-0.2935	-0.2462	-0.2336	-0.2166	-0.2186	-0.2257	-0.2192	-0.2319	-0.2481	-0.2819	-0.3269	-0.3549	-0.5047	-0.7583	-0.9339	-1.204	-1.219	-1.233	-1.227	189.7
530.2	0.829	0.7001	0.396	0.1952	0.05737	-0.05814	-0.2117	-0.3493	-0.4714	-0.4619	-0.4261	-0.3439	-0.2764	-0.2642	-0.2498	-0.2497	-0.2421	-0.2527	-0.275	-0.2803	-0.2987	-0.3561	-0.4014	-0.536	-0.7828	-0.9537	-1.183	-1.174	-1.166	-1.133	190.1
528	0.8324	0.703	0.3976	0.2105	0.0721	-0.05838	-0.2126	-0.3508	-0.4733	-0.4638	-0.4445	-0.3616	-0.3064	-0.2945	-0.2828	-0.2954	-0.3033	-0.2859	-0.2901	-0.3278	-0.3453	-0.3849	-0.4476	-0.5807	-0.8118	-0.9718	-1.145	-1.128	-1.112	-1.094	190.5
525.8	0.8358	0.7059	0.3993	0.1968	0.05785	-0.05862	-0.2275	-0.3672	-0.4753	-0.4658	-0.4464	-0.3631	-0.3222	-0.3252	-0.3161	-0.3116	-0.3196	-0.3032	-0.3193	-0.3446	-0.362	-0.4139	-0.4644	-0.6257	-0.8494	-1.004	-1.107	-1.08	-1.056	-1.04	190.9
523.7	0.8245	0.6929	0.4009	0.2123	0.05809	-0.05886	-0.2285	-0.3687	-0.4915	-0.483	-0.4651	-0.4138	-0.3671	-0.3708	-0.3659	-0.373	-0.3513	-0.3532	-0.3487	-0.3616	-0.394	-0.4432	-0.4813	-0.6426	-0.8335	-0.9656	-1.082	-1.055	-1.031	-1.029	191.3
522.6	0.841	0.7103	0.4168	0.198	0.05821	-0.05898	-0.2289	-0.3845	-0.5355	-0.5452	-0.5167	-0.4475	-0.3533	-0.3568	-0.3666	-0.3738	-0.3824	-0.3702	-0.3917	-0.4092	-0.456	-0.4855	-0.4973	-0.6725	-0.8469	-0.9676	-1.056	-1.02	-0.9876	-0.9871	191.7
518.2	0.8481	0.7162	0.4203	0.2145	0.05869	-0.05948	-0.2451	-0.3878	-0.5111	-0.5035	-0.487	-0.4512	-0.4297	-0.4045	-0.4023	-0.3921	-0.401	-0.4061	-0.4376	-0.4598	-0.5061	-0.5452	-0.6075	-0.7214	-0.8547	-0.9469	-1.021	-0.9761	-0.9351	-0.9212	192.1
516.1	0.8366	0.7192	0.4068	0.2154	0.05894	-0.07591	-0.2605	-0.4199	-0.5568	-0.552	-0.5403	-0.4864	-0.4463	-0.4362	-0.4531	-0.4548	-0.4489	-0.4572	-0.4537	-0.4933	-0.5082	-0.5475	-0.5796	-0.6955	-0.8208	-0.9075	-0.9955	-0.9582	-0.9238	-0.9102	192.5
512.8	0.8571	0.7238	0.4248	0.2018	0.05932	-0.07639	-0.2621	-0.4226	-0.5749	-0.5867	-0.5437	-0.4895	-0.464	-0.454	-0.4725	-0.4731	-0.4517	-0.4767	-0.471	-0.5123	-0.5582	-0.5931	-0.6292	-0.7437	-0.8353	-0.8987	-0.9576	-0.9271	-0.899	-0.886	192.9
511.7	0.8589	0.7416	0.4257	0.2172	0.05944	-0.07656	-0.2771	-0.4542	-0.6346	-0.6817	-0.6311	-0.5744	-0.5245	-0.5154	-0.5065	-0.5048	-0.4993	-0.511	-0.5151	-0.5453	-0.5906	-0.6367	-0.6612	-0.7745	-0.8404	-0.8861	-0.9152	-0.8838	-0.8547	-0.8428	193.3
509.6	0.8626	0.7284	0.4275	0.2031	0.0597	-0.07688	-0.2783	-0.4561	-0.6373	-0.6689	-0.6338	-0.5768	-0.5267	-0.5328	-0.5418	-0.5379	-0.5326	-0.5298	-0.5318	-0.5796	-0.6245	-0.6818	-0.6794	-0.7631	-0.812	-0.8459	-0.9043	-0.8643	-0.8275	-0.8162	193.7
507.4	0.8509	0.7316	0.4293	0.2191	0.05995	-0.07721	-0.294	-0.4736	-0.6548	-0.6718	-0.6365	-0.6131	-0.574	-0.5655	-0.5608	-0.5557	-0.5505	-0.5489	-0.5776	-0.6142	-0.6745	-0.7132	-0.6978	-0.7811	-0.8041	-0.8201	-0.8335	-0.7999	-0.769	-0.759	194.1
504.1	0.8564	0.7363	0.4321	0.2205	0.06034	-0.07771	-0.2959	-0.4767	-0.6442	-0.692	-0.6756	-0.6171	-0.5928	-0.5845	-0.5979	-0.5905	-0.5856	-0.5693	-0.5959	-0.6343	-0.6947	-0.7178	-0.7179	-0.7713	-0.8033	-0.8254	-0.8389	-0.797	-0.7583	-0.7487	194.5
505.2	0.8546	0.7347	0.4312	0.2048	0.04506	-0.07755	-0.2953	-0.4912	-0.6724	-0.6905	-0.6392	-0.6158	-0.5916	-0.5985	-0.6134	-0.6048	-0.6158	-0.5849	-0.5947	-0.6329	-0.6932	-0.7305	-0.7163	-0.7697	-0.7666	-0.7645	-0.7622	-0.735	-0.7099	-0.7014	194.8
501.9	0.8602	0.756	0.434	0.2214	0.0606	-0.09469	-0.2972	-0.4944	-0.6917	-0.7428	-0.7137	-0.7053	-0.6713	-0.664	-0.6679	-0.6401	-0.6673	-0.6564	-0.6719	-0.6858	-0.7455	-0.7784	-0.7522	-0.7896	-0.7953	-0.7992	-0.7973	-0.7706	-0.7459	-0.7366	195.2
500.9	0.862	0.7411	0.4349	0.2219	0.04545	-0.0949	-0.3126	-0.5112	-0.6932	-0.7284	-0.6976	-0.6725	-0.6271	-0.65	-0.6524	-0.6573	-0.6529	-0.6409	-0.6439	-0.671	-0.7311	-0.78	-0.7539	-0.7913	-0.7882	-0.7861	-0.7688	-0.7414	-0.7161	-0.7075	195.6
498.7	0.8658	0.7609	0.4526	0.2229	0.061	-0.07856	-0.2992	-0.5134	-0.7262	-0.7958	-0.736	-0.7271	-0.6757	-0.6839	-0.6892	-0.6759	-0.6717	-0.6607	-0.6615	-0.6739	-0.7503	-0.7834	-0.7571	-0.7947	-0.7828	-0.7745	-0.7721	-0.7446	-0.7192	-0.7106	196
496.5	0.8852	0.781	0.4705	0.2393	0.07668	-0.0789	-0.3005	-0.5157	-0.7294	-0.8153	-0.7748	-0.7476	-0.7093	-0.7336	-0.7262	-0.7106	-0.7226	-0.6978	-0.6941	-0.7097	-0.8019	-0.8159	-0.7763	-0.8133	-0.7924	-0.7779	-0.7755	-0.7479	-0.7224	-0.7292	196.4
495.4	0.8872	0.7827	0.4715	0.2398	0.0614	-0.07908	-0.3011	-0.5327	-0.7461	-0.8171	-0.7765	-0.7492	-0.7262	-0.7196	-0.7278	-0.728	-0.7242	-0.6994	-0.7104	-0.7112	-0.7714	-0.8177	-0.7938	-0.7999	-0.7701	-0.7495	-0.7314	-0.7193	-0.7081	-0.6997	196.8
490	0.897	0.7745	0.4768	0.2425	0.0777	-0.07995	-0.3196	-0.5225	-0.7391	-0.8099	-0.7491	-0.74	-0.7032	-0.7118	-0.7014	-0.6879	-0.6998	-0.6898	-0.6732	-0.7191	-0.78	-0.8268	-0.7866	-0.8088	-0.7877	-0.7731	-0.7704	-0.7504	-0.732	-0.7389	197.2
494.3	0.8891	0.7844	0.4726	0.2404	0.07702	-0.07925	-0.3167	-0.5498	-0.778	-0.8836	-0.8318	-0.7856	-0.7432	-0.7212	-0.7294	-0.7137	-0.7258	-0.7009	-0.712	-0.7128	-0.7731	-0.7903	-0.7479	-0.7715	-0.7505	-0.7361	-0.733	-0.7126	-0.6937	-0.7013	197.6
490	0.897	0.8083	0.4928	0.2581	0.0777	-0.06291	-0.3045	-0.5386	-0.7849	-0.9078	-0.8932	-0.8451	-0.7654	-0.7433	-0.7532	-0.7522	-0.7485	-0.7245	-0.7183	-0.7358	-0.7963	-0.8562	-0.8026	-0.8241	-0.7939	-0.7731	-0.7704	-0.7588	-0.7481	-0.7389	198
492.2	0.893	0.8216	0.5067	0.2726	0.1085	-0.04566	-0.2881	-0.5202	-0.751	-0.8225	-0.7637	-0.7542	-0.7465	-0.7715	-0.767	-0.7489	-0.7613	-0.7386	-0.7451	-0.7656	-0.809	-0.8378	-0.7831	-0.8053	-0.7842	-0.7696	-0.7516	-0.7397	-0.7288	-0.72	198.4
491.1	0.895	0.8065	0.5078	0.2732	0.09312	-0.06277	-0.3038	-0.5374	-0.7832	-0.8732	-0.8373	-0.8083	-0.7482	-0.7574	-0.7687	-0.7666	-0.763	-0.7402	-0.7617	-0.7507	-0.7945	-0.825	-0.7848	-0.807	-0.7859	-0.7713	-0.7687	-0.7571	-0.7464	-0.7372	198.8
492.2	0.893	0.8216	0.5227	0.2726	0.09291	-0.06263	-0.3031	-0.5362	-0.7967	-0.92	-0.8892	-0.8065	-0.7929	-0.7872	-0.767	-0.7649	-0.7613	-0.7213	-0.7301	-0.7325	-0.7765	-0.7938	-0.7512	-0.7749	-0.7449	-0.7241	-0.7362	-0.7323	-0.7288	-0.72	199.2
490	0.897	0.8253	0.525	0.2894	0.1089	-0.06291	-0.2894	-0.5386	-0.7849	-0.8751	-0.8391	-0.7575	-0.7654	-0.7591	-0.7704	-0.7522	-0.7323	-0.7418	-0.7333	-0.769	-0.8126	-0.8121	-0.7546	-0.7936	-0.7634	-0.7426	-0.755	-0.743	-0.732	-0.7389	199.6
485.6	0.905	0.8327	0.5459	0.3078	0.1099	-0.02907	-0.292	-0.5272	-0.7765	-0.8995	-0.8467	-0.8527	-0.8036	-0.7818	-0.7947	-0.7751	-0.7879	-0.766	-0.7854	-0.7759	-0.8199	-0.8342	-0.7936	-0.8161	-0.7947	-0.78	-0.7617	-0.7497	-0.7386	-0.7455	200
487.8	0.9169	0.829	0.5435	0.3064	0.1251	-0.04606	-0.2907	-0.541	-0.7884	-0.8954	-0.8429	-0.8137	-0.7688	-0.7783	-0.7392	-0.7555	-0.7518	-0.7277	-0.7215	-0.7223	-0.7835	-0.8157	-0.7579	-0.7818	-0.7696	-0.7612	-0.7428	-0.7305	-0.7191	-0.7106	200.3
484.5	0.9231	0.8517	0.5472	0.3085	0.126	-0.02913	-0.2926	-0.5284	-0.7937	-0.918	-0.8486	-0.8192	-0.8054	-0.8155	-0.779	-0.7931	-0.7897	-0.7677	-0.7568	-0.7777	-0.8217	-0.8509	-0.8116	-0.8333	-0.8028	-0.7817	-0.7791	-0.7673	-0.7565	-0.763	200.8
485.6	0.921	0.8498	0.5622	0.3078	0.1257	-0.02907	-0.292	-0.5434	-0.8228	-0.9653	-0.9193	-0.8527	-0.7879	-0.7659	-0.7947	-0.7913	-0.7879	-0.766	-0.7551	-0.7591	-0.787	-0.8193	-0.7775	-0.8007	-0.7794	-0.7646	-0.7617	-0.7497	-0.7386	-0.7297	201.1
483.5	0.9252	0.8707	0.5647	0.325	0.1579	-0.0292	-0.278	-0.5296	-0.78	-0.887	-0.8505	-0.8388	-0.7914	-0.7854	-0.7633	-0.7623	-0.7915	-0.7694	-0.7585	-0.7794	-0.8236	-0.8529	-0.7972	-0.8197	-0.7983	-0.7835	-0.7808	-0.769	-0.7582	-0.7489	201.5
481.3	0.9294	0.8747	0.5836	0.3424	0.1427	-0.02933	-0.2946	-0.5483	-0.8302	-0.974	-0.9276	-0.9139	-0.8267	-0.821	-0.837	-0.8476	-0.8446	-0.7906	-0.7925	-0.7829	-0.8273	-0.8567	-0.8008	-0.839	-0.8083	-0.787	-0.7843	-0.7725	-0.7616	-0.7682	201.9
480.2	0.9477	0.8767	0.6014	0.3592	0.159	-0.012	-0.2799	-0.5496	-0.8477	-1.043	-1.022	-0.9696	-0.8761	-0.8551	-0.8213	-0.8331	-0.8134	-0.8101	-0.8096	-0.8017	-0.8458	-0.8737	-0.8353	-0.8565	-0.844	-0.8354	-0.8176	-0.8064	-0.7961	-0.786	202.3
476.9	0.9379	0.9001	0.6055	0.3616	0.1761	0.005429	-0.2663	-0.5203	-0.8064	-0.9494	-0.8991	-0.8682	-0.8182	-0.7961	-0.8092	-0.8058	-0.819	-0.78	-0.7843	-0.7901	-0.8181	-0.8343	-0.8081	-0.831	-0.8093	-0.7942	-0.8074	-0.7872	-0.7685	-0.7591	202.7
474.8	0.9422	0.9042	0.6249	0.3794	0.1769	0.005454	-0.252	-0.5062	-0.7943	-0.9201	-0.8475	-0.8361	-0.822	-0.816	-0.8129	-0.8261	-0.806	-0.8015	-0.8034	-0.8109	-0.8387	-0.8837	-0.8284	-0.8663	-0.8444	-0.8293	-0.827	-0.8071	-0.7886	-0.795	203.1
472.6	0.9465	0.9259	0.6277	0.3974	0.1939	0.02315	-0.2532	-0.5085	-0.798	-0.9581	-0.9074	-0.8762	-0.858	-0.8525	-0.8345	-0.8299	-0.8265	-0.7872	-0.8227	-0.8318	-0.8595	-0.903	-0.8488	-0.8861	-0.8548	-0.8331	-0.8308	-0.8194	-0.8089	-0.8149	203.4
470.4	0.9509	0.9126	0.6307	0.3992	0.2111	0.04102	-0.2543	-0.5108	-0.8176	-0.9796	-0.9116	-0.9168	-0.8944	-0.9058	-0.8923	-0.8839	-0.881	-0.8631	-0.8578	-0.8703	-0.8974	-0.9225	-0.8861	-0.922	-0.8999	-0.8846	-0.8669	-0.8561	-0.8461	-0.8514	203.9
468.2	0.9553	0.9345	0.6504	0.4011	0.2121	0.04121	-0.2397	-0.53	-0.8534	-1.052	-0.9912	-0.976	-0.9148	-0.943	-0.9145	-0.9049	-0.9021	-0.8853	-0.8618	-0.8744	-0.9016	-0.9268	-0.8902	-0.9103	-0.8881	-0.8728	-0.8709	-0.8601	-0.8501	-0.8554	204.2
463.9	0.9643	0.9433	0.6565	0.4214	0.2306	0.0416	-0.2261	-0.518	-0.8453	-1.062	-1.02	-1.004	-0.9234	-0.9518	-0.9231	-0.9303	-0.9277	-0.9119	-0.8858	-0.865	-0.8928	-0.9511	-0.9155	-0.9511	-0.9286	-0.9131	-0.8954	-0.8848	-0.875	-0.8634	204.6
462.8	0.9498	0.9455	0.6581	0.4224	0.2311	0.05975	-0.2266	-0.5193	-0.8311	-0.9957	-0.9266	-0.9504	-0.9091	-0.9207	-0.9435	-0.9155	-0.9127	-0.8957	-0.9038	-0.9023	-0.9295	-0.9377	-0.8837	-0.921	-0.9081	-0.8991	-0.8975	-0.878	-0.8601	-0.882	205
456.2	0.9634	0.9409	0.6848	0.4284	0.2177	0.04229	-0.246	-0.5439	-0.8594	-1.08	-1.037	-1.002	-0.9555	-0.9339	-0.9385	-0.9286	-0.9258	-0.8899	-0.8683	-0.8438	-0.9077	-0.9195	-0.8964	-0.9178	-0.9047	-0.8957	-0.9104	-0.8906	-0.8724	-0.8778	205
461.7	0.9688	0.9478	0.6767	0.4234	0.2317	0.05989	-0.2271	-0.5034	-0.833	-1.015	-0.967	-0.9899	-0.9442	-0.9563	-0.9457	-0.9518	-0.9493	-0.9346	-0.9218	-0.9221	-0.9317	-0.9556	-0.9198	-0.9394	-0.9169	-0.9013	-0.8996	-0.889	-0.8792	-0.8675	204.6
466	0.9431	0.9211	0.6365	0.403	0.2131	0.0414	-0.2409	-0.5156	-0.8092	-0.9716	-0.8823	-0.9069	-0.87	-0.8645	-0.8462	-0.8584	-0.8722	-0.8529	-0.85	-0.861	-0.8544	-0.8693	-0.827	-0.8664	-0.8442	-0.8288	-0.8262	-0.8231	-0.8203	-0.8099	204.2
468.2	0.9553	0.9168	0.6504	0.4011	0.1957	0.04121	-0.2555	-0.53	-0.8374	-1.018	-0.9724	-0.9577	-0.931	-0.8935	-0.8964	-0.888	-0.8851	-0.8853	-0.8933	-0.857	-0.8845	-0.896	-0.8567	-0.8784	-0.8656	-0.8568	-0.8547	-0.8436	-0.8333	-0.8389	203.8
467.1	0.9575	0.919	0.6351	0.402	0.2126	0.02342	-0.2561	-0.5313	-0.8233	-1.021	-0.9557	-0.9599	-0.9006	-0.9121	-0.8985	-0.8901	-0.9042	-0.8691	-0.8796	-0.859	-0.8695	-0.8827	-0.8587	-0.8964	-0.8742	-0.8588	-0.8567	-0.8455	-0.8352	-0.8244	203.5
470.4	0.9509	0.9126	0.6139	0.3829	0.1948	0.02326	-0.2543	-0.5108	-0.8176	-0.9966	-0.9116	-0.9168	-0.8944	-0.9058	-0.9103	-0.9007	-0.9148	-0.8992	-0.8735	-0.853	-0.8804	-0.9072	-0.8527	-0.9061	-0.8746	-0.8528	-0.8669	-0.8474	-0.8294	-0.8351	203.1
476.9	0.9379	0.9001	0.6055	0.3616	0.1761	0.005429	-0.2508	-0.5203	-0.7907	-0.9159	-0.8621	-0.8502	-0.8182	-0.8285	-0.8092	-0.8223	-0.8023	-0.78	-0.7997	-0.8072	-0.8516	-0.8645	-0.7917	-0.831	-0.8093	-0.7942	-0.7915	-0.7796	-0.7685	-0.7752	202.7
476.9	0.9379	0.8827	0.6055	0.3616	0.1601	-0.01209	-0.2663	-0.5203	-0.7907	-0.9159	-0.8436	-0.8502	-0.8342	-0.8285	-0.8269	-0.8223	-0.819	-0.7978	-0.7997	-0.8072	-0.8348	-0.8645	-0.8246	-0.8466	-0.8157	-0.7942	-0.8074	-0.7872	-0.7685	-0.7752	202.3
478	0.9357	0.898	0.5876	0.3448	0.1597	-0.01206	-0.2657	-0.5192	-0.7889	-0.9138	-0.8417	-0.8483	-0.8164	-0.8105	-0.8074	-0.8204	-0.8171	-0.796	-0.7825	-0.7883	-0.8329	-0.8475	-0.8063	-0.8291	-0.8074	-0.7924	-0.7897	-0.7778	-0.7668	-0.7735	201.9
481.3	0.9294	0.8747	0.5673	0.3424	0.1427	-0.01198	-0.2793	-0.5156	-0.7836	-0.9076	-0.836	-0.8425	-0.8267	-0.821	-0.8194	-0.8149	-0.8116	-0.7906	-0.7925	-0.7829	-0.8107	-0.8118	-0.7682	-0.8079	-0.7864	-0.7715	-0.7686	-0.7565	-0.7452	-0.7522	201.5
482.4	0.9273	0.8727	0.566	0.3258	0.1424	-0.02927	-0.294	-0.5471	-0.7973	-0.9221	-0.8524	-0.8406	-0.7774	-0.7871	-0.7826	-0.7804	-0.7768	-0.7535	-0.7449	-0.7474	-0.7923	-0.8099	-0.7827	-0.8061	-0.7846	-0.7698	-0.7669	-0.7547	-0.7436	-0.7505	201.1
483.5	0.9252	0.8536	0.5647	0.325	0.1421	-0.0292	-0.278	-0.5133	-0.7646	-0.8704	-0.7957	-0.8032	-0.7599	-0.7694	-0.7808	-0.7786	-0.775	-0.7518	-0.7433	-0.7625	-0.807	-0.8379	-0.781	-0.8197	-0.7983	-0.7835	-0.7651	-0.753	-0.7419	-0.7489	200.7
484.5	0.9231	0.8517	0.5472	0.3085	0.126	-0.06361	-0.3079	-0.5446	-0.8092	-0.9345	-0.885	-0.8723	-0.8211	-0.8155	-0.7965	-0.8094	-0.8061	-0.7502	-0.7416	-0.7608	-0.8217	-0.8212	-0.7792	-0.8025	-0.772	-0.7509	-0.7634	-0.7514	-0.7402	-0.7313	200.4
485.6	0.921	0.8498	0.5297	0.3078	0.1257	-0.04627	-0.292	-0.5272	-0.7765	-0.8501	-0.7922	-0.782	-0.7722	-0.7659	-0.7599	-0.7751	-0.7716	-0.766	-0.7551	-0.7759	-0.8199	-0.849	-0.7936	-0.8161	-0.7947	-0.78	-0.7773	-0.7572	-0.7386	-0.7455	200
487.8	0.9169	0.846	0.5274	0.2907	0.1094	-0.04606	-0.2907	-0.5249	-0.7577	-0.8463	-0.8067	-0.7785	-0.7532	-0.7625	-0.7565	-0.7394	-0.7518	-0.7277	-0.7366	-0.739	-0.7835	-0.8157	-0.774	-0.7818	-0.7606	-0.7459	-0.7428	-0.7305	-0.7191	-0.7264	199.6
488.9	0.9149	0.8441	0.5262	0.2901	0.09353	-0.04596	-0.3052	-0.5398	-0.802	-0.9262	-0.8951	-0.847	-0.7982	-0.7924	-0.7894	-0.7861	-0.7989	-0.7783	-0.7651	-0.7707	-0.8144	-0.8286	-0.7883	-0.8106	-0.7894	-0.7748	-0.7721	-0.7605	-0.7497	-0.7405	199.2
490	0.897	0.8083	0.5089	0.2738	0.09332	-0.06291	-0.3045	-0.5225	-0.7544	-0.8262	-0.7671	-0.7925	-0.7498	-0.7591	-0.7532	-0.7683	-0.7485	-0.7245	-0.7484	-0.7358	-0.78	-0.7974	-0.7546	-0.7783	-0.7572	-0.7426	-0.7395	-0.7272	-0.7159	-0.7232	198.8
490	0.9129	0.8083	0.5089	0.2738	0.1089	-0.06291	-0.3045	-0.5386	-0.7849	-0.9078	-0.8751	-0.8626	-0.7964	-0.8064	-0.7876	-0.7843	-0.7971	-0.7765	-0.7634	-0.769	-0.8289	-0.8415	-0.8026	-0.8088	-0.7877	-0.7731	-0.7704	-0.7504	-0.732	-0.7389	198.4
492.2	0.893	0.8048	0.5067	0.257	0.09291	-0.06263	-0.3031	-0.5362	-0.7815	-0.8875	-0.8354	-0.8239	-0.7465	-0.7558	-0.767	-0.7649	-0.7775	-0.7386	-0.7451	-0.7159	-0.7928	-0.8231	-0.7831	-0.8053	-0.7842	-0.7696	-0.7516	-0.7397	-0.7288	-0.72	198
493.2	0.8911	0.803	0.4896	0.2564	0.07719	-0.06249	-0.3025	-0.5191	-0.7646	-0.8532	-0.8157	-0.7873	-0.7294	-0.7384	-0.7482	-0.7472	-0.7435	-0.7025	-0.7285	-0.7309	-0.791	-0.8067	-0.7814	-0.7883	-0.7763	-0.7679	-0.7653	-0.7455	-0.7272	-0.734	197.6
494.3	0.8891	0.8012	0.4726	0.2559	0.07702	-0.06235	-0.3018	-0.5179	-0.7477	-0.8351	-0.7604	-0.7856	-0.7124	-0.7368	-0.7294	-0.7296	-0.7258	-0.7009	-0.6971	-0.7293	-0.8054	-0.8341	-0.7797	-0.7866	-0.7656	-0.7512	-0.7483	-0.7282	-0.7096	-0.7168	197.2
493.2	0.8911	0.7862	0.4736	0.2409	0.07719	-0.07943	-0.3025	-0.535	-0.7494	-0.8207	-0.762	-0.7525	-0.6985	-0.7384	-0.731	-0.7312	-0.7274	-0.7025	-0.6986	-0.7309	-0.791	-0.8359	-0.7973	-0.8186	-0.7976	-0.7831	-0.7807	-0.7611	-0.7431	-0.7496	196.8
495.4	0.8715	0.7827	0.4556	0.2244	0.0614	-0.07908	-0.3011	-0.5168	-0.731	-0.7849	-0.7231	-0.7319	-0.6801	-0.704	-0.6937	-0.6963	-0.6921	-0.6994	-0.6956	-0.7277	-0.7714	-0.8032	-0.7621	-0.7999	-0.7879	-0.7796	-0.7619	-0.7422	-0.724	-0.7152	196.4
495.4	0.8715	0.766	0.4556	0.2398	0.0614	-0.09594	-0.3011	-0.5168	-0.731	-0.8333	-0.8121	-0.7838	-0.7108	-0.704	-0.7108	-0.7121	-0.7082	-0.6651	-0.6956	-0.7277	-0.7875	-0.8323	-0.7938	-0.7999	-0.7879	-0.7796	-0.7772	-0.7495	-0.724	-0.7308	196
497.6	0.8833	0.7626	0.4536	0.2388	0.06113	-0.09552	-0.2998	-0.4987	-0.6977	-0.7814	-0.7554	-0.7287	-0.6618	-0.6698	-0.6737	-0.6616	-0.6891	-0.6621	-0.6925	-0.6917	-0.768	-0.8141	-0.7746	-0.8115	-0.7995	-0.7912	-0.8043	-0.7773	-0.7524	-0.743	195.6
500.9	0.8775	0.7576	0.4507	0.2219	0.04545	-0.0949	-0.2979	-0.4798	-0.6633	-0.6806	-0.6448	-0.6554	-0.6119	-0.6192	-0.6018	-0.5944	-0.5736	-0.573	-0.5998	-0.6384	-0.6992	-0.7225	-0.7069	-0.7614	-0.776	-0.7861	-0.7839	-0.7487	-0.7161	-0.7075	195.2
501.9	0.8602	0.756	0.434	0.2214	0.0606	-0.07805	-0.2825	-0.4787	-0.6619	-0.7109	-0.661	-0.6369	-0.6257	-0.6024	-0.6174	-0.6088	-0.604	-0.5887	-0.6132	-0.6371	-0.7136	-0.764	-0.7366	-0.8044	-0.8189	-0.829	-0.8425	-0.8086	-0.7773	-0.7672	194.8
505.2	0.8546	0.7347	0.4312	0.2048	0.06021	-0.07755	-0.2953	-0.4912	-0.6872	-0.738	-0.6916	-0.6667	-0.6368	-0.6138	-0.6301	-0.6204	-0.6158	-0.6017	-0.6238	-0.6491	-0.709	-0.7305	-0.7318	-0.7697	-0.8015	-0.8236	-0.8071	-0.789	-0.7723	-0.7623	194.5
507.4	0.8663	0.7479	0.4293	0.2191	0.05995	-0.07721	-0.2795	-0.4736	-0.6548	-0.6876	-0.6539	-0.5962	-0.559	-0.5503	-0.5441	-0.5402	-0.5349	-0.5321	-0.5341	-0.566	-0.643	-0.6848	-0.6978	-0.7958	-0.8449	-0.8789	-0.8932	-0.8528	-0.8155	-0.8045	194.1
507.4	0.8663	0.7479	0.4293	0.2191	0.05995	-0.07721	-0.2795	-0.4581	-0.64	-0.7033	-0.6887	-0.63	-0.559	-0.5655	-0.5608	-0.5557	-0.5349	-0.5321	-0.5341	-0.566	-0.643	-0.699	-0.6978	-0.7811	-0.8389	-0.8789	-0.8783	-0.8376	-0.8	-0.8045	193.6
508.5	0.8644	0.73	0.4129	0.2035	0.05982	-0.07705	-0.2789	-0.4416	-0.6092	-0.6232	-0.5831	-0.5612	-0.4979	-0.5187	-0.5097	-0.4926	-0.4868	-0.4641	-0.4895	-0.5167	-0.5944	-0.6124	-0.6346	-0.75	-0.8251	-0.8771	-0.9211	-0.8814	-0.8447	-0.833	193.3
509.6	0.8473	0.7284	0.4275	0.2181	0.0597	-0.07688	-0.2638	-0.4407	-0.6226	-0.6689	-0.6338	-0.56	-0.4819	-0.5024	-0.4921	-0.4915	-0.4702	-0.4631	-0.474	-0.4996	-0.5618	-0.6111	-0.6332	-0.7484	-0.8493	-0.9191	-0.9934	-0.9473	-0.9047	-0.8916	192.9
512.8	0.8571	0.74	0.4248	0.2167	0.05932	-0.06011	-0.2477	-0.4072	-0.5749	-0.6023	-0.5781	-0.5229	-0.4491	-0.4389	-0.423	-0.4423	-0.4052	-0.427	-0.4422	-0.4805	-0.527	-0.551	-0.5833	-0.7291	-0.8637	-0.9569	-1.017	-0.9714	-0.9296	-0.931	192.5
516.1	0.8366	0.7192	0.4068	0.2154	0.04411	-0.07591	-0.2461	-0.4046	-0.5423	-0.5366	-0.5061	-0.4697	-0.4315	-0.4212	-0.404	-0.3938	-0.3873	-0.3914	-0.4252	-0.4459	-0.4927	-0.5335	-0.5796	-0.6955	-0.8464	-0.9509	-1.01	-0.9653	-0.9238	-0.9251	192.1
517.2	0.8348	0.7177	0.4212	0.2001	0.05882	-0.0596	-0.2313	-0.3886	-0.5122	-0.52	-0.488	-0.4688	-0.4012	-0.4203	-0.3868	-0.393	-0.3865	-0.3905	-0.3958	-0.4292	-0.4762	-0.5045	-0.5329	-0.7085	-0.8591	-0.9633	-1.052	-1.024	-0.9979	-0.9826	191.7
519.3	0.8314	0.7307	0.4043	0.214	0.05857	-0.05935	-0.2304	-0.3718	-0.4956	-0.4716	-0.469	-0.4007	-0.3702	-0.3739	-0.3526	-0.3458	-0.3542	-0.3562	-0.3658	-0.3804	-0.4435	-0.4746	-0.5307	-0.648	-0.8489	-0.988	-1.062	-1.011	-0.9635	-0.9637	191.3
521.5	0.8428	0.7117	0.4026	0.1984	0.07301	-0.0591	-0.2294	-0.3702	-0.4936	-0.5003	-0.467	-0.399	-0.3394	-0.3279	-0.3188	-0.3142	-0.3223	-0.3221	-0.336	-0.3475	-0.3803	-0.4174	-0.4833	-0.6309	-0.8395	-0.9839	-1.116	-1.082	-1.05	-1.048	190.9
524.8	0.8376	0.7231	0.4151	0.2118	0.07255	-0.04282	-0.2139	-0.353	-0.4763	-0.4515	-0.4305	-0.3802	-0.3083	-0.2964	-0.2846	-0.2822	-0.29	-0.2877	-0.3059	-0.3143	-0.3322	-0.3873	-0.4355	-0.5843	-0.8252	-0.992	-1.181	-1.156	-1.133	-1.115	190.5
528	0.8324	0.703	0.3976	0.196	0.05761	-0.05838	-0.2266	-0.3508	-0.4592	-0.4487	-0.4278	-0.3616	-0.2631	-0.2653	-0.2508	-0.2507	-0.2581	-0.2698	-0.2761	-0.2815	-0.3151	-0.3712	-0.4179	-0.5807	-0.8201	-0.9859	-1.159	-1.15	-1.141	-1.123	190.1
529.1	0.8307	0.6858	0.3819	0.1956	0.05749	-0.05826	-0.2121	-0.3352	-0.4299	-0.4327	-0.3769	-0.3122	-0.2626	-0.2501	-0.2343	-0.2353	-0.2275	-0.2371	-0.2477	-0.2501	-0.2842	-0.3296	-0.3578	-0.5089	-0.7562	-0.9275	-1.214	-1.222	-1.228	-1.208	189.7
532.4	0.8256	0.6972	0.3796	0.18	0.05714	-0.0579	-0.2108	-0.3331	-0.4273	-0.4	-0.3415	-0.2941	-0.2467	-0.2195	-0.217	-0.2191	-0.2112	-0.2197	-0.2185	-0.2333	-0.2825	-0.314	-0.3556	-0.4636	-0.7344	-0.9218	-1.207	-1.214	-1.221	-1.215	189.3
534.5	0.8223	0.6944	0.378	0.1936	0.05691	-0.05766	-0.1962	-0.3171	-0.4116	-0.3834	-0.3401	-0.2448	-0.203	-0.2186	-0.2162	-0.2182	-0.2104	-0.2188	-0.2176	-0.2323	-0.2664	-0.3263	-0.3541	-0.4338	-0.6787	-0.8483	-1.188	-1.225	-1.26	-1.253	188.9
536.7	0.8044	0.6761	0.3618	0.1785	0.04241	-0.05743	-0.1954	-0.3158	-0.396	-0.3819	-0.3387	-0.2438	-0.1879	-0.1601	-0.1523	-0.1586	-0.1651	-0.1704	-0.1756	-0.201	-0.2951	-0.3652	-0.3819	-0.432	-0.5938	-0.7058	-1.084	-1.203	-1.314	-1.305	188.5
538.9	0.8156	0.6734	0.3604	0.1636	0.04224	-0.0572	-0.1946	-0.2999	-0.3805	-0.3506	-0.321	-0.2269	-0.1872	-0.1738	-0.1517	-0.158	-0.1644	-0.1539	-0.1612	-0.2002	-0.2939	-0.3771	-0.4095	-0.4441	-0.548	-0.6198	-1.066	-1.2	-1.323	-1.3	188.1
543.2	0.8091	0.6527	0.343	0.1623	0.02782	-0.05674	-0.2202	-0.312	-0.3912	-0.3478	-0.3022	-0.2251	-0.1717	-0.144	-0.1349	-0.1422	-0.1485	-0.1371	-0.16	-0.1986	-0.3062	-0.3874	-0.4207	-0.4406	-0.5111	-0.5599	-0.904	-1.116	-1.312	-1.304	187.7
545.4	0.7774	0.6501	0.3272	0.1476	0.0277	-0.07183	-0.2194	-0.3108	-0.3759	-0.3465	-0.2848	-0.2242	-0.185	-0.1576	-0.1499	-0.1416	-0.1479	-0.1521	-0.1593	-0.1978	-0.3197	-0.3991	-0.419	-0.4525	-0.4985	-0.5303	-0.8171	-1.072	-1.307	-1.284	187.3
546.5	0.7759	0.6185	0.3121	0.1333	0.01364	-0.08698	-0.2189	-0.3101	-0.3752	-0.3458	-0.2842	-0.1923	-0.1428	-0.129	-0.1341	-0.1414	-0.1331	-0.1362	-0.159	-0.1974	-0.3483	-0.4379	-0.4469	-0.4927	-0.4739	-0.461	-0.6631	-1.012	-1.333	-1.31	186.9
549.7	0.7571	0.5997	0.2959	0.1185	-0.0003622	-0.08646	-0.2176	-0.3083	-0.3866	-0.3292	-0.2986	-0.2068	-0.1558	-0.1282	-0.118	-0.1119	-0.1178	-0.12	-0.1313	-0.1814	-0.3462	-0.4484	-0.4585	-0.4898	-0.4551	-0.4311	-0.5352	-0.9461	-1.325	-1.316	186.5
551.9	0.7401	0.5974	0.2947	0.1181	-0.0003607	-0.1013	-0.2168	-0.3071	-0.358	-0.3134	-0.2655	-0.206	-0.1552	-0.1417	-0.1022	-0.1114	-0.1174	-0.1195	-0.1308	-0.1807	-0.3738	-0.4728	-0.4709	-0.5149	-0.4804	-0.4564	-0.437	-0.8889	-1.306	-1.283	186.1
553	0.7386	0.5662	0.2657	0.104	-0.0142	-0.1162	-0.2297	-0.3065	-0.3708	-0.3272	-0.2649	-0.2056	-0.1411	-0.1275	-0.102	-0.1112	-0.1171	-0.1039	-0.1172	-0.1804	-0.3876	-0.4979	-0.4842	-0.5139	-0.4715	-0.442	-0.4362	-0.8871	-1.303	-1.281	185.7
555.1	0.7077	0.549	0.2504	0.08977	-0.02793	-0.1157	-0.2421	-0.3053	-0.3559	-0.326	-0.2798	-0.1893	-0.1405	-0.127	-0.1168	-0.1108	-0.1167	-0.1188	-0.13	-0.1943	-0.3861	-0.496	-0.4964	-0.5119	-0.4776	-0.4538	-0.3936	-0.8493	-1.27	-1.248	185.2
557.3	0.705	0.532	0.2353	0.07567	-0.04156	-0.1302	-0.2544	-0.3323	-0.3813	-0.3247	-0.2629	-0.1886	-0.14	-0.1265	-0.1163	-0.1104	-0.1162	-0.1031	-0.1163	-0.1936	-0.3989	-0.507	-0.4945	-0.5099	-0.4678	-0.4386	-0.392	-0.8386	-1.251	-1.215	184.8
558.4	0.6897	0.5012	0.2207	0.04807	-0.05519	-0.145	-0.2539	-0.3317	-0.3672	-0.3241	-0.2624	-0.1882	-0.1397	-0.1401	-0.101	-0.1101	-0.1018	-0.1029	-0.116	-0.1932	-0.4124	-0.5189	-0.4935	-0.5223	-0.4724	-0.4378	-0.4048	-0.8215	-1.206	-1.186	184.4
559.5	0.6467	0.4854	0.1921	0.03428	-0.06876	-0.1596	-0.2799	-0.3311	-0.3665	-0.3234	-0.2776	-0.2185	-0.1395	-0.126	-0.1008	-0.1099	-0.1016	-0.1027	-0.1158	-0.1783	-0.4116	-0.5179	-0.5066	-0.5213	-0.4636	-0.4236	-0.4041	-0.8053	-1.176	-1.156	184
562.7	0.6292	0.4531	0.177	0.02046	-0.08197	-0.1587	-0.2651	-0.3431	-0.3511	-0.3074	-0.2447	-0.1868	-0.1387	-0.1253	-0.1002	-0.09531	-0.101	-0.1021	-0.1151	-0.1917	-0.4093	-0.5277	-0.5037	-0.505	-0.4633	-0.4344	-0.3883	-0.7724	-1.127	-1.135	183.6
561.6	0.6027	0.4244	0.1493	-0.006795	-0.09575	-0.1739	-0.2919	-0.3438	-0.3651	-0.3222	-0.2608	-0.1871	-0.1254	-0.1117	-0.08536	-0.08147	-0.1012	-0.08715	-0.1023	-0.1776	-0.4243	-0.5287	-0.5046	-0.506	-0.4563	-0.4219	-0.3755	-0.7091	-1.017	-1.083	183.2
564.9	0.558	0.3779	0.1205	-0.02032	-0.1223	-0.1876	-0.2903	-0.3557	-0.3762	-0.3345	-0.275	-0.186	-0.1381	-0.1248	-0.09983	-0.1089	-0.1006	-0.1017	-0.1017	-0.1766	-0.436	-0.5257	-0.5017	-0.4898	-0.4327	-0.3931	-0.36	-0.5464	-0.7185	-1.036	182.8
564.9	0.5304	0.3632	0.09262	-0.03389	-0.1359	-0.2172	-0.3164	-0.3557	-0.3762	-0.3345	-0.2437	-0.1708	-0.1381	-0.1248	-0.09983	-0.09494	-0.1006	-0.1017	-0.1147	-0.191	-0.4218	-0.5385	-0.5017	-0.4898	-0.4249	-0.3799	-0.3466	-0.4096	-0.4677	-0.9677	182.4
566	0.4745	0.3039	0.07851	-0.06091	-0.1626	-0.2168	-0.3158	-0.369	-0.3755	-0.348	-0.2588	-0.2008	-0.1513	-0.1382	-0.09964	-0.09476	-0.1004	-0.1015	-0.1015	-0.1762	-0.4352	-0.5374	-0.5008	-0.4625	-0.4054	-0.366	-0.3191	-0.2585	-0.2026	-0.694	182
568.2	0.4317	0.2735	0.05047	-0.07417	-0.162	-0.2307	-0.3276	-0.3814	-0.3872	-0.3467	-0.2734	-0.185	-0.1373	-0.1241	-0.1141	-0.1083	-0.1	-0.1011	-0.114	-0.1899	-0.4335	-0.5227	-0.4851	-0.4607	-0.3961	-0.3514	-0.2913	-0.2159	-0.1464	-0.3394	181.6
567.1	0.3777	0.2301	0.02277	-0.1013	-0.1893	-0.2606	-0.3413	-0.3821	-0.3748	-0.3614	-0.2583	-0.1702	-0.1107	-0.1243	-0.09945	-0.1085	-0.1002	-0.1013	-0.1013	-0.1903	-0.4343	-0.5364	-0.4722	-0.4484	-0.3837	-0.3389	-0.2785	-0.1883	-0.105	-0.1095	181.2
568.2	0.3086	0.1859	-0.005022	-0.1281	-0.2024	-0.2748	-0.3666	-0.3952	-0.3872	-0.3607	-0.2734	-0.1699	-0.1239	-0.1241	-0.09926	-0.0944	-0.1	-0.08616	-0.1011	-0.1899	-0.4476	-0.5227	-0.4713	-0.4344	-0.3621	-0.312	-0.2513	-0.1535	-0.06326	-0.02805	180.8
568.2	0.2539	0.142	-0.04664	-0.1416	-0.2159	-0.2895	-0.3666	-0.4091	-0.4004	-0.3607	-0.2734	-0.2001	-0.1239	-0.1105	-0.08438	-0.0944	-0.08602	-0.07119	-0.08813	-0.1899	-0.4476	-0.5227	-0.4574	-0.4213	-0.3489	-0.2989	-0.2246	-0.1119	-0.007842	0.0261	180.4
569.2	0.1715	0.09803	-0.07424	-0.1683	-0.2424	-0.3036	-0.3919	-0.436	-0.4391	-0.4022	-0.2419	-0.1545	-0.1103	-0.0831	-0.06938	-0.06656	-0.08586	-0.08599	-0.1009	-0.2325	-0.4467	-0.509	-0.4566	-0.4205	-0.3328	-0.2721	-0.2109	-0.07655	0.04748	0.0801	180
