13121	11	7	88	29.1	757	1	8	8	3.06	128	4096	10	0	0	0	0	391.7	992.47	1.4482e+006	0.11854	0.128	41.308	0	0	1	0	0	0	6	0	0
977.29	0.088981	0.04838	-0.1096	-0.34994	-0.50045	-0.65361	-0.90326	-1.1654	-1.4593	-1.8289	-2.2367	-2.4213	-2.5036	-1.6276	-0.66758	-0.19916	0.4659	0.85785	0.85048	0.59695	0.32233	0.13467	0.015679	-0.023606	-0.044392	-0.034006	-0.0091467	0.021857	0.056821	0.095133	9.7716
976.97	0.078743	0.065936	-0.12149	-0.32281	-0.50216	-0.63192	-0.92367	-1.215	-1.5065	-1.9338	-2.3522	-2.5429	-2.6769	-1.8088	-0.80791	-0.31533	0.38932	0.82894	0.86336	0.62254	0.36083	0.16129	0.029971	-0.013044	-0.026893	-0.022682	-0.002333	0.011597	0.056839	0.081222	10.153
976.65	0.088248	0.052587	-0.116	-0.34472	-0.50697	-0.67005	-0.93962	-1.2344	-1.5402	-1.9603	-2.4431	-2.675	-2.8511	-1.9918	-0.95088	-0.4427	0.3119	0.8129	0.87328	0.66209	0.39168	0.18869	0.045861	0.0013002	-0.012304	-0.0098414	0.0037279	0.010232	0.059232	0.069627	10.573
975.48	0.081236	0.056835	-0.11218	-0.32564	-0.52462	-0.65567	-0.96313	-1.2685	-1.5858	-2.0444	-2.546	-2.8183	-3.0685	-2.2032	-1.1221	-0.58977	0.20982	0.77604	0.88473	0.6916	0.42214	0.22466	0.072149	0.022471	0.0088732	-0.0045546	0.0067682	0.032867	0.083074	0.072035	10.952
974.21	0.070254	0.031779	-0.1147	-0.32685	-0.49117	-0.6785	-0.96215	-1.2964	-1.631	-1.9725	-2.6512	-2.9484	-3.2317	-2.3641	-1.2649	-0.71016	0.14116	0.7607	0.90224	0.71551	0.44271	0.23866	0.095327	0.049756	0.0037627	0.012109	0.04704	0.018495	0.059381	0.068247	11.365
973.36	0.056045	0.044383	-0.12829	-0.33964	-0.53586	-0.70869	-0.97421	-1.3031	-1.6445	-2.0846	-2.7519	-3.1001	-3.4191	-2.5628	-1.4442	-0.84487	0.041009	0.72431	0.89782	0.73258	0.46776	0.27393	0.11613	0.055104	0.034525	0.018186	0.041757	0.015763	0.062607	0.061309	11.747
973.25	0.047331	0.036003	-0.11799	-0.31701	-0.52271	-0.68339	-1.0095	-1.3056	-1.6984	-2.1238	-2.8524	-3.206	-3.5934	-2.7421	-1.5705	-0.9663	-0.031192	0.69595	0.90238	0.76556	0.5079	0.29225	0.12012	0.061931	0.033063	0.026533	0.03872	0.026758	0.082469	0.039545	12.138
973.57	0.024332	0.028449	-0.10367	-0.34191	-0.53963	-0.69416	-1.0121	-1.3545	-1.719	-2.2302	-2.9508	-3.3401	-3.7768	-2.9386	-1.7285	-1.096	-0.13143	0.66472	0.89539	0.77929	0.52545	0.30664	0.14557	0.088426	0.046233	0.02804	0.028825	-0.0027893	0.068946	0.043418	12.504
973.25	0.029889	0.019234	-0.11244	-0.3428	-0.54679	-0.69777	-1.0274	-1.3621	-1.7605	-2.2651	-3.0643	-3.4764	-3.9465	-3.1242	-1.8927	-1.2537	-0.21893	0.59169	0.8994	0.79106	0.54413	0.33418	0.16155	0.096033	0.054304	0.040184	0.032638	0.026758	0.047525	0.046544	12.854
972.93	0.035451	0.012533	-0.10692	-0.33197	-0.52599	-0.69462	-1.0502	-1.3928	-1.8171	-2.3397	-3.1576	-3.6032	-4.1264	-3.3091	-2.0604	-1.397	-0.32413	0.55481	0.90119	0.81106	0.57361	0.37317	0.18552	0.11805	0.063113	0.059166	0.037213	0.024017	0.05469	0.012338	13.208
972.61	-0.0010303	0.01757	-0.10774	-0.29923	-0.52694	-0.7067	-1.0131	-1.4267	-1.8351	-2.4006	-3.2687	-3.7484	-4.2971	-3.5021	-2.2326	-1.5301	-0.427	0.50929	0.89553	0.83108	0.57765	0.37482	0.19674	0.11733	0.065334	0.045524	0.049398	0.021962	0.062655	0.019343	13.532
972.51	0.0013485	-0.0034068	-0.099813	-0.32507	-0.527	-0.73048	-1.0694	-1.4436	-1.8671	-2.4415	-3.3968	-3.8519	-4.4977	-3.7267	-2.4128	-1.6852	-0.53544	0.45157	0.89488	0.82788	0.60857	0.39241	0.20872	0.12796	0.071205	0.06147	0.052446	0.030905	0.038819	0.031017	13.861
971.87	-0.0018261	-0.0059266	-0.10385	-0.33155	-0.54524	-0.71571	-1.0513	-1.439	-1.8827	-2.5203	-3.431	-3.9784	-4.6725	-3.8826	-2.5689	-1.8206	-0.63541	0.40095	0.88131	0.85643	0.63058	0.40412	0.22402	0.13715	0.088122	0.074424	0.059336	0.044688	0.057138	0.031037	14.157
970.49	-0.0089833	-0.0084577	-0.09445	-0.28892	-0.51953	-0.7057	-1.0663	-1.461	-1.9461	-2.5964	-3.5781	-4.125	-4.8197	-4.0854	-2.723	-1.9465	-0.73689	0.35831	0.87957	0.86837	0.63844	0.42227	0.23712	0.16243	0.099999	0.066162	0.06552	0.041994	0.050049	0.024844	14.439
969.75	-0.016947	-0.017722	-0.10647	-0.31032	-0.51058	-0.73426	-1.0874	-1.5093	-1.9651	-2.635	-3.4323	-4.2437	-5.011	-4.2601	-2.8868	-2.0978	-0.8373	0.31275	0.86158	0.86574	0.66059	0.42872	0.2541	0.17016	0.08905	0.063929	0.054124	0.044786	0.031757	0.018619	14.749
968.15	-0.033712	-0.043036	-0.11702	-0.30376	-0.48643	-0.71506	-1.0704	-1.5166	-1.9934	-2.7038	-3.5894	-4.3419	-5.1579	-4.4431	-3.0458	-2.236	-0.93223	0.26388	0.84579	0.87956	0.67175	0.45624	0.26493	0.17501	0.10392	0.083859	0.071029	0.042095	0.036599	0.0037996	14.985
967.09	-0.040132	-0.050678	-0.11076	-0.28758	-0.51901	-0.71669	-1.0723	-1.5431	-2.0436	-2.6888	-3.6898	-4.4538	-5.3124	-4.6289	-3.1864	-2.3606	-1.035	0.2	0.83848	0.87142	0.67404	0.46442	0.27564	0.17596	0.11509	0.078606	0.069578	0.023471	0.031844	-0.010281	15.263
966.45	-0.057723	-0.046488	-0.11482	-0.30193	-0.52639	-0.70694	-1.0866	-1.5409	-2.0419	-2.7576	-3.6252	-4.5674	-5.474	-4.8001	-3.3301	-2.4803	-1.1229	0.14459	0.83379	0.89022	0.69855	0.47931	0.29428	0.19821	0.12845	0.085533	0.066561	0.026946	0.0022716	-0.0095048	15.518
966.35	-0.064117	-0.077738	-0.12603	-0.30196	-0.49438	-0.73258	-1.1063	-1.5322	-2.0596	-2.8086	-3.7792	-4.7049	-5.6112	-4.9259	-3.4653	-2.6028	-1.2135	0.095139	0.81364	0.88866	0.70561	0.48473	0.2911	0.19899	0.12403	0.093182	0.061206	0.027642	0.011072	-0.0095073	15.71
965.6	-0.05218	-0.060051	-0.13892	-0.28172	-0.49006	-0.71183	-1.0732	-1.58	-2.0772	-2.8345	-3.7938	-4.7807	-5.7321	-5.0778	-3.608	-2.7303	-1.3123	0.055259	0.80601	0.8852	0.72791	0.49202	0.30177	0.21901	0.13816	0.089432	0.071217	0.019353	0.015883	-0.028322	15.892
966.24	-0.068915	-0.086191	-0.14443	-0.27681	-0.48505	-0.72158	-1.1117	-1.5444	-2.1026	-2.8613	-3.9056	-4.8865	-5.8278	-5.2224	-3.7078	-2.8403	-1.3729	0.018767	0.80098	0.89953	0.75926	0.51704	0.3128	0.21886	0.12774	0.10465	0.078064	0.037334	0.0054732	-0.02752	16.076
964.96	-0.10499	-0.10322	-0.13261	-0.26456	-0.49039	-0.71998	-1.0981	-1.5746	-2.1168	-2.897	-3.8964	-4.9132	-5.9638	-5.3507	-3.8554	-2.939	-1.4694	-0.044655	0.79754	0.89574	0.74316	0.51695	0.31321	0.20769	0.1545	0.09867	0.068195	0.039464	-0.01775	-0.012656	16.219
965.07	-0.088987	-0.084605	-0.1534	-0.26217	-0.4637	-0.70113	-1.055	-1.568	-2.1463	-2.9155	-3.9479	-5.0534	-6.0613	-5.4748	-3.9504	-3.0192	-1.5339	-0.074198	0.76668	0.89315	0.74852	0.51689	0.32202	0.21684	0.14119	0.11166	0.062055	0.022827	-0.0041336	-0.029906	16.345
963.79	-0.10752	-0.12197	-0.16082	-0.26646	-0.48706	-0.69095	-1.0896	-1.5508	-2.1407	-2.9226	-4.0086	-5.0971	-6.1536	-5.5737	-4.0331	-3.1135	-1.5975	-0.099531	0.76619	0.89932	0.74484	0.52605	0.32566	0.24238	0.13546	0.10032	0.070582	0.027714	-0.001733	-0.036227	16.447
963.69	-0.12594	-0.12791	-0.16244	-0.27596	-0.46594	-0.67138	-1.0784	-1.5558	-2.1517	-2.973	-4.009	-5.132	-6.2239	-5.6521	-4.1187	-3.1719	-1.652	-0.12565	0.74824	0.88945	0.74648	0.52841	0.33053	0.21332	0.13621	0.095737	0.05984	0.022166	-0.02018	-0.055861	16.584
962.63	-0.13731	-0.12466	-0.18027	-0.27785	-0.44211	-0.65416	-1.0493	-1.5712	-2.1273	-2.9524	-4.0852	-5.1809	-6.2834	-5.72	-4.1965	-3.2472	-1.6782	-0.15019	0.74831	0.90041	0.75354	0.54441	0.3317	0.22658	0.1297	0.085873	0.060673	0.018717	-0.015384	-0.051207	16.643
962.41	-0.14615	-0.14504	-0.17951	-0.27949	-0.421	-0.66714	-1.0586	-1.5377	-2.1431	-2.9982	-4.0897	-5.2535	-6.3367	-5.7878	-4.2319	-3.2705	-1.7183	-0.17985	0.73944	0.8715	0.76072	0.53605	0.31646	0.20671	0.13639	0.079756	0.049153	0.0096874	-0.021011	-0.055149	16.669
960.61	-0.16651	-0.15635	-0.17341	-0.27052	-0.45327	-0.63411	-1.0387	-1.5511	-2.1647	-3.0055	-4.0983	-5.2492	-6.3727	-5.8288	-4.2606	-3.3171	-1.7597	-0.19677	0.71143	0.88647	0.75434	0.53474	0.32513	0.20863	0.12477	0.084515	0.04	-0.002827	-0.022659	-0.060768	16.682
961.46	-0.16877	-0.17319	-0.22949	-0.29559	-0.41592	-0.62755	-1.0665	-1.5231	-2.1414	-2.9651	-4.0632	-5.3002	-6.3725	-5.8294	-4.2689	-3.3255	-1.7606	-0.19834	0.72361	0.88236	0.74665	0.53195	0.32887	0.21151	0.11873	0.068318	0.049202	-0.0069957	-0.037109	-0.076455	16.661
960.61	-0.17374	-0.17844	-0.19834	-0.27685	-0.42888	-0.63754	-1.019	-1.5341	-2.141	-2.9743	-4.0812	-5.2695	-6.3875	-5.8483	-4.2917	-3.3519	-1.7687	-0.21249	0.72575	0.88314	0.74653	0.53629	0.32271	0.20479	0.11513	0.079906	0.040002	-4.1081e-005	-0.026681	-0.062342	16.672
961.56	-0.21289	-0.20287	-0.22224	-0.29239	-0.41587	-0.57697	-1.0384	-1.5092	-2.112	-2.9376	-4.0439	-5.2493	-6.3563	-5.8425	-4.2909	-3.3445	-1.7718	-0.21664	0.73859	0.8781	0.74267	0.54424	0.32158	0.20535	0.13058	0.072917	0.033802	0.012478	-0.047556	-0.094548	16.648
960.71	-0.21147	-0.22004	-0.22324	-0.31244	-0.40601	-0.59633	-0.98173	-1.4912	-2.1024	-2.9443	-4.1014	-5.2893	-6.386	-5.8827	-4.3292	-3.3652	-1.7977	-0.22469	0.70683	0.86971	0.74801	0.54241	0.31783	0.22319	0.11215	0.080666	0.035375	-0.0090909	-0.062079	-0.095419	16.624
961.67	-0.19361	-0.21558	-0.24631	-0.30106	-0.41582	-0.57947	-0.99891	-1.5284	-2.1049	-2.9751	-4.0516	-5.2505	-6.3734	-5.8638	-4.2947	-3.336	-1.7967	-0.21313	0.70838	0.89548	0.75117	0.52875	0.30864	0.21377	0.11945	0.063697	0.060736	-0.018818	-0.055588	-0.10477	16.548
960.39	-0.20351	-0.23541	-0.24342	-0.32443	-0.38489	-0.54081	-0.97523	-1.4917	-2.1	-2.9264	-4.0848	-5.2309	-6.3384	-5.8261	-4.278	-3.3203	-1.7585	-0.19682	0.74402	0.89667	0.75998	0.54259	0.33812	0.22634	0.12258	0.090684	0.036158	-0.0070034	-0.064515	-0.10412	16.497
961.46	-0.21452	-0.23175	-0.24556	-0.30666	-0.39233	-0.5325	-0.93479	-1.4707	-2.0801	-2.8985	-4.0345	-5.2013	-6.3128	-5.7879	-4.2525	-3.294	-1.7403	-0.18439	0.73792	0.90234	0.76148	0.52578	0.32968	0.20998	0.12022	0.065249	0.043045	-0.022994	-0.048364	-0.12683	16.405
960.61	-0.22033	-0.23026	-0.24899	-0.31248	-0.38953	-0.49526	-0.91743	-1.4228	-2.0505	-2.8846	-4.012	-5.1794	-6.2509	-5.7361	-4.1889	-3.2427	-1.6947	-0.17146	0.74988	0.89064	0.76215	0.52084	0.3106	0.20095	0.10325	0.056852	0.026134	-0.02232	-0.051625	-0.10015	16.316
962.09	-0.23763	-0.24432	-0.27269	-0.33176	-0.39993	-0.50819	-0.9024	-1.4214	-2.0458	-2.8309	-3.9959	-5.122	-6.1885	-5.659	-4.1161	-3.1949	-1.6596	-0.1494	0.74119	0.8851	0.74304	0.5316	0.30367	0.18837	0.091981	0.038349	0.015324	-0.034796	-0.05958	-0.11416	16.184
962.09	-0.24485	-0.27486	-0.28473	-0.3199	-0.39993	-0.50734	-0.89105	-1.3916	-2.0121	-2.812	-3.9296	-5.0531	-6.1451	-5.5811	-4.0505	-3.1125	-1.6052	-0.10232	0.75399	0.88843	0.73914	0.49228	0.29158	0.18071	0.09124	0.034512	0.016094	-0.045223	-0.086896	-0.11573	16.05
962.94	-0.25425	-0.28902	-0.28528	-0.34963	-0.37838	-0.5009	-0.85021	-1.3864	-2.0019	-2.8103	-3.8356	-4.9878	-6.0197	-5.4544	-3.9419	-3.0347	-1.5195	-0.067395	0.76762	0.89346	0.7307	0.49877	0.27039	0.15834	0.074873	0.032951	-0.019274	-0.047962	-0.082002	-0.14863	15.911
962.52	-0.24474	-0.26117	-0.30788	-0.3166	-0.36362	-0.4823	-0.80975	-1.3499	-1.9339	-2.7738	-3.8122	-4.9186	-5.9255	-5.3562	-3.8591	-2.9554	-1.495	-0.029956	0.76645	0.88471	0.71855	0.49052	0.2705	0.14691	0.04306	0.021459	-0.023897	-0.074385	-0.095691	-0.15185	15.74
964.86	-0.27694	-0.28337	-0.27111	-0.30006	-0.35961	-0.47175	-0.77912	-1.3178	-1.9117	-2.7417	-3.7144	-4.7949	-5.82	-5.2339	-3.7724	-2.8564	-1.4177	-0.0029369	0.79763	0.88671	0.71059	0.4801	0.27387	0.14273	0.056993	0.011462	-0.020771	-0.058956	-0.092255	-0.14285	15.557
964.75	-0.26897	-0.29609	-0.26153	-0.33163	-0.34633	-0.47863	-0.76412	-1.2946	-1.8958	-2.6953	-3.7077	-4.7145	-5.7078	-5.1033	-3.6335	-2.7553	-1.3345	0.031835	0.7857	0.88349	0.69122	0.48169	0.24978	0.13969	0.041482	-0.00078006	-0.026909	-0.079759	-0.11229	-0.15385	15.348
965.07	-0.25209	-0.27655	-0.30706	-0.3197	-0.38068	-0.44179	-0.77594	-1.2998	-1.8639	-2.6601	-3.5884	-4.6135	-5.563	-4.9308	-3.4948	-2.6376	-1.2572	0.057028	0.78394	0.86993	0.67001	0.45386	0.22961	0.10678	0.023003	-0.019902	-0.044539	-0.090821	-0.11706	-0.16085	15.14
963.26	-0.26057	-0.29316	-0.26274	-0.35425	-0.35314	-0.44432	-0.73432	-1.2741	-1.859	-2.6109	-3.5682	-4.4988	-5.4287	-4.7965	-3.3756	-2.5055	-1.1777	0.13027	0.81399	0.86159	0.67594	0.42621	0.22039	0.10622	0.017125	-0.024538	-0.039244	-0.096545	-0.11488	-0.16744	14.884
963.37	-0.28217	-0.27195	-0.27554	-0.32184	-0.35703	-0.44855	-0.73575	-1.2538	-1.7953	-2.5663	-3.4613	-4.3934	-5.2949	-4.6419	-3.2323	-2.3979	-1.0657	0.17466	0.82593	0.85318	0.66029	0.42077	0.20587	0.085535	0.011205	-0.029133	-0.052299	-0.10278	-0.13893	-0.16978	14.641
962.2	-0.25124	-0.27907	-0.26463	-0.3088	-0.34411	-0.40802	-0.66857	-1.2111	-1.8052	-2.5333	-3.3767	-4.3008	-5.1596	-4.4941	-3.1086	-2.287	-0.98993	0.21409	0.83521	0.85589	0.64861	0.3997	0.1892	0.081038	0.0045487	-0.026867	-0.056977	-0.11055	-0.1158	-0.14954	14.362
962.52	-0.24875	-0.26795	-0.26856	-0.30079	-0.33692	-0.39249	-0.67364	-1.1841	-1.761	-2.48	-3.3227	-4.1865	-5.0115	-4.3181	-2.9455	-2.1482	-0.87928	0.2846	0.86428	0.86891	0.63905	0.39725	0.19719	0.081778	-0.0028577	-0.03376	-0.04927	-0.1133	-0.13263	-0.15814	14.065
962.2	-0.23841	-0.23921	-0.255	-0.27718	-0.3496	-0.40289	-0.67462	-1.2062	-1.721	-2.4225	-3.2987	-4.1128	-4.8783	-4.1717	-2.8275	-2.0432	-0.7968	0.32392	0.86156	0.85256	0.61743	0.3596	0.17147	0.056509	-0.027308	-0.052184	-0.077744	-0.12862	-0.12786	-0.17942	13.748
962.84	-0.23905	-0.23651	-0.25403	-0.28095	-0.30776	-0.38296	-0.68702	-1.1805	-1.7099	-2.3774	-3.3242	-3.9796	-4.728	-3.9994	-2.6697	-1.9151	-0.71436	0.37597	0.87303	0.84617	0.59676	0.33779	0.15364	0.038087	-0.041356	-0.066717	-0.085379	-0.11395	-0.135	-0.17223	13.435
963.05	-0.2406	-0.22629	-0.23473	-0.27536	-0.29828	-0.38116	-0.68385	-1.1601	-1.6652	-2.349	-3.1335	-3.865	-4.5612	-3.8273	-2.5114	-1.7832	-0.6015	0.43336	0.87283	0.82853	0.58339	0.33156	0.12059	0.026593	-0.05541	-0.072834	-0.078443	-0.12018	-0.14219	-0.16512	13.123
963.69	-0.20281	-0.21259	-0.20331	-0.22624	-0.32397	-0.35272	-0.63884	-1.1497	-1.6197	-2.2802	-3.3312	-3.7462	-4.4074	-3.6708	-2.3884	-1.6531	-0.52413	0.45396	0.86399	0.8122	0.56354	0.30978	0.1197	0.011268	-0.059812	-0.078147	-0.09375	-0.13328	-0.12766	-0.15637	12.796
964.86	-0.20016	-0.19626	-0.16945	-0.24804	-0.29615	-0.33522	-0.63354	-1.121	-1.5903	-2.2283	-3.0168	-3.6211	-4.2444	-3.4752	-2.2316	-1.5005	-0.42881	0.49774	0.87795	0.80292	0.53409	0.28788	0.097055	0.0036095	-0.07156	-0.10101	-0.11741	-0.14005	-0.13551	-0.16481	12.437
966.24	-0.18071	-0.17824	-0.19318	-0.25241	-0.28712	-0.3356	-0.6492	-1.1106	-1.585	-2.1597	-2.9946	-3.5087	-4.0809	-3.3094	-2.079	-1.3874	-0.34981	0.5413	0.8752	0.78023	0.51702	0.26673	0.07284	-0.012427	-0.084738	-0.10468	-0.14252	-0.14885	-0.14252	-0.15283	12.082
965.71	-0.15205	-0.15299	-0.20929	-0.22026	-0.24814	-0.34345	-0.66313	-1.116	-1.5721	-2.1306	-2.9382	-3.4069	-3.9434	-3.1373	-1.9556	-1.2779	-0.26511	0.58936	0.87943	0.76243	0.50099	0.2446	0.068061	-0.036873	-0.10324	-0.11315	-0.12497	-0.13716	-0.11939	-0.14037	11.703
966.03	-0.17037	-0.15717	-0.18603	-0.17689	-0.26371	-0.33056	-0.63202	-1.0836	-1.5266	-2.098	-2.8577	-3.3144	-3.7877	-2.989	-1.8021	-1.1633	-0.1656	0.61261	0.87989	0.74643	0.4752	0.24299	0.049576	-0.046787	-0.10025	-0.11999	-0.1234	-0.14127	-0.12335	-0.13641	11.406
967.41	-0.15736	-0.162	-0.15303	-0.22538	-0.24849	-0.32668	-0.66271	-1.0788	-1.513	-2.0321	-2.7715	-3.1912	-3.6428	-2.8394	-1.6752	-1.0524	-0.1016	0.64814	0.87639	0.72799	0.45668	0.2135	0.027062	-0.073404	-0.11116	-0.1366	-0.13929	-0.14867	-0.14394	-0.14091	11.018
969	-0.10057	-0.099421	-0.16314	-0.16535	-0.25198	-0.2964	-0.63534	-1.0642	-1.4824	-2.0019	-2.6592	-3.0939	-3.4922	-2.7081	-1.556	-0.94808	-0.043415	0.6817	0.88541	0.72679	0.43812	0.18022	0.012613	-0.064149	-0.11319	-0.14095	-0.13371	-0.14083	-0.09505	-0.11178	10.652
969.11	-0.091005	-0.12214	-0.14559	-0.17083	-0.21529	-0.31251	-0.64127	-1.0521	-1.4853	-1.9275	-2.5859	-2.9867	-3.3603	-2.5297	-1.4223	-0.83495	0.041994	0.69893	0.88606	0.70358	0.40247	0.16183	0.0030085	-0.080885	-0.12641	-0.13712	-0.12759	-0.13185	-0.11658	-0.1024	10.29
969.11	-0.099762	-0.1053	-0.12487	-0.17554	-0.22621	-0.31336	-0.68258	-1.0561	-1.4457	-1.9234	-2.5084	-2.8702	-3.2095	-2.3644	-1.2887	-0.71871	0.12257	0.7396	0.87709	0.6755	0.3746	0.13734	-0.018595	-0.087735	-0.14481	-0.14703	-0.11995	-0.13737	-0.087861	-0.089907	9.9138
970.17	-0.093291	-0.10014	-0.12155	-0.15418	-0.22129	-0.31981	-0.67883	-1.0318	-1.4009	-1.8138	-2.415	-2.7646	-3.0446	-2.2153	-1.159	-0.61222	0.20131	0.76473	0.87389	0.66816	0.35563	0.10966	-0.038557	-0.11881	-0.15052	-0.15067	-0.14271	-0.13377	-0.10051	-0.095268	9.5196
970.7	-0.073367	-0.080753	-0.11193	-0.1729	-0.19392	-0.35356	-0.64847	-1.0424	-1.3781	-1.7908	-2.3479	-2.6468	-2.9093	-2.0563	-1.0328	-0.48863	0.27037	0.80492	0.86446	0.62904	0.33766	0.10043	-0.044927	-0.1195	-0.15044	-0.162	-0.15254	-0.15712	-0.090903	-0.086641	9.1706
971.34	-0.059022	-0.044575	-0.11743	-0.12033	-0.23581	-0.33468	-0.66078	-1.0162	-1.3469	-1.701	-2.2566	-2.5384	-2.737	-1.8909	-0.87665	-0.37474	0.34013	0.81562	0.84227	0.59813	0.30268	0.082029	-0.078428	-0.13613	-0.16869	-0.16265	-0.15549	-0.13912	-0.073336	-0.067887	8.7685
971.66	-0.044707	-0.055477	-0.087183	-0.12342	-0.1805	-0.34474	-0.68229	-1.0007	-1.3229	-1.685	-2.1697	-2.4327	-2.6048	-1.7351	-0.77219	-0.29066	0.40591	0.83606	0.84348	0.58311	0.27633	0.044591	-0.091969	-0.14671	-0.16863	-0.18463	-0.14706	-0.13357	-0.056607	-0.054625	8.3697
972.19	-0.05024	-0.028588	-0.072836	-0.12805	-0.18817	-0.36826	-0.6864	-1.0113	-1.298	-1.6523	-2.1099	-2.3292	-2.4493	-1.5895	-0.64975	-0.18982	0.46031	0.84423	0.82439	0.54491	0.24995	0.02854	-0.10707	-0.16939	-0.17368	-0.17466	-0.15687	-0.13831	-0.055781	-0.067049	7.9695
972.3	-0.031982	-0.027746	-0.041847	-0.11552	-0.22236	-0.37246	-0.66911	-0.96579	-1.2804	-1.6952	-2.0183	-2.2102	-2.3056	-1.46	-0.53449	-0.10111	0.51808	0.86139	0.81462	0.51768	0.226	0.0086978	-0.12301	-0.17468	-0.20518	-0.19665	-0.1462	-0.14311	-0.062134	-0.058481	7.5807
973.57	0.004517	-0.017651	-0.063212	-0.10912	-0.2508	-0.39734	-0.66226	-0.97328	-1.256	-1.65	-1.9545	-2.114	-2.1839	-1.3289	-0.44176	-0.014792	0.56231	0.86371	0.77784	0.49152	0.19642	-0.021032	-0.14675	-0.20703	-0.1954	-0.18502	-0.16805	-0.15735	-0.054113	-0.056071	7.1856
973.89	0.015609	0.014195	-0.054468	-0.086431	-0.24295	-0.4175	-0.66877	-0.94512	-1.2133	-1.5756	-1.8706	-2.0139	-2.0454	-1.2065	-0.3198	0.064983	0.60623	0.8686	0.77312	0.46012	0.17094	-0.066731	-0.15625	-0.20923	-0.2107	-0.18648	-0.1718	-0.14562	-0.051714	-0.019534	6.7698
974.74	0.0037204	0.0058111	-0.029063	-0.13629	-0.26833	-0.4374	-0.70104	-0.94032	-1.2031	-1.5272	-1.8034	-1.9181	-1.9029	-1.0868	-0.23867	0.14224	0.64976	0.873	0.75164	0.42359	0.12846	-0.060583	-0.17521	-0.21889	-0.20906	-0.19995	-0.17165	-0.13109	-0.044533	-0.00010712	6.4057
973.57	0.025124	0.039346	-0.031478	-0.098179	-0.27331	-0.42271	-0.67272	-0.92951	-1.1494	-1.4836	-1.7444	-1.8358	-1.7734	-0.94769	-0.1367	0.22061	0.69786	0.87232	0.72353	0.38463	0.10241	-0.083516	-0.19454	-0.22976	-0.2342	-0.21687	-0.18022	-0.13742	-0.039823	-0.0016624	6.0306
973.25	0.060808	0.028458	-0.0060941	-0.10837	-0.29515	-0.44569	-0.6707	-0.89478	-1.121	-1.4297	-1.6705	-1.7213	-1.6514	-0.82839	-0.041274	0.29172	0.73018	0.86399	0.70739	0.35432	0.078549	-0.10336	-0.21771	-0.24499	-0.23135	-0.20708	-0.16735	-0.1093	-0.0311	0.016221	5.6589
973.57	0.062374	0.051918	0.0018399	-0.15755	-0.30592	-0.43201	-0.66824	-0.90643	-1.1123	-1.3927	-1.5902	-1.623	-1.5376	-0.73022	0.042249	0.35946	0.75801	0.86113	0.66699	0.33037	0.045388	-0.13838	-0.22958	-0.25779	-0.23713	-0.21308	-0.16653	-0.11476	-0.013624	0.012328	5.2923
974.53	0.07498	0.0728	0.0065953	-0.16052	-0.29632	-0.41891	-0.65489	-0.85306	-1.1195	-1.3354	-1.5213	-1.5387	-1.4113	-0.60124	0.12223	0.43165	0.79092	0.85512	0.65221	0.2939	0.01609	-0.15575	-0.24209	-0.26435	-0.24714	-0.22953	-0.17169	-0.10984	0.014944	0.023187	4.9243
975.27	0.10578	0.078601	-0.00053637	-0.17911	-0.32089	-0.43801	-0.63722	-0.86115	-1.0439	-1.2963	-1.4432	-1.447	-1.3048	-0.50545	0.2038	0.48867	0.81113	0.84415	0.62646	0.26002	-0.0031541	-0.16781	-0.25542	-0.26263	-0.25499	-0.23087	-0.18218	-0.10084	0.034746	0.037911	4.579
976.76	0.10641	0.060103	-0.018725	-0.16949	-0.29951	-0.45252	-0.63998	-0.85746	-1.0559	-1.2491	-1.4003	-1.3648	-1.1913	-0.3999	0.26379	0.54997	0.84027	0.83084	0.59362	0.23094	-0.03848	-0.21008	-0.26377	-0.29168	-0.25241	-0.2275	-0.17887	-0.088365	0.006996	0.051024	4.2244
977.29	0.10003	0.089294	-0.0029079	-0.1694	-0.32951	-0.40004	-0.61729	-0.81338	-1.0357	-1.2233	-1.3342	-1.2668	-1.0755	-0.31735	0.32646	0.57829	0.85899	0.82095	0.5555	0.17266	-0.059951	-0.23047	-0.28822	-0.30813	-0.24279	-0.21906	-0.16363	-0.073262	0.025974	0.065709	3.8892
978.99	0.11405	0.12248	-0.028938	-0.1963	-0.31041	-0.45064	-0.59243	-0.78981	-1.0106	-1.172	-1.2508	-1.1926	-0.98833	-0.2354	0.39115	0.63363	0.86867	0.77241	0.52938	0.14211	-0.10583	-0.25735	-0.31465	-0.31287	-0.26859	-0.23452	-0.17544	-0.093629	0.045667	0.088011	3.5351
980.26	0.1383	0.11316	-0.037568	-0.18751	-0.31849	-0.42822	-0.5924	-0.7793	-0.97471	-1.1285	-1.192	-1.1226	-0.89502	-0.14742	0.45157	0.66133	0.87869	0.77739	0.48066	0.10355	-0.13936	-0.28199	-0.3182	-0.32149	-0.27551	-0.2425	-0.17521	-0.089413	0.053495	0.080949	3.2485
982.49	0.13406	0.10045	-0.050847	-0.2103	-0.31853	-0.42138	-0.58216	-0.78936	-0.93351	-1.0866	-1.1489	-1.0466	-0.79585	-0.069163	0.49361	0.69541	0.87113	0.74916	0.45598	0.061758	-0.16272	-0.29494	-0.338	-0.33277	-0.29012	-0.23143	-0.15297	-0.10623	0.037637	0.090007	2.9349
982.28	0.12702	0.09798	-0.065796	-0.19564	-0.32399	-0.42147	-0.58674	-0.74141	-0.91272	-1.0667	-1.0692	-0.98374	-0.73379	0.0008114	0.54355	0.71692	0.86893	0.73225	0.41331	0.031619	-0.19636	-0.32068	-0.3507	-0.34035	-0.28438	-0.24651	-0.14924	-0.09876	0.053383	0.11699	2.6695
982.49	0.16312	0.10377	-0.046915	-0.2165	-0.31315	-0.43312	-0.58957	-0.7586	-0.90802	-1.0029	-1.0391	-0.9144	-0.63725	0.042955	0.57805	0.75867	0.87749	0.70819	0.38373	-0.011569	-0.2154	-0.32892	-0.37114	-0.35379	-0.29012	-0.24721	-0.14845	-0.094655	0.043145	0.11311	2.3946
982.07	0.13883	0.11379	-0.045363	-0.2073	-0.30559	-0.40899	-0.56463	-0.73447	-0.85966	-0.99452	-0.98329	-0.84477	-0.56237	0.11537	0.60449	0.77957	0.88343	0.68373	0.36029	-0.0238	-0.243	-0.35172	-0.36025	-0.35169	-0.30694	-0.24957	-0.16961	-0.10627	0.072284	0.11702	2.1312
984.09	0.15501	0.1036	-0.047624	-0.2061	-0.31341	-0.39309	-0.56939	-0.72745	-0.86838	-0.94832	-0.93655	-0.78868	-0.47182	0.1834	0.66057	0.80086	0.87289	0.66102	0.33674	-0.046527	-0.25622	-0.35703	-0.3737	-0.34123	-0.28313	-0.2303	-0.13166	-0.072077	0.072921	0.10678	1.9142
983.77	0.15506	0.12188	-0.049994	-0.19612	-0.29814	-0.39238	-0.55108	-0.74659	-0.82599	-0.9165	-0.90616	-0.73371	-0.42043	0.23111	0.6844	0.81376	0.86048	0.63395	0.29488	-0.084786	-0.29138	-0.38958	-0.39195	-0.36983	-0.30351	-0.21912	-0.13773	-0.096574	0.087087	0.1122	1.7037
986.21	0.14764	0.10669	-0.082763	-0.19177	-0.3066	-0.41646	-0.54898	-0.71017	-0.81348	-0.89821	-0.85141	-0.67163	-0.35816	0.27015	0.7029	0.82986	0.85518	0.60687	0.25669	-0.12841	-0.30588	-0.39538	-0.39805	-0.37415	-0.30421	-0.24702	-0.15389	-0.076667	0.090791	0.12036	1.4981
986	0.15706	0.11085	-0.059282	-0.19413	-0.29594	-0.38732	-0.53212	-0.66789	-0.80768	-0.88077	-0.82884	-0.62269	-0.30757	0.31695	0.73502	0.84895	0.84824	0.56873	0.23912	-0.16578	-0.33181	-0.42481	-0.42016	-0.39293	-0.30716	-0.24184	-0.16143	-0.099067	0.078269	0.13343	1.3101
988.65	0.12854	0.10643	-0.056779	-0.18976	-0.30432	-0.38462	-0.50713	-0.69823	-0.76975	-0.84085	-0.77162	-0.58924	-0.25019	0.33981	0.75402	0.84824	0.84359	0.54345	0.20331	-0.19529	-0.35217	-0.42817	-0.42374	-0.3777	-0.28903	-0.22103	-0.16325	-0.074448	0.069457	0.12389	1.1541
987.91	0.15832	0.10981	-0.059949	-0.22994	-0.30225	-0.39324	-0.54729	-0.72542	-0.77033	-0.83348	-0.76085	-0.55703	-0.22396	0.38435	0.76131	0.84888	0.81103	0.51669	0.1712	-0.22137	-0.38509	-0.45027	-0.43976	-0.39889	-0.3044	-0.28994	-0.16187	-0.094813	0.060121	0.12015	0.995
989.18	0.1511	0.10884	-0.062995	-0.19735	-0.31332	-0.40438	-0.52893	-0.68532	-0.7403	-0.80525	-0.70404	-0.52971	-0.17543	0.40676	0.76536	0.85721	0.81867	0.51179	0.15267	-0.2227	-0.39445	-0.44669	-0.43449	-0.40508	-0.2932	-0.2321	-0.15268	-0.075761	0.089737	0.13071	0.87571
988.44	0.13794	0.10893	-0.083357	-0.19442	-0.32044	-0.39636	-0.50356	-0.65291	-0.73564	-0.78108	-0.70195	-0.49747	-0.12729	0.42999	0.78188	0.85864	0.80585	0.48502	0.11908	-0.27713	-0.40537	-0.46204	-0.44344	-0.39121	-0.32011	-0.26364	-0.16852	-0.096117	0.063217	0.14459	0.77395
988.97	0.13786	0.08659	-0.083313	-0.20431	-0.31874	-0.40197	-0.49225	-0.66275	-0.71439	-0.76868	-0.6719	-0.46028	-0.10762	0.44872	0.79656	0.86918	0.80779	0.45932	0.091186	-0.27779	-0.41502	-0.47755	-0.45261	-0.40069	-0.3084	-0.24559	-0.16619	-0.091329	0.072561	0.12921	0.68334
988.44	0.15745	0.10232	-0.074762	-0.20673	-0.31815	-0.37887	-0.51313	-0.63959	-0.7185	-0.76429	-0.64869	-0.4382	-0.078264	0.48215	0.80622	0.86886	0.80585	0.44853	0.08757	-0.28522	-0.42662	-0.4703	-0.44187	-0.39718	-0.32443	-0.22556	-0.16702	-0.071759	0.08824	0.13157	0.65632
989.82	0.15723	0.10053	-0.07544	-0.2195	-0.31236	-0.3825	-0.52491	-0.64574	-0.73238	-0.75924	-0.64255	-0.41614	-0.059324	0.48859	0.81264	0.86529	0.77791	0.42503	0.058177	-0.30666	-0.43209	-0.49213	-0.47181	-0.39439	-0.32542	-0.24762	-0.13688	-0.091928	0.08968	0.1268	0.5737
989.18	0.14485	0.10472	-0.062995	-0.19043	-0.29498	-0.39107	-0.48993	-0.64772	-0.70754	-0.73896	-0.63425	-0.4104	-0.030721	0.49917	0.81987	0.85957	0.76815	0.43463	0.066268	-0.31981	-0.44754	-0.48119	-0.45095	-0.40657	-0.32275	-0.23882	-0.15044	-0.079818	0.099894	0.14142	0.53398
989.18	0.12691	0.10307	-0.090323	-0.20196	-0.29498	-0.39024	-0.56425	-0.65007	-0.71052	-0.74455	-0.61941	-0.4001	-0.042781	0.49522	0.8031	0.858	0.77288	0.41852	0.050159	-0.31819	-0.44754	-0.48944	-0.46349	-0.42372	-0.30041	-0.24927	-0.15867	-0.096045	0.085831	0.12153	0.55304
988.23	0.1364	0.086655	-0.081032	-0.206	-0.31898	-0.39811	-0.51029	-0.64678	-0.71866	-0.74047	-0.62263	-0.38589	-0.020944	0.5202	0.83578	0.87691	0.77758	0.42317	0.047277	-0.32498	-0.44038	-0.49367	-0.4608	-0.40473	-0.29421	-0.25399	-0.17904	-0.077188	0.069487	0.12547	0.5737
989.4	0.13156	0.11459	-0.088743	-0.21806	-0.33465	-0.38599	-0.49498	-0.6515	-0.71036	-0.7364	-0.61754	-0.39916	-0.026193	0.50775	0.82305	0.87352	0.77903	0.42013	0.059666	-0.32298	-0.45275	-0.51108	-0.44536	-0.40798	-0.30539	-0.23877	-0.15863	-0.07169	0.096748	0.12762	0.57846
989.29	0.16356	0.093985	-0.08641	-0.22193	-0.311	-0.39269	-0.47076	-0.62024	-0.70672	-0.73169	-0.6272	-0.39577	-0.02695	0.50938	0.82566	0.87126	0.77675	0.41339	0.057475	-0.32948	-0.44218	-0.50439	-0.4556	-0.39311	-0.30254	-0.25596	-0.14519	-0.075754	0.087384	0.15594	0.61501
988.76	0.14023	0.10476	-0.092705	-0.19974	-0.29664	-0.40456	-0.53652	-0.64251	-0.69816	-0.73688	-0.61357	-0.38654	-0.015653	0.51913	0.81939	0.87251	0.75979	0.41022	0.05824	-0.32885	-0.45077	-0.4949	-0.46055	-0.38959	-0.31207	-0.24863	-0.16023	-0.069031	0.067887	0.13612	0.67698
987.17	0.14593	0.088401	-0.090507	-0.207	-0.31779	-0.40104	-0.51379	-0.63806	-0.70899	-0.73086	-0.63204	-0.38544	-0.019455	0.50968	0.82071	0.86762	0.7713	0.41088	0.051728	-0.34884	-0.45301	-0.4957	-0.46994	-0.41637	-0.32774	-0.23781	-0.16349	-0.082013	0.068778	0.10721	0.72943
987.38	0.13965	0.1016	-0.082665	-0.23468	-0.31696	-0.39929	-0.54611	-0.65126	-0.70659	-0.75391	-0.63016	-0.39653	-0.021717	0.5159	0.82053	0.87137	0.76481	0.40909	0.039247	-0.32688	-0.45367	-0.48883	-0.45884	-0.41105	-0.3024	-0.24075	-0.16121	-0.076576	0.077375	0.12712	0.83436
987.27	0.14591	0.096657	-0.084239	-0.21468	-0.31469	-0.40267	-0.51595	-0.64113	-0.7298	-0.74039	-0.63285	-0.40604	-0.033801	0.50567	0.81894	0.86281	0.76963	0.39724	0.054658	-0.33097	-0.46056	-0.50016	-0.46282	-0.39989	-0.32193	-0.24676	-0.17172	-0.070489	0.083648	0.14399	0.88366
987.91	0.13098	0.084203	-0.092002	-0.22224	-0.31832	-0.41074	-0.5333	-0.6666	-0.72933	-0.7599	-0.65428	-0.41351	-0.038308	0.50376	0.81421	0.86775	0.76677	0.40972	0.057556	-0.32346	-0.45191	-0.47355	-0.45153	-0.4071	-0.28492	-0.25033	-0.1746	-0.07992	0.076553	0.12322	1.0825
988.12	0.12549	0.084185	-0.12481	-0.21603	-0.34196	-0.40065	-0.56485	-0.67273	-0.73513	-0.77014	-0.67335	-0.44435	-0.066218	0.47915	0.81656	0.84634	0.78557	0.4317	0.064141	-0.30881	-0.44498	-0.46594	-0.44358	-0.40179	-0.30434	-0.24057	-0.15434	-0.073813	0.072623	0.10328	1.2258
988.44	0.14028	0.088287	-0.093516	-0.23212	-0.35026	-0.42135	-0.55952	-0.66389	-0.75129	-0.78747	-0.68623	-0.43734	-0.07751	0.46556	0.79615	0.85864	0.80032	0.44683	0.091968	-0.2917	-0.41979	-0.45754	-0.4458	-0.38076	-0.29992	-0.21211	-0.11911	-0.065671	0.085112	0.14	1.3436
988.76	0.13711	0.08248	-0.079426	-0.24897	-0.34557	-0.42871	-0.55198	-0.67935	-0.7436	-0.79601	-0.6895	-0.46725	-0.11066	0.4575	0.79254	0.87094	0.80243	0.46959	0.12417	-0.24627	-0.38779	-0.44614	-0.4135	-0.36498	-0.26017	-0.21951	-0.14826	-0.075117	0.092121	0.13229	1.5188
988.44	0.15433	0.10728	-0.10367	-0.24443	-0.35409	-0.42218	-0.56173	-0.68349	-0.76917	-0.80905	-0.72028	-0.50777	-0.1469	0.44263	0.79951	0.86178	0.82797	0.49435	0.16012	-0.22692	-0.37805	-0.43202	-0.39402	-0.33972	-0.24294	-0.20091	-0.11836	-0.035221	0.092932	0.12239	1.7404
989.61	0.15103	0.098901	-0.10199	-0.23723	-0.35138	-0.43416	-0.54856	-0.72105	-0.78762	-0.82966	-0.75257	-0.54149	-0.18063	0.40896	0.77677	0.84664	0.82699	0.52767	0.17603	-0.18782	-0.34349	-0.41202	-0.38415	-0.34752	-0.26066	-0.19694	-0.10625	-0.057482	0.095945	0.13218	1.9525
990.99	0.13992	0.087235	-0.089379	-0.23383	-0.35089	-0.4535	-0.63519	-0.70753	-0.8051	-0.86996	-0.79419	-0.58186	-0.22928	0.37133	0.75308	0.8384	0.83687	0.53878	0.1999	-0.18029	-0.32257	-0.39497	-0.37735	-0.33885	-0.24735	-0.18252	-0.11731	-0.060776	0.088013	0.13276	2.1966
990.35	0.14546	0.09141	-0.092556	-0.25318	-0.36638	-0.45878	-0.58269	-0.72989	-0.82793	-0.89206	-0.82781	-0.61995	-0.27987	0.33449	0.72928	0.83894	0.83899	0.55691	0.20808	-0.16343	-0.31369	-0.378	-0.37133	-0.32194	-0.24607	-0.17145	-0.12261	-0.054063	0.081827	0.13972	2.4122
990.14	0.10575	0.09143	-0.123	-0.26552	-0.3718	-0.46469	-0.58796	-0.76292	-0.84968	-0.92497	-0.87505	-0.67411	-0.33038	0.29354	0.70262	0.82657	0.84311	0.58922	0.24543	-0.11981	-0.29481	-0.37283	-0.37376	-0.32573	-0.25404	-0.18789	-0.12189	-0.062179	0.073257	0.10154	2.6711
989.61	0.13466	0.081585	-0.11682	-0.25875	-0.3911	-0.46744	-0.62211	-0.7782	-0.88958	-0.93504	-0.92348	-0.72337	-0.38631	0.25027	0.69042	0.80974	0.84909	0.61581	0.28582	-0.094801	-0.27829	-0.35429	-0.36456	-0.31249	-0.24626	-0.16412	-0.11373	-0.043291	0.063142	0.11307	2.9797
989.29	0.12144	0.082437	-0.10983	-0.27728	-0.38206	-0.47258	-0.64291	-0.78785	-0.88987	-0.98007	-0.96478	-0.7811	-0.45276	0.21008	0.66632	0.79273	0.8762	0.65331	0.32252	-0.063274	-0.23971	-0.32291	-0.33489	-0.29321	-0.21823	-0.19178	-0.091324	-0.041277	0.078788	0.12917	3.2469
988.86	0.12461	0.084947	-0.13331	-0.26048	-0.40209	-0.47945	-0.62625	-0.80856	-0.91856	-1.022	-1.0272	-0.8527	-0.52081	0.14302	0.62131	0.76714	0.85288	0.668	0.34537	-0.028494	-0.21705	-0.29754	-0.32641	-0.29557	-0.23346	-0.16275	-0.11232	-0.048734	0.095238	0.11239	3.5848
987.91	0.12005	0.085029	-0.10138	-0.27459	-0.38948	-0.51158	-0.65264	-0.82739	-0.95225	-1.0502	-1.0718	-0.90165	-0.61187	0.073562	0.58916	0.75294	0.87189	0.7077	0.40436	0.018475	-0.17018	-0.2723	-0.29925	-0.28092	-0.22214	-0.16814	-0.096696	-0.052166	0.078898	0.11326	3.9117
987.7	0.11695	0.094962	-0.12565	-0.28004	-0.41635	-0.51169	-0.65942	-0.82678	-0.98303	-1.0912	-1.1236	-0.98265	-0.71089	-0.006311	0.52797	0.71771	0.85943	0.73927	0.42204	0.056571	-0.14743	-0.25283	-0.29382	-0.25186	-0.21425	-0.13679	-0.099715	-0.049468	0.07422	0.11712	4.2148
986.95	0.12564	0.073536	-0.12183	-0.30645	-0.41589	-0.5054	-0.6872	-0.94674	-1.0047	-1.1313	-1.1891	-1.0384	-0.77715	-0.048269	0.5124	0.67889	0.85612	0.74323	0.46566	0.089054	-0.11485	-0.23122	-0.2524	-0.24084	-0.20069	-0.13165	-0.09379	-0.032565	0.071142	0.10187	4.5967
986.74	0.13114	0.085129	-0.11403	-0.28108	-0.40526	-0.51802	-0.67923	-0.88412	-1.0258	-1.1764	-1.255	-1.1325	-0.86723	-0.12587	0.44861	0.65778	0.8563	0.77909	0.49953	0.12234	-0.095111	-0.19819	-0.23595	-0.22296	-0.18051	-0.14664	-0.07806	-0.035961	0.083693	0.10649	4.9227
986.74	0.12332	0.09919	-0.11951	-0.28724	-0.40373	-0.53304	-0.71759	-0.85271	-1.0698	-1.222	-1.3285	-1.2073	-0.97755	-0.2193	0.38219	0.61999	0.84997	0.80034	0.53256	0.18318	-0.042651	-0.17563	-0.22259	-0.21099	-0.17545	-0.14664	-0.06306	-0.035961	0.074291	0.1203	5.3003
987.48	0.13807	0.091676	-0.11864	-0.27625	-0.40342	-0.54932	-0.71705	-0.91249	-1.1026	-1.2611	-1.3746	-1.2932	-1.0825	-0.31565	0.32477	0.57074	0.84538	0.82267	0.5747	0.21628	-0.0046337	-0.14394	-0.18473	-0.18395	-0.16954	-0.12112	-0.063012	-0.025097	0.089108	0.13323	5.6589
987.06	0.13657	0.08593	-0.1226	-0.28176	-0.43806	-0.53621	-0.72915	-0.94428	-1.1389	-1.3073	-1.4539	-1.3755	-1.1887	-0.40285	0.26356	0.52219	0.81331	0.82302	0.60504	0.25773	0.021966	-0.11545	-0.17695	-0.16908	-0.14795	-0.1122	-0.069788	-0.022398	0.082098	0.10262	5.9968
986.32	0.11398	0.067794	-0.13679	-0.31127	-0.45831	-0.55748	-0.7666	-0.94735	-1.1763	-1.3483	-1.5294	-1.4695	-1.3136	-0.48633	0.18974	0.4706	0.80205	0.83469	0.63413	0.28065	0.045561	-0.10726	-0.15822	-0.16398	-0.14662	-0.11228	-0.052582	-0.015634	0.072756	0.095797	6.3703
984.4	0.11499	0.096108	-0.13941	-0.3196	-0.44615	-0.58114	-0.77326	-1.009	-1.1988	-1.4191	-1.6148	-1.5793	-1.4154	-0.59838	0.11426	0.42258	0.78694	0.84994	0.66038	0.31616	0.070038	-0.063003	-0.14041	-0.14706	-0.11793	-0.1035	-0.040657	-0.0054746	0.05798	0.099057	6.7408
984.51	0.12046	0.071232	-0.12449	-0.31725	-0.47297	-0.5953	-0.78575	-1.0034	-1.2234	-1.4591	-1.6786	-1.6516	-1.5288	-0.70068	0.045992	0.35704	0.7591	0.86093	0.68091	0.35352	0.10889	-0.046418	-0.12858	-0.1403	-0.12661	-0.085493	-0.052679	-0.020421	0.054833	0.089823	7.1292
983.77	0.11036	0.074605	-0.1183	-0.3028	-0.48563	-0.58989	-0.80262	-1.0325	-1.2535	-1.5148	-1.7474	-1.7426	-1.6467	-0.81954	-0.037458	0.27992	0.72793	0.87607	0.71971	0.40261	0.1471	-0.01101	-0.10581	-0.10742	-0.10062	-0.087807	-0.026389	-0.0081972	0.061945	0.092199	7.542
982.81	0.1034	0.087133	-0.12627	-0.32708	-0.48917	-0.60303	-0.82117	-1.0784	-1.3551	-1.5782	-1.8228	-1.8626	-1.7757	-0.9356	-0.13372	0.22407	0.68732	0.8718	0.75431	0.44617	0.18083	0.019174	-0.075935	-0.086512	-0.086935	-0.07888	-0.022651	0.0013213	0.07223	0.093829	7.942
981.11	0.11852	0.061498	-0.11626	-0.323	-0.48001	-0.60743	-0.86191	-1.1072	-1.341	-1.6438	-1.921	-1.9887	-1.9559	-1.0877	-0.23373	0.14052	0.67737	0.89383	0.77851	0.48366	0.21326	0.039622	-0.052355	-0.07689	-0.080547	-0.058702	-0.02269	0.0033687	0.081021	0.083964	8.3407
981.01	0.094936	0.055682	-0.12336	-0.32614	-0.47389	-0.62847	-0.86349	-1.1223	-1.3576	-1.7116	-2.0004	-2.1092	-2.0951	-1.2344	-0.35638	0.028083	0.59387	0.88452	0.80517	0.51064	0.24158	0.060047	-0.031017	-0.052838	-0.06675	-0.048925	-0.013639	-0.0054936	0.086546	0.094773	8.7524
979.94	0.095039	0.071564	-0.13374	-0.32183	-0.50989	-0.6342	-0.88076	-1.1536	-1.3952	-1.7892	-2.1029	-2.2068	-2.2496	-1.3696	-0.4609	-0.047202	0.55388	0.87179	0.809	0.55449	0.28395	0.094936	-0.013642	-0.043863	-0.042816	-0.032406	-0.0038355	0.0033727	0.052722	0.085608	9.1674
