36621	11	7	88	29.6	757	3	37	-38	-296.62	256	8192	5	0	0	0	0	550.05	1000.8	1.4512e+006	0.11903	-0.034293	41.515	0	0	1	0	0	0	6	0	0
673.41	-1.0593	-1.0662	-1.1534	-1.1772	-1.1915	-1.1893	-1.1305	-1.1238	-1.0863	-1.0652	-1.0869	-1.112	-1.1634	-1.1105	-1.2496	-1.3228	-0.8938	-0.020773	0.85357	1.1412	1.1735	1.0327	0.77962	0.64075	0.41064	0.23564	0.068557	-0.19326	-0.57343	-0.75735	36.714
671.03	-1.1044	-1.0554	-1.2012	-1.2494	-1.1957	-1.2254	-1.141	-1.1324	-1.1055	-1.0948	-1.1036	-1.1387	-1.2698	-1.1424	-1.2738	-1.3507	-0.94583	-0.053343	0.83716	1.1405	1.1687	1.0386	0.77312	0.57487	0.36748	0.20127	0.064386	-0.20191	-0.57315	-0.78033	36.697
667.58	-1.2303	-1.1317	-1.145	-1.2376	-1.2019	-1.1874	-1.1905	-1.1638	-1.1421	-1.1265	-1.1119	-1.0861	-1.1669	-1.1296	-1.3078	-1.3809	-0.9554	-0.076232	0.82629	1.1464	1.1815	1.024	0.80035	0.58447	0.39501	0.22	0.058069	-0.23101	-0.59464	-0.83197	36.714
667.58	-1.1957	-1.232	-1.2051	-1.2354	-1.1996	-1.2071	-1.1665	-1.1592	-1.1333	-1.0981	-1.1326	-1.1141	-1.2517	-1.1717	-1.263	-1.3553	-0.95306	-0.051105	0.84582	1.1152	1.168	1.024	0.7748	0.58226	0.37792	0.24433	0.040331	-0.225	-0.61779	-0.83877	36.735
668.23	-1.1945	-1.2137	-1.2479	-1.2569	-1.212	-1.1714	-1.1632	-1.1627	-1.1432	-1.1562	-1.1315	-1.1283	-1.0609	-1.1706	-1.2717	-1.3889	-0.95681	-0.063607	0.82983	1.1141	1.1714	1.0185	0.76476	0.56404	0.37755	0.20654	0.015925	-0.19676	-0.63108	-0.82437	36.694
670.39	-1.1907	-1.1367	-1.2946	-1.2824	-1.287	-1.2217	-1.2007	-1.2005	-1.1769	-1.1595	-1.1073	-1.1424	-1.1308	-1.1622	-1.2899	-1.4122	-0.97936	-0.063402	0.78394	1.1129	1.1452	1.002	0.74611	0.54242	0.35295	0.18165	0.018083	-0.22605	-0.64519	-0.85558	36.708
671.9	-1.103	-1.1123	-1.271	-1.2116	-1.2504	-1.2361	-1.1785	-1.1909	-1.1567	-1.1758	-1.1998	-1.2005	-1.226	-1.1828	-1.3463	-1.4183	-1.0074	-0.088225	0.78434	1.1033	1.1516	1.0461	0.73751	0.59829	0.36064	0.19662	0.029057	-0.22953	-0.65064	-0.7996	36.705
674.27	-1.1472	-1.0939	-1.2871	-1.2998	-1.2751	-1.2415	-1.2132	-1.2028	-1.1504	-1.1904	-1.1854	-1.1459	-1.2062	-1.2018	-1.3071	-1.441	-0.98299	-0.11279	0.80306	1.1018	1.152	1.0182	0.75562	0.57211	0.36571	0.21782	0.039931	-0.20095	-0.61855	-0.78781	36.679
675.78	-1.1697	-1.1639	-1.2705	-1.2316	-1.2231	-1.19	-1.176	-1.23	-1.2024	-1.2181	-1.1853	-1.1584	-1.1682	-1.1552	-1.341	-1.4286	-1.0247	-0.092682	0.80127	1.1112	1.1605	1.0203	0.77917	0.59048	0.35224	0.18238	0.031079	-0.24998	-0.65606	-0.85324	36.638
677.93	-1.1319	-1.1265	-1.2027	-1.3332	-1.3151	-1.2712	-1.1573	-1.1735	-1.1334	-1.1816	-1.184	-1.1747	-1.2568	-1.1538	-1.327	-1.408	-0.97537	-0.077541	0.81581	1.1171	1.1634	0.99958	0.75839	0.59513	0.36795	0.22536	0.06373	-0.20972	-0.60836	-0.8215	36.535
682.24	-1.0953	-1.0596	-1.1317	-1.2512	-1.1583	-1.1739	-1.135	-1.1865	-1.1607	-1.1394	-1.1133	-1.13	-1.1527	-1.1694	-1.2894	-1.3809	-0.94631	-0.040173	0.80217	1.0865	1.1561	0.97804	0.77633	0.613	0.3489	0.16983	0.01126	-0.23193	-0.58866	-0.79856	36.45
684.61	-0.97657	-1.0798	-1.1255	-1.2446	-1.225	-1.2204	-1.1311	-1.1303	-1.1115	-1.0939	-1.1498	-1.1236	-1.201	-1.1403	-1.2728	-1.3738	-0.8997	-0.037585	0.83748	1.1225	1.1521	1.0115	0.76232	0.56563	0.31854	0.19297	0.052298	-0.18814	-0.55049	-0.74053	36.361
685.48	-0.94833	-0.97363	-1.0971	-1.1765	-1.1242	-1.1828	-1.1021	-1.1153	-1.0478	-1.0856	-1.0779	-1.0751	-1.0929	-1.1183	-1.2639	-1.2973	-0.90312	0.0040616	0.8639	1.1258	1.1638	0.97559	0.72742	0.52618	0.34518	0.19703	0.080304	-0.16644	-0.50469	-0.69986	36.17
685.04	-0.90162	-0.91707	-1.0955	-1.1661	-1.1094	-1.1331	-1.1028	-1.1274	-1.0678	-1.0817	-1.0206	-1.0287	-1.0805	-1.1054	-1.2405	-1.3026	-0.82163	0.013858	0.88136	1.1803	1.1689	0.95671	0.80485	0.55665	0.33291	0.17991	0.028499	-0.19583	-0.47793	-0.6539	35.989
686.55	-0.91762	-0.99825	-1.0706	-1.1591	-1.129	-1.0898	-1.0601	-1.0301	-1.0161	-1.0218	-1.0309	-1.0091	-1.026	-1.0347	-1.2015	-1.3201	-0.82664	0.04559	0.84777	1.1357	1.1641	0.95245	0.72854	0.55113	0.34671	0.18597	0.045682	-0.17202	-0.50165	-0.69655	35.85
689.78	-0.9782	-0.98885	-1.0633	-1.114	-1.1719	-1.1253	-1.0973	-1.0567	-1.0626	-1.0422	-0.98855	-1.0265	-1.0796	-1.0502	-1.1598	-1.2554	-0.8024	0.050239	0.8837	1.1489	1.2109	0.92863	0.74536	0.54214	0.31202	0.17226	0.00040941	-0.22551	-0.55309	-0.72181	35.519
691.94	-0.97738	-0.98341	-1.0623	-1.0996	-1.129	-1.098	-1.0686	-1.0713	-1.0104	-1.0047	-0.98049	-0.97672	-1.0568	-1.0582	-1.1682	-1.2223	-0.7683	0.088871	0.87048	1.1778	1.1139	0.89142	0.73408	0.52339	0.29868	0.14612	-0.029541	-0.22674	-0.5536	-0.73488	35.317
693.88	-0.94352	-0.99242	-1.0326	-1.1666	-1.1389	-1.0949	-1.0677	-1.0304	-0.97356	-0.97909	-0.95785	-0.97399	-0.98512	-0.99221	-1.1506	-1.1539	-0.7324	0.12488	0.89101	1.1237	1.1108	0.89962	0.6538	0.46028	0.26086	0.1372	0.0068049	-0.22804	-0.56096	-0.73283	35.073
694.95	-0.99979	-0.97444	-1.031	-1.0685	-1.0719	-1.0553	-1.0493	-0.99755	-0.96782	-1.0367	-0.94643	-1.0091	-0.92351	-1.0087	-1.1799	-1.2282	-0.71328	0.1078	0.88963	1.1058	1.0853	0.92172	0.61262	0.38103	0.18661	0.047758	-0.099697	-0.27965	-0.55342	-0.72733	34.718
695.17	-0.9351	-0.94362	-1.0529	-1.0769	-0.99106	-0.92943	-0.96106	-0.95042	-0.94209	-1.0068	-0.99579	-0.98195	-0.9361	-0.97912	-1.2225	-1.201	-0.71081	0.09087	0.85602	1.064	1.0439	0.87447	0.4741	0.26633	0.081953	-0.013846	-0.12309	-0.32382	-0.57549	-0.75759	34.413
696.25	-1.0489	-1.1062	-0.98692	-1.0338	-1.0047	-0.97529	-0.97839	-0.94895	-0.95121	-0.99619	-1.0265	-0.99263	-0.99247	-1.0629	-1.2873	-1.2527	-0.73439	0.066637	0.82556	0.99342	0.92812	0.85821	0.43773	0.24897	0.053159	-0.10289	-0.25257	-0.43474	-0.72336	-0.83467	34.12
698.4	-1.1098	-1.1145	-1.0148	-1.0458	-1.0384	-0.9935	-0.93369	-0.97044	-0.91875	-0.95692	-0.9813	-1.0017	-0.98087	-1.0104	-1.2833	-1.1954	-0.68964	0.12167	0.83131	1.0018	0.94244	0.83432	0.45637	0.25453	0.063202	-0.089885	-0.19245	-0.41999	-0.71228	-0.89494	33.789
700.34	-0.9899	-0.92501	-0.9613	-1.019	-1.0291	-1.0307	-0.96852	-1.0186	-0.92672	-0.89335	-0.91944	-0.89954	-0.98455	-0.9652	-1.2205	-1.1167	-0.57847	0.19798	0.87866	1.0882	0.98054	0.82565	0.49275	0.29385	0.087454	-0.051691	-0.18135	-0.38636	-0.66395	-0.80602	33.425
699.69	-0.80996	-0.84889	-0.90479	-1.0265	-0.99978	-0.98932	-0.91533	-0.92435	-0.896	-0.91676	-0.83395	-0.86155	-0.90447	-0.8857	-1.1363	-1.0355	-0.51651	0.2485	0.93744	1.1075	1.0136	0.82005	0.52424	0.32785	0.085498	-0.028527	-0.17518	-0.34466	-0.627	-0.70727	33.021
695.6	-0.81695	-0.83746	-0.92565	-0.9407	-0.96654	-0.90992	-0.85584	-0.84958	-0.80173	-0.82674	-0.78924	-0.83488	-0.82619	-0.87968	-1.1764	-0.99472	-0.45669	0.32713	0.98461	1.0956	1.0217	0.77581	0.56968	0.33614	0.17413	0.066814	-0.091093	-0.29285	-0.55735	-0.68314	32.609
694.31	-0.78513	-0.7873	-0.87621	-0.86796	-0.92697	-0.87604	-0.82808	-0.81099	-0.82232	-0.79186	-0.82551	-0.80464	-0.81699	-0.84756	-1.1164	-0.94062	-0.39006	0.38814	1.0073	1.1438	1.0344	0.75802	0.57745	0.36439	0.13339	0.018031	-0.07634	-0.27606	-0.47824	-0.643	32.139
691.72	-0.7836	-0.79733	-0.89511	-0.92178	-0.92606	-0.87693	-0.82697	-0.83866	-0.77854	-0.83137	-0.79865	-0.80519	-0.83513	-0.82136	-1.1086	-0.93066	-0.37797	0.43324	1.0299	1.2059	1.0383	0.7866	0.57063	0.34442	0.14213	0.022367	-0.113	-0.29836	-0.51802	-0.7001	31.679
688.71	-0.84081	-0.79134	-0.90352	-0.95453	-0.895	-0.91664	-0.82636	-0.85583	-0.78409	-0.82583	-0.78711	-0.84077	-0.87126	-0.86353	-1.1231	-0.93925	-0.35468	0.40834	1.0218	1.1159	0.98403	0.74696	0.52134	0.27953	0.095144	-0.041845	-0.15433	-0.32685	-0.55171	-0.63065	31.206
685.69	-0.83775	-0.83052	-0.86018	-0.93211	-0.95405	-0.85823	-0.90005	-0.86638	-0.81977	-0.84329	-0.84595	-0.80237	-0.89902	-0.89011	-1.1256	-0.91392	-0.33802	0.43949	1.0031	1.1325	0.95772	0.7048	0.4603	0.23344	0.062295	-0.093703	-0.2025	-0.38876	-0.5857	-0.70405	30.716
682.46	-0.8485	-0.8225	-0.87331	-0.89417	-0.90762	-0.9202	-0.85952	-0.84096	-0.82149	-0.8496	-0.84743	-0.84598	-0.82243	-0.88975	-1.0677	-0.86588	-0.29386	0.47107	1.0099	1.1026	0.91609	0.7277	0.38976	0.17834	-0.041864	-0.12876	-0.27286	-0.4004	-0.58394	-0.68743	30.19
678.36	-0.7922	-0.86114	-0.88997	-0.89733	-0.97104	-0.88935	-0.87973	-0.82548	-0.83514	-0.77786	-0.77367	-0.81604	-0.83839	-0.88821	-1.0351	-0.84591	-0.21966	0.50358	1.031	1.0715	0.9371	0.68835	0.39211	0.19899	-0.0063895	-0.14695	-0.28978	-0.45014	-0.62621	-0.69827	29.673
677.72	-0.82028	-0.85474	-0.89082	-0.8735	-0.88051	-0.87076	-0.86768	-0.82855	-0.82724	-0.76695	-0.81006	-0.81431	-0.80399	-0.89367	-1.0385	-0.76648	-0.18301	0.54614	1.0127	1.082	0.88043	0.6693	0.35587	0.18612	-0.046366	-0.14273	-0.2835	-0.43281	-0.61996	-0.6967	29.129
679.23	-0.73667	-0.70868	-0.82743	-0.80885	-0.87188	-0.88822	-0.81218	-0.8039	-0.7278	-0.71871	-0.72441	-0.77251	-0.73414	-0.82497	-0.86763	-0.6687	-0.060745	0.62395	1.0638	1.0867	0.90499	0.65253	0.33681	0.15748	-0.060956	-0.14459	-0.31992	-0.42791	-0.59582	-0.69516	28.571
679.87	-0.69738	-0.6984	-0.7812	-0.81927	-0.8288	-0.80987	-0.76216	-0.73703	-0.69028	-0.69014	-0.70088	-0.70684	-0.68958	-0.83568	-0.85704	-0.62693	0.005926	0.6505	1.0947	1.0903	0.88647	0.61917	0.32509	0.11827	-0.069285	-0.17485	-0.29567	-0.4098	-0.54523	-0.601	28.012
679.87	-0.78591	-0.6816	-0.75394	-0.80361	-0.82435	-0.81714	-0.76859	-0.75982	-0.69028	-0.66457	-0.6958	-0.68935	-0.71371	-0.85636	-0.86192	-0.51951	0.033492	0.72945	1.1224	1.0856	0.86661	0.59953	0.30228	0.12261	-0.050413	-0.15314	-0.25648	-0.38815	-0.59071	-0.60768	27.423
678.58	-0.8056	-0.70695	-0.74855	-0.79169	-0.76577	-0.82597	-0.70999	-0.77041	-0.66988	-0.68447	-0.68186	-0.73321	-0.70847	-0.89253	-0.7951	-0.51592	0.070377	0.72342	1.1011	1.0688	0.8572	0.57662	0.29142	0.11415	-0.10724	-0.21653	-0.3224	-0.4362	-0.57361	-0.63783	26.901
679.87	-0.86081	-0.7104	-0.79029	-0.82374	-0.8199	-0.83893	-0.7643	-0.76438	-0.66428	-0.73895	-0.63995	-0.71932	-0.71371	-0.89543	-0.7521	-0.4441	0.12078	0.73685	1.0777	1.0574	0.81143	0.56243	0.30684	0.074877	-0.090256	-0.19657	-0.2826	-0.43144	-0.59299	-0.65888	26.306
685.48	-0.67818	-0.65222	-0.74778	-0.75266	-0.74924	-0.71437	-0.71559	-0.74457	-0.70613	-0.69602	-0.65234	-0.67629	-0.67742	-0.91319	-0.75322	-0.42686	0.15624	0.75774	1.0752	1.0137	0.74789	0.4864	0.21836	0.022617	-0.14567	-0.23804	-0.29973	-0.44742	-0.56108	-0.62037	25.728
690.22	-0.71823	-0.67611	-0.74936	-0.78936	-0.73315	-0.73094	-0.67693	-0.71251	-0.67567	-0.67522	-0.68037	-0.6495	-0.72894	-0.90692	-0.67833	-0.39692	0.20268	0.78656	1.0678	1.0183	0.74058	0.47446	0.2191	0.020326	-0.14674	-0.16154	-0.33413	-0.41722	-0.56842	-0.61611	25.199
693.45	-0.69708	-0.65178	-0.69463	-0.67601	-0.71447	-0.69191	-0.66538	-0.68014	-0.64915	-0.64017	-0.65729	-0.6832	-0.72124	-0.92748	-0.63928	-0.32113	0.24227	0.86756	1.0503	0.96972	0.67438	0.45513	0.20019	0.0053388	-0.12344	-0.22466	-0.29415	-0.42685	-0.48106	-0.56304	24.66
696.89	-0.65156	-0.62748	-0.64465	-0.73378	-0.66538	-0.65305	-0.63284	-0.63897	-0.62057	-0.60299	-0.55745	-0.64815	-0.6706	-0.87581	-0.5766	-0.24597	0.33519	0.84642	1.0493	0.98101	0.72272	0.44649	0.2081	0.020131	-0.10442	-0.20872	-0.2757	-0.34797	-0.49421	-0.53854	24.135
699.26	-0.6317	-0.52733	-0.64688	-0.67039	-0.68258	-0.64142	-0.64944	-0.63016	-0.58687	-0.61225	-0.64935	-0.61924	-0.67473	-0.87954	-0.51295	-0.22291	0.34969	0.86275	1.11	0.96624	0.69452	0.43225	0.183	0.0052944	-0.12649	-0.20167	-0.28747	-0.3487	-0.4439	-0.51507	23.587
704	-0.56607	-0.56319	-0.55696	-0.63563	-0.65437	-0.6488	-0.65954	-0.61491	-0.55572	-0.5565	-0.66215	-0.70915	-0.68078	-0.85809	-0.49065	-0.1552	0.40501	0.86647	1.0469	0.94154	0.66215	0.3893	0.23244	0.0094512	-0.11349	-0.23178	-0.30446	-0.36915	-0.46067	-0.51161	23.073
710.89	-0.54105	-0.56003	-0.59719	-0.61877	-0.58636	-0.60314	-0.58967	-0.58716	-0.54412	-0.58001	-0.59746	-0.72855	-0.64062	-0.83879	-0.41821	-0.12965	0.40987	0.87695	1.045	0.91891	0.62829	0.37927	0.12329	-0.034218	-0.16253	-0.22745	-0.29734	-0.37687	-0.43229	-0.50878	22.491
714.33	-0.53628	-0.53905	-0.61161	-0.57533	-0.59623	-0.5887	-0.54404	-0.54094	-0.54975	-0.61924	-0.59217	-0.61094	-0.64379	-0.83256	-0.386	-0.12468	0.39915	0.86333	1.0196	0.86069	0.61476	0.34005	0.11401	-0.069157	-0.17572	-0.24289	-0.29384	-0.38254	-0.43021	-0.48514	21.969
717.12	-0.52774	-0.55288	-0.59415	-0.55188	-0.54331	-0.53359	-0.50132	-0.51073	-0.51679	-0.52428	-0.59467	-0.61092	-0.63504	-0.76394	-0.36598	-0.026693	0.44986	0.90908	1.0157	0.86627	0.61446	0.32631	0.094097	-0.054491	-0.20286	-0.26665	-0.31539	-0.36613	-0.45009	-0.43471	21.418
716.91	-0.46978	-0.50979	-0.52538	-0.55841	-0.53715	-0.53605	-0.48523	-0.51953	-0.47174	-0.54207	-0.46726	-0.68216	-0.60612	-0.74674	-0.24806	0.027481	0.52406	0.9234	1.0099	0.84643	0.5686	0.30571	0.074656	-0.044219	-0.21287	-0.23378	-0.26594	-0.35131	-0.43297	-0.46228	20.865
719.28	-0.48969	-0.48997	-0.49788	-0.49525	-0.53328	-0.52971	-0.50589	-0.48982	-0.49272	-0.48536	-0.38414	-0.70116	-0.62485	-0.71821	-0.22879	0.046834	0.57661	0.94834	1.0247	0.83696	0.55421	0.2882	0.083035	-0.093292	-0.19829	-0.24327	-0.32268	-0.37247	-0.4165	-0.46287	20.334
723.58	-0.46118	-0.43743	-0.46076	-0.48389	-0.46951	-0.50836	-0.4546	-0.47191	-0.3941	-0.40386	-0.43671	-0.6571	-0.63762	-0.67723	-0.17698	0.12386	0.59908	0.98211	1.0346	0.78331	0.50737	0.27213	0.058964	-0.094777	-0.18726	-0.25407	-0.30235	-0.35732	-0.38198	-0.41201	19.79
728.09	-0.42653	-0.40109	-0.41547	-0.44538	-0.42923	-0.4939	-0.4158	-0.4328	-0.35322	-0.40352	-0.42926	-0.6437	-0.72583	-0.6623	-0.12347	0.17644	0.6447	1.006	0.9924	0.77186	0.47949	0.22357	0.052208	-0.10229	-0.19198	-0.26466	-0.29031	-0.32203	-0.36262	-0.38243	19.264
731.32	-0.34235	-0.3904	-0.42209	-0.41637	-0.46248	-0.43993	-0.42193	-0.36308	-0.36979	-0.33044	-0.43681	-0.65479	-0.82865	-0.66793	-0.10931	0.18628	0.66321	0.93731	0.97614	0.74437	0.4466	0.19621	0.03077	-0.14218	-0.22427	-0.29983	-0.34368	-0.34256	-0.342	-0.33522	18.731
733.68	-0.36018	-0.35577	-0.39125	-0.41918	-0.45893	-0.42954	-0.33724	-0.33868	-0.25214	-0.32076	-0.39541	-0.63416	-0.88492	-0.63596	-0.086343	0.23439	0.68236	0.9663	0.95719	0.72888	0.43085	0.17131	0.030671	-0.13167	-0.23326	-0.2727	-0.29012	-0.32505	-0.28401	-0.35683	18.243
734.54	-0.37446	-0.36425	-0.3929	-0.41662	-0.41723	-0.40213	-0.3091	-0.30874	-0.31803	-0.32899	-0.43959	-0.74669	-0.96509	-0.67563	-0.079465	0.19182	0.68368	0.95375	0.94029	0.68444	0.39562	0.14889	-0.047483	-0.1516	-0.23687	-0.27842	-0.27366	-0.32285	-0.31524	-0.33992	17.683
737.98	-0.36435	-0.32716	-0.33036	-0.40231	-0.40709	-0.34225	-0.28596	-0.2863	-0.21674	-0.3296	-0.46327	-0.83755	-1.003	-0.65978	-0.079094	0.23513	0.68685	0.94931	0.90451	0.64871	0.33685	0.11201	-0.064077	-0.18288	-0.2435	-0.30112	-0.29645	-0.35397	-0.30749	-0.32398	17.162
742.71	-0.34333	-0.32069	-0.3345	-0.3465	-0.35768	-0.33564	-0.25082	-0.28448	-0.14991	-0.18282	-0.64158	-0.88709	-1.0328	-0.63034	-0.011572	0.31104	0.70981	0.96585	0.88119	0.63164	0.33269	0.12328	-0.051139	-0.17178	-0.26306	-0.31114	-0.31848	-0.3247	-0.30761	-0.30562	16.669
744.64	-0.31757	-0.3089	-0.3689	-0.317	-0.30397	-0.25958	-0.19935	-0.16304	-0.12578	-0.23328	-0.58892	-0.91671	-1.0361	-0.61191	0.082042	0.31232	0.7604	0.95433	0.88669	0.58701	0.32578	0.095066	-0.13223	-0.21095	-0.30833	-0.3242	-0.31765	-0.33104	-0.29436	-0.30483	16.124
745.5	-0.2489	-0.29541	-0.31667	-0.33908	-0.2732	-0.23719	-0.17178	-0.1088	-0.094017	-0.33899	-0.67853	-0.92249	-1.0649	-0.55881	0.084174	0.33697	0.78675	0.95548	0.86623	0.58418	0.28314	0.10292	-0.11752	-0.22258	-0.26399	-0.31789	-0.31133	-0.29119	-0.25462	-0.30854	15.631
745.29	-0.26139	-0.29549	-0.31262	-0.28612	-0.23473	-0.19529	-0.11129	-0.058928	-0.074278	-0.32213	-0.73199	-0.92047	-1.0312	-0.52333	0.099782	0.36625	0.81422	0.96251	0.85288	0.59079	0.24295	0.0053954	-0.13212	-0.22858	-0.30232	-0.3061	-0.32532	-0.31281	-0.29203	-0.31269	15.056
744.43	-0.20572	-0.24322	-0.27148	-0.23128	-0.15174	-0.15127	-0.11337	-0.073569	-0.094153	-0.32038	-0.72124	-0.93066	-1.0224	-0.49035	0.14447	0.43138	0.85292	0.96587	0.8344	0.4861	0.22912	-0.0065563	-0.16144	-0.23876	-0.29884	-0.36198	-0.32371	-0.32215	-0.24876	-0.23173	14.491
742.93	-0.22691	-0.26568	-0.24707	-0.18465	-0.14594	-0.1139	-0.017595	-0.013224	-0.13995	-0.36782	-0.78078	-0.94854	-1.0064	-0.45349	0.1604	0.4448	0.82732	0.94976	0.81659	0.4957	0.19324	-0.026542	-0.18682	-0.27697	-0.33015	-0.35079	-0.3423	-0.34081	-0.23886	-0.27294	13.99
739.49	-0.22588	-0.26912	-0.21898	-0.1526	-0.097557	-0.083255	0.045314	0.0055752	-0.15454	-0.64305	-0.79141	-0.93918	-0.97074	-0.42813	0.20602	0.46158	0.82694	0.9383	0.79492	0.44388	0.16776	-0.04071	-0.21495	-0.2982	-0.34904	-0.33645	-0.34589	-0.29718	-0.27969	-0.23123	13.415
734.33	-0.20225	-0.20878	-0.18476	-0.091534	-0.067363	0.008094	3.9254e-005	0.026717	-0.15764	-0.53782	-0.83457	-0.93652	-0.96131	-0.35241	0.2278	0.52407	0.86677	0.94946	0.77091	0.45572	0.14033	-0.05514	-0.2418	-0.32239	-0.34761	-0.36093	-0.36041	-0.31384	-0.2606	-0.22873	12.879
729.17	-0.21215	-0.23711	-0.13522	-0.073406	0.0068006	0.062351	0.039966	0.022655	-0.2032	-0.46361	-0.84995	-0.93384	-0.90267	-0.31847	0.30223	0.57039	0.9136	0.94698	0.74855	0.38429	0.10428	-0.090123	-0.24139	-0.3267	-0.36375	-0.36956	-0.36093	-0.32156	-0.23912	-0.21582	12.348
722.5	-0.15643	-0.16024	-0.1044	-0.044612	0.044527	0.024182	0.056453	0.02501	-0.23769	-0.56631	-0.84584	-0.9448	-0.87592	-0.28248	0.34406	0.59286	0.89609	0.93482	0.74343	0.35904	0.12809	-0.12381	-0.29942	-0.35421	-0.37895	-0.36684	-0.33558	-0.29861	-0.22635	-0.19058	11.679
717.56	-0.092992	-0.095389	-0.046993	0.08015	0.080651	0.097779	0.11364	-0.0093724	-0.25781	-0.58342	-0.86852	-0.88506	-0.84247	-0.22346	0.39499	0.61427	0.91751	0.94594	0.69001	0.33028	0.068333	-0.16602	-0.27123	-0.36076	-0.38554	-0.392	-0.3544	-0.2988	-0.17405	-0.16447	11.217
714.33	-0.07397	-0.093536	-0.0017955	0.076252	0.0789	0.049814	0.12434	-0.061482	-0.29816	-0.64136	-0.84828	-0.86529	-0.77948	-0.15666	0.44787	0.68448	0.94788	0.969	0.69516	0.34073	0.028735	-0.18754	-0.29417	-0.35413	-0.37331	-0.36897	-0.33942	-0.27019	-0.14454	-0.12496	10.725
710.67	-0.063493	0.0024335	0.04819	0.091629	0.081432	0.10104	0.12498	-0.094509	-0.30798	-0.69136	-0.83807	-0.8339	-0.70166	-0.091507	0.49687	0.72517	0.97694	0.9197	0.6702	0.31095	-0.0027866	-0.21148	-0.30877	-0.39124	-0.36921	-0.35425	-0.32867	-0.25841	-0.13441	-0.14903	10.156
706.8	-0.0048891	0.044011	0.10965	0.092131	0.094711	0.085289	0.057708	-0.11038	-0.34093	-0.62137	-0.81581	-0.79523	-0.64644	-0.010214	0.55828	0.76651	0.99997	0.93661	0.65952	0.27188	-0.021907	-0.21683	-0.31925	-0.35582	-0.36115	-0.35201	-0.30744	-0.2163	-0.058595	-0.042783	9.6036
702.71	0.093906	0.074459	0.064124	0.088336	0.12753	0.10219	0.047686	-0.15071	-0.38904	-0.66097	-0.80336	-0.78053	-0.60988	0.031974	0.57098	0.80193	0.98579	0.91819	0.6077	0.21651	-0.094632	-0.23499	-0.39614	-0.40198	-0.3734	-0.35196	-0.30291	-0.22708	-0.017137	-0.0042634	9.077
701.84	0.10281	0.14431	0.057601	0.12312	0.14492	0.13516	0.039449	-0.17519	-0.38532	-0.65953	-0.78959	-0.72584	-0.56389	0.065409	0.64733	0.80956	0.98699	0.86674	0.59606	0.18027	-0.11185	-0.22471	-0.3679	-0.40247	-0.39823	-0.37553	-0.3075	-0.19115	0.0026647	0.0043564	8.5311
702.49	0.093935	0.097714	0.07074	0.11218	0.11897	0.081124	0.024906	-0.20812	-0.44577	-0.62743	-0.77167	-0.69133	-0.51879	0.11428	0.68453	0.8442	0.97497	0.85639	0.53777	0.13909	-0.1566	-0.28998	-0.40951	-0.4399	-0.42628	-0.36888	-0.27983	-0.23095	-0.04355	0.040978	7.9953
704	0.082773	0.062731	0.11228	0.098978	0.1273	0.078613	0.0062464	-0.2605	-0.40925	-0.64629	-0.74795	-0.65849	-0.43084	0.1895	0.67363	0.83136	0.98176	0.83788	0.50575	0.12287	-0.16692	-0.31675	-0.43947	-0.42638	-0.38284	-0.34712	-0.25189	-0.13167	0.013636	0.021542	7.4791
704.64	0.078316	0.11131	0.13848	0.13342	0.082129	0.080876	-0.0578	-0.29985	-0.45905	-0.63897	-0.68848	-0.61211	-0.34792	0.26915	0.72482	0.89895	1.0052	0.80378	0.4909	0.086405	-0.21574	-0.31225	-0.39065	-0.44064	-0.36832	-0.32375	-0.27687	-0.1752	-0.014896	0.064478	6.9406
707.87	0.15644	0.12694	0.15531	0.11992	0.09884	0.087486	-0.049312	-0.30067	-0.40909	-0.58024	-0.69753	-0.54215	-0.28946	0.28558	0.78245	0.92119	0.98521	0.82855	0.47024	0.061133	-0.1872	-0.33179	-0.38011	-0.41155	-0.35859	-0.30142	-0.25052	-0.18196	0.011379	0.066323	6.4766
709.38	0.16046	0.14738	0.18111	0.13468	0.10929	0.06641	-0.10666	-0.29567	-0.4186	-0.58569	-0.62063	-0.51466	-0.22788	0.36647	0.80652	0.97837	0.98972	0.77477	0.41411	0.018121	-0.2566	-0.32481	-0.38804	-0.3878	-0.34576	-0.33616	-0.18322	-0.10615	0.059296	0.11525	5.9646
712.61	0.17273	0.149	0.1391	0.13193	0.11303	0.059176	-0.10209	-0.2878	-0.47459	-0.59413	-0.5936	-0.44085	-0.16198	0.39113	0.82848	0.93251	1.0006	0.71948	0.3797	-0.060592	-0.20912	-0.37123	-0.40805	-0.38811	-0.36421	-0.30356	-0.2177	-0.10004	0.063368	0.084996	5.4949
717.77	0.17578	0.1684	0.17038	0.10767	0.12065	0.038105	-0.13786	-0.30732	-0.45065	-0.5084	-0.55326	-0.39036	-0.098492	0.4362	0.85257	0.96477	0.9738	0.6699	0.34266	-0.082459	-0.28287	-0.37682	-0.44401	-0.39559	-0.34172	-0.31372	-0.21819	-0.13845	0.080141	0.099143	5.0352
721	0.16643	0.14274	0.16319	0.071328	0.07817	-0.0031733	-0.16147	-0.35753	-0.47315	-0.56091	-0.5436	-0.36742	-0.060823	0.47109	0.87407	0.94537	0.94995	0.62503	0.29291	-0.10652	-0.2712	-0.38131	-0.48504	-0.4327	-0.38172	-0.30822	-0.18232	-0.0896	0.030468	0.084007	4.6047
724.22	0.17635	0.19393	0.11981	0.14872	0.084083	-0.0031592	-0.11453	-0.25323	-0.42019	-0.53223	-0.54833	-0.33765	-0.031727	0.50135	0.86101	0.95188	0.91337	0.59445	0.22759	-0.16352	-0.36115	-0.45132	-0.48288	-0.46947	-0.39774	-0.36189	-0.25303	-0.15569	0.0901	0.12125	4.2709
726.8	0.11627	0.10567	0.06625	0.12308	0.044263	-0.050724	-0.19223	-0.376	-0.42884	-0.48903	-0.49414	-0.27337	0.03814	0.54257	0.88763	0.96561	0.92087	0.58773	0.21084	-0.16734	-0.364	-0.41909	-0.42142	-0.38662	-0.3414	-0.25497	-0.20733	-0.12937	0.015336	0.031278	3.87
729.17	0.21325	0.17248	0.1889	0.15188	0.05656	-0.018947	-0.15168	-0.43004	-0.43148	-0.49612	-0.45467	-0.26782	0.070735	0.59867	0.95074	0.99231	0.95857	0.59272	0.23002	-0.169	-0.3443	-0.40349	-0.40729	-0.37727	-0.3266	-0.28249	-0.18839	-0.020728	0.089489	0.15364	3.5335
731.75	0.14712	0.1518	0.093242	0.014156	-0.16677	-0.2034	-0.29636	-0.40522	-0.46016	-0.48141	-0.42712	-0.19495	0.11736	0.62218	0.93378	0.98881	0.91465	0.54707	0.21337	-0.18371	-0.35128	-0.42032	-0.3889	-0.34772	-0.22998	-0.18667	-0.042093	-0.0096869	0.049036	0.095182	3.2005
733.9	0.26654	0.28033	0.24241	0.2193	0.10358	0.017075	-0.10508	-0.31113	-0.45279	-0.47569	-0.40235	-0.18281	0.12717	0.66081	0.93105	1.0177	0.94389	0.54547	0.18906	-0.20717	-0.36661	-0.46154	-0.40678	-0.3869	-0.30507	-0.25452	-0.19323	-0.0060121	0.16474	0.2042	2.8997
734.54	0.18437	0.20899	0.08658	0.024457	-0.11468	-0.17797	-0.24569	-0.38258	-0.40627	-0.44731	-0.37615	-0.11792	0.20217	0.64321	1.0048	0.99351	0.91755	0.52216	0.18101	-0.23096	-0.3479	-0.47326	-0.33041	-0.28615	-0.19999	-0.12164	-0.041933	-0.0096501	0.099355	0.14839	2.5991
736.05	0.23851	0.24403	0.21232	0.1484	0.078624	0.023737	-0.16015	-0.30179	-0.36541	-0.39272	-0.34256	-0.12229	0.19365	0.67374	0.96214	1.0126	0.89445	0.50514	0.13537	-0.25224	-0.37165	-0.42996	-0.41612	-0.41182	-0.31387	-0.20162	-0.1263	-0.0096304	0.17266	0.20977	2.417
734.76	0.22003	0.20448	0.18957	0.043081	-0.09407	-0.18464	-0.23769	-0.43309	-0.43823	-0.46869	-0.36195	-0.12482	0.16558	0.68981	0.92318	0.98687	0.87052	0.48091	0.14941	-0.2614	-0.36414	-0.42667	-0.38731	-0.2941	-0.18441	-0.18188	-0.11847	0.019478	0.13089	0.22044	2.1966
732.61	0.14484	0.24963	0.13952	0.051511	-0.030375	-0.10426	-0.24038	-0.34975	-0.42946	-0.45712	-0.38421	-0.15763	0.2312	0.65558	0.9191	0.95583	0.8347	0.43195	0.096458	-0.32117	-0.41231	-0.44008	-0.46465	-0.40369	-0.33285	-0.30535	-0.14508	-0.048015	0.12283	0.21283	1.9477
730.03	0.18763	0.18121	0.082882	-0.0066464	-0.12574	-0.19711	-0.29307	-0.4359	-0.46528	-0.47605	-0.38793	-0.12795	0.20955	0.66859	0.95417	0.99114	0.83338	0.43578	0.057112	-0.33985	-0.4261	-0.44366	-0.40893	-0.36672	-0.27349	-0.18509	-0.11721	-0.018871	0.10421	0.15138	1.8265
727.66	0.2349	0.23788	0.1065	-0.015029	-0.092911	-0.17739	-0.27802	-0.40963	-0.43643	-0.47977	-0.36074	-0.1097	0.22662	0.68365	0.95499	0.97727	0.82965	0.42106	0.061277	-0.32335	-0.47903	-0.47569	-0.45502	-0.4267	-0.35667	-0.22424	-0.15624	-0.026286	0.15553	0.19971	1.6766
726.59	0.22462	0.22475	0.087528	-0.01924	-0.12634	-0.19351	-0.29245	-0.40384	-0.44518	-0.4696	-0.37552	-0.14725	0.23927	0.71477	0.98152	1.0001	0.85022	0.44477	0.067351	-0.31061	-0.39508	-0.41513	-0.35751	-0.27507	-0.23162	-0.1758	-0.056651	0.023379	0.15789	0.21667	1.565
725.51	0.31429	0.29032	0.1345	0.04363	-0.068181	-0.14387	-0.22868	-0.37667	-0.40523	-0.39407	-0.29995	-0.070237	0.29306	0.7589	1.0013	1.0637	0.88377	0.49167	0.10738	-0.27577	-0.38946	-0.41575	-0.38583	-0.31614	-0.21231	-0.19438	-0.060815	0.028943	0.22844	0.24411	1.428
727.02	0.30303	0.27849	0.11722	-0.027594	-0.10547	-0.15489	-0.28227	-0.39294	-0.41453	-0.44759	-0.30883	-0.065419	0.30066	0.75303	0.9855	1.0188	0.87549	0.45373	0.093212	-0.27519	-0.39897	-0.43938	-0.3317	-0.27288	-0.17265	-0.10259	-0.017936	0.093276	0.22371	0.29148	1.2687
727.66	0.31124	0.30965	0.12349	0.030959	-0.06798	-0.11176	-0.28602	-0.36916	-0.40404	-0.42765	-0.29195	-0.046694	0.31269	0.77813	1.012	1.0435	0.88759	0.46946	0.073221	-0.26175	-0.37181	-0.44511	-0.35058	-0.34359	-0.19601	-0.13497	-0.054533	0.074811	0.27025	0.30995	1.2019
727.45	0.31558	0.25589	0.095918	-0.012943	-0.076312	-0.14349	-0.24808	-0.38845	-0.42643	-0.43864	-0.33949	-0.063047	0.30458	0.77192	0.97808	1.0032	0.84277	0.44654	0.077227	-0.23542	-0.40286	-0.45136	-0.37201	-0.33558	-0.20194	-0.10862	-0.024028	0.078512	0.25971	0.28923	1.1191
727.66	0.31124	0.26255	0.12561	0.024688	-0.036815	-0.14344	-0.27402	-0.35639	-0.4425	-0.39508	-0.31567	-0.08403	0.2922	0.74377	0.99375	0.99863	0.86184	0.43028	0.073221	-0.31015	-0.40893	-0.45326	-0.41239	-0.35981	-0.24891	-0.14308	-0.066738	0.021507	0.20439	0.28291	0.9091
730.46	0.26357	0.24367	0.084948	0.018346	-0.092555	-0.11133	-0.28492	-0.37412	-0.41862	-0.44116	-0.32627	-0.074411	0.29516	0.7281	0.95588	0.97141	0.80937	0.40797	0.035264	-0.29801	-0.40942	-0.43325	-0.3726	-0.31198	-0.21087	-0.16881	-0.084719	0.010437	0.19515	0.25282	0.9091
733.25	0.24152	0.196	0.036172	-0.077148	-0.20354	-0.2726	-0.29178	-0.42341	-0.41903	-0.43948	-0.30855	-0.053284	0.30014	0.74663	0.95902	0.99314	0.80841	0.43615	0.019321	-0.32307	-0.43855	-0.47004	-0.40291	-0.31079	-0.20424	-0.13595	-0.076323	0.0085727	0.1417	0.18168	0.77871
735.4	0.28908	0.26422	0.10118	-0.033487	-0.12277	-0.1688	-0.28103	-0.43482	-0.4779	-0.44464	-0.32643	-0.060055	0.28912	0.73382	0.94719	0.95431	0.78269	0.33452	-0.0043736	-0.37655	-0.44747	-0.46665	-0.47132	-0.40416	-0.24435	-0.21385	-0.13849	0.024918	0.23588	0.27993	0.67381
738.41	0.25446	0.21231	0.042194	-0.04159	-0.1407	-0.18149	-0.30945	-0.40157	-0.47596	-0.45567	-0.33445	-0.059811	0.28794	0.72025	0.92311	0.94622	0.7372	0.35814	-0.029859	-0.38369	-0.5066	-0.48082	-0.50301	-0.51638	-0.29935	-0.24896	-0.14595	-0.051261	0.18886	0.22345	0.65156
738.84	0.19166	0.1415	0.017082	-0.086856	-0.073088	-0.19476	-0.24623	-0.31953	-0.38596	-0.46823	-0.33892	-0.082759	0.27567	0.72618	0.91134	0.92253	0.72198	0.31934	-0.08082	-0.41597	-0.5388	-0.46247	-0.50901	-0.39429	-0.28566	-0.24083	-0.14185	-0.03494	0.14899	0.20898	0.59117
739.49	0.16436	0.13034	0.0045328	-0.08678	-0.087335	-0.20795	-0.33065	-0.44918	-0.4673	-0.455	-0.26861	-0.0046141	0.33189	0.74879	0.92401	0.96796	0.76359	0.3304	-0.018062	-0.37231	-0.43485	-0.46207	-0.37224	-0.33211	-0.19095	-0.15676	-0.07968	-0.0077778	0.094512	0.14945	0.47362
739.27	0.29592	0.27609	0.060952	-0.051829	-0.1528	-0.26147	-0.36226	-0.44303	-0.45946	-0.44017	-0.2827	-0.0161	0.38443	0.7638	0.94448	0.95352	0.74057	0.29419	-0.051381	-0.37242	-0.49181	-0.48227	-0.50032	-0.44594	-0.26236	-0.22471	-0.035658	0.080873	0.24928	0.29484	0.40374
737.98	0.21697	0.17042	-0.01639	-0.068408	-0.13668	-0.18606	-0.30569	-0.3934	-0.43032	-0.44094	-0.25279	0.011481	0.38106	0.81807	0.95962	0.94887	0.71436	0.29016	-0.057358	-0.40778	-0.47234	-0.49116	-0.46967	-0.41074	-0.29372	-0.2171	-0.079843	-0.011418	0.15755	0.20922	0.28626
736.26	0.17556	0.16195	0.029729	0.01407	-0.10004	-0.15742	-0.28466	-0.36275	-0.43733	-0.40978	-0.28151	-0.011556	0.3698	0.74358	0.91454	0.88356	0.69693	0.22477	-0.11455	-0.46961	-0.55495	-0.52656	-0.5445	-0.44977	-0.30603	-0.29782	-0.1725	-0.062311	0.14742	0.18505	0.32118
736.69	0.20059	0.17293	0.027616	-0.068527	-0.16154	-0.2065	-0.34179	-0.42354	-0.43508	-0.44815	-0.29071	0.013809	0.29671	0.7389	0.89824	0.90202	0.65413	0.22464	-0.15185	-0.50194	-0.62184	-0.54237	-0.52102	-0.42548	-0.29617	-0.22149	-0.08802	-0.0023601	0.183	0.20137	0.21325
736.05	0.20496	0.17973	0.075909	-0.029323	-0.09596	-0.18655	-0.29463	-0.41549	-0.41945	-0.40346	-0.25111	-2.4252e-005	0.40029	0.78413	0.95763	0.93448	0.71411	0.2499	-0.10671	-0.48933	-0.55512	-0.50858	-0.48566	-0.45591	-0.31193	-0.29189	-0.20875	-0.036889	0.19577	0.23033	0.13075
737.12	0.21304	0.15512	0.010835	-0.072614	-0.1717	-0.19968	-0.30802	-0.40858	-0.40484	-0.39429	-0.23201	0.025319	0.39162	0.78723	0.96299	0.93312	0.73002	0.24044	-0.088869	-0.43431	-0.52581	-0.52796	-0.41341	-0.38721	-0.2051	-0.16328	-0.077929	0.0049006	0.13047	0.1643	0.10536
736.69	0.24878	0.20616	0.065361	-0.035492	-0.15744	-0.18639	-0.3161	-0.38357	-0.40708	-0.37093	-0.2134	0.071431	0.45661	0.79829	0.97031	0.96108	0.72409	0.24741	-0.092855	-0.44761	-0.52001	-0.52827	-0.45997	-0.38543	-0.27295	-0.1774	-0.092038	0.026689	0.19349	0.26711	-0.015173
737.55	0.25476	0.24796	0.063187	-0.099383	-0.12651	-0.2018	-0.30784	-0.39363	-0.41659	-0.3705	-0.21082	0.073649	0.41767	0.81007	0.97818	0.97681	0.73806	0.24712	-0.053463	-0.46011	-0.49499	-0.54375	-0.36691	-0.32698	-0.23011	-0.15517	-0.063836	0.053861	0.18069	0.28937	-0.14517
740.13	0.28098	0.26474	0.060881	-0.086705	-0.15671	-0.17217	-0.29497	-0.34201	-0.36936	-0.3564	-0.20308	0.082571	0.44644	0.81569	0.99943	0.96291	0.71861	0.23946	-0.088508	-0.44336	-0.50137	-0.52181	-0.45155	-0.40955	-0.24857	-0.16261	-0.01562	0.030181	0.27197	0.27814	-0.20857
742.71	0.27793	0.23306	0.096027	-0.078212	-0.12563	-0.14054	-0.32138	-0.40968	-0.3899	-0.36367	-0.21167	0.061708	0.43485	0.80655	0.96245	0.93865	0.70771	0.22959	-0.12721	-0.46554	-0.52993	-0.52	-0.43745	-0.37238	-0.26306	-0.17795	-0.079334	0.06069	0.23356	0.24457	-0.27511
745.29	0.22106	0.20597	0.010716	-0.053451	-0.10288	-0.17761	-0.26754	-0.39994	-0.40239	-0.40694	-0.21326	0.081999	0.42334	0.78699	0.93463	0.91039	0.67592	0.19279	-0.12677	-0.52622	-0.56031	-0.53213	-0.50877	-0.43641	-0.31954	-0.19912	-0.13665	-0.011306	0.19126	0.2417	-0.36699
746.58	0.20827	0.13348	-0.014131	-0.10226	-0.17966	-0.2567	-0.32167	-0.38472	-0.41945	-0.38719	-0.22214	0.075034	0.42061	0.75005	0.89523	0.86927	0.62455	0.13853	-0.20999	-0.56177	-0.63571	-0.56699	-0.52659	-0.42972	-0.32281	-0.22449	-0.13444	-0.018453	0.14745	0.19668	-0.43033
748.94	0.15404	0.10473	0.041601	-0.11818	-0.17505	-0.2427	-0.35952	-0.43938	-0.426	-0.40495	-0.24448	0.040788	0.37946	0.76437	0.87247	0.86653	0.63092	0.14258	-0.21706	-0.54076	-0.6297	-0.5434	-0.53528	-0.37519	-0.35225	-0.29672	-0.1933	-0.036254	0.10983	0.16777	-0.51266
751.73	0.16374	0.12171	0.020899	-0.075251	-0.17239	-0.22209	-0.31559	-0.44187	-0.44205	-0.39504	-0.2275	0.056448	0.42566	0.79687	0.89792	0.85297	0.6265	0.084032	-0.23745	-0.55791	-0.63335	-0.56112	-0.53329	-0.50723	-0.33197	-0.27009	-0.17486	-0.043237	0.10531	0.20137	-0.58547
756.67	0.17287	0.12307	-0.022108	-0.12903	-0.20723	-0.28592	-0.34238	-0.44513	-0.40607	-0.37576	-0.27848	0.069545	0.41303	0.76482	0.90522	0.85973	0.59146	0.10122	-0.25122	-0.56485	-0.63318	-0.54766	-0.51341	-0.43764	-0.3543	-0.25271	-0.16589	-0.041185	0.10871	0.17005	-0.55381
760.75	0.15774	0.10525	0.01253	-0.10635	-0.15842	-0.20214	-0.33481	-0.39385	-0.39808	-0.34051	-0.218	0.062475	0.43237	0.7751	0.88946	0.89801	0.60471	0.091855	-0.19846	-0.54288	-0.61204	-0.55837	-0.50251	-0.40815	-0.28493	-0.22419	-0.11831	-0.019868	0.11219	0.15919	-0.62978
761.82	0.24057	0.18008	0.020622	-0.08224	-0.18201	-0.23427	-0.34198	-0.40753	-0.41105	-0.37114	-0.15426	0.1248	0.47091	0.80682	0.91434	0.87635	0.6182	0.17319	-0.19438	-0.53581	-0.56194	-0.59654	-0.43462	-0.34755	-0.22839	-0.19287	-0.071517	0.039855	0.1587	0.2285	-0.60446
760.11	0.23705	0.22128	0.032863	-0.09043	-0.15657	-0.18714	-0.31403	-0.37991	-0.34997	-0.33456	-0.12509	0.17199	0.50729	0.85592	0.9426	0.93965	0.62987	0.18241	-0.17004	-0.4949	-0.54347	-0.54909	-0.41111	-0.37938	-0.2214	-0.19524	-0.059995	0.059301	0.20584	0.26087	-0.61079
760.11	0.27157	0.21913	0.032863	-0.082426	-0.1327	-0.20448	-0.28339	-0.3636	-0.33834	-0.35119	-0.15461	0.12061	0.48375	0.82714	0.93824	0.91717	0.62987	0.13166	-0.2234	-0.53281	-0.56321	-0.55689	-0.46416	-0.37162	-0.24204	-0.16222	-0.038574	0.050502	0.24245	0.26087	-0.63927
760.97	0.2307	0.20602	-0.030103	-0.072339	-0.20804	-0.2129	-0.31367	-0.3917	-0.39216	-0.35702	-0.17484	0.089233	0.45577	0.80978	0.95462	0.88346	0.61069	0.11387	-0.23077	-0.55746	-0.54483	-0.56796	-0.44326	-0.2956	-0.253	-0.1795	-0.083269	0.046932	0.20154	0.2566	-0.73103
759.68	0.24328	0.13762	-0.019987	-0.1105	-0.15069	-0.21109	-0.31995	-0.35565	-0.42191	-0.37011	-0.21604	0.10503	0.4428	0.8091	0.96061	0.88496	0.61173	0.14939	-0.20446	-0.54154	-0.56155	-0.55526	-0.45422	-0.36018	-0.25343	-0.19341	-0.079511	0.048771	0.19985	0.20524	-0.66458
757.53	0.20323	0.1574	-0.0078092	-0.096762	-0.15111	-0.22691	-0.34584	-0.43848	-0.42505	-0.39827	-0.21665	0.071706	0.44012	0.79902	0.92172	0.87311	0.63202	0.13653	-0.1993	-0.50715	-0.57701	-0.549	-0.48826	-0.41767	-0.27673	-0.21345	-0.13249	0.02419	0.14328	0.24178	-0.70572
754.1	0.2062	0.16894	-0.0057974	-0.083083	-0.18989	-0.24978	-0.33969	-0.4261	-0.4348	-0.3959	-0.2245	0.047265	0.42433	0.75915	0.90391	0.89151	0.6059	0.1416	-0.20982	-0.57527	-0.58759	-0.53182	-0.45964	-0.36676	-0.278	-0.19484	-0.1115	-0.0093999	0.15623	0.20877	-0.70572
751.95	0.25194	0.16074	0.0024045	-0.091411	-0.14017	-0.24173	-0.3426	-0.40671	-0.43017	-0.38022	-0.20907	0.10837	0.46718	0.80911	0.91091	0.90646	0.60971	0.13308	-0.17766	-0.53008	-0.5773	-0.54913	-0.49189	-0.41489	-0.26552	-0.20718	-0.10986	0.004804	0.17723	0.2315	-0.6804
750.44	0.25655	0.20891	0.02711	-0.057137	-0.16261	-0.20492	-0.32389	-0.40752	-0.39766	-0.38098	-0.20719	0.11085	0.46017	0.76909	0.9879	0.871	0.62758	0.11771	-0.22628	-0.55461	-0.60845	-0.57	-0.49081	-0.35675	-0.28885	-0.18399	-0.15347	0.0262	0.21261	0.24407	-0.6899
748.73	0.22004	0.18541	0.012731	-0.10196	-0.16501	-0.21418	-0.33046	-0.3919	-0.40644	-0.38185	-0.2192	0.068014	0.44131	0.8105	0.90596	0.90413	0.61859	0.095572	-0.21132	-0.5794	-0.59381	-0.55545	-0.51472	-0.42849	-0.28951	-0.22582	-0.08463	0.017328	0.15529	0.21431	-0.66142
745.5	0.20857	0.16432	0.023144	-0.063637	-0.12516	-0.21069	-0.33384	-0.39983	-0.41413	-0.37715	-0.18773	0.093364	0.45922	0.81191	0.9032	0.89136	0.60241	0.11174	-0.23555	-0.60123	-0.60644	-0.57178	-0.5107	-0.4066	-0.33092	-0.23669	-0.12073	-0.011303	0.14144	0.22741	-0.67091
744	0.18618	0.16904	0.0086575	-0.10874	-0.18231	-0.25759	-0.33648	-0.41313	-0.42486	-0.3864	-0.20667	0.054751	0.45414	0.80935	0.93179	0.86184	0.59313	0.13902	-0.22629	-0.58523	-0.60767	-0.5869	-0.49506	-0.44113	-0.29518	-0.22924	-0.14286	-0.013123	0.16043	0.19126	-0.66458
744.86	0.22118	0.15132	0.029386	-0.127	-0.16789	-0.24182	-0.32827	-0.42306	-0.44217	-0.41141	-0.24582	0.098004	0.4396	0.85247	0.91958	0.90465	0.60293	0.10958	-0.24354	-0.57166	-0.61704	-0.58622	-0.52572	-0.42676	-0.29484	-0.22501	-0.12282	0.021011	0.15402	0.20526	-0.63611
748.3	0.18717	0.15716	0.025123	-0.12235	-0.19338	-0.23191	-0.34038	-0.43768	-0.42242	-0.40108	-0.21009	0.097554	0.44555	0.81306	0.89761	0.87973	0.63564	0.11356	-0.2521	-0.56048	-0.61821	-0.62319	-0.49429	-0.3972	-0.28777	-0.22989	-0.086655	-0.0094727	0.14298	0.2205	-0.6804
751.52	0.15557	0.163	0.016794	-0.091464	-0.19457	-0.20243	-0.32536	-0.41931	-0.45394	-0.36992	-0.2023	0.094875	0.49523	0.7971	0.93571	0.8801	0.60383	0.11084	-0.23752	-0.59003	-0.59959	-0.6067	-0.5417	-0.42494	-0.25808	-0.20337	-0.092193	-0.021891	0.14854	0.20545	-0.65826
751.73	0.26227	0.17381	0.018843	-0.046922	-0.15027	-0.22209	-0.33882	-0.41507	-0.41853	-0.37822	-0.19995	0.12873	0.45541	0.8031	0.9222	0.87158	0.5995	0.13758	-0.2336	-0.52384	-0.59942	-0.58481	-0.48996	-0.3738	-0.28456	-0.20527	-0.096104	0.04039	0.19168	0.18526	-0.66775
750.87	0.21325	0.19792	-0.0037642	-0.044951	-0.17259	-0.24208	-0.30432	-0.41761	-0.38762	-0.37655	-0.18409	0.10626	0.45196	0.81651	0.92105	0.88913	0.57731	0.11987	-0.23966	-0.56282	-0.63008	-0.61512	-0.55662	-0.44691	-0.32096	-0.2468	-0.14155	0.022623	0.16514	0.20563	-0.6899
750.66	0.17014	0.10666	0.012698	-0.089543	-0.21291	-0.20266	-0.31216	-0.4136	-0.35045	-0.38508	-0.20024	0.10177	0.46203	0.78552	0.90584	0.85006	0.56915	0.068511	-0.28025	-0.6035	-0.65425	-0.59948	-0.56298	-0.47259	-0.28117	-0.2685	-0.17511	-0.041515	0.13018	0.20367	-0.67408
754.31	0.15704	0.086674	-0.0078425	-0.11532	-0.18383	-0.25189	-0.34539	-0.43214	-0.44444	-0.39788	-0.25876	0.020238	0.39258	0.78586	0.85966	0.8274	0.5519	0.041495	-0.30578	-0.63242	-0.68688	-0.60248	-0.55614	-0.46248	-0.34785	-0.27699	-0.16641	-0.067913	0.096752	0.15855	-0.67724
758.39	0.1623	0.10342	-0.0016912	-0.14078	-0.19081	-0.2983	-0.33777	-0.45434	-0.46342	-0.41241	-0.20502	0.06267	0.45928	0.79811	0.84847	0.8291	0.54893	0.036848	-0.2965	-0.61423	-0.64362	-0.60511	-0.55928	-0.45221	-0.3535	-0.28134	-0.1987	-0.048148	0.098272	0.16568	-0.72786
759.25	0.14585	0.1119	-0.050517	-0.1286	-0.15674	-0.29579	-0.35656	-0.42525	-0.42797	-0.38072	-0.2298	0.093909	0.44502	0.78692	0.8934	0.85272	0.53803	0.052271	-0.29616	-0.6283	-0.65673	-0.60442	-0.5321	-0.50416	-0.33432	-0.27714	-0.14974	-0.053379	0.094087	0.13758	-0.70888
757.32	0.19106	0.15529	-0.034329	-0.12692	-0.1811	-0.28568	-0.31903	-0.4161	-0.41934	-0.37544	-0.19848	0.11433	0.46387	0.80956	0.91102	0.8631	0.56414	0.065693	-0.30265	-0.61088	-0.63463	-0.62556	-0.53755	-0.44506	-0.32199	-0.2525	-0.12667	-0.058812	0.16986	0.16391	-0.74368
755.17	0.21408	0.18383	0.051485	-0.072894	-0.14958	-0.2516	-0.29295	-0.39676	-0.40883	-0.34721	-0.18304	0.10791	0.48691	0.82221	0.95755	0.88613	0.5947	0.094756	-0.23637	-0.60201	-0.6106	-0.59983	-0.48979	-0.44437	-0.2927	-0.2278	-0.11919	-0.0058427	0.17443	0.23452	-0.76266
752.16	0.2375	0.18456	0.020887	-0.065097	-0.15621	-0.25261	-0.30186	-0.39011	-0.41242	-0.33599	-0.18836	0.12866	0.49282	0.82965	0.95476	0.88554	0.60538	0.092904	-0.2508	-0.59378	-0.62701	-0.61604	-0.49793	-0.45007	-0.29387	-0.17179	-0.060629	0.047481	0.22651	0.23345	-0.7595
752.59	0.24762	0.17145	0.043454	-0.11357	-0.17219	-0.2634	-0.30943	-0.38782	-0.4161	-0.3505	-0.18596	0.13987	0.47273	0.84994	0.92556	0.89949	0.57184	0.046047	-0.27953	-0.59982	-0.63063	-0.62555	-0.49353	-0.45177	-0.27666	-0.24035	-0.15696	-0.00053396	0.17092	0.20114	-0.87335
753.67	0.19812	0.15604	-0.020146	-0.12955	-0.13584	-0.2237	-0.29546	-0.41812	-0.40769	-0.36677	-0.19715	0.15093	0.48392	0.82385	0.91544	0.86934	0.56481	0.070464	-0.24454	-0.63083	-0.62775	-0.62465	-0.58337	-0.4022	-0.31031	-0.24393	-0.14888	0.015441	0.16247	0.20286	-0.87651
753.45	0.18794	0.12793	-0.028354	-0.10334	-0.172	-0.22158	-0.33032	-0.43263	-0.43322	-0.34381	-0.19262	0.12844	0.47219	0.78883	0.92671	0.85722	0.56911	0.039315	-0.30229	-0.67776	-0.66775	-0.64452	-0.54854	-0.40231	-0.32176	-0.2244	-0.10767	-0.036037	0.12354	0.21497	-0.89232
753.24	0.20029	0.1128	-0.030412	-0.10741	-0.16402	-0.21946	-0.32655	-0.41424	-0.37467	-0.37117	-0.20643	0.081134	0.44065	0.79943	0.88512	0.84302	0.52159	0.052688	-0.31391	-0.6567	-0.70977	-0.61122	-0.56517	-0.45922	-0.3332	-0.28915	-0.17255	-0.037822	0.12562	0.16279	-0.94606
753.45	0.16132	0.12793	-0.044754	-0.15987	-0.18404	-0.24343	-0.33419	-0.41823	-0.43322	-0.38156	-0.19262	0.1059	0.47416	0.78883	0.88266	0.82834	0.52558	0.023731	-0.30998	-0.66501	-0.6558	-0.63468	-0.57118	-0.47083	-0.3596	-0.28319	-0.10571	-0.046687	0.13585	0.20493	-0.96502
755.17	0.15686	0.13628	-0.034426	-0.097065	-0.18161	-0.24506	-0.38161	-0.41113	-0.41858	-0.39743	-0.21504	0.11466	0.45532	0.80979	0.90263	0.85115	0.53473	0.023677	-0.29201	-0.65926	-0.67617	-0.63127	-0.57605	-0.46	-0.34179	-0.28645	-0.17015	-0.074919	0.10893	0.16839	-0.97451
757.75	0.16447	0.11428	0.006463	-0.10878	-0.17701	-0.29638	-0.31885	-0.41995	-0.43465	-0.37939	-0.20292	0.082891	0.42819	0.79673	0.89299	0.8462	0.54322	0.045733	-0.31778	-0.64434	-0.69367	-0.63304	-0.58841	-0.46038	-0.34251	-0.25625	-0.16566	-0.046423	0.11671	0.1818	-1.003
759.25	0.1926	0.16779	0.0084836	-0.060481	-0.17666	-0.24374	-0.31055	-0.41504	-0.40275	-0.35575	-0.1866	0.11404	0.47447	0.81368	0.94148	0.85067	0.58945	0.076574	-0.30188	-0.63252	-0.65475	-0.64351	-0.52597	-0.4517	-0.32493	-0.26352	-0.14194	-0.018145	0.19182	0.20536	-1.0282
760.75	0.21656	0.16532	0.01862	-0.10835	-0.18227	-0.24976	-0.33481	-0.38978	-0.39614	-0.33843	-0.13632	0.16515	0.49902	0.83877	0.90255	0.86737	0.55133	0.052168	-0.27844	-0.57866	-0.66726	-0.60908	-0.52493	-0.45274	-0.31867	-0.22613	-0.10858	-0.0057999	0.18331	0.24673	-1.0251
763.76	0.19349	0.17108	0.0084335	-0.086015	-0.16176	-0.25308	-0.30681	-0.38013	-0.40423	-0.34744	-0.15387	0.12893	0.48534	0.8191	0.92072	0.88023	0.57575	0.10248	-0.26596	-0.59944	-0.61945	-0.61446	-0.5188	-0.33508	-0.31928	-0.20977	-0.098467	-0.00052616	0.17652	0.23783	-1.0504
764.4	0.21351	0.2606	0.0064067	-0.095892	-0.14382	-0.26364	-0.32178	-0.37372	-0.3904	-0.35749	-0.17857	0.11993	0.48298	0.80819	0.90475	0.8734	0.57118	0.051919	-0.26953	-0.63035	-0.62089	-0.60812	-0.51025	-0.41585	-0.32834	-0.21153	-0.11775	-0.0022745	0.18648	0.24753	-1.0409
767.19	0.19262	0.17456	-0.011739	-0.075717	-0.16892	-0.23693	-0.29974	-0.3865	-0.39282	-0.33559	-0.18017	0.12171	0.47928	0.79507	0.91227	0.86212	0.54671	0.080154	-0.28365	-0.61345	-0.64797	-0.62718	-0.51648	-0.44318	-0.29741	-0.24155	-0.12504	-0.026674	0.1455	0.1835	-1.0504
770.2	0.17784	0.13362	-0.027737	-0.097147	-0.15059	-0.19325	-0.32503	-0.40311	-0.41041	-0.38147	-0.19516	0.11021	0.46386	0.78791	0.88717	0.83051	0.55471	0.040639	-0.28067	-0.61106	-0.65908	-0.60354	-0.51849	-0.42421	-0.34068	-0.21761	-0.14953	-0.031779	0.13892	0.16314	-1.0504
772.34	0.18334	0.12903	-0.023661	-0.10475	-0.158	-0.24814	-0.37125	-0.37389	-0.39783	-0.34972	-0.18791	0.13629	0.45678	0.80797	0.90619	0.85033	0.55924	0.060072	-0.26488	-0.61972	-0.64948	-0.60186	-0.50501	-0.43449	-0.28989	-0.23038	-0.1127	0.011604	0.13252	0.18816	-1.0188
772.13	0.19139	0.17133	0.0023417	-0.081143	-0.17175	-0.17783	-0.31102	-0.40009	-0.39603	-0.35391	-0.18126	0.11214	0.46656	0.77987	0.8828	0.86466	0.54321	0.079642	-0.29122	-0.59501	-0.64577	-0.62317	-0.50113	-0.32571	-0.28258	-0.2228	-0.13574	-0.035165	0.17661	0.19017	-1.0314
769.98	0.19593	0.14426	0.0023482	-0.095197	-0.18794	-0.1655	-0.32701	-0.34083	-0.38566	-0.33848	-0.16607	0.097011	0.47754	0.81451	0.90681	0.86101	0.56298	0.071148	-0.26381	-0.57588	-0.61834	-0.61912	-0.51662	-0.4454	-0.29078	-0.23876	-0.13035	-0.0039942	0.16505	0.20839	-1.0314
768.48	0.20033	0.18064	-0.01172	-0.097364	-0.15486	-0.23867	-0.32765	-0.37174	-0.41516	-0.38232	-0.19784	0.1436	0.45325	0.8161	0.90211	0.88493	0.57018	0.069106	-0.24548	-0.61659	-0.62931	-0.62227	-0.5136	-0.42132	-0.30062	-0.22578	-0.10557	0.0012183	0.14727	0.19501	-1.0156
768.48	0.24049	0.14879	0.0003419	-0.10528	-0.15289	-0.26867	-0.31439	-0.41006	-0.41708	-0.34942	-0.20008	0.11488	0.46101	0.78967	0.91722	0.86674	0.57221	0.058192	-0.28318	-0.63117	-0.6625	-0.62613	-0.53176	-0.48082	-0.33587	-0.24307	-0.15564	-0.03011	0.16336	0.20486	-1.0156
768.05	0.20848	0.15312	0.00034209	-0.13109	-0.1392	-0.25596	-0.3411	-0.40221	-0.40772	-0.38459	-0.20918	0.1061	0.4535	0.78197	0.89181	0.84497	0.55016	0.0342	-0.26447	-0.65445	-0.66483	-0.6033	-0.55023	-0.46573	-0.31007	-0.24513	-0.14995	-0.010971	0.15138	0.21088	-1.0282
766.76	0.18468	0.14912	-0.017788	-0.12535	-0.16901	-0.24565	-0.36635	-0.40491	-0.4257	-0.39966	-0.25906	0.13949	0.45621	0.78329	0.876	0.85044	0.5409	0.049571	-0.31215	-0.65764	-0.69725	-0.64495	-0.52486	-0.49152	-0.37753	-0.26094	-0.19267	-0.033668	0.15163	0.16979	-1.003
765.04	0.18509	0.17932	-0.01379	-0.10973	-0.16939	-0.27203	-0.33673	-0.41595	-0.43436	-0.39023	-0.23482	0.095418	0.47283	0.79526	0.88664	0.84423	0.57274	0.043106	-0.30338	-0.62982	-0.64587	-0.6173	-0.55239	-0.40007	-0.33738	-0.25381	-0.13893	-0.028496	0.16612	0.20974	-1.044
759.89	0.17619	0.11396	-0.034212	-0.12849	-0.2163	-0.27604	-0.32752	-0.42285	-0.39659	-0.38664	-0.19553	0.10277	0.478	0.79448	0.8992	0.82541	0.51908	0.034567	-0.32832	-0.65516	-0.64432	-0.63125	-0.5541	-0.52896	-0.29276	-0.25358	-0.13792	-0.03045	0.1347	0.18527	-1.003
757.1	0.16869	0.12516	-0.0057744	-0.12896	-0.2131	-0.20529	-0.35565	-0.46125	-0.42529	-0.40059	-0.21449	0.15922	0.43249	0.84075	0.91128	0.85924	0.53336	0.039125	-0.30848	-0.65757	-0.68633	-0.65122	-0.55409	-0.47831	-0.29384	-0.26817	-0.1658	-0.049995	0.12702	0.14597	-1.0219
756.24	0.17092	0.13609	-0.0078225	-0.13313	-0.19135	-0.25342	-0.34835	-0.45153	-0.41604	-0.3885	-0.19647	0.11674	0.47241	0.81897	0.89038	0.86433	0.53397	0.048043	-0.32607	-0.66044	-0.69108	-0.64411	-0.57113	-0.39692	-0.29983	-0.26066	-0.15033	-0.028828	0.12512	0.19617	-0.99663
755.6	0.16902	0.18372	-0.018051	-0.086944	-0.1635	-0.22531	-0.32553	-0.4191	-0.43004	-0.3742	-0.20121	0.10335	0.45901	0.79899	0.89333	0.8918	0.53443	0.050303	-0.31101	-0.661	-0.69762	-0.64662	-0.5593	-0.46364	-0.33216	-0.28629	-0.1583	-0.021772	0.15387	0.20034	-0.99031
754.31	0.16318	0.16456	-0.0078425	-0.14355	-0.20186	-0.31083	-0.38205	-0.41159	-0.43468	-0.39788	-0.23359	0.099026	0.45979	0.81072	0.88166	0.87066	0.53948	0.028151	-0.31346	-0.66849	-0.71473	-0.62609	-0.56642	-0.44879	-0.30627	-0.2398	-0.1154	-0.037768	0.13569	0.17861	-0.97451
750.01	0.16411	0.14592	-0.018186	-0.12612	-0.17682	-0.28846	-0.38036	-0.40156	-0.42735	-0.38541	-0.1889	0.058842	0.50616	0.80494	0.88892	0.86114	0.54465	0.035022	-0.31333	-0.66379	-0.66681	-0.64748	-0.54278	-0.51823	-0.34224	-0.23921	-0.17329	-0.043336	0.13235	0.18972	-0.98083
747.22	0.16886	0.15957	-0.030656	-0.12863	-0.23615	-0.21902	-0.34282	-0.41965	-0.44669	-0.38474	-0.2104	0.10451	0.47213	0.82468	0.90778	0.87892	0.58013	0.030664	-0.33001	-0.68984	-0.67934	-0.66181	-0.56972	-0.43725	-0.32825	-0.2974	-0.11055	-0.045287	0.18043	0.18233	-0.98083
747.65	0.18527	0.11582	-0.026509	-0.1428	-0.19153	-0.26514	-0.34067	-0.42562	-0.409	-0.39297	-0.20104	0.10672	0.47984	0.83257	0.92502	0.87841	0.53802	0.019431	-0.34144	-0.66374	-0.69701	-0.65548	-0.56939	-0.47646	-0.3376	-0.25379	-0.1481	-0.057783	0.16791	0.17615	-1.003
750.23	0.17435	0.13065	-0.026418	-0.1342	-0.19087	-0.24887	-0.36667	-0.43655	-0.42526	-0.36002	-0.18425	0.14483	0.49409	0.80055	0.92184	0.85468	0.53617	0.010419	-0.33062	-0.68494	-0.71062	-0.65125	-0.58397	-0.48662	-0.36304	-0.27456	-0.18311	-0.064717	0.12819	0.18362	-0.99663
751.73	0.17605	0.13908	-0.055131	-0.12786	-0.16032	-0.24399	-0.29816	-0.42125	-0.44205	-0.39294	-0.21602	0.097108	0.51492	0.7844	0.91337	0.84884	0.52263	0.023785	-0.33381	-0.69208	-0.71918	-0.68745	-0.60344	-0.43855	-0.35853	-0.25634	-0.16502	-0.039677	0.13205	0.1752	-0.98715
754.1	0.17346	0.1105	-0.009894	-0.13956	-0.18789	-0.25851	-0.35514	-0.43226	-0.42504	-0.41057	-0.19932	0.11707	0.48365	0.78608	0.90611	0.86473	0.521	0.043732	-0.3366	-0.67505	-0.71294	-0.65381	-0.59538	-0.49782	-0.3385	-0.28294	-0.17824	-0.044875	0.11523	0.17063	-1.0124
754.52	0.16313	0.11477	-0.013983	-0.12134	-0.20581	-0.26054	-0.35108	-0.44845	-0.44041	-0.39567	-0.19235	0.10125	0.49325	0.8022	0.87701	0.82511	0.51863	-0.011872	-0.32681	-0.70013	-0.71055	-0.6672	-0.60531	-0.50145	-0.3572	-0.27104	-0.1291	-0.048394	0.10902	0.17856	-1.0061
757.53	0.15841	0.12509	-0.048593	-0.074675	-0.16109	-0.25299	-0.35352	-0.42826	-0.43283	-0.3649	-0.20298	0.14568	0.48145	0.8114	0.85601	0.82799	0.50833	0.0036753	-0.36185	-0.69313	-0.71763	-0.68414	-0.5763	-0.48583	-0.32943	-0.28361	-0.17743	-0.049967	0.10246	0.17386	-1.0282
763.97	0.17323	0.077034	-0.019874	-0.089973	-0.21712	-0.28965	-0.3334	-0.46724	-0.43497	-0.39699	-0.21482	0.097774	0.46764	0.80456	0.85965	0.83118	0.49178	-0.0073318	-0.35122	-0.67681	-0.7214	-0.68226	-0.56738	-0.47207	-0.38077	-0.26383	-0.19337	-0.040792	0.081365	0.1605	-0.97767
768.48	0.17423	0.13605	-0.019758	-0.14289	-0.25126	-0.28581	-0.35228	-0.42417	-0.39024	-0.3597	-0.18212	0.10825	0.47072	0.7917	0.88484	0.83034	0.57221	-0.0072888	-0.33407	-0.67075	-0.70741	-0.66668	-0.54791	-0.46355	-0.32474	-0.26228	-0.19609	-0.012705	0.13722	0.16547	-1.0346
772.98	0.19118	0.12259	0.020324	-0.086957	-0.17156	-0.22024	-0.33704	-0.43774	-0.45848	-0.35147	-0.17882	0.123	0.47955	0.79315	0.87753	0.81545	0.49816	0.016623	-0.33775	-0.67513	-0.67029	-0.66279	-0.56879	-0.46466	-0.3376	-0.25884	-0.13559	-0.023012	0.12642	0.16842	-1.0251
776.42	0.19431	0.13466	0.010286	-0.11008	-0.17664	-0.27229	-0.35617	-0.43381	-0.44887	-0.39062	-0.16914	0.10933	0.48127	0.82185	0.88006	0.82385	0.502	0.0014246	-0.33999	-0.65977	-0.66346	-0.65795	-0.5483	-0.46831	-0.35815	-0.25579	-0.18074	-0.04703	0.14178	0.19107	-1.0756
779.42	0.16584	0.1467	-0.065065	-0.0999	-0.20506	-0.25434	-0.32305	-0.36056	-0.40745	-0.37493	-0.15742	0.10673	0.48324	0.81667	0.88093	0.8167	0.51809	0.010029	-0.33496	-0.65312	-0.67053	-0.6497	-0.56608	-0.50057	-0.31286	-0.27375	-0.16485	-0.048564	0.1333	0.20781	-1.0188
781.78	0.1831	0.11286	-0.033255	-0.12684	-0.18704	-0.28516	-0.35187	-0.44074	-0.41375	-0.36571	-0.19006	0.11509	0.47606	0.79422	0.8528	0.82019	0.49056	0.0099986	-0.34877	-0.65934	-0.70305	-0.64015	-0.60405	-0.48585	-0.32833	-0.26915	-0.16436	-0.043286	0.12104	0.13749	-1.0472
783.28	0.15714	0.15014	-0.076576	-0.14601	-0.18668	-0.24257	-0.33075	-0.42209	-0.42048	-0.37308	-0.18749	0.099701	0.48466	0.76876	0.85752	0.80473	0.44177	-0.015718	-0.34626	-0.69691	-0.71128	-0.64839	-0.60685	-0.43407	-0.34591	-0.25732	-0.17916	-0.046618	0.10304	0.15268	-1.0788
782.42	0.12576	0.13154	-0.060867	-0.15784	-0.23905	-0.26388	-0.33483	-0.45623	-0.43601	-0.3957	-0.23623	0.088959	0.45089	0.75762	0.8309	0.78576	0.44824	-0.028598	-0.34293	-0.69154	-0.7159	-0.65669	-0.56391	-0.48922	-0.34629	-0.25949	-0.19449	-0.058635	0.11896	0.17799	-1.0156
781.99	0.10806	0.10239	-0.049047	-0.14431	-0.19858	-0.24297	-0.34991	-0.43666	-0.43059	-0.37167	-0.21208	0.099865	0.49309	0.76803	0.8165	0.81599	0.45049	-0.013598	-0.36165	-0.67963	-0.71245	-0.67033	-0.59199	-0.47817	-0.34648	-0.27663	-0.12835	-0.062088	0.1388	0.15294	-1.0409
781.78	0.12389	0.13582	-0.029301	-0.13656	-0.18123	-0.30623	-0.35187	-0.43678	-0.41752	-0.37986	-0.18564	0.11727	0.47224	0.76824	0.84007	0.80827	0.46459	-0.022186	-0.3636	-0.69006	-0.72032	-0.69519	-0.58421	-0.52359	-0.34292	-0.24837	-0.16436	-0.060395	0.087423	0.15878	-1.0693
782.42	0.16323	0.11485	-0.037176	-0.097571	-0.19461	-0.27861	-0.38135	-0.40869	-0.42848	-0.35531	-0.18328	0.12368	0.48138	0.79357	0.86058	0.81157	0.49016	-0.0050163	-0.3633	-0.6854	-0.71015	-0.6529	-0.5758	-0.48168	-0.3554	-0.29157	-0.16611	-0.050087	0.11303	0.13738	-1.0535
782.42	0.19676	0.10442	-0.021381	-0.11701	-0.18688	-0.3207	-0.33111	-0.41463	-0.4153	-0.37349	-0.17887	0.11934	0.48329	0.76162	0.89027	0.8215	0.49814	0.046436	-0.34479	-0.67108	-0.67563	-0.66238	-0.56589	-0.44209	-0.32988	-0.25383	-0.15665	-0.034702	0.10711	0.17219	-1.0788
780.92	0.18133	0.1297	-0.039224	-0.13671	-0.21241	-0.28969	-0.35226	-0.43329	-0.37837	-0.33576	-0.17259	0.13262	0.48804	0.78109	0.90473	0.80717	0.5031	-0.0050259	-0.35658	-0.69697	-0.68845	-0.72065	-0.55705	-0.5525	-0.34695	-0.28835	-0.15316	-0.043333	0.11721	0.18609	-1.0535
781.56	0.195	0.14003	0.0023134	-0.14244	-0.19482	-0.28103	-0.3501	-0.43888	-0.41764	-0.35974	-0.19453	0.11078	0.48001	0.79644	0.87639	0.82042	0.52067	0.014293	-0.32477	-0.6841	-0.66293	-0.68589	-0.57445	-0.45201	-0.33207	-0.28056	-0.14167	-0.029606	0.1092	0.19562	-1.044
781.56	0.16144	0.11497	-0.015476	-0.10741	-0.16388	-0.29156	-0.365	-0.41905	-0.43837	-0.36177	-0.17024	0.11513	0.49145	0.79244	0.86577	0.83036	0.49269	0.012146	-0.32107	-0.6882	-0.709	-0.6631	-0.57842	-0.47089	-0.33207	-0.273	-0.16629	-0.036451	0.14481	0.15883	-1.0377
781.56	0.15749	0.13586	-0.058957	-0.12687	-0.17742	-0.27681	-0.35383	-0.42698	-0.42895	-0.39007	-0.21882	0.12816	0.47237	0.79644	0.92946	0.81843	0.50868	-0.00072976	-0.35072	-0.71688	-0.70133	-0.6631	-0.55262	-0.43502	-0.33937	-0.25033	-0.21174	-0.060411	0.16063	0.16464	-1.003
781.56	0.16341	0.10245	-0.043144	-0.1405	-0.18128	-0.28313	-0.3501	-0.42698	-0.40633	-0.37592	-0.19453	0.12599	0.46856	0.79444	0.85941	0.83036	0.45873	-0.00072976	-0.36185	-0.68001	-0.71476	-0.65741	-0.54865	-0.44635	-0.33937	-0.28056	-0.15114	-0.060411	0.11514	0.16464	-1.0567
781.56	0.15354	0.1463	-0.023381	-0.14439	-0.2103	-0.27471	-0.36314	-0.43888	-0.40821	-0.38401	-0.20115	0.097744	0.47619	0.78244	0.87214	0.80451	0.47871	0.010001	-0.35999	-0.6882	-0.7186	-0.6631	-0.5804	-0.48221	-0.36308	-0.30511	-0.15114	-0.041587	0.14678	0.18013	-1.0504
780.28	0.15181	0.10889	-0.039256	-0.12513	-0.20677	-0.29415	-0.33576	-0.42769	-0.41266	-0.38261	-0.19485	0.11967	0.45404	0.79175	0.85444	0.7919	0.4855	-0.024377	-0.37544	-0.71601	-0.70825	-0.67751	-0.57341	-0.483	-0.32531	-0.30751	-0.16657	-0.038226	0.089571	0.17073	-1.0282
781.14	0.17338	0.11921	-0.021416	-0.11721	-0.1988	-0.28961	-0.36334	-0.4173	-0.41975	-0.37006	-0.20347	0.10867	0.48218	0.80888	0.862	0.83678	0.49097	-0.0028763	-0.36575	-0.67628	-0.69595	-0.64447	-0.54101	-0.45604	-0.32678	-0.27882	-0.14365	-0.057019	0.13499	0.16666	-1.0282
780.28	0.15577	0.14236	-0.009562	-0.13683	-0.20483	-0.28571	-0.34881	-0.43365	-0.42965	-0.37654	-0.19485	0.11967	0.49035	0.83179	0.86933	0.80982	0.50551	-0.032977	-0.36801	-0.71191	-0.69094	-0.65659	-0.58732	-0.55106	-0.30887	-0.25642	-0.17226	-0.057081	0.11533	0.16297	-1.0535
779.42	0.15396	0.13623	-0.055155	-0.12722	-0.18566	-0.25856	-0.3604	-0.43214	-0.42256	-0.37898	-0.19285	0.13941	0.48324	0.80064	0.87667	0.84062	0.48603	-0.017947	-0.35727	-0.73117	-0.67823	-0.66493	-0.57205	-0.48921	-0.3275	-0.23587	-0.15346	-0.041701	0.12339	0.15926	-1.0788
779.42	0.17772	0.075507	-0.02939	-0.12332	-0.22445	-0.25856	-0.35854	-0.43611	-0.42446	-0.38101	-0.19063	0.10455	0.47176	0.78259	0.85964	0.82267	0.464	-0.017947	-0.38515	-0.69626	-0.75716	-0.67254	-0.58399	-0.51571	-0.36042	-0.26428	-0.18004	-0.048564	0.11546	0.16121	-1.0472
777.92	0.16219	0.12391	-0.049304	-0.11573	-0.21129	-0.26753	-0.36484	-0.44293	-0.43664	-0.40409	-0.17547	0.14404	0.49376	0.81222	0.8869	0.82027	0.48898	-0.01367	-0.37471	-0.72641	-0.72776	-0.70055	-0.60306	-0.52808	-0.36478	-0.28946	-0.15185	-0.038342	0.12561	0.15568	-1.0124
776.42	0.18437	0.12625	-0.075265	-0.14338	-0.2078	-0.25532	-0.36742	-0.42582	-0.42799	-0.38452	-0.1847	0.13339	0.47743	0.79971	0.87793	0.80985	0.49596	-0.041782	-0.37544	-0.70101	-0.7137	-0.67324	-0.58825	-0.47211	-0.34529	-0.29002	-0.18837	-0.031524	0.11391	0.15208	-1.0535
777.49	0.1603	0.10088	-0.023504	-0.14123	-0.22501	-0.27826	-0.36317	-0.44716	-0.40088	-0.38602	-0.16891	0.12447	0.46526	0.80865	0.88952	0.83071	0.53143	-0.015835	-0.35629	-0.68151	-0.71851	-0.67612	-0.58544	-0.50181	-0.35032	-0.28393	-0.19763	-0.024601	0.13761	0.17134	-1.0472
777.92	0.15624	0.12391	-0.04732	-0.098136	-0.19962	-0.27599	-0.33865	-0.44293	-0.4461	-0.3919	-0.15328	0.098202	0.48225	0.79615	0.87196	0.82027	0.49701	-0.022296	-0.36727	-0.69966	-0.72197	-0.66431	-0.58312	-0.47878	-0.33179	-0.27618	-0.16517	-0.038342	0.11766	0.16735	-1.0346
778.35	0.16012	0.12803	-0.027447	-0.11958	-0.23059	-0.25892	-0.36838	-0.42477	-0.461	-0.3592	-0.2042	0.11778	0.47049	0.82382	0.87575	0.8278	0.49674	-0.024438	-0.36892	-0.70956	-0.70808	-0.67728	-0.59277	-0.51642	-0.34993	-0.27413	-0.18029	-0.052069	0.12951	0.16921	-1.0851
779.42	0.1797	0.15089	-0.061101	-0.13503	-0.18954	-0.30081	-0.35854	-0.44009	-0.43201	-0.39317	-0.20392	0.11327	0.49472	0.80264	0.89583	0.83663	0.47802	-0.0050356	-0.37028	-0.70036	-0.72828	-0.67064	-0.57802	-0.45515	-0.37689	-0.27186	-0.17625	-0.043417	0.15909	0.15538	-1.0819
778.78	0.1422	0.096524	-0.047267	-0.15272	-0.20717	-0.31375	-0.35509	-0.44642	-0.43237	-0.40161	-0.18414	0.11772	0.4913	0.77321	0.88379	0.81138	0.50047	-0.024424	-0.365	-0.71328	-0.73081	-0.69215	-0.59642	-0.44795	-0.37537	-0.27019	-0.1897	-0.021124	0.12944	0.16134	-1.0756
778.99	0.15206	0.11117	-0.041305	-0.13901	-0.19159	-0.2735	-0.39237	-0.45227	-0.45306	-0.39136	-0.20182	0.11987	0.47968	0.80509	0.8665	0.83909	0.49432	-0.011499	-0.3742	-0.68842	-0.73446	-0.67101	-0.5863	-0.56144	-0.36611	-0.24737	-0.17064	-0.055458	0.13536	0.16907	-1.0662
779.21	0.15202	0.11323	-0.017504	-0.14092	-0.17795	-0.31358	-0.35863	-0.44817	-0.43403	-0.39531	-0.20176	0.067534	0.45658	0.79684	0.88117	0.85281	0.52024	0.0014195	-0.36666	-0.70261	-0.74774	-0.67844	-0.58813	-0.46663	-0.36052	-0.30604	-0.19909	-0.05716	0.12144	0.16902	-0.98399
779.21	0.154	0.13627	-0.037329	-0.13311	-0.21481	-0.26497	-0.38292	-0.42231	-0.41701	-0.39734	-0.1929	0.089326	0.4738	0.78682	0.88969	0.81493	0.49819	-0.005037	-0.34249	-0.71905	-0.7227	-0.68225	-0.61202	-0.50828	-0.36235	-0.30982	-0.20479	-0.05716	0.09366	0.15737	-1.1609
781.35	0.13778	0.077408	-0.060951	-0.14053	-0.20455	-0.28532	-0.3651	-0.41917	-0.45734	-0.39422	-0.2233	0.084733	0.44769	0.79866	0.84053	0.79081	0.48284	-0.037225	-0.39346	-0.71093	-0.73608	-0.70696	-0.60637	-0.48801	-0.36318	-0.3052	-0.16445	-0.057003	0.11319	0.16856	-1.0567
782.21	0.15341	0.083583	-0.051009	-0.13066	-0.21592	-0.29343	-0.36656	-0.45437	-0.41164	-0.40389	-0.22526	0.1172	0.46245	0.82575	0.87567	0.82173	0.50227	-0.011451	-0.3634	-0.67535	-0.73144	-0.6986	-0.59777	-0.5101	-0.37554	-0.27655	-0.204	-0.041553	0.099232	0.14128	-1.0535
783.28	0.16108	0.12306	-0.037135	-0.1363	-0.16545	-0.2699	-0.36049	-0.43792	-0.42612	-0.39729	-0.20291	0.1062	0.45801	0.78273	0.86599	0.8206	0.51753	-0.034991	-0.3629	-0.68874	-0.71894	-0.70333	-0.55933	-0.4755	-0.32588	-0.26486	-0.13759	-0.056862	0.12475	0.15655	-1.0282
784.14	0.16681	0.10627	-0.033155	-0.12646	-0.2501	-0.3221	-0.36381	-0.45325	-0.3956	-0.38678	-0.20489	0.082267	0.46892	0.80777	0.87775	0.85141	0.51298	0.0035506	-0.38098	-0.66757	-0.71242	-0.67796	-0.55279	-0.52954	-0.32735	-0.28152	-0.16952	-0.068742	0.12659	0.1641	-1.0504
784.57	0.13131	0.093733	-0.046919	-0.1322	-0.2095	-0.22329	-0.3432	-0.44708	-0.43669	-0.41073	-0.18498	0.088716	0.48387	0.78742	0.86881	0.78559	0.48086	-0.028519	-0.37339	-0.70801	-0.71394	-0.67948	-0.60586	-0.47096	-0.37441	-0.27948	-0.15811	-0.04995	0.15213	0.13314	-1.0662
786.93	0.15641	0.11212	-0.06837	-0.12987	-0.18197	-0.30422	-0.37731	-0.46346	-0.45036	-0.42155	-0.20636	0.10571	0.46158	0.77711	0.85988	0.80693	0.49926	-0.026304	-0.37963	-0.68351	-0.72515	-0.68687	-0.54492	-0.47892	-0.34068	-0.31054	-0.17833	-0.058299	0.12614	0.1539	-1.0662
791.21	0.12631	0.099134	-0.062142	-0.16954	-0.20009	-0.29009	-0.39183	-0.44332	-0.44047	-0.3933	-0.22051	0.094407	0.48169	0.78673	0.87409	0.79863	0.47484	-0.01344	-0.37757	-0.70207	-0.72691	-0.6869	-0.61841	-0.4726	-0.36947	-0.30139	-0.19794	-0.068127	0.10787	0.14541	-1.0883
793.79	0.12007	0.15844	-0.058049	-0.14983	-0.1823	-0.285	-0.37039	-0.44774	-0.44832	-0.40397	-0.21545	0.096239	0.46134	0.77237	0.8399	0.80974	0.43199	-0.032416	-0.36357	-0.72198	-0.74156	-0.6772	-0.60273	-0.51939	-0.38084	-0.29297	-0.16933	-0.088125	0.18347	0.15829	-1.0504
796.36	0.14099	0.10874	-0.0792	-0.13024	-0.22728	-0.29028	-0.35639	-0.44824	-0.43208	-0.39275	-0.21909	0.11299	0.45985	0.78361	0.88928	0.79152	0.46785	-0.063905	-0.38059	-0.71361	-0.7241	-0.67873	-0.58131	-0.50289	-0.38856	-0.27905	-0.17436	-0.069366	0.12271	0.13877	-1.0598
795.93	0.18373	0.1006	-0.030722	-0.15516	-0.2103	-0.26975	-0.39499	-0.44264	-0.44156	-0.39891	-0.22788	0.10452	0.45448	0.7801	0.85223	0.79195	0.46811	-0.034435	-0.36077	-0.70394	-0.74899	-0.68469	-0.60111	-0.47351	-0.36728	-0.29219	-0.19119	-0.061001	0.08004	0.15596	-1.0504
796.57	0.14096	0.1251	-0.053968	-0.097749	-0.20823	-0.27987	-0.36361	-0.45201	-0.42826	-0.39264	-0.20386	0.095903	0.47658	0.77555	0.84322	0.79131	0.48537	-0.0091383	-0.37867	-0.70337	-0.71637	-0.686	-0.59089	-0.51387	-0.35624	-0.27898	-0.18917	-0.071025	0.10132	0.19193	-1.0662
798.93	0.12895	0.11452	-0.046075	-0.12031	-0.22465	-0.30377	-0.36618	-0.43322	-0.45281	-0.37764	-0.21838	0.12963	0.46771	0.78695	0.84488	0.78897	0.45657	-0.053201	-0.38662	-0.7534	-0.71989	-0.69884	-0.59303	-0.48835	-0.36947	-0.31696	-0.18676	-0.079187	0.1107	0.13454	-1.0093
800.22	0.16539	0.098019	-0.04407	-0.14673	-0.21862	-0.26419	-0.36923	-0.44802	-0.40422	-0.39085	-0.18784	0.10183	0.46509	0.78764	0.84767	0.79353	0.45974	-0.044732	-0.38781	-0.72018	-0.72061	-0.69771	-0.55525	-0.45069	-0.34928	-0.28878	-0.20681	-0.064017	0.11245	0.14756	-1.044
800.22	0.14803	0.083741	-0.051791	-0.14102	-0.21673	-0.26007	-0.35104	-0.4364	-0.44472	-0.37703	-0.18784	0.099712	0.45205	0.76421	0.82279	0.77411	0.4695	-0.046829	-0.37333	-0.72018	-0.7056	-0.69215	-0.5882	-0.49493	-0.33146	-0.26664	-0.17536	-0.072374	0.11052	0.14756	-1.0662
799.36	0.17136	0.11242	-0.047982	-0.15069	-0.21697	-0.25829	-0.38419	-0.4136	-0.4452	-0.3715	-0.22906	0.10194	0.45626	0.7748	0.86103	0.83131	0.47196	-0.04478	-0.37554	-0.72696	-0.73076	-0.65948	-0.61405	-0.50654	-0.36035	-0.29278	-0.15704	-0.042334	0.083566	0.14204	-1.0409
798.71	0.15024	0.14315	-0.03835	-0.16985	-0.20389	-0.35539	-0.36992	-0.43916	-0.44371	-0.39752	-0.20115	0.070136	0.47343	0.76173	0.83472	0.80669	0.45865	-0.051117	-0.36133	-0.7536	-0.73699	-0.67673	-0.60483	-0.49217	-0.36778	-0.26714	-0.2109	-0.064137	0.11073	0.15352	-1.0756
798.93	0.12509	0.10635	-0.036407	-0.15267	-0.20951	-0.30377	-0.37529	-0.45262	-0.45834	-0.39148	-0.2119	0.078618	0.46584	0.77522	0.84903	0.79481	0.46244	-0.034306	-0.38843	-0.71132	-0.74618	-0.69141	-0.60079	-0.49019	-0.37304	-0.30957	-0.17194	-0.055749	0.091348	0.14211	-1.063
799.14	0.1405	0.063432	-0.067325	-0.14882	-0.21702	-0.30575	-0.3679	-0.43698	-0.45453	-0.39336	-0.19241	0.10835	0.46385	0.78088	0.84673	0.79459	0.48576	-0.046891	-0.38833	-0.72114	-0.74973	-0.67637	-0.57346	-0.50114	-0.37829	-0.30394	-0.18301	-0.072471	0.071981	0.12882	-1.0693
797.86	0.1562	0.11876	-0.075177	-0.18719	-0.2079	-0.31863	-0.36667	-0.38913	-0.45896	-0.40983	-0.22084	0.070211	0.45338	0.76647	0.86057	0.78029	0.47676	-0.065886	-0.38351	-0.71629	-0.7359	-0.66444	-0.62298	-0.46681	-0.37711	-0.30998	-0.18887	-0.077618	0.097286	0.13661	-1.0756
795.07	0.1354	0.11507	-0.06184	-0.14576	-0.22194	-0.27625	-0.36979	-0.45481	-0.45686	-0.39934	-0.24332	0.10249	0.49623	0.78487	0.85315	0.79671	0.45683	-0.045021	-0.3721	-0.72282	-0.73093	-0.68356	-0.64662	-0.46289	-0.36229	-0.31478	-0.18208	-0.037515	0.076239	0.15042	-1.0788
792.29	0.16899	0.078401	-0.05426	-0.16355	-0.19219	-0.28346	-0.35823	-0.44468	-0.46405	-0.37881	-0.2115	0.11357	0.46974	0.82708	0.85825	0.80735	0.47026	-0.038827	-0.38072	-0.70516	-0.7316	-0.69721	-0.56668	-0.51478	-0.35097	-0.29912	-0.19394	-0.088292	0.11553	0.16814	-1.0598
791.86	0.17298	0.09287	-0.038682	-0.13483	-0.20757	-0.28985	-0.39151	-0.45079	-0.44383	-0.40695	-0.192	0.13936	0.47941	0.77819	0.87547	0.78817	0.48235	-0.036731	-0.37361	-0.73384	-0.768	-0.69758	-0.62574	-0.47222	-0.38357	-0.30487	-0.17909	-0.066382	0.088262	0.13956	-1.1104
792.5	0.12026	0.11545	-0.065941	-0.16351	-0.25318	-0.29169	-0.38935	-0.4426	-0.45091	-0.39067	-0.2158	0.11782	0.46586	0.80122	0.86639	0.78949	0.46816	-0.015536	-0.39341	-0.73729	-0.73141	-0.70076	-0.61936	-0.50534	-0.35627	-0.286	-0.20322	-0.073079	0.08624	0.16427	-1.0788
791.86	0.1418	0.1073	-0.042584	-0.11178	-0.2152	-0.30025	-0.36577	-0.43122	-0.44383	-0.39498	-0.19418	0.12007	0.46623	0.81963	0.88386	0.81956	0.47643	-0.066385	-0.37361	-0.71969	-0.73579	-0.69571	-0.61007	-0.50389	-0.35296	-0.26945	-0.20712	-0.068072	0.10388	0.13765	-1.0756
791.43	0.12042	0.10942	-0.042607	-0.16565	-0.18858	-0.28169	-0.36229	-0.47845	-0.43849	-0.3912	-0.20083	0.12227	0.4646	0.78454	0.81305	0.78271	0.4905	-0.04099	-0.38845	-0.71199	-0.73619	-0.68859	-0.61824	-0.46874	-0.36576	-0.28825	-0.1717	-0.035997	0.11956	0.1645	-1.0851
788.64	0.14042	0.11601	-0.083892	-0.1238	-0.24483	-0.25763	-0.37465	-0.4428	-0.46619	-0.39459	-0.22123	0.12271	0.46814	0.79326	0.88325	0.8032	0.46847	-0.028372	-0.35492	-0.73481	-0.71596	-0.69667	-0.58503	-0.55457	-0.3779	-0.31361	-0.20609	-0.061564	0.10822	0.14781	-1.063
786.5	0.16042	0.070678	-0.058587	-0.14348	-0.20129	-0.29392	-0.37382	-0.44401	-0.44124	-0.39968	-0.21964	0.10577	0.46562	0.77357	0.86457	0.8133	0.46776	-0.034848	-0.38352	-0.7246	-0.74653	-0.66272	-0.61423	-0.52983	-0.38437	-0.28443	-0.18219	-0.085541	0.10066	0.13474	-1.0598
785	0.14893	0.11031	-0.070507	-0.15538	-0.2036	-0.27351	-0.37824	-0.44091	-0.41581	-0.39642	-0.21126	0.10381	0.4836	0.79097	0.87679	0.81881	0.48656	-0.05201	-0.38056	-0.73006	-0.75178	-0.71313	-0.56799	-0.61352	-0.37239	-0.30566	-0.18819	-0.048219	0.12645	0.1562	-1.0914
784.57	0.14705	0.091654	-0.037074	-0.14771	-0.2172	-0.28834	-0.38958	-0.4214	-0.45359	-0.35635	-0.20478	0.099537	0.46867	0.80136	0.87515	0.82718	0.5127	-0.022107	-0.38446	-0.73046	-0.74071	-0.68326	-0.59004	-0.49352	-0.37078	-0.319	-0.19584	-0.068704	0.10287	0.11385	-1.0788
783.92	0.18851	0.095891	-0.029221	-0.14783	-0.21545	-0.33899	-0.37876	-0.4514	-0.45584	-0.37075	-0.22036	0.12128	0.45954	0.79803	0.89491	0.812	0.48324	-0.032824	-0.39217	-0.73106	-0.74706	-0.69329	-0.62614	-0.49393	-0.36563	-0.28913	-0.21111	-0.058523	0.13648	0.17186	-1.0725
783.07	0.13945	0.11892	-0.04898	-0.16354	-0.22341	-0.2889	-0.36802	-0.45189	-0.44693	-0.38932	-0.21399	0.099728	0.48289	0.7989	0.89166	0.82678	0.48976	-0.047854	-0.37595	-0.74617	-0.75171	-0.68836	-0.61494	-0.50389	-0.38788	-0.28756	-0.19811	-0.04663	0.12479	0.18558	-1.0788
780.28	0.17357	0.10262	-0.021439	-0.13683	-0.2029	-0.2625	-0.3768	-0.43762	-0.44664	-0.36844	-0.20591	0.12185	0.49035	0.83179	0.8672	0.82973	0.50751	-0.030827	-0.38101	-0.73037	-0.73709	-0.70603	-0.61316	-0.5643	-0.36916	-0.31886	-0.16657	-0.060511	0.11334	0.14745	-1.0788
780.06	0.16768	0.10892	-0.05115	-0.16611	-0.23008	-0.33223	-0.38063	-0.47946	-0.45999	-0.37057	-0.20818	0.10446	0.48666	0.80398	0.89084	0.82199	0.49765	-0.039436	-0.38854	-0.73673	-0.77192	-0.70623	-0.59345	-0.53987	-0.39668	-0.30948	-0.2482	-0.086246	0.10941	0.16107	-1.0377
779.42	0.14406	0.07132	-0.067048	-0.17015	-0.22639	-0.31983	-0.39589	-0.44208	-0.47549	-0.41142	-0.18842	0.098013	0.4775	0.79662	0.8937	0.81071	0.48603	-0.050229	-0.37213	-0.7209	-0.73598	-0.70491	-0.60588	-0.57438	-0.40432	-0.31732	-0.20093	-0.062293	0.095621	0.13014	-1.1135
778.56	0.1462	0.08607	-0.035377	-0.13322	-0.21499	-0.3371	-0.39259	-0.44455	-0.46087	-0.39969	-0.20636	0.093762	0.4876	0.81356	0.88616	0.83356	0.47855	-0.028739	-0.39673	-0.74226	-0.76184	-0.7114	-0.62647	-0.52196	-0.37547	-0.27784	-0.19355	-0.053771	0.093738	0.13806	-1.0914
777.7	0.16621	0.086165	-0.02151	-0.14119	-0.20162	-0.29301	-0.36869	-0.46497	-0.44812	-0.40014	-0.23544	0.10915	0.46513	0.81446	0.87007	0.83448	0.49112	-0.035242	-0.4009	-0.72249	-0.7704	-0.71409	-0.57132	-0.43339	-0.39422	-0.29903	-0.22802	-0.07103	0.11173	0.15572	-1.0946
777.7	0.13644	0.13443	-0.029455	-0.15488	-0.22106	-0.29089	-0.37243	-0.43907	-0.44812	-0.36762	-0.20659	0.1157	0.51307	0.82249	0.90421	0.84047	0.53329	-0.046026	-0.37109	-0.76984	-0.74339	-0.70837	-0.60921	-0.49598	-0.37955	-0.32371	-0.20328	-0.064149	0.10975	0.14989	-1.1009
778.78	0.16003	0.1112	-0.08297	-0.14295	-0.22076	-0.32855	-0.37379	-0.48025	-0.45696	-0.39147	-0.18857	0.12208	0.50278	0.82537	0.88379	0.83333	0.45435	-0.033041	-0.39662	-0.73589	-0.73466	-0.71883	-0.60439	-0.55023	-0.38452	-0.27208	-0.17829	-0.058909	0.12349	0.13024	-1.1104
780.92	0.13193	0.14015	-0.03527	-0.14645	-0.22402	-0.22222	-0.35226	-0.4571	-0.45759	-0.39849	-0.20132	0.10435	0.51095	0.81711	0.90261	0.80717	0.4771	-0.043688	-0.38997	-0.75642	-0.74225	-0.73775	-0.63252	-0.52228	-0.3579	-0.28268	-0.18349	-0.065598	0.10533	0.14345	-1.0977
782.64	0.14741	0.14818	-0.064797	-0.13058	-0.20615	-0.28064	-0.38124	-0.4561	-0.45471	-0.39358	-0.20529	0.09761	0.47744	0.81332	0.87943	0.85701	0.49401	-0.037164	-0.39282	-0.74453	-0.75404	-0.73045	-0.59546	-0.53244	-0.36258	-0.32545	-0.18876	-0.056909	0.10115	0.16248	-1.0788
784.14	0.155	0.093784	-0.068613	-0.13033	-0.24238	-0.3263	-0.34895	-0.47104	-0.4576	-0.40491	-0.23571	0.11042	0.47843	0.81973	0.90102	0.82961	0.48909	-0.026397	-0.41608	-0.70432	-0.75451	-0.70067	-0.6141	-0.5032	-0.37098	-0.29281	-0.17896	-0.070447	0.10687	0.15831	-1.0567
785	0.145	0.13734	-0.056732	-0.16895	-0.20553	-0.26721	-0.40235	-0.43696	-0.4327	-0.43064	-0.20027	0.084339	0.46081	0.79694	0.87679	0.81089	0.47462	-0.054145	-0.4267	-0.74638	-0.7556	-0.68856	-0.61145	-0.50641	-0.38511	-0.30378	-0.20328	-0.063553	0.11857	0.15042	-1.0188
785.64	0.15667	0.1393	-0.015396	-0.13589	-0.27271	-0.30472	-0.38164	-0.4583	-0.45485	-0.36592	-0.22647	0.11669	0.43576	0.80424	0.86762	0.81023	0.50803	-0.060507	-0.40791	-0.74984	-0.75307	-0.71443	-0.61687	-0.5135	-0.37753	-0.29038	-0.18804	-0.073717	0.10667	0.14837	-1.0251
788.86	0.16581	0.080811	-0.032956	-0.16426	-0.22752	-0.28469	-0.37454	-0.45447	-0.45486	-0.4105	-0.22117	0.10115	0.48691	0.79106	0.89563	0.83253	0.47032	-0.038996	-0.40074	-0.74069	-0.76141	-0.70212	-0.60256	-0.44596	-0.38141	-0.27235	-0.20228	-0.068331	0.094477	0.16695	-1.0819
792.29	0.18068	0.11136	-0.05426	-0.17315	-0.18837	-0.31255	-0.36006	-0.46033	-0.41756	-0.40474	-0.21586	0.10285	0.45092	0.78369	0.88128	0.82304	0.49588	-0.066349	-0.38986	-0.72941	-0.75622	-0.70844	-0.59604	-0.48872	-0.35637	-0.30285	-0.20327	-0.051153	0.09797	0.18915	-1.044
795.29	0.20328	0.082209	-0.028804	-0.14572	-0.22568	-0.29895	-0.37518	-0.4469	-0.45118	-0.40321	-0.23891	0.11314	0.44547	0.81806	0.87587	0.81994	0.51365	-0.057665	-0.40296	-0.72665	-0.73639	-0.69644	-0.60159	-0.54623	-0.39447	-0.32027	-0.18762	-0.076186	0.10926	0.1637	-1.0662
797.64	0.21429	0.081966	0.0003294	-0.18152	-0.20416	-0.31046	-0.34487	-0.44363	-0.42953	-0.38815	-0.21657	0.10429	0.46098	0.80389	0.90032	0.81752	0.47493	-0.04698	-0.39814	-0.72451	-0.74362	-0.69438	-0.58815	-0.52982	-0.37543	-0.28601	-0.15366	-0.047454	0.12832	0.16511	-1.1199
799.57	0.14043	0.089934	-0.075016	-0.16777	-0.23014	-0.24999	-0.40594	-0.44256	-0.45982	-0.39512	-0.20741	0.099792	0.47479	0.75896	0.87948	0.81166	0.48355	-0.040572	-0.35551	-0.73277	-0.71368	-0.689	-0.59449	-0.51194	-0.38165	-0.25762	-0.18846	-0.043994	0.11061	0.14579	-1.0819
