40191	13	5	88	21.9	750	4	2	1.65	0	256	8192	1	0	0	0	0	100	1022	1.5087e+006	0.12085	0	41.609	0	0	0	0	0	0	6	0	0
1029.7	0.13423	0.042682	-0.088957	-0.17728	-0.27751	-0.32572	-0.5654	-0.61371	-0.70389	-0.74567	-0.67377	-0.43889	-0.039432	0.48836	0.81601	0.87672	0.79537	0.43635	0.071678	-0.26367	-0.44245	-0.47634	-0.44916	-0.36573	-0.30033	-0.24872	-0.15742	-0.066674	0.050668	0.11976	1.6575
1028.7	0.14187	0.058592	-0.074033	-0.20703	-0.30719	-0.4221	-0.48108	-0.68213	-0.74042	-0.75412	-0.70803	-0.48061	-0.1192	0.47368	0.82491	0.85496	0.7886	0.4368	-0.012745	-0.30285	-0.44291	-0.49126	-0.32147	-0.38045	-0.30756	-0.27768	-0.18636	-0.09925	0.080778	0.14195	1.6415
1035	0.17082	0.12919	-0.10343	-0.18372	-0.31261	-0.35587	-0.4289	-0.63302	-0.72875	-0.83346	-0.70368	-0.46945	-0.11847	0.46322	0.80381	0.86472	0.77621	0.45032	0.1063	-0.27779	-0.42569	-0.48107	-0.43937	-0.43512	-0.29879	-0.26884	-0.19237	-0.092179	0.10268	0.13377	1.6256
1039.3	0.15528	0.097254	-0.065847	-0.23419	-0.32588	-0.40987	-0.48318	-0.61553	-0.73287	-0.76924	-0.70081	-0.4512	-0.10364	0.46885	0.76062	0.84625	0.6904	0.45656	0.09193	-0.26895	-0.43117	-0.4577	-0.44504	-0.40496	-0.31129	-0.23223	-0.15598	-0.091803	0.1097	0.096815	1.5778
1031.8	0.14892	0.090044	-0.088775	-0.1548	-0.32822	-0.33303	-0.5713	-0.69505	-0.71672	-0.76711	-0.70584	-0.46267	-0.082704	0.47979	0.83845	0.86739	0.81644	0.48422	0.092591	-0.22434	-0.41973	-0.48255	-0.44072	-0.42931	-0.27898	-0.18382	-0.16427	-0.053574	0.058055	0.11218	1.6575
1031.8	0.13396	0.06632	-0.11123	-0.22114	-0.3502	-0.37292	-0.55013	-0.68754	-0.73814	-0.74414	-0.69748	-0.49558	-0.11883	0.45707	0.83041	0.85233	0.82401	0.47609	0.099611	-0.26313	-0.427	-0.47536	-0.45575	-0.4579	-0.35498	-0.21959	-0.14276	-0.0795	0.073038	0.13418	1.7212
1025.5	0.14231	0.13039	-0.036604	-0.11868	-0.30077	-0.41538	-0.53935	-0.39712	-0.7068	-0.75646	-0.59241	-0.45726	-0.061405	0.498	0.81938	0.86519	0.79866	0.42998	0.086101	-0.28818	-0.44428	-0.49278	-0.43589	-0.36724	-0.29462	-0.24255	-0.17973	-0.060428	0.065953	0.2088	1.8807
1027.6	0.14953	0.11424	-0.10417	-0.20724	-0.27808	-0.37446	-0.46033	-0.62251	-0.74835	-0.7549	-0.72555	-0.51415	-0.10481	0.45896	0.80962	0.85584	0.88819	0.42909	0.092973	-0.272	-0.44336	-0.48455	-0.44254	-0.38084	-0.34257	-0.2636	-0.16495	-0.047288	0.095904	0.13473	1.785
1029.7	0.13423	0.12193	-0.096458	-0.24375	-0.25549	-0.38968	-0.47352	-0.63628	-0.7325	-0.77636	-0.7911	-0.46362	-0.075634	0.48078	0.82406	0.89181	0.81812	0.44449	0.099816	-0.27144	-0.39145	-0.47634	-0.45669	-0.35857	-0.28648	-0.27022	-0.1718	-0.073169	0.073188	0.16385	1.6415
1034	0.13368	0.08986	-0.13341	-0.20597	-0.32755	-0.34827	-0.38007	-0.54374	-0.758	-0.77318	-0.72109	-0.46993	-0.082535	0.47125	0.80464	0.81301	0.78456	0.41834	0.071384	-0.32452	-0.43338	-0.52462	-0.46232	-0.39276	-0.31288	-0.26198	-0.14246	-0.092274	0.072888	0.089992	1.6096
1035	0.15591	0.081883	-0.073579	-0.19106	-0.24688	-0.38769	-0.57657	-0.62554	-0.73587	-0.73422	-0.66199	-0.43664	-0.053637	0.49341	0.83588	0.87974	0.76867	0.41791	0.07831	-0.27006	-0.44744	-0.46674	-0.45436	-0.37811	-0.31256	-0.24031	-0.17092	-0.066333	0.11015	0.11914	1.6256
1031.8	0.15639	0.050503	-0.13369	-0.16954	-0.28427	-0.36494	-0.50781	-0.62746	-0.731	-0.79774	-0.69748	-0.4709	-0.068253	0.4495	0.83845	0.8448	0.78617	0.42733	0.057492	-0.32519	-0.44881	-0.46098	-0.45575	-0.47935	-0.28589	-0.21959	-0.085379	-0.053574	0.028091	0.14151	1.6734
1029.7	0.1717	0.066457	-0.058955	-0.20682	-0.27751	-0.38968	-0.523	-0.65133	-0.72535	-0.73032	-0.68215	-0.48011	-0.097356	0.43525	0.82406	0.85408	0.7802	0.42821	0.064644	-0.3725	-0.42059	-0.49075	-0.46422	-0.43736	-0.30033	-0.28456	-0.1718	-0.092653	0.13324	0.2006	1.6256
1023.4	0.15015	0.11471	-0.10461	-0.19324	-0.40481	-0.41624	-0.50491	-0.68566	-0.72266	-0.81207	-0.70326	-0.48309	-0.097961	0.46086	0.82918	0.8518	0.76216	0.38989	0.079202	-0.28878	-0.45253	-0.43581	-0.46711	-0.37521	-0.34399	-0.25026	-0.22349	-0.060553	0.04343	0.15747	1.6096
1030.8	0.1865	0.08222	-0.0064442	-0.19923	-0.29189	-0.39727	-0.50127	-0.61307	-0.74604	-0.79089	-0.71494	-0.46314	-0.075556	0.48028	0.83126	0.8532	0.78698	0.44404	0.078632	-0.27117	-0.41288	-0.46146	-0.45622	-0.41544	-0.33459	-0.21981	-0.1429	-0.047142	0.1406	0.16368	1.6575
1036.1	0.14086	0.0818	-0.080958	-0.26427	-0.2977	-0.41908	-0.56193	-0.64734	-0.7209	-0.7716	-0.72794	-0.52633	-0.10395	0.43258	0.79498	0.83385	0.77542	0.44986	0.099203	-0.28523	-0.42526	-0.48058	-0.43144	-0.2567	-0.29848	-0.25432	-0.12074	-0.027536	0.072739	0.17015	1.6256
1036.1	0.14831	0.12118	-0.095866	-0.19087	-0.31958	-0.43497	-0.54086	-0.59498	-0.77066	-0.7716	-0.69463	-0.47717	-0.12554	0.50799	0.81901	0.89383	0.80556	0.46605	0.10619	-0.2466	-0.39629	-0.47342	-0.44641	-0.42755	-0.20904	-0.26144	-0.1636	-0.0081714	0.065278	0.14824	1.7053
1036.1	0.11852	0.058173	-0.058594	-0.23491	-0.2977	-0.31577	-0.49871	-0.65481	-0.74223	-0.79448	-0.71961	-0.50175	-0.13274	0.44012	0.75495	0.78136	0.79803	0.45796	0.10619	-0.15389	-0.41801	-0.46626	-0.46138	-0.41332	-0.33288	-0.20444	-0.17075	-0.079175	0.065278	0.11902	1.6893
1030.8	0.1341	0.11389	-0.081374	-0.18447	-0.25523	-0.33337	-0.5154	-0.65818	-0.73175	-0.76023	-0.70657	-0.50433	-0.16235	0.44238	0.74273	0.88335	0.83243	0.49286	0.18404	-0.23234	-0.38377	-0.46146	-0.45622	-0.36535	-0.30693	-0.21981	-0.1429	-0.040654	0.080611	0.15634	1.6415
1034	0.15607	0.08986	-0.081124	-0.20597	-0.32755	-0.45975	-0.50677	-0.65615	-0.73662	-0.77318	-0.7044	-0.50278	-0.14022	0.44858	0.80464	0.86561	0.78456	0.49945	0.092401	-0.23162	-0.41887	-0.48157	-0.45482	-0.38563	-0.30599	-0.27625	-0.14962	-0.10521	0.087838	0.14122	1.6893
1028.7	0.14938	0.12999	-0.051508	-0.18485	-0.30719	-0.40609	-0.43863	-0.6746	-0.70462	-0.7618	-0.69964	-0.48061	-0.090208	0.46608	0.83298	0.86251	0.84933	0.46941	0.10696	-0.24838	-0.42103	-0.44798	-0.44962	-0.38762	-0.2937	-0.2705	-0.16478	-0.05374	0.095805	0.14195	1.6734
1029.7	0.15672	0.10608	-0.096458	-0.2142	-0.27751	-0.3577	-0.57954	-0.63628	-0.7182	-0.75334	-0.69892	-0.48836	-0.097356	0.50354	0.79989	0.83899	0.77262	0.32232	0.071678	-0.28699	-0.44974	-0.49075	-0.44163	-0.39438	-0.2311	-0.24155	-0.23648	-0.073169	0.035655	0.1565	1.6415
1032.9	0.15623	0.10575	-0.096161	-0.17673	-0.2913	-0.38051	-0.47206	-0.64933	-0.73738	-0.78162	-0.68841	-0.45397	-0.075401	0.4793	0.81349	0.8665	0.7778	0.40253	0.099509	-0.29386	-0.41204	-0.48206	-0.45529	-0.37888	-0.27179	-0.21222	-0.14978	-0.053519	0.0056128	0.15602	1.6256
1030.8	0.1341	0.08222	-0.11135	-0.19185	-0.35789	-0.41324	-0.52246	-0.68073	-0.75319	-0.75257	-0.68983	-0.46314	-0.068323	0.44996	0.78297	0.83059	0.75668	0.37895	0.12782	-0.30223	-0.43472	-0.50464	-0.47879	-0.37966	-0.32768	-0.21981	-0.19316	-0.079582	0.1331	0.15634	1.6415
1025.5	0.14231	0.090602	-0.036604	-0.20026	-0.33026	-0.39129	-0.48257	-0.6238	-0.71398	-0.76416	-0.66814	-0.44898	-0.061405	0.50562	0.85983	0.89549	0.79866	0.47087	0.057849	-0.26476	-0.43696	-0.50002	-0.4737	-0.4032	-0.33632	-0.20655	-0.17973	-0.040864	0.07349	0.12025	1.6096
1027.6	0.11198	0.090416	-0.044044	-0.19984	-0.33693	-0.35844	-0.56657	-0.63005	-0.75552	-0.78565	-0.73395	-0.4811	-0.068534	0.43615	0.79347	0.83316	0.77422	0.43725	0.071826	-0.18632	-0.44336	-0.48455	-0.45763	-0.41673	-0.30094	-0.21331	-0.16495	-0.066812	0.073339	0.024272	1.6734
1031.8	0.1863	0.074229	-0.051349	-0.25062	-0.28427	-0.39686	-0.43022	-0.64999	-0.731	-0.75945	-0.70584	-0.42153	-0.11883	0.4495	0.81433	0.85233	0.80887	0.50861	0.10663	-0.2321	-0.427	-0.46817	-0.43321	-0.38642	-0.29971	-0.14089	-0.14993	-0.0795	0.11798	0.17085	1.6893
1036.1	0.13341	0.097552	-0.088412	-0.22757	-0.37066	-0.38729	-0.47061	-0.66977	-0.73512	-0.77923	-0.73627	-0.53453	-0.16872	0.40242	0.77897	0.83385	0.77542	0.49034	0.10619	-0.2466	-0.39629	-0.48058	-0.43892	-0.41332	-0.31912	-0.24007	-0.20646	-0.1179	0.080199	0.15554	1.6415
1034	0.15607	0.13721	-0.058714	-0.16919	-0.33486	-0.4279	-0.52789	-0.64866	-0.7295	-0.76554	-0.71274	-0.47814	-0.10417	0.46369	0.81266	0.87312	0.80721	0.49945	0.10641	-0.23162	-0.40436	-0.45286	-0.46982	-0.32856	-0.31288	-0.23342	-0.13531	-0.11168	0.072888	0.15586	1.6256
1026.5	0.1572	0.10641	-0.1419	-0.22969	-0.30046	-0.39891	-0.58133	-0.61561	-0.7563	-0.82495	-0.71789	-0.52295	-0.11945	0.41377	0.80237	0.83402	0.76741	0.46221	0.11424	-0.25669	-0.42921	-0.39832	-0.46566	-0.45308	-0.34292	-0.23511	-0.12187	-0.047337	0.058355	0.16436	1.6096
1028.7	0.15688	0.11412	-0.074033	-0.22182	-0.30719	-0.37408	-0.48816	-0.62187	-0.7261	-0.73108	-0.66608	-0.42283	-0.039473	0.49646	0.79265	0.87762	0.79619	0.4368	0.085835	-0.26394	-0.39915	-0.46962	-0.44209	-0.33743	-0.36993	-0.26332	-0.136	-0.060241	0.028177	0.12724	1.6734
1031.8	0.119	0.058411	-0.06632	-0.22114	-0.28427	-0.38888	-0.43022	-0.64248	-0.71672	-0.74414	-0.67239	-0.42153	-0.010448	0.51764	0.79825	0.82974	0.71806	0.38669	0.029413	-0.32519	-0.44881	-0.50412	-0.46327	-0.41501	-0.36879	-0.27682	-0.12841	-0.066537	0.058055	0.17085	1.6096
1025.5	0.14984	0.10652	-0.074263	-0.22251	-0.30814	-0.36721	-0.53935	-0.63135	-0.72117	-0.74105	-0.62607	-0.41586	-0.046866	0.498	0.81129	0.85761	0.7682	0.40544	0.079038	-0.28818	-0.42965	-0.49278	-0.39052	-0.4032	-0.27376	-0.23535	-0.15086	-0.053906	0.035802	0.16453	1.6575
1026.5	0.14217	0.090509	-0.18704	-0.18523	-0.33728	-0.44703	-0.64514	-0.6458	-0.7276	-0.74798	-0.7263	-0.4816	-0.090394	0.45182	0.77004	0.84159	0.69895	0.46221	0.093069	-0.30348	-0.44382	-0.4995	-0.45055	-0.42434	-0.3082	-0.25668	-0.1507	-0.11248	0.013177	0.14224	1.6096
1031.8	0.14892	0.10586	-0.09626	-0.20639	-0.28427	-0.36494	-0.47255	-0.67252	-0.72386	-0.7518	-0.63894	-0.44621	-0.075479	0.52522	0.82237	0.86739	0.7786	0.43545	0.092591	-0.2864	-0.427	-0.46817	-0.45575	-0.35783	-0.29971	-0.24821	-0.14276	0.011238	0.073038	0.14151	1.6893
1030.8	0.1341	0.12972	-0.11884	-0.2435	-0.35056	-0.41324	-0.55776	-0.63563	-0.65315	-0.7449	-0.63122	-0.40549	-0.039391	0.5106	0.78297	0.86828	0.74153	0.39522	0.029443	-0.29446	-0.45655	-0.51904	-0.50136	-0.40829	-0.27927	-0.27711	-0.15726	-0.11202	0.095608	0.10495	1.6256
1026.5	0.12713	0.20975	-0.089233	-0.22228	-0.35201	-0.43901	-0.50334	-0.63825	-0.71325	-0.76337	-0.67586	-0.44852	-0.046817	0.48987	0.82661	0.83402	0.77501	0.39685	0.043677	-0.32687	-0.42921	-0.48505	-0.45811	-0.40997	-0.32209	-0.25668	-0.17954	-0.060366	0.058355	0.19384	1.6734
1028.7	0.14938	0.066525	-0.081542	-0.22921	-0.35128	-0.37408	-0.48108	-0.652	-0.71894	-0.80788	-0.6493	-0.40632	-0.046721	0.49646	0.82491	0.86251	0.77342	0.40419	0.06471	-0.31063	-0.44291	-0.52011	-0.45716	-0.4163	-0.28677	-0.24897	-0.16478	-0.05374	0.05072	0.14195	1.6415
1032.9	0.14129	0.02675	-0.058774	-0.21354	-0.32057	-0.42037	-0.45092	-0.61932	-0.71599	-0.72043	-0.60486	-0.37178	-0.032092	0.62301	0.83759	0.88154	0.80048	0.40253	0.057433	-0.29386	-0.41204	-0.47488	-0.44778	-0.40745	-0.2856	-0.23366	-0.17127	0.017702	0.072963	0.14137	1.6575
1032.9	0.12635	0.074152	-0.11112	-0.19146	-0.27666	-0.3566	-0.50025	-0.63432	-0.71599	-0.72808	-0.6717	-0.44576	-0.046529	0.51711	0.81349	0.87402	0.74757	0.43501	0.071458	-0.30161	-0.43383	-0.48924	-0.44027	-0.42173	-0.34081	-0.28369	-0.12828	-0.11827	0.13283	0.13404	1.6734
1027.6	0.14202	0.1063	-0.14927	-0.22945	-0.32222	-0.3985	-0.55949	-0.66021	-0.70534	-0.77027	-0.67516	-0.43979	-0.11207	0.48177	0.79347	0.8634	0.77422	0.43725	0.092973	-0.25642	-0.39956	-0.48455	-0.36708	-0.45261	-0.29401	-0.18458	-0.16495	-0.07332	0.080861	0.12	1.6575
1020.2	0.15062	0.091073	-0.044365	-0.17148	-0.28752	-0.39332	-0.49935	-0.63463	-0.71047	-0.76813	-0.69699	-0.49292	-0.098266	0.4623	0.83177	0.86207	0.81046	0.45687	0.10785	-0.25044	-0.41717	-0.4808	-0.46096	-0.42699	-0.33807	-0.21486	-0.19517	-0.054186	0.11933	0.14313	1.6415
1025.5	0.13479	0.074689	-0.089325	-0.29667	-0.31552	-0.40735	-0.54645	-0.63891	-0.73553	-0.74875	-0.71864	-0.47382	-0.10503	0.50562	0.83556	1.0016	0.8748	0.50358	0.12142	-0.25695	-0.41502	-0.47108	-0.46614	-0.39601	-0.32242	-0.30733	-0.18694	-0.093036	0.07349	0.15715	1.6575
1030.8	0.14907	0.15347	-0.096359	-0.25088	-0.36523	-0.42123	-0.48715	-0.66569	-0.74604	-0.7449	-0.72331	-0.48786	-0.10449	0.48786	0.79907	0.89842	0.83243	0.49286	0.11377	-0.30223	-0.42744	-0.46866	-0.46375	-0.43691	-0.32076	-0.23414	-0.15008	-0.040654	0.11061	0.11229	1.6893
1030.8	0.16404	0.2168	-0.096359	-0.20661	-0.35056	-0.39727	-0.53658	-0.65066	-0.75319	-0.77556	-0.74843	-0.53727	-0.11896	0.45754	0.83126	0.92104	0.82485	0.40336	0.14187	-0.24787	-0.42744	-0.47585	-0.4487	-0.39397	-0.36226	-0.21981	-0.16444	-0.053629	0.088109	0.17102	1.6256
1028.7	0.18688	0.074458	-0.14912	-0.19225	-0.32924	-0.4381	-0.51646	-0.65953	-0.76906	-0.79252	-0.74997	-0.51362	-0.14094	0.42811	0.81685	0.90028	0.84173	0.47757	0.12104	-0.27951	-0.39915	-0.48405	-0.45716	-0.40196	-0.32142	-0.2418	-0.11442	-0.10575	0.043206	0.13459	1.6734
1029.7	0.11925	0.074381	-0.088957	-0.16989	-0.3289	-0.40567	-0.5442	-0.70401	-0.73966	-0.67661	-0.71568	-0.5873	-0.12632	0.45801	0.82406	0.98989	0.83328	0.52594	0.12795	-0.27144	-0.40602	-0.48355	-0.42657	-0.39438	-0.30725	-0.25588	-0.16461	-0.040696	0.0882	0.1712	1.6734
1027.6	0.17206	0.074535	-0.07411	-0.23685	-0.31487	-0.38247	-0.52407	-0.66021	-0.74835	-0.80103	-0.76754	-0.51415	-0.17011	0.46656	0.83384	0.95413	0.8806	0.54335	0.14936	-0.26421	-0.42876	-0.49176	-0.45763	-0.35931	-0.1622	-0.25641	-0.15055	-0.079828	0.11847	0.12737	1.6734
1022.3	0.15785	0.098867	-0.082049	-0.20088	-0.34607	-0.41667	-0.55527	-0.67122	-0.78105	-0.79745	-0.75464	-0.56665	-0.14911	0.45369	0.83004	0.86788	0.85461	0.48874	0.15722	-0.24992	-0.40897	-0.4798	-0.43725	-0.41167	-0.43499	-0.2072	-0.15857	-0.054074	0.08884	0.13543	1.6734
1026.5	0.14968	0.08256	-0.089233	-0.2445	-0.26364	-0.35881	-0.54588	-0.6307	-0.7563	-0.79416	-0.73471	-0.52295	-0.1485	0.47465	0.81853	0.90213	0.85869	0.49489	0.1848	-0.24889	-0.41459	-0.47782	-0.45811	-0.42434	-0.30126	-0.23511	-0.10024	-0.11248	0.058355	0.14224	1.6575
1036.1	0.17809	0.12906	-0.013866	-0.18353	-0.2904	-0.39524	-0.53384	-0.85674	-0.74934	-0.78685	-0.7446	-0.53453	-0.19031	0.4552	0.83502	0.85634	0.80556	0.47415	0.099203	-0.28523	-0.41801	-0.4591	-0.41647	-0.39908	-0.326	-0.24719	-0.19217	-0.10499	0.095119	0.10441	1.8488
1034	0.18592	0.12143	-0.051244	-0.14713	-0.27637	-0.37216	-0.52789	-0.67114	-0.65114	-0.75026	-0.72109	-0.52741	-0.15464	0.44102	0.82068	0.89566	0.82232	0.47512	0.057375	-0.22388	-0.42613	-0.48157	-0.43982	-0.41416	-0.24394	-0.19772	-0.17825	-0.085805	0.095314	0.11927	1.6415
1031.8	0.14144	0.10586	-0.058834	-0.18428	-0.26229	-0.4208	-0.50781	-0.58241	-0.73814	-0.78243	-0.75602	-0.60255	-0.13328	0.46464	0.81433	0.88245	0.85428	0.50861	0.12769	-0.25537	-0.39065	-0.4466	-0.46327	-0.37213	-0.32734	-0.24105	-0.14993	-0.11839	0.035582	0.14151	1.6415
1028.7	0.17188	0.11412	-0.074033	-0.25879	-0.30719	-0.38208	-0.52353	-0.65953	-0.7619	-0.78484	-0.74158	-0.55489	-0.16994	0.41292	0.84104	0.90028	0.84933	0.61617	0.14217	-0.2406	-0.40644	-0.49126	-0.44962	-0.38045	-0.30756	-0.24897	-0.20075	-0.11875	0.08829	0.16402	1.6256
1029.7	0.14173	0.13778	-0.066456	-0.23636	-0.24815	-0.41367	-0.48765	-0.65885	-0.76827	-0.79171	-0.74082	-0.4966	-0.14804	0.45043	0.79989	0.89181	0.81812	0.46893	0.078713	-0.34918	-0.41331	-0.47634	-0.45669	-0.38722	-0.31417	-0.23438	-0.22211	-0.092653	0.050668	0.11241	1.6734
1026.5	0.14968	0.11436	-0.13438	-0.17782	-0.32255	-0.35079	-0.51043	-0.65335	-0.76347	-0.77877	-0.61702	-0.48987	-0.097657	0.44421	0.79429	0.82646	0.88911	0.44587	0.093069	-0.26449	-0.43651	-0.4995	-0.47322	-0.42434	-0.3082	-0.25668	-0.16512	-0.073395	0.11106	0.16436	1.6256
1023.4	0.08229	0.098764	-0.08951	-0.21553	-0.26446	-0.35992	-0.49068	-0.67809	-0.75145	-0.78119	-0.71169	-0.4665	-0.076104	0.47613	0.78054	0.89735	0.79268	0.46365	0.072124	-0.25749	-0.42321	-0.47205	-0.4368	-0.38962	-0.30219	-0.22862	-0.1584	-0.099764	0.10385	0.1279	1.6096
1027.6	0.14953	0.082474	-0.081626	-0.19244	-0.31487	-0.41452	-0.56657	-0.64513	-0.74118	-0.79334	-0.63318	-0.48936	-0.054024	0.49697	0.84191	0.88608	0.78941	0.43725	0.036583	-0.29537	-0.49447	-0.49176	-0.47273	-0.30189	-0.34257	-0.25641	-0.20816	-0.053795	0.050773	0.1421	1.6734
1028.7	0.12687	0.10619	-0.081542	-0.17006	-0.2631	-0.38208	-0.50938	-0.652	-0.7261	-0.75412	-0.71641	-0.4641	-0.068464	0.51165	0.80878	0.88517	0.79619	0.45311	0.078794	-0.29507	-0.45749	-0.47683	-0.44962	-0.42347	-0.35607	-0.25615	-0.11442	-0.066743	0.058235	0.13459	1.5778
1031.8	0.15639	0.06632	-0.11123	-0.25799	-0.31357	-0.3809	-0.3879	-0.66501	-0.63106	-0.7518	-0.69748	-0.4709	-0.13328	0.4495	0.79021	0.85986	0.79374	0.46797	0.092591	-0.23986	-0.41973	-0.47536	-0.42569	-0.36498	-0.27898	-0.21959	-0.14276	-0.092463	0.103	0.16351	1.6734
1029.7	0.13423	0.22495	-0.10396	-0.16989	-0.32156	-0.42166	-0.53006	-0.65885	-0.7325	-0.76869	-0.71568	-0.47187	-0.075634	0.48836	0.86434	0.87672	0.84845	0.46893	0.11388	-0.26367	-0.40602	-0.45473	-0.44163	-0.40871	-0.32109	-0.26305	-0.1718	-0.11214	0.035655	0.12711	1.6256
1023.4	0.14261	0.058895	-0.14234	-0.2304	-0.27924	-0.42428	-0.58314	-0.68566	-0.76584	-0.81207	-0.77072	-0.54117	-0.15624	0.44559	0.77244	0.86698	0.79268	0.48823	0.12167	-0.27313	-0.40855	-0.48655	-0.47469	-0.44007	-0.31612	-0.2719	-0.15117	-0.060553	0.10385	0.15747	1.6415
1026.5	0.13465	0.12231	-0.074186	-0.20005	-0.30046	-0.37485	-0.41826	-0.66844	-0.73477	-0.80186	-0.75152	-0.54776	-0.19934	0.42138	0.81045	0.8643	0.82065	0.50306	0.14246	-0.2099	-0.37805	-0.45614	-0.32969	-0.40279	-0.32209	-0.22072	-0.14349	-0.099455	0.065885	0.16436	1.6415
1028.7	0.14938	0.16172	-0.043999	-0.14788	-0.2925	-0.40609	-0.48108	-0.62187	-0.74042	-0.80788	-0.79192	-0.5714	-0.19168	0.40532	0.76846	0.87007	0.83414	0.55094	0.14921	-0.22503	-0.38456	-0.4552	-0.44209	-0.30875	-0.34914	-0.28485	-0.15759	-0.040738	0.073263	0.12724	1.6096
1028.7	0.15688	0.098255	-0.10407	-0.19225	-0.28515	-0.41409	-0.48816	-0.66707	-0.75474	-0.78484	-0.75836	-0.53838	-0.12645	0.42051	0.80878	0.86251	0.82655	0.49387	0.15625	-0.21725	-0.39186	-0.48405	-0.50993	-0.33743	-0.27291	-0.22744	-0.136	-0.066743	0.065749	0.14931	1.6096
1024.4	0.14999	0.13053	-0.089417	-0.20046	-0.27895	-0.42384	-0.59675	-0.64714	-0.75067	-0.81894	-0.78677	-0.53232	-0.17792	0.4375	0.77974	0.87367	0.80711	0.46317	0.19932	-0.27285	-0.41545	-0.48605	-0.47419	-0.43962	-0.26013	-0.27162	-0.13657	-0.10619	0.043385	0.15731	1.6575
1029.7	0.13423	0.090229	-0.066456	-0.17728	-0.27017	-0.39768	-0.523	-0.6739	-0.7325	-0.76869	-0.74082	-0.52134	-0.13356	0.44284	0.79184	0.83899	0.79537	0.48522	0.12795	-0.2559	-0.42788	-0.45473	-0.44916	-0.40871	-0.2311	-0.30607	-0.14305	-0.073169	0.10321	0.14915	1.6415
1028.7	0.13437	0.12999	-0.089049	-0.23661	-0.43212	-0.35006	-0.53061	-0.6746	-0.67598	-0.79252	-0.74158	-0.53013	-0.16269	0.4433	0.80878	0.89272	0.80378	0.44495	0.050628	-0.25616	-0.39915	-0.48405	-0.35916	-0.40913	-0.31449	-0.20591	-0.17198	-0.060241	0.065749	0.17873	1.6415
1026.5	0.14217	0.098458	-0.051614	-0.20746	-0.32992	-0.27058	-0.48916	-0.6458	-0.73477	-0.80186	-0.7263	-0.50641	-0.12671	0.4366	0.77813	0.84159	0.81305	0.48672	0.10012	-0.25669	-0.40728	-0.45614	-0.45055	-0.3956	-0.26653	-0.22072	-0.16512	-0.053851	0.080944	0.090642	1.6893
1024.4	0.14999	0.090696	-0.11204	-0.21531	-0.30108	-0.39973	-0.46176	-0.64714	-0.74348	-0.78038	-0.75307	-0.53232	-0.11969	0.45276	0.82023	0.85092	0.74613	0.46317	0.11447	-0.28066	-0.40812	-0.47156	-0.46662	-0.30282	-0.34363	-0.2428	-0.15824	-0.040906	0.1792	0.13515	1.6575
1031.8	0.14892	0.097953	-0.058834	-0.16954	-0.35753	-0.37292	-0.54308	-0.61244	-0.731	-0.70585	-0.7393	-0.50381	-0.14051	0.43436	0.77413	0.87492	0.82401	0.45984	0.085571	-0.34071	-0.41246	-0.48974	-0.46327	-0.32924	-0.32043	-0.22674	-0.13558	-0.0795	0.103	0.11218	1.6575
1030.8	0.14158	0.12972	-0.096359	-0.19185	-0.28456	-0.39727	-0.54364	-0.64314	-0.76033	-0.7679	-0.6982	-0.50433	-0.13342	0.42723	0.78297	0.86074	0.8097	0.46031	0.11377	-0.27117	-0.39105	-0.47585	-0.45622	-0.39397	-0.31385	-0.21265	-0.12137	-0.079582	0.11061	0.16368	1.6575
1021.2	0.15046	0.098969	-0.067008	-0.19364	-0.29462	-0.37679	-0.50596	-0.64915	-0.73858	-0.76733	-0.70472	-0.50073	-0.076262	0.46947	0.83903	0.88399	0.81727	0.46461	0.12192	-0.26586	-0.40205	-0.43671	-0.4377	-0.39043	-0.3098	-0.23632	-0.15873	-0.073776	0.0056769	0.10593	1.6096
1020.2	0.082546	0.11507	-0.09736	-0.2013	-0.3542	-0.40139	-0.53502	-0.65742	-0.76101	-0.78362	-0.70545	-0.4846	-0.11288	0.4623	0.8155	0.86207	0.80281	0.46509	0.072348	-0.28183	-0.43188	-0.50989	-0.46096	-0.34746	-0.27518	-0.25104	-0.086354	-0.067297	0.073872	0.14313	1.6256
1028.7	0.14938	0.074458	-0.12659	-0.19225	-0.2778	-0.35006	-0.53061	-0.64447	-0.7261	-0.7618	-0.69125	-0.43934	-0.08296	0.47368	0.8733	0.87762	0.79619	0.45311	0.092877	-0.3262	-0.43561	-0.47683	-0.42701	-0.42347	-0.32835	-0.27768	-0.16478	-0.13176	0.080778	0.13459	1.4822
1037.1	0.17047	0.10532	-0.065981	-0.19067	-0.25366	-0.3472	-0.52627	-0.57196	-0.70596	-0.73272	-0.63568	-0.42756	-0.010394	0.53007	0.82617	0.85547	0.73698	0.40088	0.043231	-0.30038	-0.43929	-0.43002	-0.4609	-0.4129	-0.27756	-0.21847	-0.1563	-0.046853	0.087569	0.16998	1.6734
1034	0.15607	0.074076	-0.111	-0.20597	-0.29831	-0.38808	-0.55605	-0.62618	-0.7295	-0.74261	-0.76282	-0.4453	-0.068113	0.47125	0.81266	0.87312	0.78456	0.40212	0.064379	-0.29356	-0.42613	-0.48874	-0.33482	-0.4213	-0.2922	-0.26198	-0.16394	-0.11168	0.080364	0.1705	1.6415
1030.8	0.14907	0.098053	-0.088866	-0.20661	-0.29923	-0.39727	-0.69192	-0.65066	-0.77462	-0.72957	-0.6982	-0.46314	-0.11172	0.4727	0.80712	0.8532	0.77183	0.46845	0.085659	-0.27117	-0.33283	-0.46866	-0.44118	-0.39397	-0.32076	-0.21265	-0.17162	-0.079582	0.073113	0.10495	1.5618
1027.6	0.13451	0.098357	-0.081626	-0.21465	-0.32222	-0.38247	-0.49574	-0.65267	-0.73401	-0.76259	-0.67516	-0.46458	-0.10481	0.48177	0.77732	0.85584	0.78941	0.43725	0.092973	-0.272	-0.42146	-0.48455	-0.48027	-0.46697	-0.28707	-0.25641	-0.15775	-0.12538	0.020686	0.10528	1.6575
1025.5	0.14984	0.090602	-0.029072	-0.17059	-0.30077	-0.31101	-0.59613	-0.60869	-0.72117	-0.77187	-0.68497	-0.46554	-0.10503	0.48276	0.77893	0.86519	0.79866	0.45451	0.071974	-0.27257	-0.4516	-0.48555	-0.44346	-0.41759	-0.29462	-0.24255	-0.17251	-0.10608	0.07349	0.14239	1.6575
1019.1	0.15834	0.091168	-0.11262	-0.21643	-0.3249	-0.41797	-0.58557	-0.66571	-0.72567	-0.77668	-0.71465	-0.43512	-0.10568	0.42445	0.84077	0.89346	0.78832	0.47381	0.079531	-0.27427	-0.43969	-0.50314	-0.46905	-0.41296	-0.28946	-0.25855	-0.18085	-0.10674	0.081534	0.11358	1.6575
1022.3	0.14276	0.10685	-0.082049	-0.20832	-0.34607	-0.36835	-0.48407	-0.6409	-0.78105	-0.80518	-0.71243	-0.47529	-0.10536	0.44605	0.83816	0.86028	0.83169	0.47233	0.11471	-0.26558	-0.43099	-0.50883	-0.45242	-0.39003	-0.33737	-0.2433	-0.16581	-0.060616	0.066158	0.11322	1.6734
1029.7	0.14922	0.10608	-0.10396	-0.19943	-0.29954	-0.42166	-0.53713	-0.65885	-0.7182	-0.738	-0.7073	-0.47187	-0.090115	0.48836	0.82406	0.86917	0.81054	0.44449	0.029473	-0.27144	-0.41331	-0.49075	-0.44916	-0.40871	-0.26571	-0.19137	-0.17899	-0.079664	0.043162	0.11241	1.7053
1036.1	0.1632	0.1133	-0.095866	-0.26427	-0.31229	-0.41113	-0.62516	-0.65481	-0.7209	-0.76397	-0.71961	-0.48536	-0.11115	0.47783	0.82701	0.95382	0.84325	0.46605	0.12717	-0.26978	-0.42526	-0.47342	-0.43892	-0.4062	-0.2916	-0.27569	-0.19217	-0.08563	0.057818	0.067896	1.6734
1027.6	0.13451	0.1063	-0.081626	-0.25905	-0.32958	-0.37446	-0.5524	-0.64513	-0.75552	-0.7549	-0.70036	-0.43153	-0.032258	0.48937	0.81769	0.87096	0.77422	0.41277	0.11412	-0.27979	-0.41416	-0.47011	-0.46518	-0.43108	-0.35644	-0.25641	-0.16495	-0.07332	0.050773	0.12737	1.6734
1019.1	0.1432	0.067148	-0.12778	-0.17912	-0.29523	-0.40181	-0.44988	-0.68852	-0.74012	-0.76118	-0.70618	-0.47677	-0.07642	0.46278	0.79193	0.82485	0.80364	0.43266	0.079531	-0.25856	-0.43233	-0.46674	-0.43101	-0.39848	-0.38739	-0.22957	-0.1518	-0.067367	0.081534	0.10615	1.6575
1025.5	0.16489	0.09856	-0.096857	-0.20026	-0.33763	-0.39932	-0.49677	-0.65402	-0.7068	-0.75646	-0.67656	-0.4407	-0.083217	0.48276	0.81938	0.85761	0.7682	0.47087	0.071974	-0.27257	-0.39307	-0.47108	-0.45858	-0.4104	-0.32937	-0.22095	-0.17251	-0.073471	0.081028	0.13501	1.6734
1025.5	0.21003	0.11448	-0.066731	-0.20767	-0.30814	-0.41538	-0.47548	-0.65402	-0.75708	-0.76416	-0.69339	-0.46554	-0.068676	0.45991	0.85983	0.87276	0.80627	0.42998	0.071974	-0.27257	-0.4077	-0.46384	-0.45102	-0.43916	-0.33632	-0.23535	-0.14364	-0.073471	0.096102	0.21618	1.6415
1024.4	0.14246	0.0668	-0.081879	-0.22274	-0.3306	-0.43992	-0.57543	-0.66983	-0.75786	-0.78809	-0.7615	-0.55718	-0.17064	0.42225	0.77974	0.88883	0.77662	0.5041	0.12861	-0.26503	-0.42277	-0.47881	-0.45905	-0.39642	-0.30884	-0.2428	-0.14379	-0.086604	0.19429	0.17208	1.6734
1029.7	0.11925	0.12985	-0.043954	-0.23636	-0.32156	-0.45364	-0.48765	-0.65133	-0.73966	-0.76102	-0.69054	-0.47187	-0.13356	0.4656	0.82406	0.89935	0.79537	0.49336	0.085747	-0.2559	-0.42059	-0.48355	-0.48681	-0.40871	-0.23802	-0.23438	-0.21492	-0.11214	0.11823	0.1565	1.6415
1038.2	0.14057	0.11307	-0.088231	-0.18315	-0.34806	-0.41822	-0.51172	-0.61616	-0.71234	-0.7548	-0.64334	-0.5089	-0.082198	0.46933	0.80934	0.86208	0.77384	0.44894	0.092024	-0.29236	-0.41716	-0.48675	-0.43803	-0.4622	-0.3322	-0.36045	-0.16327	-0.085455	0.10982	0.2354	1.6415
1035	0.141	0.074001	-0.081041	-0.17637	-0.31991	-0.34791	-0.56251	-0.65548	-0.74299	-0.82582	-0.69534	-0.47765	-0.12567	0.47077	0.80381	0.85722	0.79884	0.46653	0.1133	-0.26232	-0.40395	-0.49541	-0.44686	-0.44224	-0.31945	-0.25458	-0.17807	-0.085718	0.065345	0.11914	1.6734
1026.5	0.1121	0.042814	-0.11181	-0.20746	-0.31519	-0.43901	-0.56006	-0.66844	-0.7563	-0.80186	-0.68427	-0.49814	-0.11218	0.56598	0.81045	0.887	0.82826	0.45404	0.12129	-0.24889	-0.38536	-0.48505	-0.45055	-0.43153	-0.29431	-0.21353	-0.19396	-0.021277	0.073415	0.098014	1.6256
1024.4	0.14999	0.08273	-0.081879	-0.20046	-0.28633	-0.38366	-0.47597	-0.66226	-0.79381	-0.74953	-0.71096	-0.49917	-0.083303	0.47564	0.78783	0.82817	0.769	0.44679	0.11447	-0.26503	-0.43009	-0.52226	-0.51961	-0.38202	-0.37842	-0.25721	-0.20158	-0.053962	0.11884	0.17208	1.5937
1028.7	0.14938	0.10619	-0.089049	-0.23661	-0.2925	-0.44611	-0.45986	-0.66707	-0.74042	-0.7618	-0.67447	-0.48061	-0.1192	0.45089	0.80878	0.89272	0.81137	0.46126	0.099918	-0.3262	-0.39915	-0.4552	-0.45716	-0.30875	-0.32835	-0.19874	-0.16478	-0.066743	0.058235	0.075742	1.6893
1029.7	0.21666	0.10608	-0.12646	-0.20682	-0.3289	-0.44565	-0.67142	-0.65133	-0.7325	-0.75334	-0.7073	-0.44713	-0.061153	0.48836	0.81601	0.88426	0.80295	0.43635	0.078713	-0.30254	-0.40602	-0.46914	-0.4341	-0.40154	-0.30033	-0.22004	-0.1718	-0.053684	0.095706	0.1565	1.7053
1021.2	0.18068	0.051027	-0.12751	-0.20109	-0.31683	-0.4171	-0.53446	-0.67191	-0.75301	-0.75186	-0.71317	-0.47578	0.0040439	0.48477	0.71717	0.87639	0.78668	0.43997	0.12901	-0.28154	-0.40205	-0.4585	-0.45289	-0.40488	-0.26094	-0.26524	-0.18047	-0.099971	0.020815	0.098523	1.6096
1027.6	0.13451	0.066594	-0.066593	-0.19244	-0.32958	-0.38247	-0.46033	-0.63759	-0.70534	-0.7549	-0.68356	-0.43979	-0.083045	0.48937	0.81769	0.88608	0.81221	0.45357	0.092973	-0.27979	-0.44336	-0.47011	-0.44254	-0.39519	-0.32176	-0.20613	-0.17936	-0.04078	0.11095	0.12737	1.7372
1035	0.17828	0.018811	-0.058654	-0.15432	-0.25418	-0.38769	-0.56251	-0.64051	-0.72875	-0.74949	-0.67866	-0.42023	-0.053637	0.49341	0.7958	0.79717	0.75358	0.41791	0.043319	-0.30099	-0.43294	-0.48824	-0.46934	-0.42087	-0.31256	-0.26884	-0.20667	-0.046949	0.11015	0.1557	1.6734
1029.7	0.14922	0.074381	-0.051455	-0.19205	-0.29954	-0.34171	-0.48765	-0.64381	-0.70389	-0.75334	-0.69054	-0.43889	-0.032191	0.48836	0.80795	0.84654	0.77262	0.5178	0.10685	-0.2559	-0.42788	-0.48355	-0.44916	-0.36573	-0.30033	-0.26305	-0.18617	-0.060179	0.073188	0.12711	1.6415
1028.7	0.11937	0.090322	-0.074033	-0.244	-0.31454	-0.47012	-0.48816	-0.64447	-0.74758	-0.7618	-0.70803	-0.45585	-0.1337	0.45849	0.80072	0.85496	0.76583	0.51833	0.085835	-0.29507	-0.39186	-0.47683	-0.44209	-0.38762	-0.31449	-0.26332	-0.16478	-0.079746	0.08829	0.11988	1.6575
1030.8	0.12661	0.08222	-0.096359	-0.19923	-0.32856	-0.38129	-0.5154	-0.62811	-0.69602	-0.7679	-0.6982	-0.46314	-0.082789	0.44996	0.78297	0.92104	0.76425	0.46845	0.11377	-0.27893	-0.42016	-0.46146	-0.45622	-0.37966	-0.2931	-0.23414	-0.1788	-0.066606	0.073113	0.20039	1.6575
1029.7	0.14173	0.082305	-0.096458	-0.2142	-0.28485	-0.38169	-0.51593	-0.64381	-0.76827	-0.84542	-0.72406	-0.51309	-0.18424	0.42008	0.78378	0.83145	0.78779	0.46078	0.12092	-0.2559	-0.39874	-0.48355	-0.44916	-0.40154	-0.30033	-0.22721	-0.13586	-0.066674	0.080694	0.090362	1.8169
1028.7	0.14187	0.090322	-0.081542	-0.19964	-0.29984	-0.47012	-0.58721	-0.68213	-0.71894	-0.79252	-0.70803	-0.51362	-0.14819	0.42811	0.81685	0.86251	0.81896	0.54279	0.14217	-0.23281	-0.39915	-0.47683	-0.42701	-0.35177	-0.27984	-0.22744	-0.20795	-0.12526	0.065749	0.2008	1.6096
1022.3	0.15785	0.098867	-0.12738	-0.20088	-0.3165	-0.42472	-0.54815	-0.72427	-0.75223	-0.782	-0.74619	-0.51682	-0.18558	0.43077	0.83004	0.85268	0.83169	0.49694	0.11471	-0.28907	-0.42365	-0.48706	-0.45242	-0.36838	-0.31645	-0.27218	-0.12961	-0.067158	0.08884	0.076213	1.6575
1024.4	0.14999	0.12256	-0.081879	-0.24501	-0.31584	-0.39973	-0.47597	-0.63957	-0.61406	-0.71868	-0.76992	-0.47431	-0.11242	0.44513	0.9174	0.88883	0.80711	0.47135	0.11447	-0.27285	-0.39348	-0.47156	-0.42878	-0.41802	-0.32971	-0.23559	-0.15101	-0.047435	0.088656	0.1647	1.6734
1034	0.10383	0.081967	-0.088593	-0.16184	-0.32024	-0.4279	-0.66867	-0.61868	-0.7295	-0.78082	-0.67936	-0.51099	-0.10417	0.44858	0.79661	0.85058	0.80721	0.45078	0.085395	-0.27807	-0.43338	-0.47439	-0.44732	-0.4213	-0.32667	-0.212	-0.18541	-0.046997	0.057936	0.1339	1.6415
1037.1	0.15559	0.089584	0.0084897	-0.20534	-0.28282	-0.36308	-0.4982	-0.6392	-0.69886	-0.71749	-0.71056	-0.48487	-0.17574	0.4698	0.80217	0.88543	0.78216	0.48984	0.12005	-0.26179	-0.40312	-0.45863	-0.42352	-0.39156	-0.2913	-0.26117	-0.14916	-0.098439	0.10993	0.089716	1.7691
1028.7	0.14938	0.12999	-0.074033	-0.14049	-0.32189	-0.4221	-0.52353	-0.652	-0.75474	-0.73876	-0.7248	-0.47235	-0.11195	0.4357	0.79265	0.86251	0.80378	0.42865	0.085835	-0.26394	-0.41373	-0.47683	-0.48732	-0.38762	-0.40458	-0.22027	-0.19356	-0.079746	0.065749	0.12724	1.6734
1023.4	0.13507	0.11471	-0.059322	-0.16351	-0.29401	-0.43233	-0.57603	-0.62509	-0.74425	-0.76574	-0.70326	-0.44991	-0.090675	0.46849	0.78865	0.85939	0.79268	0.44726	0.08628	-0.28095	-0.49652	-0.45755	-0.44437	-0.42566	-0.30916	-0.23584	-0.13671	-0.073623	0.096301	0.19445	1.6734
1031.8	0.15639	0.06632	-0.06632	-0.19902	-0.3502	-0.39686	-0.46549	-0.6575	-0.72386	-0.74414	-0.68075	-0.48735	-0.08993	0.44193	0.80629	0.87492	0.76347	0.43545	0.057492	-0.27864	-0.43427	-0.48974	-0.45575	-0.40787	-0.32043	-0.22674	-0.16427	-0.073019	0.11049	0.12685	1.6415
1032.9	0.14129	0.082051	-0.081207	-0.25036	-0.36448	-0.37254	-0.50025	-0.63432	-0.6946	-0.76632	-0.68006	-0.47041	-0.060964	0.4793	0.80546	0.84393	0.8156	0.45937	0.099509	-0.28611	-0.41204	-0.45333	-0.44027	-0.45029	-0.34081	-0.21936	-0.13545	-0.059994	0.072963	0.11206	1.6575
1023.4	0.15769	0.082816	-0.13479	-0.21553	-0.31617	-0.41624	-0.59736	-0.67809	-0.72986	-0.78891	-0.70326	-0.4748	-0.10525	0.44559	0.82108	0.87457	0.83083	0.48004	0.11459	-0.28095	-0.49652	-0.4793	-0.45195	-0.42566	-0.31612	-0.31518	-0.1584	-0.073623	0.04343	0.1279	1.6415
1029.7	0.1717	0.10608	-0.043954	-0.18466	-0.29219	-0.36569	-0.523	-0.66638	-0.7325	-0.74567	-0.69892	-0.50485	-0.090115	0.51112	0.8724	0.87672	0.88637	0.48522	0.12092	-0.2559	-0.42059	-0.47634	-0.42657	-0.39438	-0.34186	-0.24155	-0.12149	-0.047191	0.11072	0.1418	1.6096
1036.1	0.13341	0.097552	-0.073503	-0.19821	-0.27581	-0.40318	-0.53384	-0.63986	-0.73512	-0.75635	-0.71129	-0.54272	-0.10395	0.46274	0.78698	0.87134	0.80556	0.49034	0.085221	-0.26978	-0.41801	-0.47342	-0.44641	-0.42044	-0.35353	-0.33981	-0.14217	-0.079175	0.050357	0.12633	1.6734
1035	0.14846	0.12919	-0.095965	-0.24985	-0.298	-0.41155	-0.50625	-0.67046	-0.71452	-0.76475	-0.70368	-0.50226	-0.096858	0.48586	0.81183	0.92477	0.84411	0.48274	0.1273	-0.29326	-0.42569	-0.48107	-0.44686	-0.42087	-0.30567	-0.31876	-0.17092	-0.079256	0.065345	0.14839	1.6575
1028.7	0.13437	0.14585	-0.089049	-0.21442	-0.32924	-0.45411	-0.54476	-0.652	-0.7261	-0.73108	-0.70803	-0.43934	-0.061216	0.4433	0.79265	0.83986	0.77342	0.42049	0.092877	-0.27172	-0.42103	-0.50568	-0.48732	-0.4163	-0.28677	-0.27768	-0.22234	-0.10575	0.080778	0.16402	1.6734
1019.1	0.18863	0.18725	-0.11262	-0.24628	-0.29523	-0.40181	-0.54272	-0.6505	-0.74012	-0.79994	-0.72312	-0.55175	-0.098368	0.50111	0.79193	0.96206	0.81897	0.47381	0.10085	-0.28212	-0.44705	-0.47402	-0.47666	-0.41296	-0.29645	-0.26579	-0.15906	-0.067367	0.10429	0.14328	1.6575
1028.7	0.14938	0.074458	-0.10407	-0.18485	-0.38068	-0.36607	-0.54476	-0.66707	-0.71894	-0.73876	-0.71641	-0.49711	-0.1047	0.49646	0.88137	0.90783	0.86451	0.50202	0.14217	-0.27172	-0.42832	-0.50568	-0.44962	-0.62423	-0.32835	-0.25615	-0.21514	-0.079746	0.058235	0.15666	1.6734
1034	0.13368	0.097752	-0.14835	-0.21333	-0.31293	-0.40401	-0.56309	-0.63367	-0.7295	-0.77318	-0.71274	-0.45351	-0.03927	0.5317	0.81266	0.87312	0.78456	0.42645	0.064379	-0.29356	-0.41887	-0.47439	-0.44732	-0.41416	-0.35425	-0.26912	-0.16394	-0.085805	0.12522	0.15586	1.6734
1028.7	0.14938	0.082389	-0.066525	-0.28097	-0.28515	-0.38208	-0.51646	-0.65953	-0.70462	-0.7234	-0.68286	-0.44759	-0.08296	0.52684	0.84104	0.86251	0.78101	0.39603	0.05767	-0.31063	-0.44291	-0.49847	-0.47224	-0.37328	-0.32835	-0.29203	-0.20795	-0.086247	0.065749	0.11988	1.7372
1030.8	0.1341	0.066388	-0.088866	-0.22136	-0.31389	-0.39727	-0.57188	-0.60556	-0.7246	-0.72957	-0.68145	-0.44667	-0.11896	0.4727	0.85541	0.9135	0.84	0.47658	0.12079	-0.24787	-0.42744	-0.50464	-0.4487	-0.59433	-0.28619	-0.25562	-0.15726	-0.060117	0.035618	0.11963	1.6734
1028.7	0.16438	0.11412	-0.081542	-0.18485	-0.33659	-0.36607	-0.58721	-0.61434	-0.74042	-0.79252	-0.73319	-0.48061	-0.1047	0.46608	0.88137	0.90028	0.84933	0.46941	0.10696	-0.28729	-0.40644	-0.46962	-0.44962	-0.40196	-0.32142	-0.22027	-0.18636	-0.05374	0.073263	0.11988	1.6575
1030.8	0.14158	0.090137	-0.036415	-0.20661	-0.30656	-0.41324	-0.5154	-0.65818	-0.71031	-0.7679	-0.72331	-0.52904	-0.068323	0.49544	0.83126	0.87582	0.7794	0.4359	0.064577	-0.29446	-0.41288	-0.47585	-0.45622	-0.39397	-0.32768	-0.20549	-0.15726	-0.125	0.088109	0.15634	1.6734
1028.7	0.15688	0.098255	-0.051508	-0.26618	-0.32189	-0.50213	-0.53768	-0.66707	-0.74042	-0.76948	-0.69964	-0.48061	-0.1192	0.47368	0.80878	0.90028	0.81896	0.46126	0.099918	-0.27951	-0.40644	-0.46241	-0.4647	-0.43064	-0.32142	-0.22027	-0.15039	-0.060241	0.08829	0.25965	1.6893
1031.8	0.11152	0.097953	-0.051349	-0.20639	-0.29159	-0.41282	-0.50781	-0.43973	-0.72386	-0.77477	-0.68912	-0.51204	-0.10438	0.4495	0.83041	0.86739	0.81644	0.49235	0.11365	-0.27089	-0.44154	-0.46098	-0.44072	-0.42216	-0.21681	-0.24821	-0.1571	-0.098945	0.12547	0.14885	1.6256
1042.4	0.1474	0.081301	-0.087873	-0.16782	-0.31764	-0.39283	-0.53058	-0.65082	-0.74477	-0.75932	-0.69867	-0.47426	-0.11763	0.46742	0.82993	0.87348	0.80065	0.5678	0.098599	-0.2451	-0.40107	-0.4563	-0.44368	-0.37542	-0.25563	-0.23152	-0.191	-0.13643	0.10195	0.1183	1.6415
1035	0.14846	0.10554	-0.095965	-0.2425	-0.21767	-0.4036	-0.4289	-0.62554	-0.76434	-0.80292	-0.73703	-0.52687	-0.14728	0.39528	0.77977	0.89475	0.83656	0.49084	0.1273	-0.22365	-0.40395	-0.48107	-0.45436	-0.42799	-0.31256	-0.21891	-0.12802	-0.059871	0.095216	0.18495	1.6096
1025.5	0.15736	0.090602	-0.081795	-0.20767	-0.31552	-0.41538	-0.53935	-0.80514	-0.77144	-0.81809	-0.8112	-0.58145	-0.185	0.42182	0.77084	0.88792	0.8215	0.50358	0.12142	-0.13987	-0.42233	-0.47108	-0.45102	-0.4104	-0.34327	-0.24255	-0.17973	-0.086515	0.081028	0.14977	1.6734
1026.5	0.16472	0.074612	-0.096757	-0.19264	-0.27837	-0.40693	-0.53879	-0.6609	-0.74195	-0.77877	-0.75993	-0.56431	-0.19207	0.42138	0.77813	0.9097	0.84347	0.51123	0.23419	-0.2333	-0.39267	-0.46336	-0.46566	-0.3956	-0.30126	-0.23511	-0.18675	-0.073395	0.0056476	0.14224	1.6575
1027.6	0.11949	0.11424	-0.07411	-0.17024	-0.30015	-0.37446	-0.52407	-0.66021	-0.75552	-0.77027	-0.78434	-0.53067	-0.19913	0.42095	0.79347	0.89365	0.8426	0.49438	0.12822	-0.27979	-0.38496	-0.47011	-0.44254	-0.40237	-0.31482	-0.28515	-0.15775	-0.13189	0.043251	0.13473	1.6734
1035	0.14846	0.11342	-0.095965	-0.2425	-0.31261	-0.37973	-0.49219	-0.62554	-0.75722	-0.77239	-0.72869	-0.51867	-0.16889	0.44812	0.7958	0.87974	0.78376	0.45032	0.1273	-0.24685	-0.43294	-0.44523	-0.46185	-0.37811	-0.31256	-0.24744	-0.21382	-0.079256	0.087748	0.12646	1.6256
1031.8	0.14144	0.12959	-0.081291	-0.19902	-0.33555	-0.37292	-0.54308	-0.66501	-0.72386	-0.8054	-0.7393	-0.52849	-0.16219	0.42679	0.79021	0.85233	0.83157	0.49235	0.12067	-0.18555	-0.427	-0.4466	-0.44072	-0.38642	-0.32043	-0.26251	-0.17145	-0.10542	0.058055	0.14151	1.6734
1032.9	0.1637	0.082051	-0.058774	-0.21354	-0.32057	-0.42037	-0.4932	-0.71684	-0.7659	-0.81987	-0.73018	-0.52795	-0.12593	0.46417	0.81349	0.88154	0.82316	0.47561	0.12756	-0.21636	-0.38299	-0.47488	-0.45529	-0.38603	-0.37532	-0.26224	-0.17844	-0.085893	0.095412	0.14137	1.6893
1035	0.17082	0.097652	-0.10343	-0.22046	-0.26879	-0.37973	-0.52032	-0.54319	-0.73587	-0.78002	-0.69534	-0.54328	-0.16169	0.41038	0.81183	0.8422	0.79884	0.42601	0.1273	-0.25459	-0.41119	-0.48824	-0.42439	-0.39236	-0.2919	-0.26171	-0.19237	-0.072794	0.080281	0.14108	1.5937
1032.9	0.14876	0.097852	-0.066252	-0.22091	-0.3352	-0.39645	-0.54252	-0.64182	-0.7659	-0.76632	-0.78031	-0.48685	-0.11871	0.44148	0.82153	0.89658	0.8156	0.47561	0.092496	-0.25511	-0.41204	-0.48206	-0.44027	-0.37174	-0.21658	-0.26224	-0.12828	-0.085893	0.095412	0.15602	1.6734
1025.5	0.16489	0.12243	-0.066731	-0.20026	-0.33026	-0.41538	-0.50386	-0.66158	-0.71398	-0.78728	-0.70181	-0.4821	-0.054136	0.49038	0.85174	0.87276	0.79866	0.44633	0.064911	-0.28818	-0.42233	-0.46384	-0.45102	-0.41759	-0.32937	-0.22815	-0.12921	-0.06695	0.081028	0.16453	1.6096
1022.3	0.1503	0.098867	-0.12738	-0.23064	-0.28692	-0.39251	-0.53391	-0.64848	-0.75223	-0.84382	-0.6871	-0.47529	-0.098062	0.45369	0.84627	0.89828	0.80114	0.47233	0.11471	-0.24992	-0.40897	-0.47254	-0.46759	-0.39003	-0.31645	-0.2433	-0.19476	-0.086784	0.096401	0.14283	1.6415
1028.7	0.15688	0.10619	-0.03649	-0.22921	-0.31454	-0.40609	-0.53061	-0.66707	-0.7619	-0.79252	-0.69125	-0.4641	-0.068464	0.54962	0.81685	0.87007	0.79619	0.45311	0.092877	-0.22503	-0.40644	-0.46962	-0.44962	-0.43781	-0.26598	-0.22744	-0.1432	-0.066743	0.073263	0.13459	1.6575
1029.7	0.14173	0.090229	-0.073957	-0.22159	-0.28485	-0.41367	-0.47352	-0.6739	-0.75396	-0.77636	-0.74082	-0.48836	-0.11184	0.4656	0.78378	0.89935	0.77262	0.48522	0.14202	-0.26367	-0.39874	-0.46914	-0.44163	-0.43019	-0.28648	-0.24872	-0.17899	-0.079664	0.11072	0.14915	1.5618
1022.3	0.1503	0.098867	-0.089603	-0.2604	-0.29431	-0.40056	-0.46984	-0.70153	-0.77384	-0.81291	-0.79684	-0.54173	-0.17829	0.42313	0.85439	0.90588	0.85461	0.51335	0.15014	-0.25775	-0.40897	-0.45803	-0.42208	-0.39724	-0.28159	-0.2433	-0.13685	-0.099868	0.14177	0.11322	1.5618
1023.4	0.11999	0.066869	-0.066869	-0.2081	-0.33094	-0.40819	-0.49068	-0.69324	-0.72266	-0.79663	-0.72012	-0.52458	-0.11253	0.44559	0.82108	0.87457	0.83083	0.50462	0.12875	-0.28095	-0.48185	-0.4648	-0.44437	-0.45449	-0.35095	-0.19256	-0.18733	-0.086694	0.066089	0.1205	1.6575
1036.1	0.19299	0.10543	-0.095866	-0.19087	-0.31229	-0.39524	-0.55491	-0.66977	-0.71379	-0.72584	-0.72794	-0.37064	-0.11115	0.4552	0.78698	0.84134	0.78295	0.48224	0.13416	-0.23887	-0.41801	-0.54503	-0.43144	-0.38484	-0.33288	-0.25432	-0.14932	-0.053355	0.10258	0.14824	1.6415
1035	0.15591	0.097652	-0.081041	-0.26454	-0.36373	-0.42746	-0.53438	-0.648	-0.72164	-0.70369	-0.64531	-0.46125	-0.089654	0.44057	0.77175	0.84971	0.78376	0.44222	0.07831	-0.33193	-0.43294	-0.46674	-0.45436	-0.39236	-0.30567	-0.20465	-0.17807	-0.11802	0.087748	0.14108	1.6575
1028.7	0.14187	0.074458	-0.11157	-0.19964	-0.34393	-0.4301	-0.55891	-0.61434	-0.69746	-0.73108	-0.54863	-0.41458	-0.032224	0.52684	0.84104	0.89272	0.79619	0.44495	0.092877	-0.30285	-0.41373	-0.48405	-0.43455	-0.40196	-0.30756	-0.2418	-0.10723	-0.11225	0.073263	0.14931	1.6415
1028.7	0.17188	0.066525	-0.074033	-0.25139	-0.32924	-0.38208	-0.53768	-0.68213	-0.7619	-0.7234	-0.67447	-0.4641	-0.039473	0.51924	0.85717	0.87762	0.80378	0.45311	0.078794	-0.30285	-0.43561	-0.51289	-0.42701	-0.38762	-0.33528	-0.22744	-0.16478	-0.079746	0.05072	0.16402	1.5459
1028.7	0.14187	0.12205	-0.059016	-0.19225	-0.31454	-0.37408	-0.54476	-0.59927	-0.71894	-0.73876	-0.66608	-0.45585	-0.068464	0.48887	0.83298	0.89272	0.83414	0.46941	0.10696	-0.27172	-0.40644	-0.47683	-0.44962	-0.4163	-0.32835	-0.22744	-0.15759	-0.073244	0.11083	0.2008	1.6575
1032.9	0.14876	0.058352	-0.11112	-0.19882	-0.31325	-0.39645	-0.44388	-0.73935	-0.73025	-0.74338	-0.72183	-0.47863	-0.068183	0.48686	0.7894	0.8665	0.78536	0.45937	0.071458	-0.31711	-0.45562	-0.53952	-0.4703	-0.40031	-0.2856	-0.2551	-0.17127	-0.059994	0.072963	0.14137	1.6893
1027.6	0.13451	0.11424	-0.12672	-0.24425	-0.31487	-0.34241	-0.48158	-0.65267	-0.73401	-0.73952	-0.67516	-0.43979	0.011274	0.48937	0.83384	0.87852	0.78181	0.42909	0.092973	-0.27979	-0.42146	-0.5062	-0.47273	-0.43108	-0.32869	-0.27078	-0.18656	-0.10586	0.088381	0.13473	1.6256
1026.5	0.12713	0.074612	-0.13438	-0.18523	-0.30046	-0.39089	-0.53879	-0.63825	-0.7563	-0.77107	-0.71789	-0.44852	-0.068605	0.5051	0.81045	0.8643	0.71416	0.46221	0.078956	-0.30348	-0.34882	-0.51395	-0.45055	-0.42434	-0.29431	-0.2423	-0.1507	-0.09294	0.058355	0.1275	1.6256
1026.5	0.16472	0.090509	-0.074186	-0.21487	-0.24155	-0.39089	-0.53879	-0.66844	-0.7276	-0.74028	-0.67586	-0.40716	-0.061342	0.49749	0.86702	0.90213	0.83587	0.46221	0.10718	-0.28788	-0.43651	-0.47059	-0.46566	-0.43871	-0.31514	-0.28544	-0.16512	-0.13203	0.096003	0.16436	1.6096
1023.4	0.13507	0.098764	-0.066869	-0.2081	-0.31617	-0.34383	-0.47646	-0.67809	-0.67228	-0.77347	-0.73699	-0.50798	-0.1271	0.48376	0.82918	0.89735	0.8232	0.45545	0.08628	-0.28095	-0.41588	-0.51555	-0.39133	-0.4689	-0.30219	-0.28633	-0.14394	-0.093229	0.11141	0.14269	1.6415
1022.3	0.1503	0.17869	-0.066938	-0.2232	-0.3165	-0.40056	-0.53391	-0.66364	-0.75223	-0.80518	-0.73775	-0.52512	-0.10536	0.46898	0.82193	0.89068	0.83169	0.48874	0.10763	-0.28124	-0.41631	-0.46529	-0.45242	-0.36838	-0.26067	-0.2433	-0.18752	-0.080242	0.051036	0.12063	1.6734
1028.7	0.14187	0.12205	-0.10407	-0.18485	-0.2778	-0.39008	-0.53061	-0.652	-0.75474	-0.79252	-0.73319	-0.53013	-0.14819	0.41292	0.80878	0.84741	0.78101	0.56725	0.085835	-0.27951	-0.43561	-0.51289	-0.4647	-0.4163	-0.32142	-0.23462	-0.1432	-0.14476	0.095805	0.14931	1.6096
1037.1	0.17791	0.097452	-0.051087	-0.24934	-0.31926	-0.33926	-0.48417	-0.59437	-0.74147	-0.8089	-0.85201	-0.55035	-0.20449	0.40954	0.79417	0.90041	0.85744	0.53027	0.14799	-0.21548	-0.40312	-0.48724	-0.43847	-0.4129	-0.29818	-0.22559	-0.13489	-0.091991	0.12483	0.14079	1.6893
1035	0.12609	0.089768	-0.066116	-0.19841	-0.31991	-0.43541	-0.52735	-0.67046	-0.7501	-0.80292	-0.79539	-0.57609	-0.20491	0.41038	0.7958	0.8347	0.89692	0.47463	0.1133	-0.27006	-0.43294	-0.48824	-0.46185	-0.40661	-0.33322	-0.29737	-0.20667	-0.040488	0.072813	0.1557	1.8169
1031.8	0.15639	0.10586	-0.06632	-0.19902	-0.35753	-0.39686	-0.50076	-0.64248	-0.73814	-0.75945	-0.7393	-0.50381	-0.18386	0.4495	0.80629	0.85986	0.86941	0.46797	0.14875	-0.21658	-0.40519	-0.45379	-0.45575	-0.38642	-0.2928	-0.25536	-0.1069	-0.060056	0.103	0.14885	1.6415
1029.7	0.14173	0.098154	-0.11896	-0.17728	-0.34358	-0.38968	-0.48059	-0.64381	-0.74681	-0.80705	-0.73244	-0.51309	-0.1046	0.45801	0.78378	0.86163	0.80295	0.46078	0.078713	-0.27144	-0.41331	-0.49075	-0.47175	-0.40871	-0.34186	-0.22721	-0.16461	-0.086159	0.11823	0.11976	1.6893
1031.8	0.14892	0.06632	-0.058834	-0.17691	-0.32822	-0.34899	-0.53603	-0.6575	-0.731	-0.77477	-0.75602	-0.43799	-0.14774	0.47222	0.81433	0.88997	0.82401	0.49235	0.13471	-0.24761	-0.39792	-0.5185	-0.40315	-0.40787	-0.32043	-0.24821	-0.14993	-0.066537	0.050564	0.14885	1.6575
1034	0.14861	0.10564	-0.081124	-0.24275	-0.29831	-0.39605	-0.50677	-0.66365	-0.77937	-0.7961	-0.7044	-0.51099	-0.096957	0.50903	0.82871	0.88815	0.79966	0.44267	0.10641	-0.27807	-0.41887	-0.47439	-0.47732	-0.41416	-0.28531	-0.23342	-0.19257	-0.00172	0.095314	0.12659	1.6734
1027.6	0.127	0.1063	-0.19437	-0.18504	-0.35164	-0.37446	-0.53116	-0.65267	-0.74118	-0.78565	-0.72555	-0.52241	-0.11932	0.44375	0.81769	0.83316	0.81221	0.49438	0.12822	-0.25642	-0.36306	-0.49898	-0.435	-0.40955	-0.32869	-0.25641	-0.15775	-0.10586	0.035729	0.12	1.514
1024.4	0.15753	0.090696	-0.029102	-0.25243	-0.32322	-0.36759	-0.51149	-0.64714	-0.77224	-0.80351	-0.7278	-0.49088	-0.11969	0.47564	0.77974	0.89642	0.82997	0.46317	0.1074	-0.28066	-0.4008	-0.48605	-0.45905	-0.43962	-0.29492	-0.27883	-0.20158	-0.073547	0.058476	0.12776	1.6575
1028.7	0.12687	0.090322	-0.089049	-0.22182	-0.30719	-0.39809	-0.43863	-0.652	-0.71894	-0.75412	-0.74997	-0.45585	-0.097456	0.4433	0.90556	0.86251	0.81896	0.48572	0.14217	-0.2406	-0.38456	-0.4552	-0.44209	-0.42347	-0.35607	-0.22027	-0.12162	-0.09925	0.11835	0.17138	1.6256
1027.6	0.15704	0.082474	-0.096657	-0.22945	-0.33693	-0.3985	-0.50991	-0.67529	-0.76269	-0.7549	-0.70876	-0.48936	-0.054024	0.45896	0.80962	0.84828	0.78181	0.42909	0.10707	-0.28758	-0.40686	-0.49898	-0.47273	-0.41673	-0.31482	-0.25641	-0.17215	-0.07332	0.088381	0.12	1.6415
1027.6	0.081951	0.13012	-0.10417	-0.19984	-0.35164	-0.37446	-0.4745	-0.66775	-0.71968	-0.74721	-0.64997	-0.43979	0.033041	0.48177	0.84191	0.8634	0.76662	0.41277	0.071826	-0.28758	-0.44336	-0.49176	-0.49537	-0.38802	-0.30788	-0.24205	-0.16495	-0.07332	0.058295	0.090549	1.6256
1026.5	0.14217	0.042814	-0.036566	-0.14819	-0.32992	-0.39089	-0.48207	-0.6307	-0.74912	-0.77107	-0.70949	-0.49814	-0.13397	0.41377	0.78621	0.83402	0.80544	0.47038	0.10718	-0.27229	-0.44382	-0.49227	-0.443	-0.38842	-0.29431	-0.21353	-0.19396	-0.060366	0.043295	0.12013	1.6415
1030.8	0.14158	0.08222	-0.096359	-0.22136	-0.32123	-0.40525	-0.58601	-0.65066	-0.7246	-0.7449	-0.71494	-0.47962	-0.10449	0.44238	0.79907	0.83813	0.78698	0.50099	0.12079	-0.23234	-0.42016	-0.47585	-0.44118	-0.38682	-0.31385	-0.22698	-0.25778	-0.092558	0.058115	0.13432	1.6096
1025.5	0.13479	0.09856	-0.066731	-0.22251	-0.33026	-0.42341	-0.51806	-0.64647	-0.72117	-0.74105	-0.67656	-0.4821	-0.11957	0.42943	0.81938	0.86519	0.79866	0.47905	0.093165	-0.24915	-0.4077	-0.50002	-0.44346	-0.42478	-0.30852	-0.22095	-0.17973	-0.10608	0.065953	0.11287	1.6575
1022.3	0.14276	0.17869	-0.10471	-0.23064	-0.33128	-0.39251	-0.55527	-0.64848	-0.73782	-0.79745	-0.73775	-0.4919	-0.14911	0.43841	0.79758	0.86028	0.80878	0.49694	0.10054	-0.24992	-0.41631	-0.45077	-0.44484	-0.40446	-0.33737	-0.22886	-0.13685	-0.086784	0.096401	0.12063	1.6734
1025.5	0.17241	0.12243	-0.096857	-0.22992	-0.33026	-0.39932	-0.53225	-0.70692	-0.73553	-0.78728	-0.76071	-0.54833	-0.15592	0.44467	0.8032	0.88792	0.81389	0.48722	0.12142	-0.25695	-0.40039	-0.47831	-0.44346	-0.41759	-0.30157	-0.22815	-0.16529	-0.093036	0.096102	0.23832	1.6734
1030.8	0.12661	0.098053	-0.058895	-0.22874	-0.33589	-0.45318	-0.54364	-0.68073	-0.76748	-0.79089	-0.76517	-0.54551	-0.23468	0.38933	0.78297	0.86074	0.82485	0.6149	0.16998	-0.20904	-0.39105	-0.46146	-0.4487	-0.43691	-0.34151	-0.2413	-0.13572	-0.060117	0.02812	0.12698	1.6575
1032.9	0.13382	0.17686	-0.088684	-0.17673	-0.31325	-0.39645	-0.52843	-0.60431	-0.72312	-0.81987	-0.79702	-0.61015	-0.21977	0.38097	0.74924	0.82889	0.82316	0.5162	0.1486	-0.23186	-0.36846	-0.46051	-0.43276	-0.39317	-0.33391	-0.23366	-0.15694	-0.092368	0.095412	0.18533	1.6096
1028.7	0.13437	0.090322	-0.11157	-0.244	-0.38068	-0.39809	-0.52353	-0.65953	-0.77622	-0.79252	-0.76675	-0.59616	-0.22792	0.37494	0.76039	0.85496	0.84933	0.54279	0.17738	-0.20169	-0.36268	-0.46962	-0.44209	-0.39479	-0.31449	-0.19874	-0.064059	-0.079746	0.065749	0.10517	1.6256
1031.8	0.16387	0.11377	-0.081291	-0.23588	-0.29159	-0.36494	-0.54308	-0.68754	-0.73814	-0.8054	-0.77275	-0.56964	-0.19109	0.38136	0.73393	0.85986	0.83914	0.54925	0.16981	-0.2321	-0.39792	-0.47536	-0.43321	-0.37927	-0.32043	-0.26251	-0.26469	-0.066537	0.088018	0.11951	1.6575
1031.8	0.17883	0.10586	0.03099	-0.21376	-0.26962	-0.36494	-0.46549	-0.77015	-0.731	-0.78243	-0.74766	-0.56964	-0.21999	0.38893	0.78217	0.85986	0.82401	0.49235	0.16279	-0.19331	-0.38338	-0.4466	-0.43321	-0.37213	-0.30662	-0.25536	-0.17862	-0.085982	0.09551	0.14151	1.6415
1027.6	0.16455	0.1063	-0.089141	-0.22945	-0.33693	-0.37446	-0.54532	-0.60743	-0.71251	-0.80103	-0.80113	-0.57199	-0.22815	0.37533	0.79347	0.88608	0.82741	0.53519	0.14231	-0.25642	-0.40686	-0.47733	-0.45009	-0.4239	-0.30094	-0.24205	-0.13614	-0.10586	0.12599	0.13473	1.6575
1026.5	0.12713	0.090509	-0.172	-0.16301	-0.28574	-0.42297	-0.48207	-0.68354	-0.74195	-0.79416	-0.76833	-0.54776	-0.17755	0.41377	0.77813	0.85673	0.82065	0.52757	0.15657	-0.2255	-0.36343	-0.47059	-0.443	-0.38842	-0.3082	-0.2423	-0.14349	-0.11248	0.080944	0.1791	1.6415
1026.5	0.17223	0.11436	-0.08171	-0.21487	-0.30783	-0.33475	-0.55297	-0.66844	-0.77065	-0.78646	-0.74311	-0.53949	-0.11218	0.45182	0.85086	0.887	0.83587	0.5194	0.17069	-0.2255	-0.40728	-0.45614	-0.52609	-0.48901	-0.27348	-0.22791	-0.1507	-0.09294	0.073415	0.098014	1.6415
1034	0.13368	0.10564	-0.10353	-0.19126	-0.32024	-0.40401	-0.53493	-0.64117	-0.74375	-0.76554	-0.7044	-0.50278	-0.14022	0.4108	0.78057	0.8581	0.81477	0.49134	0.12042	-0.22388	-0.46966	-0.45286	-0.43982	-0.4213	-0.37493	-0.23342	-0.19972	-0.072869	0.080364	0.15586	1.6575
1028.7	0.14187	0.10619	-0.066525	-0.18485	-0.34393	-0.4381	-0.48816	-0.61434	-0.7261	-0.76948	-0.71641	-0.44759	-0.11195	0.46608	0.77652	0.87007	0.78101	0.4368	0.17033	-0.27172	-0.42832	-0.47683	-0.45716	-0.35177	-0.30756	-0.22744	-0.15759	-0.092749	0.035692	0.16402	1.6575
1026.5	0.17975	0.10641	-0.059138	-0.2445	-0.32255	-0.41495	-0.56006	-0.68354	-0.785	-0.72489	-0.69267	-0.4816	-0.068605	0.42138	0.81853	0.85673	0.79023	0.48672	0.14952	-0.2333	-0.43651	-0.48505	-0.46566	-0.41716	-0.32209	-0.30702	-0.23721	-0.119	0.088473	0.15699	1.6415
1022.3	0.15785	0.10685	-0.059383	-0.20832	-0.35347	-0.3764	-0.49119	-0.66364	-0.74502	-0.65834	-0.6871	-0.42546	-0.076183	0.48426	0.84627	0.89068	0.82406	0.43131	0.093455	-0.28124	-0.37962	-0.47254	-0.41449	-0.39724	-0.28856	-0.25052	-0.14409	-0.10641	0.11152	0.14283	1.6415
1027.6	0.14202	0.098357	-0.081626	-0.17024	-0.30015	-0.41452	-0.49574	-0.66775	-0.72685	-0.76259	-0.70036	-0.43153	-0.032258	0.50458	0.82576	0.87096	0.81221	0.44541	0.092973	-0.21748	-0.41416	-0.45567	-0.42745	-0.38802	-0.33563	-0.24205	-0.16495	-0.060303	0.058295	0.10528	1.6893
1029.7	0.074288	0.12985	-0.11146	-0.20682	-0.35092	-0.38169	-0.53006	-0.64381	-0.73966	-0.75334	-0.66539	-0.45538	-0.01771	0.51112	0.82406	0.85408	0.76504	0.39563	0.085747	-0.26367	-0.42788	-0.49796	-0.44916	-0.43019	-0.30033	-0.19853	-0.035245	-0.047191	0.080694	0.10506	1.6415
1028.7	0.12687	0.10619	-0.074033	-0.16267	-0.30719	-0.38208	-0.54476	-0.652	-0.74758	-0.78484	-0.61574	-0.49711	-0.097456	0.48887	0.80072	0.88517	0.82655	0.47757	0.085835	-0.30285	-0.47937	-0.46241	-0.44962	-0.488	-0.30063	-0.21309	-0.21514	-0.09925	0.058235	0.13459	1.6893
1034	0.171	0.12143	-0.043774	-0.19861	-0.26906	-0.40401	-0.51381	-0.69363	-0.73662	-0.78846	-0.75447	-0.45351	-0.13301	0.45614	0.82871	0.86561	0.81477	0.48323	0.12042	-0.23936	-0.40436	-0.48157	-0.43982	-0.3999	-0.31978	-0.26198	-0.19257	-0.18283	0.095314	0.17782	1.6734
1038.2	0.13314	0.089493	-0.036155	-0.27106	-0.34078	-0.36271	-0.54677	-0.65348	-0.77619	-0.79285	-0.78464	-0.5089	-0.16838	0.40912	0.79336	0.89201	0.82648	0.50549	0.15482	-0.22297	-0.38826	-0.50104	-0.40815	-0.39826	-0.29101	-0.26091	-0.22029	-0.098339	0.10982	0.14065	1.6734
1031.8	0.15639	0.19285	-0.051349	-0.24325	-0.29892	-0.46867	-0.50076	-0.66501	-0.75955	-0.81305	-0.75602	-0.54495	-0.16941	0.41922	0.76609	0.8448	0.78617	0.42733	0.12769	-0.22434	-0.41973	-0.40347	-0.4783	-0.35068	-0.34807	-0.27682	-0.14276	-0.053574	0.11798	0.14151	1.6415
1021.2	0.1429	0.074999	-0.067008	-0.19364	-0.32423	-0.44935	-0.48458	-0.67191	-0.7458	-0.76733	-0.74697	-0.50904	-0.14927	0.43122	0.80653	0.83074	0.79433	0.47282	0.093552	-0.2737	-0.32859	-0.47303	-0.46808	-0.41932	-0.33074	-0.30861	-0.16598	-0.11307	0.073795	0.12816	1.6096
1026.5	0.1572	0.074612	-0.11933	-0.20005	-0.27837	-0.38287	-0.48916	-0.69864	-0.74195	-0.74798	-0.66745	-0.49814	-0.046817	0.45182	0.84278	0.85673	0.78262	0.45404	0.10718	-0.2255	-0.40728	-0.47782	-0.45811	-0.40279	-0.28042	-0.24949	-0.15791	-0.10597	0.088473	0.1275	1.6893
1034	0.11876	0.11354	-0.036303	-0.21333	-0.32755	-0.41197	-0.57013	-0.64117	-0.73662	-0.74261	-0.7044	-0.45351	-0.096957	0.44102	0.78057	0.84307	0.78456	0.43456	0.10641	-0.28582	-0.37534	-0.45286	-0.42482	-0.39276	-0.26462	-0.24056	-0.19972	-0.12461	0.035509	0.12659	1.6575
1027.6	0.14202	0.074535	-0.07411	-0.22945	-0.27808	-0.3985	-0.56657	-0.66775	-0.80569	-0.7549	-0.66677	-0.46458	-0.090301	0.49697	0.79347	0.85584	0.77422	0.45357	0.092973	-0.27979	-0.40686	-0.47011	-0.45763	-0.38084	-0.30094	-0.20613	-0.14335	-0.053795	0.065817	0.17155	1.6734
1028.7	0.14187	0.0030626	-0.081542	-0.17006	-0.28515	-0.32605	-0.51646	-0.65953	-0.7261	-0.7618	-0.7248	-0.47235	-0.08296	0.46608	0.81685	0.85496	0.81896	0.46126	0.085835	-0.28729	-0.43561	-0.48405	-0.45716	-0.43781	-0.34914	-0.2705	-0.17917	-0.034236	0.035692	0.090456	1.6575
1027.6	0.14953	0.098357	-0.07411	-0.19984	-0.31487	-0.38247	-0.53824	-0.64513	-0.71968	-0.73952	-0.74235	-0.4811	-0.097557	0.45896	0.76925	0.85584	0.81221	0.4699	0.092973	-0.21748	-0.42146	-0.44845	-0.4199	-0.37366	-0.26626	-0.23486	-0.15055	-0.066812	0.080861	0.17892	1.6575
1029.7	0.13423	0.114	-0.096458	-0.24375	-0.28485	-0.42966	-0.53713	-0.61371	-0.7325	-0.738	-0.69054	-0.48836	-0.1408	0.44284	0.79989	0.84654	0.78779	0.45264	0.12795	-0.2559	-0.42059	-0.38268	-0.42657	-0.40154	-0.27263	-0.28456	-0.15742	-0.060179	0.0882	0.12711	1.5937
1024.4	0.1274	0.12256	-0.05926	-0.16334	-0.3306	-0.30329	-0.53281	-0.63201	-0.7291	-0.76495	-0.70253	-0.44944	-0.076025	0.49089	0.80403	0.8585	0.79186	0.41405	0.064978	-0.27285	-0.45939	-0.48605	-0.43635	-0.43242	-0.20446	-0.22839	-0.17991	-0.11924	0.035839	0.14992	1.6734
1019.1	0.13563	0.035119	-0.067147	-0.26121	-0.31007	-0.45028	-0.49987	-0.6429	-0.73289	-0.76118	-0.68925	-0.39347	-0.061788	0.50877	0.84077	0.86296	0.79598	0.42443	0.072424	-0.29783	-0.45441	-0.48858	-0.46144	-0.56494	-0.39438	-0.27303	-0.25346	-0.041119	0.081534	0.10615	1.6256
1025.5	0.14231	0.11448	-0.074263	-0.20026	-0.345	-0.37524	-0.43289	-0.60869	-0.72835	-0.74875	-0.73546	-0.4407	-0.061405	0.498	0.94073	0.85761	0.77582	0.43815	0.043722	-0.3116	-0.4077	-0.48555	-0.45102	-0.38882	-0.33632	-0.19216	-0.12199	-0.06695	0.11118	0.15715	1.6575
1036.1	0.14086	0.097552	-0.23005	-0.19821	-0.33418	-0.43497	-0.48466	-0.63986	-0.72801	-0.77923	-0.71129	-0.46897	-0.096759	0.46274	0.82701	0.82635	0.76035	0.41748	0.050266	-0.30841	-0.4325	-0.46626	-0.46138	-0.38484	-0.34664	-0.23294	-0.17075	-0.092085	0.14734	0.13363	1.6734
1037.1	0.13327	0.089584	-0.11811	-0.19801	-0.30468	-0.35514	-0.53329	-0.66909	-0.72727	-0.74034	-0.70224	-0.49305	-0.067904	0.47734	0.83417	0.84798	0.80474	0.46558	0.092118	-0.27722	-0.43929	-0.51586	-0.53567	-0.34178	-0.36004	-0.19711	-0.1563	-0.046853	0.095022	0.14809	1.6096
1028.7	0.13437	0.042726	-0.059016	-0.19225	-0.2925	-0.39008	-0.52353	-0.61434	-0.76906	-0.78484	-0.73319	-0.49711	-0.1047	0.49646	0.82491	0.90028	0.84933	0.48572	0.092877	-0.27951	-0.47937	-0.48405	-0.43455	-0.43064	-0.32142	-0.2418	-0.20795	-0.073244	0.073263	0.11988	1.6734
1028.7	0.13437	0.090322	-0.051508	-0.14788	-0.30719	-0.41409	-0.38203	-0.6746	-0.73326	-0.79252	-0.74997	-0.55489	-0.15544	0.4357	0.79265	0.90783	0.85692	0.52648	0.14921	-0.23281	-0.39186	-0.49847	-0.43455	-0.38045	-0.27291	-0.27768	-0.1432	-0.027735	0.08829	0.11988	1.6415
1039.3	0.073607	0.13651	-0.073279	-0.22688	-0.38407	-0.36234	-0.50419	-0.67518	-0.75413	-0.76164	-0.72572	-0.49205	-0.046244	0.47636	0.85642	0.91353	0.83315	0.46463	0.13375	-0.26125	-0.4023	-0.47911	-0.44504	-0.38366	-0.32501	-0.26774	-0.14886	-0.091803	0.1097	0.15507	1.6415
1035	0.16337	0.050348	-0.036266	-0.23515	-0.30531	-0.35587	-0.51329	-0.67794	-0.75722	-0.81056	-0.71201	-0.48586	-0.10406	0.44057	0.81984	0.85722	0.80639	0.45843	0.1063	-0.25459	-0.42569	-0.48107	-0.46185	-0.44224	-0.29879	-0.25458	-0.12802	-0.085718	0.11015	0.11914	1.6734
1029.7	0.13423	0.090229	-0.12646	-0.19943	-0.3289	-0.43765	-0.49472	-0.69648	-0.75396	-0.79938	-0.76596	-0.52134	-0.12632	0.47319	0.80795	0.87672	0.8257	0.49336	0.10685	-0.28699	-0.42788	-0.54119	-0.45669	-0.35857	-0.30033	-0.25588	-0.13586	-0.073169	0.11072	0.090362	1.6415
1026.5	0.14968	0.098458	-0.096757	-0.22228	-0.30783	-0.47109	-0.44662	-0.75902	-0.7563	-0.76337	-0.73471	-0.52295	-0.17029	0.44421	0.81853	0.90213	0.82826	0.6011	0.11424	-0.24109	-0.41459	-0.48505	-0.45055	-0.38123	-0.3082	-0.28544	-0.18675	-0.09294	0.096003	0.1791	1.6256
1028.7	0.14187	0.12205	-0.051508	-0.17746	-0.30719	-0.39809	-0.50231	-0.68966	-0.7261	-0.80788	-0.68286	-0.5714	-0.17718	0.41292	0.78459	0.86251	0.84933	0.51833	0.14217	-0.2406	-0.39915	-0.46962	-0.43455	-0.38045	-0.363	-0.24897	-0.20795	-0.073244	0.08829	0.13459	1.7531
1021.2	0.13535	0.074999	-0.074571	-0.21598	-0.30942	-0.36873	-0.54159	-0.63398	-0.76743	-0.80602	-0.75542	-0.55892	-0.15657	0.46182	0.84715	0.87639	0.80962	0.43176	0.15029	-0.21099	-0.4094	-0.44398	-0.4377	-0.39765	-0.43544	-0.25801	-0.14424	-0.047583	0.10407	0.1578	1.6575
1018.1	0.13577	0.083247	-0.059631	-0.22413	-0.31039	-0.39414	-0.56473	-0.67401	-0.76983	-0.80853	-0.73235	-0.51897	-0.13509	0.50163	0.8172	0.88676	0.82749	0.45782	0.086729	-0.26669	-0.42541	-0.49637	-0.44669	-0.38441	-0.33877	-0.28057	-0.21738	-0.093714	0.08921	0.061664	1.6893
1029.7	0.14173	0.098154	-0.11896	-0.24375	-0.27751	-0.38968	-0.47352	-0.63628	-0.72535	-0.76102	-0.71568	-0.47187	-0.090115	0.47319	0.81601	0.87672	0.81054	0.46078	0.10685	-0.27922	-0.39145	-0.49075	-0.44163	-0.38005	-0.31417	-0.29173	-0.16461	-0.086159	0.11072	0.16385	1.6256
1037.1	0.12584	0.07385	-0.10322	-0.22001	-0.27553	-0.41071	-0.58241	-0.6392	-0.74147	-0.77081	-0.67728	-0.48487	-0.11823	0.45474	0.82617	0.87045	0.80474	0.46558	0.092118	-0.2695	-0.42482	-0.48009	-0.44595	-0.40578	-0.2157	-0.26829	-0.13489	-0.059749	0.080117	0.14079	1.5937
1035	0.14846	0.10554	-0.036266	-0.18372	-0.34182	-0.32405	-0.52735	-0.62554	-0.73587	-0.77239	-0.67866	-0.45305	-0.03923	0.47077	0.86794	0.8347	0.81393	0.45843	0.099305	-0.27006	-0.3967	-0.46674	-0.46185	-0.40661	-0.31256	-0.25458	-0.14947	-0.040488	0.080281	0.17032	1.6575
1026.5	0.16472	0.090509	-0.08171	-0.22969	-0.30783	-0.42297	-0.53879	-0.65335	-0.7276	-0.79416	-0.71789	-0.53122	-0.083131	0.47465	0.85894	0.87186	0.81305	0.45404	0.078956	-0.26449	-0.40728	-0.44891	-0.45811	-0.35249	-0.25959	-0.19915	-0.14349	-0.10597	0.073415	0.14224	1.6575
1024.4	0.16506	0.10663	-0.07434	-0.22274	-0.27157	-0.42384	-0.48307	-0.6547	-0.73629	-0.78038	-0.67726	-0.45773	-0.090581	0.49089	0.85262	0.88125	0.79186	0.45498	0.10033	-0.25722	-0.4008	-0.44984	-0.45148	-0.38202	-0.32275	-0.25	-0.15824	-0.067019	0.088656	0.14992	1.6256
1030.8	0.12661	0.074305	-0.058895	-0.20661	-0.29189	-0.37331	-0.48715	-0.64314	-0.7389	-0.77556	-0.72331	-0.55375	-0.090023	0.46512	0.79102	0.86074	0.8097	0.49286	0.092686	-0.2634	-0.40561	-0.46866	-0.42613	-0.37966	-0.32076	-0.28427	-0.099826	-0.066606	0.095608	0.17102	1.5778
1027.6	0.18707	0.098357	-0.096657	-0.23685	-0.27073	-0.39048	-0.52407	-0.68284	-0.73401	-0.74721	-0.72555	-0.49763	-0.10481	0.47416	0.81769	0.8634	0.78941	0.42909	0.064777	-0.28758	-0.42876	-0.47011	-0.47273	-0.49568	-0.29401	-0.19176	-0.15055	-0.053795	0.080861	0.1421	1.6575
1024.4	0.16506	0.13849	-0.081879	-0.19304	-0.32322	-0.38366	-0.5257	-0.66983	-0.75067	-0.74953	-0.70253	-0.44944	-0.090581	0.44513	0.83642	0.87367	0.77662	0.48773	0.057909	-0.28066	-0.42277	-0.47881	-0.45148	-0.38202	-0.28796	-0.29324	-0.14379	-0.15189	0.11884	0.12776	1.6096
1034	0.15607	0.066184	-0.111	-0.20597	-0.30562	-0.38012	-0.50677	-0.63367	-0.72238	-0.72733	-0.72944	-0.48636	-0.19791	0.42591	0.78057	0.85058	0.82232	0.48323	0.12743	-0.27033	-0.40436	-0.47439	-0.43982	-0.36423	-0.35425	-0.15488	-0.1711	-0.066401	0.095314	0.1339	1.6256
1042.4	0.1548	0.10479	-0.080465	-0.2043	-0.31764	-0.39283	-0.48171	-0.66569	-0.73064	-0.74416	-0.69867	-0.4824	-0.11763	0.42995	0.78218	0.84367	0.77069	0.43103	0.098599	-0.36028	-0.40107	-0.46342	-0.47344	-0.39665	-0.33085	-0.24568	-0.1981	-0.085108	0.072295	0.14008	1.6575
1036.1	0.12596	0.089676	-0.073503	-0.19087	-0.27581	-0.39524	-0.45656	-0.66229	-0.72801	-0.79448	-0.69463	-0.50175	-0.11835	0.44012	0.80299	0.83385	0.75281	0.53891	0.092212	-0.25433	-0.42526	-0.48058	-0.46886	-0.39908	-0.31224	-0.24007	-0.17789	-0.05981	0.065278	0.10441	1.6893
1025.5	0.11974	0.082645	-0.12698	-0.25959	-0.31552	-0.42341	-0.51096	-0.58602	-0.74271	-0.79498	-0.74388	-0.54005	-0.13411	0.43705	0.81129	0.91064	0.8215	0.50358	0.11436	-0.25695	-0.40039	-0.45661	-0.44346	-0.38162	-0.33632	-0.24255	-0.13642	-0.1126	0.058415	0.12763	1.5778
1030.8	0.16404	0.08222	-0.11135	-0.23612	-0.27723	-0.38129	-0.50834	-0.64314	-0.7389	-0.7679	-0.76517	-0.54551	-0.11172	0.42723	0.79907	0.86828	0.80213	0.50099	0.1489	-0.20904	-0.39833	-0.49745	-0.44118	-0.39397	-0.32076	-0.25562	-0.15726	-0.060117	0.050616	0.12698	1.6415
1030.8	0.14907	0.098053	-0.096359	-0.16971	-0.31389	-0.39727	-0.48715	-0.69576	-0.7389	-0.79856	-0.79866	-0.56198	-0.18405	0.42723	0.77493	0.92104	0.81728	0.54168	0.15593	-0.23234	-0.36922	-0.46146	-0.42613	-0.38682	-0.33459	-0.24846	-0.12137	-0.053629	0.088109	0.20039	1.6415
1024.4	0.18765	0.098662	-0.0668	-0.24501	-0.28633	-0.35151	-0.62516	-0.63957	-0.75786	-0.7958	-0.82046	-0.59862	-0.19975	0.41463	0.80403	0.95709	0.83759	0.49592	0.17104	-0.23378	-0.35686	-0.47156	-0.42878	-0.39642	-0.29492	-0.2428	-0.13657	-0.093133	0.081112	0.12038	1.6096
1017	0.13591	0.10741	-0.10526	-0.23932	-0.34044	-0.41074	-0.52954	-0.69757	-0.69821	-0.80938	-0.75857	-0.5362	-0.16455	0.43301	0.8099	0.86476	0.80532	0.45005	0.086819	-0.22761	-0.38897	-0.47501	-0.34041	-0.47909	-0.47932	-0.22279	-0.15939	-0.067508	0.058902	0.14358	1.6734
1025.5	0.15736	0.10652	-0.081795	-0.21509	-0.33026	-0.39129	-0.56774	-0.67669	-0.73553	-0.77957	-0.72705	-0.50693	-0.10503	0.48276	0.82747	0.97882	0.8215	0.47905	0.12142	-0.27257	-0.40039	-0.44214	-0.44346	-0.4104	-0.24596	-0.29294	-0.11478	-0.079993	0.058415	0.14239	1.6575
1041.4	0.15496	0.081384	-0.11763	-0.21911	-0.29618	-0.40904	-0.55908	-0.65892	-0.70309	-0.74491	-0.67452	-0.35245	-0.074788	0.4904	0.82281	0.85945	0.77148	0.44757	0.098699	-0.25303	-0.41589	-0.47101	-0.45158	-0.38288	-0.29696	-0.16087	-0.14145	-0.040241	0.087213	0.12568	1.6734
1037.1	0.096077	0.097452	-0.10322	-0.19801	-0.32655	-0.37896	-0.51926	-0.6392	-0.74857	-0.75557	-0.71056	-0.48487	-0.024772	0.43214	0.80217	0.84798	0.75957	0.45749	0.12005	-0.23863	-0.41035	-0.48724	-0.431	-0.38445	-0.30505	-0.28964	-0.21338	-0.091991	0.10247	0.1189	1.6256
1026.5	0.14217	0.090509	-0.08171	-0.23709	-0.30046	-0.35881	-0.55297	-0.60051	-0.7276	-0.77877	-0.7263	-0.50641	-0.097657	0.4366	0.81853	0.85673	0.78262	0.42136	0.10718	-0.24889	-0.42921	-0.49227	-0.443	-0.40997	-0.36375	-0.25668	-0.16512	-0.047337	0.073415	0.16436	1.6415
1026.5	0.17223	0.058713	-0.08171	-0.22969	-0.32992	-0.41495	-0.48916	-0.66844	-0.76347	-0.77877	-0.71789	-0.55603	-0.17029	0.42138	0.81853	0.84159	0.83587	0.47855	0.1354	-0.2333	-0.40728	-0.48505	-0.42789	-0.38842	-0.34986	-0.26387	-0.18675	-0.073395	0.088473	0.14224	1.6893
1028.7	0.13437	0.082389	-0.089049	-0.14049	-0.31454	-0.36607	-0.50231	-0.652	-0.74758	-0.7618	-0.75836	-0.52187	-0.14094	0.42051	0.80072	0.87762	0.81137	0.48572	0.12808	-0.29507	-0.39186	-0.46962	-0.42701	-0.40196	-0.27984	-0.20591	-0.18636	-0.086247	0.11835	0.15666	1.6256
1025.5	0.15736	0.09856	-0.089325	-0.20026	-0.28603	-0.39932	-0.47548	-0.68425	-0.74271	-0.74875	-0.70181	-0.46554	-0.10503	0.38372	0.82747	0.86519	0.77582	0.42998	0.079038	-0.25695	-0.4077	-0.47831	-0.44346	-0.4104	-0.36413	-0.22095	-0.15808	-0.086515	0.088564	0.15715	1.6575
1023.4	0.15015	0.098764	-0.081964	-0.21553	-0.33094	-0.42428	-0.52624	-0.69324	-0.75145	-0.81207	-0.80445	-0.50798	-0.13439	0.44559	0.80486	0.87457	0.79268	0.43906	0.072124	-0.27313	-0.43054	-0.5083	-0.41407	-0.41125	-0.33702	-0.25747	-0.23795	-0.086694	0.10385	0.14269	1.6415
1028.7	0.14187	0.17758	-0.096558	-0.22921	-0.24841	-0.39809	-0.39618	-0.65953	-0.74758	-0.8002	-0.75836	-0.51362	-0.11195	0.46608	0.79265	0.84741	0.80378	0.48572	0.085835	-0.25616	-0.40644	-0.46241	-0.47224	-0.39479	-0.31449	-0.20591	-0.18636	-0.034236	0.080778	0.097812	1.6893
1035	0.16337	0.081883	-0.088502	-0.18372	-0.31991	-0.37178	-0.45703	-0.70789	-0.75722	-0.83346	-0.71201	-0.50226	-0.10406	0.46322	0.77175	0.87223	0.78376	0.45032	0.092306	-0.27006	-0.44744	-0.47391	-0.43937	-0.39236	-0.36077	-0.24744	-0.13517	-0.040488	0.095216	0.11183	1.6734
1030.8	0.16404	0.058472	-0.11135	-0.25088	-0.32123	-0.37331	-0.52952	-0.69576	-0.71746	-0.78323	-0.71494	-0.48786	-0.13342	0.48028	0.82322	0.88335	0.79455	0.4359	0.043497	-0.2634	-0.42744	-0.49025	-0.44118	-0.38682	-0.31385	-0.22698	-0.13572	-0.079582	0.095608	0.11963	1.6415
1025.5	0.13479	0.13835	-0.044135	-0.21509	-0.27866	-0.41538	-0.53225	-0.67669	-0.72117	-0.77957	-0.71864	-0.53177	-0.097758	0.43705	0.79511	0.85761	0.79866	0.47087	0.071974	-0.28037	-0.42233	-0.47108	-0.43589	-0.43916	-0.35023	-0.23535	-0.17251	-0.079993	0.10364	0.098115	1.6256
1027.6	0.14202	0.11424	-0.096657	-0.17764	-0.35164	-0.37446	-0.53116	-0.64513	-0.75552	-0.74721	-0.69196	-0.47284	-0.10481	0.47416	0.80154	0.84828	0.80461	0.43725	0.10002	-0.26421	-0.43606	-0.47733	-0.435	-0.38802	-0.29401	-0.19894	-0.13614	-0.086336	0.11095	0.1421	1.6096
1035	0.141	0.089768	-0.051191	-0.22046	-0.30531	-0.35587	-0.53438	-0.62554	-0.72875	-0.76475	-0.70368	-0.47765	-0.10406	0.44812	0.7958	0.87974	0.81393	0.47463	0.1063	-0.27006	-0.41119	-0.4524	-0.46934	-0.40661	-0.31945	-0.22605	-0.19237	-0.092179	0.050409	0.11183	1.6256
1034	0.11876	0.10564	-0.066184	-0.19861	-0.32024	-0.38808	-0.52085	-0.64117	-0.72238	-0.75026	-0.72944	-0.47814	-0.082535	0.49392	0.78859	0.85058	0.79966	0.4589	0.11342	-0.25485	-0.42613	-0.48157	-0.52232	-0.39276	-0.33357	-0.21914	-0.18541	-0.10521	0.080364	0.15586	1.6415
1026.5	0.16472	0.11436	-0.04409	-0.22969	-0.30046	-0.43099	-0.50334	-0.6609	-0.73477	-0.74028	-0.7263	-0.4816	-0.11945	0.46704	0.79429	0.87186	0.83587	0.48672	0.10718	-0.24889	-0.38536	-0.44891	-0.45055	-0.43153	-0.35681	-0.22072	-0.18675	-0.060366	0.13365	0.21596	1.6256
1034	0.13368	0.042507	-0.111	-0.20597	-0.29831	-0.41197	-0.4223	-0.78355	-0.71525	-0.78082	-0.72944	-0.50278	-0.11859	0.47125	0.77254	0.82804	0.72414	0.44267	0.071384	-0.27807	-0.40436	-0.48874	-0.44732	-0.4213	-0.2922	-0.2477	-0.19257	-0.092274	0.12522	0.11927	1.6575
1035	0.15591	0.097652	-0.058654	-0.28659	-0.298	-0.4036	-0.53438	-0.64051	-0.72164	-0.74949	-0.72035	-0.47765	-0.10406	0.47831	0.78778	0.87974	0.76867	0.45843	0.092306	-0.27006	-0.41119	-0.45957	-0.43937	-0.37098	-0.347	-0.27597	-0.16377	-0.066333	0.080281	0.1557	1.6734
1029.7	0.11175	0.114	-0.13396	-0.23636	-0.27751	-0.48563	-0.55127	-0.65133	-0.72535	-0.66127	-0.69892	-0.47187	-0.1046	0.44284	0.78378	0.85408	0.7802	0.40377	0.057611	-0.34141	-0.42788	-0.46914	-0.47175	-0.39438	-0.31417	-0.23438	-0.20055	-0.12513	0.050668	0.13446	1.7053
1025.5	0.13479	0.17018	-0.059199	-0.21509	-0.27129	-0.43143	-0.43999	-0.68425	-0.76426	-0.79498	-0.7523	-0.50693	-0.1123	0.48276	0.8032	0.85004	0.77582	0.38908	0.12848	-0.27257	-0.42965	-0.50002	-0.43589	-0.4032	-0.29462	-0.24255	-0.20138	-0.047386	0.11871	0.11287	1.6256
1027.6	0.15704	0.11424	-0.059077	-0.22945	-0.35164	-0.45458	-0.56657	-0.64513	-0.70534	-0.77027	-0.70036	-0.47284	-0.083045	0.46656	0.80962	0.8634	0.80461	0.45357	0.078875	-0.24084	-0.38496	-0.46289	-0.44254	-0.39519	-0.35644	-0.24923	-0.18656	-0.099353	0.065817	0.12737	1.6734
1028.7	0.23189	0.090322	-0.066525	-0.20703	-0.27045	-0.39809	-0.48816	-0.63694	-0.71178	-0.77716	-0.69125	-0.51362	-0.097456	0.46608	0.80072	0.83986	0.81137	0.46126	0.114	-0.23281	-0.40644	-0.46241	-0.44209	-0.4163	-0.30756	-0.22027	-0.15039	-0.079746	0.095805	0.11988	1.6575
1025.5	0.15736	0.074689	-0.10439	-0.23734	-0.35237	-0.41538	-0.51806	-0.67669	-0.75708	-0.77187	-0.74388	-0.53177	-0.19227	0.39896	0.78702	0.85761	0.80627	0.44633	0.15673	-0.26476	-0.39307	-0.47108	-0.45102	-0.4032	-0.2251	-0.25694	-0.20138	-0.06695	0.096102	0.14239	1.6415
1024.4	0.14246	0.074766	-0.0668	-0.18562	-0.30108	-0.41581	-0.47597	-0.6547	-0.75067	-0.78809	-0.73623	-0.53232	-0.15608	0.41463	0.80403	0.86608	0.79948	0.52048	0.13568	-0.24941	-0.39348	-0.54398	-0.42878	-0.38202	-0.30884	-0.2428	-0.17269	-0.067019	0.096201	0.11299	1.6893
1031.8	0.13396	0.15331	-0.043863	-0.23588	-0.29892	-0.42878	-0.52192	-0.60494	-0.731	-0.77477	-0.71421	-0.44621	-0.068253	0.45707	0.81433	0.85986	0.79374	0.45171	0.085571	-0.27864	-0.41973	-0.46098	-0.44824	-0.33639	-0.29971	-0.21959	-0.12841	-0.085982	0.073038	0.11218	1.6893
1036.1	0.14086	0.089676	-0.080958	-0.17619	-0.32688	-0.41908	-0.52681	-0.63986	-0.69957	-0.73347	-0.66964	-0.38703	-0.082366	0.50045	0.83502	0.89383	0.83571	0.46605	0.12018	-0.2466	-0.41077	-0.46626	-0.43144	-0.39196	-0.31912	-0.20444	-0.14932	-0.079175	0.095119	0.11902	1.6096
1029.7	0.13423	0.058532	-0.073957	-0.1625	-0.29219	-0.40567	-0.50179	-0.64381	-0.70389	-0.74567	-0.68215	-0.46362	-0.097356	0.49595	0.84018	0.89935	0.8257	0.43635	0.050576	-0.31809	-0.44245	-0.49796	-0.46422	-0.40871	-0.36955	-0.22004	-0.16461	-0.079664	0.12573	0.11976	1.6575
1025.5	0.13479	0.09856	-0.059199	-0.18542	-0.33763	-0.38326	-0.56064	-0.6238	-0.74271	-0.77957	-0.71022	-0.47382	-0.090488	0.45991	0.83556	0.85004	0.79866	0.45451	0.071974	-0.29598	-0.41502	-0.47831	-0.4737	-0.4032	-0.37803	-0.22815	-0.17973	-0.034343	0.065953	0.16453	1.6415
1032.9	0.13382	0.11365	-0.096161	-0.17673	-0.32057	-0.36457	-0.50025	-0.65683	-0.73738	-0.75867	-0.68841	-0.46219	-0.068183	0.46417	0.82956	0.84393	0.74757	0.48373	0.050421	-0.32486	-0.42656	-0.48206	-0.44027	-0.40745	-0.2925	-0.20507	-0.20709	-0.053519	0.072963	0.10474	1.6096
1037.1	0.13327	0.097452	-0.043639	-0.21267	-0.29739	-0.47422	-0.48417	-0.63173	-0.71306	-0.73272	-0.65232	-0.42756	-0.046339	0.49994	0.82617	0.87794	0.77463	0.4494	0.043231	-0.29266	-0.41759	-0.48009	-0.44595	-0.39867	-0.29818	-0.18288	-0.14203	-0.11778	0.11738	0.14079	1.6734
1027.6	0.10448	0.074535	-0.089141	-0.19984	-0.31487	-0.36645	-0.55949	-0.63005	-0.74118	-0.76259	-0.68356	-0.41501	-0.039513	0.48937	0.83384	0.8634	0.74382	0.37196	0.0083874	-0.32653	-0.42876	-0.52064	-0.46518	-0.40955	-0.34257	-0.24923	-0.12894	-0.10586	0.073339	0.14946	1.6734
