40751	13	5	88	24.6	750	4	22	23.08	0	256	8192	1	0	0	0	0	500	1001.5	1.4761e+006	0.11963	0	41.377	0	0	0	0	0	0	6	0	0
895.51	-0.60919	-0.62992	-0.56732	-0.63451	-0.61008	-0.60621	-0.54878	-0.58816	-0.55905	-0.88052	-2.1257	-3.421	-4.2975	-3.9576	-2.9123	-2.1951	-1.0576	0.18182	0.85279	0.92694	0.76324	0.55345	0.36085	0.17164	-0.0039797	0.011871	-0.17336	-0.2605	-0.42119	-0.54022	23.092
894.44	-0.57541	-0.59417	-0.61981	-0.58425	-0.58546	-0.58853	-0.39482	-0.62351	-0.50207	-0.8374	-2.109	-3.501	-4.2026	-3.9973	-2.9158	-2.1804	-1.0414	0.17266	0.85381	0.96384	0.76415	0.53752	0.23991	0.18834	0.043834	-0.012875	-0.10738	-0.21595	-0.40441	-0.49011	23.06
890.18	-0.57817	-0.55119	-0.63146	-0.60414	-0.57977	-0.5451	-0.53571	-0.58298	-0.51275	-0.94793	-2.1578	-3.4511	-4.1725	-3.9725	-2.8738	-2.2345	-1.0113	0.088694	0.87418	0.95947	0.79309	0.55676	0.36301	0.20581	0.036036	-0.054399	-0.10789	-0.19445	-0.38898	-0.43295	23.108
888.04	-0.5448	-0.54332	-0.60688	-0.56277	-0.55563	-0.55568	-0.58617	-0.54075	-0.57204	-1.0036	-2.1242	-3.5645	-4.1741	-4.0437	-2.8994	-2.2486	-1.0049	0.16446	0.88443	0.93473	0.79499	0.46621	0.36389	0.198	0.052177	0.070158	-0.10815	-0.20244	-0.36381	-0.48512	23.044
892.31	-0.5422	-0.58645	-0.56936	-0.61122	-0.59533	-0.45153	-0.64862	-0.53817	-0.59407	-0.80399	-2.1237	-3.4143	-4.1375	-4.0068	-2.9227	-2.264	-1.0001	0.16367	0.84774	1.0559	0.78279	0.55543	0.31869	0.15573	0.043939	-0.012906	-0.066168	-0.24644	-0.38805	-0.45736	23.076
892.31	-0.5422	-0.51329	-0.56936	-0.55155	-0.57838	-0.65452	-0.57521	-0.60764	-0.58582	-0.77742	-2.085	-3.3381	-4.0957	-3.9981	-2.8576	-2.2814	-0.99136	0.16367	0.85585	0.95717	0.7996	0.55543	0.27524	0.18879	0.051928	-0.021179	-0.099342	-0.23895	-0.44869	-0.44888	23.076
892.31	-0.51626	-0.50414	-0.56936	-0.59417	-0.6631	-0.64529	-0.59968	-0.50343	-0.41247	-0.88368	-1.998	-2.9576	-4.0623	-3.9368	-2.8205	-2.1508	-1.0089	0.17307	0.79903	0.96614	0.82482	0.53049	0.32738	0.18879	0.051928	-0.029452	-0.099342	-0.22396	-0.35341	-0.45736	23.156
888.04	-0.50136	-0.5617	-0.5547	-0.5799	-0.64075	-0.70402	-0.52061	-0.60183	-0.50569	-0.87013	-2.0659	-3.5072	-4.0818	-3.9469	-2.862	-2.1961	-1.0665	0.17391	0.86812	0.96177	0.80344	0.57481	0.32896	0.17308	0.028095	-0.012968	-0.11649	-0.22504	-0.26806	-0.44251	23.092
881.64	-0.55751	-0.54727	-0.58501	-0.60999	-0.66255	-0.6531	-0.65647	-0.50952	-0.5762	-0.93022	-1.9732	-3.3689	-4.0776	-4.011	-2.9205	-2.2737	-1.0122	0.15614	0.88264	0.9506	0.76673	0.56215	0.31376	0.16598	0.020213	-0.046553	-0.14252	-0.24943	-0.41905	-0.48006	23.044
881.64	-0.54876	-0.57503	-0.59377	-0.67037	-0.65397	-0.6531	-0.61519	-0.70288	-0.55113	-0.80475	-1.8557	-3.3304	-4.0607	-4.011	-2.8922	-2.2913	-1.0476	0.11809	0.84978	0.91428	0.77524	0.5285	0.31376	0.13251	0.060642	-0.071672	-0.12573	-0.24943	-0.41028	-0.43714	23.029
877.37	-0.54263	-0.58713	-0.63187	-0.63029	-0.65715	-0.6469	-0.65966	-0.57382	-0.52024	-0.66459	-1.9336	-3.5692	-4.0379	-3.9682	-2.8968	-2.214	-1.0349	0.10911	0.82915	0.95522	0.78756	0.53107	0.35063	0.16678	0.020312	-0.038365	-0.14321	-0.26588	-0.40347	-0.44789	23.108
873.1	-0.55413	-0.56197	-0.63496	-0.66822	-0.59111	-0.69721	-0.63788	-0.46126	-0.53122	-0.73118	-1.8541	-3.2074	-3.9894	-3.9428	-2.949	-2.207	-1.0132	0.11925	0.85809	0.95072	0.8086	0.51667	0.30794	0.18449	0.044905	-0.0301	-0.14391	-0.25187	-0.39659	-0.41541	23.108
865.63	-0.51434	-0.56682	-0.59583	-0.6652	-0.69227	-0.67469	-0.53409	-0.61741	-0.54431	-0.75575	-1.9499	-3.1468	-4.0583	-3.9588	-2.9074	-2.3068	-1.0039	0.15903	0.8655	0.94969	0.80691	0.56398	0.31956	0.17757	0.061764	-0.021832	-0.1537	-0.13043	-0.39109	-0.47145	23.124
864.56	-0.4882	-0.62415	-0.6859	-0.53407	-0.64941	-0.60887	-0.57684	-0.5644	-0.57054	-0.6653	-1.9822	-3.4944	-4.1237	-4.045	-2.8822	-2.1928	-1.0232	0.17863	0.88332	0.96012	0.79923	0.57326	0.33789	0.19485	0.020613	0.012296	-0.14533	-0.33171	-0.40945	-0.49829	23.044
865.63	-0.59456	-0.67994	-0.71182	-0.70913	-0.63114	-0.57007	-0.54249	-0.61741	-0.55282	-0.62797	-2.0097	-3.3528	-4.0583	-4.004	-3.0032	-2.226	-1.0219	0.12997	0.8655	0.98668	0.80691	0.55541	0.3106	0.18609	0.028823	-0.06447	-0.0083618	-0.27722	-0.40894	-0.49768	23.029
866.7	-0.58493	-0.66027	-0.71094	-0.64683	-0.61292	-0.53137	-0.57542	-0.58983	-0.49265	-0.47222	-2.0271	-3.7013	-4.1479	-4.0531	-2.9134	-2.2412	-1.0387	0.15884	0.831	0.96699	0.7713	0.52049	0.25653	0.14331	0.012337	-0.081426	-0.16205	-0.29231	-0.42628	-0.49707	23.06
864.56	-0.60422	-0.64303	-0.70377	-0.64843	-0.57072	-0.57078	-0.66102	-0.52855	-0.68129	-0.80238	-2.132	-3.4747	-4.2099	-4.0179	-2.8534	-2.2198	-0.95996	0.19803	0.8917	0.95086	0.92072	0.53894	0.33789	0.16926	0.0041233	-0.06455	-0.12821	-0.26209	-0.44521	-0.52455	23.044
858.15	-0.62672	-0.63832	-0.65502	-0.65327	-0.57498	-0.61342	-0.58115	-0.55056	-0.53189	-0.7163	-2.1579	-3.5601	-4.2674	-4.0115	-2.9037	-2.2002	-0.93073	0.17996	0.88992	0.97662	0.79646	0.5689	0.34945	0.17052	0.020767	-0.047827	-0.19816	-0.24067	-0.37648	-0.45793	23.076
858.15	-0.62672	-0.54323	-0.60102	-0.6001	-0.61021	-0.52707	-0.57267	-0.55056	-0.54906	-0.91885	-2.178	-3.5897	-4.3022	-4.0935	-2.9134	-2.2907	-1.049	0.20928	0.8646	0.99527	0.77023	0.56025	0.32234	0.15333	0.020767	-0.022022	-0.12917	-0.24067	-0.38549	-0.52847	23.076
863.49	-0.50668	-0.52097	-0.5973	-0.614	-0.64145	-0.59055	-0.52698	-0.47536	-0.56272	-0.83997	-2.1646	-3.479	-4.2669	-4.041	-2.9914	-2.2315	-1.0697	0.20799	0.86764	0.97058	0.80022	0.56538	0.32035	0.16947	0.020638	-0.05608	-0.12837	-0.23143	-0.39205	-0.46386	23.06
868.83	-0.51244	-0.48959	-0.58474	-0.63649	-0.62011	-0.57745	-0.50699	-0.58838	-0.55078	-1.0622	-2.2208	-3.4772	-4.3008	-4.1241	-3.0303	-2.3072	-1.099	0.08122	0.97068	0.94618	0.80394	0.54483	0.30053	0.13447	0.061536	-0.038743	-0.1361	-0.24541	-0.45192	-0.46972	23.076
873.1	-0.55413	-0.53393	-0.6438	-0.6595	-0.62574	-0.52747	-0.57119	-0.54113	-0.43842	-0.94837	-2.2396	-3.538	-4.3224	-4.1128	-3.044	-2.2871	-1.1294	0.11925	0.75024	0.96906	0.8086	0.55916	0.43228	0.15071	-0.012247	-0.047008	-0.15239	-0.27485	-0.37003	-0.50209	23.092
872.03	-0.62559	-0.62816	-0.60031	-0.63415	-0.59183	-0.55644	-0.53851	-0.52402	-0.41362	-1.0129	-2.2819	-3.5131	-4.3021	-4.1089	-2.9907	-2.2631	-1.0771	0.15786	0.801	0.98861	0.77518	0.55133	0.29943	0.18472	0.012261	-0.063996	-0.15257	-0.26751	-0.45026	-0.49402	23.14
873.1	-0.61599	-0.6087	-0.6615	-0.58982	-0.52185	-0.55576	-0.54619	-0.55888	-0.58183	-1.2017	-2.2	-3.5088	-4.3139	-3.9786	-2.968	-2.2782	-1.0579	0.11925	0.84979	0.97823	0.80001	0.55916	0.2813	0.12536	0.020411	-0.038553	-0.15239	-0.20591	-0.39659	-0.46742	23.076
881.64	-0.60127	-0.63982	-0.61129	-0.63586	-0.55966	-0.55972	-0.59043	-0.48316	-0.55113	-1.0378	-2.2081	-3.5519	-4.3228	-4.0819	-2.9487	-2.2913	-1.0742	0.022963	0.83335	0.93244	0.79226	0.5285	0.33135	0.14088	0.0040435	-0.080045	-0.14252	-0.27977	-0.44535	-0.43714	23.092
886.98	-0.64985	-0.61758	-0.5989	-0.55487	-0.57334	-0.62133	-0.54585	-0.5152	-0.45648	-1.1028	-2.1559	-3.6262	-4.2884	-4.1102	-2.9964	-2.3126	-1.0854	0.09847	0.812	0.90878	0.7452	0.53368	0.29438	0.15666	0.028129	-0.071241	-0.17503	-0.27809	-0.46882	-0.53689	23.092
891.24	-0.64674	-0.56884	-0.59604	-0.58635	-0.62148	-0.5814	-0.5269	-0.48665	-0.60305	-1.062	-2.2327	-3.4755	-4.2763	-4.1256	-3.0286	-2.3451	-1.0889	0.088588	0.81624	0.93137	0.80056	0.54777	0.33648	0.23039	0.043991	-0.037768	-0.13268	-0.27675	-0.42321	-0.47488	23.092
890.18	-0.69952	-0.50535	-0.63146	-0.57851	-0.61374	-0.5451	-0.52753	-0.51334	-0.5293	-1.1432	-2.313	-3.6609	-4.3568	-4.1832	-3.0509	-2.4003	-1.099	0.10754	0.84163	1.0584	0.80994	0.57343	0.32817	0.1561	0.044044	-0.012937	-0.10789	-0.23952	-0.3803	-0.55196	23.076
892.31	-0.55084	-0.53158	-0.6386	-0.53451	-0.57838	-0.57148	-0.50996	-0.54685	-0.57756	-1.1405	-2.2494	-3.6616	-4.3296	-4.2607	-3.0622	-2.4033	-1.1839	0.050887	0.82338	0.9482	0.78279	0.55543	0.32738	0.18052	0.0039951	0.045004	-0.19887	-0.26143	-0.46602	-0.53368	23.029
894.44	-0.55816	-0.54856	-0.64571	-0.65227	-0.61081	-0.5425	-0.49247	-0.55421	-0.52678	-1.2084	-2.3019	-3.9567	-4.3943	-4.2593	-3.1476	-2.4757	-1.2422	0.013258	0.82142	0.93699	0.78092	0.5707	0.30059	0.13886	0.019924	-0.0789	-0.1653	-0.23838	-0.38713	-0.49857	23.029
893.38	-0.55882	-0.60402	-0.66378	-0.63603	-0.59462	-0.5155	-0.49306	-0.50283	-0.56863	-1.1656	-2.266	-3.7428	-4.4163	-4.2469	-3.1607	-2.4526	-1.2436	0.088376	0.84672	0.91123	0.77345	0.57138	0.32699	0.14729	0.035907	-0.021154	-0.13236	-0.26112	-0.37894	-0.53304	23.092
888.04	-0.5448	-0.58008	-0.71125	-0.65697	-0.57265	-0.52787	-0.58617	-0.50585	-0.54716	-1.1192	-2.2408	-3.6697	-4.3504	-4.1932	-3.1143	-2.3623	-1.1808	0.13613	0.85996	0.96177	0.81189	0.54139	0.31149	0.16478	0.04415	-0.029593	-0.024817	-0.26269	-0.41603	-0.48512	23.06
882.71	-0.60928	-0.63905	-0.66305	-0.62648	-0.52473	-0.58702	-0.46604	-0.44746	-0.51709	-1.135	-2.2152	-3.6726	-4.3936	-4.2009	-3.1143	-2.3766	-1.1967	0.032437	0.85696	0.97665	0.8253	0.67073	0.31338	0.19084	0.068644	-0.046497	-0.058503	-0.24155	-0.38352	-0.49662	23.076
881.64	-0.61877	-0.59355	-0.67261	-0.59273	-0.57681	-0.54104	-0.5409	-0.53589	-0.50936	-1.0198	-2.2766	-3.6	-4.382	-4.1971	-3.0804	-2.3178	-1.0919	0.14663	0.9155	0.97783	0.8263	0.59581	0.32255	0.17434	0.0040435	-0.046553	-0.12573	-0.25701	-0.36645	-0.48864	23.06
883.78	-0.66093	-0.62905	-0.63603	-0.63433	-0.58397	-0.54905	-0.52312	-0.59597	-0.49146	-1.1515	-2.3004	-3.5817	-4.3546	-4.1516	-3.0448	-2.3473	-1.0451	0.13679	0.8887	1.0298	0.78186	0.57758	0.33932	0.15723	0.036297	-0.021383	-0.1003	-0.25639	-0.40055	-0.53884	23.076
882.71	-0.60054	-0.62981	-0.69805	-0.66094	-0.65318	-0.60568	-0.49902	-0.51769	-0.58384	-0.9828	-2.225	-3.5476	-4.3598	-4.1566	-3.0203	-2.2974	-1.0729	0.15595	0.87337	0.98572	0.7998	0.55307	0.34851	0.15742	-0.068643	-0.029772	-0.10881	-0.29458	-0.41855	-0.54806	23.044
881.64	-0.62752	-0.63057	-0.66385	-0.58411	-0.6111	-0.66244	-0.50788	-0.57105	-0.58455	-0.9571	-2.1787	-3.4941	-4.3059	-4.135	-2.9863	-2.2913	-1.0565	0.14663	0.84978	0.9052	0.80077	0.57057	0.32255	0.18271	0.04447	-0.03818	-0.14252	-0.28735	-0.43659	-0.54014	23.092
878.44	-0.61224	-0.59571	-0.63989	-0.67281	-0.57891	-0.54302	-0.54287	-0.50256	-0.5783	-0.90663	-2.1474	-3.5262	-4.2707	-4.1145	-3.0255	-2.3085	-1.0603	0.14716	0.87761	0.99962	0.82077	0.5642	0.34138	0.20017	0.068978	-0.029917	-0.12619	-0.21227	-0.44698	-0.50765	23.076
878.44	-0.64738	-0.62358	-0.62231	-0.62952	-0.60473	-0.52427	-0.5263	-0.51138	-0.49445	-0.78071	-2.0491	-3.7001	-4.2877	-4.1412	-3.0066	-2.3174	-1.0603	0.15671	0.86112	0.9814	0.81223	0.55576	0.38552	0.14979	0.044633	-0.01311	-0.13461	-0.25795	-0.42938	-0.57657	23.044
882.71	-0.62676	-0.67603	-0.6018	-0.60925	-0.56755	-0.56837	-0.45779	-0.51769	-0.45034	-0.73218	-2.1077	-3.5476	-4.2754	-4.13	-2.9733	-2.3238	-1.0641	0.18446	0.88978	0.97665	0.7743	0.47743	0.30459	0.14907	-0.0040374	-0.038134	-0.12558	-0.2264	-0.43606	-0.52234	23.076
882.71	-0.60928	-0.63905	-0.6193	-0.6351	-0.57611	-0.54971	-0.51551	-0.46502	-0.55047	-0.68742	-2.0783	-3.6534	-4.2838	-4.1566	-3.0203	-2.403	-1.126	0.070443	0.87337	0.97665	0.8083	0.56988	0.31338	0.19084	0.012113	-0.046497	-0.14234	-0.24912	-0.37476	-0.32517	23.06
880.57	-0.602	-0.65913	-0.62957	-0.64527	-0.56892	-0.55105	-0.54982	-0.58054	-0.50998	-0.59039	-2.1324	-3.5273	-4.3704	-4.2022	-3.0842	-2.3912	-1.1198	0.15633	0.89194	0.98811	0.81026	0.52071	0.34936	0.21643	0.036429	-0.054992	-0.092262	-0.26492	-0.39323	-0.42908	23.108
874.17	-0.45636	-0.55195	-0.62535	-0.5717	-0.54715	-0.54567	-0.55385	-0.48729	-0.43788	-0.71221	-2.0789	-3.6017	-4.3171	-4.1883	-3.0878	-2.3109	-1.1638	0.18626	0.89847	1.0045	0.83336	0.60939	0.35192	0.20958	0.044851	-0.013174	-0.1014	-0.20566	-0.38726	-0.45819	22.902
873.1	-0.58064	-0.58066	-0.59073	-0.5724	-0.59111	-0.65006	-0.56286	-0.57663	-0.4806	-0.87597	-2.1111	-3.5574	-4.3736	-4.1934	-3.0155	-2.3316	-1.0221	0.14806	0.89127	0.97823	0.83438	0.59314	0.33459	0.18449	0.028576	-0.038553	-0.11	-0.25953	-0.37003	-0.48475	22.902
877.37	-0.60419	-0.59643	-0.58785	-0.54361	-0.60546	-0.60936	-0.56012	-0.52967	-0.53703	-0.80867	-2.0811	-3.4434	-4.2589	-4.0305	-2.8401	-2.2228	-0.97264	0.28117	0.89519	0.97347	0.81321	0.54798	0.30644	0.14157	0.052812	-0.029953	-0.16851	-0.26588	-0.42109	-0.48239	23.06
876.3	-0.70179	-0.60647	-0.57094	-0.59634	-0.63208	-0.58192	-0.63555	-0.49494	-0.61333	-0.90883	-2.1526	-3.496	-4.3236	-4.1513	-3.0802	-2.3053	-1.0718	0.11881	0.84669	0.97465	0.79708	0.50632	0.31567	0.18382	0.020336	-0.072109	-0.12649	-0.2891	-0.41278	-0.49162	23.076
873.1	-0.58947	-0.61804	-0.60842	-0.63337	-0.59976	-0.62177	-0.54619	-0.5855	-0.50591	-0.82167	-2.2297	-3.4505	-4.331	-4.2113	-2.9395	-2.2871	-1.0489	0.16727	0.84979	0.97823	0.79141	0.56765	0.30794	0.1676	0.028576	-0.047008	-0.12696	-0.24421	-0.37003	-0.49342	23.108
866.7	-0.60273	-0.62261	-0.55054	-0.5854	-0.61292	-0.55987	-0.44106	-0.53619	-0.54364	-0.88245	-2.296	-3.5543	-4.4146	-4.1883	-3.0474	-2.4026	-1.1107	0.10077	0.8895	1.0039	0.81458	0.57185	0.31917	0.21139	0.045237	-0.021805	-0.13643	-0.23829	-0.36385	-0.49707	23.044
865.63	-0.56782	-0.52911	-0.60475	-0.59491	-0.58748	-0.54154	-0.57613	-0.45629	-0.54431	-0.98394	-2.3187	-3.4705	-4.4459	-4.2476	-3.0895	-2.4055	-1.1392	0.062144	0.88223	0.98668	0.81558	0.57255	0.35539	0.18609	0.028823	-0.055942	-0.1024	-0.22314	-0.38216	-0.34032	23.092
864.56	-0.57745	-0.60527	-0.6055	-0.58685	-0.55323	-0.57078	-0.53475	-0.65403	-0.56202	-0.95774	-2.3615	-3.4551	-4.4082	-4.2529	-3.1509	-2.4534	-1.1857	0.12042	0.84981	0.97864	0.79056	0.53894	0.35583	0.17779	0.053595	-0.047473	-0.13677	-0.2853	-0.36475	-0.47204	22.997
862.42	-0.57888	-0.58785	-0.63387	-0.64121	-0.65978	-0.51491	-0.56139	-0.59275	-0.54633	-0.97843	-2.2973	-3.5621	-4.3846	-4.2181	-3.1106	-2.3784	-1.1525	0.14017	0.86031	1.1203	0.81861	0.59188	0.32075	0.16112	0.037196	-0.021913	-0.12853	-0.25498	-0.37462	-0.49953	23.108
861.36	-0.55272	-0.59805	-0.65258	-0.68616	-0.68693	-0.48688	-0.66348	-0.53952	-0.62397	-1.0255	-2.3302	-3.7144	-4.4679	-4.1871	-3.0759	-2.3453	-1.0089	0.15982	0.88661	0.99157	0.7935	0.56678	0.33015	0.17845	0.020689	-0.06479	-0.18883	-0.27859	-0.402	-0.46501	23.076
860.29	-0.57135	-0.57034	-0.59055	-0.59861	-0.53841	-0.56404	-0.55432	-0.52217	-0.51344	-0.93494	-2.2629	-3.6302	-4.4301	-4.2014	-3.0122	-2.3031	-1.0464	0.17952	0.91297	1.0207	0.82064	0.60198	0.33056	0.20439	0.062147	-0.047708	-0.13745	-0.27117	-0.36656	-0.46558	23.092
861.36	-0.57064	-0.5791	-0.55395	-0.53606	-0.59039	-0.67804	-0.51984	-0.53052	-0.55556	-1.053	-2.3503	-3.6257	-4.4593	-4.1961	-3.0374	-2.3273	-1.0814	0.24745	0.88661	0.99157	0.82834	0.55817	0.34815	0.22126	0.078621	-0.01337	-0.051362	-0.2553	-0.35713	-0.47379	23.06
865.63	-0.55891	-0.58567	-0.60475	-0.58613	-0.63987	-0.60812	-0.54249	-0.45629	-0.54431	-1.1391	-2.239	-3.6666	-4.4114	-4.2206	-3.0799	-2.3786	-1.1482	0.052455	0.88223	0.96818	0.78092	0.57255	0.34643	0.21165	0.020587	-0.038886	-0.12805	-0.21541	-0.40894	-0.50642	23.013
870.97	-0.56434	-0.56334	-0.53897	-0.59127	-0.63595	-0.66111	-0.5141	-0.50687	-0.59172	-1.1412	-2.4333	-3.6052	-4.5984	-4.2934	-3.1753	-2.4621	-1.195	0.10991	0.84356	0.94386	0.78474	0.53497	0.34431	0.17648	0.020461	-0.097978	-0.11877	-0.29087	-0.39756	-0.49463	23.06
875.24	-0.50869	-0.56992	-0.54516	-0.61445	-0.61558	-0.59203	-0.52822	-0.56637	-0.58883	-1.1898	-2.2144	-3.6264	-4.4482	-4.2903	-3.1977	-2.4413	-1.1802	0.10937	0.83944	1.0124	0.76377	0.56627	0.33377	0.17562	0.036651	-0.013158	-0.10974	-0.22833	-0.37796	-0.45763	23.14
879.51	-0.4799	-0.44654	-0.56008	-0.58552	-0.53524	-0.5798	-0.61669	-0.51076	-0.4771	-1.175	-2.3606	-3.6763	-4.3927	-4.2606	-3.0124	-2.3941	-1.1478	0.12791	0.86008	0.97111	0.83683	0.58882	0.32333	0.23347	0.012157	0.012087	-0.067131	-0.20441	-0.3937	-0.41239	23.108
883.78	-0.52124	-0.45361	-0.47872	-0.53106	-0.54976	-0.45589	-0.58077	-0.47322	-0.4748	-1.2319	-2.2711	-3.5529	-4.363	-4.2135	-3.073	-2.3913	-1.0893	0.1273	0.88051	0.96642	0.8243	0.5524	0.33932	0.17392	0.060495	-0.029736	-0.091927	-0.12775	-0.38306	-0.42752	23.076
891.24	-0.5515	-0.49559	-0.52671	-0.61195	-0.57908	-0.6553	-0.54324	-0.50403	-0.51214	-1.2482	-2.2908	-3.5612	-4.3181	-4.1343	-3.0193	-2.319	-1.1064	0.079177	0.79999	0.93137	0.80056	0.5561	0.31037	0.28005	0.059989	-0.029487	-0.10776	-0.26175	-0.37117	-0.47488	23.06
894.44	-0.60992	-0.54856	-0.55073	-0.63527	-0.62771	-0.61614	-0.50061	-0.50223	-0.50207	-1.0671	-2.3019	-3.558	-4.311	-4.0846	-3.0734	-2.2846	-1.1287	0.097648	0.79712	0.96384	0.79769	0.5707	0.29192	0.1636	0.051804	-0.045887	-0.14048	-0.1337	-0.38713	-0.50703	23.108
895.51	-0.64366	-0.64814	-0.55007	-0.643	-0.61008	-0.50508	-0.56503	-0.52759	-0.51792	-1.1893	-2.3474	-3.5253	-4.2725	-4.0623	-2.9771	-2.2732	-0.97909	0.13499	0.85279	0.94481	0.77161	0.54516	0.35219	0.18811	0.027861	-0.054075	-0.21469	-0.23063	-0.42119	-0.50642	23.235
893.38	-0.68838	-0.52181	-0.60326	-0.619	-0.51	-0.42335	-0.56638	-0.53752	-0.6181	-1.1833	-2.2177	-3.5147	-4.1409	-4.0632	-3.0492	-2.2439	-1.0863	0.13532	0.8224	0.95603	0.78185	0.52986	0.29227	0.14729	0.019948	-0.062468	-0.090939	-0.26112	-0.39624	-0.44834	23.076
891.24	-0.5515	-0.52306	-0.53537	-0.58635	-0.45185	-0.46131	-0.51057	-0.50403	-0.5452	-1.0354	-2.1649	-3.5041	-4.2261	-3.9853	-2.9076	-2.2231	-1.0276	0.13564	0.87313	0.9673	0.80056	0.66431	0.34518	0.18901	0.027994	-0.062617	-0.066247	-0.26175	-0.37985	-0.4579	23.044
890.18	-0.57817	-0.56952	-0.50999	-0.53579	-0.49485	-0.51736	-0.60112	-0.53946	-0.55412	-1.0544	-2.2548	-3.556	-4.206	-3.9989	-2.9204	-2.217	-1.0288	0.15465	0.82536	0.95947	0.74252	0.57343	0.34559	0.18924	0.036036	-0.02123	-0.13284	-0.29962	-0.44108	-0.47545	23.076
883.78	-0.60855	-0.52748	-0.60107	-0.49664	-0.54976	-0.56768	-0.52312	-0.57843	-0.5248	-1.0084	-2.1832	-3.428	-4.1774	-4.019	-2.9134	-2.2682	-1.0628	0.11781	0.84773	0.93924	0.81581	0.5524	0.34809	0.16558	0.012098	-0.038088	-0.091927	-0.22612	-0.43553	-0.48746	23.013
880.57	-0.52314	-0.585	-0.5594	-0.48981	-0.61184	-0.5978	-0.52502	-0.51014	-0.5518	-0.92237	-2.1912	-3.479	-4.1249	-4.0336	-2.9805	-2.2765	-1.1021	0.10871	0.84258	0.96084	0.81878	0.56283	0.34936	0.16618	0.060715	0.0036887	-0.11748	-0.21176	-0.34056	-0.48064	23.124
877.37	-0.58661	-0.58713	-0.57025	-0.57828	-0.58823	-0.54368	-0.47717	-0.49434	-0.46147	-0.78166	-1.9336	-3.395	-4.1654	-3.9326	-2.9914	-2.214	-1.0349	0.24293	0.9117	1.01	0.82177	0.5818	0.32412	0.13316	0.060937	-0.013126	-0.07573	-0.20491	-0.33299	-0.38752	23.076
875.24	-0.5704	-0.56992	-0.64223	-0.60576	-0.5983	-0.545	-0.50328	-0.46899	-0.53834	-0.70232	-1.9778	-3.4033	-4.1245	-3.9511	-2.7617	-2.0951	-0.8858	0.29144	0.93875	1.0033	0.78091	0.53236	0.33377	0.16719	0.036651	-0.0047232	-0.10974	-0.25125	-0.3603	-0.46628	23.06
873.1	-0.58947	-0.52458	-0.63496	-0.62466	-0.60842	-0.58405	-0.52118	-0.53226	-0.4806	-0.69498	-2.032	-3.3435	-4.1089	-3.9339	-2.816	-2.1447	-0.91479	0.2057	0.87468	0.97823	0.77423	0.53366	0.29906	0.19294	0.028576	-0.021645	-0.13543	-0.23655	-0.42315	-0.49342	23.076
869.9	-0.60938	-0.5828	-0.6373	-0.60073	-0.59328	-0.60513	-0.55656	-0.48077	-0.4993	-0.73387	-1.9304	-3.3265	-4.0641	-3.9394	-2.874	-2.1794	-0.99894	0.18717	0.81961	0.95422	0.69084	0.56121	0.30908	0.15974	0.028681	-0.038695	-0.13593	-0.23742	-0.41582	-0.46914	23.092
869.9	-0.56503	-0.66722	-0.50411	-0.60073	-0.55853	-0.54835	-0.53983	-0.50749	-0.4739	-0.66121	-1.9502	-3.307	-4.0983	-3.9124	-2.8645	-2.1526	-1.0079	0.22574	0.86125	0.94502	0.75983	0.56974	0.3269	0.18517	0.11063	-0.013238	-0.11041	-0.2451	-0.43359	-0.50393	23.06
868.83	-0.58349	-0.5929	-0.61141	-0.57521	-0.52441	-0.54902	-0.50699	-0.44569	-0.55926	-0.7075	-1.9427	-3.3795	-4.172	-3.9083	-2.8585	-2.0837	-0.92827	0.3322	0.90399	0.97382	0.77804	0.53629	0.2916	0.17691	0.036921	-0.055736	-0.10203	-0.2762	-0.40744	-0.44359	23.06
868.83	-0.53021	-0.56473	-0.60252	-0.57521	-0.56791	-0.54902	-0.43997	-0.64189	-0.61013	-0.60746	-2.0321	-3.3599	-4.2149	-3.9263	-2.8585	-2.1284	-0.94625	0.21636	0.87064	0.97382	0.80394	0.54483	0.33623	0.14296	0.036921	-0.004758	-0.11054	-0.24541	-0.40744	-0.47843	23.108
873.1	-0.51877	-0.4872	-0.59957	-0.58111	-0.54782	-0.50862	-0.53785	-0.7275	-0.51434	-0.59544	-2.0419	-3.3435	-4.1943	-3.9518	-2.8825	-2.118	-0.95951	0.24412	0.90786	0.95072	0.78282	0.55916	0.33459	0.14226	0.036741	-0.089283	-0.059147	-0.24421	-0.38774	-0.37208	23.06
874.17	-0.52697	-0.4586	-0.55467	-0.6152	-0.56444	-0.62101	-0.64543	-0.48729	-0.56427	-0.78452	-1.9901	-3.5725	-4.1977	-3.9827	-2.86	-2.1332	-0.9762	0.37814	0.87361	0.97703	0.77328	0.51604	0.32531	0.14208	0.028541	-0.06384	-0.11834	-0.25921	-0.40495	-0.50147	23.06
873.1	-0.52761	-0.52458	-0.57303	-0.56369	-0.56513	-0.57462	-0.67956	-0.34589	-0.52278	-0.67689	-1.9727	-3.4213	-4.1772	-3.9697	-2.854	-2.1447	-0.96845	0.2057	0.89127	0.95989	0.81719	0.54216	0.31682	0.17605	0.0694	-0.01319	-0.11	-0.24421	-0.44971	-0.45875	23.092
873.1	-0.52761	-0.57131	-0.51111	-0.48529	-0.56513	-0.62177	-0.52118	-0.56775	-0.42155	-0.65879	-1.9727	-3.4213	-4.1175	-3.9428	-2.873	-2.1447	-0.96845	0.19609	0.88298	0.97823	0.81719	0.56765	0.30794	0.15071	-0.012247	-0.038553	-0.084576	-0.26719	-0.40544	-0.39808	23.092
874.17	-0.52697	-0.57995	-0.51049	-0.5021	-0.73738	-0.64927	-0.5705	-0.53161	-0.52214	-0.66702	-1.921	-3.32	-4.0613	-3.9112	-2.8505	-2.1332	-0.93154	0.24382	0.8819	0.99535	0.7647	0.56696	0.32531	0.18427	0.028541	-0.030063	-0.16067	-0.28216	-0.38726	-0.48416	23.044
877.37	-0.57781	-0.58713	-0.53503	-0.60429	-0.683	-0.67505	-0.45228	-0.52967	-0.48666	-0.61956	-1.8746	-3.395	-4.0634	-3.8969	-2.8212	-2.152	-0.95484	0.25249	0.87042	0.98259	0.78756	0.54798	0.3418	0.14997	0.036562	-0.013126	-0.092598	-0.23539	-0.40347	-0.46514	23.044
879.51	-0.55009	-0.52076	-0.54252	-0.57688	-0.66415	-0.70149	-0.61669	-0.47552	-0.48547	-0.52822	-1.7425	-3.3481	-4.0197	-3.8875	-2.8426	-2.1467	-0.95252	0.16606	0.86831	0.97111	0.78565	0.57195	0.32333	0.19992	0.068894	-0.046666	-0.092374	-0.22722	-0.37613	-0.40379	23.076
880.57	-0.58447	-0.5572	-0.66465	-0.64527	-0.64618	-0.66324	-0.4589	-0.47494	-0.48489	-0.63525	-1.7894	-3.3151	-3.9809	-3.865	-2.7544	-2.1265	-1.0046	0.21348	0.84258	0.96993	0.80174	0.54599	0.32294	0.20806	-0.044525	-0.038226	-0.10907	-0.24973	-0.27034	-0.44626	23.14
880.57	-0.61952	-0.6128	-0.63834	-0.73164	-0.67193	-0.63519	-0.50023	-0.55414	-0.53507	-0.62628	-1.8384	-3.4308	-4.0233	-3.9449	-2.9334	-2.2235	-1.0578	0.13728	0.94129	0.97902	0.6995	0.57968	0.32294	0.1578	0.028333	-0.021461	-0.10907	-0.27251	-0.41078	-0.48064	23.092
881.64	-0.60127	-0.6028	-0.69013	-0.70488	-0.60253	-0.54104	-0.53264	-0.57983	-0.54278	-0.58071	-1.8851	-3.4845	-4.0184	-3.9401	-2.9299	-2.2561	-1.0653	0.13712	0.85799	0.9506	0.80928	0.55374	0.4193	0.16598	0.04447	-0.03818	-0.1593	-0.20391	-0.37522	-0.48006	23.06
883.78	-0.59982	-0.63828	-0.74964	-0.69457	-0.60963	-0.62358	-0.5643	-0.5609	-0.57481	-0.64189	-1.8708	-3.2071	-4.0677	-3.9571	-2.9134	-2.2507	-1.0539	0.23168	0.83133	0.96642	0.78186	0.52722	0.33054	0.18227	0.052429	-0.038088	-0.11705	-0.31693	-0.40055	-0.53027	23.06
885.91	-0.57224	-0.70122	-0.75655	-0.67573	-0.5655	-0.5942	-0.57937	-0.45459	-0.48197	-0.6671	-1.8955	-2.9214	-4.0495	-3.9211	-2.8783	-2.2891	-1.0426	0.070189	0.85386	0.93698	0.76304	0.55107	0.321	0.1735	0.036209	-0.054661	-0.14183	-0.24068	-0.43448	-0.53754	22.981
888.04	-0.65776	-0.69953	-0.68516	-0.64841	-0.58116	-0.60204	-0.59437	-0.47095	-0.55545	-0.6477	-1.8909	-3.3542	-4.0566	-3.9205	-2.834	-2.2486	-0.97853	0.11724	0.85181	0.94374	0.76965	0.53304	0.32896	0.16478	0.020068	-0.071155	-0.19149	-0.2401	-0.46825	-0.53625	23.171
886.98	-0.66725	-0.71877	-0.69469	-0.60632	-0.60743	-0.59348	-0.56226	-0.60255	-0.5063	-0.68411	-1.9711	-3.1381	-4.0615	-3.9076	-2.8561	-2.19	-0.96211	0.18357	0.8855	1.0802	0.77903	0.58386	0.32935	0.17329	0.044203	-0.054596	-0.15835	-0.27809	-0.4601	-0.6222	23.108
885.91	-0.65063	-0.75648	-0.64322	-0.69289	-0.61669	-0.57561	-0.51365	-0.53331	-0.54016	-0.57792	-2.0806	-3.2856	-4.1	-3.877	-2.8408	-2.1225	-0.94564	0.21219	0.89474	0.96409	0.7461	0.52595	0.32975	0.16518	0.036209	-0.087992	-0.12512	-0.27087	-0.48683	-0.58879	23.06
888.04	-0.66644	-0.67197	-0.69385	-0.62272	-0.64926	-0.48152	-0.5288	-0.57565	-0.4891	-0.79895	-2.0173	-3.4115	-4.1154	-3.9293	-2.8433	-2.1873	-0.95216	0.18335	0.90075	0.93473	0.76965	0.53304	0.27656	0.13986	0.04415	-0.029593	-0.091486	-0.25516	-0.42474	-0.5192	23.076
889.11	-0.59622	-0.62527	-0.69302	-0.62197	-0.62297	-0.54576	-0.55273	-0.48781	-0.53822	-0.82465	-2.141	-3.3788	-4.1356	-3.9509	-2.756	-2.1585	-0.9598	0.21143	0.83449	0.95161	0.7856	0.54074	0.27623	0.11481	-0.052115	-0.037859	-0.14964	-0.28494	-0.43292	-0.51007	23.06
888.04	-0.64038	-0.62602	-0.65906	-0.63984	-0.61521	-0.68548	-0.61895	-0.49712	-0.40616	-0.81675	-1.9978	-3.3064	-4.1154	-3.9293	-2.8153	-2.1261	-0.96974	0.33446	0.82734	0.9798	0.78655	0.54139	0.34642	0.17308	0.060205	-0.071155	-0.10815	-0.29281	-0.38992	-0.52772	23.092
881.64	-0.62752	-0.66759	-0.66385	-0.55823	-0.61968	-0.66244	-0.53264	-0.55347	-0.51772	-0.89437	-2.1102	-3.4267	-4.1875	-4.0996	-2.864	-2.1944	-1.0034	0.17517	0.84978	0.92336	0.74971	0.5285	0.33135	0.16598	0.0040435	-0.046553	-0.18449	-0.27977	-0.42782	-0.52297	23.171
877.37	-0.57781	-0.62434	-0.64067	-0.62162	-0.63131	-0.59998	-0.51864	-0.54733	-0.52863	-0.8627	-2.209	-3.3563	-4.0889	-3.9593	-2.7928	-2.1343	-0.90144	0.27161	0.93647	1.0282	0.79611	0.56489	0.31528	0.20882	0.036562	-0.038365	-0.14321	-0.25826	-0.37704	-0.45652	23.076
876.3	-0.61374	-0.60647	-0.65908	-0.60502	-0.54582	-0.49736	-0.62725	-0.49494	-0.52928	-1.0351	-2.2806	-3.4863	-4.2556	-3.9819	-2.8246	-2.1635	-0.90254	0.26237	0.93761	0.96552	0.88269	0.54865	0.22717	0.16699	0.028471	-0.046836	-0.14338	-0.27384	-0.4216	-0.52616	23.044
875.24	-0.51751	-0.5606	-0.63341	-0.64052	-0.58967	-0.60144	-0.56149	-0.58408	-0.60566	-1.0724	-2.2243	-3.4615	-4.3034	-4.0403	-2.866	-2.2371	-0.90364	0.15729	0.8891	0.95755	0.73805	0.53236	0.32491	0.16719	0.10995	-0.072197	-0.10974	-0.24361	-0.40446	-0.49221	23.092
874.17	-0.5711	-0.57061	-0.60768	-0.5978	-0.5558	-0.5645	-0.5705	-0.57593	-0.6401	-0.96528	-2.3158	-3.6794	-4.3257	-4.0989	-2.9074	-2.2309	-0.9494	0.16707	0.93161	0.96788	0.77328	0.54999	0.33418	0.18427	0.036696	0.079716	-0.10987	-0.22861	-0.34305	-0.45819	23.092
869.9	-0.53843	-0.52651	-0.5929	-0.60073	-0.60197	-0.55781	-0.61513	-0.56094	-0.64324	-1.0245	-2.2577	-3.4925	-4.4069	-4.0382	-2.8836	-2.2151	-0.93611	0.20646	0.94451	1.0094	0.79433	0.56974	0.3269	0.19365	0.036876	-0.0047521	-0.11892	-0.2451	-0.33585	-0.46914	23.076
868.83	-0.52132	-0.63987	-0.60252	-0.64524	-0.61141	-0.60588	-0.56563	-0.56163	-0.64403	-1.044	-2.3003	-3.5065	-4.4209	-4.1151	-3.0113	-2.2804	-1.0271	0.14879	0.89565	0.99225	0.80394	0.53629	0.31838	0.109	0.028716	-0.047239	-0.11906	-0.2608	-0.36296	-0.46101	23.06
874.17	-0.55345	-0.57061	-0.60768	-0.6587	-0.57309	-0.64927	-0.59547	-0.61138	-0.79176	-1.0737	-2.3356	-3.5434	-4.4024	-4.2061	-3.0498	-2.3198	-1.0655	0.14788	0.97304	0.96788	0.79045	0.55847	0.28095	0.17583	0.012231	-0.080729	-0.11834	-0.27451	-0.36958	-0.48416	23.076
877.37	-0.56902	-0.57783	-0.64947	-0.6563	-0.63992	-0.59059	-0.57671	-0.59149	-0.79727	-0.88071	-2.3074	-3.5885	-4.4288	-4.1552	-2.9914	-2.3291	-1.026	0.16646	0.90345	0.95522	0.78756	0.54798	0.2269	0.16678	0.044687	-0.013126	-0.13477	-0.21253	-0.3418	-0.43927	23.076
878.44	-0.58589	-0.56784	-0.68385	-0.6555	-0.61333	-0.56176	-0.75829	-0.53784	-0.70407	-1.0146	-2.3439	-3.6035	-4.4319	-4.2035	-3.0633	-2.3881	-1.1403	0.061238	0.85288	0.95406	0.77807	0.5642	0.3149	0.14139	0.012172	-0.06353	-0.092486	-0.25795	-0.35019	-0.45596	23.06
876.3	-0.53449	-0.6251	-0.66789	-0.63974	-0.57169	-0.64768	-0.63555	-0.62758	-0.63014	-1.1072	-2.3496	-3.6607	-4.4768	-4.2226	-3.0992	-2.3496	-1.1253	0.13795	0.83842	0.94725	0.76284	0.56558	0.32451	0.15857	0.061011	-0.12265	-0.11805	-0.25858	-0.41278	-0.4139	23.092
875.24	-0.52633	-0.59789	-0.59811	-0.571	-0.58103	-0.70491	-0.57812	-0.55752	-0.63932	-1.1266	-2.4116	-3.6749	-4.4652	-4.201	-3.0461	-2.3436	-1.0999	0.17645	0.86427	0.97584	0.82377	0.54931	0.31605	0.15876	0.012216	-0.046893	-0.11819	-0.23597	-0.39562	-0.45763	23.092
879.51	-0.6115	-0.59499	-0.62155	-0.55958	-0.65556	-0.69213	-0.64979	-0.59886	-0.59435	-1.184	-2.1938	-3.5508	-4.3418	-4.1451	-3.0219	-2.3057	-1.0591	0.16606	0.86008	0.9529	0.70035	0.52978	0.32333	0.13284	0.036473	-0.038272	-0.1092	-0.25764	-0.42007	-0.48122	23.092
882.71	-0.5481	-0.59283	-0.5493	-0.50586	-0.67031	-0.60568	-0.6062	-0.5528	-0.59219	-1.2245	-2.2934	-3.5764	-4.3514	-4.1477	-2.9827	-2.315	-1.0552	0.19396	0.84875	0.96758	0.8083	0.55307	0.30459	0.124	0.012113	-0.063222	-0.15073	-0.27185	-0.27844	-0.53091	23.092
884.84	-0.59037	-0.62829	-0.5567	-0.62497	-0.61744	-0.73448	-0.62119	-0.53395	-0.57411	-1.2126	-2.1709	-3.5774	-4.2988	-4.1113	-2.9755	-2.2655	-1.0703	0.25984	0.87126	0.98334	0.79787	0.56012	0.33015	0.16538	0.052366	-0.046384	-0.12527	-0.23341	-0.37386	-0.46122	23.06
880.57	-0.64581	-0.585	-0.59449	-0.63664	-0.66335	-0.60715	-0.59941	-0.51894	-0.58526	-1.1557	-2.2206	-3.5562	-4.218	-4.1223	-2.9523	-2.25	-1.0489	0.15633	0.86726	0.96993	0.79322	0.57126	0.32294	0.19968	0.060715	-0.021461	-0.0082199	-0.24213	-0.39323	-0.49783	23.06
881.64	-0.59252	-0.61206	-0.62005	-0.62724	-0.74828	-0.6531	-0.57392	-0.59741	-0.63468	-1.1184	-2.169	-3.4652	-4.2467	-4.073	-2.9581	-2.2561	-1.0742	0.13712	0.78405	0.96875	0.81779	0.52008	0.33135	0.17434	0.036385	-0.03818	-0.12573	-0.2646	-0.42782	-0.50581	23.044
883.78	-0.59982	-0.59211	-0.56611	-0.72038	-0.72082	-0.63289	-0.59724	-0.6135	-0.65815	-1.0084	-2.0758	-3.4953	-4.2027	-4.0278	-2.9322	-2.2243	-0.95675	0.18423	0.85592	0.95736	0.75639	0.5608	0.30422	0.16558	0.0040337	-0.063146	-0.18404	-0.21856	-0.44428	-0.49602	23.06
886.98	-0.63245	-0.62678	-0.62503	-0.64061	-0.68413	-0.60276	-0.61149	-0.57635	-0.58104	-0.80882	-2.0294	-3.3678	-4.0867	-3.9516	-2.8842	-2.225	-1.0237	0.17411	0.87733	0.93585	0.76212	0.4584	0.32061	0.18161	0.012055	0.070243	-0.13331	-0.24039	-0.3991	-0.50276	23.076
889.11	-0.63961	-0.61609	-0.64959	-0.6904	-0.776	-0.6754	-0.5691	-0.57496	-0.55479	-0.54918	-1.9081	-3.3502	-4.0937	-3.9685	-2.8399	-2.1672	-0.95101	0.19256	0.84264	0.87959	0.7856	0.54909	0.31112	0.18117	0.044097	-0.021255	-0.13299	-0.2699	-0.40684	-0.44198	23.108
885.91	-0.61579	-0.65516	-0.66065	-0.67573	-0.69348	-0.5942	-0.57115	-0.5508	-0.56511	-0.61359	-2.0221	-3.4581	-4.1084	-3.9388	-2.8502	-2.1838	-0.94564	0.24059	0.89474	0.97312	0.81385	0.57619	0.32975	0.1735	0.036209	-0.037996	-0.14183	-0.21803	-0.38213	-0.41795	23.108
886.98	-0.58025	-0.53478	-0.64244	-0.68349	-0.62447	-0.59348	-0.57867	-0.46278	-0.39835	-0.73756	-2.0002	-3.2721	-4.1371	-3.8635	-2.7813	-2.1462	-0.90928	0.19303	0.90183	0.97195	0.77903	0.56714	0.28564	0.18161	0.044203	-0.029629	-0.07491	-0.21777	-0.36425	-0.46011	23.044
893.38	-0.55882	-0.57661	-0.65513	-0.69562	-0.64538	-0.58001	-0.49306	-0.59824	-0.49443	-0.81187	-1.9376	-3.1631	-4.0324	-3.8883	-2.8171	-2.2439	-0.95521	0.18225	0.84672	0.95603	0.79865	0.54647	0.30963	0.1638	0.019948	-0.037678	-0.11579	-0.14135	-0.37029	-0.4314	23.06
895.51	-0.53164	-0.51146	-0.67944	-0.68547	-0.65229	-0.60621	-0.52439	-0.51029	-0.53437	-0.77465	-2.0583	-3.5253	-4.0977	-3.9053	-2.8011	-2.1257	-0.94422	0.16309	0.86088	0.93587	0.76324	0.49546	0.34353	0.13046	0.01194	-0.078806	-0.1651	-0.29037	-0.40393	-0.46417	23.044
896.58	-0.56543	-0.54725	-0.58388	-0.63376	-0.59249	-0.56876	-0.57248	-0.5961	-0.52552	-0.76491	-2.0943	-3.398	-4.1011	-3.8832	-2.8163	-2.1579	-0.96922	0.19096	0.85178	0.95262	0.77069	0.53624	0.33448	0.19612	0.019877	-0.037544	-0.11538	-0.20798	-0.36897	-0.49738	23.108
894.44	-0.55816	-0.54856	-0.61117	-0.63527	-0.66997	-0.60694	-0.63894	-0.45892	-0.49384	-0.9169	-2.1186	-3.4441	-4.0609	-3.9012	-2.7674	-2.1109	-0.8144	0.22892	0.8862	0.96384	0.77253	0.53752	0.31793	0.19659	0.035864	-0.05414	-0.14048	-0.2309	-0.39577	-0.45627	23.314
894.44	-0.60129	-0.52119	-0.61117	-0.60976	-0.65306	-0.70819	-0.5657	-0.60619	-0.51031	-0.90807	-2.0511	-3.3682	-4.0526	-3.8575	-2.7952	-2.1022	-0.91915	0.21017	0.86191	0.98174	0.74737	0.52093	0.33527	0.14711	0.011954	-0.045887	-0.11565	-0.26081	-0.41305	-0.49011	23.092
895.51	-0.55749	-0.63903	-0.64494	-0.6515	-0.70293	-0.69815	-0.50814	-0.52759	-0.51792	-0.9864	-2.2125	-3.4684	-4.0977	-3.914	-2.8289	-2.1431	-0.98781	0.16309	0.84471	0.93587	0.76324	0.5286	0.27426	0.10575	-0.075623	-0.054075	-0.1651	-0.2381	-0.43846	-0.49797	23.06
892.31	-0.60273	-0.70533	-0.62129	-0.69645	-0.68851	-0.56225	-0.53443	-0.51212	-0.51153	-1.0431	-2.2107	-3.3381	-4.0623	-3.9017	-2.8112	-2.1246	-0.93885	0.23887	0.87209	0.93923	0.75756	0.44735	0.30131	0.14746	0.011983	-0.070815	-0.13252	-0.26893	-0.41404	-0.49976	23.092
886.98	-0.57155	-0.75557	-0.7121	-0.68349	-0.69265	-0.61205	-0.56226	-0.48025	-0.47308	-1.0404	-2.1462	-3.3774	-4.1035	-3.9164	-2.7906	-2.0849	-0.91809	0.2403	0.8855	0.9539	0.77058	0.52532	0.31187	0.18161	0.036166	-0.012983	-0.15835	-0.20269	-0.43396	-0.4857	23.06
880.57	-0.62828	-0.59426	-0.74359	-0.71437	-0.6376	-0.70064	-0.55808	-0.47494	-0.45979	-1.0749	-2.0638	-3.4694	-4.0995	-3.8739	-2.7544	-1.9942	-0.82722	0.28967	0.91661	0.96993	0.80174	0.52914	0.34936	0.13267	0.036429	-0.046609	-0.14269	-0.27251	-0.38445	-0.50642	23.108
873.1	-0.65134	-0.55262	-0.74111	-0.72048	-0.60842	-0.64063	-0.52118	-0.50563	-0.53122	-0.97551	-2.1506	-3.3046	-4.126	-3.8534	-2.74	-2.0023	-0.82536	0.31136	0.94105	1.0057	0.79141	0.52517	0.31682	0.17605	0.044905	-0.055463	-0.14391	-0.27485	-0.45856	-0.48475	23.092
868.83	-0.53909	-0.57412	-0.66475	-0.62773	-0.66361	-0.53954	-0.47348	-0.57055	-0.45753	-0.97121	-2.1215	-3.3697	-4.0948	-3.8543	-2.7534	-2.0122	-0.90131	0.27428	0.91233	0.94618	0.7694	0.51921	0.30946	0.11749	0.012306	-0.072729	-0.12758	-0.29929	-0.42523	-0.47843	23.092
861.36	-0.54377	-0.58858	-0.66155	-0.62435	-0.58162	-0.48688	-0.61278	-0.49454	-0.58977	-0.9613	-2.0998	-3.4482	-4.0698	-3.8606	-2.7581	-2.0838	-0.90007	0.24745	0.91184	1.0102	0.77608	0.52372	0.21311	0.13563	-0.0041375	-0.07336	-0.17165	-0.28636	-0.43789	-0.54407	23.013
859.22	-0.54512	-0.50456	-0.59128	-0.54624	-0.49509	-0.51683	-0.5296	-0.45067	-0.52265	-1.0464	-2.1251	-3.4469	-4.1753	-3.8974	-2.8325	-2.0528	-0.92049	0.29687	0.9141	0.96609	0.76928	0.51638	0.31292	0.16172	0.020741	-0.056359	-0.13762	-0.27929	-0.394	-0.49258	23.156
856.01	-0.56519	-0.57318	-0.55741	-0.50386	-0.43513	-0.538	-0.51458	-0.46141	-0.42996	-0.83808	-2.123	-3.3012	-4.1822	-3.8481	-2.7462	-2.0151	-0.86008	0.33717	0.95137	0.99776	0.80721	0.53565	0.35938	0.19679	0.037474	-0.030701	-0.12085	-0.24127	-0.45869	-0.48559	23.14
854.95	-0.59297	-0.52618	-0.5581	-0.54008	-0.57714	-0.63498	-0.45563	-0.5345	-0.49081	-0.94078	-2.1458	-3.4642	-4.1788	-3.9261	-2.7885	-2.0721	-0.93422	0.29836	0.93562	1.0084	0.80822	0.58838	0.29634	0.17116	0.0041697	-0.091179	-0.15562	-0.27286	-0.45926	-0.49505	23.092
856.01	-0.56519	-0.55412	-0.53034	-0.5394	-0.58525	-0.59571	-0.51458	-0.47047	-0.5074	-1.0042	-2.2137	-3.4003	-4.2432	-3.9212	-2.8722	-2.0786	-0.87832	0.26859	0.95983	0.96035	0.80721	0.53565	0.27785	0.1451	0.029146	-0.05657	-0.12949	-0.23346	-0.53092	-0.48559	23.06
859.22	-0.53614	-0.50456	-0.46544	-0.6259	-0.62705	-0.56474	-0.57195	-0.47773	-0.45408	-1.0189	-2.0548	-3.4667	-4.2968	-3.9975	-2.8518	-2.1341	-0.92957	0.23831	0.89724	0.99404	0.76055	0.53365	0.39414	0.12739	0.029038	-0.056359	-0.15485	-0.27929	-0.38501	-0.45736	23.06
863.49	-0.54242	-0.52097	-0.45419	-0.63162	-0.60644	-0.55242	-0.50169	-0.60997	-0.55419	-0.94062	-2.2245	-3.4594	-4.1374	-3.9777	-2.8185	-2.1146	-0.93401	0.25655	0.90119	1.0077	0.78285	0.53101	0.28443	0.18655	0.037149	-0.038982	-0.13694	-0.28565	-0.41891	-0.45509	23.044
865.63	-0.53217	-0.51968	-0.55122	-0.62127	-0.62241	-0.55105	-0.56772	-0.50105	-0.60387	-0.97481	-2.1592	-3.4705	-4.2908	-3.8776	-2.8211	-2.1094	-0.88661	0.22685	0.89897	0.98668	0.78092	0.53827	0.35539	0.16053	0.012352	-0.055942	-0.14515	-0.20769	-0.37323	-0.47145	23.092
868.83	-0.49468	-0.52716	-0.56696	-0.57521	-0.59401	-0.53954	-0.58238	-0.47244	-0.49144	-1.0167	-2.2506	-3.4674	-4.2664	-3.9712	-2.8107	-2.1463	-0.92827	0.21636	0.91233	0.98304	0.77804	0.58752	0.28268	0.16842	0.020511	-0.055736	-0.1361	-0.24541	-0.35406	-0.46972	23.076
872.03	-0.50171	-0.50651	-0.57374	-0.55566	-0.57449	-0.60365	-0.58024	-0.53291	-0.4474	-0.94047	-2.1731	-3.5034	-4.3106	-3.9745	-2.8765	-2.1562	-0.95173	0.25404	0.88406	0.94271	0.74937	0.54282	0.31721	0.14243	0.085833	-0.0386	-0.10165	-0.23684	-0.37049	-0.41592	23.076
870.97	-0.54662	-0.53524	-0.61878	-0.54761	-0.55784	-0.67056	-0.46396	-0.55135	-0.49869	-0.95069	-2.2748	-3.4492	-4.2988	-3.9794	-2.8419	-2.1678	-0.96186	0.23509	0.87682	0.91629	0.70722	0.42424	0.29979	0.15107	-0.028646	-0.081026	-0.16126	-0.23713	-0.39756	-0.45988	23.029
872.03	-0.52826	-0.51587	-0.54717	-0.54694	-0.60917	-0.547	-0.58859	-0.51514	-0.5741	-1.0492	-2.3116	-3.4255	-4.2935	-3.9745	-2.8099	-2.1206	-0.898	0.24442	0.86745	0.96107	0.80099	0.55133	0.31721	0.13397	-0.020436	-0.0386	-0.093165	-0.20616	-0.37049	-0.41592	23.108
872.03	-0.5902	-0.49715	-0.53831	-0.59054	-0.57449	-0.58477	-0.52182	-0.53291	-0.47274	-0.94047	-2.2522	-3.5131	-4.3363	-4.0104	-2.8575	-2.1206	-0.898	0.2348	0.90898	0.94271	0.80959	0.55133	0.30832	0.19318	0.06131	-0.030137	-0.10165	-0.25217	-0.34389	-0.4246	23.124
870.97	-0.55548	-0.58208	-0.56557	-0.6	-0.55784	-0.55713	-0.60602	-0.50687	-0.49023	-1.0777	-2.3045	-3.5272	-4.3587	-4.0153	-2.9086	-2.141	-0.93496	0.24472	0.91841	0.98063	0.79335	0.56904	0.29089	0.15954	0.028646	-0.047123	-0.17825	-0.2448	-0.51293	-0.49463	23.06
873.1	-0.59831	-0.50589	-0.59073	-0.61595	-0.59976	-0.56519	-0.57119	-0.44351	-0.59027	-1.0479	-2.3582	-3.5477	-4.348	-4.0413	-2.8635	-2.1803	-0.97739	0.2057	0.89957	0.95072	0.79141	0.64412	0.31682	0.15915	0.028576	-0.080828	-0.14391	-0.25187	-0.40544	-0.52809	23.029
875.24	-0.56159	-0.55127	-0.59811	-0.60576	-0.58103	-0.59203	-0.48664	-0.56637	-0.44577	-1.0724	-2.4017	-3.51	-4.4226	-4.0403	-2.8849	-2.1838	-0.94824	0.19561	0.89737	0.97584	0.78091	0.54931	0.33377	0.17562	0.020361	-0.063762	-0.2112	-0.23597	-0.37796	-0.45763	23.092
878.44	-0.55954	-0.57713	-0.56955	-0.61221	-0.5531	-0.53364	-0.45173	-0.43199	-0.47768	-1.1315	-2.4323	-3.5262	-4.381	-4.0523	-2.9405	-2.1847	-0.99812	0.22354	0.88586	0.95406	0.85493	0.5642	0.34138	0.18337	0.036517	-0.021513	-0.11776	-0.2275	-0.39418	-0.41289	22.917
878.44	-0.49806	-0.53068	-0.56955	-0.61221	-0.54449	-0.53364	-0.56772	-0.56431	-0.56153	-1.1854	-2.3439	-3.6035	-4.4404	-4.1323	-2.9972	-2.2643	-1.0781	0.20445	0.82814	0.93583	0.76099	0.52198	0.28842	0.15819	0.028402	-0.055126	-0.10934	-0.26556	-0.36779	-0.44735	23.092
883.78	-0.54743	-0.61058	-0.54864	-0.55688	-0.5412	-0.51179	-0.49018	-0.49953	-0.54147	-1.2498	-2.4078	-3.5529	-4.3883	-4.0013	-2.9603	-2.2243	-1.0098	0.17474	0.87231	0.98453	0.79883	0.5524	0.29545	0.16558	0.052429	-0.04644	-0.12542	-0.19585	-0.38306	-0.43609	23.092
890.18	-0.5435	-0.56035	-0.50131	-0.52724	-0.55429	-0.52661	-0.4703	-0.48723	-0.48793	-1.1254	-2.3517	-3.556	-4.4154	-4.1217	-2.967	-2.1996	-1.0113	0.18291	0.81722	0.91451	0.77623	0.53176	0.2759	0.26381	0.044044	-0.046106	-0.12452	-0.24703	-0.39767	-0.42445	22.997
895.51	-0.55749	-0.51146	-0.55007	-0.56657	-0.51723	-0.55105	-0.49188	-0.49298	-0.50147	-1.1981	-2.4245	-3.5348	-4.3808	-4.1059	-2.903	-2.1778	-0.97038	0.18182	0.86897	0.8733	0.7381	0.53688	0.30024	0.14693	0.027861	-0.021103	-0.14031	-0.2381	-0.40393	-0.43882	23.06
899.77	-0.5377	-0.54531	-0.55605	-0.54698	-0.48117	-0.48439	-0.48146	-0.47342	-0.52366	-1.2452	-2.365	-3.5463	-4.3766	-4.0864	-2.9446	-2.2797	-0.97445	0.22757	0.889	0.96702	0.80131	0.56731	0.35914	0.17083	0.05942	0.011814	-0.090293	-0.21467	-0.37624	-0.43674	23.156
899.77	-0.51197	-0.50903	-0.56463	-0.54698	-0.53158	-0.43864	-0.44911	-0.49926	-0.45817	-1.333	-2.4417	-3.5558	-4.4263	-4.0778	-2.9446	-2.1934	-0.9571	0.20892	0.889	0.97592	0.79297	0.54258	0.40223	0.17083	0.05942	-0.029207	-0.11497	-0.2221	-0.3247	-0.39469	23.076
899.77	-0.5377	-0.57251	-0.59897	-0.50472	-0.50638	-0.52099	-0.48955	-0.43897	-0.52366	-1.2891	-2.4513	-3.5652	-4.3766	-4.0517	-2.8708	-2.1502	-0.93974	0.26485	0.88095	0.97592	0.77629	0.54258	0.30743	0.17903	0.051497	-0.045615	-0.13142	-0.29643	-0.35047	-0.43674	23.06
898.71	-0.52117	-0.53687	-0.59108	-0.53917	-0.47333	-0.4758	-0.44964	-0.50847	-0.51608	-1.3345	-2.4254	-3.56	-4.3237	-4.0304	-2.8835	-2.1527	-0.9843	0.2185	0.87394	0.93254	0.76886	0.55148	0.3078	0.14641	0.027762	-0.029242	-0.10687	-0.22981	-0.31649	-0.43726	23.076
894.44	-0.52365	-0.47557	-0.57663	-0.50772	-0.5263	-0.52409	-0.50061	-0.58886	-0.50207	-1.3586	-2.5142	-3.5485	-4.3777	-4.0409	-2.8787	-2.1717	-0.91042	0.2383	0.86191	1.0802	0.77253	0.54581	0.31793	0.14711	0.051804	-0.029382	-0.099105	-0.2309	-0.37849	-0.42242	23.108
892.31	-0.5249	-0.495	-0.53473	-0.53451	-0.51908	-0.47921	-0.51812	-0.47738	-0.49502	-1.3972	-2.4815	-3.576	-4.4132	-4.0418	-2.8762	-2.1595	-0.9476	0.21067	0.88832	0.9482	0.76597	0.57206	0.32738	0.18879	0.067906	-0.037723	-0.066168	-0.20897	-0.31876	-0.44039	23.108
885.91	-0.51128	-0.517	-0.50372	-0.51261	-0.53137	-0.51056	-0.45614	-0.48958	-0.54016	-1.4698	-2.5676	-3.5731	-4.4451	-4.0975	-2.9064	-2.1838	-0.93682	0.22166	0.91109	0.98216	0.81385	0.58457	0.28598	0.18183	0.052303	0.020332	-0.14183	-0.22558	-0.44321	-0.40941	23.092
882.71	-0.50439	-0.49114	-0.50555	-0.50586	-0.54186	-0.46577	-0.532	-0.47379	-0.55881	-1.5467	-2.528	-3.5957	-4.4443	-4.1831	-2.9357	-2.271	-1.011	0.21296	0.85696	0.94945	0.8083	0.56988	0.32216	0.25769	0.012113	0.020406	-0.10881	-0.21882	-0.35725	-0.44519	23.108
883.78	-0.4514	-0.40745	-0.4962	-0.47083	-0.43857	-0.50247	-0.53959	-0.44692	-0.58314	-1.4554	-2.4469	-3.6394	-4.4811	-4.1869	-2.9885	-2.2507	-1.0363	0.22219	0.88051	0.99359	0.80732	0.53561	0.34809	0.18227	0.084692	-0.029736	-0.10868	-0.28666	-0.30434	-0.4104	22.997
880.57	-0.47932	-0.46453	-0.52432	-0.48981	-0.45733	-0.62585	-0.54982	-0.51014	-0.66054	-1.3979	-2.5734	-3.7683	-4.5567	-4.2465	-3.0559	-2.3559	-1.0932	0.089661	0.85903	0.96084	0.75914	0.56283	0.33175	0.19968	0.020238	-0.038226	-0.12588	-0.23454	-0.38445	-0.29158	23.044
875.24	-0.4558	-0.53262	-0.50104	-0.44066	-0.52057	-0.76135	-0.4118	-0.46899	-0.6814	-1.4516	-2.5891	-3.7913	-4.5504	-4.3349	-3.0935	-2.3969	-1.0999	0.13812	0.90565	1.0124	0.80663	0.56627	0.24517	0.19247	0.052941	0.0037112	-0.12665	-0.19776	-0.3338	-0.39711	23.092
872.03	-0.43978	-0.45972	-0.46745	-0.451	-0.66984	-0.69806	-0.49678	-0.49737	-0.76836	-1.5384	-2.5986	-3.8247	-4.6611	-4.3508	-3.1048	-2.4146	-1.086	0.15786	0.9422	1.007	0.8354	0.61939	0.3261	0.21855	0.069485	0.0037249	-0.093165	-0.19849	-0.30844	-0.37253	23.076
870.97	-0.44031	-0.33848	-0.42369	-0.5738	-0.75745	-0.6233	-0.61438	-0.56025	-0.68474	-1.5222	-2.5621	-3.7904	-4.6497	-4.3561	-3.1658	-2.257	-1.1232	0.18694	0.88514	0.95305	0.80197	0.56053	0.37992	0.20188	0.0532	-0.021698	-0.093279	-0.21409	-0.31769	-0.26873	23.06
873.1	-0.43924	-0.4685	-0.46688	-0.6595	-0.71231	-0.56519	-0.62955	-0.52338	-0.63245	-1.609	-2.5064	-3.8978	-4.6213	-4.3276	-3.1486	-2.4027	-1.0758	0.13846	0.84979	0.96906	0.80001	0.59314	0.31682	0.18449	0.061235	-0.047008	-0.084576	-0.19059	-0.34347	-0.39808	23.076
873.1	-0.46575	-0.54327	-0.59073	-0.69435	-0.67768	-0.58405	-0.5962	-0.57663	-0.72524	-1.5366	-2.546	-3.7616	-4.5786	-4.3365	-3.1105	-2.3582	-1.0847	0.12885	0.92446	0.96906	0.8086	0.55066	0.31682	0.18449	0.0694	-0.0047347	-0.12696	-0.20591	-0.33462	-0.35474	23.092
868.83	-0.50356	-0.63047	-0.7092	-0.79405	-0.69842	-0.67221	-0.52374	-0.60622	-0.7712	-1.5168	-2.5088	-3.7704	-4.6097	-4.2859	-3.164	-2.3698	-1.135	0.13914	0.84563	0.98304	0.80394	0.54483	0.31838	0.17691	0.061536	-0.038743	-0.12758	-0.23001	-0.37185	-0.40875	23.092
864.56	-0.5596	-0.59583	-0.7395	-0.78918	-0.63192	-0.60887	-0.64418	-0.66299	-0.64722	-1.4786	-2.5013	-3.7399	-4.5807	-4.3613	-3.1701	-2.4085	-1.1496	0.13983	0.83305	0.97864	0.79923	0.5561	0.31098	0.16926	0.053595	-0.01332	-0.093971	-0.21568	-0.33793	-0.45453	23.108
863.49	-0.5871	-0.64382	-0.78514	-0.69327	-0.5189	-0.61916	-0.51855	-0.65484	-0.70773	-1.4073	-2.5343	-3.7937	-4.5346	-4.3848	-3.1452	-2.4115	-1.1601	0.11086	0.8257	0.96131	0.80891	0.57397	0.36525	0.16947	0.037149	-0.030435	-0.11123	-0.25467	-0.37415	-0.45509	23.092
866.7	-0.62944	-0.66027	-0.76441	-0.60295	-0.57803	-0.67386	-0.55862	-0.62559	-0.72211	-1.2744	-2.4851	-3.7699	-4.5264	-4.4137	-3.2197	-2.5281	-1.2008	0.08142	0.88115	0.94852	0.84054	0.53761	0.33706	0.18586	0.012337	-0.047356	-0.1279	-0.26916	-0.4352	-0.52326	22.902
867.76	-0.68202	-0.63125	-0.67447	-0.57592	-0.62959	-0.5497	-0.66697	-0.62482	-0.6618	-1.2273	-2.4224	-3.6087	-4.6325	-4.4262	-3.1966	-2.4891	-1.1814	0.10065	0.85502	0.93813	0.75306	0.5284	0.32771	0.15163	0.0041081	-0.055804	-0.13627	-0.26112	-0.44357	-0.5575	23.044
866.7	-0.62944	-0.58495	-0.55054	-0.63805	-0.6042	-0.59787	-0.58381	-0.69712	-0.60313	-1.2106	-2.4154	-3.7699	-4.5006	-4.3596	-3.0761	-2.4384	-1.0837	0.11045	0.8895	0.97622	0.83189	0.60609	0.33706	0.21139	0.028787	-0.021805	-0.1279	-0.26916	-0.42628	-0.4796	23.108
864.56	-0.631	-0.55808	-0.62337	-0.60444	-0.57946	-0.58982	-0.62735	-0.67195	-0.54498	-1.1314	-2.4114	-3.7006	-4.5031	-4.3252	-3.0933	-2.3905	-1.0593	0.17863	0.90846	1.0249	0.79056	0.599	0.33789	0.17779	0.037104	-0.01332	-0.10253	-0.21568	-0.37369	-0.45453	23.092
868.83	-0.45916	-0.44263	-0.63808	-0.6715	-0.62881	-0.60588	-0.66615	-0.60622	-0.56774	-1.0076	-2.34	-3.6824	-4.4638	-4.25	-3.0208	-2.3251	-0.9822	0.20671	0.90399	0.97382	0.83848	0.57044	0.35408	0.17691	0.094354	-0.030248	0.00018709	-0.2685	-0.41633	-0.44359	23.076
875.24	-0.47343	-0.65383	-0.69518	-0.67528	-0.66739	-0.6861	-0.60306	-0.57522	-0.59724	-1.1537	-2.313	-3.5973	-4.4652	-4.1832	-3.0366	-2.2992	-1.0731	0.1477	0.86427	0.97584	0.78948	0.55779	0.28947	0.18404	0.028506	-0.030026	-0.1351	-0.27417	-0.48394	-0.44034	23.076
879.51	-0.57641	-0.59499	-0.65668	-0.63741	-0.66415	-0.68277	-0.52566	-0.60767	-0.59435	-1.1571	-2.2821	-3.6088	-4.4605	-4.1895	-3.0124	-2.3057	-1.0324	0.15652	0.88478	0.98931	0.78565	0.55508	0.4115	0.18315	0.044578	-0.038272	-0.13445	-0.1968	-0.40249	-0.46401	23.06
883.78	-0.64347	-0.64751	-0.74964	-0.67736	-0.6695	-0.61426	-0.59724	-0.51706	-0.54147	-1.1247	-2.3688	-3.5721	-4.4389	-4.2135	-3.0542	-2.3386	-1.0804	0.18423	0.88051	0.9483	0.77337	0.46846	0.32177	0.18227	0.028231	-0.063146	-0.1003	-0.26396	-0.44428	-0.5474	23.108
884.84	-0.73862	-0.70206	-0.77492	-0.66795	-0.60889	-0.52978	-0.58007	-0.51644	-0.53249	-1.1412	-2.3171	-3.6734	-4.4083	-4.1819	-3.0411	-2.3445	-1.0791	0.07975	0.86307	0.96525	0.81483	0.65235	0.33891	0.17371	0.052366	-0.038042	-0.12527	-0.24097	-0.43501	-0.56384	23.092
889.11	-0.76111	-0.69869	-0.61484	-0.60486	-0.52095	-0.52724	-0.60184	-0.54882	-0.50508	-1.1446	-2.2575	-3.5984	-4.3955	-4.1442	-2.9892	-2.2808	-1.0301	0.15483	0.86708	0.96962	0.76873	0.52406	0.35473	0.19776	0.036079	-0.046162	-0.23288	-0.23229	-0.43292	-0.5356	23.108
894.44	-0.75657	-0.66716	-0.73206	-0.56724	-0.5432	-0.52409	-0.57384	-0.51956	-0.52678	-1.1642	-2.2633	-3.52	-4.3193	-4.1195	-2.8694	-2.3107	-1.0239	0.13516	0.84571	0.94594	0.79769	0.55411	0.31793	0.15536	0.027894	-0.029382	-0.1322	-0.25333	-0.36985	-0.49857	23.076
896.58	-0.67731	-0.70198	-0.68725	-0.57438	-0.5672	-0.61468	-0.60495	-0.55289	-0.51731	-1.091	-2.2868	-3.5874	-4.3589	-4.1533	-2.9643	-2.3485	-1.0389	0.078706	0.8437	0.93476	0.76233	0.52797	0.32583	0.17966	0.019877	-0.029312	-0.11538	-0.26019	-0.48966	-0.58178	22.997
898.71	-0.69288	-0.69123	-0.65124	-0.58148	-0.63314	-0.64986	-0.53872	-0.38776	-0.57345	-1.018	-2.1662	-3.645	-4.3071	-4.1521	-2.985	-2.2046	-1.0712	0.13451	0.86588	0.93254	0.77721	0.55148	0.32505	0.16283	0.051558	-0.070311	-0.098635	-0.25957	-0.4369	-0.5804	23.14
897.64	-0.64213	-0.62842	-0.65202	-0.64148	-0.58337	-0.63229	-0.39342	-0.59539	-0.47567	-0.96645	-2.188	-3.7629	-4.3371	-4.1484	-2.9516	-2.2765	-1.0377	0.22811	0.87498	0.97824	0.80321	0.58519	0.32544	0.19588	0.059561	-0.012829	-0.13173	-0.23753	-0.43742	-0.51365	23.108
897.64	-0.75387	-0.72842	-0.70364	-0.69231	-0.62547	-0.48554	-0.51504	-0.65582	-0.57413	-0.96645	-2.2072	-3.5453	-4.3039	-4.1658	-2.9978	-2.3024	-1.0551	0.11599	0.96374	0.93365	0.78649	0.5604	0.3168	0.17123	0.051619	-0.029277	-0.14822	-0.27478	-0.54074	-0.57266	23.06
898.71	-0.74439	-0.78203	-0.77156	-0.65764	-0.5238	-0.46664	-0.6521	-0.49985	-0.57345	-0.9653	-2.3102	-3.5883	-4.3486	-4.1348	-3.0404	-2.3516	-1.0886	0.07852	0.82558	0.92364	0.88573	0.54322	0.31642	0.16283	-0.011898	-0.037455	-0.13981	-0.25957	-0.4541	-0.54672	23.013
894.44	-0.64442	-0.68541	-0.68889	-0.60976	-0.5263	-0.57932	-0.5657	-0.62351	-0.53501	-0.92574	-2.3019	-3.7004	-4.3777	-4.1894	-3.0363	-2.3715	-1.1374	-0.014871	0.82142	0.94594	0.75576	0.53752	0.30926	0.15536	0.011954	-0.05414	-0.12393	-0.24586	-0.43034	-0.42242	23.076
891.24	-0.67271	-0.6604	-0.76069	-0.60341	-0.613	-0.56293	-0.59223	-0.53012	-0.55346	-0.97339	-2.3005	-3.6184	-4.3934	-4.222	-3.0845	-2.4759	-1.0977	0.069769	0.8325	0.92239	0.80056	0.53945	0.31907	0.15591	0.059989	-0.021204	-0.12437	-0.23173	-0.43188	-0.51734	23.06
888.04	-0.65776	-0.6444	-0.65906	-0.59702	-0.65777	-0.56495	-0.65174	-0.4884	-0.57204	-1.1015	-2.2894	-3.7175	-4.4512	-4.3164	-3.161	-2.4585	-1.1544	0.07002	0.91706	0.96177	0.79499	0.54975	0.33769	0.1897	0.052177	-0.021281	-0.11649	-0.25516	-0.41603	-0.51068	23.108
884.84	-0.50317	-0.63751	-0.64399	-0.59059	-0.61744	-0.62283	-0.53071	-0.59525	-0.55746	-1.0787	-2.4342	-3.184	-4.4757	-4.3143	-3.2005	-2.4499	-1.1939	0.07975	0.83033	0.99239	0.81483	0.57689	0.3652	0.17371	0.068479	-0.0046719	-0.11691	-0.22585	-0.38259	-0.48687	23.029
882.71	-0.63551	-0.70376	-0.6018	-0.65233	-0.61037	-0.64299	-0.6062	-0.58791	-0.54212	-1.126	-2.3032	-3.5476	-4.5119	-4.2628	-3.2083	-2.4206	-1.2056	0.060942	0.83234	0.96758	0.8168	0.55307	0.33973	0.18249	0.060569	-0.029772	-0.083656	-0.24155	-0.40103	-0.49662	22.981
880.57	-0.66333	-0.6406	-0.60326	-0.66255	-0.6376	-0.65389	-0.58288	-0.56294	-0.56853	-1.0929	-2.3578	-3.5658	-4.4635	-4.3352	-3.1972	-2.4618	-1.1908	0.051565	0.82613	0.88812	0.8273	0.56283	0.30533	0.17455	0.05262	-0.063376	-0.15109	-0.24973	-0.41956	-0.49783	23.044
880.57	-0.65457	-0.6406	-0.58572	-0.69709	-0.67193	-0.62585	-0.56635	-0.59814	-0.5769	-1.1018	-2.4068	-3.7104	-4.5736	-4.3707	-3.2066	-2.55	-1.173	0.061089	0.84258	1.0972	0.80174	0.59654	0.32294	0.14105	0.044524	-0.013078	-0.10907	-0.24213	-0.42834	-0.54079	23.108
878.44	-0.62103	-0.62358	-0.60472	-0.62087	-0.68217	-0.58988	-0.60087	-0.51138	-0.56991	-1.1765	-2.393	-3.8354	-4.6102	-4.328	-3.205	-2.4324	-1.1937	0.080331	0.85288	0.99962	0.83785	0.58109	0.32372	0.14979	0.060863	-0.021513	-0.10091	-0.23511	-0.39418	-0.51626	23.06
877.37	-0.61299	-0.61503	-0.63187	-0.64763	-0.60546	-0.57183	-0.56841	-0.61798	-0.56221	-1.1419	-2.4254	-3.8595	-4.6073	-4.36	-3.2183	-2.515	-1.204	0.099548	0.86217	0.97347	0.82177	0.55643	0.36831	0.192	0.052812	-0.046779	-0.10103	-0.25826	-0.42109	-0.50827	23.076
876.3	-0.61374	-0.57854	-0.61501	-0.63974	-0.64933	-0.6101	-0.61063	-0.59221	-0.64695	-1.1703	-2.517	-3.8157	-4.6129	-4.4366	-3.2412	-2.5447	-1.2768	0.032674	0.83842	0.95638	0.83133	0.55711	0.33336	0.15857	0.0040681	-0.046836	-0.11805	-0.26621	-0.43925	-0.49162	22.997
874.17	-0.59758	-0.58928	-0.61651	-0.5891	-0.64227	-0.63043	-0.54552	-0.59365	-0.61483	-1.2816	-2.454	-3.7376	-4.7265	-4.3849	-3.2491	-2.4976	-1.1548	0.099912	0.86533	0.97703	0.80761	0.55847	0.36966	0.20114	0.028541	-0.046951	-0.21146	-0.24391	-0.40495	-0.50147	23.029
873.1	-0.58947	-0.64608	-0.59957	-0.59853	-0.63439	-0.59348	-0.60454	-0.63875	-0.52278	-1.3375	-2.4768	-3.6352	-4.6384	-4.3992	-3.2341	-2.5006	-1.201	0.12885	0.87468	0.97823	0.79141	0.49967	0.33459	0.17605	0.036741	-0.038553	-0.12696	-0.25187	-0.40544	-0.47609	23.092
869.9	-0.5473	-0.54527	-0.57514	-0.61822	-0.61935	-0.57674	-0.5984	-0.52531	-0.45697	-1.2425	-2.4066	-3.795	-4.6812	-4.4333	-3.2078	-2.5098	-1.1785	0.061839	0.8779	0.99103	0.82882	0.56121	0.37148	0.16822	0.069655	0.020706	-0.12742	-0.22973	-0.40694	-0.44304	23.076
866.7	-0.487	-0.56612	-0.59509	-0.5854	-0.63036	-0.60737	-0.53343	-0.58983	-0.57763	-1.2197	-2.4752	-3.7699	-4.664	-4.4497	-3.2293	-2.4922	-1.1918	0.15884	0.87279	1.0039	0.83189	0.57185	0.33706	0.2199	0.037012	-0.021805	0.0087266	-0.24601	-0.36385	-0.5058	23.06
866.7	-0.53151	-0.5567	-0.58618	-0.62051	-0.57803	-0.58837	-0.56702	-0.45573	-0.56914	-1.2836	-2.3557	-3.907	-4.5694	-4.3866	-3.2101	-2.4384	-1.2008	0.12013	0.86443	0.97622	0.80592	0.56329	0.31917	0.18586	0.028787	-0.055873	-0.051045	-0.22286	-0.38169	-0.47087	23.013
865.63	-0.58565	-0.57624	-0.60475	-0.65641	-0.63987	-0.57958	-0.62657	-0.51	-0.54431	-1.1847	-2.5979	-3.7843	-4.6009	-4.4281	-3.2716	-2.5402	-1.1753	0.1009	0.84876	0.97743	0.79825	0.56398	0.29268	0.16053	0.037058	-0.03036	-0.12805	-0.22314	-0.4268	-0.51516	23.044
864.56	-0.63992	-0.67134	-0.65016	-0.61324	-0.60569	-0.61839	-0.58526	-0.6361	-0.5535	-1.2502	-2.4114	-4.064	-4.5893	-4.4426	-3.218	-2.5074	-1.2128	0.091322	0.86657	0.96938	0.79056	0.53036	0.28408	0.18632	0.045349	-0.056011	-0.13677	-0.26982	-0.41839	-0.48079	23.092
864.56	-0.61315	-0.60527	-0.6323	-0.58685	-0.57946	-0.62792	-0.64418	-0.51959	-0.61314	-1.2685	-2.4613	-3.9265	-4.6238	-4.4336	-3.2276	-2.5074	-1.1948	0.081621	0.8917	0.99715	0.81659	0.57326	0.25717	0.20338	0.06184	-0.030397	-0.10253	-0.22341	-0.35581	-0.49829	23.076
867.76	-0.62867	-0.56542	-0.60326	-0.59345	-0.58603	-0.63508	-0.56632	-0.56232	-0.5939	-1.1909	-2.4025	-4	-4.5982	-4.4082	-3.2253	-2.4981	-1.1724	0.08132	0.83833	0.9658	0.83086	0.57114	0.32771	0.26213	0.020537	-0.055804	-0.13627	-0.25342	-0.45248	-0.38309	23.092
873.1	-0.61599	-0.62739	-0.59957	-0.59853	-0.63439	-0.59348	-0.56286	-0.5855	-0.5987	-1.1113	-2.3977	-3.8394	-4.5786	-4.3544	-3.2341	-2.5095	-1.2636	0.052006	0.80831	0.97823	0.81719	0.55066	0.29906	0.13381	0.028576	-0.072373	-0.14391	-0.18293	-0.40544	-0.49342	23.06
876.3	-0.53449	-0.5506	-0.58857	-0.58766	-0.61483	-0.59131	-0.5608	-0.53915	-0.57971	-1.2154	-2.3594	-3.8448	-4.5278	-4.4009	-3.2222	-2.5003	-1.2144	0.080527	0.83016	0.95638	0.82277	0.54865	0.31567	0.23432	0.052876	-0.02999	-0.11805	-0.24331	-0.39514	-0.46571	23.044
880.57	-0.5319	-0.53866	-0.56817	-0.60209	-0.59468	-0.56975	-0.59114	-0.51894	-0.52671	-1.057	-2.4754	-3.7394	-4.4889	-4.3707	-3.2255	-2.4706	-1.2174	0.10871	0.80968	0.9972	0.81878	0.58811	0.34936	0.22481	0.05262	-0.029844	-0.13428	-0.27251	-0.36689	-0.45486	23.092
878.44	-0.48049	-0.48424	-0.58714	-0.62087	-0.61333	-0.57113	-0.5843	-0.59077	-0.52799	-1.1944	-2.3537	-3.7581	-4.4319	-4.3547	-3.2994	-2.4677	-1.1581	0.061238	0.91059	0.9814	0.80369	0.58109	0.3149	0.16658	0.020287	-0.01311	-0.092486	-0.21988	-0.36779	-0.40428	23.124
877.37	-0.51625	-0.50343	-0.59666	-0.57828	-0.571	-0.58121	-0.51864	-0.56499	-0.50345	-1.1509	-2.3467	-3.5401	-4.5478	-4.3333	-3.1805	-2.4707	-1.204	0.080429	0.8374	0.9461	0.83032	0.49724	0.37715	0.1836	0.052812	-0.029953	-0.10103	-0.23539	-0.38585	-0.45652	23.108
880.57	-0.48809	-0.46453	-0.56817	-0.58481	-0.61184	-0.60715	-0.54982	-0.54534	-0.5518	-1.1018	-2.3186	-3.5755	-4.4466	-4.2909	-3.1595	-2.4265	-1.1642	0.099186	0.8179	0.96084	0.79322	0.59654	0.32294	0.1578	0.012142	-0.10529	-0.10907	-0.23454	-0.37567	-0.43767	23.06
881.64	-0.505	-0.5195	-0.58501	-0.60999	-0.60253	-0.58773	-0.61519	-0.61499	-0.62632	-1.1811	-2.306	-3.6482	-4.4581	-4.2325	-3.1181	-2.4059	-1.1539	0.10858	0.81691	0.91428	0.74971	0.45276	0.32255	0.15761	0.020213	-0.013062	-0.058574	-0.21908	-0.40152	-0.42856	23.076
880.57	-0.52314	-0.40893	-0.53309	-0.57618	-0.53459	-0.5417	-0.60767	-0.55414	-0.5518	-1.0839	-2.2794	-3.614	-4.4212	-4.2199	-3.0747	-2.2147	-1.111	0.13728	0.85903	0.94266	0.80174	0.56283	0.33175	0.19131	0.028333	-0.021461	-0.10067	-0.18138	-0.34934	-0.34314	23.044
877.37	-0.49866	-0.43832	-0.54384	-0.54361	-0.56238	-0.57183	-0.5933	-0.59149	-0.51184	-1.1058	-2.3074	-3.5788	-4.4373	-4.2086	-3.0481	-2.3025	-1.0705	0.1569	0.9117	0.9461	0.81321	0.56489	0.3418	0.192	0.085311	-0.013126	-0.092598	-0.19728	-0.30656	-0.32714	23.092
880.57	-0.50561	-0.52013	-0.53309	-0.61073	-0.57751	-0.60715	-0.56635	-0.51894	-0.56853	-1.0929	-2.3872	-3.6237	-4.4212	-4.2022	-3.0747	-2.3118	-1.0666	0.13728	0.83436	0.95175	0.80174	0.57968	0.36697	0.19968	0.060715	-0.0046945	-0.11748	-0.18138	-0.35812	-0.38611	23.076
884.84	-0.48573	-0.52684	-0.54798	-0.53042	-0.59181	-0.58561	-0.53894	-0.52519	-0.53249	-1.0787	-2.2976	-3.6062	-4.4252	-4.2437	-2.9755	-2.3357	-1.0174	0.10819	0.83852	0.9743	0.77244	0.53497	0.33891	0.19038	0.028197	-0.046384	-0.11691	-0.19562	-0.34765	-0.44411	23.203
889.11	-0.50943	-0.52431	-0.54535	-0.5792	-0.62297	-0.55502	-0.55273	-0.55753	-0.67077	-1.109	-2.3351	-3.6748	-4.3955	-4.2058	-3.0265	-2.3507	-1.0827	0.0888	0.84264	0.93361	0.76873	0.52406	0.31984	0.15629	0.036079	-0.021255	-0.10802	-0.23981	-0.459	-0.3824	23.044
893.38	-0.52428	-0.57661	-0.58597	-0.60197	-0.56077	-0.5155	-0.55009	-0.5115	-0.57687	-1.2541	-2.353	-3.6193	-4.3161	-4.1507	-2.9842	-2.296	-1.0688	0.12593	0.84672	0.95603	0.79025	0.55477	0.30095	0.19682	0.035907	-0.01289	-0.12408	-0.28358	-0.32703	-0.48222	23.076
894.44	-0.55816	-0.5668	-0.60254	-0.56724	-0.5263	-0.5425	-0.50874	-0.4849	-0.51031	-1.2614	-2.3984	-3.5295	-4.386	-4.1545	-2.9992	-2.328	-1.0676	0.14453	0.85381	0.95489	0.78092	0.59558	0.34394	0.20483	0.083682	-0.021128	-0.099105	-0.2309	-0.41305	-0.46473	23.108
893.38	-0.55882	-0.54921	-0.67242	-0.56792	-0.55231	-0.55237	-0.5175	-0.55487	-0.55214	-1.1922	-2.4979	-3.5908	-4.3745	-4.1245	-2.9842	-2.3308	-1.0776	0.1447	0.84672	0.98291	0.79025	0.55477	0.32699	0.19682	0.051866	-0.037678	-0.074373	-0.23866	-0.35298	-0.43987	23.06
894.44	-0.56678	-0.58505	-0.61981	-0.60126	-0.55165	-0.5425	-0.52502	-0.57154	-0.59266	-1.2879	-2.3598	-3.6055	-4.3527	-4.1719	-3.0178	-2.3454	-1.0763	0.13516	0.83762	0.98174	0.78092	0.5707	0.34394	0.14711	0.035864	-0.045887	-0.11565	-0.25333	-0.38713	-0.52395	23.076
894.44	-0.54953	-0.5668	-0.57663	-0.56724	-0.58546	-0.60694	-0.50061	-0.50223	-0.54325	-1.1377	-2.4659	-3.6529	-4.411	-4.2069	-3.0271	-2.328	-1.1025	0.1164	0.85381	0.94594	0.78931	0.55411	0.3266	0.21308	0.043834	-0.0046217	-0.1322	-0.2309	-0.38713	-0.46473	23.06
890.18	-0.58684	-0.56035	-0.57072	-0.59559	-0.63072	-0.6006	-0.47848	-0.55687	-0.47966	-1.2586	-2.439	-3.6609	-4.4154	-4.1656	-3.1068	-2.3479	-1.1253	0.098116	0.82536	0.95947	0.78466	0.53176	0.29332	0.1561	0.044044	-0.029522	-0.13284	-0.20947	-0.4324	-0.47545	23.124
884.84	-0.58165	-0.54529	-0.57416	-0.59918	-0.60035	-0.51117	-0.53071	-0.48141	-0.55746	-1.2126	-2.4439	-3.6734	-4.3999	-4.2702	-3.0693	-2.3621	-1.1056	0.10819	0.8467	0.96525	0.82331	0.5685	0.39149	0.18205	0.076534	-0.013015	-0.12527	-0.23341	-0.36512	-0.46122	23.076
878.44	-0.63859	-0.59571	-0.60472	-0.62087	-0.57891	-0.5149	-0.55944	-0.54666	-0.58668	-1.1315	-2.4421	-3.7388	-4.4574	-4.2479	-3.0822	-2.3616	-1.1226	0.11852	0.85288	0.97229	0.77807	0.57265	0.2531	0.17498	0.020287	-0.055126	-0.15146	-0.25795	-0.42058	-0.54211	23.092
874.17	-0.61523	-0.61729	-0.63418	-0.6152	-0.56444	-0.60218	-0.55385	-0.54047	-0.54742	-1.1732	-2.2763	-3.7959	-4.4877	-4.3044	-3.1067	-2.3998	-1.1102	0.1191	0.8239	0.94041	0.70463	0.58393	0.34305	0.17583	0.044851	-0.030063	-0.11834	-0.26686	-0.43148	-0.51013	23.076
872.03	-0.5902	-0.59073	-0.48517	-0.5731	-0.56583	-0.547	-0.53016	-0.49737	-0.55721	-1.2757	-2.4501	-3.6981	-4.5243	-4.2791	-3.0953	-2.37	-1.1039	0.10977	0.85083	0.93353	0.78378	0.55984	0.335	0.16781	0.020436	-0.0047405	-0.11014	-0.2215	-0.42367	-0.39857	23.076
869.9	-0.59164	-0.57341	-0.54851	-0.57451	-0.5759	-0.54835	-0.53147	-0.46296	-0.50777	-1.2153	-2.4264	-3.6877	-4.5612	-4.2537	-3.0552	-2.3759	-1.0348	0.11004	0.86125	0.95422	0.77708	0.55269	0.35365	0.17669	0.036876	-0.030211	-0.16996	-0.2451	-0.38917	-0.49523	23.06
866.7	-0.62054	-0.62261	-0.69312	-0.56785	-0.56059	-0.56937	-0.53343	-0.50043	-0.46716	-1.3109	-2.4652	-3.7013	-4.5264	-4.2785	-3.0857	-2.3846	-1.1828	0.12981	0.84772	0.97622	0.77995	0.58041	0.32811	0.16033	0.020562	-0.021805	-0.11936	-0.26916	-0.35493	-0.52326	23.14
865.63	-0.58565	-0.54796	-0.58691	-0.55098	-0.57001	-0.57007	-0.4416	-0.55475	-0.55282	-1.2851	-2.3486	-3.6372	-4.4975	-4.2837	-3.0703	-2.3786	-1.067	0.11059	0.89897	1.0144	0.84158	0.57255	0.43602	0.17757	0.012352	0.01228	-0.11095	-0.23086	-0.40002	-0.46271	23.076
868.83	-0.65454	-0.56473	-0.57585	-0.55771	-0.61141	-0.55849	-0.55725	-0.49028	-0.58469	-1.3532	-2.4989	-3.829	-4.5153	-4.3669	-3.0781	-2.4145	-1.0721	0.11018	0.86231	0.9554	0.78667	0.55336	0.31838	0.1854	0.053331	-0.021751	-0.1361	-0.2608	-0.43413	-0.49584	23.06
870.97	-0.68837	-0.58208	-0.55671	-0.6	-0.61859	-0.54767	-0.58095	-0.50687	-0.5748	-1.2863	-2.5126	-3.7319	-4.5213	-4.2485	-3.042	-2.3373	-1.0515	0.10991	0.84356	0.98063	0.82781	0.56053	0.3265	0.14261	0.0532	-0.047123	-0.13577	-0.26016	-0.44194	-0.48594	23.044
872.03	-0.61674	-0.53458	-0.50288	-0.46844	-0.55716	-0.56588	-0.53851	-0.57734	-0.54876	-1.321	-2.4798	-3.6689	-4.4816	-4.2164	-3.0097	-2.3433	-1.0413	0.12901	0.85083	0.97025	0.80099	0.56835	0.30832	0.19318	0.028611	0.088377	-0.1356	-0.21383	-0.38821	-0.49402	23.092
868.83	-0.56573	-0.50837	-0.55807	-0.65399	-0.56791	-0.54902	-0.58238	-0.48136	-0.52535	-1.4259	-2.4989	-3.702	-4.5153	-4.2679	-3.0972	-2.3877	-1.126	0.14879	0.87898	0.96461	0.85575	0.57044	0.34516	0.16842	0.036921	-0.055736	-0.11054	-0.20692	-0.36296	-0.31294	23.044
873.1	-0.63366	-0.59935	-0.59073	-0.58111	-0.57379	-0.61234	-0.50451	-0.50563	-0.48904	-1.3918	-2.3582	-3.713	-4.5274	-4.256	-3.1295	-2.376	-1.1115	0.13846	0.81661	0.95989	0.73127	0.60164	0.3257	0.22673	0.0694	0.0037203	-0.084576	-0.2825	-0.38774	-0.41541	23.108
875.24	-0.4558	-0.45804	-0.59811	-0.56231	-0.57239	-0.59203	-0.55317	-0.51325	-0.63932	-1.4335	-2.451	-3.7622	-4.5845	-4.2724	-3.1219	-2.3081	-1.1088	0.13812	0.84772	0.93926	0.79805	0.55779	0.35149	0.18404	0.052941	-0.10593	-0.08437	-0.25125	-0.37796	-0.45763	23.092
876.3	-0.49046	-0.52266	-0.56213	-0.57031	-0.54582	-0.49736	-0.50266	-0.60989	-0.66376	-1.4408	-2.5662	-3.7479	-4.5874	-4.3029	-3.1181	-2.4028	-1.0897	0.13795	0.84669	0.97465	0.77996	0.48938	0.35991	0.19224	0.044741	-0.046836	-0.11805	-0.22805	-0.3775	-0.45707	23.076
877.37	-0.40192	-0.55923	-0.55264	-0.56961	-0.52792	-0.50614	-0.57671	-0.58266	-0.68813	-1.5111	-2.6516	-3.7917	-4.6328	-4.3154	-3.1332	-2.3822	-1.115	0.10911	0.8374	0.92785	0.78756	0.56489	0.32412	0.14157	0.028437	-0.046779	-0.12634	-0.25826	-0.38585	-0.46514	23.076
876.3	-0.54329	-0.52266	-0.59738	-0.50955	-0.50269	-0.54434	-0.60233	-0.47726	-0.57971	-1.4228	-2.5564	-3.7673	-4.6044	-4.3653	-3.156	-2.394	-1.152	0.11881	0.84669	0.86504	0.80564	0.55711	0.32451	0.24274	0.036606	-0.02999	-0.11805	-0.25858	-0.34222	-0.44844	23.124
877.37	-0.50746	-0.54063	-0.50862	-0.38758	-0.55377	-0.6469	-0.51864	-0.58266	-0.67135	-1.421	-2.5238	-3.7627	-4.5818	-4.3243	-3.1332	-2.3999	-1.1417	0.10911	0.79612	0.99172	0.79611	0.56489	0.32412	0.20041	0.044687	-0.021539	-0.12634	-0.22777	-0.35942	-0.45652	23.33
882.71	-0.52187	-0.59283	-0.5143	-0.51447	-0.61893	-0.63366	-0.55673	-0.60547	-0.71735	-1.4214	-2.5183	-3.4322	-4.5457	-4.3071	-3.1143	-2.4294	-1.1437	0.10845	0.85696	0.91317	0.7998	0.51105	0.3573	0.17413	0.060569	0.087308	-0.12558	-0.21882	-0.36601	-0.45376	23.029
885.91	-0.56353	-0.4341	-0.55603	-0.61563	-0.67642	-0.57561	-0.57937	-0.60328	-0.70645	-1.3984	-2.4312	-3.6785	-4.4872	-4.2386	-3.1311	-2.3505	-1.1748	0.10806	0.82116	0.92794	0.78844	0.57619	0.321	0.16518	0.084488	-0.054661	-0.11677	-0.24068	-0.40831	-0.49483	23.108
888.04	-0.52742	-0.53413	-0.50251	-0.63984	-0.64926	-0.59277	-0.5288	-0.69781	-0.54716	-1.2883	-2.3768	-3.727	-4.4932	-4.3692	-3.1423	-2.3973	-1.1984	0.079463	0.84365	0.95276	0.78655	0.5581	0.36389	0.20631	0.060205	-0.021281	-0.091486	-0.20997	-0.32899	-0.45955	23.108
886.98	-0.53676	-0.35998	-0.49441	-0.64919	-0.62447	-0.63989	-0.55405	-0.62876	-0.58104	-1.1473	-2.3505	-3.7411	-4.4397	-4.2335	-3.0993	-2.3739	-1.0854	0.12684	0.87733	0.9539	0.82133	0.55877	0.32935	0.27308	0.084387	0.011985	-0.091596	-0.21023	-0.35553	-0.40039	23.092
884.84	-0.54677	-0.53607	-0.5567	-0.68514	-0.64306	-0.47395	-0.63764	-0.58649	-0.51584	-1.1144	-2.2294	-3.635	-4.4167	-4.226	-3.0411	-2.406	-1.0791	0.13662	0.8467	0.94716	0.82331	0.56012	0.33015	0.17371	0.060422	-0.021358	-0.083454	-0.22585	-0.36512	-0.48687	23.076
886.98	-0.47586	-0.54398	-0.65115	-0.65776	-0.65856	-0.63989	-0.57867	-0.47151	-0.54782	-1.1206	-2.3797	-3.5688	-4.3893	-4.1983	-3.0245	-2.3126	-1.1118	0.10793	0.82833	0.96293	0.79595	0.55877	0.43426	0.15666	0.020092	-0.046273	-0.13331	-0.23285	-0.32939	-0.42598	23.06
886.98	-0.56285	-0.56237	-0.65115	-0.76923	-0.66708	-0.71415	-0.52123	-0.67244	-0.59764	-1.0137	-2.0878	-3.4731	-4.3305	-4.1542	-3.0058	-2.2951	-1.0854	0.13629	0.8365	0.8817	0.78749	0.55877	0.32061	0.15666	0.044203	-0.03795	-0.041534	-0.22531	-0.36425	-0.40039	23.108
882.71	-0.58306	-0.62981	-0.6893	-0.73849	-0.68744	-0.58702	-0.57322	-0.57913	-0.52544	-0.9649	-2.1077	-3.5668	-4.2416	-4.1743	-3.0203	-2.3502	-1.1348	0.098946	0.86516	0.98572	0.8168	0.54467	0.33973	0.17413	0.060569	-0.029772	-0.075272	-0.30974	-0.38352	-0.41947	23.076
879.51	-0.59396	-0.66921	-0.75328	-0.77576	-0.66415	-0.533	-0.64151	-0.49314	-0.62784	-0.85163	-2.0957	-3.5798	-4.2825	-4.1451	-3.0313	-2.3411	-1.1212	0.13745	0.86008	0.98931	0.87948	0.54665	0.34978	0.19154	0.060789	0.0036932	-0.10079	-0.22722	-0.41128	-0.46401	23.092
878.44	-0.60346	-0.63287	-0.64868	-0.7161	-0.5531	-0.55239	-0.51801	-0.42317	-0.44414	-0.73573	-2.0491	-3.5552	-4.2877	-4.0968	-2.9878	-2.2555	-1.0781	0.15671	0.86937	0.97229	0.81223	0.61488	0.35904	0.20856	0.10144	-0.029917	-0.11776	-0.23511	-0.42058	-0.49042	23.14
879.51	-0.66414	-0.65993	-0.79719	-0.74118	-0.5954	-0.61724	-0.45946	-0.58124	-0.46873	-0.72586	-2.1055	-3.5701	-4.2231	-4.1095	-3.0313	-2.3146	-1.1301	0.13745	0.86831	0.97111	0.89654	0.56352	0.36742	0.19154	0.0040533	-0.046666	-0.15128	-0.26524	-0.51674	-0.57587	23.013
879.51	-0.73432	-0.70632	-0.7445	-0.68064	-0.66415	-0.63596	-0.50083	-0.51076	-0.51897	-0.82467	-2.1546	-3.5026	-4.2401	-4.074	-3.003	-2.3234	-1.0768	0.099306	0.8436	0.962	0.83683	0.58039	0.31452	0.22508	0.028368	-0.046666	-0.14286	-0.28805	-0.50795	-0.59307	23.06
879.51	-0.72555	-0.80838	-0.7445	-0.68929	-0.63837	-0.49555	-0.53393	-0.51076	-0.4436	-0.85163	-2.135	-3.4929	-4.2655	-4.1095	-3.0219	-2.3057	-1.0857	0.12791	0.89302	0.97111	0.80271	0.56352	0.32333	0.18315	0.044578	-0.021487	-0.15128	-0.23482	-0.46401	-0.56726	23.124
880.57	-0.68962	-0.6684	-0.73482	-0.67118	-0.66335	-0.5043	-0.57461	-0.48374	-0.51834	-0.94032	-2.1716	-3.7201	-4.2095	-4.0868	-2.9805	-2.3206	-0.97797	0.11823	0.85081	0.98811	0.79322	0.60496	0.34055	0.19131	0.060715	-0.038226	-0.11748	-0.24213	-0.44589	-0.54079	23.06
885.91	-0.74644	-0.71964	-0.66937	-0.60705	-0.58256	-0.56632	-0.55472	-0.55955	-0.49028	-0.86331	-2.1877	-3.3718	-4.1926	-4.0798	-3	-2.3154	-1.1219	0.12699	0.84568	0.98216	0.80538	0.56782	0.35601	0.19015	0.06035	-0.029665	-0.016524	-0.24822	-0.49556	-0.58879	23.044
890.18	-0.75153	-0.74369	-0.67484	-0.60414	-0.58826	-0.59135	-0.59294	-0.44371	-0.48793	-0.81479	-2.0512	-3.4415	-4.2395	-4.0691	-2.9763	-2.2956	-1.0727	0.1358	0.86604	0.96846	0.79309	0.55676	0.30204	0.16439	0.052052	-0.087571	-0.13284	-0.26957	-0.45845	-0.59447	23.013
893.38	-0.67974	-0.72276	-0.67242	-0.63603	-0.61154	-0.62609	-0.50935	-0.5115	-0.44496	-0.68806	-2.0632	-3.3817	-4.1576	-3.9845	-2.9471	-2.2699	-0.94647	0.15409	0.83862	0.97395	0.78185	0.55477	0.30963	0.18031	0.027927	-0.078994	-0.14893	-0.27609	-0.41355	-0.56693	23.251
894.44	-0.72206	-0.74014	-0.72343	-0.64377	-0.64461	-0.60694	-0.46806	-0.4849	-0.46913	-0.74907	-2.0897	-3.4251	-4.1443	-4.0147	-2.9436	-2.2759	-1.0588	0.1164	0.83762	0.92804	0.76415	0.47946	0.30926	0.15536	0.0039856	-0.05414	-0.14048	-0.23838	-0.47355	-0.55779	23.076
892.31	-0.76702	-0.71448	-0.74247	-0.67088	-0.6631	-0.63607	-0.55074	-0.5208	-0.51978	-0.86597	-2.1914	-3.5475	-4.1792	-4.0418	-2.9506	-2.2465	-1.1139	0.11668	0.79903	0.91232	0.75756	0.56375	0.33607	0.18052	0.011983	-0.045996	-0.13252	-0.24644	-0.46602	-0.40647	23.124
889.11	-0.76978	-0.77212	-0.72777	-0.69895	-0.59747	-0.52724	-0.46268	-0.4791	-0.48023	-0.84243	-2.1313	-3.3597	-4.1356	-3.9861	-2.9612	-2.2634	-1.0476	0.1454	0.82635	1.0867	0.79404	0.48234	0.34601	0.17288	0.020044	-0.037859	-0.10802	-0.23981	-0.44161	-0.57816	23.092
890.18	-0.66485	-0.73452	-0.84837	-0.63831	-0.57977	-0.53586	-0.52753	-0.51334	-0.52103	-1.0101	-2.1191	-3.4511	-4.139	-4.0252	-2.8925	-2.2868	-1.0814	0.16407	0.80095	0.91451	0.75095	0.55676	0.32817	0.13953	0.02002	-0.037814	-0.12452	-0.27709	-0.47582	-0.65397	23.092
886.98	-0.50196	-0.58998	-0.72952	-0.68349	-0.59038	-0.52851	-0.52123	-0.55014	-0.5063	-0.96916	-2.1073	-3.4731	-4.1287	-4.0045	-2.9216	-2.2163	-1.0149	0.14575	0.82017	0.93585	0.79595	0.5755	0.31187	0.22319	0.020092	-0.054596	-0.15	-0.27809	-0.40782	-0.49423	23.092
