40471	13	5	88	23.7	750	4	30	31.26	0	256	8192	1	0	0	0	0	100	1018.8	1.4946e+006	0.12066	0	41.67	0	0	0	0	0	0	6	0	0
780.16	-0.77941	-0.79101	-0.76135	-0.74969	-0.75061	-0.75122	-0.74721	-0.71379	-0.67887	-0.67782	-0.69451	-0.68889	-0.73635	-0.71335	-0.91824	-0.71628	-0.19308	0.45645	0.96885	1.0667	0.92829	0.7418	0.516	0.36696	0.13744	0.03692	-0.089055	-0.25701	-0.5319	-0.60076	31.285
788.74	-0.72202	-0.73068	-0.7139	-0.76082	-0.72328	-0.71174	-0.70218	-0.74533	-0.73685	-0.68047	-0.6979	-0.67063	-0.69999	-0.77493	-0.9293	-0.75774	-0.15139	0.41959	0.95832	1.0145	0.90869	0.70551	0.49073	0.30687	0.13595	0.017802	-0.10685	-0.29661	-0.49671	-0.6326	31.255
778.02	-0.72205	-0.74075	-0.71381	-0.75176	-0.75268	-0.78504	-0.72121	-0.74564	-0.72807	-0.64922	-0.75188	-0.7017	-0.7288	-0.76553	-0.92078	-0.75819	-0.21369	0.50083	0.92497	1.0387	0.93085	0.71524	0.44766	0.32058	0.046197	0.027535	-0.10832	-0.30929	-0.46382	-0.63159	31.3
769.44	-0.57968	-0.75962	-0.68162	-0.70084	-0.72177	-0.7082	-0.74817	-0.76403	-0.79363	-0.78996	-0.76027	-0.69849	-0.79507	-0.79437	-1.0281	-0.77675	-0.24652	0.45192	0.9447	1.0711	0.95099	0.71357	0.44257	0.29539	0.15789	0.056623	-0.080678	-0.28667	-0.42881	-0.61897	31.285
756.56	-0.67114	-0.75098	-0.83615	-0.86356	-0.77403	-0.79643	-0.78977	-0.818	-0.7974	-0.8034	-0.81884	-0.80016	-0.73962	-0.86985	-1.0785	-0.85158	-0.32296	0.44852	0.97036	1.0894	0.94734	0.75514	0.51161	0.37841	0.19826	0.028316	0.07446	-0.26503	-0.44632	-0.57949	31.224
759.78	-0.81048	-0.8552	-0.78178	-0.81986	-0.84039	-0.8364	-0.82474	-0.80434	-0.81341	-0.8208	-0.78129	-0.75207	-0.81499	-0.81475	-1.0848	-0.8582	-0.31131	0.42454	0.98532	1.0637	0.97295	0.7617	0.47882	0.32827	0.15051	0.067059	-0.10119	-0.28151	-0.50547	-0.67663	31.255
765.14	-0.78462	-0.81721	-0.83686	-0.84393	-0.81473	-0.83053	-0.77139	-0.75819	-0.75957	-0.76341	-0.75326	-0.76898	-0.85799	-0.80904	-1.0555	-0.75064	-0.30913	0.46541	0.95	1.0667	0.94652	0.75636	0.50586	0.29705	0.14014	0.047293	-0.052113	-0.27954	-0.43121	-0.63233	31.3
767.29	-0.76232	-0.78302	-0.75399	-0.82174	-0.79275	-0.79602	-0.75027	-0.77626	-0.88224	-0.81276	-0.9086	-0.82216	-0.68069	-0.82714	-1.0634	-0.81942	-0.26756	0.46411	0.96623	1.095	0.96342	0.75424	0.53477	0.32506	0.16762	0.037539	-0.12913	-0.3049	-0.5106	-0.64042	31.209
765.14	-0.68378	-0.69989	-0.7561	-0.77435	-0.85425	-0.85205	-0.857	-0.73793	-0.77883	-0.70145	-0.7307	-0.70241	-0.74106	-0.80904	-1.0447	-0.79126	-0.27851	0.48733	0.98787	1.1085	1.0053	0.79514	0.55654	0.36453	0.22399	0.10518	-0.032768	-0.23584	-0.41101	-0.57299	31.255
774.8	-0.84456	-0.89128	-0.8663	-0.85304	-0.82409	-0.89456	-0.86511	-0.93875	-0.79764	-0.77429	-0.79956	-0.79227	-0.68371	-0.83929	-1.0852	-0.92177	-0.34559	0.38384	0.91012	1.1154	0.95408	0.75651	0.51958	0.33143	0.14759	0.075286	-0.089671	-0.25879	-0.54555	-0.78072	31.239
765.14	-0.87538	-0.82787	-0.84695	-0.90356	-0.86413	-0.84129	-0.79993	-0.81895	-0.74032	-0.80471	-0.84348	-0.80227	-0.78004	-0.8703	-1.1531	-0.95371	-0.40097	0.33388	0.95947	1.0771	0.97593	0.72727	0.50586	0.32597	0.14946	-0.020241	-0.10048	-0.3145	-0.55244	-0.70156	31.255
752.26	-0.8596	-0.79866	-0.82039	-0.83816	-0.83874	-0.89948	-0.83298	-0.81237	-0.76279	-0.78698	-0.84646	-0.8273	-0.7934	-0.82289	-1.0405	-0.7635	-0.29366	0.49568	0.99516	1.1062	0.9727	0.72	0.53514	0.30214	0.12359	-0.010775	-0.08252	-0.31099	-0.58245	-0.59286	31.285
781.23	-0.72896	-0.75859	-0.77019	-0.81681	-0.74958	-0.77127	-0.76482	-0.83183	-0.77221	-0.84882	-0.74879	-0.84008	-0.84032	-0.85238	-1.0338	-0.82468	-0.27278	0.44509	0.9768	1.0755	0.90781	0.81675	0.47559	0.25317	0.1555	0.017973	-0.069986	-0.21386	-0.49159	-0.57087	31.285
801.6	-0.60455	-0.78004	-0.81807	-0.79606	-0.85312	-0.8133	-0.84527	-0.79137	-0.83529	-0.8174	-0.86971	-0.89288	-0.92128	-0.91844	-1.0696	-0.91034	-0.46066	0.38147	0.93391	1.0282	0.9409	0.72196	0.47318	0.29274	0.15155	0.054351	-0.040511	-0.22511	-0.43089	-0.52805	31.255
779.09	-0.84981	-0.8759	-0.93093	-0.87763	-0.84866	-0.87907	-0.75758	-0.88385	-0.82161	-0.8613	-0.86161	-0.86419	-0.90005	-0.89483	-1.1112	-0.88678	-0.33366	0.43555	0.96089	1.099	0.98735	0.76186	0.52667	0.3296	0.20168	0.065397	-0.089177	-0.27453	-0.52271	-0.65986	31.255
739.37	-0.92677	-0.92295	-0.86603	-0.93506	-0.87381	-0.88175	-0.89672	-0.87893	-0.83586	-0.81139	-0.87288	-0.83024	-1.0392	-0.89007	-1.1484	-0.92391	-0.33046	0.49298	1.0125	1.1147	0.97951	0.79276	0.53399	0.32736	0.12574	-0.010963	-0.16403	-0.34355	-0.60306	-0.75672	31.255
741.52	-0.79921	-0.81023	-0.81144	-0.93235	-0.93244	-0.93471	-0.8843	-0.88684	-0.90297	-0.75576	-0.95182	-0.94233	-0.94565	-1.0561	-1.2234	-0.96314	-0.35057	0.44631	0.99004	1.0899	0.9969	0.79046	0.53244	0.36619	0.15422	0.028891	-0.11365	-0.27942	-0.52834	-0.64227	31.255
786.6	-0.7338	-0.83641	-0.85331	-0.87892	-0.94627	-0.97535	-0.94466	-1.0429	-0.92613	-0.9033	-0.98504	-0.9315	-0.95781	-0.98562	-1.2482	-1.0166	-0.39996	0.38874	0.96093	1.1088	0.96839	0.77346	0.54136	0.36396	0.20882	0.12108	-0.0036508	-0.2124	-0.42928	-0.61508	31.27
803.74	-0.89094	-0.93025	-0.9312	-0.96426	-0.93549	-0.90332	-0.87923	-0.91459	-0.86972	-0.8742	-0.88887	-0.91163	-0.83534	-0.87711	-1.17	-0.93691	-0.40115	0.35958	0.93142	1.0752	0.97573	0.76619	0.52016	0.37455	0.20436	0.072575	-0.077234	-0.25779	-0.47782	-0.63021	31.224
794.1	-0.96978	-1.034	-1.0106	-0.96639	-0.94685	-0.86245	-0.83492	-0.8086	-0.81536	-0.79527	-0.83446	-0.78371	-0.82671	-0.80905	-1.1111	-0.87981	-0.33719	0.39563	0.94273	1.048	0.95924	0.69141	0.53624	0.26764	0.13503	0.0083853	-0.14341	-0.35356	-0.62963	-0.81892	31.239
766.22	-0.95472	-0.89061	-0.91633	-0.97178	-0.93198	-0.93682	-0.9033	-0.86837	-0.85464	-0.87577	-0.86483	-0.83439	-1.0027	-0.94046	-1.184	-0.96252	-0.38003	0.39908	0.94867	1.0861	0.9354	0.74562	0.49504	0.33514	0.14925	0.037592	-0.18726	-0.32279	-0.57184	-0.77959	31.255
742.59	-0.87079	-0.77609	-0.85187	-0.94124	-0.93109	-1.0331	-0.97123	-0.97946	-0.96117	-0.96746	-0.9853	-0.8838	-0.99449	-1.0335	-1.2887	-1.0559	-0.42366	0.42307	0.99836	1.153	1.0359	0.79931	0.57344	0.41533	0.23079	0.11832	-0.04373	-0.23399	-0.56921	-0.61077	31.239
734	-0.9756	-0.98529	-1.0092	-1.0041	-1.1068	-1.0004	-1.0421	-0.99094	-0.98247	-1.0003	-1.0204	-0.99825	-1.0061	-1.035	-1.2925	-1.1424	-0.48181	0.3709	0.98045	1.1338	1.0684	0.86931	0.58015	0.41014	0.25292	0.13981	0.0061705	-0.25495	-0.52323	-0.79319	31.27
729.7	-1.0342	-1.0246	-0.94102	-1.1142	-0.98898	-1.0063	-1.0383	-1.018	-0.9176	-0.99539	-0.97906	-1.0972	-1.0529	-1.0411	-1.3228	-1.0959	-0.52746	0.37308	0.96637	1.1404	1.0028	0.95577	0.51981	0.36202	0.17626	0.059707	-0.10536	-0.35727	-0.64283	-0.82897	31.224
751.19	-1.0457	-1.0388	-0.92438	-0.9406	-0.91037	-0.84596	-0.8923	-0.89605	-0.82271	-0.87225	-0.8132	-0.83978	-0.80446	-0.87607	-1.1083	-0.89904	-0.30448	0.48522	0.99658	1.1611	0.99406	0.76053	0.58752	0.31239	0.17121	0.018692	-0.1319	-0.34705	-0.6656	-0.81533	31.285
791.96	-0.77754	-0.82045	-0.98407	-0.89218	-0.83488	-0.8336	-0.89232	-0.90863	-0.94777	-0.83733	-0.88031	-0.93592	-0.82894	-0.92962	-1.1769	-0.92142	-0.42683	0.40729	0.91784	1.0811	0.92394	0.71202	0.41041	0.34287	0.1984	0.03637	-0.031659	-0.21941	-0.44589	-0.62047	31.27
819.8	-0.56289	-0.703	-0.91296	-0.90826	-0.8895	-0.89567	-0.95966	-0.91557	-0.97846	-0.92454	-0.93462	-0.93519	-0.97358	-0.97428	-1.2483	-1.0607	-0.48853	0.29115	0.91317	1.0444	0.94746	0.80547	0.51943	0.36721	0.23514	0.12518	0.05066	-0.14669	-0.33646	-0.38709	31.239
796.24	-0.86057	-1.144	-0.97877	-0.98289	-0.9443	-0.96353	-0.96978	-1.0302	-0.99817	-0.98166	-0.96227	-0.92022	-1.0867	-0.87556	-1.306	-1.0531	-0.47357	0.28924	0.9038	1.0552	0.95666	0.73614	0.50558	0.35029	0.17943	0.091801	-0.10584	-0.27702	-0.53086	-0.75969	31.239
764.07	-1.0382	-1.0319	-0.87847	-0.91479	-0.9346	-0.93945	-0.98204	-0.88095	-0.83776	-0.82653	-0.87855	-0.84784	-0.9275	-0.91242	-1.1547	-0.96522	-0.39132	0.4002	0.94186	1.0577	0.96748	0.77684	0.52687	0.34573	0.25229	0.047359	-0.1103	-0.30619	-0.67461	-0.86101	31.209
756.56	-1.0077	-1.0206	-0.97907	-0.77308	-0.73406	-0.83996	-0.80901	-0.89994	-0.88502	-0.79296	-0.94431	-0.75527	-0.82831	-0.92149	-1.1662	-0.90293	-0.31264	0.43744	0.99908	1.1	1.0068	0.72572	0.5321	0.31017	0.17	0.018559	-0.13096	-0.37111	-0.64044	-0.81955	31.239
772.65	-0.71708	-0.70365	-0.79874	-0.81603	-0.91443	-0.97164	-1.0842	-0.95139	-0.92378	-0.90937	-0.86879	-0.91534	-0.78211	-0.92251	-1.1634	-0.96455	-0.36676	0.39576	0.94077	1.077	0.9179	0.80662	0.53105	0.40871	0.17568	0.10416	-0.042028	-0.21623	-0.44703	-0.55762	31.255
766.22	-0.83388	-0.82671	-0.92641	-1.0115	-1.0898	-1.0658	-1.0933	-0.99983	-0.93154	-0.9067	-0.94366	-0.83439	-0.93463	-0.92007	-1.2273	-1.0234	-0.45136	0.34436	0.91086	1.0443	0.95498	0.76498	0.56588	0.40252	0.21437	0.14357	-0.0037479	-0.21805	-0.46087	-0.63144	31.255
755.48	-0.98871	-0.97887	-1.1236	-1.1265	-1.1153	-1.0809	-0.95466	-0.97301	-0.94478	-0.95096	-0.86569	-0.90244	-0.84922	-0.78836	-1.2228	-0.97619	-0.43711	0.38255	0.94298	1.1227	1.048	0.82495	0.54313	0.34966	0.21742	0.096754	-0.082168	-0.30967	-0.57996	-0.73056	31.27
752.26	-0.79806	-1.0481	-1.0155	-0.94937	-0.95932	-0.9542	-0.94908	-0.96688	-0.91945	-0.89201	-0.88087	-0.87244	-0.87268	-0.89559	-1.1508	-0.98037	-0.39746	0.39534	0.96627	1.0637	1.0126	0.75945	0.52484	0.34136	0.16149	0.048103	-0.12187	-0.33766	-0.6441	-0.77393	31.224
727.55	-0.78275	-0.79214	-1.1137	-1.0966	-1.0023	-1.0092	-0.99132	-0.98907	-0.92031	-1.0201	-0.93451	-1.0304	-1.0151	-1.0441	-1.3153	-1.0884	-0.44316	0.38571	0.9991	1.1768	1.016	0.81584	0.59596	0.34281	0.23556	0.070029	-0.054806	-0.25721	-0.51724	-0.665	31.255
729.7	-0.56896	-0.54378	-0.87751	-1.1038	-1.0615	-0.88216	-1.1081	-1.0499	-1.0286	-1.0604	-1.0618	-1.0739	-1.1347	-1.0839	-1.391	-1.1597	-0.53816	0.37308	0.99615	1.1624	1.0542	0.86427	0.57294	0.39234	0.2251	0.090056	-0.03436	-0.21063	-0.40979	-0.50749	31.239
781.23	-0.64007	-0.67503	-0.9778	-1.0115	-1.0495	-1.0558	-1.0164	-0.97069	-0.93249	-0.89938	-0.92552	-0.91616	-0.91667	-0.94238	-1.2143	-1.0633	-0.49266	0.30553	0.94898	1.0959	0.97503	0.90222	0.56493	0.38534	0.2285	0.074666	-0.032094	-0.17105	-0.36297	-0.50307	31.239
815.52	-0.90646	-0.87679	-0.94616	-0.87573	-0.96832	-1.0316	-0.89331	-0.88238	-0.82103	-0.89064	-0.75963	-0.80477	-0.85984	-0.86444	-1.0921	-0.94243	-0.44323	0.30297	0.88244	1.0401	0.93404	0.72783	0.52216	0.32392	0.17519	0.062475	-0.094269	-0.27867	-0.60361	-0.73245	31.27
795.17	-0.94907	-0.98133	-0.7664	-0.99378	-1.0406	-0.882	-0.92532	-0.83675	-0.86057	-0.87369	-0.8876	-0.79333	-0.89122	-0.91604	-1.1409	-0.99586	-0.40547	0.33182	0.91413	0.99621	0.90134	0.64383	0.49651	0.30438	0.12588	0.036223	-0.11529	-0.32785	-0.64822	-0.83685	31.239
764.07	-0.9372	-0.99991	-0.87847	-1.0342	-1.0632	-1.0688	-1.0678	-1.0128	-0.92452	-0.91959	-0.91243	-0.94785	-0.95677	-0.91242	-1.2199	-1.0059	-0.42198	0.3563	0.9229	1.0787	0.92821	0.74771	0.51672	0.36504	0.16833	0.037698	-0.10062	-0.30619	-0.55321	-0.78178	31.468
726.47	-0.97509	-0.97303	-1.1047	-1.1087	-1.2015	-1.2261	-1.133	-1.0652	-1.0433	-1.0324	-1.0072	-1.0553	-1.0473	-1.0564	-1.363	-1.1542	-0.54055	0.36319	0.9906	1.1565	1.0898	0.84768	0.59684	0.41439	0.21629	0.1311	-0.01414	-0.22077	-0.53928	-0.69724	31.255
758.7	-0.97434	-0.98547	-0.95594	-1.0015	-0.98106	-1.0112	-0.9698	-0.9076	-0.88252	-0.8532	-0.87339	-0.86503	-0.86527	-0.90858	-1.2832	-1.0642	-0.50729	0.32566	0.91988	1.0863	1.0238	0.841	0.56126	0.37734	0.18831	0.057424	-0.11108	-0.28191	-0.54694	-0.68757	31.239
780.16	-1.3234	-1.1466	-0.88015	-0.85692	-0.89594	-0.81454	-0.76587	-0.83298	-0.77327	-0.79935	-0.79406	-0.75418	-0.79369	-0.83352	-1.0671	-0.89552	-0.38325	0.34895	0.86673	1.0872	0.96676	0.75131	0.50607	0.36696	0.14658	0.0085351	-0.14597	-0.35988	-0.73995	-0.96934	31.423
769.44	-0.96075	-0.90809	-0.87234	-0.81945	-0.88878	-0.7617	-0.80493	-0.80431	-0.81277	-0.78996	-0.81635	-0.84193	-0.82413	-0.85529	-1.0928	-0.9383	-0.3277	0.33201	0.90705	1.0607	0.92173	0.75214	0.5232	0.35291	0.14862	0.037435	-0.099915	-0.30405	-0.60963	-0.74682	31.255
763	-0.70593	-0.71256	-0.79872	-0.78649	-0.9161	-0.99472	-0.88803	-0.98374	-0.90651	-0.87946	-0.91372	-0.89355	-0.96789	-0.93419	-1.2107	-1.0379	-0.48397	0.3568	0.95268	1.0907	0.97867	0.76821	0.56827	0.41389	0.21528	0.1732	-0.013463	-0.15761	-0.41217	-0.54485	31.255
754.41	-0.93898	-1.0019	-1.0945	-1.0777	-1.187	-1.0824	-1.0139	-0.9744	-1.0828	-0.85806	-0.85549	-0.90372	-0.86032	-0.89304	-1.1695	-1.0085	-0.46878	0.33863	0.98272	1.1137	0.99976	0.77695	0.47195	0.38927	0.21773	0.067536	0.025624	-0.25692	-0.52956	-0.69148	31.209
763	-1.0295	-1.0869	-1.0619	-1.0357	-0.98545	-0.92998	-0.88803	-0.89234	-0.80998	-0.90017	-0.8911	-0.86017	-0.90926	-0.90347	-1.2433	-1.0073	-0.45327	0.36779	0.93369	1.1536	0.96884	0.8071	0.54794	0.36555	0.22462	0.047426	-0.071659	-0.28909	-0.59451	-0.79279	31.27
752.26	-1.116	-1.0807	-1.0257	-0.96959	-1.0297	-0.97609	-0.96843	-0.91537	-0.90966	-0.87101	-0.76616	-0.88373	-0.82313	-0.84367	-1.1177	-0.94939	-0.36632	0.37304	0.9759	1.053	0.95275	0.75945	0.51453	0.32175	0.17097	0.038289	-0.13171	-0.33766	-0.70575	-0.88458	31.3
737.22	-0.77247	-0.74854	-0.74283	-0.82431	-0.96863	-0.91782	-0.85984	-0.89201	-0.9482	-0.86734	-0.84031	-0.82114	-0.83992	-0.88207	-1.1855	-0.96876	-0.42675	0.36928	0.97616	1.0854	0.97219	0.80513	0.54606	0.36833	0.17446	0.049084	-0.074165	-0.21755	-0.44754	-0.5639	31.224
740.45	-0.74827	-0.77834	-0.82305	-0.89262	-0.99504	-1.0361	-0.93474	-0.92998	-0.96396	-0.86357	-0.99982	-0.97809	-1.0578	-1.0365	-1.3036	-1.08	-0.47762	0.32236	0.95235	1.0158	1.0389	0.82167	0.5751	0.51614	0.24109	0.12863	-0.0038783	-0.19854	-0.42472	-0.541	31.239
758.7	-0.87264	-0.94245	-0.89486	-1.0415	-0.99102	-1.0004	-0.9698	-0.94845	-0.89223	-0.84278	-0.90751	-0.8986	-1.0225	-0.90858	-1.2285	-1.0437	-0.36321	0.32566	0.95807	1.1285	0.97433	0.79211	0.5306	0.38706	0.1977	0.047694	-0.052556	-0.23784	-0.48581	-0.67759	31.362
758.7	-1.0455	-0.99623	-0.95594	-0.96135	-0.96113	-1.0872	-0.86428	-0.84632	-0.85339	-0.91568	-0.86202	-0.84265	-0.92423	-0.89828	-1.1192	-0.94133	-0.42496	0.54674	0.94852	1.0968	0.98421	0.73345	0.51016	0.37734	0.1977	0.057424	-0.12084	-0.37006	-0.63863	-0.79728	31.209
738.3	-1.0326	-1.0017	-0.96144	-0.87461	-0.93651	-0.73807	-0.93746	-0.79625	-0.78719	-0.80187	-0.80402	-0.80845	-0.8387	-0.83846	-1.1501	-0.90421	-0.30979	0.45962	1.0238	1.0946	0.98093	0.78386	0.47174	0.28787	0.13558	0.019018	-0.14422	-0.33499	-0.64581	-0.81932	31.27
760.85	-0.91075	-0.91834	-0.86188	-0.86868	-0.77959	-0.81358	-0.79488	-0.82357	-0.76386	-0.83002	-0.81422	-0.8068	-0.70605	-0.85468	-1.1051	-0.83657	-0.30061	0.45701	0.99345	1.0622	0.95186	0.73138	0.49853	0.3375	0.2721	0.037857	-0.091315	-0.25474	-0.60635	-0.75525	31.224
781.23	-0.88698	-0.77948	-0.81962	-0.79734	-0.85601	-0.82396	-0.88593	-0.87151	-0.81935	-0.83871	-0.75983	-0.77488	-0.7926	-0.85238	-1.2037	-0.88435	-0.31276	0.39141	1.051	1.0345	0.8598	0.77877	0.52522	0.30037	0.20113	0.093565	-0.022622	-0.23098	-0.4718	-0.59025	31.27
795.17	-0.95877	-0.97106	-0.95095	-1.0129	-0.95508	-0.92341	-0.91617	-0.87572	-0.81426	-0.75445	-0.9093	-0.79333	-0.93811	-0.83744	-1.1096	-0.94701	-0.39565	0.374	0.90502	1.0163	0.91077	0.75579	0.51602	0.34149	0.29621	0.073358	-0.06876	-0.2858	-0.57046	-0.77023	31.209
779.09	-1.1667	-1.1796	-0.88136	-0.88739	-0.88747	-0.8685	-0.89771	-0.81423	-0.8027	-0.78017	-0.773	-0.77701	-0.82349	-0.80458	-1.0366	-0.84689	-0.34368	0.39249	0.9423	1.0579	0.96809	0.79043	0.51671	0.36747	0.13763	0.065397	-0.11767	-0.35179	-0.65168	-0.88326	31.209
738.3	-1.2939	-1.3885	-1.1497	-1.0703	-1.0184	-1.0726	-1.0163	-0.99566	-0.9967	-1.0052	-1.1079	-0.93494	-0.96998	-1.0501	-1.3411	-1.0726	-0.46843	0.34602	0.90606	1.0296	0.95045	0.73362	0.49275	0.2579	0.087304	-0.030976	-0.18432	-0.42557	-0.63534	-1.0653	31.27
724.32	-0.70101	-0.95339	-1.076	-1.1015	-1.0068	-1.0478	-1.0359	-1.0684	-1.0261	-1.0791	-1.0697	-1.035	-1.071	-1.1027	-1.3555	-1.0075	-0.47747	0.36427	0.99354	1.1268	0.99986	0.82971	0.56649	0.38507	0.17756	0.080533	-0.044833	-0.21219	-0.47686	-0.63662	31.27
731.85	-0.87304	-0.95473	-1.0016	-1.0486	-1.1823	-1.0596	-1.0153	-0.96208	-0.99542	-0.98167	-0.97619	-0.94318	-1.0091	-1.0273	-1.3303	-1.1139	-0.44055	0.30323	1.013	1.1371	1.0408	0.85159	0.59245	0.42142	0.20496	0.10997	-0.014036	-0.20087	-0.46139	-0.52668	31.239
780.16	-0.99699	-1.0211	-0.97915	-0.9739	-0.94438	-1.0045	-1.0178	-0.94223	-0.89601	-0.8905	-0.9268	-0.88477	-0.93704	-0.95369	-1.216	-0.9951	-0.42328	0.3382	0.91315	1.0769	0.95714	0.79885	0.48619	0.45205	0.16485	0.074769	-0.060596	-0.30844	-0.61116	-0.75595	31.27
790.88	-1.003	-0.99696	-0.81939	-0.87416	-0.94114	-0.82432	-0.83831	-0.86088	-0.82798	-0.82847	-0.81603	-0.87278	-0.81121	-0.88149	-1.0946	-0.92267	-0.21021	0.40785	0.97404	1.0725	0.95365	0.73174	0.49921	0.34334	0.13558	0.0084194	-0.19078	-0.31272	-0.58332	-0.80311	31.224
744.74	-0.92008	-0.89438	-0.88052	-0.84662	-0.8878	-0.90856	-0.93911	-0.91421	-0.92873	-0.90102	-0.99405	-0.94965	-1.0116	-1.0305	-1.2961	-1.032	-0.45389	0.38807	0.99548	1.1067	1.0027	0.77708	0.48848	0.30519	0.16312	0.048588	-0.1231	-0.31413	-0.56757	-0.72078	31.239
736.15	-0.75264	-0.73855	-0.88031	-0.91849	-0.9187	-0.95272	-0.96985	-0.96699	-0.96959	-0.97594	-0.79465	-0.92614	-0.89179	-1.0425	-1.3	-1.0757	-0.41677	0.40399	0.99726	1.1304	1.0348	0.81639	0.57846	0.36887	0.20376	0.11935	-0.034059	-0.20878	-0.4692	-0.58528	31.255
745.82	-0.96014	-1.0244	-0.9621	-0.94737	-0.95747	-0.92932	-0.928	-0.95445	-0.93727	-0.97388	-0.9579	-0.89136	-0.98019	-1.0081	-1.2609	-1.0305	-0.42183	0.39875	0.97462	1.1051	0.9811	0.79585	0.56056	0.41353	0.19156	0.068314	-0.07331	-0.34058	-0.5253	-0.70959	31.239
765.14	-1.0468	-1.0092	-0.96808	-0.94332	-0.89377	-0.91661	-0.83798	-0.86958	-0.87509	-0.88732	-0.8322	-0.90214	-0.8385	-0.88051	-1.1856	-0.93341	-0.37036	0.37772	0.93107	1.0562	0.94652	0.72727	0.4856	0.33561	0.15877	0.018351	-0.12949	-0.34072	-0.61305	-0.82024	31.209
758.7	-1.0455	-1.0823	-0.9763	-0.88116	-0.87147	-0.90269	-0.87387	-0.86675	-0.87281	-0.87403	-0.90751	-0.88741	-0.95372	-0.94977	-1.1738	-0.98229	-0.40438	0.40304	0.91033	1.0546	0.92488	0.72367	0.44883	0.28013	0.094352	-0.010683	-0.16961	-0.35243	-0.68957	-0.83717	31.255
764.07	-0.79582	-0.78631	-0.76727	-0.8252	-0.85545	-0.89635	-0.90583	-0.93165	-0.85704	-0.94027	-0.88985	-0.88118	-0.91774	-0.89197	-1.209	-0.94488	-0.39132	0.42216	0.96082	1.0891	0.9773	0.77684	0.47613	0.33608	0.16833	0.066682	-0.061872	-0.1749	-0.52286	-0.5936	31.285
795.17	-0.66766	-0.67346	-0.79554	-0.88857	-0.93607	-0.90271	-0.91617	-0.93419	-0.98099	-0.99292	-0.97442	-0.98552	-1.0131	-0.84726	-1.2556	-1.0252	-0.47421	0.30017	0.91413	1.0264	0.97681	0.77445	0.54527	0.34149	0.23346	0.13834	-0.0036114	-0.15965	-0.41493	-0.4657	31.285
785.52	-0.79373	-0.84794	-0.87414	-0.96726	-0.90907	-1.0081	-0.95522	-0.97526	-0.87114	-0.87436	-0.95343	-0.92196	-0.89268	-0.92729	-1.2394	-1.0279	-0.44027	0.34657	0.9438	1.0594	0.97926	0.68007	0.57171	0.41141	0.20003	0.23402	-0.050761	-0.22972	-0.47907	-0.62555	31.255
749.04	-0.76029	-0.81299	-1.1023	-1.0651	-1.024	-0.99128	-0.93373	-0.95035	-0.8939	-0.95914	-0.89618	-0.92153	-0.96602	-0.93073	-1.2333	-1.1298	-0.40959	0.38584	0.91241	1.0576	0.9268	0.76272	0.50639	0.28374	0.1146	-0.010821	-0.15204	-0.3659	-0.63655	-0.78736	31.285
717.87	-0.91153	-1.0074	-1.0211	-1.0266	-0.97369	-1.0343	-0.97427	-0.98082	-0.9635	-0.94576	-0.95914	-0.99703	-1.0599	-1.0364	-1.3099	-1.0815	-0.47089	0.42596	0.99238	1.1369	1.0088	0.77517	0.49597	0.32689	0.12951	0.029842	-0.13802	-0.36316	-0.61035	-0.7583	31.224
747.97	-0.80264	-0.8687	-0.89738	-0.97516	-0.95472	-1.0147	-0.92534	-0.93099	-0.93458	-0.96052	-0.93208	-0.93421	-0.95744	-0.98429	-1.2129	-0.986	-0.4415	0.36397	0.95245	1.0591	1.0585	0.78365	0.56932	0.35318	0.16242	0.077987	-0.033521	-0.21443	-0.50312	-0.63673	31.193
794.1	-0.79488	-0.87989	-1.0398	-0.9185	-0.95637	-0.87282	-0.86241	-0.87691	-0.84318	-0.92461	-0.8562	-0.84786	-0.90182	-0.94679	-1.1633	-0.91894	-0.37652	0.40619	0.95185	1.0681	0.94979	0.71944	0.53624	0.26764	0.23378	0.082753	-0.0036163	-0.23566	-0.41549	-0.57115	31.224
803.74	-0.97735	-0.89979	-0.95042	-0.92641	-0.86966	-0.95454	-0.87923	-0.86638	-0.85139	-0.8742	-0.8674	-0.97501	-0.90027	-0.92571	-1.1597	-0.94658	-0.372	0.41176	0.93142	1.0354	0.91039	0.7385	0.49122	0.30114	0.16002	-0.010085	-0.10486	-0.29939	-0.60284	-0.7526	31.27
743.67	-1.2119	-1.2029	-1.0584	-0.97056	-0.89925	-0.90987	-0.85239	-0.88427	-0.88055	-0.83858	-0.92586	-0.75694	-1.0031	-0.94796	-1.1641	-0.91857	-0.31805	0.52396	1.0261	1.119	0.96376	0.65849	0.48919	0.33538	0.12502	0.01888	-0.13323	-0.38653	-0.7139	-0.91515	31.285
712.49	-0.68016	-0.71725	-0.93122	-0.86359	-0.88555	-0.90346	-0.86926	-0.90122	-0.88807	-1.0083	-1.0148	-0.92114	-1.026	-1.0443	-1.2616	-0.99148	-0.33197	0.46449	1.0202	1.168	0.97434	0.79143	0.5106	0.319	0.13049	0.050788	-0.014418	-0.31897	-0.50647	-0.7003	31.285
714.64	-0.75369	-0.77219	-0.84196	-0.95677	-0.98866	-0.9929	-1.0398	-1.0937	-1.0091	-0.98319	-0.95139	-1.0134	-1.0855	-1.0849	-1.3275	-1.0429	-0.37468	0.46309	1.007	1.0973	0.97141	0.72676	0.55246	0.37997	0.21987	0.060964	-0.055796	-0.23378	-0.4725	-0.61348	31.239
754.41	-0.85716	-0.88292	-0.95114	-0.96683	-0.98664	-0.91874	-0.95602	-0.99494	-0.96565	-0.93137	-0.8898	-0.88121	-0.94926	-1.038	-1.2575	-1.0085	-0.38598	0.40533	0.99233	1.1031	0.99976	0.78679	0.53362	0.4186	0.19883	0.096892	-0.033235	-0.24805	-0.52956	-0.68145	31.285
796.24	-1.0156	-0.92877	-0.93027	-0.96379	-0.99177	-0.95319	-0.9515	-0.88428	-0.85941	-0.78321	-0.74551	-0.92022	-0.79639	-0.88537	-1.1498	-0.95549	-0.33628	0.3735	0.9038	1.015	0.93781	0.70818	0.47637	0.40587	0.16153	0.045446	-0.11514	-0.31901	-0.60852	-0.72168	31.27
800.53	-0.7885	-0.85244	-0.83846	-0.85412	-0.83538	-0.84524	-0.8464	-0.86018	-0.83641	-0.77901	-0.77386	-0.77741	-0.7735	-0.87087	-1.0607	-0.91156	-0.393	0.45531	0.88992	1.0395	0.95153	0.73219	0.47382	0.27471	0.13395	0.026761	-0.14226	-0.35072	-0.60526	-0.73672	31.27
775.87	-0.88317	-0.93211	-0.73569	-0.81265	-0.82295	-0.82966	-0.85453	-0.93745	-0.91995	-0.92597	-0.86519	-0.85683	-0.90378	-0.96903	-1.212	-1.0006	-0.43568	0.32926	0.89953	1.0623	0.9721	0.7459	0.50886	0.34998	0.15658	0.075182	-0.022779	-0.25843	-0.4651	-0.70161	31.316
745.82	-0.82565	-0.79462	-0.99317	-0.87599	-0.95747	-0.98452	-1.0256	-0.96484	-0.9669	-0.98447	-0.9579	-0.94828	-0.98019	-0.99761	-1.2386	-1.0618	-0.50559	0.34253	0.94549	1.0836	1.0113	0.81575	0.53977	0.37397	0.13421	0.1277	-0.013773	-0.25988	-0.34911	-0.64871	31.285
737.22	-1.1388	-1.1359	-1.0676	-1.206	-1.0712	-1.0518	-0.95857	-0.97609	-0.88825	-0.87806	-0.92225	-0.71749	-0.82981	-0.94565	-1.2531	-1.0109	-0.44793	0.42616	0.98598	1.1288	0.97219	0.75482	0.53554	0.35832	0.16479	0.069111	-0.084203	-0.29012	-0.53142	-0.75892	31.224
751.19	-1.1279	-1.104	-1.0683	-1.0216	-0.95062	-0.9446	-0.96012	-0.89605	-0.84232	-0.83018	-0.92808	-0.89629	-0.96326	-0.93847	-1.1856	-0.97143	-0.37724	0.37357	0.95801	1.0652	0.9641	0.70128	0.51526	0.32221	0.14274	0.018692	-0.1319	-0.37376	-0.63473	-0.84555	31.239
757.63	-1.0572	-0.99764	-0.93691	-0.91252	-0.81284	-0.90397	-0.95196	-0.93957	-0.90321	-0.92741	-0.87463	-0.87747	-0.9157	-0.97174	-1.2084	-1.0042	-0.39464	0.42575	0.94986	1.0667	0.9361	0.75407	0.51088	0.3292	0.15094	0.018533	-0.16008	-0.3441	-0.59872	-0.84835	31.255
754.41	-0.78556	-0.75312	-0.859	-0.7652	-0.95659	-0.92965	-0.89814	-0.93331	-0.88754	-0.88948	-0.86692	-0.90372	-0.88997	-0.9966	-1.1915	-0.99818	-0.39633	0.50538	0.97312	1.1031	0.98982	0.75729	0.53362	0.40882	0.18938	0.096892	-0.052855	-0.22146	-0.48858	-0.62126	31.255
755.48	-0.87636	-0.92487	-0.9089	-0.92518	-0.96523	-0.96103	-0.9354	-0.99352	-0.94478	-0.90913	-0.93423	-0.96986	-0.8887	-1.0055	-1.2337	-1.0482	-0.44744	0.37145	0.99092	1.1227	0.97848	0.77585	0.45075	0.36919	0.17967	0.077211	0.005995	-0.23885	-0.48788	-0.67046	31.27
756.56	-0.89552	-0.95591	-0.92803	-0.88366	-0.9239	-0.92701	-0.86673	-0.98187	-0.83634	-0.86606	-0.86446	-0.77771	-0.88744	-0.99377	-1.1881	-0.944	-0.40552	0.41527	0.98951	1.1	0.96717	0.77475	0.52186	0.38816	0.17942	0.17467	-0.052705	-0.24735	-0.51784	-0.68952	31.239
746.89	-0.91744	-0.79347	-0.86765	-0.834	-0.90549	-0.82878	-0.85845	-0.88046	-0.83731	-0.80322	-0.80633	-0.81051	-0.80908	-0.87065	-1.1035	-0.91461	-0.37941	0.42064	0.97322	1.1035	0.92947	0.76491	0.40402	0.34381	0.15311	0.018799	0.0060639	-0.29532	-0.53489	-0.69844	31.224
747.97	-0.88517	-0.87961	-0.8664	-0.87348	-0.86376	-0.86061	-0.82803	-0.83776	-0.82626	-0.82319	-0.78209	-0.77529	-0.81789	-0.80673	-1.1131	-1.0172	-0.30579	0.44246	1.0009	1.2196	0.95822	0.76381	0.49675	0.32359	0.13383	0.048379	-0.092888	-0.2949	-0.55479	-0.80873	31.27
760.85	-0.80933	-0.83254	-0.86188	-0.8287	-0.86901	-0.80276	-0.85227	-0.81339	-0.82194	-0.80925	-0.81422	-0.78448	-0.77464	-0.92655	-1.0942	-0.90804	-0.3314	0.42394	0.98393	1.0832	0.95186	0.73138	0.49853	0.30842	0.15967	0.10577	-0.091315	-0.25474	-0.47428	-0.65579	31.27
788.74	-0.89811	-0.8238	-0.80203	-0.85725	-0.84786	-0.82656	-0.776	-0.80427	-0.7742	-0.77062	-0.74166	-0.70292	-0.77561	-0.81455	-1.0765	-0.78729	-0.27018	0.47275	0.93077	1.0551	0.92771	0.70551	0.4809	0.35362	0.19017	0.064596	0.0057422	-0.24574	-0.57511	-0.61341	31.27
790.88	-0.80787	-0.80093	-0.85845	-0.85492	-0.80733	-0.79309	-0.8015	-0.7727	-0.76279	-0.75854	-0.76148	-0.72249	-0.77351	-0.78271	-1.0317	-0.8048	-0.2497	0.43966	0.90993	0.98136	0.9252	0.74112	0.4894	0.32469	0.26177	0.055087	-0.087848	-0.26198	-0.54423	-0.64045	31.255
747.97	-0.81296	-0.89052	-0.87673	-0.88364	-0.84355	-0.82759	-0.82803	-0.83776	-0.8361	-0.77038	-0.77056	-0.71854	-0.85776	-0.84851	-1.0909	-0.85098	-0.27447	0.45367	1.0009	1.0805	0.94819	0.71422	0.47601	0.32359	0.13383	0.1372	-0.11268	-0.33066	-0.55479	-0.6772	31.255
732.92	-0.80859	-0.86426	-0.86311	-0.8914	-0.84024	-0.93444	-0.77551	-0.83381	-0.78292	-0.77541	-0.78637	-0.75645	-0.81433	-0.87658	-1.034	-0.82604	-0.23749	0.47443	1.0214	0.9716	0.94718	0.72888	0.46462	0.32017	0.12685	0.0393	-0.17557	-0.34657	-0.54508	-0.67045	31.239
754.41	-0.73442	-0.76393	-0.79758	-0.80553	-0.83635	-0.86417	-0.80166	-0.74843	-0.74109	-0.69049	-0.70678	-0.70115	-0.73184	-0.73771	-0.98258	-0.75103	-0.22038	0.54985	1.0211	1.0925	0.96993	0.73762	0.55418	0.33061	0.16103	0.057751	-0.052855	-0.25692	-0.47833	-0.56108	31.255
776.94	-0.74291	-0.74177	-0.77444	-0.77237	-0.80236	-0.80732	-0.81588	-0.77659	-0.78596	-0.78232	-0.73071	-0.8338	-0.80657	-0.81686	-0.99679	-0.83923	-0.27428	0.50152	0.89828	1.0608	0.93214	0.72577	0.51814	0.3495	0.16554	0.065577	-0.089424	-0.24947	-0.42466	-0.52533	31.255
767.29	-0.8126	-0.82555	-0.81438	-0.86139	-0.88142	-0.87113	-0.83563	-0.82676	-0.84384	-0.84365	-0.88611	-0.83322	-0.84587	-0.9086	-1.085	-0.93079	-0.31844	0.38759	0.92847	1.022	0.93409	0.71557	0.47413	0.34428	0.12117	0.02792	-0.10984	-0.3049	-0.48038	-0.56152	31.27
745.82	-0.77392	-0.67426	-0.84819	-0.87599	-0.86625	-0.9514	-0.87921	-0.87134	-0.84839	-0.83616	-0.86534	-0.82306	-0.90022	-0.86143	-1.1163	-0.92634	-0.36948	0.35377	0.96491	1.0836	0.94086	0.77596	0.49818	0.32453	0.10554	-0.010868	-0.13285	-0.34058	-0.48384	-0.62842	31.209
749.04	-0.80149	-0.81299	-0.8961	-0.85192	-0.87262	-0.85938	-0.88514	-0.90897	-0.87424	-0.83256	-0.83858	-0.86486	-0.91625	-0.95159	-1.2444	-0.9431	-0.35747	0.37465	0.95109	1.0789	0.95685	0.733	0.48568	0.33298	0.16219	0.0286	0.025807	-0.31233	-0.54368	-0.67623	31.239
764.07	-0.81602	-0.78631	-0.81782	-0.83516	-0.79609	-0.84247	-0.8201	-0.8201	-0.82812	-0.83686	-0.7882	-0.81451	-0.89823	-0.89197	-1.1439	-0.88388	-0.35044	0.43313	1.0651	1.0577	0.9773	0.738	0.44568	0.27816	0.159	0.057021	-0.1103	-0.27993	-0.52286	-0.63321	31.239
775.87	-0.84339	-0.79539	-0.79542	-0.82245	-0.84244	-0.7766	-0.77949	-0.76768	-0.76806	-0.75285	-0.75396	-0.71458	-0.79808	-0.79785	-1.0089	-0.82037	-0.25454	0.48059	0.97421	1.0932	0.9721	0.7459	0.49887	0.29294	0.14739	0.056153	-0.07047	-0.31015	-0.55476	-0.73087	31.255
774.8	-0.84456	-0.84915	-0.78655	-0.84322	-0.80458	-0.75642	-0.78057	-0.75874	-0.65504	-0.7233	-0.71046	-0.71557	-0.78956	-0.77879	-1.0317	-0.8215	-0.2952	0.38384	0.83533	1.0327	0.92504	0.68948	0.43951	0.26479	0.11999	0.018122	-0.11833	-0.36237	-0.56551	-0.70258	31.255
753.34	-0.77644	-0.83002	-0.77821	-0.76629	-0.83754	-0.76705	-0.73518	-0.73921	-0.71282	-0.73342	-0.78797	-0.83739	-0.77247	-0.85283	-1.017	-0.81397	-0.26215	0.52837	0.98413	1.0834	0.91156	0.72882	0.46233	0.27234	0.12341	0.028437	-0.10205	-0.2928	-0.57136	-0.64224	31.178
739.37	-0.75979	-0.81258	-0.80335	-0.79105	-0.88403	-0.84834	-0.78844	-0.79509	-0.79601	-0.76865	-0.8262	-0.74986	-0.83748	-0.83724	-1.0699	-0.81884	-0.37271	0.50432	0.99292	1.0714	0.96936	0.76265	0.53399	0.33733	0.15467	0.078894	-0.05393	-0.28928	-0.31034	-0.6339	31.27
749.04	-0.73968	-0.76941	-0.81361	-0.84176	-0.81207	-0.88136	-0.85599	-0.85724	-0.85457	-0.84311	-0.9077	-1.0349	-0.88639	-0.94116	-1.1447	-0.90161	-0.29493	0.47542	0.98977	1.111	0.99691	0.77262	0.49604	0.46098	0.15267	0.058165	-0.082875	-0.28555	-0.44048	-0.61561	31.27
758.7	-0.83196	-0.82414	-0.88468	-0.87114	-0.92128	-0.91354	-0.99858	-0.87696	-0.94077	-0.89485	-0.88477	-0.84265	-0.94389	-0.96007	-1.1738	-0.91061	-0.34263	0.39198	1.0822	1.0335	0.92488	0.753	0.4795	0.30929	0.18831	0.018506	-0.11108	-0.27309	-0.54694	-0.65764	31.27
767.29	-0.79249	-0.82555	-0.84458	-0.8713	-0.81246	-0.81748	-0.80718	-0.80656	-0.76705	-0.77157	-0.78489	-0.75577	-0.78757	-0.81696	-1.0418	-0.83967	-0.24721	0.51876	1.0134	1.1054	0.96342	0.75424	0.56509	0.40196	0.1862	0.095265	-0.090549	-0.25261	-0.5106	-0.68973	31.224
794.1	-0.85318	-0.82851	-0.8258	-0.85146	-0.78503	-0.77951	-0.7616	-0.77933	-0.77825	-0.82512	-0.81273	-0.80509	-0.82671	-0.83857	-1.0693	-0.87002	-0.31752	0.38507	0.95185	1.0278	0.9309	0.71009	0.47765	0.3048	0.15298	0.026978	-0.078172	-0.28619	-0.55176	-0.65692	31.285
800.53	-0.79814	-0.77089	-0.74198	-0.78762	-0.81649	-0.68069	-0.79185	-0.79243	-0.79041	-0.8481	-0.81698	-0.7456	-0.85732	-0.85135	-1.0918	-0.96008	-0.3735	0.38198	0.88992	1.0395	0.93279	0.75073	0.46413	0.32077	0.17847	0.082088	-0.086789	-0.19199	-0.49905	-0.60438	31.27
773.73	-0.83575	-0.69213	-0.85752	-0.83456	-0.81547	-0.83196	-0.82868	-0.67967	-0.78922	-0.84684	-0.81182	-0.85921	-0.81956	-0.85055	-1.1082	-0.94313	-0.36625	0.26514	0.94883	1.0549	0.9651	0.79591	0.53032	0.38908	0.1478	0.027688	-0.089796	-0.26779	-0.51634	-0.76224	31.224
747.97	-0.95738	-0.93416	-0.92836	-0.89381	-0.85366	-0.89363	-0.83776	-0.8274	-0.82626	-0.82319	-0.87439	-0.8661	-0.85776	-0.8694	-1.1352	-0.94446	-0.34755	0.42003	0.96214	1.0912	0.99834	0.76381	0.48638	0.27429	0.1243	0.0089025	-0.12257	-0.33066	-0.61679	-0.75814	31.27
729.7	-0.88618	-0.84572	-0.85634	-0.97872	-0.83359	-0.89344	-0.87868	-0.85873	-0.80656	-0.8438	-0.84898	-0.88778	-0.82815	-0.91258	-1.1523	-0.79775	-0.36695	0.43055	0.99615	1.0746	0.96165	0.78293	0.53044	0.31148	0.11764	-0.00099129	-0.13578	-0.30228	-0.61105	-0.76675	31.27
741.52	-0.80962	-0.81023	-0.88435	-0.75799	-0.88147	-0.84589	-0.87449	-0.89729	-0.87317	-0.85166	-0.87035	-0.90798	-0.91549	-0.96124	-1.1899	-0.9841	-0.40322	0.38975	0.99004	1.0899	0.95643	0.76044	0.56381	0.33635	0.15422	0.078665	-0.073735	-0.2704	-0.48665	-0.65247	31.27
763	-0.67559	-0.77673	-0.91007	-0.94598	-0.95573	-0.97314	-0.94526	-0.93296	-0.90651	-0.9623	-0.90241	-0.9158	-0.90926	-0.92395	-1.2107	-0.96658	-0.4021	0.36779	0.97166	1.0802	0.90002	0.77793	0.49712	0.33655	0.16856	0.086126	-0.04256	-0.2365	-0.41217	-0.50517	31.285
785.52	-0.69551	-0.7129	-0.90364	-0.95758	-0.87058	-0.84043	-0.8533	-0.88648	-0.84301	-0.78384	-0.8216	-0.81388	-0.86421	-0.89745	-1.1021	-0.90919	-0.36075	0.38927	0.97146	1.1103	0.97926	0.77451	0.55197	0.37385	0.20003	0.083656	-0.013077	-0.22972	-0.42003	-0.51959	31.239
776.94	-1.0011	-0.97284	-0.91361	-0.88984	-0.88992	-0.81791	-0.76904	-0.74667	-0.71012	-0.6908	-0.75292	-0.72452	-0.67223	-0.74647	-1.0181	-0.76924	-0.27428	0.49072	0.99151	1.102	0.95145	0.73532	0.38839	0.34	0.16554	0.037073	-0.013222	-0.30111	-0.58384	-0.76882	31.255
755.48	-0.94786	-0.93567	-0.97024	-0.85472	-0.81515	-0.85205	-0.80052	-0.81916	-0.74979	-0.82546	-0.77431	-0.79006	-0.74067	-0.85041	-0.88235	-0.83223	-0.24073	0.48246	0.97174	1.0803	0.96855	0.76603	0.48154	0.31061	0.10419	0.057669	-0.091964	-0.32737	-0.5902	-0.74058	31.255
743.67	-0.76578	-0.86275	-0.85064	-0.91943	-0.92974	-0.93201	-0.88175	-0.8426	-0.93007	-0.93419	-0.87944	-0.88252	-0.90282	-0.95847	-1.1864	-0.97081	-0.38105	0.38863	1.0067	1.0975	1.0041	0.82808	0.5309	0.39489	0.2017	0.068511	-0.043666	-0.21567	-0.46445	-0.63024	31.224
750.11	-0.85178	-0.85534	-0.94629	-1.0028	-0.94191	-0.95693	-0.9712	-0.99031	-0.9319	-0.97883	-0.91791	-0.95417	-0.92488	-0.96065	-1.2205	-1.0246	-0.46105	0.35175	0.98835	1.1094	1.0055	0.82097	0.54701	0.32267	0.22848	0.11713	-0.043291	-0.19598	-0.45016	-0.62482	31.224
775.87	-0.98262	-0.99522	-1.0742	-0.93028	-0.91064	-0.94638	-0.90144	-0.87753	-0.81552	-0.82413	-0.85406	-0.78024	-0.91339	-0.8482	-1.1479	-0.96055	-0.40549	0.38331	0.95554	1.1138	0.98177	0.76502	0.51886	0.388	0.20252	0.065668	0.053529	-0.30153	-0.6245	-0.72112	31.255
785.52	-1	-0.9726	-0.82498	-0.90917	-0.85133	-0.86139	-0.8255	-0.82729	-0.768	-0.75366	-0.78864	-0.87873	-0.91166	-0.80794	-1.0598	-0.88941	-0.35081	0.42131	0.93458	1.0594	0.89331	0.71785	0.48287	0.33629	0.10928	-0.00092084	-0.2015	-0.29783	-0.60698	-0.77969	31.423
773.73	-0.87564	-0.83978	-0.82757	-0.84439	-0.84478	-0.83196	-0.82868	-0.84992	-0.79874	-0.83663	-0.80067	-0.82629	-0.87738	-0.87074	-1.1189	-0.91301	-0.36625	0.39521	0.8833	1.0652	0.94571	0.70962	0.51028	0.31282	0.12937	-0.020017	-0.13762	-0.31965	-0.5563	-0.71333	31.362
758.7	-0.72009	-0.69508	-0.78288	-0.81099	-0.85154	-0.90269	-0.87387	-0.87696	-0.85339	-0.90527	-0.87339	-0.88741	-0.86527	-0.91888	-1.1957	-0.96181	-0.39408	0.41409	0.96762	1.0968	0.9941	0.81167	0.5306	0.37734	0.1977	0.067154	-0.023294	-0.23784	-0.45525	-0.5579	31.27
764.07	-0.73523	-0.70088	-0.73695	-0.83516	-0.84556	-0.89635	-0.89631	-0.93165	-0.7992	-0.89891	-0.88985	-0.88118	-0.83968	-0.93287	-1.1982	-1.0262	-0.47307	0.30142	0.88498	1.1101	0.9773	0.79626	0.57762	0.394	0.17765	0.076344	-0.09093	-0.24492	-0.41159	-0.57379	31.224
780.16	-0.87831	-0.85377	-0.88015	-0.86667	-0.87656	-0.93062	-0.8405	-0.80318	-0.85824	-0.67782	-0.87149	-0.80859	-0.80325	-0.87358	-1.1522	-0.93535	-0.40326	0.3382	0.87601	0.99485	0.94753	0.7418	0.47625	0.31024	0.15572	0.055844	-0.098541	-0.31702	-0.56162	-0.70745	31.27
769.44	-0.97078	-0.9187	-0.83219	-0.82933	-0.82001	-0.858	-0.8333	-0.86473	-0.76491	-0.75915	-0.79392	-0.8309	-0.83382	-0.78422	-1.0496	-0.88781	-0.29726	0.41921	0.98236	1.1128	0.96074	0.77142	0.54335	0.36249	0.13936	0.027842	-0.13839	-0.32143	-0.60963	-0.78616	31.468
768.36	-0.86167	-0.8775	-0.8032	-0.83049	-0.91954	-0.88063	-0.86288	-0.83569	-0.86184	-0.80134	-0.79503	-0.80996	-0.90291	-0.81582	-1.1051	-0.93961	-0.25702	0.37614	0.97431	1.0935	0.96208	0.80147	0.53402	0.3918	0.18594	0.085525	-0.090422	-0.25225	-0.51994	-0.70847	31.27
767.29	-0.83271	-0.85746	-0.88485	-0.93077	-0.96023	-0.97843	-1.0159	-0.91764	-0.91104	-0.89514	-0.85237	-0.84429	-0.85559	-0.88823	-1.1823	-1.0017	-0.47109	0.34387	0.90959	1.0846	0.87543	0.80259	0.53477	0.36351	0.1862	0.10489	-0.032677	-0.23518	-0.49045	-0.6207	31.239
749.04	-0.94571	-0.9655	-1.0508	-1.0245	-1.024	-0.99128	-1.0212	-0.98138	-0.94307	-0.91695	-1.0344	-0.81952	-0.97597	-0.94116	-1.2776	-1.1091	-0.50341	0.32986	0.9801	1.0896	1.027	0.733	0.53744	0.35267	0.16219	0.0286	-0.072994	-0.32126	-0.57463	-0.71664	31.285
737.22	-1.1074	-1.0585	-0.9838	-0.95842	-0.92762	-0.95133	-0.86971	-0.91303	-0.89824	-0.82447	-0.82861	-0.84417	-0.75902	-0.87147	-1.1518	-1.0004	-0.42675	0.39203	0.98598	1.1179	1.0638	0.79507	0.55658	0.36833	0.12611	0.049084	-0.13439	-0.32641	-0.69918	-0.87183	31.071
740.45	-0.88374	-0.87753	-0.9065	-0.96452	-0.91337	-0.93607	-0.88559	-0.95091	-0.91423	-0.92759	-0.91824	-0.98956	-0.9873	-0.95209	-1.2476	-1.059	-0.46707	0.31103	0.95235	1.1131	0.97809	0.80163	0.53321	0.37669	0.14481	0.0389	-0.17379	-0.27983	-0.61262	-0.7454	31.346
772.65	-0.68712	-0.71421	-0.63879	-0.88494	-0.84595	-0.87574	-0.89577	-0.93133	-0.91425	-0.92982	-0.94697	-0.9593	-0.94615	-0.92251	-1.26	-0.99472	-0.47792	0.34149	0.92202	1.0667	0.96644	0.78741	0.55113	0.38962	0.29562	0.10416	-0.0037166	-0.19026	-0.41702	-0.48907	31.239
779.09	-0.75077	-0.66642	-0.83179	-0.88739	-0.93598	-1.1221	-0.94442	-0.96342	-0.95396	-0.96271	-0.9613	-0.89688	-0.87134	-0.96503	-1.2603	-1.0862	-0.53411	0.25255	0.85862	1.0476	0.94883	0.79995	0.54658	0.36747	0.23828	0.065397	-0.022684	-0.21445	-0.43342	-0.53359	31.285
774.8	-0.89435	-0.92287	-0.94605	-0.92175	-0.98019	-0.96894	-1.006	-0.92875	-0.85468	-0.83547	-0.77728	-0.79227	-0.78956	-0.84937	-1.128	-0.96188	-0.39598	0.38384	0.91947	1.0844	0.93472	0.78523	0.5496	0.3695	0.2028	0.065759	-0.03236	-0.28468	-0.57548	-0.72211	31.255
773.73	-0.91553	-0.9347	-0.89745	-0.88371	-0.87408	-0.88516	-0.8569	-0.85994	-0.8273	-0.82642	-0.83413	-0.85921	-0.89665	-0.86065	-1.1618	-0.93309	-0.44698	0.41689	0.90202	1.0652	0.95541	0.70003	0.48021	0.32235	0.12937	0.0086061	-0.099361	-0.37151	-0.57628	-0.7329	31.239
750.11	-1.0061	-0.94236	-0.94629	-0.8	-0.85121	-0.8801	-0.86447	-0.87668	-0.85335	-0.86297	-0.8949	-0.86362	-0.81555	-0.90857	-1.1652	-0.94175	-0.31532	0.46356	0.98835	1.0774	0.89547	0.77151	0.52634	0.303	0.17146	0.058082	-0.082756	-0.32971	-0.5429	-0.68535	31.27
743.67	-0.76578	-0.78594	-0.93372	-1.0012	-0.93991	-1.0095	-1.009	-1.0822	-0.91026	-0.92357	-0.90265	-0.88252	-0.90282	-0.96897	-1.2087	-0.94991	-0.33905	0.5014	1.0067	1.1621	0.98394	0.82808	0.5309	0.35522	0.16336	0.078438	-0.043666	-0.26063	-0.5476	-0.75234	31.3
768.36	-0.95205	-0.95184	-1.0344	-1.0384	-1.0081	-0.99849	-1.005	-0.99704	-0.9577	-0.89389	-0.86241	-0.88731	-0.92232	-0.92766	-1.1807	-0.96994	-0.35864	0.34339	1.012	1.0831	0.99137	0.75319	0.5643	0.363	0.17666	0.06631	-0.023001	-0.22614	-0.54006	-0.69862	31.27
782.31	-0.91536	-0.93488	-0.89748	-0.92263	-0.95146	-0.90702	-0.91263	-0.8505	-0.85589	-0.88805	-0.95735	-0.87149	-1.106	-0.94109	-1.2445	-1.0023	-0.45206	0.33727	0.9662	1.074	0.99288	0.75873	0.49477	0.32825	0.18263	0.065128	-0.098271	-0.2734	-0.53044	-0.7829	31.27
772.65	-0.87686	-0.89375	-0.8787	-0.82588	-0.84595	-0.85442	-0.87693	-0.90124	-0.84752	-0.84802	-0.87996	-0.88238	-0.8786	-0.93262	-1.1526	-0.93439	-0.32634	0.45003	0.97827	1.0874	0.93731	0.7394	0.50095	0.33235	0.148	0.094604	-0.08992	-0.27682	-0.54707	-0.72412	31.224
770.51	-0.78918	-0.81152	-0.88115	-0.90714	-0.88754	-0.9316	-0.91716	-0.90375	-0.93591	-0.8914	-0.88241	-0.95095	-0.89072	-0.97578	-1.1774	-0.95715	-0.34751	0.38598	0.97159	0.96576	0.96913	0.74146	0.50234	0.34284	0.19467	0.075706	-0.080566	-0.25155	-0.46834	-0.55918	31.239
759.78	-0.88157	-0.8015	-0.90376	-0.97	-0.91998	-0.91225	-0.89179	-0.97771	-0.92005	-0.93518	-0.9403	-0.97556	-0.95237	-0.95871	-1.2705	-0.95022	-0.42436	0.4135	0.97578	1.1164	0.9927	0.77147	0.52985	0.34769	0.1599	0.037911	-0.091444	-0.28151	-0.54617	-0.75631	31.239
744.74	-0.93044	-0.92725	-0.96349	-0.97938	-0.95885	-0.93066	-0.94889	-0.91421	-0.96829	-0.8798	-0.91294	-0.84705	-0.92154	-0.90463	-1.2293	-1.0007	-0.42244	0.42185	0.99548	1.0959	1.043	0.72727	0.54055	0.35471	0.15355	0.038676	-0.073416	-0.29617	-0.58833	-0.7411	31.117
723.25	-0.91542	-0.86455	-0.88534	-1.0085	-0.96645	-0.92418	-0.90665	-0.9521	-0.82394	-0.90595	-0.85655	-0.88396	-0.90769	-0.93152	-1.1855	-0.98748	-0.35942	0.48078	0.97499	1.206	1.0325	0.80017	0.66383	0.33465	0.18768	0.09086	-0.034667	-0.29573	-0.52032	-0.68988	31.27
745.82	-0.76357	-0.72897	-0.94139	-0.96777	-0.95747	-0.9514	-0.91824	-0.92328	-0.87801	-0.95269	-0.93476	-0.89136	-0.93021	-0.95571	-1.2275	-0.98884	-0.40089	0.42124	1.0232	1.0943	0.99116	0.78591	0.56056	0.3542	0.12466	0.03862	-0.10308	-0.28678	-0.54602	-0.57769	31.27
761.92	-0.93984	-1.0241	-0.89108	-0.94731	-1.0265	-0.9421	-0.91794	-0.91394	-0.88845	-0.89107	-0.8697	-0.79452	-0.94968	-0.90474	-1.158	-0.94755	-0.39242	0.42335	0.87797	1.1342	0.99975	0.76929	0.52836	0.37575	0.18751	0.057181	-0.052334	-0.26316	-0.50405	-0.68466	31.239
759.78	-0.87141	-0.84446	-0.85293	-0.91996	-0.92993	-0.95559	-0.87263	-0.90632	-0.86188	-0.8208	-0.89487	-0.83029	-0.94255	-0.92786	-1.2049	-0.94	-0.35242	0.4135	0.99485	1.1164	1.0124	0.77147	0.55026	0.33798	0.17866	0.067059	-0.081704	-0.26391	-0.53599	-0.61687	31.27
781.23	-1.0055	-0.84215	-0.87894	-0.91416	-0.93341	-0.91881	-0.9232	-0.90126	-0.84764	-0.82859	-0.88134	-0.85095	-0.89758	-0.90238	-1.1294	-0.90424	-0.36273	0.40215	0.95825	1.0447	0.91742	0.71229	0.50537	0.31926	0.13725	0.017973	-0.098406	-0.31658	-0.58063	-0.71617	31.239
771.58	-0.76808	-0.85269	-0.87993	-0.86645	-0.85692	-0.83427	-0.78382	-0.88241	-0.89643	-0.81848	-0.79171	-0.8726	-0.87982	-0.88329	-1.1005	-0.92562	-0.36727	0.40718	0.97024	1.1097	0.97751	0.8462	0.50164	0.3806	0.18516	0.046898	-0.070862	-0.2512	-0.44765	-0.60744	31.209
765.14	-0.71403	-0.51859	-0.71573	-0.9135	-0.89377	-0.90585	-0.82847	-0.75819	-0.79808	-0.80471	-0.8322	-0.84666	-0.82876	-0.83967	-1.0989	-0.87248	-0.40097	0.42157	0.95947	1.0353	0.94652	0.73697	0.516	0.31633	0.18672	0.066589	-0.071458	-0.22709	-0.47162	-0.60266	31.209
756.56	-0.87512	-0.93434	-0.92803	-0.94398	-1.0038	-0.94878	-0.91483	-0.95115	-0.9337	-0.86606	-1.0242	-0.90116	-0.89729	-0.94214	-1.221	-1.0364	-0.46745	0.34875	0.94164	1.0471	1.0862	0.75514	0.48086	0.33942	0.12289	0.028316	-0.12118	-0.28271	-0.53827	-0.70952	31.27
747.97	-0.86454	-0.87961	-0.92836	-1.0057	-0.91429	-0.95968	-0.9448	-0.87919	-1.0429	-1.0028	-0.98977	-0.95691	-1.0272	-0.98429	-1.346	-1.1106	-0.51458	0.28548	0.93309	1.0805	0.98831	0.74397	0.52785	0.36304	0.17195	0.068118	-0.12257	-0.27702	-0.60646	-0.68732	31.255
781.23	-0.97587	-0.90482	-0.88882	-0.85575	-0.95276	-0.88719	-0.87662	-0.91118	-0.81935	-0.85893	-0.93657	-0.81835	-0.89758	-0.86238	-1.14	-0.9639	-0.37272	0.42362	0.98607	1.0652	0.94623	0.67431	0.53515	0.33814	0.16463	0.0085234	-0.098406	-0.35938	-0.6301	-0.75491	31.285
787.67	-0.89933	-0.93888	-0.88157	-0.88738	-0.82023	-0.84859	-0.7863	-0.80537	-0.77526	-0.75161	-0.73172	-0.79011	-0.83346	-0.8355	-1.0464	-0.84754	-0.32012	0.39886	0.93203	1.0362	0.90992	0.70647	0.47171	0.31665	0.11803	0.055312	-0.15398	-0.33098	-0.55627	-0.71992	31.285
745.82	-0.87738	-0.71803	-0.87925	-0.95757	-0.89666	-0.87413	-0.87921	-0.87134	-0.86814	-0.82557	-0.8422	-0.80029	-0.91021	-0.87191	-1.1608	-0.90551	-0.35902	0.44374	1.13	1.0729	0.94086	0.78591	0.52937	0.3542	0.16289	0.078212	-0.07331	-0.27781	-0.47348	-0.56754	31.27
717.87	-0.71806	-0.81419	-0.87045	-0.96307	-0.9421	-0.95404	-1.0047	-1.024	-0.9635	-0.94576	-0.98318	-0.96155	-1.143	-1.0256	-1.3099	-1.0815	-0.44913	0.41428	0.99238	1.1146	1.0088	0.77517	0.56078	0.39881	0.1593	0.070974	-0.13802	-0.27	-0.49191	-0.62126	31.239
732.92	-0.84017	-0.83086	-0.88419	-0.93291	-0.87118	-1.0018	-0.95426	-0.93953	-0.96381	-0.93711	-0.93944	-0.84912	-0.97709	-0.98318	-1.283	-1.0168	-0.40795	0.37144	1.0017	1.1573	1.0598	0.79973	0.59158	0.36043	0.22411	0.08966	-0.0746	-0.30095	-0.56618	-0.70143	31.224
747.97	-1.0812	-0.94507	-0.91803	-0.91415	-0.96483	-0.88263	-0.82803	-0.83776	-0.81641	-0.80207	-0.82824	-0.92286	-0.85776	-0.84851	-1.1131	-0.92368	-0.26403	0.43125	1.0202	1.1233	0.97828	0.76381	0.53822	0.34332	0.1243	-0.010837	-0.21162	-0.32172	-0.63746	-0.81884	31.224
772.65	-0.87686	-0.88319	-0.81873	-0.87509	-0.85573	-0.86508	-0.79215	-0.80096	-0.77125	-0.78667	-0.74593	-0.69558	-0.78211	-0.85173	-1.099	-0.92433	-0.30612	0.45003	0.97827	1.0667	0.94702	0.7298	0.55113	0.35144	0.19413	0.065941	-0.03245	-0.26816	-0.50705	-0.69474	31.255
774.8	-0.69518	-0.7333	-0.72674	-0.88249	-0.86312	-0.85206	-0.93086	-0.86875	-0.84517	-0.85587	-0.85525	-0.86898	-0.77994	-0.91996	-1.1709	-0.9318	-0.3859	0.41631	0.96621	1.0844	0.93472	0.70863	0.46953	0.35047	0.166	0.056231	-0.051464	-0.18974	-0.44579	-0.56585	31.224
780.16	-0.72996	-0.75964	-0.81085	-0.87642	-0.89594	-0.83565	-0.84983	-0.85284	-0.76383	-0.80948	-0.84937	-0.78683	-0.78414	-0.86356	-1.0671	-0.92539	-0.32319	0.4242	0.95957	1.0564	0.96676	0.75131	0.50607	0.34806	0.18313	0.074769	-0.022653	-0.25701	-0.50217	-0.58136	31.27
772.65	-0.89683	-0.96768	-0.95867	-0.89478	-0.79703	-0.83311	-0.82983	-0.84107	-0.79985	-0.80712	-0.84645	-0.82744	-0.78211	-0.84162	-1.1204	-0.87406	-0.35665	0.43918	0.95952	1.0563	0.94702	0.75861	0.52102	0.33235	0.16646	-0.029599	-0.070764	-0.29413	-0.55707	-0.5968	31.285
755.48	-0.95807	-0.92487	-0.92935	-0.90505	-1.0053	-0.86295	-0.88723	-0.86019	-0.84728	-0.83592	-0.84285	-0.84624	-0.80975	-0.89177	-1.113	-0.94534	-0.22006	0.40475	0.98133	1.0909	0.94869	0.73657	0.50207	0.34966	0.10419	-0.0205	-0.17033	-0.32737	-0.57996	-0.74058	31.392
751.19	-0.90192	-0.87584	-0.88325	-0.82923	-0.9305	-0.8898	-0.95043	-0.87542	-0.85213	-0.88277	-0.91659	-0.89629	-0.96326	-0.98007	-1.1966	-0.91972	-0.34606	0.3959	1.0352	1.0972	0.95411	0.75066	0.45332	0.29275	0.15223	0.0088643	-0.1319	-0.33815	-0.68618	-0.72467	31.285
758.7	-0.81162	-0.84565	-0.88468	-0.88116	-0.85154	-0.91354	-0.85468	-0.88718	-0.8631	-0.92609	-0.93026	-0.94336	-0.96354	-0.96007	-1.1848	-1.0028	-0.42496	0.39198	0.95807	1.0863	1.0238	0.77256	0.48972	0.32874	0.13193	0.057424	-0.091574	-0.24665	-0.54694	-0.63769	31.163
793.03	-0.8446	-0.83992	-0.87561	-0.85261	-0.90047	-0.874	-0.91865	-0.93672	-0.78859	-0.89597	-0.91176	-0.88112	-0.84663	-0.96777	-1.2067	-0.98875	-0.40657	0.32214	0.9166	1.0595	0.96999	0.72976	0.63475	0.32381	0.18915	0.064247	-0.078278	-0.27814	-0.52327	-0.61009	31.239
801.6	-0.8837	-0.73932	-0.87588	-0.89093	-0.84369	-0.85438	-0.8725	-0.83004	-0.80773	-0.83711	-0.76206	-0.86111	-0.80967	-0.87945	-1.1938	-0.94911	-0.39248	0.39193	0.89776	1.0481	0.93154	0.75898	0.49253	0.35715	0.14266	0.054351	-0.077441	-0.30854	-0.52731	-0.65077	31.255
766.22	-0.81373	-0.83736	-0.84577	-0.9023	-0.85306	-0.85086	-0.8653	-0.84814	-0.81619	-0.82421	-0.86483	-0.80115	-0.80814	-0.87928	-1.1298	-0.9321	-0.35965	0.37719	0.95813	1.0234	0.94519	0.73593	0.50516	0.31589	0.17716	0.018325	-0.081017	-0.28787	-0.57184	-0.70058	31.27
738.3	-0.7609	-0.76955	-0.7836	-0.86431	-0.71126	-0.87188	-0.84873	-0.86972	-0.91689	-0.88748	-0.89753	-0.81995	-0.88919	-0.9866	-1.3524	-0.99892	-0.42613	0.39146	0.97474	1.1488	1.0013	0.76376	0.52426	0.37778	0.19351	0.06901	0.0061345	-0.23535	-0.46783	-0.59382	31.255
710.34	-0.80171	-0.81133	-0.94492	-0.91974	-0.98401	-0.97574	-1.0256	-1.0021	-0.96334	-0.97803	-0.98145	-1.0674	-1.0711	-1.0914	-1.3122	-1.1476	-0.51985	0.39506	1.0335	1.1377	1.0301	0.8356	0.55581	0.35112	0.15095	0.092511	-0.076971	-0.28227	-0.50801	-0.69177	31.255
726.47	-0.90074	-0.88317	-0.9133	-0.84697	-0.91013	-0.97674	-0.91264	-0.89454	-0.89126	-0.89105	-0.86462	-0.90341	-1.0063	-0.93814	-1.2031	-1.0045	-0.39007	0.38628	1.0205	1.0794	1.0589	0.80683	0.52212	0.35347	0.20647	0.070133	-0.075262	-0.28521	-0.51801	-0.68682	31.239
778.02	-0.77164	-0.74075	-0.79323	-0.81041	-0.88869	-0.79562	-0.79605	-0.85519	-0.81327	-0.78124	-0.81843	-0.83265	-0.7288	-0.89607	-1.0807	-0.90798	-0.35419	0.39303	0.96221	1.0593	0.93085	0.71524	0.50746	0.3111	0.13782	0.065487	-0.12735	-0.2921	-0.52343	-0.68022	31.239
799.46	-0.81851	-0.76172	-0.79128	-0.79819	-0.8365	-0.83608	-0.72008	-0.82257	-0.76382	-0.701	-0.72093	-0.70412	-0.69993	-0.745	-1.0206	-0.80589	-0.33493	0.42445	0.92735	1.0409	0.92466	0.70534	0.47445	0.26585	0.14304	0.036029	-0.059134	-0.26754	-0.50939	-0.66198	31.285
793.03	-0.70839	-0.74731	-0.73926	-0.85261	-0.83375	-0.85324	-0.79016	-0.76084	-0.77931	-0.74653	-0.75942	-0.70983	-0.81842	-0.76089	-1.0393	-0.80262	-0.29826	0.4279	0.96227	1.0696	0.9227	0.75783	0.51741	0.35171	0.19814	0.092173	-0.012953	-0.23597	-0.45504	-0.59101	31.27
758.7	-0.83196	-0.78112	-0.81342	-0.83104	-0.91132	-0.89184	-0.89306	-0.84632	-0.83398	-0.74906	-0.87339	-0.75313	-0.83579	-0.86739	-1.141	-0.92085	-0.34263	0.38093	1.0058	1.0968	1.0139	0.80189	0.5306	0.36762	0.15073	0.076884	-0.042801	-0.25546	-0.496	-0.62772	31.255
737.22	-0.9504	-0.98098	-1.0047	-0.93778	-0.91736	-0.89549	-0.88946	-0.81843	-0.82831	-0.80304	-0.87543	-0.84417	-0.9006	-0.86088	-1.1405	-0.96876	-0.37379	0.42616	1.0253	1.1179	1.0027	0.77494	0.54606	0.31831	0.13578	0.03907	-0.11432	-0.34455	-0.59433	-0.81025	31.255
727.55	-0.94183	-0.89308	-0.90133	-0.86663	-0.90878	-0.88476	-0.86127	-0.82932	-0.81907	-0.77028	-0.74474	-0.79705	-0.83059	-0.8938	-1.0759	-0.88554	-0.30364	0.61626	1.0489	1.1658	1.0367	0.79544	0.51069	0.37323	0.17678	0.070029	-0.14635	-0.33075	-0.59161	-0.72741	31.27
765.14	-0.79471	-0.76388	-0.9479	-0.81411	-0.85425	-0.86281	-0.88554	-0.81895	-0.81733	-0.85634	-0.86604	-0.81337	-0.78978	-0.88051	-1.0772	-0.87248	-0.28872	0.44349	0.95	1.0458	0.94652	0.71758	0.50586	0.30669	0.15877	0.027999	-0.071458	-0.2708	-0.52213	-0.5631	31.209
801.6	-0.71044	-0.73932	-0.7988	-0.83401	-0.82483	-0.8133	-0.83619	-0.84937	-0.86286	-0.79768	-0.80512	-0.77638	-0.72596	-0.85996	-1.1628	-0.87157	-0.34377	0.41286	0.92487	1.0581	0.93154	0.73122	0.48286	0.33875	0.20491	0.054351	-0.058976	-0.25848	-0.42124	-0.55637	31.255
833.71	-0.8219	-0.78915	-0.84214	-0.79276	-0.82026	-0.83135	-0.90874	-0.77948	-0.78545	-0.81434	-0.6706	-0.75666	-0.7606	-0.83621	-1.0682	-0.88459	-0.34926	0.36677	0.87187	0.97896	0.85067	0.69415	0.47356	0.30801	0.12861	0.034549	-0.083335	-0.26457	-0.51627	-0.62571	31.255
806.95	-0.87784	-0.87599	-0.96578	-0.92272	-0.82873	-0.86912	-0.77652	-0.82453	-0.77498	-0.7826	-0.79978	-0.75018	-0.82277	-0.80585	-1.0317	-0.86579	-0.34149	0.4309	0.92771	1.0213	0.95325	0.72636	0.47965	0.31822	0.08871	0.0082517	-0.14112	-0.33135	-0.59086	-0.74023	31.193
729.7	-0.9602	-0.95755	-0.96218	-0.95788	-0.91647	-0.92729	-0.93853	-0.87997	-0.89741	-0.94125	-0.89628	-0.94596	-0.83836	-0.99823	-1.175	-0.97875	-0.36695	0.43055	1.0359	1.1185	0.98221	0.81343	0.50918	0.32159	0.13718	-0.00099129	-0.16621	-0.35727	-0.64283	-0.80823	31.209
703.88	-0.84195	-0.87674	-0.95359	-1.047	-1.0467	-1.0549	-1.0453	-1.0664	-1.0664	-1.0207	-0.9782	-0.94447	-1.0174	-0.96825	-1.3242	-1.0698	-0.48024	0.37485	0.96065	1.1254	0.99692	0.74841	0.49481	0.29147	0.16247	0.061896	-0.077677	-0.27536	-0.51267	-0.65511	31.27
713.57	-0.96028	-1.0135	-1.0705	-1.1074	-1.0537	-1.0406	-1.0107	-0.96501	-0.95899	-0.99575	-1.0012	-0.82457	-0.95135	-0.98795	-1.2946	-1.0989	-0.4409	0.40502	1.039	1.1326	1.0149	0.72785	0.57503	0.40121	0.16026	0.030022	-0.10774	-0.30911	-0.59237	-0.70985	31.255
769.44	-0.99084	-0.89749	-0.80208	-0.88864	-0.9379	-0.8794	-0.8806	-0.82445	-0.83192	-0.78996	-0.77149	-0.78676	-0.88227	-0.83499	-1.0712	-0.85752	-0.26681	0.43011	1.1142	1.0503	0.97048	0.75214	0.48289	0.32415	0.15789	0.047029	-0.10953	-0.33013	-0.5594	-0.71731	31.239
788.74	-0.78072	-0.77207	-0.81182	-0.74154	-0.74244	-0.837	-0.80368	-0.79445	-0.8209	-0.79066	-0.78543	-0.7998	-0.79451	-0.80465	-1.0555	-0.83653	-0.28008	0.45149	0.89403	1.0246	0.88015	0.72433	0.4514	0.27881	0.15402	0.027161	-0.09747	-0.27965	-0.54571	-0.64219	31.27
774.8	-0.68522	-0.68064	-0.80649	-0.86286	-0.85336	-0.91581	-0.8745	-0.89875	-0.86418	-0.86607	-0.96662	-0.78132	-0.94353	-0.9502	-1.1602	-0.99196	-0.39598	0.37301	0.95686	1.0741	0.9444	0.76608	0.53959	0.3695	0.2028	0.075286	-0.041912	-0.21563	-0.42584	-0.51701	31.255
755.48	-0.73338	-0.69804	-0.86801	-0.90505	-0.96523	-0.95013	-0.9932	-0.9525	-0.93503	-0.9405	-0.88854	-0.82377	-0.91831	-0.88143	-1.2557	-0.98648	-0.42677	0.38255	0.97174	1.1333	1.0381	0.81513	0.55339	0.37895	0.23629	0.14561	-0.0038011	-0.17688	-0.3958	-0.53023	31.209
730.77	-0.93767	-0.98964	-1.077	-1.0814	-1.0186	-0.95972	-0.93715	-1.0377	-1.0473	-0.95068	-0.97762	-1.0259	-0.96976	-1.0075	-1.2982	-1.0942	-0.47326	0.39549	0.98477	1.1497	1.0013	0.79193	0.43415	0.37158	0.16624	0.039415	-0.095074	-0.29268	-0.64188	-0.75526	31.239
735.07	-1.1316	-1.1171	-1.1338	-1.0336	-1.0743	-1.0773	-0.95147	-0.97894	-0.90087	-0.83763	-0.84277	-0.82354	-0.8728	-0.79962	-1.1213	-0.91875	-0.36427	0.46163	1.048	1.1648	1.0669	0.80749	0.5793	0.38947	0.17497	0.049227	-0.094518	-0.32736	-0.69071	-0.86409	31.209
771.58	-1.0081	-0.9796	-0.99004	-0.94531	-0.89611	-0.88762	-0.85928	-0.88241	-0.78187	-0.89016	-0.9371	-0.8506	-0.99577	-0.93392	-1.165	-0.94575	-0.35715	0.38544	0.9233	1.0578	0.91917	0.75966	0.50164	0.31369	0.14821	0.046898	-0.090045	-0.31187	-0.60793	-0.8232	31.239
806.95	-0.83959	-0.8861	-0.91792	-0.89445	-0.85683	-0.90993	-0.94789	-0.91095	-0.92102	-0.90988	-0.97088	-0.91852	-0.93365	-0.92202	-1.1859	-1.0198	-0.39955	0.275	0.90078	1.0015	0.92536	0.69878	0.50848	0.3365	0.13288	0.026548	-0.086098	-0.24848	-0.50466	-0.6277	31.239
794.1	-0.8046	-0.82851	-0.89388	-0.97597	-0.96589	-0.98687	-0.9449	-0.90618	-0.92666	-0.92461	-0.91053	-0.94408	-0.92998	-0.93695	-1.2155	-1.0559	-0.45518	0.23721	0.92449	1.048	0.912	0.85023	0.46789	0.34195	0.12605	0.017681	-0.096812	-0.23566	-0.48363	-0.59974	31.209
776.94	-0.75284	-0.86781	-0.85397	-0.89963	-0.9483	-0.93448	-0.94703	-0.90624	-0.91868	-0.92469	-0.89731	-0.92122	-0.92173	-0.93753	-1.1676	-1.0092	-0.44513	0.3396	0.91693	1.0505	0.98042	0.77352	0.4882	0.32102	0.11049	0.065577	-0.089424	-0.30111	-0.54405	-0.67142	31.27
750.11	-0.9855	-0.96412	-0.90511	-0.89125	-0.88145	-0.90205	-0.87417	-0.88701	-0.84353	-0.8419	-0.86038	-0.9089	-0.89506	-0.87732	-1.1762	-0.96246	-0.47146	0.43001	0.9787	1.1201	0.98548	0.79129	0.49532	0.3325	0.13344	0.04824	-0.11235	-0.3208	-0.51199	-0.78623	31.255
747.97	-0.78201	-0.79233	-0.90771	-0.85314	-0.91429	-0.8496	-0.87668	-0.84811	-0.82626	-0.86545	-0.87439	-0.8434	-0.84779	-0.92163	-1.1463	-1.0276	-0.37886	0.39761	0.95245	1.0912	0.97828	0.77373	0.44491	0.30387	0.16242	0.058248	-0.10278	-0.25019	-0.55479	-0.70755	31.27
743.67	-0.79691	-0.93956	-0.8091	-0.83761	-0.90941	-0.88773	-0.83282	-0.87385	-0.88055	-0.87045	-0.85624	-0.83685	-0.91284	-0.77988	-1.1641	-0.93947	-0.32855	0.41118	0.98718	1.119	1.0041	0.76822	0.49962	0.3453	0.17294	0.058585	-0.10338	-0.30559	-0.48524	-0.66076	31.255
756.56	-0.80373	-0.82648	-0.71364	-0.89371	-0.90391	-0.9379	-0.91483	-0.84873	-0.82661	-0.82429	-0.79603	-0.8226	-0.83816	-0.85953	-1.1333	-0.87212	-0.36424	0.39309	0.96079	1.0365	0.95726	0.75514	0.5321	0.33942	0.17942	-0.010714	-0.03314	-0.23851	-0.49741	-0.6295	31.285
784.45	-0.5981	-0.65146	-0.93441	-0.76498	-0.79468	-0.83108	-0.81735	-0.82842	-0.82538	-0.77483	-0.78972	-0.79335	-0.85588	-0.89868	-1.0719	-0.88072	-0.38115	0.38981	0.93586	1.071	0.92322	0.7472	0.5033	0.35555	0.16395	0.14964	-0.060265	-0.23855	-0.44031	-0.53959	31.224
773.73	-0.8557	-0.86087	-0.89745	-0.982	-0.91316	-0.8426	-0.81928	-0.80986	-0.77019	-0.82642	-0.76721	-0.80434	-0.74248	-0.87074	-1.076	-0.89293	-0.28552	0.43857	0.98627	1.0445	0.9748	0.74797	0.49023	0.34142	0.15701	0.056309	-0.089796	-0.24186	-0.53632	-0.64487	31.27
761.92	-0.8487	-0.71356	-0.84039	-0.77762	-0.86778	-0.9529	-0.85107	-0.81224	-0.75312	-0.75626	-0.72246	-0.79452	-0.81269	-0.81246	-1.0709	-0.83539	-0.30019	0.45637	0.95402	1.0817	0.97021	0.77903	0.47747	0.40479	0.15009	0.057181	-0.11061	-0.29827	-0.56492	-0.69459	31.285
741.52	-0.79921	-0.85424	-0.84269	-0.95286	-0.78972	-0.95692	-0.95301	-0.95998	-0.87317	-0.86231	-0.90527	-0.87363	-0.87527	-0.9191	-1.1899	-0.96314	-0.3611	0.435	0.96073	1.0899	0.95643	0.79046	0.55335	0.38609	0.32726	0.058755	-0.013853	-0.23433	-0.51792	-0.67288	31.3
744.74	-0.84756	-0.83959	-0.93238	-0.87725	-0.969	-0.96383	-0.99775	-0.98704	-0.91884	-0.86919	-0.855	-0.85845	-0.88149	-0.91512	-1.1847	-1.0111	-0.25469	0.38807	1.0052	1.1282	0.98252	0.82689	0.54055	0.41413	0.21098	0.078325	-0.053541	-0.19739	-0.46378	-0.63949	31.407
769.44	-0.59974	-0.7172	-0.93257	-0.88864	-0.86914	-0.8794	-0.80493	-0.8748	-0.84149	-0.77969	-0.79392	-0.80883	-0.80476	-0.79437	-1.0389	-0.85752	-0.3074	0.44101	0.99177	1.1128	0.98023	0.80999	0.5232	0.36249	0.20421	0.075811	0.0058863	-0.24321	-0.4489	-0.55996	31.255
786.6	-0.53761	-0.58744	-0.66675	-0.88859	-0.88861	-0.62995	-0.76886	-0.77691	-0.73886	-0.77272	-0.6998	-0.78039	-0.77772	-0.79691	-1.0267	-0.81906	-0.26099	0.43139	0.91489	1.1597	0.91116	0.71687	0.47235	0.28895	0.091006	0.027235	-0.13537	-0.31442	-0.52754	-0.65356	31.239
768.36	-0.67087	-0.69696	-0.72278	-0.87008	-0.97856	-1.0414	-0.70186	-0.8256	-0.82349	-0.71908	-0.79503	-0.67736	-0.74766	-0.81582	-1.0511	-0.8385	-0.318	0.48529	0.97431	1.0726	0.99137	0.71457	0.50375	0.3342	0.13955	0.075917	-0.090422	-0.26966	-0.47971	-0.61983	31.255
760.85	-0.88032	-0.84327	-0.97355	-0.98863	-1.0379	-1.0949	-1.0149	-0.89486	-0.84131	-0.80925	-0.74616	-0.84027	-0.78444	-0.86494	-1.1923	-0.87741	-0.31087	0.43497	0.96489	1.1148	0.98144	0.78013	0.48834	0.35689	0.20651	0.11548	-0.052407	-0.24595	-0.48444	-0.66573	31.27
782.31	-0.97453	-1.0079	-0.99621	-0.95179	-0.99977	-0.98069	-1.0057	-0.90003	-0.88414	-0.85776	-0.89116	-0.90405	-0.80105	-0.88117	-1.1278	-0.98244	-0.38219	0.39088	0.91064	1.0433	0.96411	0.75873	0.51459	0.35653	0.12795	0.055691	-0.079351	-0.31615	-0.5996	-0.76355	31.285
761.92	-1.0411	-1.0884	-0.97218	-0.99722	-0.92731	-0.9529	-0.91794	-0.8936	-0.84979	-0.79774	-0.81307	-0.86138	-0.82248	-0.85347	-1.0709	-0.88637	-0.16696	0.46738	0.99205	1.1237	0.97021	0.75955	0.46729	0.33703	0.14073	0.0087394	-0.14946	-0.35971	-0.65622	-0.84357	31.285
742.59	-1.0059	-1.0508	-1.0495	-0.96173	-1.0634	-0.92227	-0.94183	-0.92729	-0.94134	-0.90363	-0.95044	-0.94096	-0.91417	-1.0019	-1.2216	-0.97221	-0.25543	0.45696	0.97885	1.1099	0.95505	0.73937	0.4899	0.30607	0.1156	-0.040738	-0.17329	-0.35107	-0.66289	-0.84514	31.438
742.59	-0.82923	-0.79807	-0.83107	-0.89003	-0.84965	-0.97771	-1.0104	-1.0316	-1.0108	-1.0419	-1.055	-1.0096	-1.1752	-1.1387	-1.4451	-1.1082	-0.47624	0.33272	0.94959	1.0883	0.97526	0.74936	0.51078	0.3458	0.18279	0.068611	0.016065	-0.243	-0.45472	-0.60058	31.209
768.36	-1.0424	-1.0262	-1.155	-1.0186	-1.0474	-1.0414	-0.99549	-1.0273	-1.0248	-1.1407	-1.0533	-1.1083	-1.0096	-1.009	-1.3534	-1.1418	-0.54156	0.2779	0.90832	1.0831	0.9816	0.7725	0.52393	0.3726	0.19522	0.085525	-0.051895	-0.22614	-0.61048	-0.73801	31.224
782.31	-1.2803	-1.0913	-1.1443	-1.0101	-0.99011	-0.95965	-0.92193	-0.95946	-0.91238	-0.89815	-0.90219	-0.86064	-0.83917	-0.94109	-1.2445	-1.0222	-0.45206	0.33727	0.92916	1.0944	0.91616	0.76821	0.51459	0.31882	0.14618	0.036819	-0.088811	-0.34179	-0.67864	-0.85061	31.27
766.22	-1.1763	-1.1036	-1.0171	-0.93208	-0.85306	-0.93682	-0.9033	-0.88859	-0.85464	-0.88608	-0.85356	-0.76791	-0.89571	-0.93026	-1.184	-1.0132	-0.43098	0.36625	0.93922	1.0339	0.9354	0.65848	0.49504	0.31589	0.10273	-0.00094404	-0.13897	-0.3577	-0.68281	-0.86847	31.239
754.41	-0.90829	-0.937	-0.88972	-0.85593	-0.80629	-0.886	-0.93673	-0.93331	-0.94612	-0.84758	-0.90124	-0.82494	-0.89985	-0.92411	-1.2025	-1.0085	-0.41703	0.40533	0.94432	1.0606	0.94009	0.66878	0.52334	0.33061	0.14213	0.028397	-0.072475	-0.29238	-0.59104	-0.74163	31.27
745.82	-0.66012	-0.78368	-0.82748	-0.88619	-0.94733	-0.99556	-0.9768	-0.96484	-1.0163	-1.0057	-0.99262	-1.0166	-0.93021	-1.0605	-1.2831	-1.1347	-0.46371	0.36502	0.94549	1.0729	0.99116	0.81575	0.53977	0.37397	0.20112	0.10791	-0.063387	-0.20608	-0.47348	-0.5574	31.239
752.26	-0.92114	-0.88544	-0.92306	-0.91904	-0.98946	-0.99798	-0.95875	-0.90508	-0.95861	-0.95503	-0.96117	-1.0079	-0.98171	-0.9579	-1.2942	-1.032	-0.44936	0.38419	0.94702	1.085	1.0126	0.7989	0.55576	0.50803	0.22783	0.10698	-0.043168	-0.27543	-0.54135	-0.71357	31.285
765.14	-0.9258	-0.93452	-0.9378	-0.9135	-0.89377	-0.88433	-0.86651	-0.85946	-0.82696	-0.83569	-0.8322	-0.89104	-0.88722	-0.89072	-1.1314	-0.96387	-0.40097	0.36676	0.94054	1.0458	0.95632	0.70788	0.516	0.31633	0.14946	0.037645	-0.081131	-0.29702	-0.59284	-0.70156	31.255
761.92	-0.85883	-0.94918	-0.89108	-0.8974	-0.85786	-0.85565	-0.84152	-0.82241	-0.84979	-0.83922	-0.85837	-0.82795	-0.93011	-0.88423	-1.0709	-0.94755	-0.33093	0.41234	0.96353	1.0922	0.98005	0.75955	0.508	0.39511	0.093953	0.047492	-0.091187	-0.33338	-0.6055	-0.75418	31.255
756.56	-0.94651	-0.91277	-0.88719	-0.91382	-0.87394	-0.90525	-0.94369	-0.818	-0.90449	-0.89739	-0.92149	-0.86749	-0.89729	-0.96279	-1.2101	-1.0056	-0.42617	0.34875	0.96079	1.0894	0.96717	0.76494	0.5526	0.39791	0.16058	0.057587	-0.072269	-0.26503	-0.58936	-0.68952	31.239
753.34	-0.90959	-0.85168	-0.83972	-0.87735	-0.89774	-0.92005	-0.86077	-0.86264	-0.89858	-0.8383	-0.97126	-0.90501	-0.97041	-0.98765	-1.2703	-1.0305	-0.44872	0.36138	0.92644	1.0834	0.96135	0.81745	0.51379	0.36045	0.24643	0.09703	-0.02346	-0.23953	-0.53032	-0.70251	31.3
775.87	-0.83344	-0.82694	-0.93479	-0.94008	-0.93987	-0.95699	-0.91081	-0.90749	-0.88197	-0.81395	-0.86519	-0.82401	-0.99988	-0.91868	-1.2227	-0.98058	-0.42562	0.32926	0.89019	1.0519	0.9721	0.76502	0.52885	0.33097	0.16577	0.0085823	-0.089547	-0.27567	-0.53484	-0.6626	31.27
794.1	-0.88233	-0.91072	-0.89388	-0.89935	-0.89925	-0.84172	-0.85325	-0.86715	-0.84318	-0.82512	-0.83446	-0.90132	-0.91121	-0.86808	-1.1215	-0.94829	-0.35685	0.31114	0.89712	0.99755	0.88366	0.68207	0.46789	0.27693	0.090147	-0.0009109	-0.14341	-0.29461	-0.5615	-0.67598	31.285
775.87	-0.79366	-0.7428	-0.8651	-0.89107	-0.92038	-0.90394	-0.83577	-0.84757	-0.86299	-0.69175	-0.88743	-0.78024	-0.85574	-0.87841	-1.1586	-0.94052	-0.38536	0.32926	0.90886	0.92813	0.93343	0.70765	0.4489	0.29294	0.16577	0.018097	-0.13724	-0.32739	-0.52487	-0.65284	31.255
753.34	-0.82765	-0.83002	-0.82947	-0.87735	-0.90778	-0.89819	-0.87044	-0.94493	-0.89858	-0.88025	-0.90253	-0.8712	-0.78237	-0.9358	-1.2042	-1.0099	-0.40726	0.39477	0.93605	1.1365	0.96135	0.78791	0.52409	0.35066	0.16126	0.077432	-0.033282	-0.23065	-0.52005	-0.71256	31.27
735.07	-0.85871	-0.83954	-0.98667	-0.90949	-0.96118	-0.94291	-0.92176	-0.83137	-0.90087	-1.0096	-0.88973	-0.91594	-0.96409	-0.92716	-1.2567	-1.035	-0.44924	0.32472	0.94945	1.0885	1.0056	0.79739	0.52656	0.36941	0.16527	0.05927	-0.10459	-0.26368	-0.6171	-0.6479	31.255
728.62	-0.94044	-1.015	-0.9424	-1.001	-0.95931	-0.92866	-0.88997	-0.91317	-0.87852	-0.86674	-0.86207	-0.87744	-0.96239	-0.88176	-1.1768	-0.93754	-0.36749	0.41967	0.98768	1.1311	1.0146	0.78409	0.5525	0.27145	0.15695	0.029402	-0.13598	-0.3119	-0.58013	-0.76788	31.239
725.4	-0.97653	-0.96322	-0.94659	-0.91113	-0.9219	-0.87604	-0.85379	-0.89587	-0.8215	-0.8597	-0.8778	-0.83453	-0.82278	-0.88568	-1.1248	-0.90958	-0.32607	0.39842	1.052	1.1362	0.98803	0.78757	0.56565	0.354	0.12816	0.029533	-0.10598	-0.31329	-0.62533	-0.68784	31.27
750.11	-0.86206	-0.8227	-0.84333	-0.89125	-0.9016	-0.85815	-0.84507	-0.86635	-0.79443	-0.86297	-0.88339	-0.8523	-0.89506	-0.95023	-1.1652	-0.9314	-0.36737	0.41883	0.88213	1.1094	0.96548	0.74184	0.516	0.37183	0.18096	0.04824	-0.092622	-0.29405	-0.56351	-0.70553	31.255
783.38	-0.78606	-0.76693	-0.85681	-0.90195	-0.89226	-0.88476	-0.84634	-0.84934	-0.86412	-0.83641	-0.86791	-0.89197	-0.92367	-0.94977	-1.1686	-0.96126	-0.38167	0.35822	0.91864	1.0623	0.98194	0.73875	0.47429	0.33721	0.17328	0.055615	-0.079242	-0.24742	-0.44091	-0.57897	31.255
797.31	-0.84006	-0.87634	-0.84184	-0.89572	-0.90511	-0.84865	-0.89545	-0.85393	-0.8213	-0.80197	-0.84192	-0.73796	-0.86078	-0.83519	-1.1482	-0.95421	-0.40438	0.38352	0.91167	1.0437	0.92714	0.74445	0.5049	0.34982	0.21495	0.054643	-0.040728	-0.28503	-0.51076	-0.68274	31.285
800.53	-0.92344	-0.81166	-0.85776	-0.88263	-0.81649	-0.83496	-0.76457	-0.80211	-0.79961	-0.80862	-0.8062	-0.85166	-0.86664	-0.77328	-1.1125	-0.86303	-0.33448	0.3715	0.91706	1.0395	0.93279	0.74146	0.44476	0.32999	0.17847	0.072867	-0.10528	-0.29224	-0.63423	-0.64219	31.255
747.97	-0.80264	-0.90143	-1.0006	-1.0057	-0.99514	-0.94867	-0.84749	-0.84811	-0.90503	-0.84432	-0.90901	-0.90015	-1.0272	-0.94252	-1.2129	-1.1106	-0.41018	0.3864	0.93309	1.0484	0.95822	0.72414	0.43454	0.27429	0.095707	-0.00096708	-0.11268	-0.34854	-0.59613	-0.72779	31.285
730.77	-0.87432	-0.88914	-0.85508	-1.0918	-1.0496	-1.0273	-1.0069	-0.99531	-0.99688	-0.96149	-0.95401	-0.93295	-1.1126	-1.0181	-1.3095	-1.0411	-0.47326	0.38401	0.9253	1.1169	0.9705	0.75133	0.50843	0.35139	0.13698	0.029315	-0.13558	-0.29268	-0.53611	-0.71384	31.468
755.48	-0.95807	-0.93567	-0.96002	-0.98559	-1.0553	-1.1354	-0.94503	-1.0038	-1.0715	-1.0346	-0.99134	-0.92491	-0.99726	-1.0262	-1.2887	-1.0687	-0.44744	0.32704	0.93339	1.0485	0.98841	0.74639	0.53286	0.33014	0.17024	0.057669	-0.10176	-0.31852	-0.54927	-0.73056	31.239
774.8	-0.9541	-0.965	-0.93608	-0.96101	-0.96068	-0.9902	-0.97783	-0.89875	-0.8832	-0.87626	-0.85525	-0.80323	-0.75107	-0.87962	-1.1709	-0.96188	-0.39598	0.36219	0.97556	1.0844	1.0315	0.80438	0.50957	0.35998	0.1844	0.065759	-0.11833	-0.32784	-0.68522	-0.75142	31.255
764.07	-0.9271	-0.90379	-0.9189	-0.89488	-0.84556	-0.82092	-0.80105	-0.76939	-0.8474	-0.84721	-0.76561	-0.85896	-0.80065	-0.89197	-1.1222	-0.93472	-0.30956	0.31239	0.99874	1.0891	0.98712	0.74771	0.50658	0.34573	0.13101	-0.0009467	-0.10062	-0.33244	-0.60379	-0.67283	31.285
744.74	-0.79576	-0.75194	-0.8183	-0.86704	-0.83705	-0.97488	-0.8707	-0.87259	-0.87928	-0.85858	-0.855	-0.85845	-0.88149	-0.91512	-1.129	-0.90682	-0.37002	0.55699	0.95658	0.97767	0.9523	0.75715	0.50931	0.42403	0.15355	0.038676	-0.09329	-0.30515	-0.5053	-0.63949	31.27
745.82	-0.86703	-0.88215	-0.9621	-1.029	-0.98787	-0.99556	-0.928	-0.95445	-0.93727	-0.95269	-0.9579	-0.9369	-0.92021	-0.95571	-1.2386	-0.97843	-0.4323	0.37626	0.94549	1.0514	0.95092	0.77596	0.50858	0.3542	0.17245	0.03862	-0.043541	-0.25988	-0.53566	-0.67915	31.255
773.73	-0.88562	-0.97689	-1.0073	-1.0312	-1.0011	-1.0554	-0.91334	-0.86995	-0.86538	-0.85705	-0.88989	-0.83726	-0.87738	-0.93133	-1.1832	-0.96321	-0.39652	0.36269	0.93946	1.0652	0.92632	0.70962	0.49023	0.34142	0.18465	0.027688	-0.070665	-0.28508	-0.56629	-0.72312	31.224
799.46	-0.91502	-0.8842	-0.91687	-0.90284	-0.92159	-0.78458	-0.88395	-0.79349	-0.75461	-0.80971	-0.78569	-0.82094	-0.79319	-0.84272	-1.1036	-0.86419	-0.31539	0.42445	0.90923	1.0409	0.90589	0.70534	0.50355	0.31198	0.16088	0.026797	-0.10542	-0.3261	-0.60607	-0.77557	31.285
794.1	-0.98921	-0.91072	-0.90361	-0.86104	-0.8707	-0.86245	-0.79826	-0.78909	-0.73188	-0.74552	-0.71492	-0.75164	-0.76098	-0.78938	-1.0379	-0.8211	-0.23886	0.459	0.94273	1.0782	0.9309	0.72878	0.46789	0.28622	0.14401	0.017681	-0.096812	-0.34514	-0.5907	-0.74268	31.3
767.29	-0.87293	-0.98508	-0.78419	-0.84156	-0.85186	-0.8604	-0.90203	-0.91764	-0.91104	-0.89514	-0.85237	-0.88855	-0.90418	-0.87805	-1.204	-0.94092	-0.39985	0.38759	0.96623	1.0533	0.95365	0.7349	0.51456	0.32506	0.15833	0.066402	-0.080904	-0.3049	-0.65163	-0.71932	31.27
717.87	-0.87929	-0.85965	-0.94576	-1.0054	-1.1	-0.99991	-1.1061	-1.0348	-1.0148	-0.95676	-1.0433	-0.96155	-0.94565	-1.0582	-1.2753	-1.0706	-0.4165	0.39091	1.0731	1.1592	1.082	0.84751	0.56078	0.36798	0.20895	0.12239	-0.024619	-0.25137	-0.52421	-0.69505	31.285
718.94	-1.0712	-0.97187	-1.1055	-0.99336	-1.0984	-1.0328	-1.0336	-1.0548	-1.0338	-0.96632	-0.99371	-1.0664	-0.87164	-1.0784	-1.3195	-1.0582	-0.45932	0.55364	1.0111	1.1352	1.0386	0.76369	0.53837	0.35717	0.16898	0.0092618	-0.11722	-0.44633	-0.62019	-0.80979	31.209
738.3	-1.0953	-1.068	-1.0451	-1.0085	-0.99794	-0.94994	-0.95717	-0.9012	-0.77722	-0.84468	-0.85078	-0.84294	-0.87909	-0.96544	-1.1501	-0.92526	-0.32037	0.44826	1.0042	1.1163	0.9911	0.76376	0.54526	0.29786	0.1742	0.039014	-0.12418	-0.35311	-0.67722	-0.82956	31.224
759.78	-0.96281	-0.94112	-0.92409	-0.8599	-0.91003	-0.90141	-0.85348	-0.87573	-0.85219	-0.70641	-0.88352	-0.83029	-0.89349	-0.94843	-1.1503	-0.88887	-0.32159	0.44662	0.97578	1.0742	0.97295	0.73241	0.47882	0.32827	0.1599	0.067059	-0.12066	-0.30792	-0.57669	-0.72643	31.224
794.1	-0.73658	-0.78741	-0.78689	-0.84189	-0.81358	-0.87282	-0.90824	-0.93545	-0.93593	-0.91466	-0.94313	-0.80509	-0.94876	-1.0157	-1.2155	-0.98742	-0.37652	0.40619	0.94273	1.048	0.88366	0.74746	0.48742	0.35123	0.14401	0.092049	-0.068853	-0.24408	-0.46416	-0.62833	31.255
782.31	-0.86604	-0.93488	-0.88761	-0.83513	-0.96112	-0.83336	-0.94984	-0.96936	-0.94063	-0.92845	-0.90219	-0.86064	-0.95353	-0.92111	-1.2021	-1.0917	-0.37221	0.34799	0.92916	1.0331	1.0025	0.7777	0.53441	0.36596	0.21908	0.10287	-0.03205	-0.10243	-0.54032	-0.60878	31.27
793.03	-0.92244	-0.95311	-1.0412	-1.0156	-0.97672	-0.93629	-0.937	-0.81947	-0.88147	-0.84616	-0.84647	-0.99889	-0.91244	-0.93822	-1.1963	-1.0377	-0.53457	0.18465	0.8892	1.0292	0.9227	0.73912	0.52719	0.36101	0.1442	0.04563	-0.050281	-0.26127	-0.54276	-0.64826	31.239
774.8	-1.1134	-1.0493	-1.0059	-0.94138	-0.97043	-0.86268	-0.93086	-0.96875	-0.75961	-0.89666	-0.87752	-0.90185	-0.95315	-0.97037	-1.1495	-0.97191	-0.40605	0.36219	0.91012	1.0534	0.93472	0.70863	0.55961	0.28383	0.11999	-0.00093359	-0.15653	-0.371	-0.64531	-0.80025	31.224
720.02	-0.96239	-1.0724	-0.96439	-1.0024	-1.0023	-0.99692	-0.93093	-0.93484	-0.94016	-0.96488	-0.9323	-0.97046	-1.0567	-1.0333	-1.2715	-0.98111	-0.39357	0.43634	0.98942	1.1224	0.99541	0.75224	0.59142	0.27469	0.10932	-0.0010046	-0.16844	-0.38065	-0.65147	-0.80858	31.224
715.72	-0.7849	-0.77103	-0.92702	-0.95533	-0.98717	-0.99141	-0.9772	-0.92963	-0.99727	-0.99275	-0.81733	-0.91699	-0.91724	-0.9959	-1.3371	-1.1281	-0.49412	0.3335	0.98525	1.0956	0.94899	0.82932	0.58414	0.34848	0.28926	0.060873	-0.055712	-0.28015	-0.54739	-0.60198	31.239
756.56	-0.86492	-0.83727	-0.92803	-0.96408	-1.0138	-0.99231	-0.95331	-0.91018	-0.91423	-0.87651	-0.97853	-0.87871	-0.93671	-0.97312	-1.1333	-1.0878	-0.47777	0.29332	0.91292	1.0365	0.96717	0.75514	0.50136	0.30042	0.17	0.057587	-0.062487	-0.28271	-0.50763	-0.67951	31.209
