59211	14	7	88	33.5	748.5	5	0	22.6	1.662	128	4096	10	0	0	0	0	212.72	1614.6	1.8032e+006	0.15205	0.053808	53.37	0	0	1	0	0	0	6	0	0
1587.5	0.15032	0.11817	-0.069466	-0.18715	-0.27865	-0.35574	-0.47481	-0.56247	-0.59102	-0.57964	-0.46373	-0.16213	0.2047	0.64913	0.85396	0.87494	0.68392	0.26898	-0.094447	-0.46792	-0.53646	-0.52664	-0.49497	-0.38442	-0.29394	-0.21364	-0.12535	-0.027197	0.12413	0.16269	1.397
1602.8	0.14889	0.089556	-0.074586	-0.21241	-0.29627	-0.36365	-0.5266	-0.60255	-0.65754	-0.66334	-0.57561	-0.28719	0.074363	0.57324	0.82977	0.86952	0.75243	0.3852	0.028924	-0.3431	-0.43633	-0.45126	-0.44719	-0.34717	-0.25467	-0.19456	-0.11953	-0.015672	0.10173	0.14414	2.1532
1603.5	0.15701	0.10733	-0.074071	-0.21279	-0.30886	-0.39943	-0.50185	-0.6564	-0.71374	-0.74188	-0.68944	-0.42737	-0.091663	0.46824	0.79629	0.86767	0.81442	0.49905	0.15946	-0.21964	-0.34116	-0.38536	-0.38799	-0.30009	-0.23455	-0.18066	-0.11302	-0.020669	0.10216	0.14549	2.8865
1596.9	0.15137	0.10624	-0.099527	-0.20843	-0.32292	-0.40727	-0.5536	-0.70812	-0.77665	-0.84885	-0.83603	-0.59395	-0.27506	0.33465	0.73464	0.83136	0.85103	0.59407	0.25401	-0.11428	-0.25848	-0.33771	-0.34541	-0.27824	-0.22213	-0.16523	-0.1019	-0.012797	0.11323	0.14941	3.6294
1579.2	0.14232	0.082106	-0.099662	-0.24206	-0.34711	-0.45509	-0.59758	-0.76756	-0.88048	-0.95839	-0.99947	-0.79306	-0.49814	0.16772	0.63043	0.78654	0.86994	0.68834	0.36509	-0.015196	-0.18584	-0.27994	-0.31244	-0.25193	-0.19301	-0.15165	-0.088044	-0.04089	0.10129	0.14198	4.3912
1562.5	0.13298	0.10283	-0.1294	-0.25877	-0.38082	-0.5037	-0.6622	-0.83529	-0.97523	-1.1037	-1.1924	-1.0118	-0.74634	-0.023479	0.52516	0.70846	0.87476	0.76066	0.45661	0.083004	-0.11869	-0.22881	-0.28005	-0.23574	-0.18459	-0.14761	-0.080935	-0.018643	0.098908	0.11396	5.1477
1541.1	0.13232	0.090493	-0.11466	-0.26187	-0.40721	-0.52672	-0.71532	-0.89616	-1.0686	-1.2297	-1.3574	-1.2264	-1.0049	-0.23773	0.39195	0.62705	0.86816	0.82075	0.55366	0.19168	-0.041475	-0.16604	-0.22507	-0.19786	-0.15847	-0.11996	-0.064771	-0.016299	0.092758	0.12291	5.8956
1523.3	0.12627	0.093692	-0.12462	-0.27891	-0.42735	-0.54422	-0.76238	-0.9636	-1.1444	-1.3629	-1.5443	-1.4659	-1.2839	-0.47284	0.22008	0.50739	0.83422	0.87108	0.63574	0.27852	0.030929	-0.10321	-0.1768	-0.1687	-0.15518	-0.096648	-0.064556	-0.013416	0.088768	0.10646	6.683
1514	0.12093	0.08295	-0.11926	-0.30725	-0.45594	-0.57639	-0.80361	-1.0187	-1.2531	-1.5012	-1.7448	-1.7065	-1.5611	-0.73015	0.048823	0.37196	0.78056	0.8925	0.71524	0.37012	0.10545	-0.052391	-0.13896	-0.13466	-0.11611	-0.095292	-0.051755	-0.0015729	0.084719	0.10661	7.3956
1513.5	0.11689	0.078665	-0.12441	-0.30786	-0.47857	-0.60216	-0.84716	-1.1004	-1.2974	-1.6061	-1.9409	-1.941	-1.8957	-1.0272	-0.177	0.20372	0.69932	0.90278	0.77914	0.45804	0.18925	0.008373	-0.087768	-0.12057	-0.11803	-0.085082	-0.046394	-0.022783	0.061766	0.08165	8.1506
1524.1	0.099368	0.084004	-0.1058	-0.28425	-0.47324	-0.61955	-0.86368	-1.1278	-1.382	-1.7572	-2.0842	-2.1542	-2.1842	-1.3142	-0.40328	0.022878	0.59708	0.89702	0.81551	0.52469	0.24552	0.06137	-0.050522	-0.087309	-0.086338	-0.055427	-0.033931	-0.012092	0.070462	0.091009	8.879
1537.9	0.089447	0.065742	-0.11841	-0.30841	-0.47637	-0.62471	-0.89144	-1.1625	-1.4635	-1.8529	-2.2603	-2.3922	-2.4929	-1.623	-0.64673	-0.18293	0.4709	0.85845	0.84306	0.59078	0.31113	0.11726	-0.0062022	-0.047201	-0.062854	-0.04485	-0.018228	-0.0076356	0.069328	0.09413	9.6126
1549.9	0.081287	0.05523	-0.12049	-0.29522	-0.50439	-0.65122	-0.91788	-1.213	-1.5187	-1.8533	-2.4248	-2.6114	-2.7964	-1.9255	-0.8933	-0.38101	0.33728	0.83232	0.86738	0.65335	0.37648	0.16661	0.040876	-0.010669	-0.023272	-0.019737	-0.00041975	0.0053678	0.054829	0.062153	10.275
1559	0.075864	0.054908	-0.10195	-0.31448	-0.48932	-0.65851	-0.93727	-1.2432	-1.5784	-2.0077	-2.6055	-2.8499	-3.1282	-2.2891	-1.1829	-0.62346	0.18205	0.77098	0.87486	0.67983	0.42915	0.2237	0.075954	0.02393	0.00064076	-0.0021021	-0.0004173	0.017348	0.060954	0.056452	10.996
1563.5	0.058371	0.036481	-0.10462	-0.31308	-0.48838	-0.66238	-0.96387	-1.3021	-1.6501	-2.1358	-2.7928	-3.0854	-3.4524	-2.6057	-1.4628	-0.86363	0.015222	0.69847	0.87741	0.73263	0.46868	0.25626	0.11293	0.055466	0.022067	0.031426	0.028457	0.013021	0.052372	0.059675	11.691
1562.9	0.03914	0.030752	-0.08736	-0.31125	-0.48374	-0.66897	-0.97683	-1.3298	-1.7252	-2.2241	-2.9838	-3.3371	-3.7939	-2.9692	-1.7612	-1.1041	-0.15114	0.62684	0.88008	0.77441	0.52215	0.31475	0.15316	0.089937	0.043057	0.037578	0.039359	0.025862	0.061296	0.049047	12.364
1559.6	0.031307	0.032911	-0.11478	-0.30996	-0.50512	-0.69784	-1.0125	-1.3987	-1.7775	-2.3307	-3.1794	-3.6087	-4.1433	-3.3366	-2.0729	-1.3834	-0.33269	0.54804	0.87777	0.80839	0.57809	0.35347	0.19426	0.11567	0.06783	0.057536	0.056525	0.042212	0.069355	0.063222	13
1553.3	0.011068	-5.1916e-005	-0.085912	-0.30192	-0.48089	-0.69802	-1.033	-1.4274	-1.8587	-2.4592	-3.3484	-3.8524	-4.4707	-3.6756	-2.3686	-1.6125	-0.50295	0.4709	0.88226	0.83176	0.6099	0.39646	0.2235	0.15222	0.088757	0.075354	0.064853	0.051855	0.057197	0.041556	13.66
1542.8	-0.022366	-0.026499	-0.10152	-0.28229	-0.51113	-0.71507	-1.0651	-1.4678	-1.9516	-2.5702	-3.4927	-4.1165	-4.8255	-4.0608	-2.68	-1.896	-0.69162	0.37898	0.87139	0.86184	0.64033	0.4386	0.24815	0.15613	0.11709	0.079697	0.068175	0.037037	0.032537	0.018787	14.336
1530.3	-0.036161	-0.041111	-0.11849	-0.29601	-0.5133	-0.73055	-1.0908	-1.5151	-2.0103	-2.6984	-3.6202	-4.4173	-5.2359	-4.5031	-3.0444	-2.219	-0.9151	0.26204	0.85764	0.88295	0.67984	0.46591	0.29121	0.1921	0.13015	0.10205	0.074532	0.057877	0.030779	0.0090494	14.929
1515.3	-0.054341	-0.060367	-0.12323	-0.29443	-0.50292	-0.73399	-1.1136	-1.5644	-2.1007	-2.8467	-3.8674	-4.7104	-5.6376	-4.9401	-3.4206	-2.5455	-1.1622	0.14564	0.83602	0.89857	0.7242	0.50284	0.31405	0.21737	0.14743	0.12157	0.09041	0.07169	0.028534	-0.001847	15.536
1503.6	-0.05887	-0.065178	-0.13036	-0.28205	-0.5179	-0.72984	-1.1364	-1.6183	-2.1597	-2.9508	-4.0169	-4.9977	-6.0152	-5.3693	-3.7959	-2.8722	-1.3977	0.02964	0.81073	0.91621	0.76277	0.5329	0.35621	0.25486	0.16422	0.12694	0.095543	0.058906	0.030299	-0.01092	16.115
1491.7	-0.11831	-0.12368	-0.17075	-0.27513	-0.51291	-0.73236	-1.1532	-1.6292	-2.2204	-3.0485	-4.1976	-5.2773	-6.3976	-5.7563	-4.1299	-3.1582	-1.6088	-0.092126	0.77594	0.91709	0.78345	0.56402	0.37413	0.25937	0.17509	0.14973	0.099283	0.066101	0.015515	-0.031299	16.653
1485.3	-0.13336	-0.13301	-0.19073	-0.29424	-0.48104	-0.7178	-1.17	-1.668	-2.2935	-3.1373	-4.3977	-5.5042	-6.7069	-6.0931	-4.4354	-3.4256	-1.8155	-0.20941	0.75394	0.92861	0.81967	0.59043	0.41021	0.28334	0.19265	0.15385	0.11267	0.063235	0.015061	-0.037549	17.124
1479.1	-0.15479	-0.17219	-0.20198	-0.29805	-0.46875	-0.71525	-1.1272	-1.6829	-2.3325	-3.2065	-4.5084	-5.7277	-7.0209	-6.4769	-4.7525	-3.7294	-2.0201	-0.32824	0.72528	0.9336	0.83935	0.62351	0.42504	0.30597	0.20407	0.16348	0.11464	0.072997	0.0020593	-0.048963	17.637
1477.5	-0.19308	-0.20993	-0.23617	-0.31381	-0.47487	-0.70152	-1.1515	-1.6905	-2.321	-3.2805	-4.6504	-5.9285	-7.319	-6.7904	-5.041	-3.9599	-2.2257	-0.45403	0.68339	0.92429	0.84175	0.64074	0.45226	0.31528	0.21248	0.17265	0.12328	0.059495	-0.0073549	-0.051575	18.072
1477.9	-0.24419	-0.23361	-0.27373	-0.34151	-0.46553	-0.62166	-1.1074	-1.6653	-2.3443	-3.3213	-4.7425	-6.0486	-7.5152	-7.0776	-5.2956	-4.2075	-2.3989	-0.54697	0.65085	0.93594	0.8669	0.66315	0.46525	0.33765	0.23123	0.16761	0.12875	0.059025	-0.013628	-0.077162	18.494
1479.9	-0.296	-0.3513	-0.3052	-0.39553	-0.46491	-0.61527	-1.0695	-1.6437	-2.37	-3.343	-4.8213	-6.1806	-7.7389	-7.3163	-5.4954	-4.3977	-2.5387	-0.62615	0.6167	0.93199	0.88197	0.67931	0.48506	0.34767	0.23767	0.17836	0.11908	0.053072	-0.028757	-0.1103	18.901
1482.7	-0.28452	-0.35394	-0.35984	-0.39786	-0.48953	-0.59245	-1.0027	-1.6171	-2.3501	-3.3596	-4.8483	-6.2794	-7.9033	-7.4848	-5.6724	-4.5471	-2.6687	-0.71264	0.58183	0.91727	0.88081	0.68904	0.49042	0.35596	0.23097	0.17503	0.12435	0.050716	-0.050077	-0.10754	19.29
1484.6	-0.36628	-0.41725	-0.42234	-0.47164	-0.51691	-0.60945	-0.93034	-1.5191	-2.2817	-3.34	-4.8765	-6.3316	-7.9637	-7.6038	-5.7894	-4.667	-2.7484	-0.76768	0.5689	0.91504	0.88223	0.69866	0.49868	0.35651	0.23164	0.18078	0.1187	0.031281	-0.06251	-0.14563	19.605
1491.8	-0.37691	-0.47157	-0.52901	-0.52441	-0.58635	-0.65891	-0.87605	-1.4384	-2.2039	-3.2861	-4.8232	-6.2729	-7.9809	-7.6548	-5.8624	-4.7265	-2.8303	-0.82072	0.53652	0.90791	0.88849	0.70272	0.49366	0.36763	0.23577	0.18485	0.11664	0.034716	-0.064279	-0.1576	19.922
1497.9	-0.44594	-0.56443	-0.61141	-0.59385	-0.61272	-0.68645	-0.82729	-1.3425	-2.073	-3.1994	-4.7402	-6.2229	-7.9638	-7.622	-5.8495	-4.7145	-2.8323	-0.82185	0.52659	0.90046	0.88937	0.69886	0.49268	0.35628	0.2329	0.18212	0.10974	0.020735	-0.094977	-0.16656	20.162
1505.9	-0.42206	-0.53651	-0.65228	-0.66646	-0.71438	-0.73147	-0.89347	-1.1857	-1.9231	-3.0444	-4.5661	-6.0698	-7.78	-7.4975	-5.7469	-4.6539	-2.7935	-0.81582	0.53823	0.89675	0.88167	0.69171	0.48904	0.34509	0.21463	0.15665	0.079672	-0.021565	-0.14939	-0.25361	20.355
1506.6	-0.43466	-0.54329	-0.74936	-0.76457	-0.83445	-0.86609	-0.96405	-1.1373	-1.6689	-2.819	-4.3749	-5.8336	-7.5199	-7.2922	-5.5806	-4.5228	-2.6771	-0.75476	0.5572	0.90323	0.87677	0.68744	0.48211	0.33807	0.20932	0.14726	0.064899	-0.042861	-0.18062	-0.27509	20.493
1505.1	-0.53508	-0.61325	-0.82147	-0.98315	-0.91065	-0.89707	-0.98632	-1.1112	-1.4436	-2.5206	-4.0451	-5.5593	-7.1443	-6.9665	-5.3163	-4.289	-2.5149	-0.6647	0.59964	0.92969	0.88216	0.67878	0.46303	0.31538	0.19296	0.12338	0.046772	-0.073121	-0.21162	-0.32163	20.571
1500.7	-0.60707	-0.73194	-1.039	-1.0139	-1.0286	-1.0736	-1.0159	-1.0612	-1.2431	-2.1936	-3.6698	-5.1143	-6.6389	-6.4843	-4.9061	-3.9411	-2.2547	-0.52077	0.65689	0.94038	0.89171	0.67087	0.47057	0.30647	0.16977	0.097669	0.020278	-0.096951	-0.26683	-0.40677	20.587
1497.1	-0.74666	-0.82855	-1.2061	-1.1052	-1.1074	-1.0355	-1.0538	-0.99807	-1.0646	-1.8353	-3.2124	-4.6713	-6.0016	-5.8999	-4.4137	-3.5236	-1.9488	-0.33773	0.72331	0.94908	0.86381	0.64325	0.42976	0.27371	0.13828	0.065856	-0.0083442	-0.1432	-0.33459	-0.46437	20.591
1492.7	-0.84292	-0.96162	-1.2722	-1.1732	-1.0878	-1.092	-0.88867	-0.86446	-0.89005	-1.4479	-2.7847	-4.1827	-5.3698	-5.275	-3.8797	-3.0644	-1.6004	-0.14207	0.78219	0.96579	0.84371	0.60835	0.40088	0.2335	0.093313	0.022037	-0.070836	-0.21261	-0.43447	-0.57522	20.551
1487	-1.0267	-1.0531	-1.2366	-1.0181	-0.90492	-0.91072	-0.84607	-0.77346	-0.72753	-1.19	-2.4374	-3.8077	-4.8524	-4.7619	-3.4427	-2.7047	-1.3398	-0.015148	0.81929	0.95657	0.82172	0.58175	0.36175	0.19372	0.041898	-0.020571	-0.12635	-0.28358	-0.5692	-0.76724	20.518
1478.5	-1.0258	-1.0294	-0.96211	-0.85935	-0.92955	-0.88032	-0.75839	-0.71974	-0.65401	-1.0541	-2.2728	-3.5919	-4.5081	-4.3835	-3.1292	-2.4003	-1.1236	0.12147	0.86221	0.95937	0.79347	0.53843	0.33498	0.16291	0.011283	-0.069118	-0.15961	-0.32095	-0.55052	-0.7215	20.407
1466.8	-0.90727	-0.93245	-0.90029	-0.86311	-0.91946	-0.85761	-0.72823	-0.65787	-0.62459	-1.0561	-2.2351	-3.4782	-4.3541	-4.1358	-2.9189	-2.197	-0.96219	0.22078	0.88639	0.95503	0.76503	0.49519	0.29484	0.12801	-0.0080666	-0.085776	-0.18208	-0.34357	-0.53489	-0.67877	20.24
1454.6	-0.79078	-0.80398	-0.75973	-0.80972	-0.91733	-0.80824	-0.70284	-0.67194	-0.67238	-1.1926	-2.4034	-3.553	-4.4051	-4.0975	-2.8557	-2.1301	-0.9134	0.24686	0.8824	0.92786	0.723	0.47233	0.24987	0.072298	-0.064985	-0.12862	-0.21159	-0.33543	-0.50592	-0.60905	20.061
1446.8	-0.67397	-0.68366	-0.72752	-0.81461	-0.8789	-0.77958	-0.71468	-0.65628	-0.72742	-1.4661	-2.6007	-3.7095	-4.5443	-4.1585	-2.894	-2.1335	-0.89834	0.27138	0.89366	0.93396	0.71548	0.46308	0.23192	0.079825	-0.056465	-0.12166	-0.19278	-0.30812	-0.41942	-0.51661	19.781
1448.5	-0.62681	-0.59945	-0.70211	-0.75324	-0.8006	-0.70815	-0.66959	-0.68704	-0.82721	-1.7081	-2.7613	-3.7788	-4.6381	-4.1707	-2.8704	-2.1067	-0.86976	0.29189	0.90657	0.93116	0.70011	0.44203	0.21344	0.061397	-0.056397	-0.11845	-0.18182	-0.27404	-0.37729	-0.46165	19.39
1461.3	-0.59176	-0.62045	-0.6447	-0.65401	-0.61773	-0.62252	-0.62987	-0.62164	-0.88248	-1.8073	-2.8246	-3.776	-4.6246	-4.1273	-2.8198	-2.0479	-0.81994	0.31976	0.89468	0.90056	0.67037	0.41025	0.19618	0.044205	-0.084197	-0.1159	-0.19441	-0.28354	-0.40732	-0.5006	18.97
1481.2	-0.53379	-0.54269	-0.5453	-0.57744	-0.58237	-0.57858	-0.52313	-0.58242	-0.94918	-1.8534	-2.807	-3.6851	-4.4748	-3.9309	-2.6362	-1.9066	-0.7135	0.36811	0.89536	0.88791	0.64413	0.38019	0.16318	0.012738	-0.099908	-0.15521	-0.20229	-0.27657	-0.36322	-0.4392	18.424
1508.9	-0.44167	-0.48461	-0.53069	-0.52401	-0.50156	-0.50249	-0.47157	-0.54298	-1.0333	-1.8466	-2.6994	-3.5404	-4.2578	-3.6745	-2.418	-1.7022	-0.58088	0.42639	0.88326	0.84616	0.60398	0.3442	0.14785	0.0037061	-0.1113	-0.15774	-0.20005	-0.25864	-0.32378	-0.36093	17.82
1532.7	-0.42827	-0.45419	-0.4655	-0.44392	-0.42768	-0.43613	-0.4215	-0.56993	-1.0802	-1.8246	-2.6682	-3.3613	-4.0384	-3.4202	-2.1948	-1.511	-0.44653	0.49145	0.88702	0.821	0.56425	0.3103	0.11874	-0.030518	-0.12585	-0.16493	-0.20273	-0.26335	-0.32631	-0.36372	17.137
1559.8	-0.37631	-0.3898	-0.40988	-0.38306	-0.37857	-0.36944	-0.37219	-0.59331	-1.112	-1.7813	-2.5765	-3.1685	-3.7618	-3.1088	-1.9327	-1.2895	-0.28309	0.55389	0.88462	0.79032	0.53329	0.27637	0.095303	-0.043227	-0.12229	-0.17011	-0.21629	-0.23777	-0.28149	-0.31568	16.387
1565.6	-0.35126	-0.36594	-0.34473	-0.34861	-0.33614	-0.3197	-0.34617	-0.62131	-1.1389	-1.7505	-2.589	-3.0374	-3.5498	-2.8653	-1.7221	-1.0982	-0.15487	0.61666	0.87857	0.75774	0.48004	0.23223	0.04641	-0.076987	-0.14461	-0.18268	-0.20746	-0.245	-0.27947	-0.30968	15.555
1564.6	-0.31845	-0.31455	-0.30991	-0.29877	-0.31751	-0.27781	-0.3357	-0.66629	-1.1707	-1.738	-2.4738	-2.8875	-3.3343	-2.6215	-1.4963	-0.91172	-0.031201	0.67978	0.87267	0.72192	0.4372	0.18829	0.017694	-0.10155	-0.17295	-0.20073	-0.22652	-0.24687	-0.26285	-0.28231	14.646
1544.9	-0.27305	-0.26203	-0.26885	-0.2686	-0.26382	-0.2547	-0.37766	-0.73846	-1.1651	-1.7182	-2.3868	-2.7846	-3.1427	-2.3772	-1.2978	-0.72619	0.10537	0.73565	0.88001	0.68913	0.40052	0.15514	-0.0071773	-0.12958	-0.1853	-0.20806	-0.2294	-0.22404	-0.24618	-0.26435	13.731
1528.1	-0.23365	-0.23983	-0.23947	-0.21533	-0.21677	-0.2241	-0.37182	-0.78565	-1.203	-1.6699	-2.2703	-2.6137	-2.9046	-2.1274	-1.0885	-0.54202	0.22917	0.79811	0.88261	0.66373	0.35879	0.11316	-0.042779	-0.15707	-0.21161	-0.23499	-0.24355	-0.24358	-0.214	-0.22369	12.746
1513.6	-0.21601	-0.19414	-0.18359	-0.18423	-0.1709	-0.18654	-0.43165	-0.81059	-1.179	-1.5966	-2.1757	-2.485	-2.6985	-1.8866	-0.87308	-0.36295	0.36446	0.83734	0.87384	0.61244	0.31762	0.062778	-0.082126	-0.18879	-0.22918	-0.23139	-0.2273	-0.22073	-0.18898	-0.17234	11.675
1504.6	-0.12448	-0.12317	-0.14824	-0.12063	-0.12922	-0.1893	-0.45165	-0.82265	-1.1415	-1.5169	-2.0339	-2.2781	-2.4223	-1.5889	-0.61971	-0.13638	0.49743	0.88973	0.85596	0.57887	0.25968	0.015326	-0.10684	-0.20855	-0.23623	-0.2421	-0.22522	-0.20961	-0.13463	-0.1452	10.597
1500.6	-0.096522	-0.083797	-0.069884	-0.1027	-0.11445	-0.20955	-0.51394	-0.84443	-1.1401	-1.5146	-1.8949	-2.0595	-2.1151	-1.2739	-0.3897	0.05378	0.61372	0.90939	0.80849	0.49823	0.18037	-0.041488	-0.17895	-0.25431	-0.26536	-0.26339	-0.2337	-0.20124	-0.11747	-0.11785	9.4717
1499.5	-0.023527	-0.036515	-0.054485	-0.079447	-0.13873	-0.26516	-0.54782	-0.8275	-1.0884	-1.4404	-1.7594	-1.864	-1.8557	-0.99355	-0.15873	0.22324	0.71469	0.90114	0.75453	0.40679	0.09696	-0.11474	-0.21942	-0.28894	-0.30074	-0.26556	-0.23783	-0.18133	-0.086116	-0.055361	8.263
1505.1	0.03398	0.021091	-0.0086114	-0.05995	-0.13671	-0.30684	-0.54772	-0.81259	-1.0487	-1.3342	-1.5705	-1.6145	-1.5154	-0.70592	0.066752	0.39894	0.80438	0.89946	0.68916	0.32391	0.018842	-0.17297	-0.26137	-0.30109	-0.29867	-0.27782	-0.24088	-0.16066	-0.048818	-0.033535	7.0225
1507.4	0.061059	0.039465	0.022147	-0.037658	-0.15556	-0.31239	-0.54158	-0.76612	-0.94983	-1.2232	-1.3924	-1.384	-1.2336	-0.43016	0.25653	0.53956	0.84978	0.86471	0.6045	0.21296	-0.071269	-0.24506	-0.31448	-0.34908	-0.33464	-0.30531	-0.24788	-0.16263	-0.028233	-0.013906	5.7796
1514.1	0.10156	0.10989	0.035822	-0.073658	-0.1998	-0.33601	-0.52139	-0.73201	-0.92712	-1.1134	-1.2015	-1.1244	-0.9076	-0.16045	0.45264	0.68596	0.88417	0.79108	0.49466	0.095175	-0.16807	-0.31943	-0.3643	-0.37676	-0.34398	-0.29518	-0.25166	-0.16898	-0.011771	0.027638	4.4477
1518.4	0.13226	0.13107	0.034192	-0.11301	-0.21715	-0.33125	-0.49928	-0.65388	-0.83182	-0.97231	-1.0077	-0.88967	-0.61186	0.074625	0.59558	0.77711	0.89398	0.72253	0.38019	-0.031092	-0.26689	-0.40157	-0.41994	-0.40676	-0.36506	-0.32691	-0.24315	-0.14339	0.024403	0.077395	3.0577
1530.9	0.15437	0.13641	0.0021296	-0.10415	-0.22575	-0.30383	-0.44484	-0.58125	-0.72836	-0.82198	-0.79036	-0.62013	-0.31079	0.30418	0.73327	0.84642	0.86938	0.60162	0.24273	-0.17673	-0.37695	-0.47779	-0.47782	-0.45935	-0.38677	-0.32908	-0.23537	-0.12912	0.051976	0.12373	1.6846
1540.8	0.14136	0.11116	-0.011419	-0.12569	-0.19388	-0.27515	-0.39804	-0.52923	-0.6228	-0.67618	-0.59596	-0.39738	-0.048456	0.49439	0.82277	0.88584	0.81361	0.44751	0.079447	-0.34235	-0.49527	-0.5609	-0.53967	-0.48655	-0.4051	-0.34324	-0.23866	-0.10615	0.059667	0.12686	0.27582
1550.6	0.14395	0.12625	-0.017822	-0.10086	-0.17657	-0.24208	-0.33685	-0.4819	-0.5153	-0.52464	-0.38015	-0.14902	0.20957	0.66004	0.8641	0.87171	0.68961	0.23968	-0.13126	-0.52345	-0.6305	-0.66547	-0.60326	-0.53008	-0.43471	-0.34154	-0.25433	-0.086499	0.084711	0.14753	-1.1663
1550.5	0.13599	0.11257	-0.0058669	-0.090566	-0.14928	-0.19909	-0.28242	-0.38248	-0.40703	-0.38658	-0.19707	0.062335	0.43366	0.76388	0.86202	0.82617	0.50937	0.0038629	-0.3527	-0.73257	-0.76795	-0.74829	-0.67082	-0.58101	-0.45313	-0.36775	-0.23764	-0.1154	0.082224	0.14217	-2.5845
1546.2	0.12091	0.10603	-0.0058844	-0.075572	-0.12623	-0.16876	-0.24932	-0.30889	-0.30909	-0.2359	-0.0050676	0.26623	0.61522	0.84384	0.81883	0.71895	0.28911	-0.29826	-0.63242	-0.98002	-0.94964	-0.86315	-0.76448	-0.63607	-0.48575	-0.40125	-0.25745	-0.12481	0.082956	0.13033	-4.0374
1537	0.11209	0.09923	0.0081509	-0.043366	-0.089116	-0.11139	-0.19494	-0.23965	-0.20407	-0.097486	0.18019	0.45288	0.77317	0.85143	0.70121	0.52765	-0.025666	-0.64873	-0.95149	-1.2588	-1.1345	-0.98271	-0.85735	-0.70658	-0.54803	-0.42335	-0.28162	-0.11033	0.08999	0.13111	-5.4359
1526.4	0.11691	0.10259	0.029459	-0.027722	-0.053087	-0.099751	-0.1281	-0.15349	-0.091122	0.031243	0.34369	0.62343	0.86838	0.81689	0.53268	0.29565	-0.39518	-1.0576	-1.2964	-1.5454	-1.3251	-1.1188	-0.95168	-0.75303	-0.57004	-0.43498	-0.32527	-0.11723	0.07694	0.11665	-6.8051
1519.5	0.1078	0.10091	0.021969	0.0016823	-0.02945	-0.083951	-0.077434	-0.069027	0.013651	0.17282	0.49803	0.75143	0.90719	0.71727	0.25612	-0.038408	-0.85073	-1.5211	-1.6756	-1.8554	-1.5173	-1.246	-1.029	-0.83219	-0.59609	-0.487	-0.29217	-0.12128	0.070678	0.10424	-8.1222
1512.7	0.087875	0.073848	0.043512	0.0067174	-0.0020986	-0.013573	-0.011383	0.0054498	0.097458	0.27857	0.61605	0.82718	0.89348	0.56088	-0.043817	-0.42221	-1.3444	-2.018	-2.0848	-2.1701	-1.7289	-1.3771	-1.1248	-0.86661	-0.652	-0.50772	-0.33065	-0.12536	0.059752	0.08219	-9.3647
1517.1	0.087114	0.087083	0.050513	0.04179	0.021824	0.016856	0.028947	0.074896	0.19574	0.38297	0.70814	0.89028	0.83784	0.34093	-0.40953	-0.86754	-1.9056	-2.5446	-2.4856	-2.4762	-1.9034	-1.5061	-1.2059	-0.91079	-0.65576	-0.50383	-0.32483	-0.12235	0.045824	0.069982	-10.661
1522.1	0.066044	0.067497	0.059483	0.04615	0.05155	0.041683	0.071412	0.13116	0.27639	0.48294	0.78066	0.9108	0.73763	0.091386	-0.81153	-1.3236	-2.4524	-3.0575	-2.8896	-2.7973	-2.085	-1.6294	-1.2693	-0.95482	-0.68688	-0.50121	-0.33641	-0.11449	0.02333	0.039923	-11.87
1537.9	0.059344	0.073702	0.066404	0.057544	0.081493	0.088899	0.13599	0.19481	0.34491	0.54784	0.8422	0.89866	0.60302	-0.19505	-1.2288	-1.81	-3.0146	-3.5747	-3.2832	-3.0819	-2.2479	-1.7371	-1.3555	-1.0102	-0.69186	-0.53589	-0.33391	-0.10809	0.020075	0.033607	-12.995
1547.3	0.038039	0.052686	0.063004	0.076363	0.09663	0.11124	0.17185	0.23669	0.40327	0.61293	0.86831	0.87619	0.4413	-0.53064	-1.6808	-2.3267	-3.6059	-4.1014	-3.6696	-3.3363	-2.434	-1.8454	-1.4044	-1.0346	-0.7093	-0.53454	-0.31513	-0.088845	-0.0050241	0.0074829	-14.067
1564	0.045034	0.075083	0.073693	0.10424	0.1275	0.1448	0.22121	0.29659	0.45926	0.66905	0.89604	0.82669	0.25593	-0.88715	-2.1377	-2.8534	-4.1826	-4.6053	-4.039	-3.5828	-2.5583	-1.9159	-1.4356	-1.0556	-0.73138	-0.51233	-0.30516	-0.087044	-0.013868	-0.005661	-15.057
1573	0.020739	0.063755	0.083578	0.12056	0.14839	0.17693	0.22965	0.32985	0.51279	0.70989	0.9139	0.7755	0.064394	-1.261	-2.6147	-3.3885	-4.7754	-5.1247	-4.4375	-3.8649	-2.7199	-2.019	-1.5007	-1.0739	-0.70404	-0.5272	-0.33068	-0.11035	-0.036881	-0.037859	-15.932
1586.1	0.0064612	0.055514	0.088736	0.12293	0.16671	0.19936	0.27273	0.36623	0.5462	0.74292	0.91511	0.71668	-0.11758	-1.5866	-3.0253	-3.8515	-5.2719	-5.5659	-4.7664	-4.0583	-2.8419	-2.066	-1.5456	-1.0837	-0.72209	-0.48332	-0.29157	-0.1124	-0.058997	-0.056633	-16.792
1591.2	-0.0076228	0.057385	0.092331	0.13161	0.17187	0.22096	0.30021	0.39865	0.57868	0.75392	0.89967	0.65406	-0.29713	-1.8853	-3.4065	-4.2726	-5.7494	-5.9769	-5.0614	-4.2981	-2.943	-2.0957	-1.5581	-1.1275	-0.70586	-0.49474	-0.27109	-0.14481	-0.09038	-0.08641	-17.499
1592.3	-0.012464	0.042486	0.084996	0.13965	0.17936	0.21823	0.31098	0.41639	0.59912	0.78568	0.88391	0.56779	-0.51045	-2.2492	-3.8352	-4.7553	-6.2576	-6.4013	-5.286	-4.4909	-3.048	-2.1698	-1.5864	-1.0563	-0.68525	-0.47355	-0.25697	-0.15228	-0.13013	-0.13911	-18.15
1586.5	-0.04315	0.0035497	0.085791	0.14926	0.18763	0.23875	0.33413	0.44428	0.62823	0.81146	0.88441	0.50778	-0.68667	-2.5444	-4.2137	-5.1639	-6.7032	-6.7724	-5.4696	-4.6824	-3.1362	-2.1861	-1.5995	-1.0853	-0.69449	-0.47761	-0.28963	-0.20637	-0.17201	-0.16919	-18.681
1574.1	-0.052803	0.0030595	0.087939	0.12676	0.19727	0.24063	0.33769	0.46403	0.64862	0.81684	0.86287	0.44543	-0.84411	-2.7933	-4.5325	-5.5174	-7.1206	-7.1193	-5.6862	-4.8672	-3.2534	-2.2717	-1.5924	-1.0648	-0.67324	-0.45182	-0.34269	-0.21862	-0.22296	-0.21859	-19.214
1560.2	-0.083439	-0.013649	0.070898	0.13569	0.18885	0.23696	0.35095	0.49	0.67137	0.83219	0.84729	0.38246	-0.98636	-3.0734	-4.846	-5.8776	-7.47	-7.4201	-5.8801	-5.0074	-3.3106	-2.2685	-1.5866	-1.0114	-0.64586	-0.46482	-0.38652	-0.28228	-0.27894	-0.22878	-19.549
1545.8	-0.10269	-0.042285	0.047579	0.12072	0.19355	0.24131	0.34717	0.48606	0.67432	0.83743	0.84015	0.34704	-1.1191	-3.2639	-5.1045	-6.1538	-7.7703	-7.6865	-6.0059	-5.1086	-3.3227	-2.2504	-1.5508	-0.96643	-0.63484	-0.54892	-0.41982	-0.37059	-0.37456	-0.28918	-19.852
1537.1	-0.13489	-0.051018	0.051867	0.11101	0.18874	0.23571	0.35103	0.4883	0.68245	0.85193	0.83985	0.32801	-1.1875	-3.3846	-5.258	-6.3159	-7.9621	-7.8195	-6.1105	-5.1474	-3.3044	-2.2139	-1.4001	-0.94166	-0.69826	-0.60726	-0.47131	-0.44186	-0.38372	-0.30903	-20.083
1530.9	-0.16568	-0.081075	0.02332	0.1055	0.17371	0.22537	0.34865	0.47966	0.68521	0.8497	0.84495	0.31603	-1.1889	-3.4095	-5.2815	-6.339	-7.9597	-7.792	-6.0549	-5.0856	-3.2202	-2.076	-1.3273	-0.94789	-0.73741	-0.67434	-0.59407	-0.50263	-0.41759	-0.37009	-20.24
1531.3	-0.16917	-0.092777	0.01272	0.08362	0.15589	0.21993	0.33952	0.48256	0.68262	0.85309	0.8605	0.33591	-1.1613	-3.3499	-5.1982	-6.247	-7.8453	-7.6596	-5.9336	-4.9003	-3.0406	-1.7882	-1.1978	-0.95438	-0.82333	-0.74068	-0.69831	-0.56626	-0.45483	-0.33342	-20.306
1532.6	-0.2098	-0.1092	0.00011053	0.083546	0.14984	0.21383	0.33828	0.47354	0.67674	0.85852	0.86706	0.36663	-1.08	-3.2022	-5.0096	-6.02	-7.5583	-7.3508	-5.6396	-4.6212	-2.6448	-1.6225	-1.13	-1.0209	-0.86819	-0.80361	-0.72956	-0.70234	-0.49276	-0.38152	-20.332
1537.3	-0.20213	-0.13329	-0.019986	0.05361	0.14348	0.20087	0.33252	0.46808	0.656	0.84719	0.88408	0.43345	-0.91137	-2.9013	-4.6216	-5.5868	-7.0559	-6.873	-5.2291	-4.1756	-2.2405	-1.427	-1.1336	-1.1584	-0.97917	-0.89433	-0.86696	-0.76764	-0.52496	-0.4158	-20.353
1541.1	-0.29776	-0.17796	-0.034971	0.058411	0.13381	0.19022	0.31327	0.44781	0.65724	0.84508	0.90485	0.51612	-0.73397	-2.5773	-4.2134	-5.09	-6.479	-6.3019	-4.8387	-3.6842	-1.9195	-1.2328	-1.0729	-1.1014	-1.1243	-1.0602	-0.99303	-0.84992	-0.56127	-0.52427	-20.332
1542.5	-0.37254	-0.2487	-0.09603	0.006588	0.091545	0.1623	0.28752	0.42783	0.64091	0.83717	0.92979	0.57291	-0.55932	-2.2772	-3.8047	-4.6192	-5.917	-5.7206	-4.3367	-3.1885	-1.5366	-1.0807	-1.1107	-1.2109	-1.0984	-1.1402	-1.1207	-0.91292	-0.62643	-0.54589	-20.314
1536.1	-0.41074	-0.30391	-0.12156	-0.014179	0.070761	0.12973	0.26596	0.40991	0.61717	0.81644	0.93361	0.63772	-0.37816	-1.9494	-3.3883	-4.1395	-5.3517	-5.1315	-4.1093	-2.7107	-1.2669	-0.99435	-0.99512	-1.0498	-1.2184	-1.1939	-1.1966	-1.0151	-0.6456	-0.63878	-20.288
1523.8	-0.49305	-0.37437	-0.18692	-0.070692	0.015775	0.090801	0.22417	0.36949	0.58977	0.79971	0.93549	0.70528	-0.2359	-1.6872	-3.0721	-3.7809	-4.9737	-4.8009	-4.0061	-2.5803	-1.161	-0.91135	-0.92123	-0.96388	-1.058	-1.1401	-1.2287	-1.0325	-0.73705	-0.61464	-20.19
1506.8	-0.6046	-0.46957	-0.25361	-0.12448	-0.034714	0.041558	0.17501	0.32584	0.53288	0.76887	0.92657	0.74985	-0.095069	-1.4652	-2.7731	-3.4606	-4.6308	-4.5261	-3.6758	-2.4915	-1.1606	-0.82167	-0.85494	-0.88713	-1.0661	-1.0819	-1.1183	-1.0699	-0.85052	-0.8802	-20.009
1487.1	-0.66449	-0.512	-0.29436	-0.16653	-0.072278	3.3171e-005	0.13084	0.27909	0.50923	0.74983	0.96147	0.81287	0.051569	-1.2413	-2.5142	-3.1721	-4.3424	-4.3142	-3.7576	-2.4647	-1.171	-0.76172	-0.73955	-0.68016	-0.7773	-0.95972	-1.0524	-0.91854	-0.82644	-0.85165	-19.818
1470.1	-0.59871	-0.4602	-0.28621	-0.16536	-0.085455	-0.013967	0.12443	0.26651	0.49157	0.74292	0.96673	0.85924	0.16729	-1.057	-2.3204	-2.9705	-4.1425	-4.2072	-3.6055	-2.5226	-1.1345	-0.70846	-0.66952	-0.7081	-0.78096	-0.81015	-0.84212	-0.84183	-0.74557	-0.78739	-19.541
1456.4	-0.52593	-0.43932	-0.30852	-0.20294	-0.12103	-0.048015	0.07163	0.21528	0.44208	0.69349	0.91953	0.84809	0.20777	-0.97357	-2.2283	-2.8688	-4.078	-4.2019	-3.5833	-2.6678	-1.3002	-0.70698	-0.71894	-0.77756	-0.76678	-0.77317	-0.7911	-0.75148	-0.68518	-0.63996	-19.264
1451.2	-0.45816	-0.37398	-0.27929	-0.20262	-0.13136	-0.06237	0.059851	0.19096	0.4193	0.67366	0.92045	0.86516	0.27889	-0.89469	-2.1219	-2.7822	-4.0098	-4.2071	-3.6041	-2.786	-1.5127	-0.80255	-0.68892	-0.69242	-0.77001	-0.78153	-0.75926	-0.71039	-0.61627	-0.53484	-18.896
1458.2	-0.42634	-0.34254	-0.2626	-0.17349	-0.10741	-0.042876	0.059566	0.19908	0.4168	0.6699	0.91664	0.88723	0.33432	-0.80684	-2.0321	-2.6948	-3.921	-4.1761	-3.562	-2.8677	-1.632	-0.80075	-0.63033	-0.61628	-0.64608	-0.68719	-0.72366	-0.6483	-0.57569	-0.57847	-18.547
1481.9	-0.37996	-0.31944	-0.23964	-0.16559	-0.11079	-0.058859	0.038968	0.17289	0.38032	0.63468	0.89793	0.88796	0.33954	-0.74545	-1.9286	-2.5941	-3.8163	-4.0958	-3.5281	-2.8711	-1.7533	-0.8946	-0.59776	-0.57409	-0.58573	-0.58904	-0.64069	-0.61538	-0.51173	-0.50387	-18.098
1509.7	-0.36835	-0.30868	-0.24903	-0.17966	-0.13178	-0.094308	0.023787	0.14301	0.35085	0.60725	0.85391	0.87887	0.39006	-0.63647	-1.7946	-2.4186	-3.6294	-3.9546	-3.4126	-2.8366	-1.7895	-0.9739	-0.55899	-0.53515	-0.5107	-0.53317	-0.56121	-0.51365	-0.50893	-0.44895	-17.634
1544	-0.32569	-0.2754	-0.231	-0.16139	-0.12053	-0.077819	0.011474	0.13131	0.3445	0.59429	0.85117	0.87367	0.41859	-0.56669	-1.6683	-2.2915	-3.4442	-3.7979	-3.2918	-2.7591	-1.7872	-1.0321	-0.54658	-0.45544	-0.45227	-0.51034	-0.48309	-0.43685	-0.41654	-0.38557	-17.212
1565.6	-0.29951	-0.269	-0.21252	-0.16985	-0.11887	-0.083581	0.0010883	0.11811	0.31105	0.55783	0.81848	0.87246	0.46805	-0.46256	-1.5213	-2.1249	-3.2784	-3.6662	-3.1997	-2.7502	-1.8066	-1.0818	-0.56678	-0.42607	-0.41325	-0.4255	-0.42726	-0.43466	-0.41622	-0.38073	-16.766
1580.9	-0.30247	-0.25969	-0.209	-0.17013	-0.12489	-0.101	-0.013653	0.097852	0.28847	0.53744	0.80019	0.86456	0.49324	-0.39236	-1.4289	-2.0114	-3.1603	-3.5697	-3.1449	-2.7915	-1.8195	-1.1525	-0.60201	-0.39676	-0.39798	-0.39244	-0.37679	-0.38393	-0.41611	-0.39476	-16.246
1583.1	-0.28158	-0.23304	-0.20237	-0.16269	-0.12902	-0.093582	-0.016394	0.087439	0.27319	0.50726	0.78165	0.86176	0.53024	-0.32076	-1.3232	-1.9017	-3.0154	-3.4584	-3.0683	-2.73	-1.8303	-1.195	-0.66388	-0.37711	-0.35015	-0.37605	-0.34962	-0.37115	-0.34767	-0.32395	-15.754
1575.4	-0.2374	-0.2062	-0.1754	-0.15334	-0.11237	-0.096125	-0.025713	0.075076	0.26656	0.50721	0.78928	0.86756	0.56689	-0.27223	-1.2711	-1.8227	-2.9641	-3.4049	-3.0303	-2.725	-1.8349	-1.2592	-0.72617	-0.36537	-0.32651	-0.35819	-0.31797	-0.31861	-0.31648	-0.29382	-15.215
1566	-0.23144	-0.19077	-0.16955	-0.15717	-0.12704	-0.10354	-0.023544	0.068104	0.25453	0.48907	0.77087	0.8744	0.60124	-0.19504	-1.1601	-1.7185	-2.8413	-3.3391	-2.9986	-2.7515	-1.8703	-1.2923	-0.80183	-0.41183	-0.30571	-0.27172	-0.29483	-0.27099	-0.27791	-0.26949	-14.652
1549.1	-0.19761	-0.16125	-0.1749	-0.14858	-0.13234	-0.11158	-0.054811	0.051342	0.23687	0.48014	0.76872	0.89383	0.6622	-0.098325	-1.0459	-1.6034	-2.7338	-3.2479	-2.9523	-2.745	-1.884	-1.3342	-0.87919	-0.42681	-0.28421	-0.28327	-0.28277	-0.25409	-0.25051	-0.23238	-14.091
1536.8	-0.17158	-0.14767	-0.15569	-0.14087	-0.13438	-0.10926	-0.054303	0.039652	0.21863	0.45468	0.76758	0.89325	0.67769	-0.056408	-0.98299	-1.5247	-2.6652	-3.1975	-2.9307	-2.7508	-1.9128	-1.3657	-0.91499	-0.47823	-0.26747	-0.26681	-0.2624	-0.22175	-0.20021	-0.20027	-13.482
1523.1	-0.1569	-0.12971	-0.15405	-0.14612	-0.13261	-0.11943	-0.064347	0.022202	0.19351	0.43074	0.74217	0.91074	0.73174	0.015922	-0.88723	-1.443	-2.5451	-3.1226	-2.8857	-2.7261	-1.9186	-1.3964	-0.97615	-0.55322	-0.27829	-0.27356	-0.22685	-0.21979	-0.19643	-0.18318	-12.849
1515.9	-0.15155	-0.11741	-0.15835	-0.15836	-0.14122	-0.13792	-0.079059	-0.0047841	0.17014	0.40935	0.72864	0.89773	0.73918	0.075783	-0.80445	-1.3213	-2.4202	-3.0175	-2.8063	-2.6784	-1.8966	-1.3806	-1.0202	-0.62836	-0.31019	-0.22715	-0.2128	-0.16613	-0.17748	-0.16309	-12.243
1517.7	-0.10865	-0.11296	-0.1551	-0.14564	-0.15499	-0.14969	-0.10342	-0.026221	0.1379	0.37709	0.68567	0.85859	0.76087	0.13849	-0.70726	-1.2014	-2.285	-2.8856	-2.7213	-2.6118	-1.8686	-1.3745	-1.0368	-0.66549	-0.30558	-0.22979	-0.18621	-0.19369	-0.14365	-0.12051	-11.565
1523.9	-0.093021	-0.088941	-0.15548	-0.15004	-0.15833	-0.14854	-0.11971	-0.053571	0.10786	0.34185	0.65853	0.86512	0.77978	0.21329	-0.59387	-1.0747	-2.1466	-2.7472	-2.6151	-2.5355	-1.8294	-1.3903	-1.0387	-0.70731	-0.35345	-0.24144	-0.16797	-0.14024	-0.12582	-0.10463	-10.974
1539.3	-0.078054	-0.08328	-0.12181	-0.14014	-0.14692	-0.15293	-0.1275	-0.065619	0.075677	0.30968	0.62166	0.84928	0.79764	0.28322	-0.4672	-0.92363	-1.9486	-2.5623	-2.4675	-2.4227	-1.7833	-1.3513	-1.0313	-0.69591	-0.41196	-0.25101	-0.14225	-0.10886	-0.081375	-0.08244	-10.313
1553.5	-0.036614	-0.050478	-0.11275	-0.13788	-0.14753	-0.15525	-0.14742	-0.080981	0.056022	0.2794	0.59433	0.82788	0.80524	0.34501	-0.36575	-0.79019	-1.7921	-2.4083	-2.3396	-2.3321	-1.7072	-1.3438	-0.98749	-0.69716	-0.44629	-0.26868	-0.13047	-0.055773	-0.048292	-0.028106	-9.646
1570.5	-0.016076	-0.029668	-0.097269	-0.13591	-0.14931	-0.15619	-0.14026	-0.091455	0.048382	0.25123	0.55604	0.80326	0.81554	0.41242	-0.25139	-0.64958	-1.5992	-2.2172	-2.1839	-2.2106	-1.6233	-1.2929	-0.97238	-0.70748	-0.44965	-0.28458	-0.1399	-0.027067	-0.01627	-0.0027453	-9.0322
1579.2	0.018215	0.0045988	-0.07961	-0.12022	-0.13795	-0.16679	-0.15792	-0.10763	0.016865	0.21931	0.53492	0.79073	0.83272	0.48829	-0.12655	-0.50134	-1.4193	-2.0376	-2.0534	-2.1091	-1.5901	-1.2326	-0.95912	-0.69934	-0.46024	-0.30497	-0.141	-0.018446	0.029826	0.053811	-8.3312
1585.9	0.051711	0.022075	-0.070999	-0.11684	-0.13546	-0.15156	-0.14579	-0.12624	-0.0036403	0.18053	0.49623	0.76495	0.84759	0.54931	-0.0083172	-0.36306	-1.241	-1.8562	-1.9115	-1.9898	-1.5323	-1.1919	-0.94241	-0.64341	-0.43809	-0.30789	-0.13901	0.006089	0.06772	0.074105	-7.6496
1578.4	0.055865	0.029417	-0.07329	-0.11836	-0.1452	-0.18462	-0.1829	-0.15776	-0.033056	0.14785	0.45538	0.73682	0.85583	0.61179	0.10675	-0.22401	-1.0673	-1.6992	-1.7934	-1.9002	-1.4977	-1.1618	-0.92081	-0.67962	-0.45957	-0.31215	-0.17577	-0.017184	0.085178	0.099864	-6.9764
1566.1	0.084386	0.055699	-0.039344	-0.10423	-0.15986	-0.18501	-0.19502	-0.17433	-0.052598	0.1147	0.41542	0.70899	0.86398	0.67695	0.22624	-0.069507	-0.88423	-1.5101	-1.6428	-1.7884	-1.4194	-1.1127	-0.90328	-0.65811	-0.43314	-0.31177	-0.1677	0.0044586	0.099173	0.12336	-6.2941
1541.6	0.10625	0.065584	-0.048988	-0.11428	-0.16092	-0.1997	-0.20898	-0.19922	-0.10742	0.056049	0.36269	0.67565	0.87916	0.75359	0.34931	0.069483	-0.70125	-1.3491	-1.5232	-1.7	-1.3768	-1.115	-0.8784	-0.64608	-0.44696	-0.31529	-0.19724	-0.025837	0.11629	0.13121	-5.5692
1517.7	0.11301	0.071993	-0.061464	-0.1271	-0.18886	-0.21099	-0.24249	-0.25903	-0.16541	0.0027909	0.30927	0.63371	0.87385	0.8087	0.46522	0.20827	-0.51474	-1.1742	-1.385	-1.6039	-1.3115	-1.0328	-0.85801	-0.63828	-0.45494	-0.32755	-0.19742	-0.035497	0.11303	0.13328	-4.8448
1491.1	0.12641	0.090792	-0.058418	-0.14314	-0.21859	-0.23518	-0.2805	-0.28184	-0.20393	-0.058625	0.22682	0.57499	0.86696	0.84934	0.58314	0.34642	-0.32651	-1.0028	-1.2455	-1.5042	-1.2559	-1.0199	-0.86345	-0.63632	-0.45924	-0.32399	-0.20343	-0.032095	0.12075	0.16408	-4.1131
1476.9	0.12971	0.085586	-0.061072	-0.13164	-0.20022	-0.2525	-0.29749	-0.32338	-0.26025	-0.11215	0.15538	0.51039	0.8233	0.87285	0.67301	0.47337	-0.15571	-0.81255	-1.0922	-1.3729	-1.1801	-0.98452	-0.82713	-0.61448	-0.43856	-0.32861	-0.2099	-0.046893	0.12296	0.16975	-3.3451
1470.4	0.13501	0.090401	-0.07447	-0.16998	-0.23811	-0.29	-0.34333	-0.37222	-0.32951	-0.20291	0.05688	0.43179	0.76961	0.89845	0.7555	0.58216	0.0045031	-0.63816	-0.93937	-1.2488	-1.0955	-0.93283	-0.79225	-0.59911	-0.44387	-0.33858	-0.20277	-0.05847	0.11456	0.15763	-2.5812
1478.6	0.14208	0.082175	-0.075102	-0.16389	-0.24548	-0.31957	-0.37342	-0.41051	-0.3765	-0.27392	-0.024558	0.32605	0.69979	0.88079	0.80069	0.66142	0.15973	-0.45084	-0.78524	-1.1146	-1.0037	-0.87096	-0.7501	-0.56636	-0.39561	-0.29227	-0.19063	-0.050456	0.12647	0.16443	-1.8393
1494.5	0.15348	0.087854	-0.072755	-0.17945	-0.26614	-0.32884	-0.41719	-0.45281	-0.43066	-0.34344	-0.12592	0.23339	0.60456	0.86099	0.85713	0.74433	0.30798	-0.27658	-0.61988	-0.96731	-0.90215	-0.78874	-0.6752	-0.53814	-0.41192	-0.29855	-0.1792	-0.057975	0.12927	0.16319	-1.084
1517.7	0.14351	0.086511	-0.081311	-0.19525	-0.26357	-0.33575	-0.41272	-0.49337	-0.48474	-0.41368	-0.2144	0.12186	0.49658	0.8365	0.88721	0.82969	0.46224	-0.068997	-0.43954	-0.80642	-0.78356	-0.69994	-0.64189	-0.4954	-0.34832	-0.27502	-0.17061	-0.05092	0.1166	0.15721	-0.33313
1543.2	0.13964	0.10253	-0.084974	-0.18464	-0.27783	-0.33075	-0.44789	-0.52138	-0.54261	-0.48928	-0.33669	-0.014942	0.3763	0.75992	0.87418	0.85577	0.56948	0.088664	-0.28773	-0.66136	-0.66806	-0.63983	-0.58858	-0.45855	-0.33842	-0.24609	-0.16779	-0.053546	0.12619	0.15216	0.45029
