11362	26	1	88	26.7	745	1	0	13.8	1.245	128	4096	10	0	0	0	0	159.36	1018.6	1.4704e+006	0.12105	0.051199	42.016	0	0	1	0	0	0	7	0	0
1008	0.08224	0.06183	-0.1378	-0.2375	-0.3415	-0.4341	-0.5768	-0.6668	-0.6345	-0.6094	-0.364	-0.02182	0.4633	0.784	0.8588	0.7836	0.5655	0.05552	-0.3935	-0.7536	-0.8451	-0.848	-0.7513	-0.6125	-0.4549	-0.3419	-0.2194	-0.08639	0.1034	0.1223	0.4074
1010	0.1063	0.04458	-0.1231	-0.2363	-0.3851	-0.4505	-0.6228	-0.7074	-0.7048	-0.7027	-0.4922	-0.1243	0.368	0.7149	0.8413	0.8253	0.6492	0.1597	-0.2724	-0.6246	-0.7373	-0.7824	-0.7221	-0.5714	-0.4147	-0.3465	-0.2309	-0.1019	0.09645	0.1258	1.027
1011	0.1209	0.06839	-0.1262	-0.24	-0.3617	-0.4976	-0.6118	-0.7635	-0.7758	-0.7854	-0.6174	-0.2581	0.255	0.6765	0.8333	0.8339	0.7095	0.2956	-0.1356	-0.539	-0.6706	-0.6965	-0.6595	-0.5595	-0.4227	-0.2963	-0.1951	-0.09634	0.09304	0.1337	1.773
1014	0.1227	0.06742	-0.133	-0.2323	-0.3858	-0.4919	-0.6467	-0.7955	-0.8407	-0.8759	-0.7286	-0.3937	0.1339	0.5967	0.8047	0.838	0.7627	0.3977	-0.02491	-0.4123	-0.5818	-0.6478	-0.6262	-0.525	-0.3613	-0.3199	-0.2063	-0.05789	0.0969	0.1187	2.389
1014	0.1066	0.0667	-0.1001	-0.2736	-0.4054	-0.5181	-0.6757	-0.8536	-0.9172	-0.9666	-0.8489	-0.5196	-0.001928	0.5195	0.78	0.8259	0.7987	0.4882	0.1009	-0.3202	-0.5106	-0.5797	-0.5804	-0.4998	-0.3785	-0.2977	-0.2182	-0.1069	0.06845	0.09703	3.053
1013	0.1301	0.05859	-0.1324	-0.2593	-0.411	-0.5325	-0.7225	-0.8845	-0.9762	-1.047	-0.9798	-0.672	-0.1287	0.4463	0.7094	0.8176	0.8428	0.5754	0.1919	-0.2043	-0.4178	-0.5243	-0.5284	-0.4502	-0.3507	-0.2823	-0.2021	-0.09069	0.06852	0.1058	3.711
1013	0.1206	0.06675	-0.1179	-0.2799	-0.4438	-0.5674	-0.7413	-0.9414	-1.051	-1.137	-1.102	-0.8146	-0.2781	0.3391	0.6562	0.7759	0.8372	0.6385	0.2828	-0.1207	-0.3575	-0.4683	-0.4933	-0.4443	-0.3203	-0.2725	-0.1873	-0.1055	0.05257	0.1116	4.342
1012	0.1294	0.08016	-0.13	-0.2991	-0.4425	-0.5937	-0.7762	-0.9842	-1.123	-1.231	-1.238	-0.9714	-0.4178	0.2374	0.5699	0.7423	0.857	0.7029	0.3699	-0.02766	-0.2507	-0.4133	-0.4505	-0.4031	-0.3093	-0.257	-0.1926	-0.08292	0.08196	0.08553	4.977
1016	0.1152	0.07322	-0.1111	-0.292	-0.4634	-0.569	-0.7916	-1.002	-1.171	-1.303	-1.357	-1.107	-0.5795	0.1146	0.4879	0.6902	0.8363	0.7494	0.4463	0.05972	-0.2049	-0.3481	-0.4054	-0.3765	-0.3141	-0.2138	-0.1631	-0.07643	0.04489	0.09465	5.598
1015	0.1013	0.06287	-0.1336	-0.2989	-0.4613	-0.5927	-0.8338	-1.079	-1.255	-1.392	-1.497	-1.275	-0.7364	-0.00732	0.3753	0.6096	0.8296	0.7767	0.5041	0.1201	-0.1352	-0.3064	-0.3754	-0.3484	-0.301	-0.2272	-0.175	-0.07956	0.06163	0.09251	6.17
1012	0.1046	0.06681	-0.114	-0.3122	-0.4651	-0.62	-0.8671	-1.068	-1.301	-1.482	-1.599	-1.421	-0.8921	-0.1229	0.3014	0.5528	0.8054	0.8254	0.5747	0.2009	-0.06558	-0.2508	-0.3074	-0.2988	-0.2694	-0.2109	-0.1445	-0.05489	0.02911	0.06595	6.804
1009	0.1138	0.07597	-0.1264	-0.3139	-0.4936	-0.6187	-0.9037	-1.135	-1.382	-1.574	-1.744	-1.572	-1.073	-0.2629	0.1653	0.4552	0.7675	0.8416	0.6234	0.2639	-0.004594	-0.1984	-0.2996	-0.2844	-0.2539	-0.1936	-0.1457	-0.05897	0.04352	0.09531	7.333
1005	0.08988	0.06653	-0.1326	-0.2936	-0.5076	-0.6712	-0.9272	-1.197	-1.466	-1.675	-1.884	-1.746	-1.26	-0.4232	0.0398	0.3698	0.7158	0.8555	0.6789	0.3411	0.02952	-0.157	-0.2462	-0.268	-0.2467	-0.1913	-0.135	-0.0804	-0.000265	0.07373	7.868
1003	0.1136	0.07939	-0.1068	-0.3018	-0.5258	-0.6715	-0.9378	-1.193	-1.504	-1.746	-2.02	-1.921	-1.445	-0.5826	-0.1003	0.2579	0.6888	0.863	0.7199	0.3914	0.1078	-0.1	-0.2249	-0.234	-0.2194	-0.1608	-0.1308	-0.06323	0.03106	0.07092	8.398
1007	0.07869	0.06118	-0.104	-0.2847	-0.5007	-0.6815	-0.9545	-1.243	-1.572	-1.827	-2.129	-2.083	-1.63	-0.7427	-0.2236	0.1546	0.6038	0.8578	0.7619	0.455	0.1551	-0.06639	-0.1769	-0.2004	-0.2023	-0.1565	-0.1251	-0.05361	0.02842	0.06776	8.894
1006	0.07138	0.06196	-0.1195	-0.2917	-0.5198	-0.6803	-0.9907	-1.261	-1.606	-1.874	-2.274	-2.242	-1.798	-0.9115	-0.3955	0.02444	0.5285	0.8568	0.7787	0.5001	0.1999	-0.01756	-0.1634	-0.1837	-0.1867	-0.1356	-0.1088	-0.04816	0.02084	0.06488	9.403
1008	0.05949	0.05662	-0.09499	-0.2713	-0.4955	-0.6847	-0.9996	-1.303	-1.689	-1.99	-2.378	-2.384	-1.974	-1.066	-0.532	-0.07506	0.4676	0.8476	0.8177	0.5559	0.2427	0.01573	-0.1095	-0.136	-0.1782	-0.1226	-0.1012	-0.04024	0.00732	0.05455	9.843
1005	0.04714	0.03431	-0.1164	-0.302	-0.512	-0.7006	-1.025	-1.315	-1.735	-2.061	-2.502	-2.553	-2.138	-1.241	-0.6841	-0.2183	0.3947	0.8212	0.8115	0.576	0.2813	0.05802	-0.1042	-0.1517	-0.1511	-0.1222	-0.1141	-0.03957	0.009031	0.04373	10.24
999.5	0.04073	0.03601	-0.09824	-0.2937	-0.5399	-0.7194	-1.04	-1.374	-1.813	-2.154	-2.596	-2.68	-2.328	-1.404	-0.8147	-0.3121	0.324	0.812	0.8523	0.626	0.3103	0.07698	-0.06532	-0.1114	-0.1564	-0.107	-0.102	-0.02559	0.0005831	0.03001	10.67
998	0.0445	0.03607	-0.1074	-0.2964	-0.5172	-0.7246	-1.083	-1.403	-1.837	-2.175	-2.734	-2.847	-2.492	-1.557	-0.9614	-0.4411	0.2442	0.8002	0.8601	0.6439	0.3551	0.1316	-0.03958	-0.1138	-0.1251	-0.08902	-0.07662	-0.05329	0.008244	0.03373	11.05
997.8	0.01631	0.009671	-0.1025	-0.2918	-0.531	-0.7215	-1.053	-1.433	-1.917	-2.293	-2.811	-2.956	-2.651	-1.712	-1.096	-0.555	0.1656	0.7576	0.8623	0.686	0.3926	0.1353	-0.01859	-0.07699	-0.1101	-0.09887	-0.07964	-0.05251	0.006543	0.0249	11.4
997.1	0.003698	0.01119	-0.09766	-0.2758	-0.5222	-0.6789	-1.082	-1.434	-1.916	-2.291	-2.906	-3.108	-2.788	-1.839	-1.233	-0.6685	0.09255	0.7542	0.8589	0.6961	0.4134	0.1691	-0.01294	-0.08072	-0.1072	-0.09364	-0.09549	-0.05729	-0.00623	0.0286	11.77
998.6	-0.02078	-0.006919	-0.08035	-0.256	-0.5161	-0.7233	-1.086	-1.476	-1.976	-2.364	-2.978	-3.208	-2.916	-1.988	-1.341	-0.7756	0.0209	0.7042	0.876	0.7177	0.4388	0.1807	0.01209	-0.05412	-0.09874	-0.08216	-0.08558	-0.05168	-0.01388	-0.007509	12
995.8	-0.02158	-0.02206	-0.1068	-0.273	-0.5229	-0.7296	-1.118	-1.482	-1.999	-2.401	-3.07	-3.322	-3.044	-2.098	-1.483	-0.8722	-0.04287	0.6962	0.8739	0.7254	0.4561	0.2172	0.03155	-0.0646	-0.09977	-0.06345	-0.08207	-0.06529	-0.025	-0.01344	12.25
994.2	-0.04396	-0.04329	-0.09877	-0.2634	-0.5177	-0.7515	-1.117	-1.49	-2.045	-2.476	-3.123	-3.388	-3.152	-2.197	-1.545	-0.9413	-0.09109	0.662	0.8714	0.7558	0.4775	0.219	0.04943	-0.0381	-0.09013	-0.08784	-0.07767	-0.0654	-0.0259	-0.02159	12.5
993.3	-0.06561	-0.04787	-0.1087	-0.2582	-0.5211	-0.7139	-1.108	-1.52	-2.062	-2.484	-3.179	-3.502	-3.253	-2.29	-1.65	-1.043	-0.1559	0.6334	0.8549	0.7451	0.4895	0.2184	0.06407	-0.03961	-0.08567	-0.0864	-0.07321	-0.07816	-0.04388	-0.02309	12.69
991.6	-0.07095	-0.07073	-0.1253	-0.2376	-0.5251	-0.7334	-1.116	-1.531	-2.083	-2.513	-3.261	-3.58	-3.354	-2.415	-1.744	-1.111	-0.1974	0.6091	0.871	0.7732	0.5172	0.2489	0.06581	-0.02042	-0.08204	-0.07665	-0.0809	-0.07352	-0.01226	-0.01423	12.85
994.3	-0.07598	-0.06297	-0.1176	-0.2315	-0.5077	-0.7	-1.115	-1.522	-2.099	-2.547	-3.305	-3.648	-3.43	-2.472	-1.836	-1.177	-0.245	0.6006	0.8792	0.7808	0.5135	0.2647	0.09724	-0.02554	-0.0788	-0.05899	-0.06107	-0.06698	-0.01564	-0.02602	13.04
995	-0.07518	-0.09621	-0.1421	-0.2212	-0.4936	-0.6986	-1.114	-1.534	-2.125	-2.585	-3.332	-3.675	-3.486	-2.548	-1.871	-1.221	-0.274	0.5725	0.8634	0.7875	0.5177	0.2443	0.06558	-0.03881	-0.08025	-0.09611	-0.07911	-0.07644	-0.04551	-0.05629	13.08
993.6	-0.09391	-0.08649	-0.1374	-0.2231	-0.4707	-0.6772	-1.094	-1.536	-2.125	-2.583	-3.338	-3.706	-3.516	-2.555	-1.873	-1.236	-0.2902	0.5756	0.8599	0.774	0.5238	0.2559	0.08271	-0.02703	-0.08263	-0.07346	-0.07168	-0.07813	-0.05669	-0.06451	13.22
991.6	-0.1008	-0.1223	-0.1286	-0.2157	-0.4571	-0.7093	-1.101	-1.519	-2.133	-2.611	-3.361	-3.726	-3.521	-2.585	-1.893	-1.25	-0.2923	0.5791	0.863	0.7894	0.528	0.2677	0.08125	-0.02042	-0.08052	-0.09264	-0.08468	-0.08625	-0.06194	-0.07205	13.22
985.6	-0.1157	-0.1071	-0.1452	-0.2131	-0.4438	-0.6944	-1.11	-1.547	-2.125	-2.575	-3.403	-3.779	-3.581	-2.615	-1.948	-1.298	-0.3188	0.5687	0.8696	0.7763	0.5312	0.2693	0.08175	-0.0362	-0.08787	-0.08172	-0.09052	-0.1012	-0.07266	-0.06653	13.26
985.1	-0.1263	-0.127	-0.1535	-0.1983	-0.4402	-0.6654	-1.095	-1.537	-2.138	-2.606	-3.385	-3.771	-3.582	-2.638	-1.964	-1.295	-0.3261	0.5697	0.874	0.8175	0.5546	0.2755	0.08587	-0.01906	-0.07116	-0.08482	-0.09284	-0.06439	-0.08908	-0.077	13.24
988.5	-0.1206	-0.1258	-0.1422	-0.2219	-0.4501	-0.6823	-1.098	-1.547	-2.155	-2.628	-3.379	-3.763	-3.583	-2.642	-1.937	-1.285	-0.3377	0.5678	0.8856	0.8025	0.525	0.2723	0.08558	-0.03386	-0.08988	-0.0746	-0.1085	-0.08652	-0.07159	-0.06782	13.22
988.8	-0.1273	-0.1303	-0.1595	-0.1859	-0.4087	-0.6555	-1.1	-1.51	-2.125	-2.603	-3.384	-3.758	-3.545	-2.622	-1.94	-1.28	-0.3011	0.5769	0.8735	0.7991	0.5503	0.2609	0.0766	-0.02865	-0.07924	-0.09825	-0.1001	-0.09208	-0.07758	-0.07449	13.21
990.9	-0.1345	-0.127	-0.1526	-0.205	-0.4445	-0.6407	-1.077	-1.532	-2.117	-2.572	-3.363	-3.728	-3.541	-2.595	-1.913	-1.266	-0.3013	0.5764	0.8829	0.8055	0.5291	0.2611	0.08863	-0.01747	-0.08815	-0.08661	-0.08171	-0.0887	-0.07913	-0.07508	13.19
989.5	-0.1205	-0.1469	-0.1635	-0.1975	-0.4046	-0.63	-1.06	-1.513	-2.096	-2.549	-3.33	-3.715	-3.488	-2.568	-1.894	-1.252	-0.2898	0.585	0.8615	0.7846	0.5337	0.2517	0.05781	-0.04274	-0.1004	-0.0997	-0.119	-0.0952	-0.08268	-0.09969	13.08
986.1	-0.1277	-0.1246	-0.1459	-0.2083	-0.4083	-0.6405	-1.063	-1.494	-2.086	-2.548	-3.298	-3.676	-3.466	-2.538	-1.842	-1.221	-0.2733	0.5792	0.8752	0.7824	0.5108	0.2382	0.06291	-0.06151	-0.1091	-0.1154	-0.0996	-0.1227	-0.07607	-0.08215	12.99
987.6	-0.1147	-0.1175	-0.1498	-0.1822	-0.413	-0.6596	-1.046	-1.5	-2.076	-2.525	-3.261	-3.604	-3.383	-2.442	-1.778	-1.136	-0.2029	0.6178	0.8672	0.7657	0.5031	0.2167	0.03262	-0.06737	-0.1173	-0.1152	-0.1237	-0.1098	-0.08972	-0.08351	12.76
988.7	-0.1236	-0.1143	-0.1257	-0.1843	-0.4019	-0.6263	-1.041	-1.47	-2.031	-2.467	-3.196	-3.507	-3.259	-2.338	-1.657	-1.037	-0.1535	0.6395	0.8789	0.769	0.464	0.1946	0.02199	-0.08141	-0.1399	-0.1303	-0.116	-0.1112	-0.09907	-0.08714	12.48
989.6	-0.1137	-0.1051	-0.1281	-0.1732	-0.3976	-0.6357	-1.028	-1.437	-1.983	-2.407	-3.118	-3.397	-3.148	-2.217	-1.556	-0.9421	-0.06296	0.6844	0.8781	0.7471	0.4728	0.1989	0.01383	-0.08653	-0.1307	-0.1195	-0.1174	-0.1159	-0.07494	-0.06552	12.22
991.7	-0.106	-0.1094	-0.1114	-0.2064	-0.4113	-0.6377	-1.028	-1.431	-1.946	-2.346	-3.041	-3.305	-3.039	-2.112	-1.433	-0.8538	-0.03276	0.6775	0.8762	0.7251	0.4234	0.1655	-0.01708	-0.1071	-0.1637	-0.1505	-0.13	-0.1125	-0.1116	-0.08465	11.9
989.3	-0.08459	-0.07926	-0.1256	-0.1866	-0.4092	-0.6543	-1.014	-1.405	-1.925	-2.329	-2.984	-3.227	-2.94	-2.025	-1.353	-0.783	0.03855	0.7155	0.8697	0.7123	0.4306	0.1629	-0.0383	-0.1133	-0.1558	-0.131	-0.1448	-0.1215	-0.07153	-0.05885	11.59
989.2	-0.07936	-0.08232	-0.1224	-0.1803	-0.4231	-0.6302	-0.9984	-1.366	-1.898	-2.312	-2.902	-3.134	-2.843	-1.927	-1.247	-0.693	0.06949	0.7317	0.8558	0.7115	0.3921	0.1335	-0.03912	-0.1296	-0.1694	-0.1585	-0.1508	-0.104	-0.0973	-0.05142	11.27
987.7	-0.045	-0.06339	-0.106	-0.1869	-0.4214	-0.6353	-0.9906	-1.385	-1.858	-2.225	-2.855	-3.051	-2.726	-1.809	-1.164	-0.6245	0.1443	0.7537	0.8618	0.6653	0.3765	0.1073	-0.08242	-0.1499	-0.1841	-0.158	-0.1571	-0.1289	-0.06477	-0.03066	10.89
988	-0.04049	-0.03899	-0.08617	-0.1813	-0.4289	-0.6109	-0.9894	-1.343	-1.821	-2.193	-2.743	-2.901	-2.57	-1.662	-1.019	-0.486	0.2086	0.7805	0.8608	0.652	0.3424	0.08541	-0.08728	-0.1588	-0.2015	-0.1778	-0.1624	-0.1161	-0.06389	-0.03586	10.5
994.2	-0.02683	-0.01982	-0.0602	-0.1911	-0.4263	-0.632	-0.9699	-1.306	-1.76	-2.113	-2.65	-2.784	-2.409	-1.515	-0.8832	-0.3793	0.2925	0.8056	0.841	0.618	0.3081	0.05416	-0.1086	-0.1741	-0.1942	-0.1797	-0.1621	-0.1257	-0.04299	-0.01198	10.02
996.9	-0.00967	-0.0008906	-0.04203	-0.1774	-0.441	-0.617	-0.948	-1.274	-1.722	-2.071	-2.54	-2.639	-2.269	-1.374	-0.7683	-0.2693	0.3586	0.8141	0.8268	0.596	0.2759	0.01665	-0.1342	-0.1942	-0.2163	-0.1989	-0.1722	-0.1159	-0.04968	-0.02006	9.577
996.9	0.03489	0.01949	-0.06658	-0.2068	-0.4213	-0.6021	-0.9463	-1.273	-1.68	-1.996	-2.455	-2.502	-2.084	-1.202	-0.6103	-0.1582	0.4476	0.8432	0.8142	0.5435	0.2377	-0.002033	-0.1528	-0.2193	-0.223	-0.1739	-0.1647	-0.1214	-0.02838	0.0087	9.091
995.3	0.01486	0.02482	-0.038	-0.2165	-0.4372	-0.6346	-0.9403	-1.254	-1.648	-1.954	-2.346	-2.379	-1.955	-1.074	-0.5017	-0.05488	0.4901	0.83	0.7951	0.5201	0.1975	-0.05742	-0.1911	-0.227	-0.2445	-0.2265	-0.1785	-0.09464	-0.02331	-0.006795	8.612
993.4	0.05589	0.04229	-0.06024	-0.2325	-0.4365	-0.5884	-0.9102	-1.223	-1.594	-1.883	-2.244	-2.252	-1.784	-0.9176	-0.365	0.04098	0.555	0.8477	0.7688	0.461	0.1541	-0.06803	-0.2012	-0.2629	-0.2586	-0.2102	-0.1842	-0.1099	-0.02934	0.00651	8.147
997.4	0.05567	0.05345	-0.0371	-0.2308	-0.4166	-0.6051	-0.9007	-1.182	-1.549	-1.835	-2.139	-2.093	-1.652	-0.8106	-0.2619	0.1406	0.6063	0.8497	0.7611	0.4366	0.1214	-0.1118	-0.2327	-0.2634	-0.2598	-0.2245	-0.1947	-0.1119	-0.006228	0.03818	7.631
999.9	0.07404	0.06084	-0.07291	-0.2395	-0.4397	-0.5838	-0.8951	-1.164	-1.49	-1.744	-2.029	-1.978	-1.485	-0.6662	-0.1398	0.2125	0.6472	0.8689	0.7073	0.3847	0.0754	-0.1518	-0.2652	-0.3127	-0.2809	-0.2413	-0.1845	-0.1092	0.003131	0.0344	7.049
1000	0.08809	0.08115	-0.07697	-0.2317	-0.4336	-0.6084	-0.8641	-1.119	-1.432	-1.676	-1.934	-1.826	-1.348	-0.5352	-0.02377	0.3239	0.7027	0.8481	0.69	0.3475	0.04109	-0.1964	-0.3006	-0.317	-0.3026	-0.2669	-0.2062	-0.1131	0.00483	0.05057	6.482
1002	0.1079	0.08401	-0.0915	-0.2459	-0.4427	-0.5843	-0.8485	-1.11	-1.381	-1.591	-1.809	-1.695	-1.18	-0.3869	0.0844	0.3891	0.7384	0.8421	0.6383	0.2705	-0.02288	-0.2236	-0.3185	-0.3568	-0.3103	-0.2597	-0.1864	-0.1224	0.00906	0.07836	5.927
1001	0.08877	0.08409	-0.08914	-0.2246	-0.4189	-0.5717	-0.8443	-1.048	-1.321	-1.533	-1.696	-1.535	-1.023	-0.2565	0.2127	0.4967	0.7932	0.8162	0.5883	0.2233	-0.07316	-0.2923	-0.3776	-0.3652	-0.3173	-0.2901	-0.2217	-0.1193	0.02265	0.06375	5.275
998	0.1157	0.08509	-0.08204	-0.2337	-0.4246	-0.5593	-0.8091	-1.02	-1.261	-1.448	-1.572	-1.4	-0.8672	-0.1293	0.3134	0.5655	0.8112	0.8186	0.5472	0.1528	-0.1314	-0.317	-0.415	-0.4009	-0.3423	-0.2834	-0.2141	-0.1149	0.02612	0.06541	4.685
1001	0.1213	0.07281	-0.09728	-0.2415	-0.409	-0.5609	-0.7925	-0.99	-1.202	-1.367	-1.462	-1.244	-0.7056	-0.006658	0.4137	0.6381	0.8425	0.7689	0.4819	0.08959	-0.2041	-0.3764	-0.4436	-0.4202	-0.3645	-0.3059	-0.2337	-0.1122	0.05998	0.09091	4.045
1002	0.1234	0.09004	-0.1029	-0.236	-0.3997	-0.5449	-0.7454	-0.9644	-1.144	-1.284	-1.343	-1.122	-0.5691	0.1163	0.5017	0.6923	0.8427	0.7425	0.4126	0.003429	-0.2595	-0.4066	-0.4779	-0.4662	-0.3718	-0.2854	-0.2261	-0.113	0.03874	0.09453	3.433
1008	0.1263	0.07603	-0.0877	-0.236	-0.3671	-0.5153	-0.7333	-0.8778	-1.057	-1.197	-1.206	-0.9642	-0.4018	0.2171	0.5907	0.7512	0.8631	0.6939	0.3389	-0.05896	-0.3093	-0.4588	-0.5117	-0.4574	-0.3925	-0.315	-0.2328	-0.09894	0.06968	0.09685	2.762
1009	0.1057	0.08343	-0.09653	-0.2389	-0.3773	-0.4911	-0.6649	-0.9095	-1.015	-1.097	-1.09	-0.8286	-0.2792	0.3405	0.6595	0.7756	0.8328	0.6191	0.2624	-0.154	-0.3997	-0.5263	-0.5512	-0.5058	-0.4085	-0.3252	-0.2341	-0.1278	0.04773	0.09604	2.122
1007	0.1389	0.08206	-0.09019	-0.2246	-0.3809	-0.4877	-0.6692	-0.8768	-0.9621	-1.028	-0.9749	-0.6756	-0.1187	0.4258	0.7231	0.8331	0.8403	0.5632	0.1766	-0.2318	-0.4593	-0.5759	-0.5944	-0.527	-0.4307	-0.3325	-0.2531	-0.1241	0.05454	0.1246	1.448
1008	0.1123	0.08795	-0.09576	-0.2336	-0.3504	-0.466	-0.6346	-0.8185	-0.8879	-0.9418	-0.844	-0.5346	-0.005495	0.5176	0.7794	0.8398	0.8082	0.4877	0.08514	-0.3387	-0.542	-0.6425	-0.6409	-0.5745	-0.4295	-0.3441	-0.2498	-0.1435	0.06459	0.1056	0.8284
1009	0.1269	0.07219	-0.09485	-0.205	-0.3343	-0.4295	-0.6124	-0.7473	-0.8068	-0.8531	-0.7302	-0.3977	0.138	0.5933	0.8091	0.8424	0.7646	0.3904	-0.03284	-0.427	-0.6086	-0.6935	-0.6794	-0.5863	-0.4476	-0.3647	-0.2548	-0.1379	0.06705	0.1302	0.1165
1013	0.1059	0.07935	-0.0953	-0.2073	-0.3278	-0.4254	-0.5599	-0.7229	-0.744	-0.7603	-0.5815	-0.2467	0.2515	0.6617	0.8394	0.8483	0.7006	0.2873	-0.1417	-0.5455	-0.7003	-0.7394	-0.7253	-0.592	-0.4785	-0.3559	-0.2856	-0.1241	0.08021	0.1304	-0.4929
1019	0.1061	0.03164	-0.09719	-0.1857	-0.3194	-0.3948	-0.5422	-0.6631	-0.6712	-0.6775	-0.4905	-0.1415	0.3705	0.7088	0.8311	0.8142	0.6422	0.1718	-0.2791	-0.6557	-0.7699	-0.7984	-0.7665	-0.6387	-0.4797	-0.371	-0.276	-0.1204	0.08979	0.1348	-1.18
1018	0.09162	0.04422	-0.08683	-0.1995	-0.2913	-0.3756	-0.4844	-0.6066	-0.5945	-0.585	-0.3779	-0.02464	0.4588	0.7591	0.8316	0.7815	0.5485	0.03624	-0.4026	-0.755	-0.8714	-0.861	-0.8049	-0.6534	-0.5042	-0.3823	-0.2695	-0.1181	0.06815	0.1406	-1.802
1017	0.1121	0.0561	-0.09412	-0.1746	-0.2759	-0.3475	-0.5036	-0.5749	-0.5407	-0.514	-0.2894	0.06651	0.5226	0.7884	0.8164	0.7477	0.4756	-0.07177	-0.5225	-0.8634	-0.9493	-0.9283	-0.8516	-0.6894	-0.5341	-0.4116	-0.2911	-0.1128	0.1033	0.1415	-2.496
1017	0.06987	0.03021	-0.0821	-0.1685	-0.2745	-0.3443	-0.4389	-0.522	-0.4731	-0.4352	-0.1972	0.1676	0.5974	0.7946	0.8067	0.6975	0.3762	-0.1971	-0.6538	-0.972	-1.049	-0.9841	-0.8952	-0.7053	-0.5718	-0.4294	-0.3074	-0.1159	0.06153	0.1278	-3.159
1015	0.0598	0.04361	-0.0919	-0.1674	-0.2467	-0.332	-0.4176	-0.4853	-0.4202	-0.3695	-0.1102	0.2638	0.6784	0.8151	0.7651	0.654	0.2927	-0.3358	-0.7878	-1.104	-1.123	-1.058	-0.9708	-0.7451	-0.5692	-0.428	-0.3117	-0.1301	0.08675	0.1447	-3.84
1020	0.04789	0.02864	-0.08026	-0.1423	-0.2343	-0.319	-0.387	-0.4324	-0.3547	-0.2942	-0.01695	0.352	0.7257	0.8089	0.7185	0.5835	0.1751	-0.4718	-0.9271	-1.21	-1.225	-1.108	-0.9803	-0.7782	-0.5768	-0.4496	-0.308	-0.1109	0.08383	0.126	-4.47
1023	0.03616	0.01973	-0.08717	-0.1426	-0.2203	-0.3043	-0.3654	-0.4021	-0.3025	-0.2251	0.06812	0.4271	0.7633	0.8063	0.6291	0.4617	0.0273	-0.6538	-1.094	-1.35	-1.314	-1.177	-0.9984	-0.7979	-0.6328	-0.4593	-0.3143	-0.1144	0.07526	0.1047	-5.097
1025	0.04115	0.03291	-0.05121	-0.1258	-0.2051	-0.2692	-0.3175	-0.3412	-0.2341	-0.1508	0.1529	0.5093	0.7949	0.7711	0.5613	0.3754	-0.1166	-0.8239	-1.246	-1.459	-1.4	-1.232	-1.023	-0.8194	-0.6061	-0.4673	-0.3137	-0.09342	0.09336	0.1217	-5.707
1025	0.0202	0.00207	-0.08064	-0.1295	-0.1815	-0.2514	-0.311	-0.3106	-0.168	-0.05713	0.2204	0.5642	0.8255	0.7446	0.4578	0.2352	-0.2551	-0.9912	-1.417	-1.605	-1.495	-1.275	-1.075	-0.8637	-0.644	-0.4584	-0.3371	-0.1196	0.07015	0.1181	-6.316
1022	0.003607	0.01165	-0.06573	-0.1178	-0.1835	-0.228	-0.2695	-0.2566	-0.1239	-0.02062	0.3136	0.6113	0.8358	0.7026	0.3766	0.1207	-0.4263	-1.182	-1.564	-1.738	-1.586	-1.384	-1.109	-0.898	-0.6482	-0.4856	-0.3059	-0.106	0.07784	0.09261	-6.882
1023	0.008674	-0.001604	-0.0641	-0.1012	-0.162	-0.2239	-0.2327	-0.2282	-0.07102	0.05127	0.3697	0.6791	0.8656	0.6789	0.2652	-0.01503	-0.5666	-1.366	-1.735	-1.869	-1.689	-1.433	-1.156	-0.9063	-0.6494	-0.4943	-0.3116	-0.09982	0.05954	0.09401	-7.456
1025	-0.0123	0.004276	-0.04886	-0.09343	-0.1602	-0.188	-0.2144	-0.1745	-0.02324	0.09437	0.4251	0.7223	0.8388	0.5921	0.1283	-0.1573	-0.7662	-1.575	-1.914	-2	-1.776	-1.436	-1.208	-0.9548	-0.6694	-0.5	-0.3447	-0.1104	0.04782	0.07805	-8.026
1023	-1.43e-005	0.0109	-0.0601	-0.09055	-0.1279	-0.1609	-0.2009	-0.1534	0.0236	0.1612	0.4802	0.7506	0.8261	0.5456	0.005301	-0.3131	-0.9338	-1.746	-2.07	-2.133	-1.868	-1.469	-1.254	-0.9555	-0.677	-0.5008	-0.3064	-0.1052	0.06284	0.0674	-8.542
1026	-0.02745	0.006474	-0.04006	-0.06999	-0.1364	-0.1613	-0.1573	-0.1393	0.04764	0.193	0.5293	0.7706	0.8205	0.4647	-0.1348	-0.46	-1.119	-1.944	-2.228	-2.247	-1.955	-1.554	-1.273	-0.9732	-0.679	-0.5076	-0.3093	-0.1026	0.04943	0.04859	-9.078
1027	-0.03463	0.0116	-0.0702	-0.07968	-0.1178	-0.1386	-0.1563	-0.09422	0.09804	0.2476	0.5755	0.7908	0.7888	0.3884	-0.282	-0.6362	-1.296	-2.152	-2.407	-2.384	-2.043	-1.587	-1.333	-0.9949	-0.6804	-0.5048	-0.2928	-0.09865	0.02704	0.03708	-9.576
1025	-0.04121	-0.008947	-0.06558	-0.05497	-0.1092	-0.1381	-0.12	-0.06699	0.1247	0.2737	0.6205	0.8196	0.7688	0.3089	-0.3966	-0.7779	-1.469	-2.32	-2.539	-2.493	-2.111	-1.629	-1.361	-0.9963	-0.717	-0.528	-0.3161	-0.06807	0.01881	0.02783	-10.01
1025	-0.06288	-0.00307	-0.06796	-0.06703	-0.0981	-0.1042	-0.1167	-0.04107	0.1689	0.3323	0.6476	0.8218	0.7407	0.233	-0.539	-0.944	-1.639	-2.488	-2.703	-2.61	-2.229	-1.694	-1.361	-1.046	-0.6847	-0.4992	-0.3029	-0.08346	0.008029	0.01349	-10.48
1022	-0.07466	-0.02444	-0.06257	-0.05361	-0.1095	-0.111	-0.07627	0.0008534	0.2006	0.356	0.676	0.8522	0.7049	0.1516	-0.6834	-1.066	-1.795	-2.679	-2.858	-2.725	-2.246	-1.755	-1.43	-1.052	-0.7212	-0.5302	-0.2987	-0.09606	-0.01273	-0.003742	-10.88
1023	-0.05212	-0.01779	-0.05371	-0.05354	-0.08493	-0.08344	-0.06231	8.899e-005	0.2227	0.3958	0.6965	0.8322	0.6675	0.089	-0.7997	-1.206	-1.952	-2.823	-2.971	-2.814	-2.347	-1.806	-1.422	-1.048	-0.7239	-0.5081	-0.2792	-0.0913	-0.01437	-0.007329	-11.25
1025	-0.09897	-0.04492	-0.06395	-0.03007	-0.0796	-0.08408	-0.05568	0.04275	0.2393	0.3921	0.6976	0.8471	0.6389	0.0002549	-0.9113	-1.331	-2.081	-2.96	-3.086	-2.883	-2.416	-1.811	-1.457	-1.067	-0.7269	-0.485	-0.2692	-0.1081	-0.02263	-0.03385	-11.62
1022	-0.08407	-0.02812	-0.04739	-0.05134	-0.07096	-0.06497	-0.05015	0.04442	0.2601	0.4279	0.7205	0.8302	0.6024	-0.08484	-1.068	-1.49	-2.253	-3.123	-3.232	-2.999	-2.32	-1.859	-1.475	-1.087	-0.7204	-0.4932	-0.2583	-0.09913	-0.05512	-0.03467	-11.92
1020	-0.09514	-0.06066	-0.05389	-0.04387	-0.05849	-0.06591	-0.0339	0.06672	0.2807	0.4472	0.7436	0.8546	0.5685	-0.1484	-1.147	-1.57	-2.362	-3.232	-3.331	-3.076	-2.396	-1.898	-1.507	-1.087	-0.7543	-0.4654	-0.2735	-0.1233	-0.06107	-0.04988	-12.28
1016	-0.1151	-0.0616	-0.06209	-0.04097	-0.06538	-0.03934	-0.02089	0.06232	0.2892	0.4656	0.7709	0.8293	0.5322	-0.2253	-1.274	-1.739	-2.526	-3.385	-3.443	-3.16	-2.51	-1.942	-1.518	-1.097	-0.7353	-0.5018	-0.2626	-0.1416	-0.07798	-0.06017	-12.52
1014	-0.09864	-0.0588	-0.06871	-0.03194	-0.0566	-0.06468	-0.004493	0.09794	0.3176	0.4884	0.7772	0.8499	0.4976	-0.2951	-1.395	-1.836	-2.621	-3.506	-3.542	-3.233	-2.469	-1.979	-1.53	-1.106	-0.7181	-0.4883	-0.2397	-0.1303	-0.05641	-0.07774	-12.77
1018	-0.1222	-0.06224	-0.05879	-0.04242	-0.06156	-0.04657	0.006174	0.08908	0.3282	0.5142	0.7946	0.831	0.4666	-0.3293	-1.447	-1.902	-2.707	-3.571	-3.588	-3.262	-2.64	-1.975	-1.527	-1.09	-0.7128	-0.4876	-0.2534	-0.1328	-0.08203	-0.0774	-12.96
1019	-0.1351	-0.06363	-0.06671	-0.03782	-0.0392	-0.05055	0.006165	0.1181	0.3372	0.5076	0.7811	0.8155	0.4364	-0.3915	-1.512	-1.985	-2.775	-3.641	-3.65	-3.296	-2.629	-1.981	-1.558	-1.092	-0.6706	-0.4899	-0.2538	-0.1481	-0.09775	-0.1076	-13.12
1020	-0.1452	-0.08718	-0.05066	-0.03324	-0.04955	-0.04	0.0176	0.1111	0.3322	0.5042	0.7845	0.8192	0.4346	-0.4062	-1.531	-1.996	-2.8	-3.668	-3.666	-3.33	-2.572	-1.985	-1.531	-1.067	-0.6862	-0.4362	-0.2138	-0.1403	-0.116	-0.1255	-13.24
1020	-0.1344	-0.09389	-0.06831	-0.03099	-0.05479	-0.04246	0.008618	0.1227	0.3437	0.5157	0.7852	0.8108	0.4216	-0.433	-1.57	-2.042	-2.851	-3.718	-3.727	-3.35	-2.631	-2	-1.523	-1.105	-0.647	-0.4307	-0.2434	-0.1497	-0.1202	-0.1343	-13.37
1015	-0.1378	-0.08983	-0.07099	-0.03264	-0.04606	-0.03694	0.01851	0.1232	0.3539	0.5333	0.8008	0.8179	0.4099	-0.4355	-1.6	-2.077	-2.888	-3.743	-3.753	-3.387	-2.617	-2.022	-1.548	-1.084	-0.6629	-0.4369	-0.2311	-0.1619	-0.1684	-0.1507	-13.41
1014	-0.1402	-0.09216	-0.07188	-0.04182	-0.03492	-0.02803	0.007841	0.1348	0.3593	0.5339	0.7976	0.8265	0.4075	-0.455	-1.614	-2.075	-2.898	-3.753	-3.758	-3.386	-2.587	-2.007	-1.536	-1.081	-0.6445	-0.4076	-0.2344	-0.1605	-0.1292	-0.1371	-13.49
1013	-0.1615	-0.09298	-0.08482	-0.04414	-0.05362	-0.05167	0.0169	0.1134	0.3485	0.5314	0.7899	0.8097	0.4015	-0.4478	-1.618	-2.095	-2.909	-3.772	-3.771	-3.4	-2.608	-2.007	-1.542	-1.068	-0.6539	-0.4102	-0.2427	-0.1864	-0.1595	-0.1605	-13.44
1013	-0.163	-0.09746	-0.08242	-0.05102	-0.04841	-0.04679	0.01279	0.1327	0.3533	0.5248	0.7984	0.8197	0.4129	-0.46	-1.632	-2.093	-2.908	-3.773	-3.77	-3.39	-2.646	-2.003	-1.53	-1.082	-0.6178	-0.4013	-0.2494	-0.1794	-0.1704	-0.167	-13.52
1016	-0.1676	-0.1061	-0.08701	-0.04175	-0.05721	-0.04829	0.02014	0.1223	0.3541	0.5344	0.8128	0.8228	0.3891	-0.467	-1.65	-2.124	-2.938	-3.796	-3.77	-3.385	-2.595	-2.001	-1.509	-1.05	-0.6293	-0.4336	-0.2849	-0.2037	-0.1867	-0.1694	-13.47
1014	-0.168	-0.1241	-0.1025	-0.05633	-0.05212	-0.04922	-0.0003801	0.1134	0.3434	0.5224	0.7939	0.8171	0.4078	-0.4423	-1.622	-2.079	-2.903	-3.764	-3.766	-3.39	-2.599	-1.981	-1.539	-1.06	-0.5997	-0.3974	-0.2878	-0.2019	-0.1955	-0.1858	-13.51
1011	-0.178	-0.1156	-0.07132	-0.05573	-0.068	-0.05262	0.004568	0.1199	0.3492	0.5276	0.807	0.8378	0.4167	-0.4466	-1.607	-2.072	-2.899	-3.761	-3.756	-3.371	-2.6	-1.975	-1.536	-1.04	-0.5992	-0.3948	-0.2819	-0.2095	-0.1826	-0.1951	-13.48
1012	-0.1786	-0.1237	-0.1035	-0.06102	-0.07617	-0.05503	-0.007799	0.1082	0.3451	0.5294	0.8005	0.8264	0.4242	-0.4486	-1.628	-2.083	-2.907	-3.76	-3.759	-3.38	-2.599	-1.974	-1.493	-1.038	-0.5943	-0.393	-0.2617	-0.207	-0.1833	-0.1934	-13.43
1012	-0.1764	-0.1229	-0.09786	-0.07094	-0.08065	-0.06888	0.0004434	0.1112	0.343	0.5233	0.7962	0.8186	0.3844	-0.4827	-1.636	-2.107	-2.917	-3.768	-3.748	-3.342	-2.566	-1.981	-1.497	-1.03	-0.5778	-0.3847	-0.2512	-0.2233	-0.1547	-0.1571	-13.29
1015	-0.1539	-0.1077	-0.1064	-0.07147	-0.09008	-0.0776	-0.02256	0.09165	0.324	0.5046	0.7769	0.8266	0.4291	-0.4099	-1.561	-2.012	-2.824	-3.653	-3.662	-3.289	-2.532	-1.908	-1.458	-0.9927	-0.5604	-0.3485	-0.2659	-0.1791	-0.1626	-0.171	-13.09
1016	-0.1619	-0.1306	-0.09989	-0.08284	-0.09971	-0.09867	-0.03075	0.06314	0.3005	0.4851	0.7831	0.8192	0.4458	-0.3672	-1.462	-1.919	-2.716	-3.556	-3.572	-3.206	-2.449	-1.899	-1.445	-0.9754	-0.6096	-0.3877	-0.2377	-0.1859	-0.1893	-0.1854	-12.8
1012	-0.1617	-0.1169	-0.1131	-0.09382	-0.109	-0.09576	-0.0531	0.05179	0.2832	0.4631	0.7584	0.8328	0.4941	-0.2932	-1.379	-1.808	-2.608	-3.462	-3.501	-3.168	-2.399	-1.869	-1.435	-0.9978	-0.5643	-0.3488	-0.2393	-0.1913	-0.1656	-0.1214	-12.51
1011	-0.1708	-0.1253	-0.1165	-0.09167	-0.1257	-0.118	-0.06556	0.04337	0.272	0.4498	0.752	0.828	0.5254	-0.2389	-1.283	-1.716	-2.514	-3.353	-3.406	-3.094	-2.399	-1.851	-1.415	-0.9637	-0.5771	-0.3471	-0.2315	-0.1838	-0.1633	-0.1631	-12.22
1010	-0.1856	-0.1284	-0.1473	-0.1247	-0.1213	-0.1123	-0.08379	0.01711	0.2649	0.4576	0.7418	0.8394	0.5685	-0.1499	-1.172	-1.608	-2.39	-3.23	-3.327	-3.048	-2.388	-1.83	-1.39	-0.9849	-0.5783	-0.3467	-0.2146	-0.1746	-0.1525	-0.1516	-11.86
1010	-0.1561	-0.1342	-0.136	-0.1146	-0.1302	-0.1327	-0.09859	0.01555	0.2385	0.412	0.7371	0.8473	0.5958	-0.1178	-1.074	-1.492	-2.264	-3.118	-3.218	-2.971	-2.216	-1.796	-1.364	-0.9676	-0.5638	-0.3352	-0.1892	-0.1627	-0.1491	-0.1362	-11.52
1013	-0.147	-0.1049	-0.1412	-0.1311	-0.1396	-0.1413	-0.1148	-0.02381	0.2087	0.3895	0.7094	0.8307	0.6177	-0.03241	-0.9367	-1.37	-2.119	-2.975	-3.099	-2.887	-2.142	-1.75	-1.381	-0.9347	-0.5535	-0.3411	-0.1969	-0.1444	-0.1084	-0.1308	-11.17
1013	-0.1594	-0.1228	-0.151	-0.1182	-0.1628	-0.1609	-0.1206	-0.02691	0.1878	0.3548	0.6846	0.8447	0.6582	0.02534	-0.8498	-1.25	-1.998	-2.858	-3.011	-2.804	-2.379	-1.746	-1.363	-0.9495	-0.6018	-0.3695	-0.1674	-0.1273	-0.1194	-0.1119	-10.81
1012	-0.0959	-0.08718	-0.1382	-0.1389	-0.1562	-0.1741	-0.1553	-0.05781	0.1694	0.3462	0.6651	0.8324	0.6815	0.0824	-0.751	-1.149	-1.867	-2.692	-2.872	-2.72	-2.271	-1.677	-1.319	-0.9481	-0.5645	-0.334	-0.1682	-0.1196	-0.08254	-0.07426	-10.37
1011	-0.1054	-0.09093	-0.1447	-0.1382	-0.1825	-0.2003	-0.1587	-0.1034	0.1237	0.3003	0.642	0.8296	0.7037	0.1737	-0.6198	-0.9898	-1.716	-2.564	-2.755	-2.628	-2.226	-1.688	-1.315	-0.9346	-0.5847	-0.3491	-0.1653	-0.0947	-0.06325	-0.06411	-9.869
1009	-0.1123	-0.07923	-0.1273	-0.1439	-0.1822	-0.1836	-0.1806	-0.1029	0.1177	0.2892	0.6227	0.8172	0.7475	0.2482	-0.4912	-0.8631	-1.562	-2.41	-2.635	-2.541	-2.162	-1.617	-1.297	-0.9312	-0.5826	-0.3649	-0.1784	-0.08479	-0.05247	-0.04023	-9.383
1009	-0.09983	-0.07772	-0.1264	-0.1378	-0.1799	-0.2146	-0.1929	-0.1238	0.0788	0.2364	0.5832	0.8255	0.7786	0.3137	-0.3784	-0.7323	-1.43	-2.279	-2.513	-2.455	-2.086	-1.598	-1.28	-0.9084	-0.5765	-0.3701	-0.1798	-0.05584	-0.02468	-0.02638	-8.899
1011	-0.09965	-0.06939	-0.1367	-0.1658	-0.2073	-0.2143	-0.2132	-0.1537	0.05295	0.2137	0.5571	0.8034	0.8084	0.3946	-0.25	-0.6075	-1.284	-2.11	-2.384	-2.367	-2.027	-1.554	-1.242	-0.9344	-0.6192	-0.4068	-0.1862	-0.06589	-0.01959	-0.01833	-8.357
1010	-0.05356	-0.06202	-0.1401	-0.1767	-0.2128	-0.2546	-0.244	-0.1871	0.009624	0.1626	0.5184	0.7859	0.8186	0.4423	-0.1605	-0.4902	-1.141	-1.977	-2.271	-2.258	-1.952	-1.519	-1.232	-0.9028	-0.5947	-0.4162	-0.2132	-0.03705	0.01825	0.01005	-7.855
1013	-0.05485	-0.03581	-0.1179	-0.1578	-0.2293	-0.2391	-0.2515	-0.212	-0.01445	0.1392	0.4818	0.7598	0.8281	0.5071	-0.04851	-0.3689	-1.005	-1.815	-2.13	-2.154	-1.855	-1.463	-1.209	-0.8912	-0.5751	-0.3918	-0.2258	-0.0455	0.02741	0.03687	-7.311
1011	-0.04911	-0.03961	-0.1383	-0.1582	-0.2366	-0.2674	-0.2718	-0.2325	-0.05584	0.08157	0.4376	0.7308	0.8405	0.55	0.0639	-0.2434	-0.8645	-1.676	-2.006	-2.062	-1.784	-1.428	-1.186	-0.8837	-0.5889	-0.4285	-0.2485	-0.05419	0.05689	0.03549	-6.737
1010	-0.01467	-0.03515	-0.1133	-0.1605	-0.2231	-0.278	-0.2834	-0.2735	-0.09507	0.04373	0.4026	0.6866	0.8421	0.5943	0.1506	-0.1338	-0.7311	-1.508	-1.87	-1.958	-1.721	-1.409	-1.126	-0.8707	-0.5949	-0.4062	-0.2256	-0.04249	0.05438	0.08061	-6.138
1012	-0.01026	-0.03286	-0.1317	-0.1694	-0.2437	-0.3028	-0.3175	-0.3008	-0.1362	-0.008227	0.3385	0.664	0.8399	0.645	0.2559	-0.01033	-0.5764	-1.369	-1.731	-1.854	-1.643	-1.314	-1.109	-0.841	-0.5762	-0.4219	-0.2467	-0.04241	0.07946	0.09936	-5.579
1011	0.01244	0.003589	-0.1141	-0.1795	-0.2424	-0.2762	-0.3319	-0.3305	-0.1755	-0.05498	0.2921	0.6166	0.8401	0.7012	0.3579	0.1117	-0.4342	-1.195	-1.578	-1.722	-1.562	-1.333	-1.071	-0.8273	-0.5857	-0.4216	-0.2544	-0.07133	0.08963	0.1191	-4.911
1014	0.02773	0.006547	-0.1185	-0.1812	-0.2798	-0.3356	-0.3728	-0.3603	-0.2297	-0.128	0.2079	0.5583	0.8298	0.737	0.4743	0.2496	-0.2495	-1.002	-1.409	-1.587	-1.469	-1.235	-1.026	-0.7944	-0.5447	-0.401	-0.2381	-0.06644	0.1203	0.1093	-4.31
1013	0.02921	-0.0008761	-0.1154	-0.1737	-0.2912	-0.3366	-0.3912	-0.4122	-0.2828	-0.1821	0.1463	0.4938	0.7949	0.7762	0.5572	0.3404	-0.1172	-0.8357	-1.262	-1.476	-1.38	-1.198	-0.9915	-0.7507	-0.5524	-0.3967	-0.2464	-0.06182	0.0869	0.1108	-3.631
1010	0.05424	0.01552	-0.1271	-0.1889	-0.2892	-0.3615	-0.4264	-0.4484	-0.3349	-0.2467	0.07238	0.4404	0.7806	0.7903	0.6284	0.445	0.01367	-0.6867	-1.122	-1.356	-1.296	-1.156	-0.9503	-0.7467	-0.5142	-0.3809	-0.2524	-0.07218	0.1284	0.1221	-3.01
1010	0.06524	0.02893	-0.1312	-0.2065	-0.2802	-0.3926	-0.4355	-0.4887	-0.378	-0.292	0.001277	0.3793	0.7374	0.8194	0.6923	0.5214	0.1225	-0.5447	-0.9717	-1.247	-1.214	-1.09	-0.881	-0.7199	-0.5232	-0.3877	-0.2569	-0.07532	0.09646	0.1411	-2.333
1009	0.06602	0.02597	-0.1329	-0.2112	-0.3194	-0.3969	-0.4862	-0.5277	-0.4383	-0.3687	-0.08913	0.2868	0.6902	0.8085	0.7415	0.603	0.2337	-0.3945	-0.8459	-1.133	-1.138	-1.031	-0.8863	-0.7094	-0.5258	-0.4059	-0.2585	-0.08474	0.1091	0.1215	-1.726
1009	0.06016	0.03343	-0.1377	-0.2105	-0.3307	-0.3765	-0.5028	-0.5634	-0.4953	-0.4424	-0.1712	0.2065	0.6356	0.8285	0.7972	0.674	0.3427	-0.2615	-0.7034	-1.018	-1.042	-0.967	-0.8593	-0.6593	-0.5021	-0.3611	-0.2408	-0.0918	0.09402	0.1412	-1.029
1011	0.08131	0.04083	-0.1359	-0.2232	-0.3384	-0.3866	-0.5507	-0.6212	-0.5653	-0.5219	-0.2696	0.1197	0.5786	0.7997	0.8157	0.7409	0.4454	-0.1168	-0.5695	-0.8986	-0.9661	-0.916	-0.85	-0.6329	-0.4649	-0.371	-0.2448	-0.09087	0.1115	0.1293	-0.4247
