12391	13	1	88	27.6	741	1	5	8	0.245	128	4096	10	0	0	0	0	31.36	1011	1.4554e+006	0.12092	0.010071	42.035	0	0	1	0	0	0	7	0	0
941.29	0.10428	0.073215	-0.084767	-0.15606	-0.47103	-0.6235	-0.92665	-1.1689	-1.4846	-1.7295	-2.003	-1.8763	-1.4064	-0.52509	-0.044991	0.31772	0.70745	0.89307	0.73574	0.41972	0.082539	-0.12058	-0.22406	-0.25605	-0.24317	-0.18172	-0.14297	-0.081367	0.020125	0.058929	7.33
931.16	0.093489	0.085327	-0.06291	-0.13779	-0.47695	-0.62847	-0.91704	-1.191	-1.5342	-1.8013	-2.1118	-1.9999	-1.5321	-0.62002	-0.12713	0.26915	0.68992	0.9069	0.76985	0.45973	0.13906	-0.079456	-0.21097	-0.22026	-0.22079	-0.17232	-0.11879	-0.045826	0.042236	0.068253	7.688
932.48	0.10527	0.077143	-0.076816	-0.12185	-0.47631	-0.67007	-0.9408	-1.2375	-1.5849	-1.8552	-2.2015	-2.1012	-1.6525	-0.733	-0.2267	0.18383	0.64346	0.90564	0.78991	0.48075	0.17401	-0.06896	-0.2003	-0.20569	-0.21487	-0.16398	-0.13632	-0.05592	0.027612	0.070523	8.082
935.8	0.093024	0.059975	-0.06783	-0.11404	-0.48265	-0.64568	-0.9597	-1.2512	-1.6166	-1.9017	-2.2501	-2.2163	-1.7538	-0.83648	-0.2948	0.12101	0.60175	0.89677	0.80395	0.50577	0.19302	-0.048022	-0.16768	-0.19397	-0.19809	-0.14888	-0.12143	-0.035488	0.036587	0.057704	8.423
927.18	0.071526	0.048349	-0.045572	-0.14423	-0.51411	-0.68274	-0.96857	-1.285	-1.681	-1.9882	-2.3631	-2.3388	-1.909	-0.97374	-0.40778	0.017053	0.5498	0.89677	0.81779	0.53122	0.2153	-0.016324	-0.15363	-0.18077	-0.20474	-0.15923	-0.12333	-0.037516	0.010357	0.062994	8.712
922.82	0.052604	0.045319	-0.075855	-0.13822	-0.50018	-0.6896	-0.98409	-1.3051	-1.7243	-2.0505	-2.4465	-2.4285	-2.0041	-1.0675	-0.5063	-0.050472	0.52351	0.8936	0.86161	0.58359	0.26176	0.019112	-0.1247	-0.16651	-0.1757	-0.15427	-0.12227	-0.059067	0.028815	0.032226	9.044
920.55	0.054347	0.062593	-0.066289	-0.13853	-0.50303	-0.70027	-0.99454	-1.3452	-1.72	-2.0104	-2.5289	-2.5447	-2.1287	-1.1646	-0.58591	-0.11383	0.46934	0.88494	0.87227	0.59457	0.27812	0.031297	-0.10221	-0.15015	-0.17369	-0.13251	-0.10876	-0.058349	0.010432	0.053069	9.374
926.71	0.071558	0.041877	-0.058803	-0.15933	-0.48254	-0.68844	-1.0059	-1.3558	-1.7813	-2.1128	-2.5743	-2.6197	-2.2131	-1.2692	-0.66658	-0.19101	0.42214	0.86351	0.87787	0.59499	0.31001	0.058422	-0.077186	-0.15859	-0.15712	-0.12914	-0.085348	-0.069034	0.018615	0.043988	9.682
921.69	0.03419	0.033123	-0.057356	-0.13082	-0.51137	-0.70386	-1.0241	-1.3663	-1.8541	-2.2332	-2.6767	-2.7094	-2.3409	-1.3832	-0.7878	-0.28857	0.37252	0.86076	0.89761	0.65075	0.33155	0.087037	-0.057493	-0.12206	-0.14983	-0.12502	-0.076056	-0.039459	0.01134	0.051411	9.959
919.13	0.02059	0.029121	-0.052193	-0.15226	-0.49384	-0.70576	-1.0233	-1.4159	-1.8489	-2.1857	-2.7242	-2.8298	-2.4634	-1.4825	-0.88104	-0.38244	0.3155	0.8274	0.90215	0.65338	0.35985	0.099423	-0.056775	-0.12956	-0.15025	-0.1171	-0.099919	-0.071315	0.0058275	0.0091641	10.24
922.63	0.018109	0.0037199	-0.073215	-0.10309	-0.49289	-0.69963	-1.058	-1.3885	-1.8436	-2.1984	-2.8013	-2.8984	-2.5479	-1.5775	-0.97607	-0.42204	0.27263	0.81853	0.89962	0.68158	0.38329	0.11277	-0.04346	-0.10042	-0.13674	-0.1044	-0.099549	-0.043693	-0.0043218	0.016303	10.47
916.48	0.0069161	0.0037452	-0.045224	-0.10546	-0.47716	-0.69171	-1.0509	-1.4466	-1.9038	-2.2596	-2.8784	-3.022	-2.6566	-1.6841	-1.0488	-0.51359	0.22744	0.82317	0.91778	0.70808	0.40409	0.14117	-0.023536	-0.10749	-0.12702	-0.11002	-0.10675	-0.059478	-0.013621	0.032448	10.76
917.24	-0.0043914	-0.0085664	-0.072751	-0.13061	-0.47758	-0.71621	-1.0454	-1.4445	-1.9502	-2.343	-2.9639	-3.1149	-2.7559	-1.7802	-1.1446	-0.58422	0.19471	0.80744	0.90912	0.71188	0.42035	0.16789	-0.013843	-0.084978	-0.12364	-0.096772	-0.09767	-0.079202	-0.011752	0.005176	10.97
914.87	-0.010069	-0.01435	-0.056891	-0.080311	-0.48962	-0.71547	-1.0654	-1.4423	-1.9745	-2.3884	-2.9945	-3.1782	-2.8551	-1.8658	-1.2101	-0.65317	0.14033	0.79044	0.93024	0.71811	0.43735	0.16915	0.010781	-0.083595	-0.12069	-0.10198	-0.086456	-0.056997	-0.012713	-0.0012386	11.19
917.24	-0.017306	-0.020051	-0.070977	-0.10537	-0.4685	-0.72709	-1.0346	-1.4666	-1.9946	-2.4053	-3.0304	-3.2553	-2.9269	-1.946	-1.2945	-0.72635	0.084334	0.75253	0.93056	0.73564	0.45699	0.19217	0.024803	-0.07217	-0.11784	-0.092654	-0.080501	-0.092961	-0.026566	-0.014054	11.42
909.28	-0.041074	-0.045889	-0.059932	-0.077407	-0.4667	-0.69435	-1.0686	-1.4508	-1.9671	-2.3694	-3.0821	-3.2954	-2.9998	-2.0273	-1.3621	-0.77281	0.04969	0.76584	0.93298	0.75887	0.47188	0.2078	0.021477	-0.064716	-0.10407	-0.086002	-0.084503	-0.054737	-0.0090553	0.0044126	11.64
902.46	-0.025795	-0.027052	-0.07576	-0.095115	-0.47621	-0.70238	-1.0833	-1.4888	-2.0231	-2.4391	-3.1476	-3.4137	-3.1318	-2.135	-1.4614	-0.85485	0.010939	0.73532	0.94154	0.77714	0.48888	0.21023	0.026102	-0.065212	-0.10152	-0.10422	-0.083489	-0.081377	-0.015712	-0.040356	11.78
911.46	-0.040979	-0.034221	-0.089328	-0.057726	-0.44411	-0.66014	-1.0802	-1.5068	-2.0241	-2.4264	-3.1297	-3.3725	-3.0716	-2.0738	-1.4255	-0.81874	0.026334	0.74229	0.91419	0.76151	0.48666	0.21223	0.04176	-0.06215	-0.094766	-0.082486	-0.08842	-0.065001	-0.049109	-0.02947	11.97
902.93	-0.061041	-0.056216	-0.098303	-0.080512	-0.48265	-0.71114	-1.1013	-1.511	-2.0431	-2.4581	-3.1909	-3.4507	-3.1434	-2.154	-1.4793	-0.86752	-0.0099243	0.73828	0.94027	0.77048	0.49289	0.23071	0.035013	-0.063543	-0.091503	-0.088272	-0.08842	-0.066479	-0.034517	-0.017538	12.06
901.99	-0.043872	-0.055445	-0.11203	-0.10031	-0.4798	-0.6763	-1.1076	-1.5289	-2.0717	-2.493	-3.2226	-3.4707	-3.1645	-2.173	-1.4909	-0.88325	-0.00036544	0.7425	0.93256	0.78294	0.49342	0.22849	0.03684	-0.052214	-0.092443	-0.084186	-0.096836	-0.072677	-0.039269	-0.024074	12.22
904.45	-0.065032	-0.05196	-0.10355	-0.08123	-0.4458	-0.68897	-1.0865	-1.5342	-2.0822	-2.5077	-3.2543	-3.5288	-3.2553	-2.2596	-1.5881	-0.9389	-0.060228	0.71927	0.9314	0.803	0.50978	0.2304	0.042975	-0.035013	-0.092179	-0.083954	-0.092422	-0.069858	-0.026946	-0.019133	12.31
901.14	-0.056237	-0.087238	-0.1076	-0.082391	-0.45498	-0.68232	-1.0812	-1.5215	-2.0896	-2.532	-3.2722	-3.57	-3.3007	-2.3156	-1.6271	-0.99222	-0.086572	0.70417	0.94354	0.80417	0.52942	0.2419	0.058338	-0.04818	-0.093351	-0.085105	-0.091926	-0.076246	-0.04118	-0.041222	12.43
904.64	-0.085485	-0.088558	-0.12702	-0.066701	-0.45403	-0.67788	-1.0939	-1.511	-2.0812	-2.5246	-3.2859	-3.5752	-3.307	-2.3156	-1.6398	-1.0054	-0.11224	0.71494	0.92612	0.80733	0.5138	0.25743	0.055434	-0.045562	-0.097131	-0.087269	-0.089085	-0.066352	-0.041961	-0.011815	12.45
908.43	-0.086763	-0.076594	-0.11203	-0.085981	-0.43555	-0.67693	-1.0749	-1.5131	-2.0843	-2.5278	-3.287	-3.5752	-3.325	-2.323	-1.6546	-1.0159	-0.11435	0.68432	0.91799	0.79952	0.5252	0.23515	0.054326	-0.038097	-0.089307	-0.091071	-0.086245	-0.079107	-0.051137	-0.055466	12.53
897.92	-0.080353	-0.077492	-0.14159	-0.08011	-0.46259	-0.66922	-1.0971	-1.5363	-2.097	-2.5331	-3.3366	-3.6154	-3.3577	-2.3504	-1.6662	-1.034	-0.10791	0.71695	0.94914	0.81156	0.54231	0.26767	0.063037	-0.02872	-0.089508	-0.077006	-0.084746	-0.084418	-0.041328	-0.025003	12.58
901.04	-0.089117	-0.088917	-0.12291	-0.064399	-0.43492	-0.70079	-1.1013	-1.5205	-2.1139	-2.5764	-3.3039	-3.5995	-3.3303	-2.3441	-1.6662	-1.0102	-0.10664	0.71019	0.93636	0.80522	0.53618	0.25848	0.077122	-0.033514	-0.090036	-0.080089	-0.083616	-0.074504	-0.057219	-0.052657	12.62
903.41	-0.079868	-0.088684	-0.11002	-0.095875	-0.45139	-0.6706	-1.0886	-1.5384	-2.1234	-2.5785	-3.2859	-3.6016	-3.325	-2.3399	-1.6504	-1.0246	-0.102	0.70164	0.92454	0.80491	0.52721	0.24708	0.062657	-0.040747	-0.073194	-0.089075	-0.09502	-0.084788	-0.035446	-0.021593	12.63
905.3	-0.073152	-0.09598	-0.11784	-0.087132	-0.42785	-0.69932	-1.0823	-1.5057	-2.1086	-2.5785	-3.3039	-3.5964	-3.3398	-2.3557	-1.663	-1.0302	-0.11129	0.67904	0.92475	0.81927	0.51432	0.24581	0.058074	-0.035784	-0.08879	-0.090553	-0.09068	-0.068052	-0.063512	-0.051591	12.6
912.41	-0.071769	-0.07708	-0.13125	-0.061052	-0.47515	-0.69657	-1.0928	-1.5226	-2.1076	-2.5626	-3.2733	-3.5478	-3.3081	-2.3092	-1.663	-1.0023	-0.12935	0.69129	0.91387	0.79952	0.52119	0.23979	0.053196	-0.033894	-0.10289	-0.080744	-0.10229	-0.07444	-0.058359	-0.043936	12.6
902.65	-0.097163	-0.08709	-0.1209	-0.081399	-0.4308	-0.66753	-1.0992	-1.5163	-2.0938	-2.5436	-3.2965	-3.6101	-3.3662	-2.3641	-1.6926	-1.0371	-0.13948	0.69372	0.92813	0.80997	0.52763	0.2531	0.072519	-0.035077	-0.079076	-0.080776	-0.091778	-0.070871	-0.057113	-0.040346	12.6
904.92	-0.069921	-0.071072	-0.11161	-0.075222	-0.42468	-0.64304	-1.0791	-1.5099	-2.0527	-2.475	-3.2785	-3.5869	-3.3356	-2.3546	-1.6694	-1.0424	-0.12005	0.69034	0.91715	0.80269	0.52805	0.25246	0.053639	-0.042299	-0.090479	-0.092264	-0.094861	-0.081156	-0.030684	-0.04837	12.55
908.81	-0.080205	-0.097269	-0.12734	-0.047695	-0.40536	-0.65571	-1.0833	-1.4962	-2.0421	-2.4666	-3.2342	-3.5161	-3.2733	-2.2944	-1.6261	-0.99771	-0.095347	0.67725	0.90458	0.7992	0.51485	0.23251	0.050757	-0.046164	-0.088441	-0.09352	-0.088684	-0.094692	-0.054854	-0.067566	12.47
902.84	-0.093035	-0.080395	-0.13537	-0.037738	-0.41391	-0.66827	-1.058	-1.5205	-2.0738	-2.5035	-3.2321	-3.5161	-3.2532	-2.2828	-1.5986	-0.97712	-0.069024	0.71125	0.92939	0.79023	0.51401	0.23652	0.041264	-0.046459	-0.10315	-0.082433	-0.11414	-0.09182	-0.058982	-0.048476	12.32
904.17	-0.063417	-0.081114	-0.11625	-0.048793	-0.39068	-0.64536	-1.0728	-1.4856	-2.0379	-2.4676	-3.211	-3.4961	-3.2226	-2.2438	-1.5543	-0.93541	-0.063723	0.72719	0.92739	0.79086	0.50313	0.22216	0.049226	-0.054526	-0.10717	-0.10068	-0.097427	-0.091694	-0.059837	-0.054906	12.16
905.78	-0.056765	-0.05687	-0.11868	-0.052974	-0.43513	-0.65697	-1.0855	-1.4687	-2.021	-2.4497	-3.1856	-3.4475	-3.1613	-2.1941	-1.5141	-0.88959	-0.019428	0.73849	0.93372	0.78938	0.50313	0.22258	0.028678	-0.069024	-0.096192	-0.089666	-0.10802	-0.096751	-0.052224	-0.027221	12.01
904.64	-0.068295	-0.044464	-0.10622	-0.059014	-0.42647	-0.69425	-1.0517	-1.4782	-2.0041	-2.4127	-3.137	-3.3387	-3.0631	-2.0822	-1.4012	-0.7915	0.036935	0.75961	0.93193	0.76805	0.47177	0.20474	0.019809	-0.06424	-0.10876	-0.090606	-0.088251	-0.081177	-0.035393	-0.0061273	11.84
907.76	-0.038698	-0.045963	-0.082497	-0.091144	-0.44664	-0.65919	-1.0622	-1.4709	-1.9999	-2.4117	-3.0811	-3.3239	-2.9987	-2.0336	-1.3674	-0.78337	0.061009	0.76204	0.91567	0.74504	0.46924	0.1909	0.010865	-0.075348	-0.11087	-0.10855	-0.10529	-0.060038	-0.030589	-0.027971	11.64
907.76	-0.02891	-0.037674	-0.073511	-0.072424	-0.46005	-0.64832	-1.0696	-1.4244	-1.9333	-2.3282	-3.023	-3.2321	-2.909	-1.9629	-1.2977	-0.71156	0.11024	0.78981	0.91419	0.7575	0.4667	0.20083	0.025067	-0.072107	-0.10093	-0.091957	-0.089603	-0.067862	-0.020294	-0.0028667	11.4
903.03	-0.029882	-0.033704	-0.069383	-0.085643	-0.45995	-0.69193	-1.0707	-1.4466	-1.9481	-2.3377	-2.9977	-3.1592	-2.8213	-1.8626	-1.1932	-0.62055	0.15691	0.79815	0.91757	0.74271	0.43123	0.16303	-0.015849	-0.090384	-0.12227	-0.12502	-0.1058	-0.094428	-0.025109	-0.015089	11.15
913.92	0.016662	-0.002833	-0.068559	-0.068559	-0.45446	-0.67556	-1.0365	-1.4233	-1.9344	-2.3314	-2.9428	-3.1054	-2.7749	-1.8151	-1.1562	-0.59014	0.18341	0.80121	0.92971	0.72677	0.42859	0.15627	-0.017422	-0.094935	-0.1265	-0.11034	-0.092285	-0.066542	-0.031318	-0.0044569	10.98
910.04	0.0094069	0.0054262	-0.069752	-0.072255	-0.46142	-0.66299	-1.0354	-1.4001	-1.9143	-2.3135	-2.8826	-3.0336	-2.6788	-1.719	-1.0654	-0.50873	0.24285	0.83574	0.92939	0.70512	0.40778	0.13399	-0.028129	-0.10907	-0.13452	-0.10664	-0.10918	-0.052963	-0.016514	0.016525	10.71
916.48	0.0077249	-0.0085749	-0.074599	-0.0886	-0.49036	-0.6764	-1.0409	-1.3938	-1.8805	-2.2585	-2.7971	-2.9005	-2.5194	-1.5965	-0.9465	-0.4157	0.2891	0.84154	0.89339	0.68432	0.36998	0.11034	-0.047272	-0.11636	-0.15395	-0.13146	-0.10591	-0.061199	-0.0015701	0.0091915	10.42
914.77	0.045783	0.016915	-0.066711	-0.11668	-0.47304	-0.69562	-1.0319	-1.3758	-1.8489	-2.2163	-2.7495	-2.8235	-2.4528	-1.5163	-0.871	-0.34211	0.35225	0.83637	0.89941	0.66627	0.37072	0.090131	-0.064979	-0.12702	-0.14529	-0.13505	-0.10531	-0.064758	0.012354	0.030103	10.15
914.49	0.039321	0.02022	-0.055139	-0.11414	-0.49637	-0.67873	-1.0259	-1.3695	-1.852	-2.2279	-2.6672	-2.7221	-2.3187	-1.3969	-0.75961	-0.24412	0.40557	0.8784	0.90331	0.64093	0.33662	0.062466	-0.079097	-0.13663	-0.15923	-0.12597	-0.10371	-0.074271	-0.0025025	-0.00043482	9.859
912.41	0.060513	0.063153	-0.052573	-0.10928	-0.49257	-0.68475	-1.0336	-1.3758	-1.7929	-2.1171	-2.5954	-2.6344	-2.21	-1.2766	-0.65687	-0.17169	0.44516	0.88452	0.86784	0.61495	0.30821	0.051992	-0.11456	-0.15712	-0.16863	-0.13368	-0.13684	-0.052826	0.030072	0.043872	9.527
918.94	0.076193	0.044685	-0.057525	-0.12027	-0.47747	-0.68622	-0.9918	-1.3125	-1.7528	-2.0938	-2.5141	-2.5384	-2.1033	-1.2079	-0.57694	-0.12005	0.48814	0.88484	0.86731	0.60355	0.27527	0.025679	-0.12079	-0.16081	-0.17971	-0.15659	-0.11383	-0.053301	0.024317	0.056363	9.199
920.74	0.062371	0.05686	-0.060957	-0.11837	-0.47821	-0.69024	-0.9862	-1.3167	-1.738	-2.0664	-2.4655	-2.4697	-2.0474	-1.133	-0.52657	-0.073427	0.51696	0.88811	0.86773	0.5857	0.26397	-0.0043038	-0.13019	-0.16926	-0.18827	-0.17507	-0.11847	-0.05063	0.033493	0.033102	8.91
920.17	0.058391	0.047082	-0.058338	-0.13104	-0.46206	-0.70502	-0.96878	-1.3156	-1.7116	-2.0189	-2.3948	-2.3948	-1.9354	-1.0372	-0.44675	-0.01024	0.5574	0.90363	0.85907	0.5327	0.23768	-0.018879	-0.15215	-0.20611	-0.19492	-0.16451	-0.14793	-0.055804	0.027971	0.06348	8.547
918.37	0.088336	0.066848	-0.072666	-0.11953	-0.48772	-0.63902	-0.95516	-1.2755	-1.6377	-1.9196	-2.2934	-2.2733	-1.7771	-0.88505	-0.31803	0.096603	0.62509	0.91873	0.82856	0.51443	0.21318	-0.031898	-0.19196	-0.21604	-0.20347	-0.15912	-0.12935	-0.075676	0.025257	0.066806	8.203
919.89	0.11076	0.068369	-0.062794	-0.14455	-0.46385	-0.64515	-0.93552	-1.2269	-1.5923	-1.8763	-2.2195	-2.1498	-1.6736	-0.80332	-0.22142	0.16884	0.66764	0.90553	0.80364	0.46892	0.16894	-0.066669	-0.20041	-0.23325	-0.22765	-0.17528	-0.13653	-0.068686	0.047378	0.073881	7.814
926.23	0.10278	0.08822	-0.069404	-0.15025	-0.45498	-0.64071	-0.92823	-1.2101	-1.5553	-1.8235	-2.1487	-2.0537	-1.5659	-0.70639	-0.16187	0.23356	0.70027	0.92158	0.78252	0.45182	0.14233	-0.091947	-0.21994	-0.24919	-0.22691	-0.16271	-0.14202	-0.046924	0.045213	0.065444	7.448
930.68	0.098314	0.092654	-0.084862	-0.1246	-0.45773	-0.62794	-0.91123	-1.1953	-1.5078	-1.7507	-2.0273	-1.9344	-1.4159	-0.56659	-0.042204	0.31223	0.73068	0.8992	0.74409	0.38983	0.093309	-0.13156	-0.24835	-0.27633	-0.24349	-0.19354	-0.14698	-0.08993	0.024011	0.050123	7.112
936.18	0.12143	0.083268	-0.081736	-0.1247	-0.46142	-0.61717	-0.89782	-1.1435	-1.4508	-1.6905	-1.9291	-1.7961	-1.2882	-0.47367	0.042574	0.38677	0.76077	0.89466	0.71589	0.38413	0.066711	-0.16176	-0.26144	-0.27474	-0.2381	-0.20125	-0.15342	-0.067493	0.040198	0.095368	6.726
931.54	0.13716	0.11034	-0.07689	-0.13114	-0.43851	-0.60957	-0.86921	-1.1404	-1.4012	-1.6039	-1.8161	-1.6504	-1.1298	-0.31497	0.17644	0.47673	0.81842	0.886	0.67144	0.30473	0.011404	-0.18742	-0.29216	-0.29026	-0.25859	-0.19661	-0.15416	-0.083912	0.058634	0.091894	6.376
945.46	0.12808	0.10236	-0.08785	-0.12428	-0.42732	-0.58232	-0.8388	-1.0791	-1.3368	-1.5363	-1.7232	-1.5321	-1.0134	-0.22406	0.22987	0.52024	0.81969	0.86256	0.62889	0.26355	-0.027453	-0.22005	-0.31434	-0.31096	-0.27305	-0.20009	-0.16292	-0.076848	0.065856	0.10533	5.971
936.84	0.13874	0.10329	-0.087776	-0.12291	-0.45467	-0.59816	-0.81979	-1.0781	-1.3209	-1.5099	-1.6746	-1.4751	-0.9408	-0.16366	0.28689	0.56311	0.8331	0.86066	0.61358	0.22723	-0.060249	-0.25468	-0.34982	-0.33884	-0.29153	-0.2172	-0.15405	-0.071653	0.072804	0.1	5.579
936.56	0.12618	0.10332	-0.087808	-0.15437	-0.43534	-0.58697	-0.84492	-1.0601	-1.2808	-1.4518	-1.5933	-1.3853	-0.84081	-0.087322	0.37146	0.62171	0.86858	0.86741	0.59689	0.19809	-0.1058	-0.28266	-0.37062	-0.35626	-0.29164	-0.23578	-0.16694	-0.077566	0.067387	0.09219	5.207
946.03	0.1265	0.10309	-0.083479	-0.13568	-0.42141	-0.55667	-0.79424	-1.0129	-1.2217	-1.3832	-1.5015	-1.2681	-0.74366	0.0005856	0.42542	0.65845	0.85907	0.82169	0.53671	0.14075	-0.16039	-0.32078	-0.39163	-0.36977	-0.31803	-0.22385	-0.16768	-0.077629	0.045171	0.093594	4.817
944.13	0.14709	0.12238	-0.093151	-0.12607	-0.39501	-0.54991	-0.77545	-0.97438	-1.171	-1.3241	-1.4012	-1.133	-0.59552	0.11467	0.50524	0.71843	0.89064	0.78696	0.47441	0.073553	-0.18816	-0.35689	-0.43429	-0.39385	-0.30515	-0.22754	-0.19661	-0.089487	0.070449	0.1008	4.425
946.31	0.15384	0.11657	-0.080005	-0.13399	-0.42288	-0.512	-0.75169	-0.94819	-1.1224	-1.2576	-1.3072	-1.0378	-0.47821	0.20389	0.58444	0.75971	0.88526	0.77619	0.4289	0.018879	-0.23599	-0.37738	-0.42816	-0.41159	-0.34485	-0.22617	-0.19925	-0.057599	0.083753	0.14022	4.036
950.86	0.13822	0.088283	-0.084746	-0.14793	-0.40409	-0.53724	-0.73997	-0.91546	-1.077	-1.2037	-1.2301	-0.95294	-0.38529	0.25943	0.60735	0.77207	0.87744	0.7273	0.37558	-0.024433	-0.27812	-0.42943	-0.48106	-0.43344	-0.31708	-0.27031	-0.19428	-0.099602	0.077967	0.12555	3.658
963.17	0.14582	0.1115	-0.098134	-0.11646	-0.37167	-0.53333	-0.69815	-0.88748	-1.0285	-1.1383	-1.1414	-0.8444	-0.31877	0.30832	0.64716	0.80575	0.88082	0.67894	0.34031	-0.05763	-0.31518	-0.44907	-0.48191	-0.43123	-0.34686	-0.25838	-0.16863	-0.068094	0.10085	0.13167	3.28
959.38	0.15638	0.12206	-0.094228	-0.11604	-0.39585	-0.51538	-0.69456	-0.87354	-0.99475	-1.0886	-1.076	-0.77967	-0.24296	0.38561	0.67419	0.81958	0.86435	0.65909	0.28667	-0.12333	-0.35119	-0.48634	-0.51475	-0.46037	-0.3551	-0.2759	-0.21382	-0.088895	0.073765	0.11678	2.891
951.8	0.14117	0.10163	-0.09579	-0.11287	-0.36787	-0.47684	-0.68316	-0.82349	-0.93805	-1.0271	-0.98124	-0.64589	-0.10696	0.46121	0.74387	0.8596	0.85759	0.59911	0.20041	-0.19376	-0.42584	-0.52678	-0.54906	-0.47768	-0.35774	-0.28266	-0.20991	-0.068844	0.072529	0.12544	2.498
963.17	0.14645	0.10357	-0.082813	-0.10918	-0.34939	-0.4798	-0.64483	-0.78146	-0.87607	-0.94967	-0.88737	-0.55086	-0.029734	0.5214	0.77904	0.85327	0.84112	0.55487	0.1606	-0.24169	-0.46681	-0.55001	-0.55603	-0.50186	-0.38709	-0.27707	-0.19576	-0.080322	0.080501	0.14687	2.173
963.17	0.14571	0.085622	-0.10487	-0.094745	-0.35108	-0.47314	-0.63902	-0.7784	-0.85654	-0.91725	-0.8332	-0.48286	0.043239	0.56385	0.78484	0.85569	0.8218	0.48054	0.086889	-0.30864	-0.49468	-0.59816	-0.6064	-0.50123	-0.38793	-0.29438	-0.20431	-0.073796	0.096403	0.12555	1.792
960.33	0.13853	0.09295	-0.093298	-0.11594	-0.34591	-0.46512	-0.63322	-0.77439	-0.82697	-0.86784	-0.75665	-0.44495	0.096413	0.60735	0.82011	0.87586	0.80554	0.47409	0.050186	-0.35415	-0.54854	-0.62097	-0.61675	-0.53491	-0.3986	-0.30948	-0.21751	-0.10525	0.094048	0.14508	1.453
960.33	0.1454	0.082771	-0.089909	-0.091831	-0.34042	-0.44801	-0.59499	-0.72487	-0.78822	-0.83743	-0.71716	-0.35879	0.16071	0.63142	0.84418	0.8804	0.79255	0.42172	-0.008029	-0.3987	-0.57884	-0.64357	-0.63945	-0.5404	-0.40958	-0.32437	-0.22691	-0.065814	0.094059	0.13589	1.102
970.74	0.13769	0.086477	-0.077967	-0.094766	-0.30536	-0.42595	-0.58486	-0.6876	-0.73701	-0.77534	-0.65243	-0.29428	0.23863	0.66468	0.84725	0.85231	0.75528	0.36185	-0.06008	-0.44886	-0.62329	-0.67841	-0.65793	-0.54326	-0.41644	-0.32543	-0.22121	-0.087005	0.11045	0.13737	0.7967
969.8	0.12333	0.087364	-0.092369	-0.080543	-0.32363	-0.43492	-0.56923	-0.68443	-0.71959	-0.74694	-0.59573	-0.23958	0.26334	0.68211	0.84355	0.85918	0.71579	0.30885	-0.11646	-0.49183	-0.66099	-0.7046	-0.67281	-0.58412	-0.43862	-0.31877	-0.22923	-0.091989	0.083468	0.14434	0.4795
973.59	0.14645	0.082402	-0.078622	-0.080248	-0.33187	-0.41729	-0.54917	-0.64673	-0.67514	-0.69731	-0.52847	-0.1832	0.3287	0.70966	0.84366	0.83584	0.67609	0.24887	-0.18689	-0.57863	-0.70871	-0.73955	-0.69858	-0.60017	-0.43165	-0.3401	-0.22607	-0.081937	0.10591	0.14614	0.1471
973.59	0.1266	0.085443	-0.082761	-0.085749	-0.31687	-0.39247	-0.53777	-0.62709	-0.63902	-0.64832	-0.50651	-0.12196	0.39036	0.73849	0.8274	0.82528	0.65719	0.2002	-0.24887	-0.60809	-0.74187	-0.7613	-0.72381	-0.58623	-0.43365	-0.33292	-0.20981	-0.079456	0.11277	0.14677	-0.1691
984	0.12523	0.091408	-0.09182	-0.085622	-0.30114	-0.39575	-0.50144	-0.60524	-0.6046	-0.60407	-0.43503	-0.05706	0.41169	0.75401	0.83806	0.81219	0.61189	0.13991	-0.29164	-0.65814	-0.78199	-0.78041	-0.7349	-0.5933	-0.44273	-0.34169	-0.21667	-0.076996	0.10207	0.14888	-0.4346
981.16	0.11815	0.067936	-0.072994	-0.071727	-0.30061	-0.39881	-0.49458	-0.57535	-0.56944	-0.56469	-0.36154	0.011277	0.48096	0.78315	0.85168	0.80406	0.57546	0.076541	-0.35161	-0.7046	-0.81092	-0.79741	-0.75201	-0.59151	-0.46026	-0.34433	-0.23578	-0.088505	0.10328	0.13748	-0.7092
976.43	0.12787	0.071368	-0.084239	-0.067345	-0.289	-0.39068	-0.5006	-0.58961	-0.56944	-0.55381	-0.34602	0.027168	0.5025	0.79192	0.85136	0.79604	0.54463	0.028456	-0.42341	-0.76763	-0.86583	-0.85263	-0.77154	-0.61939	-0.47114	-0.34454	-0.23853	-0.093805	0.097712	0.15849	-0.9521
994.42	0.11509	0.061759	-0.077798	-0.063807	-0.29744	-0.36544	-0.46554	-0.55149	-0.52636	-0.50693	-0.30758	0.062445	0.51232	0.77619	0.82835	0.76056	0.51274	-0.0096762	-0.46079	-0.79276	-0.87333	-0.84704	-0.79097	-0.62825	-0.46871	-0.34971	-0.22438	-0.081018	0.10365	0.14012	-1.167
995.37	0.097902	0.070016	-0.084292	-0.056765	-0.27443	-0.33936	-0.44252	-0.53291	-0.49553	-0.46649	-0.24866	0.12375	0.55508	0.80258	0.81061	0.74578	0.47758	-0.057989	-0.50197	-0.83172	-0.91694	-0.86646	-0.80237	-0.60851	-0.48032	-0.34559	-0.23853	-0.084904	0.097575	0.1474	-1.417
983.06	0.12544	0.064758	-0.067894	-0.052742	-0.2778	-0.34612	-0.45731	-0.5252	-0.48296	-0.45013	-0.23029	0.14413	0.59257	0.81948	0.81282	0.73004	0.44358	-0.11773	-0.54769	-0.888	-0.95379	-0.8954	-0.81399	-0.64367	-0.49078	-0.34369	-0.24296	-0.097195	0.10224	0.14994	-1.618
994.42	0.10315	0.067017	-0.085949	-0.054452	-0.27601	-0.33039	-0.44601	-0.49384	-0.45393	-0.42288	-0.2097	0.17507	0.59774	0.80512	0.79931	0.71505	0.40757	-0.13632	-0.59204	-0.8936	-0.96318	-0.90796	-0.8464	-0.63966	-0.49025	-0.36618	-0.24761	-0.067482	0.10529	0.15775	-1.841
991.58	0.087037	0.058106	-0.096086	-0.051496	-0.27073	-0.3363	-0.43566	-0.47874	-0.4383	-0.40673	-0.18563	0.20674	0.6177	0.80828	0.77766	0.68749	0.37632	-0.19671	-0.6442	-0.94756	-1.0045	-0.937	-0.83194	-0.65719	-0.50081	-0.37188	-0.26049	-0.088367	0.11076	0.14635	-2.01
988.74	0.10456	0.04308	-0.090638	-0.056363	-0.26165	-0.35003	-0.42109	-0.49152	-0.43566	-0.39226	-0.1512	0.2192	0.63364	0.82127	0.78664	0.66859	0.3609	-0.22754	-0.66247	-0.99644	-1.0165	-0.94544	-0.85675	-0.6498	-0.48962	-0.37315	-0.25753	-0.11425	0.11372	0.14244	-2.154
998.21	0.12354	0.079614	-0.069319	-0.043429	-0.26524	-0.33176	-0.42204	-0.46016	-0.40831	-0.36808	-0.10992	0.26746	0.65613	0.82095	0.77196	0.67123	0.32279	-0.25743	-0.69942	-0.99402	-1.0288	-0.9729	-0.84999	-0.6574	-0.5044	-0.36428	-0.23029	-0.068052	0.10918	0.16387	-2.307
992.53	0.10332	0.05045	-0.076246	-0.045984	-0.24138	-0.31265	-0.41993	-0.47578	-0.4061	-0.35182	-0.10285	0.2664	0.66954	0.78864	0.76425	0.63649	0.31022	-0.30177	-0.72751	-1.0364	-1.0622	-0.99201	-0.84788	-0.67112	-0.48729	-0.40177	-0.24507	-0.078727	0.12005	0.13283	-2.459
994.42	0.096445	0.067017	-0.081853	-0.05289	-0.25088	-0.31793	-0.39237	-0.44907	-0.38128	-0.32859	-0.099275	0.28615	0.67999	0.82518	0.76373	0.61991	0.28689	-0.32352	-0.74873	-1.0612	-1.0749	-0.98208	-0.86182	-0.67661	-0.50989	-0.36851	-0.26049	-0.094449	0.10696	0.13632	-2.562
996.32	0.11858	0.071431	-0.091535	-0.04893	-0.24359	-0.3174	-0.40757	-0.44907	-0.38434	-0.33408	-0.07028	0.28879	0.68527	0.8199	0.7463	0.61316	0.25331	-0.34749	-0.79097	-1.0886	-1.0865	-0.98937	-0.82792	-0.67767	-0.51876	-0.36713	-0.25774	-0.079245	0.11794	0.15089	-2.65
997.26	0.10433	0.055498	-0.085707	-0.050419	-0.25848	-0.30948	-0.40293	-0.43756	-0.3741	-0.32469	-0.064272	0.30082	0.68665	0.81736	0.74768	0.61242	0.25922	-0.33936	-0.79667	-1.0918	-1.095	-1.0308	-0.87058	-0.69815	-0.50609	-0.39839	-0.26038	-0.074409	0.099877	0.14402	-2.751
997.26	0.11182	0.052509	-0.085749	-0.039596	-0.23589	-0.31793	-0.39142	-0.44643	-0.3759	-0.3211	-0.076161	0.31423	0.6934	0.80702	0.7311	0.60999	0.24602	-0.3702	-0.81483	-1.1066	-1.1171	-1.026	-0.88399	-0.69636	-0.52362	-0.38276	-0.25531	-0.071283	0.12977	0.15068	-2.813
1002.9	0.095674	0.083743	-0.080385	-0.038603	-0.2323	-0.308	-0.37347	-0.4307	-0.35499	-0.29607	-0.043724	0.33482	0.69456	0.81018	0.72318	0.59679	0.23916	-0.38793	-0.8313	-1.1045	-1.114	-1.0159	-0.88462	-0.68728	-0.51844	-0.38213	-0.25531	-0.067735	0.11372	0.1455	-2.838
1001.1	0.10248	0.076362	-0.076436	-0.024	-0.2304	-0.28699	-0.3949	-0.42595	-0.35024	-0.29132	-0.047167	0.3307	0.70069	0.82835	0.72054	0.58929	0.22543	-0.3817	-0.8332	-1.1171	-1.1097	-1.0108	-0.89244	-0.68918	-0.51105	-0.35108	-0.25426	-0.093056	0.11815	0.16261	-2.86
1001.1	0.08842	0.041771	-0.082138	-0.036344	-0.24243	-0.31254	-0.39733	-0.4345	-0.35774	-0.29797	-0.039564	0.33144	0.69562	0.79751	0.72043	0.58433	0.22068	-0.40599	-0.8332	-1.1224	-1.1214	-1.0367	-0.89803	-0.69932	-0.52372	-0.39628	-0.25869	-0.068622	0.10376	0.12512	-2.916
1002.9	0.083859	0.064979	-0.077946	-0.030125	-0.23071	-0.30135	-0.40177	-0.42288	-0.34865	-0.29079	-0.052985	0.32553	0.7046	0.81631	0.7331	0.60165	0.24307	-0.37115	-0.82465	-1.1034	-1.1129	-1.0181	-0.90067	-0.68591	-0.50651	-0.36101	-0.24264	-0.069309	0.1036	0.155	-2.93
1001.1	0.090638	0.060566	-0.091102	-0.029396	-0.23789	-0.30019	-0.38899	-0.42742	-0.35298	-0.29502	-0.042098	0.33218	0.69277	0.81673	0.71579	0.56543	0.21128	-0.41211	-0.83975	-1.1383	-1.1277	-1.0233	-0.88188	-0.70301	-0.51622	-0.3872	-0.26176	-0.093045	0.10802	0.14571	-2.911
997.26	0.077629	0.053998	-0.099623	-0.034939	-0.24106	-0.31539	-0.40557	-0.43144	-0.35869	-0.3022	-0.042257	0.33968	0.70333	0.80132	0.69932	0.57747	0.20104	-0.41296	-0.85939	-1.1393	-1.1245	-1.0436	-0.88125	-0.69097	-0.51897	-0.3872	-0.25901	-0.071262	0.12713	0.15215	-2.886
1000.1	0.094471	0.06291	-0.083067	-0.037938	-0.24201	-0.30642	-0.39617	-0.41792	-0.35277	-0.3022	-0.048075	0.33039	0.71452	0.81177	0.72223	0.59151	0.21709	-0.41042	-0.84292	-1.1108	-1.1298	-1.0255	-0.88716	-0.69372	-0.51475	-0.38097	-0.2456	-0.06556	0.10475	0.13051	-2.902
992.53	0.10183	0.0459	-0.085284	-0.04987	-0.24296	-0.33007	-0.40652	-0.44041	-0.36597	-0.308	-0.060312	0.33261	0.70935	0.80649	0.70787	0.58211	0.22089	-0.41634	-0.85664	-1.1372	-1.134	-1.0377	-0.91598	-0.70808	-0.52583	-0.40335	-0.25489	-0.10414	0.10376	0.13283	-2.899
997.26	0.099127	0.050218	-0.089782	-0.02796	-0.26524	-0.32194	-0.41042	-0.44305	-0.37642	-0.32458	-0.067651	0.32099	0.69087	0.81969	0.74451	0.62646	0.26154	-0.35161	-0.79128	-1.0812	-1.0886	-1.0157	-0.88663	-0.68781	-0.50683	-0.39163	-0.2589	-0.080723	0.10072	0.14328	-2.779
1002.9	0.094882	0.05894	-0.069763	-0.050904	-0.2419	-0.31518	-0.40726	-0.43587	-0.37727	-0.33176	-0.071484	0.29533	0.67556	0.81736	0.75486	0.62783	0.27189	-0.323	-0.76911	-1.0686	-1.0717	-1.0086	-0.8672	-0.70375	-0.51443	-0.37885	-0.25964	-0.093636	0.11034	0.13885	-2.66
1004.8	0.10359	0.054357	-0.084281	-0.052362	-0.24159	-0.32954	-0.40842	-0.44231	-0.38065	-0.33282	-0.08483	0.29407	0.67746	0.8086	0.75084	0.6235	0.27305	-0.33092	-0.76742	-1.0507	-1.0791	-1.0005	-0.87407	-0.67788	-0.51221	-0.38815	-0.26154	-0.073089	0.1017	0.14223	-2.528
1002	0.11794	0.060534	-0.073131	-0.046354	-0.24982	-0.33049	-0.41708	-0.46385	-0.39744	-0.3458	-0.094365	0.29037	0.6745	0.80945	0.74926	0.62319	0.29026	-0.32807	-0.75855	-1.0507	-1.0507	-0.98483	-0.86055	-0.66532	-0.50408	-0.37495	-0.24961	-0.079614	0.11129	0.15448	-2.377
1002	0.10749	0.059742	-0.083669	-0.068675	-0.24592	-0.33271	-0.42595	-0.47293	-0.41011	-0.36122	-0.12122	0.26703	0.65476	0.8181	0.75707	0.65212	0.30103	-0.27685	-0.71019	-1.0042	-1.0288	-0.96266	-0.83426	-0.68094	-0.50144	-0.36492	-0.25246	-0.083489	0.094312	0.14328	-2.173
1001.1	0.12027	0.054579	-0.091155	-0.046406	-0.25616	-0.33092	-0.43344	-0.47768	-0.42816	-0.38962	-0.15015	0.22575	0.62942	0.80184	0.76848	0.66806	0.35098	-0.21783	-0.6556	-0.95674	-1.0025	-0.94354	-0.82687	-0.67482	-0.4836	-0.37759	-0.25215	-0.076552	0.099581	0.15237	-2.011
990.63	0.11488	0.054399	-0.092116	-0.045329	-0.26957	-0.36354	-0.44643	-0.47557	-0.43513	-0.40356	-0.18763	0.21097	0.61495	0.80638	0.78738	0.69488	0.38804	-0.19312	-0.63723	-0.93679	-1.0007	-0.93541	-0.83394	-0.63744	-0.50461	-0.38234	-0.23356	-0.074958	0.11182	0.15405	-1.805
989.69	0.10516	0.065824	-0.088853	-0.074229	-0.28044	-0.36787	-0.4516	-0.50894	-0.47536	-0.44918	-0.22607	0.17127	0.58845	0.80987	0.79857	0.71009	0.42141	-0.14392	-0.5837	-0.89888	-0.96487	-0.91166	-0.82212	-0.63248	-0.4912	-0.3589	-0.24655	-0.066225	0.10152	0.13251	-1.587
992.53	0.10487	0.067165	-0.082032	-0.064684	-0.28192	-0.35763	-0.47135	-0.53428	-0.49511	-0.46459	-0.24592	0.13579	0.56374	0.80227	0.81346	0.73638	0.45118	-0.091979	-0.53576	-0.85823	-0.92686	-0.88821	-0.81736	-0.62329	-0.47167	-0.34496	-0.25194	-0.078759	0.10382	0.14846	-1.31
988.74	0.11203	0.064378	-0.074102	-0.06103	-0.29301	-0.37326	-0.47494	-0.54188	-0.51601	-0.49595	-0.26989	0.10031	0.54558	0.79604	0.83679	0.76267	0.50049	-0.039839	-0.46998	-0.81018	-0.89349	-0.85696	-0.78389	-0.63987	-0.48339	-0.3646	-0.24993	-0.075074	0.1077	0.14233	-1.095
988.74	0.12259	0.084968	-0.080733	-0.067313	-0.29618	-0.38012	-0.49109	-0.53417	-0.53291	-0.53185	-0.33926	0.058127	0.49785	0.78854	0.83869	0.78843	0.55783	0.03892	-0.41359	-0.75021	-0.83912	-0.82264	-0.7671	-0.57324	-0.44178	-0.33577	-0.24697	-0.070322	0.11119	0.14466	-0.8299
987.79	0.12491	0.088093	-0.073374	-0.061896	-0.29417	-0.38878	-0.4856	-0.58612	-0.57124	-0.55973	-0.37379	-0.015405	0.45044	0.78379	0.85263	0.79984	0.5933	0.11002	-0.3268	-0.71325	-0.80744	-0.79846	-0.74736	-0.56997	-0.45129	-0.33377	-0.22512	-0.073574	0.10612	0.15891	-0.5084
988.74	0.12628	0.076584	-0.071642	-0.063396	-0.31297	-0.40346	-0.51042	-0.61389	-0.60914	-0.60545	-0.42552	-0.039628	0.42964	0.76584	0.83468	0.82602	0.59911	0.13156	-0.31117	-0.66606	-0.78041	-0.78337	-0.72212	-0.53893	-0.43946	-0.33567	-0.21656	-0.069509	0.11805	0.16102	-0.243
983.06	0.13452	0.083912	-0.078696	-0.092844	-0.32638	-0.39733	-0.53882	-0.62382	-0.63818	-0.64937	-0.47959	-0.12639	0.37146	0.7444	0.85517	0.83711	0.66247	0.21308	-0.2286	-0.60999	-0.74303	-0.75443	-0.70903	-0.55994	-0.442	-0.33683	-0.22469	-0.069108	0.10654	0.14994	0.04482
982.11	0.12491	0.079392	-0.085422	-0.081135	-0.31898	-0.43218	-0.53681	-0.65222	-0.66943	-0.68284	-0.53259	-0.1493	0.33313	0.72635	0.8482	0.83722	0.69024	0.24285	-0.17665	-0.55561	-0.70882	-0.72719	-0.69171	-0.55234	-0.42869	-0.31339	-0.21266	-0.086055	0.098895	0.12533	0.3629
981.16	0.13705	0.065666	-0.093003	-0.096973	-0.33472	-0.41496	-0.55012	-0.69193	-0.71653	-0.73553	-0.59341	-0.22438	0.26841	0.69414	0.83341	0.85242	0.72381	0.30695	-0.11847	-0.50524	-0.64895	-0.69826	-0.6744	-0.54389	-0.41233	-0.31297	-0.21213	-0.087744	0.090331	0.13378	0.7146
977.37	0.14888	0.10361	-0.076615	-0.073585	-0.32733	-0.42732	-0.59299	-0.68316	-0.73648	-0.77798	-0.65507	-0.29227	0.22237	0.67999	0.8464	0.87755	0.75116	0.36418	-0.060355	-0.44347	-0.61062	-0.67017	-0.6593	-0.53375	-0.42141	-0.28467	-0.23663	-0.063026	0.097596	0.15902	1.053
971.69	0.12998	0.099613	-0.080459	-0.11298	-0.359	-0.44949	-0.60862	-0.73395	-0.78051	-0.81673	-0.72783	-0.37368	0.15511	0.64219	0.81768	0.8671	0.78083	0.427	-0.0018425	-0.38572	-0.57588	-0.64209	-0.63195	-0.5385	-0.38234	-0.32448	-0.20643	-0.075602	0.087702	0.14635	1.372
975.48	0.13167	0.096065	-0.12607	-0.099032	-0.35964	-0.45678	-0.62118	-0.74261	-0.8086	-0.85992	-0.78157	-0.41317	0.11245	0.60851	0.80681	0.85517	0.79646	0.45699	0.061495	-0.3533	-0.53344	-0.61316	-0.60914	-0.51348	-0.38667	-0.29438	-0.21783	-0.091419	0.0786	0.14423	1.684
969.8	0.13325	0.11214	-0.078051	-0.10523	-0.35795	-0.46216	-0.62424	-0.79868	-0.86879	-0.92317	-0.84133	-0.50651	0.033313	0.5781	0.80068	0.87206	0.83215	0.53154	0.11541	-0.28488	-0.49352	-0.56553	-0.56226	-0.50155	-0.36819	-0.28762	-0.18362	-0.074092	0.088716	0.15648	2.082
966.96	0.14212	0.096941	-0.098525	-0.11277	-0.3684	-0.47452	-0.63459	-0.80427	-0.90015	-0.9748	-0.90923	-0.5895	-0.042975	0.51063	0.76489	0.86657	0.84028	0.5686	0.16609	-0.22987	-0.45551	-0.5441	-0.55719	-0.48096	-0.36154	-0.28773	-0.20199	-0.090617	0.080195	0.13336	2.438
962.22	0.12819	0.088853	-0.088874	-0.10529	-0.37188	-0.49849	-0.66658	-0.83859	-0.94576	-1.0291	-0.97385	-0.64895	-0.0939	0.4837	0.74345	0.83986	0.85538	0.60017	0.21751	-0.20431	-0.4231	-0.51834	-0.53502	-0.47505	-0.34939	-0.27432	-0.17813	-0.086995	0.091218	0.13558	2.807
965.06	0.14307	0.095548	-0.083479	-0.12407	-0.39015	-0.52066	-0.66331	-0.8728	-0.98652	-1.0749	-1.0403	-0.73226	-0.20347	0.40229	0.70407	0.80564	0.8653	0.64304	0.26239	-0.14508	-0.3608	-0.48476	-0.49637	-0.45129	-0.34654	-0.27094	-0.1813	-0.0973	0.090004	0.12143	3.194
963.17	0.13579	0.10601	-0.09049	-0.12523	-0.40462	-0.52552	-0.71104	-0.87026	-1.0239	-1.1435	-1.1182	-0.8161	-0.29565	0.36016	0.6669	0.80997	0.86192	0.67334	0.32384	-0.076869	-0.31423	-0.45593	-0.47262	-0.42732	-0.33039	-0.26619	-0.18805	-0.077091	0.061136	0.10728	3.551
956.54	0.14751	0.090954	-0.093679	-0.12449	-0.41771	-0.52573	-0.73163	-0.91144	-1.0612	-1.1773	-1.1963	-0.91789	-0.37347	0.30959	0.62815	0.78696	0.88346	0.72909	0.37146	-0.021783	-0.26545	-0.41	-0.45488	-0.42183	-0.30916	-0.23969	-0.1776	-0.076795	0.09087	0.14255	3.937
963.17	0.138	0.10591	-0.081135	-0.12755	-0.39184	-0.53808	-0.74018	-0.93636	-1.1023	-1.2312	-1.2987	-1.0171	-0.47568	0.21382	0.54537	0.7311	0.87702	0.75063	0.42605	0.026904	-0.22628	-0.37759	-0.44654	-0.39976	-0.28741	-0.24887	-0.17084	-0.068865	0.075222	0.13082	4.313
957.49	0.13885	0.10738	-0.079086	-0.13811	-0.41803	-0.54495	-0.75179	-0.96836	-1.1583	-1.3072	-1.3832	-1.1277	-0.59257	0.13484	0.49426	0.7122	0.87766	0.79044	0.4837	0.078442	-0.18478	-0.33873	-0.40557	-0.38529	-0.32448	-0.22839	-0.16958	-0.077545	0.067704	0.10556	4.703
950.86	0.13906	0.10413	-0.073606	-0.13494	-0.4232	-0.56765	-0.79794	-1.0019	-1.209	-1.3695	-1.4582	-1.2375	-0.70745	0.041042	0.43376	0.66384	0.85949	0.81736	0.52911	0.12977	-0.13948	-0.31983	-0.36924	-0.374	-0.29121	-0.24497	-0.17391	-0.077228	0.05744	0.11478	5.09
948.96	0.14782	0.10675	-0.084915	-0.14899	-0.44073	-0.56522	-0.8161	-1.0218	-1.2438	-1.417	-1.549	-1.3241	-0.79561	-0.028604	0.37379	0.62224	0.85939	0.84133	0.56881	0.18689	-0.098008	-0.27802	-0.35383	-0.34686	-0.27348	-0.21519	-0.15596	-0.068221	0.06291	0.1134	5.486
943.47	0.14012	0.10738	-0.066405	-0.12291	-0.42658	-0.60534	-0.83162	-1.0559	-1.3009	-1.4909	-1.6514	-1.4455	-0.91894	-0.12259	0.2947	0.56733	0.83637	0.86266	0.61622	0.22902	-0.052552	-0.24032	-0.32859	-0.30684	-0.272	-0.21572	-0.15775	-0.061115	0.083996	0.10008	5.83
948.01	0.12861	0.10369	-0.071273	-0.14518	-0.44622	-0.58792	-0.83679	-1.0886	-1.3346	-1.5268	-1.7074	-1.5363	-1.0194	-0.19186	0.23177	0.50788	0.80776	0.85886	0.64261	0.26714	-0.010504	-0.20305	-0.31011	-0.2985	-0.25183	-0.18446	-0.16176	-0.086646	0.055835	0.08955	6.238
944.42	0.12512	0.091303	-0.097438	-0.14487	-0.44537	-0.62403	-0.85823	-1.1055	-1.3874	-1.6071	-1.8109	-1.6546	-1.153	-0.31149	0.13251	0.44136	0.78653	0.87069	0.67134	0.31423	0.024972	-0.18953	-0.27707	-0.291	-0.24708	-0.19713	-0.14328	-0.065233	0.057831	0.10388	6.594
934.95	0.11847	0.096255	-0.06876	-0.16292	-0.47093	-0.63206	-0.89012	-1.1562	-1.4476	-1.6746	-1.9228	-1.7718	-1.2565	-0.40599	0.06235	0.39554	0.77017	0.89181	0.71748	0.357	0.061907	-0.14529	-0.26524	-0.26957	-0.24402	-0.17813	-0.14877	-0.076014	0.042067	0.066405	6.917
