11302	26	1	88	25.3	745	1	0	5.4	1.245	128	4096	10	0	0	0	0	159.36	1007.5	1.4712e+006	0.12039	0.051601	41.689	0	0	1	0	0	0	7	0	0
1012	0.08449	0.0542	-0.1061	-0.1977	-0.3375	-0.4213	-0.5338	-0.661	-0.6439	-0.6306	-0.4302	-0.0618	0.4212	0.7492	0.8379	0.7969	0.5883	0.09709	-0.3425	-0.7282	-0.835	-0.8301	-0.7697	-0.62	-0.487	-0.3721	-0.2541	-0.1193	0.07019	0.1187	0.002726
1012	0.1072	0.04676	-0.1117	-0.2068	-0.3382	-0.4392	-0.5625	-0.6748	-0.6686	-0.6638	-0.4585	-0.0992	0.4105	0.7393	0.8424	0.8252	0.6262	0.1393	-0.308	-0.6883	-0.792	-0.8161	-0.7656	-0.6454	-0.4566	-0.3713	-0.2586	-0.106	0.07354	0.1173	0.2319
1012	0.1006	0.07055	-0.1198	-0.206	-0.3562	-0.4466	-0.5601	-0.6956	-0.6961	-0.6964	-0.4894	-0.1381	0.3588	0.718	0.8537	0.8169	0.6417	0.1845	-0.2586	-0.6453	-0.7672	-0.7829	-0.7274	-0.5996	-0.4625	-0.3452	-0.2312	-0.1185	0.05256	0.1354	0.5066
1011	0.09556	0.0617	-0.1094	-0.2009	-0.3618	-0.4814	-0.597	-0.7049	-0.7169	-0.7262	-0.5476	-0.1628	0.3188	0.7158	0.8395	0.8372	0.6712	0.2255	-0.2076	-0.5879	-0.7251	-0.7669	-0.7163	-0.5873	-0.4297	-0.3463	-0.2463	-0.103	0.07446	0.1247	0.7455
1011	0.1058	0.04533	-0.107	-0.2025	-0.3672	-0.4651	-0.6153	-0.7298	-0.7375	-0.7434	-0.6012	-0.2377	0.2748	0.6839	0.8351	0.8318	0.7032	0.2852	-0.1536	-0.5521	-0.6958	-0.7346	-0.6989	-0.5983	-0.4387	-0.3539	-0.2218	-0.1163	0.06691	0.1196	0.9845
1012	0.1042	0.05418	-0.1125	-0.2197	-0.3763	-0.4921	-0.6242	-0.751	-0.7736	-0.7911	-0.6445	-0.271	0.2298	0.654	0.8179	0.8368	0.7121	0.3104	-0.1112	-0.513	-0.6563	-0.7077	-0.6795	-0.5843	-0.4343	-0.3354	-0.2489	-0.1045	0.08778	0.1259	1.243
1012	0.1101	0.07059	-0.1037	-0.2191	-0.3758	-0.4843	-0.6329	-0.7632	-0.7963	-0.8221	-0.67	-0.3399	0.1789	0.6446	0.8314	0.8415	0.7483	0.3506	-0.05991	-0.4688	-0.6267	-0.6935	-0.6362	-0.5738	-0.4183	-0.3178	-0.2461	-0.1116	0.06014	0.1151	1.521
1011	0.1095	0.05055	-0.1313	-0.2209	-0.3912	-0.4897	-0.6508	-0.7894	-0.832	-0.8652	-0.7476	-0.3746	0.1315	0.6086	0.8109	0.8555	0.7615	0.3993	-0.01638	-0.3967	-0.5888	-0.6647	-0.6471	-0.5685	-0.4083	-0.3278	-0.23	-0.07733	0.07785	0.1101	1.761
1010	0.1089	0.09977	-0.1225	-0.2172	-0.3622	-0.4843	-0.6521	-0.8093	-0.8469	-0.8762	-0.7531	-0.4224	0.1089	0.6083	0.8252	0.8457	0.7768	0.4374	0.02462	-0.3914	-0.5659	-0.6187	-0.6037	-0.5711	-0.4041	-0.322	-0.2146	-0.1102	0.05772	0.1226	2.028
1009	0.1229	0.05658	-0.1153	-0.225	-0.3759	-0.5132	-0.6566	-0.8275	-0.8811	-0.9228	-0.8113	-0.4563	0.07344	0.5667	0.7914	0.8344	0.7873	0.4346	0.0344	-0.374	-0.542	-0.6227	-0.62	-0.5503	-0.3843	-0.3229	-0.2288	-0.1032	0.07878	0.1219	2.226
1010	0.1206	0.08262	-0.1176	-0.2279	-0.3981	-0.481	-0.6933	-0.8285	-0.8907	-0.9392	-0.8558	-0.5225	0.005227	0.5366	0.7642	0.8351	0.7999	0.4977	0.09686	-0.3171	-0.5174	-0.5847	-0.5813	-0.523	-0.3929	-0.2936	-0.1975	-0.09455	0.07284	0.09857	2.459
1010	0.1125	0.06848	-0.1144	-0.2149	-0.3713	-0.5032	-0.6794	-0.8364	-0.9195	-0.984	-0.9105	-0.5655	-0.03738	0.4994	0.7507	0.8326	0.8305	0.5115	0.1229	-0.2709	-0.4821	-0.5863	-0.5815	-0.5225	-0.3826	-0.3041	-0.2302	-0.1266	0.06866	0.1073	2.66
1010	0.1089	0.09234	-0.116	-0.2264	-0.423	-0.5179	-0.6968	-0.8744	-0.9558	-1.019	-0.9298	-0.6184	-0.08782	0.4736	0.7493	0.8313	0.8197	0.5493	0.1601	-0.251	-0.4565	-0.5524	-0.548	-0.4854	-0.3767	-0.2914	-0.2169	-0.09146	0.05184	0.1226	2.868
1009	0.1244	0.07153	-0.1186	-0.2266	-0.3941	-0.5282	-0.7049	-0.9115	-0.9875	-1.047	-0.9926	-0.6741	-0.1519	0.4351	0.721	0.8202	0.8523	0.571	0.1902	-0.2033	-0.4244	-0.5396	-0.5549	-0.4887	-0.3763	-0.2947	-0.223	-0.08919	0.07378	0.1176	3.043
1008	0.1171	0.09099	-0.1267	-0.2283	-0.4184	-0.5007	-0.7145	-0.9045	-0.9987	-1.072	-1.043	-0.7267	-0.1904	0.4133	0.6827	0.8041	0.8233	0.607	0.2197	-0.1906	-0.4134	-0.5134	-0.5489	-0.4796	-0.3699	-0.2814	-0.2142	-0.09787	0.05192	0.1236	3.294
1007	0.1246	0.07838	-0.1415	-0.2132	-0.4084	-0.5324	-0.7318	-0.9031	-1.015	-1.103	-1.066	-0.7681	-0.2198	0.3854	0.6788	0.8001	0.8554	0.6122	0.2447	-0.1436	-0.3752	-0.508	-0.5294	-0.4568	-0.3546	-0.29	-0.2174	-0.1027	0.06294	0.1105	3.464
1006	0.1005	0.09048	-0.1181	-0.2389	-0.4172	-0.4979	-0.7088	-0.9681	-1.06	-1.131	-1.108	-0.8108	-0.2793	0.3646	0.6515	0.7769	0.8434	0.629	0.2738	-0.139	-0.3637	-0.4888	-0.5094	-0.4633	-0.3835	-0.3024	-0.2028	-0.106	0.03939	0.1136	3.669
1006	0.1079	0.06878	-0.1198	-0.2097	-0.3872	-0.548	-0.747	-0.8991	-1.055	-1.176	-1.163	-0.8631	-0.3271	0.3041	0.6294	0.7547	0.8559	0.6549	0.3007	-0.1222	-0.3334	-0.4681	-0.507	-0.467	-0.3418	-0.2829	-0.2133	-0.09263	0.06473	0.1093	3.778
1007	0.1151	0.08738	-0.1018	-0.2355	-0.4137	-0.5317	-0.7395	-0.9034	-1.054	-1.172	-1.177	-0.9135	-0.3723	0.2854	0.6164	0.7586	0.8587	0.6912	0.3453	-0.08522	-0.3209	-0.446	-0.4824	-0.4401	-0.3533	-0.2766	-0.1832	-0.08546	0.04272	0.1025	3.971
1009	0.1207	0.07229	-0.1194	-0.2221	-0.4167	-0.5307	-0.7654	-0.9744	-1.108	-1.213	-1.222	-0.9393	-0.3894	0.2567	0.5833	0.7592	0.8595	0.6808	0.3519	-0.04192	-0.2915	-0.44	-0.4743	-0.4371	-0.3348	-0.2663	-0.2052	-0.09234	0.06705	0.1075	4.109
1008	0.1259	0.07382	-0.1065	-0.2536	-0.4154	-0.5417	-0.774	-0.9897	-1.12	-1.222	-1.246	-0.9805	-0.4515	0.2415	0.5935	0.7339	0.8506	0.716	0.3866	-0.03714	-0.2826	-0.4151	-0.4434	-0.4308	-0.3572	-0.262	-0.1823	-0.08926	0.04771	0.1068	4.242
1007	0.1275	0.06867	-0.1269	-0.2247	-0.4317	-0.5635	-0.779	-0.9752	-1.125	-1.241	-1.277	-0.9991	-0.4626	0.212	0.5491	0.7326	0.8561	0.7061	0.3811	-0.01157	-0.2595	-0.4244	-0.4542	-0.4101	-0.3405	-0.2607	-0.1936	-0.1121	0.03933	0.09741	4.364
1007	0.1107	0.08589	-0.122	-0.2517	-0.4393	-0.5735	-0.7801	-1.016	-1.158	-1.268	-1.328	-1.075	-0.5312	0.1738	0.5294	0.7043	0.8486	0.7374	0.4146	0.004436	-0.2527	-0.3972	-0.4464	-0.4277	-0.3548	-0.2676	-0.1937	-0.1035	0.0385	0.0843	4.518
1006	0.1188	0.07321	-0.1132	-0.2372	-0.4441	-0.5796	-0.7896	-1.002	-1.166	-1.293	-1.355	-1.085	-0.5592	0.1334	0.4938	0.6865	0.8413	0.7416	0.42	0.01325	-0.2309	-0.39	-0.4482	-0.4155	-0.3229	-0.2542	-0.1938	-0.0957	0.0478	0.09018	4.594
1006	0.1071	0.08669	-0.1092	-0.2526	-0.4501	-0.5723	-0.7897	-1.006	-1.166	-1.29	-1.351	-1.113	-0.5793	0.1426	0.4977	0.695	0.8468	0.75	0.4429	0.03728	-0.2287	-0.3775	-0.4234	-0.4214	-0.3393	-0.2527	-0.1886	-0.109	0.01911	0.09019	4.693
1006	0.1189	0.08375	-0.136	-0.2412	-0.4361	-0.5784	-0.7927	-1.007	-1.185	-1.324	-1.393	-1.135	-0.5975	0.1059	0.4782	0.6898	0.8489	0.7414	0.4419	0.04612	-0.2106	-0.3799	-0.4325	-0.3939	-0.3261	-0.2574	-0.1991	-0.09185	0.05713	0.07417	4.774
1007	0.1099	0.06496	-0.1245	-0.2501	-0.4386	-0.5638	-0.7893	-1.004	-1.176	-1.311	-1.389	-1.167	-0.6189	0.1043	0.4768	0.664	0.8456	0.7595	0.459	0.05247	-0.2066	-0.3676	-0.4144	-0.403	-0.3459	-0.2571	-0.1818	-0.1035	0.02585	0.08649	4.85
1005	0.1285	0.07328	-0.1255	-0.2543	-0.443	-0.5957	-0.8152	-1.003	-1.192	-1.34	-1.415	-1.164	-0.6304	0.083	0.453	0.6593	0.8413	0.734	0.4531	0.06537	-0.1788	-0.3518	-0.4222	-0.394	-0.318	-0.2642	-0.1932	-0.09657	0.06052	0.08808	4.907
1004	0.1007	0.08837	-0.1216	-0.2531	-0.4466	-0.5809	-0.8162	-0.9899	-1.196	-1.357	-1.442	-1.195	-0.6612	0.06165	0.4383	0.6615	0.8408	0.7813	0.4701	0.07268	-0.1919	-0.3404	-0.4051	-0.404	-0.3214	-0.2563	-0.1755	-0.1014	0.03945	0.07721	4.998
1004	0.1199	0.06817	-0.1176	-0.2509	-0.4287	-0.573	-0.815	-1.018	-1.21	-1.359	-1.452	-1.201	-0.6708	0.05325	0.4301	0.6514	0.8381	0.7611	0.4716	0.09119	-0.1829	-0.3473	-0.4197	-0.3881	-0.3298	-0.2722	-0.1809	-0.09439	0.05217	0.0853	5.008
1004	0.1161	0.09511	-0.1167	-0.2746	-0.4367	-0.5562	-0.802	-1.017	-1.211	-1.362	-1.452	-1.234	-0.7068	0.03712	0.4375	0.644	0.8329	0.7933	0.5001	0.09194	-0.1783	-0.3426	-0.397	-0.3901	-0.3206	-0.2668	-0.1807	-0.08569	0.03352	0.09257	5.06
1004	0.122	0.06888	-0.1167	-0.2177	-0.4262	-0.5924	-0.827	-0.9728	-1.191	-1.36	-1.464	-1.23	-0.7091	0.03636	0.4108	0.6301	0.8416	0.7874	0.489	0.1048	-0.1669	-0.3389	-0.4131	-0.3887	-0.3102	-0.266	-0.1852	-0.0857	0.04199	0.09331	5.063
1004	0.1154	0.0659	-0.08991	-0.2509	-0.449	-0.5728	-0.8115	-1.007	-1.207	-1.363	-1.458	-1.235	-0.7086	0.03867	0.4231	0.6415	0.834	0.7868	0.4905	0.09679	-0.1707	-0.3257	-0.3972	-0.3895	-0.3349	-0.2579	-0.1958	-0.09437	0.03692	0.097	5.079
1003	0.1243	0.08844	-0.1054	-0.2479	-0.4378	-0.5764	-0.8052	-0.9906	-1.208	-1.376	-1.466	-1.233	-0.7225	0.02565	0.4049	0.6362	0.8383	0.7765	0.4868	0.1065	-0.1708	-0.3429	-0.4118	-0.3868	-0.3336	-0.2512	-0.1943	-0.1062	0.03863	0.09778	5.045
1004	0.1095	0.07864	-0.1053	-0.2385	-0.4534	-0.5678	-0.8089	-1.055	-1.245	-1.393	-1.471	-1.252	-0.7306	0.009536	0.4055	0.6225	0.8347	0.7837	0.5055	0.09518	-0.1662	-0.3346	-0.4011	-0.4005	-0.3364	-0.2428	-0.1748	-0.08965	0.02846	0.09114	5.097
1004	0.1287	0.08012	-0.111	-0.2285	-0.4186	-0.5857	-0.8211	-1.027	-1.23	-1.387	-1.482	-1.248	-0.7211	0.005701	0.4008	0.6321	0.8446	0.7835	0.4942	0.1056	-0.1608	-0.3419	-0.4179	-0.3923	-0.2997	-0.2743	-0.1919	-0.09669	0.03352	0.07207	5.035
1005	0.1094	0.09875	-0.106	-0.2497	-0.4513	-0.5892	-0.8004	-1.044	-1.233	-1.38	-1.474	-1.256	-0.7304	0.02254	0.4011	0.6252	0.8304	0.7796	0.5055	0.1015	-0.1675	-0.3385	-0.3821	-0.378	-0.3232	-0.2312	-0.1828	-0.08795	0.03856	0.0954	5.072
1006	0.1078	0.07846	-0.1148	-0.2572	-0.4486	-0.5731	-0.8245	-1.02	-1.224	-1.383	-1.476	-1.257	-0.7211	0.01181	0.3985	0.6392	0.8304	0.7834	0.4952	0.119	-0.1567	-0.3441	-0.4042	-0.3835	-0.3252	-0.2677	-0.1886	-0.09571	0.05709	0.1085	5.017
1007	0.115	0.106	-0.0815	-0.2538	-0.4384	-0.5667	-0.7839	-1.016	-1.219	-1.378	-1.472	-1.247	-0.7317	0.007976	0.4064	0.6288	0.8366	0.7849	0.5084	0.1061	-0.1565	-0.3386	-0.4006	-0.3882	-0.2995	-0.2592	-0.1817	-0.08386	0.03764	0.09959	5.001
1006	0.1462	0.07327	-0.11	-0.2305	-0.4233	-0.5759	-0.8109	-1.013	-1.221	-1.382	-1.474	-1.247	-0.708	0.01105	0.4086	0.6368	0.8489	0.7824	0.4922	0.09902	-0.1651	-0.3496	-0.4125	-0.3881	-0.3269	-0.2657	-0.1932	-0.1068	0.03855	0.09244	4.909
1004	0.1014	0.07338	-0.1086	-0.2485	-0.4496	-0.5891	-0.7897	-1.029	-1.211	-1.353	-1.448	-1.242	-0.7091	0.04172	0.4192	0.642	0.8345	0.7767	0.4956	0.08954	-0.1836	-0.3634	-0.4131	-0.4004	-0.355	-0.2758	-0.2181	-0.1116	0.02253	0.09697	4.816
1001	0.1343	0.08414	-0.1105	-0.2292	-0.4215	-0.5728	-0.8005	-1.034	-1.223	-1.37	-1.46	-1.235	-0.6991	0.02187	0.4167	0.6363	0.8419	0.7754	0.486	0.08096	-0.1865	-0.3579	-0.4281	-0.4083	-0.3329	-0.2556	-0.2023	-0.1009	0.03618	0.0892	4.695
999.8	0.1092	0.1023	-0.087	-0.2472	-0.4295	-0.5627	-0.8022	-0.9824	-1.193	-1.356	-1.433	-1.216	-0.6862	0.05267	0.4363	0.6412	0.8365	0.7731	0.4688	0.06573	-0.1981	-0.3679	-0.4269	-0.4013	-0.3422	-0.2694	-0.1815	-0.09632	0.03197	0.08562	4.583
1001	0.1151	0.04579	-0.1106	-0.2354	-0.4269	-0.5853	-0.8015	-1.028	-1.206	-1.344	-1.42	-1.187	-0.6441	0.06955	0.4513	0.6624	0.8499	0.7649	0.4539	0.05762	-0.2002	-0.3892	-0.4427	-0.3988	-0.3502	-0.2926	-0.2039	-0.1033	0.04552	0.09289	4.435
1003	0.1104	0.09374	-0.09732	-0.2257	-0.4381	-0.5471	-0.784	-0.974	-1.164	-1.312	-1.373	-1.143	-0.6113	0.1039	0.4818	0.6756	0.8497	0.7663	0.4471	0.03821	-0.2211	-0.3743	-0.4441	-0.4229	-0.3495	-0.2927	-0.1862	-0.09761	0.03103	0.09563	4.346
1006	0.1144	0.07323	-0.09781	-0.2165	-0.4284	-0.5723	-0.7757	-0.9615	-1.15	-1.297	-1.359	-1.102	-0.5658	0.1342	0.4993	0.695	0.857	0.7334	0.4208	0.02847	-0.2317	-0.3953	-0.4571	-0.4142	-0.3431	-0.285	-0.2102	-0.09101	0.0419	0.0997	4.18
1007	0.1143	0.07317	-0.09287	-0.2447	-0.4302	-0.5391	-0.7502	-0.9622	-1.137	-1.273	-1.334	-1.078	-0.534	0.1669	0.5172	0.7056	0.847	0.7389	0.4152	0.006036	-0.255	-0.4075	-0.4487	-0.4364	-0.3733	-0.2773	-0.2033	-0.1105	0.02415	0.09305	4.018
1008	0.1319	0.08282	-0.113	-0.2223	-0.4209	-0.5772	-0.7653	-0.9848	-1.138	-1.257	-1.306	-1.023	-0.4973	0.1767	0.5404	0.728	0.8611	0.7164	0.3888	-0.007566	-0.2646	-0.4242	-0.4788	-0.4281	-0.35	-0.2733	-0.2173	-0.0987	0.05279	0.1032	3.807
1007	0.1187	0.08212	-0.09771	-0.2378	-0.4151	-0.5414	-0.745	-0.9961	-1.125	-1.226	-1.262	-0.9968	-0.4534	0.2189	0.5537	0.7152	0.8413	0.694	0.357	-0.05559	-0.3003	-0.4444	-0.4862	-0.4531	-0.3695	-0.2877	-0.2174	-0.1136	0.03511	0.09595	3.615
1008	0.1363	0.05294	-0.1187	-0.2238	-0.3998	-0.5681	-0.7586	-0.9389	-1.086	-1.2	-1.218	-0.9333	-0.3883	0.2569	0.5884	0.7579	0.8548	0.6822	0.3391	-0.05715	-0.3069	-0.4478	-0.5051	-0.4507	-0.3544	-0.3018	-0.2024	-0.105	0.05363	0.0864	3.425
1007	0.1106	0.08212	-0.1026	-0.237	-0.4099	-0.5332	-0.7384	-0.9737	-1.094	-1.188	-1.161	-0.9025	-0.3579	0.2899	0.6323	0.7549	0.8429	0.6652	0.3211	-0.0972	-0.3351	-0.4747	-0.495	-0.4619	-0.3874	-0.2945	-0.2003	-0.1074	0.0427	0.1025	3.209
1006	0.1255	0.05976	-0.1067	-0.2311	-0.3847	-0.5182	-0.721	-0.9203	-1.048	-1.147	-1.133	-0.8335	-0.2942	0.3239	0.6436	0.778	0.857	0.6522	0.2835	-0.1221	-0.3484	-0.4826	-0.5268	-0.4748	-0.3908	-0.2985	-0.2266	-0.1043	0.0571	0.1055	2.987
1004	0.1161	0.06962	-0.1094	-0.2246	-0.3967	-0.5258	-0.7049	-0.863	-1.007	-1.119	-1.084	-0.7881	-0.2569	0.3705	0.6716	0.8018	0.8454	0.6398	0.2788	-0.1352	-0.3839	-0.5118	-0.5374	-0.4772	-0.3878	-0.3089	-0.2278	-0.1108	0.04621	0.1248	2.826
1005	0.1359	0.07556	-0.1117	-0.2291	-0.3882	-0.5262	-0.7052	-0.8818	-0.9958	-1.084	-1.047	-0.7429	-0.2074	0.3778	0.6902	0.8054	0.8549	0.6302	0.2348	-0.168	-0.3988	-0.5158	-0.5547	-0.4863	-0.3719	-0.2951	-0.2425	-0.1076	0.05209	0.1079	2.563
1005	0.1131	0.07105	-0.0979	-0.2213	-0.3768	-0.4941	-0.6727	-0.8746	-0.977	-1.057	-1.002	-0.7105	-0.1674	0.4237	0.713	0.8052	0.8321	0.5853	0.2131	-0.2201	-0.4412	-0.5506	-0.5594	-0.5169	-0.4054	-0.3116	-0.2186	-0.1201	0.05124	0.1159	2.346
1007	0.1217	0.06794	-0.1131	-0.2087	-0.3799	-0.5055	-0.674	-0.8428	-0.941	-1.017	-0.9543	-0.6309	-0.08878	0.4482	0.724	0.8239	0.8345	0.5418	0.1546	-0.2405	-0.4593	-0.5821	-0.592	-0.516	-0.3823	-0.3223	-0.2421	-0.1168	0.0773	0.1266	2.072
1007	0.1194	0.0724	-0.1123	-0.2178	-0.3752	-0.4938	-0.6672	-0.8534	-0.922	-0.9754	-0.902	-0.5954	-0.0738	0.487	0.7619	0.8383	0.8202	0.534	0.1448	-0.2708	-0.491	-0.5901	-0.5958	-0.518	-0.4321	-0.3244	-0.2405	-0.1309	0.0545	0.1193	1.831
1009	0.1295	0.06332	-0.1137	-0.2189	-0.3686	-0.4962	-0.6536	-0.817	-0.8939	-0.9536	-0.8761	-0.5407	-0.001874	0.5212	0.759	0.8479	0.8172	0.5074	0.09502	-0.3079	-0.4999	-0.6104	-0.6171	-0.5396	-0.3889	-0.3455	-0.2401	-0.1212	0.05777	0.1278	1.584
1010	0.1052	0.07593	-0.09583	-0.2065	-0.357	-0.4648	-0.6324	-0.804	-0.8651	-0.9127	-0.8151	-0.489	0.03222	0.5474	0.7834	0.8382	0.7893	0.4593	0.05652	-0.3491	-0.5546	-0.6379	-0.6214	-0.5414	-0.4235	-0.3295	-0.2317	-0.1086	0.06193	0.111	1.342
1010	0.1103	0.07591	-0.1136	-0.1957	-0.3479	-0.4565	-0.6239	-0.7944	-0.8487	-0.8909	-0.7806	-0.436	0.08119	0.5693	0.79	0.84	0.779	0.4305	0.0129	-0.3849	-0.5755	-0.6591	-0.6499	-0.5536	-0.4152	-0.3489	-0.2487	-0.1133	0.05939	0.1211	1.035
1010	0.1169	0.07966	-0.1015	-0.1897	-0.3675	-0.4811	-0.6027	-0.7715	-0.8175	-0.8533	-0.7348	-0.3979	0.1245	0.6084	0.8085	0.834	0.7613	0.3966	-0.0229	-0.417	-0.6059	-0.6741	-0.6636	-0.5559	-0.4525	-0.3303	-0.2354	-0.09926	0.05941	0.1306	0.8203
1010	0.1082	0.06477	-0.116	-0.1882	-0.3301	-0.4665	-0.583	-0.7484	-0.7925	-0.8267	-0.6965	-0.3444	0.1885	0.6276	0.8095	0.8446	0.7382	0.3649	-0.0724	-0.4713	-0.6408	-0.6897	-0.6782	-0.5742	-0.4436	-0.3289	-0.2607	-0.1016	0.05185	0.1059	0.544
1010	0.09275	0.07445	-0.1112	-0.2035	-0.3398	-0.4395	-0.5969	-0.7352	-0.7645	-0.7873	-0.6403	-0.2992	0.2212	0.6465	0.8261	0.8376	0.7171	0.3256	-0.1173	-0.5184	-0.6792	-0.7192	-0.698	-0.6018	-0.4584	-0.3647	-0.251	-0.1243	0.05941	0.1234	0.3522
1010	0.1213	0.0558	-0.1104	-0.182	-0.33	-0.4402	-0.6249	-0.708	-0.7425	-0.7693	-0.6101	-0.2647	0.2587	0.667	0.8305	0.8443	0.7177	0.2892	-0.159	-0.5422	-0.6889	-0.7493	-0.7186	-0.617	-0.4338	-0.3444	-0.2695	-0.1141	0.06024	0.1313	0.07261
1010	0.09494	0.05283	-0.08532	-0.1859	-0.3413	-0.4304	-0.5911	-0.7003	-0.7174	-0.7307	-0.565	-0.2127	0.2914	0.696	0.8352	0.8264	0.672	0.2243	-0.2104	-0.5957	-0.744	-0.7759	-0.7371	-0.5967	-0.4666	-0.3699	-0.2473	-0.1071	0.06025	0.1364	-0.1988
1010	0.1008	0.0491	-0.1144	-0.1751	-0.3172	-0.4369	-0.5935	-0.6863	-0.6895	-0.692	-0.534	-0.1637	0.3432	0.7226	0.8397	0.8284	0.6618	0.2182	-0.2547	-0.6412	-0.7673	-0.7876	-0.7386	-0.6155	-0.4888	-0.3586	-0.268	-0.1086	0.05435	0.1379	-0.4442
1010	0.0949	0.04387	-0.09013	-0.1858	-0.3179	-0.3992	-0.5306	-0.6745	-0.6688	-0.6643	-0.4711	-0.1346	0.3694	0.7262	0.8401	0.8108	0.6196	0.1637	-0.293	-0.6665	-0.8056	-0.8205	-0.7846	-0.6153	-0.5057	-0.3944	-0.2672	-0.118	0.06443	0.1233	-0.7009
1011	0.09334	0.0535	-0.1207	-0.1665	-0.3378	-0.4144	-0.5499	-0.65	-0.646	-0.643	-0.4389	-0.08095	0.4081	0.7285	0.8363	0.8135	0.6136	0.1168	-0.3395	-0.7009	-0.8116	-0.8411	-0.8014	-0.6358	-0.4793	-0.3866	-0.2833	-0.1342	0.07528	0.1254	-0.9755
1012	0.08228	0.04899	-0.119	-0.1732	-0.3195	-0.3993	-0.5098	-0.6223	-0.6073	-0.5957	-0.3817	-0.0259	0.4474	0.7575	0.8386	0.7947	0.5611	0.04731	-0.3937	-0.7536	-0.868	-0.8602	-0.7959	-0.6563	-0.5129	-0.3832	-0.2808	-0.1271	0.06347	0.1194	-1.218
1014	0.08286	0.05632	-0.1155	-0.1569	-0.3085	-0.3969	-0.5237	-0.5958	-0.5718	-0.5531	-0.346	0.03055	0.4889	0.7758	0.8317	0.7849	0.533	-0.01224	-0.4604	-0.7967	-0.9002	-0.899	-0.8301	-0.6601	-0.5001	-0.3929	-0.2633	-0.1261	0.06921	0.1221	-1.495
1015	0.0733	0.04292	-0.09292	-0.1651	-0.2933	-0.351	-0.4994	-0.5875	-0.5463	-0.5142	-0.2866	0.07316	0.5238	0.7918	0.8332	0.7586	0.4791	-0.05509	-0.5028	-0.8444	-0.9444	-0.9246	-0.8254	-0.666	-0.5203	-0.4074	-0.2734	-0.1197	0.07333	0.1357	-1.723
1014	0.09091	0.0452	-0.1083	-0.16	-0.2936	-0.3726	-0.5156	-0.5589	-0.5195	-0.4889	-0.2761	0.1068	0.5485	0.8003	0.8197	0.7436	0.4673	-0.09354	-0.5546	-0.8939	-0.9733	-0.93	-0.8629	-0.6841	-0.5135	-0.4049	-0.2936	-0.1261	0.07593	0.1265	-1.978
1012	0.09326	0.01924	-0.1085	-0.1572	-0.2851	-0.3602	-0.4719	-0.5544	-0.5034	-0.4638	-0.2257	0.1459	0.5777	0.8016	0.8006	0.7102	0.4053	-0.1789	-0.6178	-0.9455	-1.005	-0.975	-0.8962	-0.6729	-0.5285	-0.4078	-0.2919	-0.1232	0.07018	0.1274	-2.215
1012	0.07794	0.02967	-0.1086	-0.1733	-0.2763	-0.3457	-0.4838	-0.5409	-0.4885	-0.4477	-0.2024	0.1743	0.6107	0.8044	0.7928	0.6975	0.3745	-0.216	-0.6715	-0.9971	-1.049	-0.9985	-0.9031	-0.7111	-0.5258	-0.4133	-0.2817	-0.1069	0.09205	0.1239	-2.466
1013	0.06251	0.03856	-0.1189	-0.1457	-0.2843	-0.3559	-0.4528	-0.5141	-0.4619	-0.4213	-0.158	0.213	0.6341	0.8043	0.7957	0.6767	0.3377	-0.2633	-0.7124	-1.029	-1.081	-1.028	-0.9404	-0.7118	-0.526	-0.4367	-0.3051	-0.1177	0.07854	0.123	-2.663
1013	0.08073	0.02294	-0.09227	-0.1547	-0.2624	-0.3549	-0.4508	-0.5114	-0.4343	-0.3744	-0.1304	0.2319	0.662	0.8212	0.7641	0.6423	0.301	-0.3158	-0.7683	-1.086	-1.121	-1.051	-0.9739	-0.7425	-0.5427	-0.4416	-0.2938	-0.1199	0.08854	0.1294	-2.932
1014	0.06897	0.05408	-0.08977	-0.1432	-0.2808	-0.335	-0.4414	-0.4878	-0.4193	-0.3659	-0.08444	0.2759	0.6656	0.8121	0.7603	0.6272	0.2536	-0.3561	-0.8078	-1.113	-1.145	-1.061	-0.9698	-0.7389	-0.5651	-0.4233	-0.2891	-0.1043	0.09683	0.1199	-3.141
1017	0.06808	0.03915	-0.1072	-0.142	-0.2645	-0.331	-0.4288	-0.459	-0.3866	-0.3304	-0.07178	0.3072	0.7	0.8215	0.732	0.5953	0.2221	-0.4026	-0.8589	-1.168	-1.165	-1.07	-0.9207	-0.7509	-0.5645	-0.4112	-0.295	-0.1211	0.06819	0.1218	-3.341
1017	0.06803	0.03172	-0.08229	-0.145	-0.2628	-0.321	-0.4031	-0.461	-0.3733	-0.3051	-0.03187	0.3313	0.6974	0.8013	0.7157	0.5598	0.1656	-0.4766	-0.9171	-1.201	-1.213	-1.108	-0.9296	-0.7504	-0.5715	-0.4451	-0.2926	-0.09543	0.0765	0.1239	-3.539
1017	0.06661	0.02508	-0.1152	-0.1337	-0.2488	-0.309	-0.4083	-0.4367	-0.3528	-0.2875	-0.02441	0.3588	0.7168	0.8085	0.6829	0.5415	0.1333	-0.5091	-0.9655	-1.24	-1.23	-1.12	-0.9317	-0.7659	-0.5777	-0.4371	-0.2979	-0.111	0.08823	0.1247	-3.724
1016	0.05499	0.02583	-0.08557	-0.1231	-0.2527	-0.3286	-0.3773	-0.4215	-0.3342	-0.2663	0.007159	0.3757	0.7313	0.8005	0.6544	0.5079	0.1064	-0.5761	-1.004	-1.27	-1.254	-1.126	-1.004	-0.7561	-0.5742	-0.4366	-0.3069	-0.118	0.07741	0.1305	-3.9
1015	0.05506	0.02512	-0.1002	-0.1324	-0.2388	-0.3039	-0.3918	-0.4206	-0.3211	-0.2437	0.03547	0.4089	0.7549	0.7993	0.6455	0.4831	0.05625	-0.613	-1.064	-1.322	-1.278	-1.159	-0.9968	-0.7861	-0.5868	-0.4349	-0.294	-0.1026	0.09174	0.1408	-4.053
1014	0.05145	0.03701	-0.08655	-0.1401	-0.2397	-0.3106	-0.3772	-0.4108	-0.3053	-0.2232	0.07629	0.4382	0.7638	0.8089	0.6625	0.4557	0.01451	-0.6578	-1.103	-1.348	-1.313	-1.167	-0.9871	-0.7859	-0.5857	-0.43	-0.2861	-0.09804	0.08175	0.1221	-4.215
1013	0.05004	0.0222	-0.08906	-0.1288	-0.2348	-0.3052	-0.3702	-0.4059	-0.2962	-0.2108	0.08305	0.4516	0.7881	0.8015	0.6095	0.421	-0.0149	-0.7181	-1.162	-1.401	-1.335	-1.189	-1.003	-0.8057	-0.5916	-0.4335	-0.2879	-0.08025	0.07094	0.128	-4.386
1012	0.04132	0.01701	-0.08835	-0.1343	-0.2448	-0.3096	-0.3714	-0.3901	-0.276	-0.1873	0.1249	0.472	0.7896	0.791	0.6063	0.3992	-0.07306	-0.7731	-1.199	-1.435	-1.381	-1.225	-1.026	-0.8058	-0.5966	-0.463	-0.3023	-0.1029	0.06598	0.1093	-4.551
1013	0.04569	0.03113	-0.1109	-0.132	-0.2357	-0.3201	-0.3598	-0.3815	-0.2681	-0.1799	0.1282	0.4855	0.7936	0.7793	0.5705	0.3645	-0.09784	-0.8173	-1.238	-1.469	-1.384	-1.237	-1.017	-0.8295	-0.6009	-0.4442	-0.2926	-0.1099	0.0861	0.1078	-4.657
1013	0.02373	0.0118	-0.09388	-0.1273	-0.231	-0.3093	-0.3595	-0.3719	-0.253	-0.1605	0.1481	0.5012	0.8028	0.768	0.545	0.3455	-0.1458	-0.8453	-1.263	-1.495	-1.418	-1.249	-1.034	-0.8302	-0.5937	-0.4424	-0.2982	-0.09892	0.08183	0.1062	-4.728
1015	0.03976	0.009556	-0.07528	-0.1195	-0.2285	-0.2983	-0.3361	-0.363	-0.2452	-0.1536	0.1587	0.509	0.8047	0.7611	0.5269	0.3189	-0.1557	-0.8872	-1.306	-1.518	-1.408	-1.255	-1.035	-0.8191	-0.5931	-0.4657	-0.3045	-0.1035	0.07337	0.1018	-4.87
1016	0.01347	-8.867e-005	-0.08882	-0.1254	-0.2289	-0.2947	-0.3323	-0.3602	-0.231	-0.1305	0.1868	0.5234	0.8106	0.7531	0.5156	0.2977	-0.1886	-0.9182	-1.332	-1.535	-1.448	-1.268	-1.04	-0.8056	-0.6084	-0.4561	-0.282	-0.09478	0.06657	0.1031	-4.984
1019	0.03959	0.01468	-0.107	-0.1251	-0.2193	-0.2906	-0.342	-0.3477	-0.2125	-0.1073	0.1945	0.5431	0.8118	0.7532	0.4982	0.2679	-0.2258	-0.9455	-1.361	-1.57	-1.47	-1.285	-1.062	-0.817	-0.5956	-0.4458	-0.3032	-0.0976	0.07138	0.1172	-5.055
1019	0.03304	0.005081	-0.1078	-0.1258	-0.2193	-0.2881	-0.3419	-0.3453	-0.2081	-0.1014	0.2077	0.5423	0.8074	0.7515	0.4883	0.2624	-0.2496	-0.9715	-1.386	-1.591	-1.469	-1.287	-1.039	-0.8204	-0.6014	-0.4606	-0.2958	-0.0852	0.07636	0.09841	-5.094
1018	0.02654	-0.001568	-0.0943	-0.1245	-0.2219	-0.2901	-0.3433	-0.3343	-0.2013	-0.09789	0.2022	0.5621	0.8235	0.7323	0.4612	0.2373	-0.2631	-0.994	-1.401	-1.599	-1.479	-1.272	-1.066	-0.8462	-0.6141	-0.4516	-0.3051	-0.09386	0.084	0.1043	-5.175
1014	0.01495	0.02811	-0.08977	-0.1035	-0.242	-0.2756	-0.3197	-0.3123	-0.1852	-0.08636	0.2237	0.5684	0.8197	0.7483	0.4414	0.2152	-0.288	-1.028	-1.444	-1.638	-1.499	-1.307	-1.065	-0.838	-0.6042	-0.4412	-0.3016	-0.1019	0.065	0.1047	-5.205
1013	0.03179	0.005857	-0.1052	-0.1449	-0.2312	-0.2932	-0.3243	-0.3244	-0.1872	-0.08058	0.2191	0.5679	0.8168	0.748	0.4353	0.2031	-0.2939	-1.041	-1.454	-1.634	-1.513	-1.305	-1.086	-0.8525	-0.6371	-0.4635	-0.2873	-0.1052	0.0584	0.1056	-5.26
1011	0.006945	-0.006047	-0.08687	-0.1215	-0.2346	-0.2782	-0.3167	-0.3289	-0.2006	-0.1008	0.227	0.5759	0.8227	0.7358	0.4445	0.2063	-0.3069	-1.057	-1.461	-1.659	-1.525	-1.327	-1.082	-0.8455	-0.619	-0.4599	-0.3072	-0.1046	0.07364	0.1007	-5.301
1010	0.004751	-0.01127	-0.09259	-0.1224	-0.2446	-0.2801	-0.3252	-0.3183	-0.186	-0.08304	0.2264	0.5802	0.8291	0.7234	0.4411	0.2002	-0.3009	-1.047	-1.46	-1.654	-1.515	-1.336	-1.091	-0.8527	-0.627	-0.4566	-0.3015	-0.1047	0.06025	0.103	-5.322
1011	0.009872	0.005122	-0.09732	-0.1321	-0.23	-0.2789	-0.3092	-0.3303	-0.1916	-0.08368	0.2261	0.5672	0.8216	0.7423	0.4383	0.2028	-0.306	-1.062	-1.459	-1.652	-1.521	-1.356	-1.072	-0.8546	-0.6084	-0.468	-0.2855	-0.1077	0.07193	0.0992	-5.319
1013	0.02009	-0.008264	-0.09716	-0.1205	-0.2506	-0.272	-0.3226	-0.3259	-0.1962	-0.09539	0.2291	0.5754	0.8188	0.7358	0.4398	0.21	-0.307	-1.05	-1.454	-1.64	-1.521	-1.323	-1.083	-0.8473	-0.637	-0.4493	-0.2984	-0.1083	0.06007	0.1005	-5.344
1014	0.02957	-0.005286	-0.07936	-0.1013	-0.2212	-0.2668	-0.3174	-0.3194	-0.1883	-0.08642	0.2238	0.5719	0.8181	0.7275	0.4364	0.2105	-0.3106	-1.055	-1.454	-1.641	-1.521	-1.3	-1.066	-0.8364	-0.6164	-0.4526	-0.3025	-0.09265	0.07258	0.09531	-5.34
1016	0.02223	-0.003795	-0.09931	-0.1156	-0.2477	-0.2859	-0.3259	-0.3312	-0.198	-0.0944	0.2185	0.5663	0.8266	0.7338	0.4447	0.2164	-0.2938	-1.038	-1.465	-1.647	-1.519	-1.318	-1.076	-0.8451	-0.6176	-0.4845	-0.3079	-0.09328	0.08668	0.119	-5.335
1016	0.01056	-0.005277	-0.1098	-0.1141	-0.2208	-0.2867	-0.3193	-0.3242	-0.1929	-0.09071	0.2243	0.5679	0.8202	0.7429	0.4568	0.2212	-0.2915	-1.043	-1.451	-1.651	-1.52	-1.318	-1.065	-0.8451	-0.6161	-0.4615	-0.302	-0.09405	0.08166	0.09443	-5.296
1015	0.01859	0.002136	-0.101	-0.1179	-0.2299	-0.2836	-0.3253	-0.336	-0.1984	-0.09149	0.2144	0.559	0.8235	0.7403	0.4442	0.2082	-0.2979	-1.049	-1.467	-1.654	-1.516	-1.295	-1.078	-0.8535	-0.6179	-0.4469	-0.3029	-0.1042	0.07836	0.1075	-5.314
1013	0.006196	-0.0142	-0.0963	-0.1402	-0.2407	-0.284	-0.3159	-0.3257	-0.1949	-0.09312	0.2273	0.5729	0.8198	0.7316	0.4578	0.2168	-0.2999	-1.056	-1.452	-1.647	-1.523	-1.297	-1.086	-0.8382	-0.6137	-0.464	-0.2982	-0.07245	0.06507	0.09898	-5.281
1013	0.04055	0.01106	-0.09552	-0.1258	-0.2251	-0.2768	-0.3259	-0.3281	-0.1914	-0.085	0.2223	0.5639	0.8264	0.7553	0.4526	0.2204	-0.3007	-1.045	-1.457	-1.642	-1.508	-1.303	-1.07	-0.8435	-0.5961	-0.4507	-0.2865	-0.08338	0.08437	0.1034	-5.236
1011	0.02817	0.0267	-0.09891	-0.1077	-0.2232	-0.2911	-0.3239	-0.3333	-0.2016	-0.09923	0.221	0.5702	0.8264	0.7444	0.4693	0.2249	-0.2888	-1.042	-1.458	-1.632	-1.515	-1.307	-1.071	-0.8326	-0.612	-0.4417	-0.2936	-0.08196	0.08032	0.1173	-5.12
1011	0.03258	0.004378	-0.1151	-0.1375	-0.2188	-0.292	-0.3356	-0.3512	-0.2128	-0.1052	0.2069	0.5627	0.8267	0.7454	0.4474	0.2208	-0.2819	-1.029	-1.446	-1.636	-1.505	-1.308	-1.073	-0.8379	-0.5877	-0.421	-0.2841	-0.09603	0.08706	0.1007	-5.024
1010	0.03554	0.02301	-0.09418	-0.1369	-0.2467	-0.2955	-0.3392	-0.3522	-0.2229	-0.1224	0.2171	0.5609	0.8174	0.7362	0.4767	0.2439	-0.2604	-1.004	-1.411	-1.609	-1.497	-1.301	-1.063	-0.851	-0.6045	-0.4535	-0.3014	-0.07815	0.08041	0.1102	-4.878
1011	0.03185	-8.913e-005	-0.1054	-0.1291	-0.2353	-0.2912	-0.3513	-0.3612	-0.2352	-0.1371	0.186	0.5375	0.8147	0.7539	0.4954	0.2728	-0.2067	-0.9394	-1.371	-1.579	-1.459	-1.27	-1.037	-0.8148	-0.6056	-0.4285	-0.3004	-0.09058	0.07447	0.1014	-4.751
1010	0.01501	0.003636	-0.09418	-0.1391	-0.2527	-0.3062	-0.3631	-0.3669	-0.2365	-0.135	0.1786	0.5418	0.8167	0.7621	0.5193	0.2946	-0.2045	-0.9348	-1.346	-1.558	-1.454	-1.282	-1.041	-0.8241	-0.6038	-0.4408	-0.2873	-0.1031	0.07368	0.09274	-4.628
1012	0.04059	0.02074	-0.1198	-0.1427	-0.2455	-0.3146	-0.3674	-0.3763	-0.2446	-0.1422	0.1683	0.5171	0.8018	0.7774	0.5298	0.3141	-0.1638	-0.9052	-1.322	-1.533	-1.431	-1.29	-1.029	-0.8132	-0.5738	-0.4579	-0.2668	-0.09672	0.08866	0.1042	-4.472
1013	0.01644	0.0185	-0.1004	-0.1342	-0.2596	-0.3103	-0.3606	-0.38	-0.2587	-0.1643	0.1373	0.5001	0.8014	0.7755	0.5447	0.3444	-0.1157	-0.8407	-1.273	-1.493	-1.401	-1.238	-1.039	-0.8295	-0.592	-0.4442	-0.2874	-0.09511	0.08274	0.1114	-4.31
1012	0.02523	-0.004551	-0.1085	-0.1427	-0.2388	-0.3309	-0.3665	-0.3932	-0.282	-0.1955	0.1074	0.4758	0.7946	0.7697	0.573	0.375	-0.08625	-0.8026	-1.23	-1.466	-1.385	-1.234	-1.002	-0.8059	-0.5937	-0.4325	-0.2986	-0.1076	0.08949	0.1282	-4.15
1010	0.02528	0.009598	-0.1039	-0.1315	-0.2685	-0.316	-0.3805	-0.3994	-0.2916	-0.2078	0.1034	0.4791	0.7742	0.7858	0.5969	0.3945	-0.06234	-0.7634	-1.189	-1.439	-1.366	-1.21	-1.026	-0.8024	-0.5793	-0.4206	-0.2858	-0.08128	0.08883	0.1204	-3.944
1010	0.04288	0.02973	-0.1031	-0.1453	-0.2678	-0.312	-0.3897	-0.4197	-0.3068	-0.219	0.08334	0.4425	0.7794	0.7898	0.6177	0.4231	-0.01417	-0.7281	-1.147	-1.404	-1.329	-1.203	-0.9861	-0.7801	-0.5669	-0.4267	-0.283	-0.09693	0.1015	0.1299	-3.772
1009	0.0341	0.009606	-0.1104	-0.1462	-0.2995	-0.34	-0.3965	-0.4431	-0.3338	-0.2488	0.04906	0.4128	0.7471	0.7956	0.6332	0.4553	0.01148	-0.674	-1.098	-1.354	-1.293	-1.184	-0.9795	-0.7659	-0.5635	-0.4187	-0.2712	-0.07744	0.08553	0.114	-3.558
1011	0.06552	0.008843	-0.1151	-0.1466	-0.2682	-0.345	-0.4114	-0.4484	-0.3405	-0.2565	0.0356	0.4044	0.7605	0.8039	0.6593	0.4662	0.05181	-0.6191	-1.067	-1.322	-1.268	-1.155	-0.9687	-0.7615	-0.549	-0.4261	-0.2818	-0.08821	0.08116	0.1137	-3.315
1010	0.05092	0.02003	-0.09902	-0.1697	-0.2782	-0.3478	-0.4175	-0.4651	-0.3675	-0.2916	0.0005132	0.3818	0.7428	0.8046	0.6782	0.5249	0.09923	-0.5744	-1.006	-1.271	-1.252	-1.126	-0.9529	-0.7513	-0.548	-0.4168	-0.2694	-0.08204	0.1073	0.1189	-3.062
1011	0.06553	0.04011	-0.1183	-0.1597	-0.2825	-0.3524	-0.4461	-0.474	-0.3817	-0.31	-0.02288	0.3517	0.7224	0.8063	0.6944	0.5307	0.1224	-0.5294	-0.9626	-1.241	-1.22	-1.115	-0.9219	-0.7515	-0.5669	-0.4187	-0.2737	-0.1046	0.0963	0.1247	-2.849
1010	0.0524	0.01854	-0.1176	-0.1675	-0.2745	-0.3544	-0.4449	-0.4868	-0.3992	-0.3311	-0.0572	0.323	0.6982	0.8086	0.7118	0.5659	0.1793	-0.4672	-0.9134	-1.184	-1.173	-1.085	-0.9651	-0.7202	-0.5474	-0.4139	-0.2673	-0.1055	0.08126	0.1219	-2.575
1010	0.05678	0.03418	-0.1022	-0.1605	-0.3021	-0.3673	-0.4497	-0.5091	-0.4206	-0.3517	-0.07306	0.303	0.6923	0.8114	0.7336	0.5921	0.2196	-0.421	-0.8623	-1.157	-1.152	-1.063	-0.901	-0.7272	-0.5331	-0.4056	-0.2702	-0.09531	0.08123	0.1473	-2.372
1010	0.05898	0.01555	-0.1071	-0.1559	-0.2737	-0.3624	-0.4522	-0.5098	-0.4343	-0.3755	-0.1032	0.2762	0.6682	0.8213	0.7526	0.6185	0.2491	-0.3703	-0.8129	-1.114	-1.128	-1.037	-0.9097	-0.7127	-0.5361	-0.4018	-0.259	-0.09062	0.09132	0.124	-2.148
1009	0.06565	0.02601	-0.1096	-0.1645	-0.3062	-0.3898	-0.4766	-0.5313	-0.4602	-0.4049	-0.1351	0.2436	0.6583	0.82	0.7687	0.6505	0.2953	-0.3118	-0.7741	-1.066	-1.089	-1.021	-0.9044	-0.7011	-0.5256	-0.3888	-0.2838	-0.09385	0.09311	0.1511	-1.885
1010	0.06925	0.03642	-0.1152	-0.172	-0.2992	-0.3821	-0.4753	-0.5485	-0.4821	-0.4305	-0.1676	0.215	0.6335	0.8062	0.7892	0.6706	0.3369	-0.2616	-0.7108	-1.022	-1.056	-0.9953	-0.8755	-0.6859	-0.5228	-0.3899	-0.242	-0.08829	0.0804	0.1342	-1.637
1011	0.07505	0.04309	-0.1175	-0.1688	-0.2989	-0.3875	-0.4865	-0.5659	-0.5092	-0.465	-0.2126	0.1675	0.6032	0.801	0.797	0.6902	0.3871	-0.201	-0.6478	-0.9697	-1.005	-0.9644	-0.8685	-0.6839	-0.5113	-0.3993	-0.273	-0.09603	0.08286	0.1428	-1.388
1010	0.06855	0.03644	-0.1096	-0.1866	-0.3151	-0.3954	-0.521	-0.5836	-0.5335	-0.4946	-0.2555	0.1233	0.5614	0.7959	0.8086	0.7182	0.4257	-0.1385	-0.5933	-0.9135	-0.9909	-0.942	-0.8544	-0.628	-0.503	-0.3595	-0.2599	-0.09146	0.07371	0.1365	-1.145
1008	0.08848	0.04321	-0.1081	-0.1701	-0.3223	-0.391	-0.5292	-0.5969	-0.5573	-0.5266	-0.302	0.09435	0.5323	0.8001	0.8159	0.7491	0.4668	-0.0759	-0.5374	-0.8813	-0.9515	-0.916	-0.8637	-0.6464	-0.4755	-0.3563	-0.2603	-0.07986	0.09825	0.1505	-0.8521
1009	0.08253	0.04466	-0.129	-0.199	-0.334	-0.4193	-0.5287	-0.6311	-0.5929	-0.5632	-0.3402	0.02457	0.5084	0.7773	0.8311	0.7567	0.5006	-0.02742	-0.4737	-0.8277	-0.922	-0.9033	-0.7926	-0.6502	-0.5025	-0.3776	-0.2541	-0.08526	0.07375	0.1271	-0.6165
1010	0.08981	0.05581	-0.1314	-0.1958	-0.3255	-0.4288	-0.5498	-0.6392	-0.6105	-0.5881	-0.3826	0.006184	0.474	0.7768	0.842	0.7875	0.5632	0.03306	-0.4174	-0.7761	-0.8776	-0.8585	-0.7953	-0.6039	-0.477	-0.3662	-0.2525	-0.1032	0.05436	0.1386	-0.3467
