11282	26	1	88	25.3	745	1	0	17.4	0.996	128	4096	10	0	0	0	0	127.49	1012.4	1.4748e+006	0.12068	0.041181	41.79	0	0	1	0	0	0	7	0	0
1000	0.09531	0.04741	-0.1201	-0.2193	-0.3517	-0.4487	-0.5756	-0.682	-0.6623	-0.647	-0.4235	-0.06233	0.4269	0.7481	0.8336	0.7942	0.5691	0.09249	-0.343	-0.6741	-0.8139	-0.7994	-0.7537	-0.5998	-0.4585	-0.3421	-0.2204	-0.082	0.07536	0.1306	0.5521
997.9	0.1104	0.06035	-0.09182	-0.2485	-0.3731	-0.482	-0.6013	-0.7416	-0.7515	-0.7592	-0.5533	-0.2259	0.2971	0.6822	0.8473	0.8377	0.6877	0.2595	-0.1666	-0.549	-0.6922	-0.7291	-0.6813	-0.5778	-0.4311	-0.3127	-0.1999	-0.09881	0.09853	0.1442	1.402
995.6	0.1211	0.08469	-0.1404	-0.2607	-0.3831	-0.4732	-0.6731	-0.7975	-0.8261	-0.8483	-0.7039	-0.3801	0.1595	0.6227	0.8277	0.8537	0.7603	0.4088	-0.0224	-0.4167	-0.5874	-0.6313	-0.6214	-0.5275	-0.3982	-0.3051	-0.211	-0.09191	0.07999	0.1268	2.278
996.1	0.124	0.08993	-0.1354	-0.2606	-0.4049	-0.5185	-0.6953	-0.8566	-0.9148	-0.9601	-0.8655	-0.5421	-0.003996	0.5482	0.7609	0.854	0.8182	0.5258	0.1189	-0.2927	-0.4846	-0.5562	-0.5782	-0.4874	-0.3633	-0.2648	-0.2003	-0.09107	0.07825	0.1327	3.089
997.5	0.1424	0.08226	-0.1377	-0.2726	-0.437	-0.5493	-0.7445	-0.9283	-1.019	-1.09	-1.03	-0.7327	-0.2053	0.3994	0.6921	0.8085	0.843	0.6108	0.2433	-0.1727	-0.377	-0.4814	-0.5168	-0.4477	-0.3388	-0.2652	-0.1888	-0.08145	0.07388	0.1052	3.937
996.9	0.1283	0.06948	-0.1271	-0.2642	-0.4517	-0.5645	-0.7701	-0.9273	-1.085	-1.208	-1.206	-0.9317	-0.4062	0.2522	0.5923	0.7514	0.8467	0.6839	0.3463	-0.04267	-0.3084	-0.4242	-0.4686	-0.406	-0.3187	-0.2388	-0.1896	-0.0633	0.06456	0.1001	4.74
995.6	0.1211	0.0605	-0.1404	-0.2708	-0.4599	-0.5934	-0.8171	-1.007	-1.178	-1.312	-1.369	-1.116	-0.5832	0.1165	0.4796	0.6946	0.8367	0.7622	0.4478	0.06818	-0.2016	-0.3499	-0.419	-0.3696	-0.3018	-0.2399	-0.165	-0.07051	0.04672	0.1084	5.528
995.6	0.1092	0.07259	-0.1273	-0.2972	-0.4576	-0.6183	-0.8582	-1.06	-1.275	-1.441	-1.527	-1.345	-0.8101	-0.05664	0.3608	0.5988	0.8194	0.8205	0.5469	0.1597	-0.1128	-0.2803	-0.3397	-0.3275	-0.2799	-0.2202	-0.1439	-0.05863	0.05867	0.1069	6.341
997	0.1098	0.0808	-0.1099	-0.2758	-0.4668	-0.6215	-0.8737	-1.109	-1.355	-1.546	-1.698	-1.567	-1.054	-0.2441	0.1769	0.4792	0.7781	0.8599	0.6233	0.2581	-0.0194	-0.203	-0.2867	-0.2954	-0.2479	-0.1775	-0.1264	-0.07437	0.05177	0.1119	7.139
997.3	0.1075	0.077	-0.1336	-0.3067	-0.4864	-0.6536	-0.9294	-1.168	-1.448	-1.665	-1.92	-1.796	-1.286	-0.4524	0.004299	0.3398	0.7157	0.8704	0.691	0.3485	0.06772	-0.1267	-0.247	-0.2592	-0.2283	-0.1706	-0.1347	-0.0696	0.0509	0.08239	7.857
993.8	0.1079	0.07424	-0.1168	-0.3024	-0.508	-0.6817	-0.9612	-1.247	-1.559	-1.802	-2.09	-2.027	-1.548	-0.6762	-0.1781	0.195	0.6566	0.8673	0.7424	0.4146	0.1385	-0.07172	-0.2155	-0.235	-0.2019	-0.1575	-0.1102	-0.06985	0.05023	0.06123	8.604
989.6	0.08738	0.05554	-0.1091	-0.3091	-0.5117	-0.6854	-0.9856	-1.282	-1.644	-1.926	-2.264	-2.247	-1.802	-0.9077	-0.3722	0.05275	0.5603	0.8656	0.7901	0.4986	0.1984	-0.03213	-0.1561	-0.1714	-0.1664	-0.1468	-0.1122	-0.05102	0.02812	0.05184	9.31
987.6	0.05307	0.03202	-0.1101	-0.2972	-0.5257	-0.6968	-1.036	-1.312	-1.751	-2.092	-2.428	-2.481	-2.058	-1.144	-0.5783	-0.114	0.4486	0.8541	0.8156	0.5665	0.2574	0.02966	-0.09197	-0.1442	-0.1569	-0.131	-0.09877	-0.03434	0.01614	0.04226	9.98
988.4	0.04628	0.04799	-0.09519	-0.3032	-0.5245	-0.7146	-1.037	-1.401	-1.842	-2.185	-2.582	-2.728	-2.336	-1.43	-0.8219	-0.333	0.3157	0.8079	0.8695	0.6093	0.3174	0.07863	-0.05358	-0.1278	-0.1355	-0.09349	-0.08808	-0.05427	0.01956	0.01917	10.68
988.5	0.01482	0.02895	-0.1018	-0.2805	-0.5436	-0.7162	-1.079	-1.446	-1.883	-2.223	-2.768	-2.952	-2.617	-1.674	-1.069	-0.5521	0.1862	0.7754	0.8747	0.6623	0.3821	0.1366	-0.02259	-0.08835	-0.1135	-0.08584	-0.06835	-0.05267	0.01698	0.02363	11.33
986.9	0.01634	0.01069	-0.1317	-0.2982	-0.5399	-0.7257	-1.087	-1.464	-1.949	-2.326	-2.951	-3.179	-2.892	-1.94	-1.317	-0.7512	0.03942	0.7279	0.8755	0.7066	0.426	0.1988	0.0002313	-0.06765	-0.09923	-0.06762	-0.06922	-0.06155	0.00238	0.03336	11.91
983.5	0.002846	-0.03213	-0.1172	-0.2835	-0.521	-0.7618	-1.127	-1.512	-2.045	-2.46	-3.117	-3.399	-3.119	-2.197	-1.531	-0.9334	-0.05858	0.666	0.8745	0.7451	0.4926	0.2252	0.0453	-0.03427	-0.05152	-0.07016	-0.06259	-0.04411	0.03089	0.006564	12.48
981.4	-0.02507	-0.06134	-0.1216	-0.2527	-0.5206	-0.7533	-1.148	-1.555	-2.107	-2.537	-3.271	-3.608	-3.391	-2.449	-1.784	-1.148	-0.2162	0.6115	0.8764	0.7919	0.5526	0.2682	0.08809	-0.007397	-0.04629	-0.06416	-0.04745	-0.04421	0.00499	-0.01889	13.01
980.1	-0.07421	-0.07294	-0.1318	-0.2435	-0.5297	-0.7526	-1.155	-1.558	-2.193	-2.686	-3.413	-3.781	-3.59	-2.651	-1.995	-1.305	-0.3534	0.5547	0.8587	0.8011	0.5565	0.2898	0.1162	0.01133	-0.05553	-0.04037	-0.04751	-0.04185	-0.03313	-0.01366	13.52
978	-0.09632	-0.0985	-0.1312	-0.2607	-0.5262	-0.7661	-1.149	-1.603	-2.238	-2.732	-3.526	-3.981	-3.831	-2.873	-2.183	-1.486	-0.4697	0.4926	0.868	0.8276	0.5857	0.324	0.1436	0.05493	-0.03341	-0.02811	-0.03534	-0.04517	-0.02886	-0.03925	14.05
975.8	-0.1246	-0.1134	-0.1608	-0.2517	-0.4716	-0.7239	-1.16	-1.627	-2.26	-2.753	-3.678	-4.156	-4.048	-3.104	-2.424	-1.689	-0.6317	0.4398	0.8538	0.8369	0.6129	0.3537	0.1604	0.04451	-0.01196	-0.01734	-0.02236	-0.06306	-0.05069	-0.05214	14.5
974.2	-0.1393	-0.1653	-0.1979	-0.2482	-0.4475	-0.6785	-1.165	-1.614	-2.293	-2.821	-3.786	-4.288	-4.204	-3.271	-2.602	-1.842	-0.7559	0.37	0.8133	0.8457	0.6256	0.3688	0.1566	0.06118	-0.01198	-0.01814	-0.04395	-0.05344	-0.05949	-0.05751	14.83
974.9	-0.1597	-0.1945	-0.2204	-0.2631	-0.458	-0.7025	-1.145	-1.611	-2.338	-2.903	-3.856	-4.397	-4.343	-3.418	-2.725	-1.956	-0.8238	0.3329	0.8094	0.8567	0.665	0.3922	0.1895	0.06339	0.004184	-0.01968	-0.05007	-0.05745	-0.05945	-0.08763	15.2
975.4	-0.1991	-0.2122	-0.2345	-0.2479	-0.4158	-0.659	-1.123	-1.596	-2.346	-2.929	-3.937	-4.49	-4.477	-3.57	-2.871	-2.082	-0.9151	0.2694	0.7968	0.8636	0.6732	0.4058	0.2092	0.07164	0.008796	-0.01038	-0.03774	-0.0655	-0.07161	-0.09285	15.54
975.3	-0.2393	-0.2431	-0.2612	-0.2788	-0.4105	-0.6167	-1.099	-1.599	-2.367	-2.964	-3.992	-4.571	-4.607	-3.694	-2.999	-2.174	-1.027	0.2303	0.7706	0.8761	0.6835	0.4249	0.22	0.09952	-0.0004315	-0.01116	-0.05082	-0.05419	-0.0812	-0.1192	15.83
973.2	-0.2649	-0.2629	-0.2786	-0.3096	-0.3919	-0.5935	-1.061	-1.63	-2.389	-2.979	-4.082	-4.668	-4.71	-3.799	-3.078	-2.29	-1.082	0.19	0.7891	0.864	0.6865	0.4343	0.2238	0.08388	0.0003383	-0.01894	-0.04708	-0.07781	-0.1076	-0.1361	16.11
968.4	-0.2777	-0.3093	-0.344	-0.3542	-0.3993	-0.5249	-1.032	-1.593	-2.389	-3.008	-4.13	-4.732	-4.778	-3.883	-3.178	-2.372	-1.14	0.1641	0.7666	0.8607	0.6907	0.4479	0.2299	0.08657	0.0003399	-0.01357	-0.04963	-0.1075	-0.1283	-0.158	16.31
966	-0.3014	-0.3654	-0.3634	-0.3671	-0.4129	-0.4997	-0.995	-1.55	-2.358	-2.987	-4.141	-4.771	-4.832	-3.949	-3.244	-2.413	-1.173	0.159	0.7549	0.8796	0.7043	0.4421	0.2346	0.0906	0.0003407	-0.01439	-0.05364	-0.09228	-0.1594	-0.1721	16.46
967.8	-0.3345	-0.3741	-0.3805	-0.3688	-0.4105	-0.5013	-0.8915	-1.515	-2.331	-2.965	-4.114	-4.732	-4.796	-3.951	-3.244	-2.429	-1.177	0.1358	0.7508	0.8888	0.7116	0.449	0.2459	0.1086	0.007315	-0.0245	-0.07523	-0.1117	-0.1801	-0.2166	16.58
968.3	-0.3986	-0.4345	-0.419	-0.3901	-0.4627	-0.5368	-0.8126	-1.443	-2.275	-2.923	-4.077	-4.703	-4.79	-3.936	-3.239	-2.419	-1.18	0.1318	0.7456	0.8783	0.7222	0.4418	0.2291	0.09948	0.007311	-0.02137	-0.07751	-0.1238	-0.1713	-0.2158	16.69
969.3	-0.3737	-0.4224	-0.4051	-0.4575	-0.4794	-0.5678	-0.7163	-1.386	-2.229	-2.884	-4.036	-4.657	-4.752	-3.897	-3.195	-2.395	-1.176	0.1459	0.7598	0.8816	0.6979	0.4437	0.2272	0.09484	-0.01901	-0.04393	-0.08595	-0.1327	-0.2026	-0.2398	16.74
971	-0.4089	-0.4504	-0.4447	-0.4328	-0.5027	-0.5541	-0.6567	-1.29	-2.149	-2.817	-3.958	-4.586	-4.681	-3.857	-3.153	-2.372	-1.145	0.1519	0.7537	0.8693	0.6912	0.4376	0.211	0.0871	-0.02129	-0.04852	-0.08811	-0.1405	-0.2093	-0.2598	16.78
970	-0.4162	-0.4353	-0.4982	-0.4643	-0.5907	-0.5487	-0.6393	-1.2	-2.071	-2.747	-3.888	-4.526	-4.597	-3.777	-3.084	-2.3	-1.105	0.1906	0.768	0.8759	0.6888	0.4357	0.2287	0.07204	-0.02672	-0.04701	-0.0998	-0.1561	-0.2323	-0.2639	16.76
969.8	-0.4339	-0.4556	-0.5328	-0.5257	-0.5354	-0.5947	-0.6093	-1.1	-1.995	-2.692	-3.84	-4.426	-4.487	-3.679	-3.003	-2.233	-1.043	0.2072	0.7668	0.8761	0.6968	0.4266	0.2038	0.06372	-0.03678	-0.05558	-0.1122	-0.1708	-0.2419	-0.2601	16.74
972.2	-0.4267	-0.5117	-0.5583	-0.553	-0.5348	-0.662	-0.6498	-1.01	-1.896	-2.585	-3.702	-4.289	-4.357	-3.565	-2.888	-2.132	-0.9576	0.2483	0.7906	0.8714	0.7021	0.4178	0.2033	0.06583	-0.02435	-0.05234	-0.115	-0.1753	-0.2396	-0.2882	16.74
969	-0.4541	-0.4552	-0.5324	-0.5469	-0.6077	-0.5918	-0.5961	-0.9419	-1.828	-2.517	-3.621	-4.214	-4.257	-3.494	-2.811	-2.07	-0.9147	0.2499	0.7919	0.8719	0.6903	0.4	0.1907	0.04937	-0.04533	-0.0829	-0.1401	-0.1881	-0.2483	-0.3135	16.68
964.8	-0.4645	-0.5094	-0.5643	-0.5245	-0.615	-0.6389	-0.5762	-0.8958	-1.759	-2.431	-3.485	-4.083	-4.111	-3.342	-2.657	-1.931	-0.8283	0.3198	0.809	0.8748	0.6475	0.3809	0.1497	0.01608	-0.08129	-0.1161	-0.1501	-0.1987	-0.3031	-0.3316	16.55
964.6	-0.4577	-0.4963	-0.5932	-0.547	-0.5798	-0.6031	-0.5936	-0.8191	-1.662	-2.317	-3.35	-3.916	-3.93	-3.158	-2.461	-1.763	-0.7138	0.3721	0.8241	0.8566	0.6326	0.3524	0.1448	-0.002956	-0.09919	-0.1263	-0.1672	-0.2216	-0.3049	-0.3347	16.34
966.8	-0.4834	-0.5037	-0.5496	-0.5274	-0.5871	-0.6205	-0.6009	-0.7873	-1.597	-2.227	-3.221	-3.763	-3.728	-2.95	-2.292	-1.618	-0.5912	0.4352	0.8426	0.8363	0.6091	0.3385	0.1161	-0.01663	-0.1129	-0.1338	-0.1808	-0.2309	-0.3121	-0.356	16.07
971.2	-0.4264	-0.4573	-0.5034	-0.5473	-0.6211	-0.5463	-0.587	-0.7379	-1.544	-2.171	-3.098	-3.599	-3.542	-2.751	-2.092	-1.447	-0.4617	0.5	0.8592	0.8218	0.5922	0.3147	0.1015	-0.03395	-0.124	-0.1402	-0.1977	-0.2477	-0.2914	-0.3234	15.74
973.2	-0.3593	-0.389	-0.4655	-0.5787	-0.6128	-0.5553	-0.5498	-0.7669	-1.529	-2.121	-3.005	-3.478	-3.376	-2.587	-1.93	-1.316	-0.3584	0.5304	0.8587	0.8085	0.5714	0.2888	0.07227	-0.05351	-0.1261	-0.1655	-0.1973	-0.2399	-0.2751	-0.3287	15.41
973.7	-0.4237	-0.4584	-0.5717	-0.5942	-0.534	-0.5432	-0.4956	-0.7609	-1.506	-2.085	-2.914	-3.382	-3.232	-2.48	-1.817	-1.202	-0.2671	0.5614	0.8596	0.8006	0.5437	0.2619	0.05154	-0.07234	-0.1352	-0.167	-0.198	-0.2544	-0.2724	-0.3248	15.06
973	-0.4317	-0.4672	-0.5067	-0.5415	-0.5375	-0.4953	-0.4651	-0.763	-1.507	-2.085	-2.839	-3.269	-3.127	-2.335	-1.68	-1.084	-0.2141	0.6058	0.8697	0.7871	0.5135	0.2345	0.0375	-0.08221	-0.17	-0.1842	-0.2097	-0.2327	-0.3014	-0.3432	14.68
974.2	-0.4304	-0.4404	-0.5036	-0.4441	-0.5617	-0.5074	-0.462	-0.7982	-1.482	-2.014	-2.763	-3.189	-3.007	-2.207	-1.548	-0.9726	-0.1316	0.6466	0.8856	0.7746	0.484	0.2113	0.02505	-0.1093	-0.1798	-0.1871	-0.2156	-0.2235	-0.2897	-0.3163	14.22
977.9	-0.3795	-0.3864	-0.5083	-0.5151	-0.4435	-0.4548	-0.4756	-0.8191	-1.481	-1.995	-2.722	-3.085	-2.878	-2.056	-1.403	-0.8549	-0.03805	0.6831	0.8815	0.7313	0.4611	0.1793	-0.01295	-0.1276	-0.1914	-0.191	-0.2248	-0.2509	-0.2617	-0.2881	13.71
979.6	-0.3774	-0.3604	-0.4208	-0.4385	-0.4736	-0.5096	-0.5326	-0.8903	-1.508	-1.989	-2.664	-2.981	-2.749	-1.926	-1.312	-0.7604	0.02209	0.7053	0.8619	0.7037	0.4284	0.163	-0.04583	-0.1394	-0.2125	-0.2007	-0.232	-0.2537	-0.2785	-0.2966	13.15
977.6	-0.3153	-0.3742	-0.3942	-0.3501	-0.4064	-0.4136	-0.5209	-0.9576	-1.539	-1.99	-2.626	-2.91	-2.639	-1.807	-1.175	-0.6465	0.1104	0.7388	0.861	0.6903	0.3997	0.1351	-0.07066	-0.1517	-0.2007	-0.2088	-0.2279	-0.2316	-0.2183	-0.2498	12.66
978.2	-0.2469	-0.2724	-0.3222	-0.3672	-0.3706	-0.3636	-0.5581	-0.9769	-1.535	-1.968	-2.574	-2.828	-2.537	-1.706	-1.074	-0.5407	0.1866	0.7641	0.8698	0.6816	0.3862	0.1	-0.0805	-0.1847	-0.2059	-0.2156	-0.2247	-0.2064	-0.173	-0.2061	12.13
983.9	-0.2568	-0.2761	-0.2664	-0.2622	-0.2707	-0.3782	-0.5887	-1.028	-1.553	-1.962	-2.502	-2.696	-2.374	-1.535	-0.9186	-0.42	0.2637	0.7899	0.8514	0.6375	0.3552	0.06763	-0.1095	-0.1873	-0.2245	-0.2243	-0.2295	-0.2052	-0.197	-0.2116	11.54
984.5	-0.2115	-0.2034	-0.2248	-0.3052	-0.2828	-0.3462	-0.624	-1.096	-1.556	-1.914	-2.424	-2.598	-2.269	-1.42	-0.8104	-0.3429	0.3161	0.8088	0.8549	0.5954	0.2985	0.0343	-0.1348	-0.2201	-0.2602	-0.2372	-0.2385	-0.2179	-0.1935	-0.1973	10.93
983.1	-0.187	-0.1945	-0.2069	-0.2255	-0.264	-0.3458	-0.7114	-1.135	-1.561	-1.892	-2.383	-2.494	-2.106	-1.257	-0.6662	-0.2115	0.3996	0.8224	0.826	0.5519	0.2501	-0.001271	-0.1653	-0.2435	-0.2629	-0.236	-0.2274	-0.2046	-0.1583	-0.1594	10.3
980.4	-0.1278	-0.1397	-0.1991	-0.1536	-0.2446	-0.4183	-0.7813	-1.131	-1.571	-1.913	-2.299	-2.364	-1.942	-1.09	-0.5183	-0.0819	0.4815	0.8659	0.7934	0.523	0.2135	-0.02863	-0.2118	-0.2577	-0.272	-0.2374	-0.2395	-0.1995	-0.1431	-0.1119	9.601
978	-0.04105	-0.06771	-0.1321	-0.1169	-0.253	-0.464	-0.8182	-1.128	-1.508	-1.804	-2.211	-2.244	-1.807	-0.9546	-0.3884	0.02828	0.5646	0.8743	0.7806	0.4864	0.1602	-0.0805	-0.2387	-0.2764	-0.2788	-0.2504	-0.2378	-0.1815	-0.1148	-0.07608	8.881
982.1	-0.02203	-0.0406	-0.06838	-0.1062	-0.309	-0.5083	-0.8318	-1.13	-1.512	-1.809	-2.098	-2.102	-1.621	-0.8025	-0.253	0.1481	0.6269	0.8745	0.7686	0.4581	0.134	-0.1135	-0.2451	-0.2961	-0.2891	-0.2524	-0.2299	-0.1695	-0.08669	-0.05181	8.202
988	0.009578	-0.003032	-0.04898	-0.1313	-0.3378	-0.5387	-0.8167	-1.108	-1.44	-1.698	-1.965	-1.922	-1.458	-0.6334	-0.1131	0.2636	0.6613	0.8739	0.7294	0.3795	0.07376	-0.1573	-0.2926	-0.3063	-0.314	-0.2639	-0.2255	-0.1493	-0.0664	-0.01281	7.514
990.5	0.03422	0.03117	-0.02003	-0.1692	-0.3767	-0.559	-0.8222	-1.077	-1.381	-1.618	-1.845	-1.764	-1.271	-0.4741	0.04699	0.3577	0.719	0.8563	0.6824	0.3159	0.01048	-0.2006	-0.3244	-0.3381	-0.3162	-0.2724	-0.2363	-0.1593	-0.03364	0.005775	6.727
989	0.0777	0.06927	-0.01924	-0.1921	-0.381	-0.554	-0.8099	-1.064	-1.331	-1.538	-1.709	-1.6	-1.071	-0.3122	0.1791	0.4497	0.7685	0.8414	0.6216	0.2479	-0.05578	-0.2468	-0.3575	-0.3758	-0.3349	-0.2751	-0.2108	-0.1348	-0.01137	0.01916	5.964
988.1	0.116	0.096	-0.05641	-0.2079	-0.4021	-0.5228	-0.7955	-1.011	-1.249	-1.435	-1.578	-1.42	-0.8722	-0.1311	0.3185	0.5629	0.8185	0.8329	0.5557	0.1731	-0.1121	-0.2953	-0.3855	-0.3962	-0.3352	-0.2723	-0.23	-0.1253	0.02473	0.06903	5.157
990.4	0.1359	0.1049	-0.07852	-0.2168	-0.3583	-0.5374	-0.7633	-0.9515	-1.173	-1.346	-1.427	-1.241	-0.6818	0.01377	0.431	0.6614	0.8522	0.8047	0.4833	0.09214	-0.175	-0.351	-0.4375	-0.4272	-0.3548	-0.277	-0.2136	-0.1075	0.0341	0.09113	4.364
990.9	0.1328	0.1162	-0.07765	-0.2214	-0.3818	-0.5121	-0.7326	-0.9352	-1.113	-1.252	-1.287	-1.075	-0.5193	0.1427	0.5292	0.7205	0.8518	0.7311	0.4015	-0.00226	-0.2726	-0.429	-0.4869	-0.4551	-0.3887	-0.3058	-0.2218	-0.1019	0.06237	0.08366	3.547
989.9	0.1322	0.1034	-0.08268	-0.1982	-0.3417	-0.5177	-0.6955	-0.9031	-1.046	-1.158	-1.143	-0.875	-0.3279	0.2851	0.6314	0.7857	0.8535	0.6695	0.3182	-0.09915	-0.3637	-0.4919	-0.546	-0.4846	-0.3952	-0.3114	-0.2304	-0.1259	0.06845	0.1142	2.728
990.3	0.1284	0.0669	-0.07193	-0.2137	-0.3737	-0.4958	-0.6624	-0.8664	-0.964	-1.04	-0.979	-0.7162	-0.1489	0.4139	0.7374	0.8392	0.8476	0.5936	0.2065	-0.2228	-0.4436	-0.5617	-0.5816	-0.5133	-0.442	-0.3326	-0.2446	-0.1338	0.07013	0.1164	1.883
993.4	0.14	0.08715	-0.08814	-0.2131	-0.3443	-0.4444	-0.6293	-0.8189	-0.8816	-0.9303	-0.8313	-0.5568	0.005379	0.5289	0.7916	0.8479	0.8189	0.5065	0.08874	-0.3219	-0.5304	-0.6267	-0.6293	-0.5664	-0.4368	-0.3574	-0.2371	-0.1175	0.07846	0.119	1.048
998.7	0.1251	0.09196	-0.1032	-0.1895	-0.3016	-0.4065	-0.5867	-0.7348	-0.7862	-0.8262	-0.6933	-0.3852	0.1662	0.6139	0.819	0.8553	0.7666	0.4029	-0.03089	-0.4348	-0.6108	-0.683	-0.6792	-0.6002	-0.4706	-0.3344	-0.2584	-0.1122	0.09676	0.139	0.2205
1003	0.1194	0.07356	-0.1117	-0.2049	-0.3191	-0.4114	-0.5817	-0.6959	-0.7146	-0.7292	-0.5758	-0.2494	0.2799	0.6957	0.8369	0.8391	0.7054	0.281	-0.1691	-0.568	-0.7146	-0.7559	-0.7502	-0.6204	-0.4723	-0.3495	-0.2722	-0.1188	0.1048	0.1376	-0.6051
1005	0.1097	0.06146	-0.09609	-0.1907	-0.293	-0.3811	-0.5227	-0.6372	-0.6392	-0.6407	-0.4504	-0.1044	0.413	0.7382	0.8486	0.8336	0.634	0.1331	-0.3115	-0.689	-0.8129	-0.8474	-0.7964	-0.6603	-0.4895	-0.3655	-0.2815	-0.1225	0.1038	0.1257	-1.435
1002	0.09149	0.04585	-0.09799	-0.1735	-0.2832	-0.369	-0.4917	-0.5798	-0.5548	-0.5354	-0.3083	0.04731	0.5215	0.7879	0.8486	0.796	0.519	-0.01201	-0.4692	-0.8269	-0.9422	-0.9167	-0.8524	-0.6849	-0.547	-0.4004	-0.3017	-0.1071	0.0795	0.1349	-2.27
1000	0.08201	0.07225	-0.08019	-0.1552	-0.2579	-0.3308	-0.4391	-0.5041	-0.4643	-0.4334	-0.1804	0.1795	0.6141	0.8098	0.8161	0.7124	0.3904	-0.186	-0.6619	-0.9901	-1.059	-0.9977	-0.9198	-0.7109	-0.5703	-0.4108	-0.2962	-0.1104	0.08811	0.1424	-3.111
1003	0.06331	0.05178	-0.07425	-0.1555	-0.2458	-0.3059	-0.3945	-0.4683	-0.392	-0.3327	-0.06109	0.2868	0.6958	0.8097	0.7562	0.6145	0.257	-0.3825	-0.8328	-1.146	-1.163	-1.093	-0.9515	-0.7658	-0.6007	-0.4336	-0.2975	-0.1242	0.08361	0.1346	-3.947
1007	0.03293	0.0628	-0.0991	-0.1442	-0.2224	-0.2901	-0.3724	-0.4131	-0.3144	-0.2376	0.05072	0.3917	0.7517	0.8236	0.6741	0.5071	0.08851	-0.5683	-1.032	-1.31	-1.282	-1.157	-1.043	-0.8046	-0.6127	-0.4538	-0.3121	-0.13	0.08837	0.1181	-4.739
1005	0.05803	0.03371	-0.08954	-0.1275	-0.1927	-0.2922	-0.3382	-0.3509	-0.2375	-0.1492	0.155	0.5001	0.8052	0.7753	0.5546	0.3574	-0.101	-0.8283	-1.25	-1.49	-1.396	-1.237	-1.058	-0.8324	-0.613	-0.4742	-0.3179	-0.1318	0.1071	0.1271	-5.605
1003	0.03231	0.02327	-0.07994	-0.107	-0.1809	-0.2574	-0.2915	-0.2986	-0.1664	-0.06353	0.2547	0.5795	0.8502	0.746	0.4568	0.219	-0.2756	-1.054	-1.464	-1.647	-1.518	-1.315	-1.122	-0.8866	-0.6411	-0.4863	-0.3102	-0.1101	0.09462	0.1002	-6.4
1005	0.01753	0.002263	-0.07416	-0.07609	-0.146	-0.2127	-0.2504	-0.2275	-0.08819	0.02017	0.3527	0.6596	0.8449	0.6646	0.2895	0.01986	-0.5549	-1.322	-1.704	-1.838	-1.662	-1.432	-1.176	-0.8965	-0.6544	-0.5045	-0.3233	-0.117	0.07759	0.1001	-7.166
1009	-0.00163	0.0127	-0.0415	-0.09874	-0.1492	-0.1832	-0.1973	-0.177	-0.01888	0.1041	0.4618	0.7089	0.842	0.5993	0.1276	-0.1588	-0.7836	-1.564	-1.915	-2.002	-1.789	-1.471	-1.197	-0.9378	-0.6651	-0.4904	-0.3539	-0.09695	0.08736	0.09019	-7.929
1011	-0.01554	0.01118	-0.064	-0.09776	-0.1286	-0.1681	-0.1738	-0.1465	0.03065	0.1684	0.5167	0.7547	0.8281	0.5127	-0.04971	-0.3803	-1.018	-1.823	-2.137	-2.194	-1.903	-1.526	-1.271	-0.9627	-0.6881	-0.5109	-0.3212	-0.1045	0.05273	0.06018	-8.629
1010	-0.03169	0.01567	-0.05035	-0.07799	-0.1048	-0.1332	-0.1352	-0.1003	0.09026	0.2385	0.5759	0.7917	0.8	0.4059	-0.2514	-0.6036	-1.279	-2.104	-2.388	-2.38	-2.034	-1.568	-1.332	-1.004	-0.7097	-0.5063	-0.3246	-0.0953	0.0427	0.04061	-9.37
1006	-0.03992	-0.02318	-0.05217	-0.06986	-0.0977	-0.137	-0.1109	-0.05254	0.149	0.3058	0.6253	0.814	0.7733	0.2959	-0.4388	-0.8138	-1.492	-2.368	-2.606	-2.538	-2.181	-1.663	-1.387	-1.042	-0.7096	-0.5249	-0.3169	-0.1027	0.02936	0.02688	-10.1
1003	-0.03338	-0.02925	-0.06938	-0.03615	-0.06927	-0.1069	-0.09287	-0.001292	0.1942	0.3462	0.6782	0.8377	0.7195	0.1593	-0.6719	-1.064	-1.791	-2.647	-2.852	-2.722	-2.264	-1.766	-1.424	-1.065	-0.7293	-0.536	-0.2908	-0.0802	0.01335	0.02402	-10.78
1006	-0.06716	-0.05387	-0.0546	-0.0253	-0.06684	-0.09108	-0.05035	0.04219	0.2471	0.4065	0.7286	0.8479	0.6649	0.03421	-0.8719	-1.286	-2.039	-2.895	-3.059	-2.861	-2.304	-1.84	-1.457	-1.093	-0.7372	-0.5046	-0.2901	-0.09176	-0.023	-0.01185	-11.41
1008	-0.07141	-0.01865	-0.04072	-0.03138	-0.05617	-0.06467	-0.02791	0.05449	0.2708	0.439	0.7487	0.8428	0.588	-0.0857	-1.072	-1.499	-2.283	-3.137	-3.243	-3.028	-2.355	-1.891	-1.504	-1.097	-0.7459	-0.5154	-0.2894	-0.1025	-0.03053	-0.02422	-12
1007	-0.09571	-0.0209	-0.04237	-0.02449	-0.03592	-0.04015	0.02339	0.08941	0.3084	0.4787	0.7827	0.8365	0.5371	-0.2095	-1.282	-1.712	-2.506	-3.368	-3.45	-3.165	-2.44	-1.967	-1.531	-1.113	-0.724	-0.4843	-0.2665	-0.1206	-0.07439	-0.06291	-12.62
1005	-0.1233	-0.06142	-0.05223	-0.02995	-0.02999	-0.01808	0.01847	0.1107	0.342	0.5219	0.806	0.8296	0.4729	-0.3303	-1.443	-1.925	-2.726	-3.598	-3.632	-3.321	-2.494	-1.993	-1.565	-1.143	-0.7515	-0.5135	-0.2583	-0.1405	-0.08052	-0.0843	-13.19
1002	-0.1199	-0.07439	-0.05402	-0.01307	-0.03235	-0.01155	0.03518	0.1531	0.3783	0.5535	0.8085	0.8152	0.3799	-0.5058	-1.699	-2.165	-2.993	-3.839	-3.842	-3.461	-2.667	-2.052	-1.619	-1.131	-0.7081	-0.4804	-0.2748	-0.167	-0.1223	-0.111	-13.72
1001	-0.1251	-0.06613	-0.03936	0.01008	-0.01194	-0.001664	0.05849	0.182	0.4024	0.5738	0.8364	0.7952	0.304	-0.6395	-1.898	-2.367	-3.204	-4.067	-4.006	-3.56	-2.681	-2.103	-1.633	-1.136	-0.6947	-0.451	-0.2749	-0.1654	-0.1291	-0.1404	-14.21
1001	-0.1651	-0.08718	-0.05729	-0.002268	0.0001514	0.004928	0.07099	0.1976	0.4181	0.5896	0.8449	0.793	0.2417	-0.7648	-2.076	-2.572	-3.424	-4.265	-4.16	-3.689	-2.781	-2.134	-1.604	-1.128	-0.7053	-0.4601	-0.2809	-0.2048	-0.18	-0.1822	-14.64
1001	-0.1785	-0.08948	-0.05569	-0.005357	-0.0006049	0.009877	0.08852	0.2149	0.4473	0.6281	0.8555	0.7756	0.1802	-0.8644	-2.25	-2.739	-3.596	-4.429	-4.301	-3.779	-2.868	-2.152	-1.654	-1.097	-0.6442	-0.4189	-0.284	-0.2325	-0.2047	-0.1977	-15.05
997.6	-0.1998	-0.1184	-0.05505	-0.02396	-0.001366	0.01983	0.08964	0.203	0.4471	0.6369	0.8591	0.7487	0.1269	-0.9613	-2.371	-2.885	-3.756	-4.59	-4.42	-3.898	-2.948	-2.182	-1.602	-1.097	-0.6124	-0.4066	-0.2985	-0.2594	-0.248	-0.2293	-15.4
994.7	-0.2034	-0.1211	-0.07326	-0.004614	0.009286	0.03068	0.0941	0.2295	0.4631	0.6448	0.8514	0.7354	0.09911	-1.041	-2.493	-3.022	-3.885	-4.714	-4.533	-3.956	-2.976	-2.159	-1.644	-1.098	-0.575	-0.3911	-0.3175	-0.2784	-0.2786	-0.2359	-15.77
996.2	-0.2165	-0.1398	-0.08952	-0.01314	0.009271	0.02235	0.1082	0.2409	0.4824	0.6701	0.8645	0.7241	0.03344	-1.119	-2.611	-3.138	-3.986	-4.797	-4.6	-4.017	-2.997	-2.186	-1.631	-1.029	-0.5319	-0.3844	-0.3583	-0.2985	-0.2833	-0.2547	-16.06
998.7	-0.2226	-0.162	-0.0942	-0.02007	0.0138	0.0256	0.1163	0.2333	0.4811	0.6737	0.8759	0.7146	-0.001831	-1.204	-2.718	-3.231	-4.093	-4.901	-4.628	-4.016	-2.991	-2.167	-1.572	-0.9459	-0.5269	-0.4289	-0.3845	-0.3302	-0.3387	-0.2953	-16.26
997.1	-0.292	-0.1729	-0.09681	-0.008477	-0.002885	0.01571	0.1231	0.2564	0.4909	0.6733	0.8815	0.7227	-0.02845	-1.243	-2.754	-3.268	-4.122	-4.913	-4.653	-4.061	-2.984	-2.152	-1.534	-0.9025	-0.5548	-0.4659	-0.4084	-0.3623	-0.3708	-0.3238	-16.49
994	-0.2907	-0.1749	-0.09136	-0.03959	-0.01736	0.01908	0.1151	0.2501	0.4893	0.6754	0.8749	0.7055	-0.03647	-1.25	-2.756	-3.27	-4.154	-4.936	-4.649	-4.024	-2.984	-2.076	-1.465	-0.821	-0.558	-0.5076	-0.455	-0.45	-0.4001	-0.3522	-16.62
992.4	-0.2904	-0.2017	-0.1137	-0.05133	-0.01663	0.01329	0.1145	0.2363	0.4882	0.684	0.8831	0.6957	-0.04159	-1.242	-2.747	-3.278	-4.134	-4.914	-4.614	-4.03	-2.945	-2.075	-1.366	-0.7491	-0.5718	-0.5251	-0.4285	-0.4499	-0.4213	-0.3809	-16.72
992	-0.3084	-0.1942	-0.1302	-0.04435	-0.009768	0.03076	0.08679	0.2506	0.4993	0.6927	0.881	0.7077	-0.03799	-1.226	-2.759	-3.257	-4.121	-4.856	-4.598	-3.97	-2.891	-1.987	-1.304	-0.7368	-0.5788	-0.5322	-0.5027	-0.4676	-0.4215	-0.3477	-16.84
993.9	-0.3242	-0.2294	-0.1431	-0.06059	-0.03336	-0.005827	0.09837	0.2423	0.4893	0.6815	0.8784	0.7157	-0.003283	-1.209	-2.711	-3.2	-4.049	-4.812	-4.53	-3.889	-2.838	-1.95	-1.261	-0.6785	-0.5672	-0.5425	-0.5184	-0.477	-0.4548	-0.3663	-16.93
995.5	-0.3334	-0.2359	-0.1412	-0.06126	-0.02342	-0.004989	0.1024	0.238	0.4847	0.6767	0.8779	0.7394	0.02842	-1.156	-2.63	-3.119	-3.961	-4.722	-4.445	-3.852	-2.72	-1.884	-1.174	-0.656	-0.5821	-0.5227	-0.5484	-0.542	-0.4183	-0.3959	-16.97
990.9	-0.3536	-0.2598	-0.1476	-0.06077	-0.04263	-0.01084	0.07342	0.2422	0.4794	0.6639	0.8717	0.7529	0.06547	-1.108	-2.551	-3.035	-3.889	-4.637	-4.395	-3.776	-2.747	-1.827	-1.115	-0.662	-0.5863	-0.5556	-0.5396	-0.4752	-0.4305	-0.4319	-16.96
988.7	-0.3949	-0.2763	-0.1537	-0.07966	-0.05345	-0.02088	0.08539	0.2199	0.4666	0.6585	0.8651	0.7437	0.07214	-1.08	-2.511	-3.001	-3.843	-4.578	-4.324	-3.713	-2.67	-1.745	-1.031	-0.63	-0.5959	-0.6111	-0.5552	-0.5545	-0.4761	-0.4247	-16.96
991.3	-0.4021	-0.2832	-0.1739	-0.09894	-0.05102	-0.02499	0.06751	0.209	0.4592	0.6538	0.8859	0.755	0.1081	-1.009	-2.401	-2.904	-3.735	-4.468	-4.215	-3.612	-2.576	-1.635	-0.9566	-0.5795	-0.5974	-0.6293	-0.5939	-0.5475	-0.5289	-0.4748	-16.9
994.3	-0.4112	-0.2786	-0.1873	-0.1002	-0.0737	-0.01993	0.05724	0.2013	0.4526	0.648	0.8806	0.7597	0.1576	-0.925	-2.296	-2.773	-3.586	-4.32	-4.109	-3.53	-2.512	-1.599	-0.9431	-0.6338	-0.634	-0.575	-0.5566	-0.5498	-0.5025	-0.4555	-16.88
993.8	-0.4375	-0.3045	-0.2186	-0.1142	-0.08136	-0.06146	0.04636	0.1794	0.4347	0.6333	0.8641	0.7756	0.1771	-0.8659	-2.212	-2.666	-3.477	-4.212	-4.011	-3.511	-2.466	-1.545	-0.9331	-0.5728	-0.5529	-0.6094	-0.535	-0.5485	-0.5122	-0.4528	-16.8
991.4	-0.4147	-0.3075	-0.2101	-0.1293	-0.09759	-0.08907	0.0204	0.1657	0.413	0.6053	0.8457	0.7893	0.2159	-0.8323	-2.12	-2.579	-3.382	-4.112	-3.905	-3.381	-2.371	-1.467	-0.8703	-0.5616	-0.5913	-0.5348	-0.5545	-0.5299	-0.4714	-0.4643	-16.58
988.1	-0.3876	-0.307	-0.2125	-0.1094	-0.104	-0.09688	0.003593	0.1536	0.3952	0.5831	0.8503	0.8114	0.2841	-0.7206	-1.985	-2.426	-3.239	-3.974	-3.818	-3.278	-2.329	-1.468	-0.8292	-0.5457	-0.5371	-0.5649	-0.5526	-0.491	-0.412	-0.4049	-16.32
988.3	-0.4003	-0.3122	-0.2256	-0.1594	-0.1362	-0.1027	-0.01919	0.1149	0.3696	0.5677	0.8492	0.8019	0.3334	-0.6278	-1.81	-2.278	-3.074	-3.813	-3.679	-3.193	-2.285	-1.479	-0.8363	-0.5151	-0.4816	-0.5235	-0.5099	-0.5428	-0.4523	-0.3951	-15.99
992.5	-0.4299	-0.2965	-0.2312	-0.1689	-0.1417	-0.1164	-0.03591	0.08446	0.3354	0.5306	0.8294	0.8171	0.3891	-0.5181	-1.671	-2.119	-2.912	-3.663	-3.574	-3.102	-2.269	-1.432	-0.8287	-0.4788	-0.4848	-0.4604	-0.4919	-0.4482	-0.4366	-0.429	-15.63
992	-0.4018	-0.3027	-0.2305	-0.1612	-0.1571	-0.1115	-0.03508	0.08529	0.3482	0.5528	0.8384	0.8324	0.4276	-0.4222	-1.559	-1.993	-2.761	-3.525	-3.466	-3.042	-2.251	-1.465	-0.8527	-0.4865	-0.4579	-0.482	-0.4612	-0.435	-0.3949	-0.3677	-15.25
989.7	-0.366	-0.3004	-0.2294	-0.1795	-0.1635	-0.1392	-0.06718	0.05551	0.3168	0.52	0.8062	0.8406	0.4649	-0.3851	-1.481	-1.931	-2.699	-3.479	-3.432	-3.019	-2.234	-1.495	-0.9109	-0.4795	-0.4529	-0.4854	-0.466	-0.4392	-0.3873	-0.3649	-14.9
989.7	-0.3578	-0.3095	-0.2319	-0.1584	-0.1727	-0.1501	-0.0874	0.05866	0.3036	0.4942	0.7943	0.8492	0.5069	-0.3213	-1.377	-1.818	-2.583	-3.385	-3.363	-2.963	-2.234	-1.539	-0.9492	-0.4505	-0.4248	-0.4114	-0.4433	-0.4703	-0.3847	-0.353	-14.49
992.3	-0.3703	-0.2943	-0.2346	-0.1681	-0.1723	-0.163	-0.09473	0.02939	0.2735	0.4634	0.7896	0.8492	0.5424	-0.2336	-1.223	-1.659	-2.435	-3.228	-3.232	-2.87	-2.15	-1.528	-0.9613	-0.456	-0.3844	-0.3913	-0.3885	-0.3649	-0.3426	-0.3335	-13.98
995.7	-0.3266	-0.2631	-0.2231	-0.1683	-0.1846	-0.1724	-0.1354	-0.002871	0.2416	0.4317	0.7589	0.8463	0.5794	-0.1463	-1.105	-1.528	-2.285	-3.077	-3.114	-2.822	-2.036	-1.524	-1.019	-0.4647	-0.3552	-0.3748	-0.3736	-0.3589	-0.338	-0.3095	-13.44
995.8	-0.34	-0.2517	-0.2264	-0.1722	-0.1808	-0.1641	-0.1162	-0.01934	0.228	0.4203	0.7452	0.847	0.6168	-0.04581	-0.9824	-1.388	-2.128	-2.928	-3.012	-2.748	-2.11	-1.523	-1.022	-0.4994	-0.3491	-0.33	-0.3254	-0.3343	-0.3132	-0.3154	-12.87
992.1	-0.2689	-0.2215	-0.2231	-0.1798	-0.1906	-0.1963	-0.1527	-0.05405	0.1928	0.3849	0.7216	0.8479	0.6734	0.03624	-0.8297	-1.26	-1.994	-2.799	-2.919	-2.707	-2.078	-1.518	-1.082	-0.5642	-0.3179	-0.3191	-0.3183	-0.2926	-0.2528	-0.2602	-12.33
989.6	-0.2583	-0.2274	-0.2121	-0.1811	-0.2125	-0.2126	-0.1624	-0.07392	0.1664	0.3533	0.6936	0.8594	0.7077	0.08299	-0.7518	-1.148	-1.873	-2.709	-2.846	-2.65	-2.024	-1.554	-1.12	-0.6332	-0.3059	-0.2795	-0.3009	-0.2694	-0.2242	-0.2156	-11.78
990.2	-0.2425	-0.2166	-0.2021	-0.1802	-0.2124	-0.2183	-0.1825	-0.09201	0.1379	0.3167	0.6693	0.8386	0.7493	0.1544	-0.6358	-1.026	-1.726	-2.569	-2.744	-2.58	-2.078	-1.53	-1.15	-0.6766	-0.2974	-0.245	-0.2931	-0.2183	-0.2044	-0.2117	-11.19
994.8	-0.2242	-0.1944	-0.202	-0.1832	-0.2107	-0.2273	-0.1984	-0.1167	0.1016	0.2715	0.6348	0.8324	0.7595	0.2489	-0.4969	-0.8665	-1.594	-2.419	-2.618	-2.495	-2.019	-1.544	-1.148	-0.7274	-0.3608	-0.2416	-0.2285	-0.1951	-0.1752	-0.1694	-10.54
998.5	-0.19	-0.1575	-0.1473	-0.1539	-0.2152	-0.2364	-0.191	-0.1311	0.07659	0.2382	0.6189	0.837	0.7941	0.3319	-0.3658	-0.7179	-1.417	-2.238	-2.48	-2.401	-2.007	-1.506	-1.183	-0.7534	-0.4046	-0.2339	-0.1826	-0.1462	-0.1414	-0.1555	-9.821
997.4	-0.1672	-0.12	-0.1802	-0.1766	-0.2245	-0.2589	-0.2405	-0.1775	0.03574	0.2016	0.5509	0.7961	0.8229	0.4179	-0.2183	-0.5676	-1.241	-2.058	-2.331	-2.311	-1.956	-1.475	-1.17	-0.8042	-0.4396	-0.2493	-0.1384	-0.125	-0.0828	-0.1004	-9.114
995.2	-0.1356	-0.1021	-0.1732	-0.1909	-0.2167	-0.2504	-0.267	-0.21	-0.009635	0.1462	0.5131	0.7707	0.8399	0.4668	-0.103	-0.4336	-1.08	-1.889	-2.197	-2.208	-1.877	-1.432	-1.17	-0.8356	-0.4798	-0.2749	-0.1538	-0.0967	-0.06848	-0.04522	-8.373
993.8	-0.09107	-0.1113	-0.1661	-0.1788	-0.2276	-0.2748	-0.2867	-0.2339	-0.04077	0.1095	0.4637	0.7406	0.862	0.5526	0.02209	-0.2875	-0.8966	-1.702	-2.048	-2.1	-1.788	-1.402	-1.155	-0.839	-0.5219	-0.3315	-0.1532	-0.04921	0.006637	-0.012	-7.643
995.1	-0.07309	-0.07487	-0.147	-0.1708	-0.2441	-0.2803	-0.3031	-0.2831	-0.1009	0.04072	0.4096	0.6939	0.8595	0.5983	0.1533	-0.1314	-0.7251	-1.538	-1.888	-1.978	-1.721	-1.402	-1.138	-0.8268	-0.5431	-0.3788	-0.1885	-0.03647	0.001508	0.0005779	-6.916
994.1	-0.04337	-0.04996	-0.1332	-0.1795	-0.255	-0.3071	-0.3151	-0.2975	-0.1323	-0.003758	0.3573	0.679	0.8668	0.6755	0.2817	0.008081	-0.5726	-1.36	-1.733	-1.856	-1.652	-1.377	-1.083	-0.818	-0.5701	-0.3967	-0.2052	-0.01111	0.04252	0.03163	-6.14
992.1	-0.01061	-0.01212	-0.1351	-0.1775	-0.2463	-0.3319	-0.3343	-0.3524	-0.1916	-0.06652	0.2942	0.6071	0.8548	0.7203	0.3884	0.1197	-0.4093	-1.178	-1.57	-1.722	-1.564	-1.357	-1.069	-0.8263	-0.5637	-0.4051	-0.2208	-0.03021	0.08969	0.0806	-5.327
994.1	0.02516	0.009858	-0.0971	-0.1795	-0.2854	-0.3237	-0.3764	-0.3823	-0.2458	-0.1396	0.2018	0.5538	0.843	0.7506	0.5051	0.2683	-0.2316	-0.9856	-1.399	-1.598	-1.465	-1.274	-1.046	-0.798	-0.5489	-0.3951	-0.2369	-0.04523	0.09208	0.1011	-4.561
998.7	0.03617	0.01057	-0.135	-0.1903	-0.2841	-0.3131	-0.4156	-0.4283	-0.2921	-0.1863	0.14	0.4801	0.8197	0.805	0.6043	0.3829	-0.08834	-0.7671	-1.218	-1.438	-1.356	-1.154	-0.9713	-0.7517	-0.5397	-0.3744	-0.2501	-0.04739	0.09676	0.1412	-3.725
1003	0.07148	0.02854	-0.1361	-0.1849	-0.2906	-0.3407	-0.4472	-0.4842	-0.3701	-0.2813	0.02229	0.3803	0.7607	0.8149	0.651	0.4905	0.08107	-0.5845	-1.039	-1.3	-1.237	-1.112	-0.9128	-0.7356	-0.5121	-0.3609	-0.2499	-0.06845	0.1235	0.1509	-2.885
1003	0.06039	0.0413	-0.1272	-0.1934	-0.3056	-0.3966	-0.4721	-0.5099	-0.4162	-0.3434	-0.06197	0.3217	0.7142	0.8194	0.7352	0.6051	0.229	-0.4131	-0.8642	-1.148	-1.143	-1.039	-0.9368	-0.6901	-0.5016	-0.3774	-0.2558	-0.08968	0.1175	0.1362	-2.054
999.7	0.0939	0.03766	-0.1161	-0.221	-0.3247	-0.4102	-0.5027	-0.5801	-0.5066	-0.4494	-0.1779	0.1804	0.6288	0.8095	0.7989	0.6847	0.3757	-0.2304	-0.68	-0.9866	-1.019	-0.9625	-0.8429	-0.6414	-0.5016	-0.374	-0.2536	-0.07338	0.14	0.1513	-1.219
997.3	0.09636	0.06266	-0.1115	-0.2293	-0.343	-0.4302	-0.5415	-0.6191	-0.581	-0.5513	-0.2944	0.0638	0.5311	0.7837	0.8278	0.7574	0.4899	-0.04957	-0.5076	-0.8516	-0.9227	-0.8894	-0.794	-0.6342	-0.4644	-0.3469	-0.2317	-0.09729	0.09434	0.1355	-0.4019
