11001	12	1	88	22.7	747	1	0	5.4	0.664	128	4096	10	0	0	0	0	84.991	274.66	7.7785e+005	0.062773	0.053011	21.643	0	0	1	0	0	0	7	0	0
274.08	0.16493	0.10434	0.0073215	-0.12037	-0.26682	-0.37685	-0.46786	-0.56173	-0.59172	-0.61495	-0.43841	-0.10865	0.38202	0.77682	0.92306	0.84915	0.66943	0.27654	-0.12914	-0.48233	-0.65201	-0.74081	-0.60239	-0.56152	-0.37938	-0.25964	-0.067186	-0.00086076	0.10486	0.19481	0.58
273.99	0.12713	0.090648	-0.034359	-0.12322	-0.30843	-0.41919	-0.51369	-0.62466	-0.62699	-0.62889	-0.46322	-0.14255	0.31941	0.71537	0.90384	0.85464	0.72128	0.29892	-0.07161	-0.5384	-0.64948	-0.63227	-0.56733	-0.50545	-0.36038	-0.26524	-0.17391	-0.061316	0.1266	0.16546	0.8642
273.99	0.13251	0.11815	0.051981	-0.22195	-0.30843	-0.4402	-0.53196	-0.68738	-0.66986	-0.65624	-0.50641	-0.16229	0.27749	0.71537	0.91503	0.83922	0.70407	0.3212	-0.076415	-0.45604	-0.58549	-0.5725	-0.57905	-0.51886	-0.38772	-0.29554	-0.1247	-0.041169	0.15141	0.20833	1.072
273.13	0.15194	0.082655	-0.0016123	-0.15754	-0.33704	-0.3419	-0.56099	-0.66373	-0.66996	-0.67471	-0.52963	-0.26186	0.25468	0.72878	0.80248	0.88547	0.74926	0.42827	-0.062203	-0.40145	-0.55656	-0.53608	-0.58971	-0.4855	-0.37801	-0.20527	-0.18267	-0.0066384	0.14877	0.1794	1.341
271.52	0.18013	0.18299	0.034433	-0.1813	-0.3363	-0.42911	-0.55529	-0.67651	-0.68401	-0.68992	-0.67281	-0.2947	0.23251	0.67661	0.87248	0.8728	0.83774	0.44495	0.014909	-0.36534	-0.50662	-0.59975	-0.57546	-0.47219	-0.325	-0.2343	-0.14518	-0.041539	0.11837	0.17232	1.608
270.1	0.20305	0.15046	-0.037885	-0.17654	-0.29892	-0.35499	-0.52742	-0.68876	-0.73057	-0.76309	-0.7046	-0.33926	0.20991	0.68591	0.83458	0.86974	0.78991	0.46998	0.049067	-0.32553	-0.49532	-0.57261	-0.54273	-0.4421	-0.21846	-0.17127	-0.15152	-0.015479	0.16936	0.23863	1.871
270.67	0.13146	0.13906	-0.031772	-0.14476	-0.3401	-0.37558	-0.57852	-0.69298	-0.72983	-0.75855	-0.72793	-0.38128	0.1511	0.65877	0.83542	0.89107	0.84313	0.43788	0.090247	-0.29491	-0.42658	-0.56026	-0.5385	-0.45467	-0.29005	-0.27685	-0.12343	-0.021276	0.16271	0.13484	2.104
268.3	0.16567	0.078558	0.010521	-0.17475	-0.32342	-0.40346	-0.61474	-0.76605	-0.80807	-0.84081	-0.78484	-0.39047	0.13104	0.52985	0.82286	0.86499	0.84197	0.50155	0.11309	-0.2645	-0.43893	-0.55973	-0.5403	-0.43408	-0.31772	-0.29343	-0.16926	-0.044981	0.065983	0.17443	2.345
268.12	0.15754	0.11235	-0.004686	-0.14033	-0.29829	-0.4685	-0.64325	-0.73469	-0.83563	-0.91419	-0.85168	-0.45424	0.0080902	0.5762	0.82634	0.92844	0.83669	0.55888	0.21625	-0.18658	-0.43355	-0.51295	-0.50165	-0.39606	-0.35436	-0.22322	-0.13019	-0.030304	0.10088	0.18003	2.614
266.5	0.18351	0.11298	-0.013896	-0.23399	-0.31993	-0.53006	-0.60006	-0.71843	-0.83468	-0.92517	-0.85981	-0.50619	-0.051063	0.54209	0.79371	0.86551	0.83278	0.58792	0.2249	-0.13019	-0.38751	-0.51031	-0.51369	-0.40388	-0.33398	-0.23018	-0.11974	-0.03344	0.11425	0.17285	2.801
266.6	0.16398	0.10728	0.028942	-0.14402	-0.38508	-0.4308	-0.63427	-0.75327	-0.86879	-0.95854	-0.88484	-0.57261	-0.069879	0.53322	0.80786	0.92823	0.85305	0.66215	0.24201	-0.13927	-0.39015	-0.47378	-0.42584	-0.38994	-0.32257	-0.24708	-0.088758	-0.012723	0.10781	0.20579	3.019
267.55	0.14128	0.1266	-0.0016461	-0.12618	-0.34411	-0.46934	-0.64758	-0.83236	-0.91408	-0.97765	-0.93858	-0.57641	-0.13399	0.48814	0.76478	0.88568	0.8823	0.67408	0.30019	-0.14782	-0.34612	-0.43872	-0.45446	-0.38582	-0.3382	-0.20959	-0.096857	-0.074588	0.16145	0.13642	3.199
268.21	0.19618	0.12354	0.05007	-0.19502	-0.35457	-0.41592	-0.62118	-0.81589	-0.90247	-0.96973	-0.9521	-0.68464	-0.1417	0.444	0.72297	0.84704	0.8803	0.72086	0.31423	-0.10537	-0.29977	-0.42383	-0.43239	-0.41233	-0.30389	-0.16398	-0.15817	-0.050883	0.062836	0.18541	3.396
268.49	0.16556	0.14582	0.016588	-0.189	-0.33166	-0.47388	-0.60503	-0.86435	-0.956	-1.0273	-1.0045	-0.73268	-0.18161	0.42911	0.71632	0.8199	0.87924	0.68876	0.30399	-0.072223	-0.2682	-0.37621	-0.41085	-0.38994	-0.28678	-0.21445	-0.21656	-0.027316	0.12291	0.15511	3.588
267.36	0.22163	0.19703	-0.0077502	-0.22163	-0.35573	-0.47895	-0.65127	-0.84471	-0.9389	-1.0121	-1.0907	-0.73585	-0.26281	0.43957	0.68496	0.82349	0.91535	0.75169	0.33239	-0.042383	-0.28931	-0.42795	-0.38857	-0.37516	-0.29924	-0.22945	-0.13061	-0.036291	0.10749	0.16958	3.737
267.74	0.1965	0.13769	0.050144	-0.18383	-0.3099	-0.41972	-0.6782	-0.84345	-0.98156	-1.0886	-1.0928	-0.7953	-0.26239	0.41021	0.69541	0.83004	0.89635	0.75053	0.33926	-0.0062002	-0.24623	-0.37167	-0.39997	-0.37452	-0.29037	-0.20379	-0.15838	-0.0067735	0.1454	0.16651	3.908
266.41	0.19186	0.10738	-0.013906	-0.18763	-0.30864	-0.50545	-0.69425	-0.85654	-1.0046	-1.1203	-1.1393	-0.81969	-0.30146	0.31413	0.6499	0.77376	1.001	0.77439	0.37547	0.081504	-0.21889	-0.40145	-0.39892	-0.30748	-0.2947	-0.20474	-0.17327	-0.0038466	0.1047	0.15638	4.109
264.52	0.20168	0.10527	0.0014191	-0.11594	-0.29079	-0.47473	-0.69288	-0.84186	-1.0027	-1.1277	-1.1541	-0.86055	-0.34697	0.325	0.64578	0.85876	0.85686	0.75391	0.408	0.091218	-0.22036	-0.32543	-0.35309	-0.32638	-0.30811	-0.20336	-0.17454	-0.039659	0.099021	0.17412	4.242
263.1	0.13241	0.13156	-0.045087	-0.16947	-0.36154	-0.45541	-0.67767	-0.90891	-1.0531	-1.1657	-1.2048	-0.87713	-0.42521	0.26545	0.60851	0.75422	0.89138	0.76394	0.4402	0.082528	-0.15786	-0.37537	-0.37642	-0.3477	-0.29554	-0.19302	-0.11277	0.017095	0.09957	0.14149	4.367
264.33	0.1682	0.091123	0.041539	-0.19207	-0.39131	-0.47505	-0.70597	-0.8898	-1.0497	-1.1742	-1.228	-0.93436	-0.41782	0.26123	0.62878	0.76658	0.89307	0.7689	0.47293	0.054706	-0.1889	-0.27221	-0.38382	-0.35446	-0.29977	-0.19217	-0.10939	-0.018795	0.079815	0.14371	4.445
264.14	0.15427	0.12544	0.013779	-0.23314	-0.36576	-0.51612	-0.7065	-0.94671	-1.0907	-1.2037	-1.2576	-0.9994	-0.45614	0.26725	0.60608	0.78041	0.89085	0.80997	0.49574	0.094418	-0.16884	-0.3344	-0.3872	-0.35752	-0.26313	-0.14086	-0.16345	-0.015828	0.10886	0.18277	4.596
262.34	0.15247	0.1492	0.0076499	-0.20822	-0.33366	-0.5384	-0.64135	-0.90849	-1.0823	-1.2174	-1.2048	-0.97374	-0.49479	0.25151	0.57208	0.7349	0.90585	0.77186	0.46649	0.095051	-0.16704	-0.27136	-0.32215	-0.33746	-0.26492	-0.1303	-0.15025	-0.024951	0.096603	0.17	4.698
260.92	0.18742	0.13273	0.013948	-0.21825	-0.35288	-0.51612	-0.67049	-0.93742	-1.1055	-1.2354	-1.2671	-1.0559	-0.49479	0.19977	0.5988	0.75243	0.86277	0.84925	0.52457	0.12343	-0.19713	-0.31001	-0.3703	-0.34496	-0.20315	-0.11942	-0.10221	0.014212	0.13294	0.20748	4.745
261.58	0.17274	0.16979	0.054442	-0.19988	-0.38952	-0.47367	-0.75475	-0.96772	-1.115	-1.2291	-1.3568	-1.0833	-0.53449	0.23156	0.57367	0.79055	0.8993	0.80902	0.51813	0.12301	-0.10633	-0.27495	-0.29533	-0.31592	-0.28572	-0.17391	-0.16789	-0.040103	0.11636	0.18732	4.868
261.39	0.20125	0.17855	0.013917	-0.2474	-0.36671	-0.5404	-0.70745	-0.95653	-1.1023	-1.2153	-1.3811	-1.0865	-0.61178	0.1493	0.53006	0.72687	0.92105	0.86805	0.47578	0.15089	-0.094745	-0.26672	-0.34496	-0.35277	-0.24581	-0.25774	-0.13927	-0.015986	0.10675	0.16778	4.938
261.49	0.1643	0.10939	-0.042236	-0.18225	-0.35499	-0.51179	-0.71357	-0.89941	-1.1097	-1.2723	-1.3832	-1.1245	-0.5649	0.16398	0.49162	0.72656	0.91767	0.83848	0.50324	0.1323	-0.10928	-0.28361	-0.3325	-0.29924	-0.25141	-0.22596	-0.13642	-0.034084	0.14561	0.20706	5.004
262.15	0.20347	0.1436	-0.011013	-0.20537	-0.36565	-0.55772	-0.70555	-0.939	-1.1488	-1.3125	-1.38	-1.0802	-0.61273	0.14603	0.4817	0.69002	0.92148	0.79868	0.5196	0.16894	-0.11773	-0.29998	-0.29787	-0.30969	-0.23082	-0.21963	-0.11319	-0.021963	0.093446	0.14202	5.092
260.73	0.18478	0.11551	-0.0016894	-0.17697	-0.33282	-0.47536	-0.72867	-0.99211	-1.1551	-1.2829	-1.3748	-1.0897	-0.55572	0.10844	0.5138	0.76922	0.87554	0.84112	0.55529	0.21002	-0.15057	-0.26746	-0.29333	-0.30864	-0.2608	-0.19196	-0.10228	0.035404	0.12977	0.12027	5.105
261.86	0.21783	0.14951	0.01701	-0.16725	-0.37188	-0.51749	-0.71589	-0.99676	-1.1773	-1.3167	-1.3917	-1.1467	-0.67102	0.11383	0.47346	0.70428	0.91957	0.85495	0.59552	0.22448	-0.10918	-0.27474	-0.34126	-0.28488	-0.2683	-0.18816	-0.087523	-0.0099391	0.10981	0.15342	5.119
260.44	0.16504	0.060682	0.045287	-0.26017	-0.36513	-0.50113	-0.71959	-0.98092	-1.1773	-1.3294	-1.4413	-1.1235	-0.63047	0.11742	0.47589	0.71864	0.8672	0.88874	0.49004	0.19164	-0.1361	-0.27622	-0.31518	-0.26936	-0.26397	-0.20653	-0.11393	-0.031191	0.094048	0.17686	5.15
260.82	0.16768	0.11837	0.026461	-0.20653	-0.41982	-0.529	-0.72191	-0.96783	-1.1699	-1.3283	-1.4128	-1.172	-0.66268	0.1379	0.50482	0.70174	0.88114	0.86425	0.55001	0.18214	-0.089128	-0.29871	-0.36734	-0.36481	-0.25785	-0.13399	-0.093626	-0.05837	0.10045	0.11742	5.163
259.59	0.15131	0.15659	0.020305	-0.21044	-0.40145	-0.5347	-0.73184	-1.0115	-1.1847	-1.3199	-1.4529	-1.1837	-0.6687	0.12671	0.49838	0.68348	0.89444	0.85073	0.57546	0.18922	-0.1013	-0.27432	-0.31011	-0.33546	-0.25331	-0.21023	-0.13452	-0.049542	0.11731	0.13779	5.168
259.97	0.1682	0.19112	0.064209	-0.20717	-0.36291	-0.49891	-0.7179	-1.0399	-1.2259	-1.3695	-1.4244	-1.2143	-0.65381	0.076193	0.48571	0.72825	0.93225	0.92285	0.53914	0.16409	-0.11287	-0.2682	-0.32828	-0.31518	-0.24138	-0.17211	-0.14877	0.0051612	0.055022	0.16303	5.16
259.31	0.13431	0.12766	0.048634	-0.24043	-0.35795	-0.4874	-0.74208	-1.0214	-1.2196	-1.3727	-1.454	-1.1963	-0.67471	0.091208	0.47209	0.68137	0.90426	0.85443	0.54547	0.19249	-0.083753	-0.20558	-0.29491	-0.29892	-0.27664	-0.21033	-0.16641	-0.079994	0.10428	0.18615	5.173
260.35	0.18784	0.13589	0.042172	-0.19196	-0.36819	-0.54252	-0.73268	-0.9333	-1.1372	-1.2956	-1.454	-1.1773	-0.6555	0.093805	0.51147	0.71357	0.90067	0.8803	0.58876	0.14529	-0.11266	-0.22765	-0.32152	-0.3288	-0.24676	-0.15152	-0.1341	-0.02211	0.10387	0.18256	5.124
259.31	0.16863	0.11319	0.032902	-0.16599	-0.42806	-0.51601	-0.7292	-1.0335	-1.2016	-1.3325	-1.454	-1.2111	-0.66363	0.064504	0.45139	0.71642	0.87702	0.84851	0.54294	0.17391	-0.10139	-0.28319	-0.31972	-0.28192	-0.29977	-0.22786	-0.11435	0.0021318	0.042056	0.14075	5.171
260.63	0.19333	0.12998	-0.0079519	-0.17105	-0.36787	-0.52626	-0.73849	-0.98958	-1.1826	-1.3315	-1.4181	-1.1646	-0.67978	0.096677	0.49637	0.68073	0.86678	0.84154	0.55804	0.18541	-0.1009	-0.22469	-0.34602	-0.29185	-0.19186	-0.21804	-0.16567	-0.0221	0.094006	0.13441	5.129
261.01	0.15617	0.14128	0.054579	-0.17676	-0.40789	-0.52541	-0.71178	-1.0029	-1.1414	-1.2491	-1.4255	-1.1689	-0.61822	0.12597	0.51327	0.72265	0.94059	0.84313	0.54706	0.17274	-0.0803	-0.31561	-0.31149	-0.30262	-0.22892	-0.22058	-0.11657	0.020252	0.048296	0.1511	5.059
259.69	0.17127	0.13917	-0.020548	-0.2342	-0.37505	-0.48054	-0.72519	-1.0142	-1.2069	-1.3568	-1.4033	-1.133	-0.60766	0.088135	0.55434	0.71558	0.90321	0.85633	0.56004	0.14571	-0.0954	-0.26566	-0.37833	-0.29005	-0.26767	-0.21308	-0.13737	-0.043439	0.1172	0.16894	4.964
259.97	0.19376	0.11583	0.045382	-0.15659	-0.34549	-0.49891	-0.7179	-0.8898	-1.1108	-1.2829	-1.4043	-1.1467	-0.59309	0.15912	0.52119	0.76056	0.92623	0.82	0.54674	0.223	-0.086488	-0.26239	-0.31898	-0.30103	-0.25289	-0.2041	-0.13716	-0.01304	0.10728	0.14603	4.844
258.17	0.18362	0.14867	-0.0048655	-0.16366	-0.41233	-0.49278	-0.70016	-0.8747	-1.1161	-1.304	-1.3853	-1.1034	-0.64441	0.14529	0.56342	0.72783	0.8992	0.87892	0.58866	0.12153	-0.13727	-0.2815	-0.33049	-0.3401	-0.29818	-0.19956	-0.15268	-0.040631	0.094882	0.16704	4.726
259.69	0.1341	0.13917	0.036006	-0.18953	-0.36914	-0.52182	-0.71874	-0.94502	-1.115	-1.247	-1.3674	-1.0823	-0.56617	0.17707	0.55139	0.72635	0.89708	0.83574	0.48655	0.11161	-0.15997	-0.28287	-0.34105	-0.3042	-0.28213	-0.17528	-0.12576	-0.040409	0.077988	0.18309	4.615
259.88	0.23092	0.11002	0.0014445	-0.14476	-0.36597	-0.5309	-0.74377	-0.92623	-1.1097	-1.2523	-1.3463	-1.0876	-0.52436	0.22723	0.62783	0.81758	0.92053	0.83215	0.47864	0.09597	-0.20379	-0.29977	-0.32838	-0.36333	-0.33672	-0.21867	-0.18341	-0.046438	0.11066	0.20558	4.456
260.92	0.12787	0.1644	0.042088	-0.17676	-0.33546	-0.49711	-0.68337	-0.95241	-1.1087	-1.2301	-1.3061	-1.0444	-0.46449	0.24697	0.5988	0.71758	0.89582	0.82592	0.47673	0.11108	-0.16799	-0.31571	-0.37653	-0.30843	-0.32099	-0.27274	-0.11087	-0.0039279	0.13621	0.16525	4.327
260.16	0.19365	0.16778	0.06102	-0.18615	-0.33641	-0.49226	-0.69805	-0.94006	-1.0918	-1.2101	-1.3294	-0.97311	-0.42172	0.22702	0.62414	0.80575	0.90437	0.86045	0.50081	0.04628	-0.12745	-0.34243	-0.38065	-0.3911	-0.22966	-0.23293	-0.12269	-0.037294	0.10069	0.15722	4.142
259.4	0.18848	0.14508	0.054906	-0.14497	-0.36946	-0.54125	-0.68073	-0.93372	-1.0472	-1.1351	-1.1826	-0.92813	-0.39247	0.28097	0.58739	0.80807	0.90997	0.78051	0.43376	0.071262	-0.19534	-0.35774	-0.39416	-0.32997	-0.29681	-0.18415	-0.13167	0.014297	0.11731	0.1322	3.945
259.78	0.1455	0.15363	0.035995	-0.20136	-0.31075	-0.45805	-0.73765	-0.88452	-1.033	-1.1488	-1.2037	-0.90617	-0.3948	0.28657	0.67545	0.81789	0.94808	0.78833	0.41549	0.046354	-0.28604	-0.40029	-0.41845	-0.37759	-0.33113	-0.21297	-0.14592	-0.046459	0.12048	0.19428	3.731
260.92	0.22712	0.10386	-0.0079424	-0.18869	-0.34126	-0.49711	-0.6801	-0.85369	-1.0393	-1.1837	-1.1541	-0.88146	-0.38751	0.36492	0.71072	0.80617	0.92591	0.78495	0.39606	0.012174	-0.20886	-0.40145	-0.41665	-0.376	-0.32384	-0.1946	-0.14529	-0.034169	0.090638	0.1794	3.563
261.86	0.20938	0.15522	-0.014149	-0.15258	-0.31117	-0.49226	-0.614	-0.84461	-1.0008	-1.1224	-1.1235	-0.80153	-0.30674	0.37833	0.70227	0.85147	0.9106	0.73258	0.36449	-0.012502	-0.30705	-0.40282	-0.42753	-0.34654	-0.31413	-0.26598	-0.2021	-0.070196	0.13568	0.15068	3.363
263.28	0.16324	0.14582	0.016915	-0.14582	-0.34105	-0.46449	-0.62012	-0.81029	-0.95336	-1.0643	-1.0823	-0.73543	-0.21783	0.39089	0.71885	0.85474	0.91451	0.73427	0.32257	-0.027738	-0.30536	-0.4345	-0.38223	-0.3419	-0.29248	-0.24444	-0.12692	-0.033852	0.083363	0.16651	3.133
263.1	0.1662	0.14307	0.044844	-0.17823	-0.31254	-0.43028	-0.59837	-0.82286	-0.95611	-1.0601	-1.0477	-0.70966	-0.22892	0.43218	0.71061	0.88209	0.93911	0.72033	0.34528	-0.073712	-0.33166	-0.45182	-0.4591	-0.39797	-0.31265	-0.21889	-0.17834	-0.072856	0.10601	0.15828	2.929
262.53	0.20315	0.172	0.063575	-0.14033	-0.33334	-0.45625	-0.62181	-0.80364	-0.90712	-0.98768	-0.96931	-0.64916	-0.12829	0.47399	0.77935	0.89983	0.90511	0.65782	0.2683	-0.070787	-0.34105	-0.48117	-0.45699	-0.41	-0.32469	-0.23082	-0.13579	-0.045963	0.103	0.16704	2.68
263.95	0.16841	0.11974	0.01379	-0.16303	-0.35752	-0.47272	-0.60281	-0.8143	-0.88821	-0.94566	-0.90669	-0.61664	-0.057008	0.47156	0.78115	0.87132	0.90638	0.62266	0.25204	-0.11625	-0.37685	-0.48434	-0.43629	-0.43292	-0.3003	-0.22955	-0.19481	-0.015838	0.10569	0.19956	2.433
262.43	0.21171	0.10897	0.051168	-0.13748	-0.33641	-0.425	-0.58391	-0.79498	-0.90036	-0.9824	-0.886	-0.54347	-0.051855	0.59436	0.7972	0.86013	0.89054	0.63195	0.20833	-0.20284	-0.39057	-0.46713	-0.54927	-0.44094	-0.38192	-0.23092	-0.18732	-0.048983	0.12892	0.1643	2.21
264.14	0.17391	0.088346	0.038487	-0.15416	-0.31993	-0.39427	-0.65286	-0.79593	-0.85094	-0.89381	-0.87723	-0.57514	-0.018943	0.56448	0.78062	0.90521	0.87597	0.6366	0.1473	-0.1833	-0.40831	-0.5234	-0.50313	-0.45488	-0.39374	-0.27231	-0.1265	-0.063607	0.11203	0.16324	1.97
264.04	0.1908	0.1511	0.0014212	-0.13082	-0.31434	-0.35372	-0.6026	-0.74599	-0.81008	-0.86002	-0.78791	-0.46417	0.005498	0.59088	0.83331	0.90553	0.84366	0.57905	0.16725	-0.23525	-0.41137	-0.54621	-0.50334	-0.44105	-0.31719	-0.28953	-0.21181	-0.066627	0.15068	0.11879	1.735
263.85	0.11235	0.11984	0.0076077	-0.15141	-0.28583	-0.34781	-0.58412	-0.69921	-0.75486	-0.79815	-0.77576	-0.41465	0.136	0.5914	0.85136	0.90891	0.86509	0.52161	0.072666	-0.25985	-0.45794	-0.56078	-0.49152	-0.48318	-0.30895	-0.24687	-0.15226	-0.039765	0.17338	0.17179	1.478
264.52	0.19323	0.12238	0.029174	-0.13346	-0.308	-0.4591	-0.54473	-0.71494	-0.77967	-0.83004	-0.7161	-0.3551	0.15733	0.6915	0.84904	0.9011	0.8331	0.49996	0.052573	-0.26524	-0.45952	-0.5705	-0.56627	-0.46248	-0.37896	-0.26619	-0.17454	-0.033693	0.082972	0.17686	1.204
265.65	0.19238	0.136	0.050545	-0.12122	-0.25531	-0.32363	-0.60513	-0.70892	-0.73691	-0.75866	-0.69076	-0.29829	0.22417	0.6972	0.91482	0.87607	0.86499	0.48349	0.022659	-0.31571	-0.5006	-0.63248	-0.56691	-0.49363	-0.38582	-0.28203	-0.18499	-0.042457	0.076214	0.18446	0.9768
265.56	0.16461	0.11055	0.022913	-0.098039	-0.31529	-0.36407	-0.56765	-0.67978	-0.70523	-0.72508	-0.62424	-0.26059	0.22966	0.67144	0.85728	0.89497	0.77069	0.42911	0.0028594	-0.37041	-0.59837	-0.61875	-0.64293	-0.5215	-0.42552	-0.27369	-0.1625	-0.033556	0.11784	0.19006	0.7303
266.03	0.11425	0.13019	0.065814	-0.14149	-0.32902	-0.39765	-0.54167	-0.61706	-0.69467	-0.75496	-0.59785	-0.23399	0.26967	0.74852	0.88769	0.89085	0.76658	0.37959	-0.021867	-0.37283	-0.62034	-0.65412	-0.55413	-0.54558	-0.40229	-0.25616	-0.17918	-0.11657	0.092095	0.17042	0.4657
266.22	0.18647	0.082	0.032057	-0.15004	-0.24349	-0.43767	-0.50366	-0.61073	-0.64399	-0.66986	-0.48318	-0.16123	0.35837	0.74504	0.91007	0.87438	0.73057	0.34496	-0.11076	-0.52393	-0.63702	-0.65645	-0.60207	-0.54231	-0.32585	-0.27295	-0.16493	0.0020769	0.072878	0.2172	0.196
267.07	0.172	0.12681	0.013621	-0.12639	-0.27675	-0.38371	-0.47399	-0.64684	-0.65697	-0.66489	-0.45636	-0.14054	0.35457	0.79741	0.92454	0.87692	0.72835	0.26376	-0.15226	-0.50419	-0.63216	-0.65993	-0.60925	-0.52414	-0.35013	-0.3174	-0.18415	-0.024518	0.15215	0.21097	-0.03609
265.56	0.14233	0.10486	-0.017021	-0.12713	-0.25257	-0.36101	-0.4515	-0.56216	-0.61252	-0.6517	-0.46206	-0.068506	0.41053	0.79308	0.93541	0.85538	0.70871	0.25088	-0.21751	-0.57979	-0.69879	-0.66078	-0.67936	-0.55191	-0.38033	-0.29354	-0.24444	-0.089994	0.17538	0.18172	-0.3632
267.45	0.13304	0.11541	0.025806	-0.11467	-0.31307	-0.35235	-0.52942	-0.56121	-0.56057	-0.56015	-0.44928	-0.016007	0.44252	0.82212	0.88864	0.87554	0.61865	0.20632	-0.26271	-0.60893	-0.70238	-0.73691	-0.68665	-0.55624	-0.45614	-0.29998	-0.22311	-0.045118	0.097944	0.19692	-0.5775
268.68	0.12692	0.095241	-0.0046755	-0.10553	-0.25246	-0.41211	-0.4742	-0.53238	-0.54495	-0.55476	-0.34665	0.018584	0.44316	0.80966	0.89592	0.81673	0.64198	0.18552	-0.28097	-0.63902	-0.71906	-0.79171	-0.7254	-0.59742	-0.36756	-0.33788	-0.17739	-0.039047	0.13547	0.14951	-0.8558
270.77	0.12586	0.088948	0.037537	-0.1304	-0.25331	-0.35404	-0.47367	-0.53407	-0.51211	-0.49511	-0.32838	0.026999	0.49532	0.84038	0.88906	0.83373	0.63712	0.18974	-0.31529	-0.6669	-0.74166	-0.75264	-0.699	-0.60101	-0.38962	-0.32965	-0.19259	-0.0066975	0.1908	0.20263	-1.137
270.86	0.17781	0.075021	-0.013674	-0.13315	-0.20579	-0.36608	-0.45192	-0.50218	-0.50271	-0.50324	-0.30948	0.10971	0.52161	0.85432	0.86319	0.80754	0.57599	0.091007	-0.37579	-0.69942	-0.76668	-0.78263	-0.7047	-0.64684	-0.43651	-0.34633	-0.20358	-0.044548	0.21582	0.189	-1.378
270.67	0.12048	0.086203	0.0013864	-0.1247	-0.23388	-0.31761	-0.4307	-0.47367	-0.45625	-0.44263	-0.26915	0.11551	0.59626	0.83785	0.89223	0.82887	0.57071	-0.013251	-0.41982	-0.72973	-0.82359	-0.81346	-0.74989	-0.56057	-0.4175	-0.31592	-0.17887	-0.012533	0.16577	0.18098	-1.658
270.29	0.16725	0.08634	0.037611	-0.14497	-0.23705	-0.36998	-0.42827	-0.48022	-0.44073	-0.41	-0.20706	0.19861	0.58655	0.84767	0.8766	0.80417	0.47568	0.012143	-0.4837	-0.76362	-0.91503	-0.85327	-0.77787	-0.55867	-0.43482	-0.31075	-0.24296	-0.024222	0.074926	0.17042	-1.853
269.63	0.12914	0.064209	0.031645	-0.087966	-0.23198	-0.32194	-0.40145	-0.45519	-0.43661	-0.42204	-0.1794	0.24497	0.63575	0.88104	0.88431	0.77492	0.47388	-0.075581	-0.54822	-0.87301	-0.9313	-0.87459	-0.74081	-0.57905	-0.46079	-0.35066	-0.21287	-0.071083	0.15068	0.18985	-2.137
270.86	0.12861	0.063902	0.013431	-0.067598	-0.26165	-0.31434	-0.38107	-0.43872	-0.39554	-0.36196	-0.12555	0.2153	0.66194	0.85147	0.85464	0.65486	0.44569	-0.12312	-0.56997	-0.89867	-0.92137	-0.90089	-0.78801	-0.63332	-0.41433	-0.33239	-0.223	-0.044548	0.13114	0.18087	-2.401
271.33	0.15025	0.083225	0.0073976	-0.11309	-0.25848	-0.30779	-0.37748	-0.40356	-0.36734	-0.33926	-0.072392	0.32036	0.66363	0.85295	0.83067	0.71325	0.36692	-0.17644	-0.62488	-0.92105	-0.95368	-0.92971	-0.81061	-0.66753	-0.48835	-0.30399	-0.24476	-0.05611	0.15606	0.21308	-2.582
272.57	0.11425	0.099423	0.088177	-0.084186	-0.19059	-0.2852	-0.35731	-0.41021	-0.34475	-0.29375	-0.041064	0.29903	0.69742	0.86604	0.81842	0.69203	0.36228	-0.18394	-0.66785	-0.98493	-0.99972	-0.93636	-0.84228	-0.6348	-0.48064	-0.29428	-0.19967	-0.018235	0.18647	0.19861	-2.861
272.85	0.13579	0.096551	0.067155	-0.11245	-0.22923	-0.25764	-0.3325	-0.38688	-0.308	-0.24666	-0.078168	0.32986	0.70449	0.86784	0.80628	0.72719	0.28425	-0.2229	-0.74176	-1.0728	-1.0654	-0.94069	-0.84429	-0.62868	-0.49933	-0.27189	-0.21318	-0.061569	0.15828	0.23884	-3.05
274.56	0.083722	0.068548	0.010282	-0.077956	-0.22786	-0.3042	-0.30621	-0.39881	-0.31392	-0.24792	0.0053872	0.33356	0.72899	0.85981	0.77333	0.62065	0.2682	-0.38287	-0.77555	-1.0802	-1.048	-0.96762	-0.86266	-0.62488	-0.46628	-0.29216	-0.19819	-0.032469	0.12945	0.20527	-3.276
275.22	0.078115	0.082032	-0.010491	-0.11984	-0.25479	-0.24338	-0.32965	-0.38065	-0.28572	-0.21181	-0.0099729	0.37474	0.73479	0.8351	0.77407	0.60883	0.2305	-0.36523	-0.84038	-1.1097	-1.1034	-1.0056	-0.83109	-0.67936	-0.41602	-0.36544	-0.23303	-0.058169	0.11372	0.1379	-3.457
274.93	0.062044	0.065697	-0.013473	-0.07784	-0.24676	-0.23768	-0.32701	-0.37262	-0.26387	-0.17929	0.0023061	0.38646	0.76953	0.8445	0.72751	0.54832	0.1908	-0.44337	-0.85812	-1.1287	-1.0547	-1.0338	-0.90236	-0.69615	-0.44918	-0.35214	-0.19513	-0.029544	0.1076	0.14075	-3.656
276.73	0.10447	0.054399	-0.0074884	-0.09409	-0.18225	-0.26894	-0.33693	-0.34485	-0.26176	-0.19713	0.038931	0.4231	0.76204	0.82243	0.75897	0.59288	0.14138	-0.47916	-0.90965	-1.1541	-1.1583	-1.003	-0.8559	-0.67577	-0.44907	-0.37178	-0.20474	-0.029364	0.16525	0.18499	-3.861
277.3	0.093552	0.078706	0.024887	-0.010308	-0.16271	-0.20294	-0.31508	-0.30462	-0.25912	-0.22374	0.075391	0.41095	0.76816	0.85939	0.71294	0.56121	0.10992	-0.51654	-0.9408	-1.171	-1.1393	-1.0384	-0.89466	-0.65032	-0.49131	-0.36006	-0.1908	-0.046354	0.15574	0.14751	-4.014
278.06	0.13325	0.10015	0.054157	-0.079741	-0.18415	-0.27654	-0.29026	-0.32912	-0.23008	-0.153	0.13896	0.45995	0.76605	0.80459	0.64473	0.53967	0.10675	-0.53713	-0.94302	-1.2058	-1.1794	-1.0781	-0.90965	-0.69889	-0.47114	-0.30209	-0.1984	-0.046237	0.13389	0.18943	-4.183
279.67	0.11393	0.026915	0.059689	-0.057198	-0.18848	-0.26028	-0.2947	-0.31054	-0.2003	-0.11456	0.16841	0.4988	0.76436	0.82761	0.68232	0.46142	0.055677	-0.55603	-1.0153	-1.2681	-1.2248	-1.0569	-0.9219	-0.6687	-0.51137	-0.37326	-0.23747	-0.037516	0.12713	0.21466	-4.31
279.86	0.074197	0.096836	0.0042563	-0.054389	-0.2154	-0.25415	-0.24972	-0.28235	-0.20157	-0.13864	0.14117	0.47906	0.75359	0.80776	0.63797	0.4535	-0.008861	-0.64019	-1.0405	-1.2903	-1.265	-1.1013	-0.91831	-0.69974	-0.50303	-0.31634	-0.18372	-0.012122	0.12702	0.14096	-4.471
282.13	0.068348	0.056026	0.085189	-0.086815	-0.16271	-0.2229	-0.26545	-0.2663	-0.18636	-0.12417	0.14297	0.49437	0.7652	0.83658	0.69541	0.44981	0.041275	-0.64304	-1.1277	-1.2512	-1.19	-1.0445	-0.86235	-0.70702	-0.4723	-0.34316	-0.20083	-0.02041	0.14402	0.15279	-4.618
280.43	0.079308	0.067091	0.033334	-0.057018	-0.23113	-0.17707	-0.24919	-0.28731	-0.16894	-0.076816	0.11066	0.53037	0.80564	0.80871	0.62002	0.47251	0.0051485	-0.67408	-1.095	-1.342	-1.2375	-1.0717	-0.922	-0.70343	-0.50186	-0.33989	-0.21804	-0.031782	0.13273	0.16947	-4.702
280.33	0.11636	0.045646	0.059542	-0.098377	-0.16366	-0.25373	-0.21656	-0.27633	-0.16715	-0.082191	0.17401	0.48096	0.81356	0.81441	0.64219	0.39765	0.0079498	-0.70977	-1.1108	-1.3853	-1.265	-1.0833	-0.954	-0.64335	-0.4459	-0.35341	-0.22881	-0.020537	0.084345	0.1512	-4.809
280.52	0.095115	0.064388	0.044949	-0.10382	-0.1474	-0.20643	-0.25204	-0.25658	-0.14941	-0.066088	0.20706	0.56321	0.74398	0.75348	0.59246	0.4099	-0.070375	-0.71463	-1.1499	-1.3357	-1.246	-1.1298	-0.9389	-0.6953	-0.5498	-0.35858	-0.23135	-0.01209	0.13579	0.16419	-4.891
279.95	0.12702	0.11298	0.050883	-0.05989	-0.20453	-0.19217	-0.2079	-0.27115	-0.17391	-0.098398	0.1682	0.56722	0.81473	0.82117	0.58275	0.36819	-0.050904	-0.77619	-1.172	-1.3969	-1.2998	-1.1435	-0.96688	-0.72043	-0.5082	-0.35129	-0.23451	0.0076109	0.12396	0.15669	-4.953
279.76	0.10334	0.072645	0.036344	-0.10137	-0.13969	-0.24539	-0.26767	-0.26292	-0.16736	-0.093108	0.19861	0.50419	0.82053	0.78326	0.59151	0.37347	-0.067778	-0.77133	-1.2449	-1.38	-1.3505	-1.1467	-0.93879	-0.70787	-0.50852	-0.34348	-0.22131	-0.0093035	0.13315	0.16461	-5.055
279.2	0.10886	0.048529	-0.016187	-0.079414	-0.18605	-0.20453	-0.2324	-0.23546	-0.13579	-0.058349	0.22617	0.55772	0.78864	0.79846	0.53206	0.34654	-0.14941	-0.81377	-1.2407	-1.4202	-1.3251	-1.1837	-0.93478	-0.6934	-0.50683	-0.36302	-0.23515	-0.017792	0.12723	0.17285	-5.06
278.06	0.098631	0.062255	0.027759	-0.082518	-0.11055	-0.20833	-0.24528	-0.23367	-0.12607	-0.042405	0.24233	0.60724	0.80216	0.76309	0.52594	0.30008	-0.15849	-0.8501	-1.2217	-1.4434	-1.3304	-1.1562	-0.89803	-0.70945	-0.47378	-0.36724	-0.21456	-0.049078	0.16746	0.18415	-5.146
277.11	0.058887	0.073332	0.016071	-0.088378	-0.1738	-0.24771	-0.26123	-0.23156	-0.10696	-0.010071	0.32236	0.59257	0.84112	0.77671	0.54157	0.30367	-0.13917	-0.86393	-1.2523	-1.4402	-1.36	-1.2005	-0.89233	-0.74366	-0.5025	-0.34939	-0.22607	-0.052087	0.11594	0.16356	-5.156
278.63	0.09313	0.12153	0.051126	-0.076816	-0.11583	-0.19608	-0.18499	-0.22195	-0.11488	-0.031561	0.23884	0.60334	0.87533	0.7671	0.52499	0.30959	-0.17232	-0.87586	-1.2745	-1.4698	-1.3716	-1.2153	-0.93108	-0.73976	-0.51865	-0.35024	-0.22226	0.0076478	0.14286	0.1284	-5.205
279.48	0.074282	0.061939	0.06555	-0.065507	-0.15881	-0.1984	-0.23208	-0.2324	-0.12544	-0.042183	0.24708	0.57092	0.8237	0.75084	0.50123	0.24338	-0.23346	-0.8729	-1.2935	-1.4392	-1.2935	-1.1657	-0.94523	-0.75834	-0.5196	-0.35182	-0.24022	-0.040356	0.12111	0.15163	-5.253
281.37	0.071156	0.032099	0.030325	-0.078801	-0.12808	-0.19703	-0.23061	-0.24476	-0.1096	-0.0045868	0.23948	0.63575	0.84619	0.79234	0.48972	0.24423	-0.20685	-0.88346	-1.2523	-1.4899	-1.3526	-1.1932	-0.99338	-0.74546	-0.5215	-0.3495	-0.21202	-0.051295	0.12628	0.14804	-5.248
282.61	0.086562	0.047937	0.044622	-0.12217	-0.15965	-0.18742	-0.26492	-0.25194	-0.10686	0.0060481	0.24433	0.57821	0.82476	0.7425	0.49838	0.24074	-0.21149	-0.89307	-1.2861	-1.4719	-1.379	-1.1372	-0.9748	-0.68496	-0.46882	-0.38529	-0.21371	-0.0064166	0.17084	0.19935	-5.245
282.42	0.094481	0.063955	0.009994	-0.075771	-0.15448	-0.17876	-0.2474	-0.23831	-0.10981	-0.0098821	0.28636	0.60334	0.81515	0.78938	0.48518	0.27316	-0.20326	-0.84503	-1.285	-1.4614	-1.3484	-1.2048	-0.90986	-0.66468	-0.46121	-0.32944	-0.20062	-0.017591	0.14086	0.18394	-5.261
282.79	0.1153	0.095833	0.061917	-0.056564	-0.1114	-0.19608	-0.21181	-0.24908	-0.12502	-0.028446	0.28604	0.62181	0.82191	0.79667	0.48465	0.28023	-0.13642	-0.86298	-1.2808	-1.4624	-1.3568	-1.1847	-0.95442	-0.71843	-0.49247	-0.37452	-0.22427	-0.051052	0.15574	0.13431	-5.246
280.9	0.073923	0.05895	0.024571	-0.08445	-0.15532	-0.23557	-0.25774	-0.22015	-0.11847	-0.039311	0.24887	0.56258	0.83764	0.75264	0.49331	0.24476	-0.19038	-0.8823	-1.303	-1.4635	-1.3441	-1.2027	-0.99528	-0.75464	-0.50113	-0.35277	-0.20706	-0.071051	0.15068	0.16398	-5.233
282.23	0.11287	0.061337	0.021561	-0.05667	-0.16799	-0.23736	-0.30969	-0.2551	-0.14255	-0.055075	0.27464	0.56543	0.79551	0.74905	0.50461	0.26841	-0.11171	-0.89972	-1.2787	-1.4877	-1.3484	-1.1573	-0.97332	-0.73543	-0.52531	-0.36713	-0.24592	-0.042764	0.083785	0.14761	-5.238
281.47	0.055339	0.085559	0.024518	-0.012903	-0.1361	-0.19988	-0.23346	-0.21139	-0.084556	0.014064	0.24539	0.59985	0.79498	0.76193	0.50862	0.26408	-0.18446	-0.8804	-1.2935	-1.4434	-1.3547	-1.1763	-0.95864	-0.72687	-0.54526	-0.38149	-0.21994	0.0047663	0.1775	0.12702	-5.212
280.05	0.10058	0.037632	0.056691	-0.059869	-0.22068	-0.21276	-0.26144	-0.2626	-0.1341	-0.034074	0.26471	0.60291	0.84007	0.7934	0.5497	0.32553	-0.19661	-0.84408	-1.2787	-1.5025	-1.3431	-1.1404	-0.9522	-0.70438	-0.49722	-0.34306	-0.20231	-0.043091	0.10264	0.15923	-5.161
280.52	0.084556	0.099264	0.0042457	-0.076278	-0.1663	-0.17707	-0.20748	-0.25099	-0.12291	-0.023314	0.204	0.63216	0.81293	0.77819	0.55139	0.29998	-0.16271	-0.87512	-1.2322	-1.4339	-1.3378	-1.1245	-0.89297	-0.73976	-0.53111	-0.33166	-0.20463	-0.057071	0.12671	0.15627	-5.088
281.28	0.1054	0.034781	0.065138	-0.1228	-0.17391	-0.18246	-0.20695	-0.27538	-0.14107	-0.036587	0.24856	0.55909	0.82106	0.78442	0.52805	0.28171	-0.16778	-0.83764	-1.246	-1.4212	-1.2966	-1.1404	-0.92211	-0.66996	-0.40441	-0.34686	-0.22543	-0.0064473	0.07501	0.1794	-4.952
282.51	0.081346	0.087913	0.033092	-0.10855	-0.19999	-0.2079	-0.28277	-0.27136	-0.15416	-0.062973	0.23546	0.58665	0.84028	0.72371	0.52573	0.32015	-0.14212	-0.83394	-1.2101	-1.4381	-1.3178	-1.1066	-0.98652	-0.71378	-0.47167	-0.32669	-0.26418	-0.053882	0.16187	0.13178	-4.848
279.86	0.1033	0.080691	0.11794	-0.090279	-0.16936	-0.21878	-0.24676	-0.26566	-0.13843	-0.039459	0.18341	0.54262	0.82022	0.80227	0.56385	0.31825	-0.092992	-0.83648	-1.2238	-1.4054	-1.3167	-1.1013	-0.92697	-0.70238	-0.46544	-0.34865	-0.21054	-0.029037	0.084503	0.15141	-4.743
280.81	0.12935	0.080427	-0.033535	-0.11203	-0.19312	-0.25035	-0.30536	-0.30093	-0.17179	-0.071389	0.18277	0.54632	0.79963	0.77492	0.55371	0.36217	-0.13178	-0.75222	-1.1731	-1.3779	-1.2449	-1.1266	-0.91239	-0.7104	-0.44791	-0.38244	-0.20442	-0.023314	0.12048	0.11953	-4.596
280.14	0.089972	0.07254	0.024634	-0.15089	-0.23135	-0.22733	-0.27326	-0.33503	-0.18531	-0.068865	0.1681	0.56406	0.86277	0.79308	0.60703	0.41053	-0.039659	-0.77291	-1.1404	-1.3209	-1.2797	-1.1235	-0.96329	-0.63332	-0.45963	-0.36175	-0.2022	-0.031814	0.18753	0.19069	-4.432
280.52	0.16377	0.077798	0.021688	-0.13684	-0.204	-0.2682	-0.27886	-0.25099	-0.17253	-0.1115	0.17391	0.49711	0.8181	0.81663	0.6007	0.41993	-0.011636	-0.69837	-1.1203	-1.3241	-1.2291	-1.1171	-0.89297	-0.68738	-0.49901	-0.34243	-0.22332	-0.009276	0.13874	0.172	-4.208
278.91	0.077101	0.070164	0.027675	-0.1266	-0.20527	-0.26387	-0.26851	-0.30568	-0.21202	-0.13906	0.17496	0.48624	0.80237	0.80765	0.65106	0.45255	0.067081	-0.67514	-1.0675	-1.3061	-1.209	-1.0696	-0.93003	-0.65729	-0.48043	-0.32553	-0.22195	0.013294	0.12438	0.1625	-4.049
275.12	0.11583	0.032828	0.054737	-0.12555	-0.23008	-0.25553	-0.28425	-0.31835	-0.21857	-0.14096	0.10664	0.46195	0.79509	0.82982	0.67672	0.46639	0.059436	-0.62889	-1.0391	-1.2713	-1.2449	-1.0738	-0.87829	-0.64758	-0.48159	-0.41222	-0.20051	-0.043862	0.11678	0.19143	-3.869
274.93	0.062044	0.060228	0.036967	-0.07784	-0.23853	-0.26165	-0.3118	-0.33282	-0.24497	-0.17654	0.11287	0.47642	0.76172	0.8389	0.72191	0.51517	0.068042	-0.58486	-0.99444	-1.2428	-1.1984	-1.0501	-0.88188	-0.6801	-0.48191	-0.30821	-0.15152	0.039311	0.15395	0.17823	-3.694
275.41	0.083468	0.024602	0.025067	-0.088938	-0.24359	-0.26725	-0.32342	-0.34939	-0.24433	-0.16271	0.054463	0.47842	0.78146	0.84038	0.71526	0.52963	0.11636	-0.51749	-0.9428	-1.1446	-1.1773	-1.0242	-0.86298	-0.68443	-0.44854	-0.35985	-0.23029	-0.066743	0.1568	0.15923	-3.447
276.64	0.11794	0.10886	0.013156	-0.099708	-0.22343	-0.24222	-0.32194	-0.376	-0.28921	-0.22163	0.063375	0.45678	0.75718	0.85327	0.7481	0.52974	0.11298	-0.44622	-0.89339	-1.134	-1.1224	-1.0491	-0.83869	-0.67598	-0.46005	-0.29818	-0.16683	-0.029375	0.13463	0.16123	-3.214
278.34	0.10385	0.11351	0.059964	-0.10463	-0.21656	-0.28805	-0.31096	-0.40166	-0.30262	-0.22554	0.026556	0.38445	0.70861	0.83405	0.7406	0.59943	0.20252	-0.38033	-0.83574	-1.1002	-1.0855	-0.95685	-0.77545	-0.61368	-0.46523	-0.33429	-0.18742	-0.0093489	0.14899	0.19186	-3.022
278.34	0.11984	0.10005	0.042373	-0.10738	-0.28182	-0.27622	-0.31096	-0.37642	-0.25975	-0.16905	0.066004	0.36502	0.75496	0.81473	0.72951	0.59689	0.24761	-0.38572	-0.83574	-1.0717	-1.0855	-0.9408	-0.85369	-0.64261	-0.46248	-0.34243	-0.20622	-0.015015	0.13991	0.18394	-2.797
280.24	0.12428	0.075201	0.02172	-0.10393	-0.22586	-0.24201	-0.36238	-0.41296	-0.31571	-0.24011	-0.033915	0.36534	0.70386	0.87787	0.72466	0.60798	0.27675	-0.30146	-0.75507	-1.024	-0.99665	-0.95579	-0.85654	-0.58855	-0.42457	-0.30241	-0.18879	0.021677	0.12681	0.1775	-2.546
277.11	0.11235	0.095062	-0.0074768	-0.096741	-0.22839	-0.29829	-0.40261	-0.4288	-0.34549	-0.28076	-0.092211	0.36386	0.69108	0.83785	0.77999	0.64261	0.28836	-0.27738	-0.73268	-0.96276	-1.0382	-0.95854	-0.81092	-0.62435	-0.36988	-0.33028	-0.18552	-0.06347	0.17116	0.14233	-2.291
275.88	0.1531	0.073659	0.019101	-0.069171	-0.23494	-0.25183	-0.39533	-0.3968	-0.34908	-0.31191	-0.086499	0.31508	0.7046	0.85274	0.81135	0.70903	0.33799	-0.25922	-0.6574	-0.87956	-0.99032	-0.90342	-0.75919	-0.61389	-0.43682	-0.32912	-0.18636	-0.023726	0.15036	0.18299	-2.04
275.12	0.11847	0.087533	0.01322	-0.066542	-0.23008	-0.30346	-0.357	-0.45182	-0.39807	-0.35636	-0.10208	0.28224	0.65434	0.82423	0.79952	0.69562	0.40166	-0.19893	-0.60893	-0.91408	-0.93763	-0.8652	-0.76119	-0.53534	-0.427	-0.308	-0.18415	-0.020928	0.16926	0.17802	-1.803
274.84	0.16176	0.073944	0.025109	-0.091926	-0.20833	-0.33683	-0.37558	-0.44949	-0.42341	-0.40314	-0.12987	0.17	0.66806	0.83077	0.86477	0.76531	0.41074	-0.12417	-0.5403	-0.87702	-0.99138	-0.85263	-0.73564	-0.60017	-0.45213	-0.34401	-0.17887	-0.032426	0.070586	0.17295	-1.536
276.73	0.16599	0.078886	0.042626	-0.10526	-0.24518	-0.35246	-0.4062	-0.46058	-0.42373	-0.39501	-0.16261	0.24148	0.58845	0.87523	0.81166	0.76267	0.39659	-0.1095	-0.53185	-0.84777	-0.91303	-0.82803	-0.76267	-0.59605	-0.43281	-0.28171	-0.21012	0.053312	0.13146	0.18235	-1.272
275.98	0.11551	0.12544	0.033873	-0.091535	-0.33092	-0.35932	-0.41634	-0.49289	-0.44453	-0.40694	-0.2456	0.16092	0.56659	0.81895	0.79435	0.7443	0.48856	-0.079371	-0.44516	-0.83246	-0.87681	-0.81673	-0.67714	-0.54442	-0.42848	-0.33166	-0.18351	-0.1152	0.15954	0.18288	-1.013
277.21	0.16567	0.076024	0.069034	-0.10781	-0.28847	-0.32796	-0.43851	-0.51316	-0.47821	-0.45108	-0.22015	0.11837	0.53037	0.8181	0.85179	0.73089	0.48645	0.020094	-0.42647	-0.76763	-0.80955	-0.80227	-0.6857	-0.60027	-0.40219	-0.27844	-0.16377	-0.060598	0.13431	0.18468	-0.7608
274.84	0.17528	0.1095	0.0013653	-0.1341	-0.21382	-0.34285	-0.42721	-0.55181	-0.51422	-0.48508	-0.27432	0.11383	0.52457	0.78041	0.87037	0.79846	0.5706	0.042489	-0.35605	-0.68052	-0.82497	-0.70903	-0.67408	-0.54399	-0.35383	-0.22322	-0.18974	-0.035298	0.19112	0.21033	-0.5137
272.57	0.16039	0.085612	0.016345	-0.11815	-0.26841	-0.37294	-0.48275	-0.54209	-0.54019	-0.53861	-0.31075	0.01832	0.49479	0.78981	0.8861	0.80776	0.61284	0.18563	-0.35425	-0.61822	-0.73965	-0.74778	-0.69742	-0.53777	-0.3816	-0.28879	-0.25468	-0.00086594	0.12723	0.204	-0.234
272.19	0.13346	0.11889	-0.022607	-0.12407	-0.30494	-0.35235	-0.52034	-0.60027	-0.57852	-0.56152	-0.37949	0.049585	0.47969	0.80797	0.85918	0.88367	0.66848	0.14951	-0.27992	-0.59246	-0.72392	-0.72698	-0.69256	-0.53322	-0.40419	-0.25035	-0.19713	-0.0037653	0.13684	0.1909	0.04403
271.52	0.14466	0.14138	0.04345	-0.10728	-0.27495	-0.42911	-0.5215	-0.57293	-0.58275	-0.59045	-0.427	-0.024317	0.41211	0.75591	0.86404	0.82887	0.6556	0.23135	-0.23208	-0.54938	-0.66943	-0.71494	-0.66152	-0.55614	-0.38023	-0.32046	-0.18658	-0.08803	0.11837	0.091123	0.2892
