25031	14	1	88	26.8	747	2	0	4	154.04	256	8192	5	0	0	0	0	550.05	1012.9	1.4676e+006	0.12055	0.017667	41.849	0	0	1	0	0	0	7	0	0
993.47	0.098779	0.059341	-0.10802	-0.19017	-0.32944	-0.42468	-0.53639	-0.65782	-0.67862	-0.69478	-0.52066	-0.15564	0.31962	0.68084	0.82338	0.83035	0.66342	0.24602	-0.21751	-0.58961	-0.73374	-0.76267	-0.72962	-0.57367	-0.44728	-0.35151	-0.25352	-0.12375	0.087449	0.14561	0.1298
994.42	0.11214	0.068422	-0.11456	-0.15754	-0.33693	-0.43957	-0.56817	-0.66236	-0.68052	-0.69467	-0.52224	-0.1681	0.31529	0.69773	0.82328	0.82317	0.67281	0.2153	-0.2135	-0.59763	-0.72592	-0.77291	-0.73268	-0.61347	-0.46829	-0.34538	-0.26102	-0.10622	0.090849	0.14107	0.1424
994.42	0.094217	0.063829	-0.14561	-0.16356	-0.36259	-0.40599	-0.56606	-0.665	-0.68559	-0.70164	-0.52689	-0.17876	0.32363	0.70491	0.83341	0.82391	0.66595	0.22892	-0.20537	-0.58898	-0.72687	-0.77534	-0.72075	-0.55381	-0.44833	-0.34961	-0.25331	-0.098208	0.082243	0.13653	0.1455
995.37	0.1076	0.069847	-0.11119	-0.18531	-0.33957	-0.444	-0.55403	-0.65687	-0.68358	-0.70438	-0.53354	-0.16472	0.32352	0.71083	0.82074	0.81937	0.66247	0.22881	-0.2079	-0.60017	-0.73733	-0.76003	-0.70755	-0.55213	-0.43608	-0.35098	-0.24412	-0.10451	0.068548	0.13948	0.155
995.37	0.097131	0.075887	-0.083246	-0.15733	-0.34253	-0.42236	-0.57071	-0.66775	-0.69161	-0.7103	-0.51981	-0.16936	0.32342	0.69055	0.82824	0.82761	0.66553	0.24412	-0.21181	-0.57736	-0.74018	-0.7614	-0.73332	-0.57419	-0.46765	-0.35393	-0.24264	-0.10132	0.085601	0.1247	0.1392
994.42	0.10174	0.068422	-0.10142	-0.16218	-0.34306	-0.408	-0.55476	-0.66553	-0.69214	-0.71283	-0.52224	-0.17739	0.31381	0.69309	0.82476	0.83732	0.66489	0.24444	-0.20421	-0.58306	-0.72751	-0.767	-0.71969	-0.60312	-0.44559	-0.34232	-0.21276	-0.10939	0.077175	0.12628	0.155
993.47	0.10928	0.057852	-0.136	-0.1794	-0.33715	-0.42151	-0.54832	-0.66278	-0.68855	-0.70871	-0.50387	-0.16197	0.31402	0.68886	0.8237	0.83774	0.65898	0.23536	-0.20305	-0.59468	-0.73247	-0.75697	-0.73152	-0.59162	-0.45498	-0.34855	-0.23853	-0.09994	0.054991	0.10717	0.1644
993.47	0.12713	0.079065	-0.10148	-0.17158	-0.34169	-0.42985	-0.58866	-0.67535	-0.68728	-0.69657	-0.52425	-0.1682	0.30821	0.69974	0.82835	0.8237	0.67788	0.24148	-0.20168	-0.59964	-0.73406	-0.75845	-0.73479	-0.60196	-0.44284	-0.34707	-0.24908	-0.096762	0.072096	0.11604	0.1833
992.53	0.08993	0.068506	-0.12787	-0.16398	-0.35869	-0.45002	-0.59742	-0.68992	-0.69562	-0.70006	-0.53312	-0.16979	0.31561	0.70016	0.84123	0.8312	0.67355	0.22934	-0.20843	-0.59024	-0.75443	-0.74842	-0.70111	-0.55202	-0.40388	-0.33662	-0.204	-0.090458	0.072138	0.13389	0.2337
992.53	0.13315	0.076087	-0.085115	-0.18109	-0.36629	-0.45002	-0.5856	-0.63797	-0.67799	-0.70914	-0.52626	-0.16514	0.3344	0.72497	0.8521	0.84672	0.68147	0.23399	-0.21899	-0.58539	-0.72529	-0.75739	-0.72223	-0.59193	-0.44464	-0.35182	-0.23567	-0.07934	0.12174	0.16641	0.2621
993.47	0.13917	0.042721	-0.11963	-0.18415	-0.37843	-0.44833	-0.58887	-0.68506	-0.69509	-0.70291	-0.5347	-0.16979	0.31561	0.72328	0.8256	0.83246	0.6498	0.22163	-0.19112	-0.57873	-0.71442	-0.74071	-0.70101	-0.5667	-0.44305	-0.34718	-0.25975	-0.085675	0.070417	0.1265	0.3282
992.53	0.11383	0.07916	-0.12628	-0.21076	-0.36967	-0.46026	-0.56078	-0.69509	-0.70829	-0.71864	-0.55213	-0.19798	0.29565	0.699	0.83711	0.81335	0.66606	0.24022	-0.18732	-0.56617	-0.72265	-0.75338	-0.71938	-0.5686	-0.41169	-0.34908	-0.22828	-0.085749	0.075602	0.14434	0.4764
991.58	0.093066	0.048867	-0.14455	-0.24676	-0.40969	-0.47072	-0.63037	-0.70523	-0.73099	-0.75116	-0.57145	-0.20442	0.29153	0.69351	0.84883	0.83827	0.67313	0.24824	-0.18225	-0.57324	-0.6972	-0.71199	-0.66975	-0.52034	-0.40145	-0.3174	-0.20125	-0.089012	0.055117	0.10886	0.6215
990.63	0.10062	0.042827	-0.14624	-0.25172	-0.42225	-0.50778	-0.65613	-0.73733	-0.76161	-0.78051	-0.59753	-0.2249	0.28741	0.67387	0.82159	0.83183	0.67207	0.24993	-0.17306	-0.5347	-0.68855	-0.71706	-0.67186	-0.52963	-0.38519	-0.31761	-0.23325	-0.10024	0.060302	0.11488	0.7698
989.69	0.11266	0.048962	-0.1266	-0.23948	-0.40124	-0.49331	-0.66014	-0.75697	-0.78094	-0.79952	-0.61696	-0.24074	0.26894	0.67144	0.8255	0.82697	0.69657	0.28108	-0.13737	-0.5271	-0.66616	-0.67873	-0.67746	-0.50049	-0.38403	-0.30726	-0.238	-0.082803	0.074102	0.12248	0.953
989.69	0.10373	0.087016	-0.14149	-0.22543	-0.38762	-0.49342	-0.62994	-0.7651	-0.78875	-0.80723	-0.6461	-0.27675	0.2399	0.65761	0.84281	0.84418	0.72202	0.31972	-0.1095	-0.47505	-0.63543	-0.66225	-0.63522	-0.51538	-0.40229	-0.30125	-0.21382	-0.11953	0.055234	0.094238	1.152
988.74	0.11868	0.062678	-0.14814	-0.20051	-0.4213	-0.5252	-0.66711	-0.76204	-0.7935	-0.818	-0.66838	-0.30177	0.19935	0.64219	0.82581	0.83869	0.72381	0.34295	-0.084239	-0.43925	-0.60788	-0.64578	-0.59785	-0.48286	-0.34781	-0.26777	-0.18658	-0.079646	0.077566	0.1284	1.383
989.69	0.12766	0.073321	-0.12005	-0.2192	-0.39522	-0.50841	-0.66701	-0.784	-0.8218	-0.85126	-0.69393	-0.35636	0.17908	0.63269	0.83341	0.85411	0.76014	0.37062	-0.033715	-0.41317	-0.56458	-0.63058	-0.60101	-0.50947	-0.38867	-0.27527	-0.18953	-0.079625	0.070681	0.1284	1.589
990.63	0.14244	0.061073	-0.13969	-0.2267	-0.42996	-0.53439	-0.67799	-0.80353	-0.84345	-0.87438	-0.75443	-0.39026	0.11657	0.59774	0.79836	0.8389	0.76869	0.40103	0.006158	-0.38498	-0.53618	-0.61326	-0.59056	-0.47325	-0.37157	-0.25669	-0.18626	-0.055635	0.079171	0.091155	1.846
989.69	0.11119	0.064166	-0.14804	-0.21287	-0.43175	-0.49321	-0.6802	-0.80575	-0.86953	-0.91915	-0.79266	-0.4515	0.081863	0.57641	0.79899	0.84102	0.76932	0.44453	0.030082	-0.35752	-0.53819	-0.58517	-0.59753	-0.48698	-0.37938	-0.2721	-0.19249	-0.098726	0.065507	0.085284	2.125
990.63	0.10812	0.064124	-0.17105	-0.22839	-0.4269	-0.52119	-0.70671	-0.83215	-0.88674	-0.92918	-0.82117	-0.46839	0.0427	0.56522	0.77365	0.84471	0.77523	0.47811	0.063258	-0.32479	-0.5101	-0.57578	-0.56131	-0.46596	-0.35034	-0.26439	-0.17876	-0.077956	0.05346	0.1342	2.335
990.63	0.11256	0.064093	-0.14128	-0.22512	-0.44358	-0.51929	-0.70988	-0.79392	-0.88684	-0.95907	-0.85495	-0.51348	0.010833	0.52309	0.76404	0.8274	0.79076	0.48719	0.10569	-0.28889	-0.47758	-0.56353	-0.54653	-0.49542	-0.37452	-0.27495	-0.19988	-0.095442	0.060291	0.11784	2.497
989.69	0.11266	0.062657	-0.14149	-0.20822	-0.4288	-0.55498	-0.7141	-0.85485	-0.93035	-0.98905	-0.88843	-0.55941	-0.035552	0.50662	0.74166	0.83268	0.80438	0.51095	0.13241	-0.26809	-0.46586	-0.54917	-0.54547	-0.47673	-0.33556	-0.28287	-0.18795	-0.071642	0.080976	0.10612	2.748
988.74	0.15617	0.096181	-0.10855	-0.20051	-0.40916	-0.51031	-0.70101	-0.85696	-0.94439	-1.0124	-0.93172	-0.60671	-0.079086	0.48508	0.7406	0.82043	0.80649	0.53439	0.14043	-0.23884	-0.45076	-0.53597	-0.55561	-0.48888	-0.35847	-0.26471	-0.17443	-0.066901	0.070713	0.12998	2.971
987.79	0.11287	0.041401	-0.13336	-0.24908	-0.42785	-0.53565	-0.70143	-0.87491	-0.95769	-1.0221	-0.9579	-0.63206	-0.11393	0.45583	0.71769	0.80818	0.83077	0.57799	0.1965	-0.19988	-0.41243	-0.50461	-0.52499	-0.43714	-0.34507	-0.26334	-0.17612	-0.12597	0.039818	0.086889	3.127
986.84	0.12048	0.11161	-0.13357	-0.23061	-0.42679	-0.54632	-0.7293	-0.85696	-0.96593	-1.0507	-0.98134	-0.69393	-0.15479	0.42827	0.71853	0.82476	0.83658	0.59573	0.19534	-0.187	-0.40367	-0.49468	-0.51908	-0.43767	-0.34549	-0.27284	-0.17929	-0.068622	0.072561	0.10487	3.334
985.9	0.1191	0.090384	-0.097321	-0.20907	-0.39057	-0.5119	-0.68802	-0.84714	-0.96762	-1.0612	-1.0187	-0.70122	-0.19576	0.40546	0.69932	0.83869	0.84091	0.61052	0.2437	-0.13336	-0.36249	-0.48022	-0.51	-0.42341	-0.34443	-0.27633	-0.19333	-0.10073	0.084735	0.10353	3.478
984	0.12079	0.078284	-0.10243	-0.19988	-0.35415	-0.50091	-0.70766	-0.86256	-0.98726	-1.0844	-1.0408	-0.74303	-0.23399	0.39047	0.65814	0.80575	0.83901	0.62688	0.26271	-0.14994	-0.38318	-0.51126	-0.56638	-0.48814	-0.34338	-0.25827	-0.20875	-0.09125	0.08313	0.13209	3.602
981.16	0.11361	0.089276	-0.12438	-0.20527	-0.39237	-0.51601	-0.69298	-0.86066	-0.99613	-1.1013	-1.0833	-0.77228	-0.26978	0.3854	0.64304	0.79266	0.84007	0.62583	0.27432	-0.14223	-0.37041	-0.47494	-0.51242	-0.47177	-0.36587	-0.27918	-0.20643	-0.1076	0.045298	0.11002	3.675
980.22	0.13346	0.10166	-0.08123	-0.20231	-0.39121	-0.50641	-0.73627	-0.86953	-0.99803	-1.0981	-1.0728	-0.78569	-0.25542	0.35594	0.66257	0.79065	0.83774	0.64515	0.2853	-0.12914	-0.36154	-0.48296	-0.51464	-0.4648	-0.35256	-0.27485	-0.19439	-0.061062	0.054019	0.11013	3.672
979.27	0.14255	0.11858	-0.07462	-0.21033	-0.38688	-0.54378	-0.70607	-0.87956	-1.0063	-1.1045	-1.0738	-0.78928	-0.24539	0.36724	0.67081	0.8011	0.83669	0.65486	0.2721	-0.10781	-0.36798	-0.50155	-0.53301	-0.49352	-0.36038	-0.30885	-0.21751	-0.062709	0.090469	0.15068	3.691
979.27	0.12597	0.09559	-0.099623	-0.2135	-0.38382	-0.48835	-0.69256	-0.86541	-0.99592	-1.0971	-1.0738	-0.7784	-0.23663	0.35467	0.65835	0.78981	0.85443	0.6612	0.29227	-0.11773	-0.34781	-0.50165	-0.52985	-0.48613	-0.3589	-0.30431	-0.22058	-0.11425	0.066204	0.12671	3.682
979.27	0.11235	0.080237	-0.099644	-0.20252	-0.39005	-0.50186	-0.67566	-0.84799	-0.98504	-1.0918	-1.0675	-0.78643	-0.25574	0.36111	0.66162	0.79002	0.85305	0.65666	0.2682	-0.13917	-0.38519	-0.51242	-0.54801	-0.47578	-0.41718	-0.31825	-0.24053	-0.12396	0.062752	0.086213	3.659
978.32	0.10486	0.066426	-0.12639	-0.18372	-0.36397	-0.53755	-0.70322	-0.8388	-0.97089	-1.0738	-1.0643	-0.79783	-0.26904	0.35341	0.66827	0.79466	0.83574	0.63047	0.26154	-0.13927	-0.39163	-0.53238	-0.56311	-0.48793	-0.4327	-0.31846	-0.24982	-0.14497	0.022849	0.099771	3.672
979.27	0.10028	0.077164	-0.10802	-0.21361	-0.39469	-0.53227	-0.71822	-0.87998	-1.005	-1.1023	-1.0686	-0.80227	-0.2513	0.35636	0.66479	0.77428	0.83056	0.61305	0.26545	-0.14413	-0.39923	-0.52309	-0.54146	-0.50123	-0.42183	-0.35531	-0.2589	-0.13684	0.0072202	0.083204	3.643
978.32	0.076119	0.054125	-0.10971	-0.20579	-0.44453	-0.50894	-0.73068	-0.88051	-1.0194	-1.1277	-1.0897	-0.80427	-0.26756	0.33767	0.63227	0.77186	0.79899	0.59468	0.24412	-0.17718	-0.40726	-0.53861	-0.58792	-0.4836	-0.41137	-0.3231	-0.23303	-0.12892	0.029797	0.087766	3.57
976.43	0.1096	0.05422	-0.10823	-0.20463	-0.38941	-0.50641	-0.6687	-0.8691	-0.99993	-1.1013	-1.0833	-0.78189	-0.28414	0.35562	0.6537	0.77597	0.84535	0.61917	0.24718	-0.16092	-0.41106	-0.51665	-0.55593	-0.50239	-0.40747	-0.30969	-0.23187	-0.13072	0.035066	0.084904	3.551
975.48	0.14772	0.085158	-0.088304	-0.19851	-0.41011	-0.52742	-0.68844	-0.87998	-0.99697	-1.0876	-1.0865	-0.7783	-0.25077	0.37664	0.67197	0.7915	0.84017	0.63258	0.23948	-0.15786	-0.3929	-0.49289	-0.52858	-0.47146	-0.37727	-0.31634	-0.20917	-0.095315	0.050788	0.14677	3.503
973.59	0.12671	0.10388	-0.1153	-0.19418	-0.3891	-0.48941	-0.66405	-0.86235	-0.99296	-1.095	-1.0452	-0.73363	-0.20706	0.39469	0.69372	0.81451	0.85939	0.63058	0.24666	-0.13336	-0.37801	-0.50155	-0.54283	-0.48138	-0.3779	-0.27823	-0.16799	-0.10522	0.054368	0.10481	3.446
972.64	0.16335	0.11171	-0.054991	-0.20379	-0.35985	-0.49659	-0.69361	-0.86615	-0.98895	-1.0844	-1.0354	-0.73099	-0.2116	0.3949	0.69889	0.82085	0.86805	0.65602	0.26038	-0.13843	-0.36407	-0.51253	-0.52826	-0.47568	-0.38128	-0.29385	-0.20505	-0.092306	0.10155	0.13505	3.372
972.64	0.15427	0.10865	-0.10033	-0.19914	-0.40515	-0.50535	-0.68886	-0.84735	-0.98282	-1.0886	-1.036	-0.74409	-0.22058	0.40314	0.67883	0.82275	0.86372	0.63924	0.25785	-0.15173	-0.3816	-0.51443	-0.54685	-0.46998	-0.3722	-0.27073	-0.18362	-0.063163	0.085886	0.14423	3.366
971.69	0.10865	0.040567	-0.14075	-0.20094	-0.41328	-0.51929	-0.70491	-0.88019	-0.99771	-1.0886	-1.0559	-0.74314	-0.21635	0.38287	0.69678	0.80036	0.86118	0.60355	0.25257	-0.16683	-0.39448	-0.48571	-0.51073	-0.46427	-0.39575	-0.30051	-0.22691	-0.10219	0.012523	0.094439	3.318
971.69	0.14529	0.11182	-0.073543	-0.25183	-0.43207	-0.61442	-0.73574	-0.90595	-1.0107	-1.0918	-1.0686	-0.77333	-0.24877	0.38445	0.68886	0.79889	0.85633	0.62245	0.25669	-0.16018	-0.40546	-0.51485	-0.54727	-0.49606	-0.38804	-0.3098	-0.24697	-0.10219	0.080712	0.13684	3.36
970.74	0.093541	0.051475	-0.13748	-0.26165	-0.44347	-0.54209	-0.73501	-0.89096	-1.0223	-1.1245	-1.096	-0.79667	-0.25943	0.35003	0.65803	0.77967	0.81377	0.59489	0.2475	-0.17359	-0.42003	-0.54463	-0.56617	-0.48455	-0.38382	-0.29934	-0.21952	-0.10557	0.017792	0.059711	3.34
970.74	0.079804	0.043714	-0.15437	-0.23145	-0.48096	-0.57103	-0.77619	-0.90067	-1.037	-1.1425	-1.0939	-0.7934	-0.25204	0.37379	0.65011	0.79414	0.80892	0.60904	0.23399	-0.17866	-0.39649	-0.4817	-0.54125	-0.48149	-0.40705	-0.30864	-0.24887	-0.13969	0.012533	0.061221	3.35
970.74	0.12407	0.071621	-0.12745	-0.24254	-0.45277	-0.54368	-0.74166	-0.89244	-1.0289	-1.1351	-1.0833	-0.78854	-0.25056	0.36101	0.66268	0.78822	0.85073	0.60735	0.24877	-0.15532	-0.38223	-0.51073	-0.53956	-0.47388	-0.38836	-0.29618	-0.23177	-0.094164	0.044041	0.097564	3.356
969.8	0.093615	0.070143	-0.12079	-0.21403	-0.43133	-0.54421	-0.77682	-0.91915	-1.0299	-1.1161	-1.0717	-0.79572	-0.24338	0.37252	0.67756	0.80343	0.83711	0.64261	0.2626	-0.13558	-0.36851	-0.50208	-0.54009	-0.44559	-0.35943	-0.28551	-0.19186	-0.11383	0.052847	0.087048	3.328
969.8	0.13642	0.085675	-0.11573	-0.21086	-0.37516	-0.5119	-0.74071	-0.86752	-1.0151	-1.1298	-1.0707	-0.77333	-0.24782	0.36935	0.65222	0.80343	0.84841	0.64737	0.27485	-0.12058	-0.34021	-0.47441	-0.50186	-0.444	-0.34549	-0.26841	-0.1795	-0.061717	0.061601	0.14012	3.382
969.8	0.15163	0.099602	-0.085432	-0.19967	-0.39216	-0.50662	-0.7198	-0.88494	-1.0147	-1.1161	-1.0791	-0.78579	-0.23884	0.37241	0.68369	0.82771	0.89339	0.66278	0.28287	-0.10225	-0.36206	-0.45118	-0.48339	-0.41507	-0.32374	-0.22322	-0.18098	-0.082835	0.08785	0.14001	3.436
970.74	0.13315	0.11657	-0.095474	-0.20907	-0.42468	-0.53006	-0.73479	-0.89244	-1.0237	-1.1256	-1.0971	-0.77735	-0.24022	0.37368	0.67218	0.80839	0.8766	0.68284	0.29354	-0.092221	-0.31793	-0.4478	-0.49637	-0.41929	-0.30494	-0.24328	-0.15764	-0.076278	0.08255	0.13241	3.5
971.69	0.12544	0.12576	-0.095389	-0.20569	-0.41961	-0.53301	-0.74789	-0.91092	-1.0365	-1.134	-1.114	-0.81335	-0.27844	0.36228	0.6764	0.78896	0.86784	0.64145	0.30948	-0.11203	-0.33641	-0.46427	-0.46934	-0.44168	-0.31708	-0.25394	-0.17602	-0.10383	0.031761	0.092939	3.513
973.59	0.1115	0.099254	-0.10023	-0.23863	-0.42193	-0.56754	-0.72582	-0.91387	-1.0425	-1.1425	-1.1119	-0.83384	-0.28815	0.33788	0.64019	0.79741	0.85474	0.66838	0.31423	-0.083679	-0.33419	-0.44347	-0.49321	-0.43017	-0.34876	-0.28752	-0.20801	-0.11171	0.054378	0.10483	3.602
974.53	0.11594	0.089888	-0.11351	-0.25267	-0.41993	-0.54663	-0.75591	-0.93383	-1.0675	-1.171	-1.1435	-0.84249	-0.33049	0.31539	0.6159	0.7765	0.83458	0.63005	0.3099	-0.11002	-0.34633	-0.48423	-0.50926	-0.44337	-0.34074	-0.27791	-0.22322	-0.090553	0.050841	0.059457	3.663
975.48	0.1341	0.071273	-0.11509	-0.23494	-0.42721	-0.54611	-0.74662	-0.92485	-1.0633	-1.171	-1.1488	-0.86224	-0.33461	0.31033	0.62477	0.76415	0.83204	0.64188	0.3136	-0.10664	-0.33039	-0.45625	-0.50377	-0.4685	-0.38033	-0.28847	-0.23525	-0.10179	0.050788	0.097079	3.691
974.53	0.14328	0.094481	-0.11678	-0.21139	-0.4213	-0.52098	-0.73849	-0.93341	-1.0833	-1.2005	-1.1752	-0.90247	-0.33926	0.2853	0.62044	0.75887	0.83901	0.67672	0.32057	-0.086868	-0.32902	-0.4535	-0.50904	-0.46882	-0.36829	-0.28403	-0.25077	-0.10833	0.045593	0.1303	3.81
974.53	0.10377	0.068242	-0.12016	-0.23356	-0.43534	-0.53639	-0.7557	-0.92401	-1.0686	-1.1815	-1.1689	-0.89782	-0.36872	0.29164	0.59848	0.76478	0.83278	0.68316	0.33282	-0.073648	-0.32131	-0.45973	-0.47114	-0.43872	-0.32986	-0.27791	-0.17243	-0.088917	0.047346	0.091123	3.857
974.53	0.12354	0.071315	-0.079994	-0.18753	-0.39174	-0.50915	-0.79498	-0.91102	-1.0516	-1.1604	-1.153	-0.88821	-0.3628	0.28847	0.6235	0.77471	0.86477	0.71283	0.357	-0.05214	-0.30557	-0.42595	-0.45783	-0.4251	-0.3929	-0.26851	-0.21086	-0.093753	0.056047	0.10166	3.873
973.59	0.15859	0.11467	-0.10184	-0.20516	-0.41233	-0.49775	-0.74081	-0.90849	-1.0569	-1.1731	-1.1805	-0.90638	-0.36597	0.27759	0.6083	0.76531	0.87037	0.71178	0.35594	-0.022395	-0.3042	-0.43091	-0.49131	-0.43746	-0.33778	-0.2796	-0.16789	-0.085738	0.087491	0.12892	3.883
974.53	0.14022	0.10686	-0.095072	-0.19555	-0.39184	-0.53132	-0.71463	-0.90638	-1.0531	-1.1668	-1.1668	-0.9201	-0.37611	0.26798	0.60471	0.76911	0.8634	0.70037	0.35436	-0.047188	-0.29153	-0.42151	-0.48603	-0.45382	-0.38677	-0.26556	-0.16472	-0.056543	0.10486	0.11372	3.896
974.53	0.14022	0.10529	-0.078315	-0.19545	-0.40578	-0.50746	-0.73849	-0.90458	-1.0505	-1.1636	-1.172	-0.90247	-0.37305	0.28055	0.61411	0.77186	0.86805	0.71431	0.36238	-0.025679	-0.30241	-0.42901	-0.47927	-0.44918	-0.35288	-0.26387	-0.20463	-0.085664	0.064758	0.13938	3.87
974.53	0.12354	0.099159	-0.085052	-0.20347	-0.39036	-0.53819	-0.72856	-0.92095	-1.0633	-1.1742	-1.1826	-0.89803	-0.37759	0.28857	0.61273	0.76637	0.85865	0.6896	0.36798	-0.068707	-0.30885	-0.44907	-0.49606	-0.43577	-0.32997	-0.28414	-0.19238	-0.075982	0.054326	0.11224	3.873
973.59	0.11456	0.06215	-0.10865	-0.22596	-0.40177	-0.54558	-0.71061	-0.91567	-1.0622	-1.1763	-1.171	-0.88325	-0.37368	0.28731	0.58982	0.76879	0.85327	0.69045	0.33461	-0.065476	-0.34834	-0.46501	-0.50493	-0.44685	-0.35964	-0.28446	-0.21582	-0.12143	0.029956	0.079171	3.838
972.64	0.11921	0.056026	-0.12386	-0.2135	-0.41148	-0.54621	-0.75929	-0.91187	-1.0696	-1.1921	-1.1974	-0.91757	-0.38001	0.26228	0.58095	0.74504	0.84777	0.65507	0.32279	-0.0871	-0.3362	-0.46396	-0.49226	-0.48518	-0.42943	-0.3003	-0.22216	-0.12808	0.040472	0.11551	3.851
970.74	0.085833	0.068485	-0.1172	-0.19946	-0.40103	-0.55012	-0.73089	-0.91757	-1.0654	-1.1805	-1.1995	-0.89624	-0.36998	0.2721	0.58317	0.75887	0.83732	0.68717	0.32986	-0.068929	-0.3004	-0.46596	-0.52256	-0.48867	-0.39438	-0.30843	-0.22554	-0.095727	0.049257	0.091451	3.841
969.8	0.10886	0.067038	-0.11235	-0.25077	-0.43914	-0.54252	-0.75961	-0.92559	-1.0654	-1.1752	-1.1699	-0.88821	-0.37357	0.26461	0.59204	0.74704	0.82085	0.66943	0.33176	-0.085664	-0.32448	-0.46512	-0.50186	-0.46069	-0.35013	-0.30272	-0.24138	-0.11868	0.017802	0.074915	3.829
969.8	0.10738	0.076373	-0.12079	-0.24127	-0.44083	-0.57155	-0.76499	-0.91451	-1.0533	-1.1615	-1.1625	-0.88515	-0.3722	0.2948	0.61748	0.76309	0.84049	0.65222	0.31825	-0.094006	-0.32775	-0.46069	-0.50693	-0.46987	-0.38265	-0.29026	-0.23525	-0.11055	0.038836	0.09768	3.778
967.9	0.11826	0.073363	-0.1058	-0.22079	-0.42415	-0.53819	-0.74176	-0.91556	-1.0569	-1.1668	-1.171	-0.8879	-0.34306	0.29512	0.61199	0.77133	0.83014	0.67197	0.30515	-0.075802	-0.32184	-0.46586	-0.51422	-0.46132	-0.37389	-0.27348	-0.22005	-0.10738	0.073976	0.10992	3.794
966.96	0.14445	0.085907	-0.099201	-0.19228	-0.45446	-0.53037	-0.74789	-0.91831	-1.0664	-1.1815	-1.1541	-0.87301	-0.32416	0.30188	0.63332	0.7897	0.85073	0.66965	0.30547	-0.094238	-0.33641	-0.43872	-0.48824	-0.45129	-0.36661	-0.27231	-0.1908	-0.076563	0.077587	0.11773	3.794
964.12	0.15099	0.084598	-0.085949	-0.18647	-0.39765	-0.49078	-0.73279	-0.92264	-1.0559	-1.1594	-1.1414	-0.84345	-0.3192	0.31392	0.61294	0.77597	0.85802	0.68263	0.30642	-0.08615	-0.32944	-0.45699	-0.50968	-0.46786	-0.38635	-0.29343	-0.23652	-0.10297	0.053143	0.093636	3.755
961.27	0.12523	0.084872	-0.11171	-0.1983	-0.40525	-0.54568	-0.7595	-0.94196	-1.0707	-1.171	-1.1551	-0.8559	-0.32616	0.32458	0.63892	0.79899	0.85115	0.68496	0.31972	-0.074694	-0.31634	-0.45224	-0.49627	-0.44801	-0.30336	-0.26144	-0.18267	-0.11478	0.076299	0.10007	3.746
958.43	0.12713	0.066247	-0.14434	-0.25848	-0.45213	-0.5763	-0.74409	-0.91989	-1.0622	-1.1731	-1.1657	-0.871	-0.34496	0.30938	0.63089	0.77904	0.85158	0.6707	0.3192	-0.083289	-0.31392	-0.47367	-0.50767	-0.46903	-0.36038	-0.28256	-0.23472	-0.096994	0.060545	0.12174	3.701
956.54	0.12576	0.097818	-0.13093	-0.23789	-0.43387	-0.58243	-0.78717	-0.93943	-1.0749	-1.1805	-1.1551	-0.89666	-0.33503	0.29861	0.63195	0.78474	0.87269	0.69583	0.31972	-0.088484	-0.35584	-0.47283	-0.48993	-0.46829	-0.35161	-0.26883	-0.22258	-0.11034	0.04289	0.10356	3.72
956.54	0.11034	0.056934	-0.12417	-0.25088	-0.43397	-0.5308	-0.75243	-0.92	-1.077	-1.1984	-1.1995	-0.90015	-0.34411	0.30188	0.61928	0.77471	0.8483	0.68633	0.3362	-0.091873	-0.33683	-0.47452	-0.51527	-0.4761	-0.39089	-0.2815	-0.20695	-0.085633	0.025141	0.098979	3.685
958.43	0.10244	0.099243	-0.12227	-0.22628	-0.43006	-0.56617	-0.77376	-0.96244	-1.1034	-1.2132	-1.191	-0.9163	-0.36449	0.29977	0.61178	0.77481	0.85675	0.69478	0.31096	-0.088357	-0.34105	-0.46596	-0.50778	-0.44928	-0.38086	-0.29681	-0.18468	-0.10031	0.039279	0.10495	3.717
959.38	0.12248	0.094471	-0.13579	-0.18742	-0.42827	-0.55371	-0.76805	-0.95379	-1.0812	-1.1805	-1.2016	-0.90775	-0.37178	0.28678	0.62741	0.78896	0.88072	0.67049	0.32722	-0.088304	-0.31698	-0.43144	-0.50408	-0.46734	-0.35246	-0.26989	-0.20959	-0.098599	0.049891	0.10028	3.726
960.33	0.11456	0.081779	-0.12702	-0.21287	-0.41644	-0.55455	-0.74071	-0.94724	-1.0928	-1.2058	-1.2016	-0.89814	-0.35615	0.29913	0.6328	0.79202	0.87269	0.71061	0.33905	-0.047874	-0.29744	-0.42616	-0.48814	-0.42521	-0.36439	-0.25215	-0.18119	-0.09843	0.07633	0.092464	3.742
960.33	0.10375	0.094312	-0.12364	-0.22089	-0.42595	-0.55962	-0.74947	-0.93267	-1.0855	-1.2048	-1.2005	-0.91419	-0.36217	0.32954	0.65835	0.79646	0.88093	0.68844	0.35267	-0.061305	-0.31011	-0.45245	-0.49152	-0.45889	-0.35805	-0.28044	-0.20928	-0.10008	0.063955	0.10011	3.698
960.33	0.12998	0.11467	-0.12364	-0.21772	-0.41496	-0.53914	-0.73047	-0.94418	-1.0844	-1.1942	-1.2069	-0.90152	-0.36671	0.31202	0.63934	0.79371	0.88758	0.71716	0.35964	-0.064673	-0.31011	-0.44632	-0.47642	-0.42531	-0.33313	-0.25215	-0.17802	-0.095167	0.076351	0.12312	3.762
960.33	0.1361	0.088051	-0.087977	-0.19196	-0.39438	-0.50989	-0.74599	-0.93584	-1.0886	-1.2079	-1.1847	-0.89328	-0.37115	0.29428	0.6216	0.79055	0.86784	0.71706	0.36639	-0.047874	-0.29428	-0.45245	-0.49152	-0.43439	-0.34876	-0.27569	-0.19682	-0.063945	0.065719	0.098578	3.781
960.33	0.11456	0.092802	-0.12544	-0.22427	-0.41042	-0.55139	-0.73944	-0.94133	-1.0907	-1.2069	-1.2079	-0.94544	-0.3759	0.28171	0.62361	0.78527	0.86995	0.71589	0.35024	-0.044548	-0.30072	-0.43418	-0.49342	-0.44231	-0.37706	-0.27115	-0.22036	-0.11826	0.055149	0.11393	3.774
959.38	0.12079	0.072455	-0.12375	-0.22438	-0.41697	-0.55508	-0.76235	-0.9597	-1.1076	-1.2227	-1.2132	-0.94101	-0.39691	0.27379	0.60788	0.7783	0.85886	0.70819	0.35446	-0.054642	-0.3041	-0.44675	-0.49194	-0.45171	-0.35689	-0.29639	-0.20632	-0.091957	0.079952	0.14001	3.79
961.27	0.10675	0.098958	-0.11509	-0.21276	-0.42415	-0.55931	-0.75243	-0.93203	-1.0907	-1.2153	-1.2174	-0.93943	-0.40969	0.27326	0.62118	0.78864	0.8803	0.72614	0.37843	-0.052879	-0.30832	-0.45995	-0.4761	-0.42954	-0.36724	-0.28646	-0.18573	-0.085242	0.06215	0.096994	3.825
961.27	0.12523	0.087987	-0.10833	-0.187	-0.40525	-0.5404	-0.77154	-0.91577	-1.0897	-1.2238	-1.2185	-0.94587	-0.40071	0.26207	0.6196	0.7726	0.87702	0.71336	0.36344	-0.052879	-0.30515	-0.45372	-0.47937	-0.425	-0.35478	-0.2551	-0.2154	-0.095083	0.063913	0.089339	3.832
961.27	0.12987	0.086425	-0.12016	-0.21751	-0.4477	-0.58158	-0.77323	-0.93858	-1.095	-1.2164	-1.2206	-0.9522	-0.40969	0.24613	0.59088	0.76816	0.88357	0.73881	0.37167	-0.029396	-0.29882	-0.43978	-0.49954	-0.44485	-0.37041	-0.27548	-0.21382	-0.11478	0.079825	0.10311	3.838
960.33	0.1531	0.077091	-0.094787	-0.23388	-0.42764	-0.55466	-0.77566	-0.96044	-1.1045	-1.2153	-1.2512	-0.96266	-0.43249	0.24307	0.58655	0.75866	0.86477	0.72983	0.38012	-0.027749	-0.26577	-0.44326	-0.48149	-0.45139	-0.34411	-0.28203	-0.20146	-0.080385	0.074578	0.11699	3.864
959.38	0.1455	0.097533	-0.088051	-0.2002	-0.42626	-0.54294	-0.76225	-0.96593	-1.1171	-1.2354	-1.2333	-0.98103	-0.43566	0.24644	0.59489	0.76351	0.88325	0.74947	0.40092	-0.014328	-0.29132	-0.42331	-0.47673	-0.43175	-0.34591	-0.27115	-0.21097	-0.078791	0.067545	0.13547	3.896
960.33	0.13156	0.095938	-0.10163	-0.22586	-0.42468	-0.53597	-0.73258	-0.94133	-1.096	-1.2164	-1.2417	-0.96477	-0.44759	0.23515	0.57873	0.76774	0.87322	0.74292	0.40905	-0.019365	-0.2833	-0.43883	-0.47336	-0.41328	-0.36618	-0.26798	-0.19376	-0.075486	0.07992	0.11699	3.877
962.22	0.136	0.086372	-0.12174	-0.19175	-0.40493	-0.5555	-0.77281	-0.94608	-1.1023	-1.2238	-1.2354	-0.96772	-0.44527	0.23156	0.57609	0.75464	0.88473	0.74472	0.39195	-0.04949	-0.28277	-0.43017	-0.47916	-0.43239	-0.38413	-0.27221	-0.1965	-0.099951	0.065645	0.10918	3.867
963.17	0.10802	0.07841	-0.11815	-0.20579	-0.40895	-0.51865	-0.7784	-0.91852	-1.0876	-1.2185	-1.2354	-0.97575	-0.42816	0.24233	0.57198	0.74609	0.87829	0.72761	0.38033	-0.027654	-0.28857	-0.45266	-0.48001	-0.4591	-0.33525	-0.28425	-0.22892	-0.096508	0.033788	0.12428	3.861
966.01	0.1247	0.086013	-0.10612	-0.24053	-0.42204	-0.54811	-0.77819	-0.95833	-1.1076	-1.2248	-1.2481	-0.97015	-0.44337	0.22733	0.58327	0.73553	0.86636	0.71948	0.38487	-0.035932	-0.30843	-0.43619	-0.49046	-0.45488	-0.34063	-0.2758	-0.20653	-0.10116	0.03722	0.09653	3.87
966.96	0.12291	0.087449	-0.09918	-0.2418	-0.42457	-0.54389	-0.76151	-0.94238	-1.096	-1.2153	-1.2428	-0.96867	-0.46354	0.2286	0.58243	0.73585	0.86836	0.71843	0.39247	-0.034211	-0.29216	-0.44474	-0.48645	-0.43904	-0.38044	-0.29565	-0.21561	-0.11245	0.05649	0.11763	3.861
968.85	0.12586	0.056237	-0.14117	-0.2191	-0.41929	-0.56691	-0.75179	-0.94428	-1.096	-1.2143	-1.2639	-0.96889	-0.45836	0.21403	0.56881	0.72614	0.86066	0.71104	0.37695	-0.035826	-0.30748	-0.44252	-0.49405	-0.45361	-0.34433	-0.26872	-0.206	-0.12037	0.047642	0.12354	3.848
968.85	0.09824	0.063966	-0.14107	-0.24444	-0.42056	-0.56828	-0.77545	-0.9163	-1.0886	-1.2238	-1.2692	-0.96508	-0.45519	0.22976	0.57799	0.74588	0.88758	0.70428	0.37801	-0.037474	-0.29322	-0.4269	-0.49204	-0.44728	-0.37505	-0.2872	-0.20738	-0.091039	0.030082	0.10686	3.864
968.85	0.12723	0.10897	-0.11245	-0.21572	-0.39712	-0.54621	-0.76172	-0.95336	-1.1108	-1.2343	-1.2449	-0.96984	-0.43144	0.22818	0.56849	0.72571	0.84556	0.70903	0.37537	-0.034147	-0.29628	-0.41771	-0.49711	-0.44728	-0.35024	-0.26703	-0.18109	-0.10897	0.051116	0.10225	3.861
969.8	0.10738	0.090353	-0.14941	-0.23166	-0.42679	-0.54262	-0.73226	-0.95801	-1.1023	-1.2143	-1.2238	-0.96171	-0.43872	0.24718	0.56522	0.75296	0.85348	0.71051	0.38065	-0.037463	-0.2947	-0.43144	-0.4837	-0.46681	-0.37801	-0.27316	-0.19809	-0.10405	0.044094	0.090099	3.835
969.8	0.10429	0.08255	-0.12586	-0.20611	-0.44379	-0.56965	-0.7406	-0.94956	-1.1182	-1.2491	-1.2354	-0.9597	-0.43418	0.23441	0.57451	0.72519	0.83848	0.69446	0.37379	-0.020822	-0.29301	-0.44052	-0.48677	-0.45456	-0.3702	-0.28551	-0.20569	-0.095864	0.03532	0.091577	3.841
969.8	0.12259	0.071684	-0.092179	-0.20453	-0.40314	-0.54072	-0.7595	-0.94471	-1.095	-1.2122	-1.2375	-0.94534	-0.44896	0.24233	0.57609	0.73965	0.85305	0.70227	0.35752	-0.040768	-0.29618	-0.44812	-0.47684	-0.46216	-0.36703	-0.2871	-0.21498	-0.10401	0.031814	0.12491	3.832
969.8	0.12723	0.087206	-0.10227	-0.22364	-0.41254	-0.58158	-0.74915	-0.96075	-1.1055	-1.2174	-1.2322	-0.96128	-0.42236	0.24708	0.58085	0.74831	0.86604	0.72592	0.38192	-0.042436	-0.28984	-0.44358	-0.46681	-0.42721	-0.35774	-0.27147	-0.21656	-0.08936	0.038815	0.10219	3.825
969.8	0.11805	0.10591	-0.11076	-0.22997	-0.47198	-0.54769	-0.76309	-0.94323	-1.0992	-1.2196	-1.2312	-0.96466	-0.4402	0.22966	0.56986	0.74271	0.84841	0.71347	0.36703	-0.037452	-0.29934	-0.43292	-0.48518	-0.43186	-0.35943	-0.28245	-0.21656	-0.082866	0.066859	0.10823	3.848
969.8	0.1303	0.099644	-0.1191	-0.22839	-0.40947	-0.55952	-0.77513	-0.93203	-1.096	-1.2248	-1.2206	-0.97269	-0.4402	0.23441	0.57937	0.75433	0.88082	0.70713	0.37516	-0.045773	-0.29459	-0.44369	-0.47853	-0.43946	-0.36713	-0.25289	-0.20727	-0.099138	0.044083	0.094629	3.848
969.8	0.13484	0.079466	-0.10738	-0.19492	-0.42193	-0.52214	-0.74937	-0.94492	-1.0981	-1.2164	-1.2269	-0.9503	-0.42246	0.25985	0.58887	0.74852	0.85812	0.71188	0.38329	-0.039121	-0.28361	-0.41908	-0.48856	-0.42732	-0.34549	-0.27622	-0.20115	-0.087755	0.040578	0.10675	3.816
969.8	0.13336	0.071716	-0.0939	-0.22533	-0.40018	-0.57842	-0.74778	-0.93383	-1.096	-1.2217	-1.2185	-0.95368	-0.42394	0.25035	0.58898	0.75443	0.85992	0.71051	0.37938	-0.037463	-0.28836	-0.42373	-0.46533	-0.45319	-0.35488	-0.27158	-0.21973	-0.089402	0.080892	0.10375	3.838
969.8	0.13167	0.08407	-0.13589	-0.22036	-0.42014	-0.51834	-0.76953	-0.95558	-1.1066	-1.2238	-1.2386	-0.9768	-0.43545	0.22322	0.57905	0.74366	0.86889	0.70829	0.36956	-0.047399	-0.2929	-0.42647	-0.48328	-0.43017	-0.36692	-0.2589	-0.23187	-0.10234	0.04931	0.097607	3.87
971.69	0.10106	0.11034	-0.12565	-0.22638	-0.43524	-0.57377	-0.74968	-0.93826	-1.0907	-1.2101	-1.228	-0.96445	-0.42605	0.24032	0.58148	0.75148	0.85327	0.72001	0.38529	-0.02079	-0.27992	-0.42753	-0.47768	-0.43714	-0.37262	-0.27569	-0.19154	-0.079466	0.057989	0.085379	3.845
972.64	0.096392	0.079234	-0.12048	-0.2135	-0.42077	-0.52911	-0.76774	-0.94217	-1.096	-1.2164	-1.1974	-0.95716	-0.42859	0.24169	0.58718	0.74778	0.86213	0.71769	0.37009	-0.022427	-0.2891	-0.43925	-0.48054	-0.40947	-0.35995	-0.26925	-0.22058	-0.085876	0.043957	0.095864	3.851
972.64	0.1284	0.063755	-0.091936	-0.19281	-0.40673	-0.54093	-0.76943	-0.94534	-1.095	-1.2111	-1.2238	-0.96033	-0.42119	0.23536	0.59668	0.76362	0.85242	0.73342	0.3646	-0.040662	-0.30315	-0.44083	-0.47885	-0.45182	-0.38772	-0.26608	-0.20822	-0.072899	0.052689	0.10342	3.851
973.59	0.14191	0.076045	-0.11024	-0.2021	-0.41243	-0.56237	-0.75823	-0.9314	-1.0886	-1.2111	-1.2122	-0.94639	-0.39712	0.24613	0.58961	0.75549	0.87396	0.71843	0.35478	-0.037305	-0.30441	-0.42035	-0.47167	-0.4346	-0.33018	-0.26418	-0.20336	-0.089012	0.038667	0.12291	3.867
974.53	0.12048	0.085253	-0.10844	-0.21941	-0.42457	-0.52795	-0.74567	-0.9578	-1.0939	-1.1995	-1.1932	-0.91387	-0.39385	0.25225	0.59542	0.75486	0.85865	0.70681	0.36661	-0.02569	-0.30568	-0.42468	-0.46628	-0.42827	-0.35151	-0.25468	-0.18932	-0.088938	0.052583	0.1228	3.845
976.43	0.13843	0.078896	-0.10654	-0.21572	-0.41739	-0.5403	-0.73194	-0.93172	-1.0855	-1.2048	-1.2016	-0.93246	-0.40472	0.25003	0.58781	0.7632	0.86963	0.70365	0.34559	-0.020685	-0.29248	-0.41602	-0.4553	-0.43482	-0.36756	-0.26186	-0.20431	-0.091968	0.042024	0.11657	3.861
977.37	0.15954	0.086541	-0.084809	-0.22343	-0.4326	-0.52816	-0.74694	-0.93436	-1.0907	-1.2122	-1.2143	-0.94133	-0.40293	0.25933	0.60312	0.76415	0.85136	0.69699	0.34802	-0.027263	-0.27981	-0.40662	-0.48149	-0.44052	-0.34897	-0.26017	-0.18425	-0.098367	0.055909	0.080353	3.883
974.53	0.13104	0.083658	-0.069932	-0.20812	-0.41496	-0.53618	-0.75718	-0.9428	-1.0939	-1.2111	-1.2259	-0.91968	-0.40536	0.28995	0.60133	0.75158	0.8501	0.69858	0.36228	-0.032289	-0.2852	-0.4458	-0.49247	-0.46111	-0.36819	-0.27316	-0.19386	-0.10345	0.057778	0.095611	3.905
973.59	0.12217	0.088431	-0.12206	-0.21329	-0.4157	-0.53365	-0.74292	-0.93953	-1.0939	-1.2132	-1.2227	-0.95136	-0.41782	0.26355	0.59288	0.74842	0.85802	0.68559	0.36016	-0.045593	-0.30135	-0.43735	-0.47336	-0.45741	-0.32257	-0.26894	-0.22343	-0.10524	0.03344	0.10633	3.877
971.69	0.10865	0.096361	-0.14909	-0.22955	-0.43207	-0.51939	-0.77027	-0.92707	-1.0865	-1.2111	-1.2132	-0.94217	-0.40092	0.25299	0.61305	0.76151	0.86456	0.69171	0.36639	-0.049004	-0.30346	-0.45361	-0.47937	-0.41898	-0.36185	-0.25859	-0.18066	-0.11361	0.023018	0.1172	3.893
969.8	0.10728	0.07633	-0.13251	-0.21245	-0.40937	-0.55086	-0.76446	-0.9654	-1.1108	-1.2238	-1.2143	-0.94354	-0.40451	0.25341	0.60133	0.76415	0.88199	0.70217	0.35742	-0.040768	-0.30864	-0.44495	-0.49996	-0.45298	-0.34538	-0.27147	-0.21646	-0.10559	0.054579	0.10217	3.854
970.74	0.10422	0.090258	-0.12238	-0.22026	-0.42478	-0.56416	-0.75391	-0.97786	-1.1087	-1.2111	-1.2111	-0.94639	-0.40282	0.24856	0.57409	0.75802	0.85253	0.69404	0.3627	-0.045731	-0.28963	-0.42024	-0.47483	-0.42098	-0.37305	-0.2947	-0.22417	-0.11699	0.03004	0.12185	3.867
970.74	0.13621	0.073173	-0.10051	-0.20431	-0.39036	-0.50113	-0.74852	-0.94555	-1.095	-1.2111	-1.2048	-0.95569	-0.41011	0.27221	0.58982	0.76077	0.84429	0.71114	0.37072	-0.037421	-0.29428	-0.4232	-0.48307	-0.45868	-0.34971	-0.26503	-0.21329	-0.099043	0.084292	0.12787	3.848
969.8	0.095104	0.073226	-0.07198	-0.19333	-0.42183	-0.52193	-0.76795	-0.93964	-1.096	-1.2174	-1.209	-0.9484	-0.40156	0.26292	0.6045	0.78432	0.87554	0.71948	0.35203	-0.049078	-0.31656	-0.42964	-0.4817	-0.43175	-0.37009	-0.27295	-0.21804	-0.10073	0.063332	0.094597	3.848
969.8	0.12565	0.071674	-0.10225	-0.22036	-0.41085	-0.57293	-0.74725	-0.94122	-1.0971	-1.2174	-1.2248	-0.9484	-0.41338	0.25183	0.59816	0.76415	0.84154	0.699	0.3533	-0.057388	-0.28984	-0.44041	-0.45182	-0.46047	-0.35151	-0.29016	-0.19481	-0.12512	0.06158	0.12037	3.854
968.85	0.1303	0.088811	-0.10907	-0.23652	-0.41592	-0.5308	-0.75306	-0.95812	-1.1066	-1.2217	-1.2143	-0.96667	-0.40631	0.24718	0.60978	0.76478	0.86013	0.69647	0.36449	-0.032479	-0.28847	-0.44379	-0.48212	-0.44728	-0.34718	-0.25922	-0.21361	-0.068253	0.065138	0.10529	3.845
968.85	0.11361	0.10128	-0.11245	-0.22385	-0.39416	-0.52932	-0.76541	-0.9521	-1.1002	-1.2164	-1.209	-0.97184	-0.408	0.24887	0.6084	0.76795	0.87174	0.70935	0.35647	-0.042478	-0.29333	-0.44706	-0.48391	-0.44284	-0.34422	-0.28425	-0.20748	-0.094333	0.058148	0.093193	3.861
969.8	0.12269	0.071716	-0.12417	-0.22691	-0.42362	-0.55793	-0.76499	-0.94344	-1.1055	-1.2312	-1.2481	-0.96804	-0.41655	0.25827	0.59056	0.75739	0.8389	0.69161	0.36302	-0.060745	-0.31043	-0.44833	-0.48032	-0.45171	-0.37188	-0.28097	-0.2135	-0.087766	0.026566	0.074937	3.87
970.74	0.13917	0.076235	-0.11224	-0.18351	-0.43059	-0.54674	-0.75665	-0.94977	-1.1002	-1.2174	-1.2269	-0.96625	-0.41285	0.2324	0.58475	0.7444	0.85189	0.70449	0.3759	-0.045688	-0.29259	-0.44749	-0.49109	-0.43724	-0.37579	-0.29597	-0.20695	-0.090859	0.04401	0.10204	3.854
972.64	0.11309	0.049785	-0.11203	-0.23874	-0.41898	-0.57968	-0.77238	-0.95759	-1.1045	-1.2185	-1.2269	-0.96287	-0.41655	0.24623	0.58676	0.75887	0.85506	0.69689	0.35362	-0.032352	-0.29671	-0.43439	-0.47188	-0.44854	-0.3628	-0.27062	-0.21741	-0.1134	0.057894	0.092792	3.854
973.59	0.11752	0.086868	-0.12364	-0.23219	-0.43577	-0.55381	-0.75655	-0.9314	-1.0833	-1.2005	-1.2269	-0.97026	-0.41919	0.23029	0.57377	0.75697	0.85295	0.71526	0.35742	-0.053861	-0.30906	-0.45868	-0.47821	-0.44221	-0.33788	-0.25806	-0.22184	-0.098736	0.043904	0.11383	3.87
973.59	0.1191	0.088452	-0.090184	-0.23071	-0.42669	-0.56089	-0.76193	-0.95579	-1.0971	-1.2079	-1.2301	-0.96593	-0.41644	0.24148	0.60091	0.75148	0.85812	0.72022	0.34	-0.06216	-0.29354	-0.44812	-0.47346	-0.45593	-0.35341	-0.28139	-0.20653	-0.10526	0.047409	0.09881	3.861
972.64	0.10099	0.093182	-0.1171	-0.19439	-0.43175	-0.55297	-0.77302	-0.94713	-1.1023	-1.2227	-1.2291	-0.95738	-0.41539	0.24803	0.59204	0.75655	0.86551	0.7084	0.3647	-0.043988	-0.2985	-0.42257	-0.47726	-0.42774	-0.34612	-0.28794	-0.22216	-0.09238	0.066679	0.10643	3.864
969.8	0.12713	0.082518	-0.11404	-0.25531	-0.42489	-0.56944	-0.76087	-0.95716	-1.096	-1.2037	-1.2143	-0.96086	-0.41771	0.25331	0.59489	0.7538	0.86731	0.70671	0.37357	-0.03079	-0.30389	-0.42806	-0.48655	-0.43767	-0.33134	-0.26207	-0.2211	-0.076309	0.080828	0.11425	3.854
967.9	0.13199	0.093573	-0.097395	-0.21604	-0.41317	-0.5177	-0.75391	-0.94629	-1.1023	-1.2227	-1.2322	-0.94851	-0.40082	0.27295	0.6103	0.75391	0.85284	0.69245	0.35129	-0.034179	-0.28403	-0.44126	-0.48423	-0.43862	-0.34749	-0.28287	-0.19988	-0.091134	0.061696	0.096287	3.851
967.9	0.1474	0.10297	-0.11604	-0.21931	-0.42595	-0.54199	-0.73363	-0.95495	-1.1182	-1.246	-1.2301	-0.94914	-0.40398	0.26672	0.59647	0.76742	0.8502	0.72603	0.35425	-0.042531	-0.30315	-0.43228	-0.48286	-0.46164	-0.35235	-0.26587	-0.21086	-0.078146	0.072265	0.11002	3.95
966.01	0.12301	0.099982	-0.095885	-0.2116	-0.42964	-0.56311	-0.77428	-0.92866	-1.0907	-1.2164	-1.2196	-0.94872	-0.41486	0.26545	0.59721	0.78579	0.88209	0.72846	0.37104	-0.062604	-0.29565	-0.459	-0.47853	-0.45762	-0.36217	-0.2928	-0.21572	-0.094576	0.053016	0.10707	3.877
966.01	0.11699	0.096899	-0.1077	-0.21804	-0.41412	-0.53259	-0.76077	-0.96941	-1.1097	-1.2185	-1.2386	-0.95072	-0.41507	0.25764	0.60217	0.77017	0.86942	0.70988	0.36027	-0.052615	-0.30674	-0.44073	-0.48201	-0.44569	-0.34211	-0.27886	-0.19882	-0.05705	0.075908	0.10412	3.835
965.06	0.13241	0.095463	-0.11298	-0.21677	-0.4194	-0.5555	-0.77724	-0.94471	-1.1023	-1.2238	-1.2069	-0.95189	-0.39628	0.25151	0.60133	0.76098	0.86889	0.71864	0.36344	-0.045995	-0.31349	-0.45361	-0.47927	-0.43555	-0.34718	-0.27136	-0.21456	-0.11921	0.047821	0.098156	3.867
963.17	0.13262	0.075274	-0.082623	-0.21065	-0.40895	-0.5459	-0.74366	-0.94756	-1.1055	-1.2291	-1.228	-0.95632	-0.38931	0.2551	0.61643	0.78231	0.87818	0.73374	0.36523	-0.049405	-0.29649	-0.42943	-0.48655	-0.4346	-0.35383	-0.27485	-0.21329	-0.086667	0.058465	0.13188	3.889
963.17	0.13262	0.084651	-0.079234	-0.18172	-0.43566	-0.54421	-0.7575	-0.92	-1.0844	-1.2122	-1.2227	-0.94027	-0.38931	0.27105	0.60534	0.77207	0.87818	0.7179	0.36798	-0.056089	-0.29649	-0.43408	-0.47821	-0.43608	-0.36946	-0.2607	-0.18995	-0.099761	0.060228	0.09522	3.864
963.17	0.1435	0.089392	-0.103	-0.20917	-0.43587	-0.54632	-0.74757	-0.94006	-1.1023	-1.228	-1.2079	-0.94249	-0.39406	0.27443	0.60883	0.76679	0.87544	0.72318	0.37642	-0.036038	-0.29512	-0.44052	-0.47515	-0.44559	-0.34633	-0.28435	-0.18848	-0.089994	0.074377	0.10749	3.873
962.22	0.14825	0.10198	-0.12174	-0.19164	-0.44094	-0.56216	-0.75169	-0.92137	-1.0907	-1.2227	-1.2174	-0.9239	-0.38836	0.27939	0.62857	0.78632	0.8729	0.7142	0.36439	-0.051147	-0.28583	-0.44865	-0.47557	-0.42605	-0.34031	-0.26112	-0.1964	-0.081874	0.060312	0.1152	3.864
962.22	0.13441	0.10044	-0.092929	-0.1965	-0.37336	-0.53143	-0.73796	-0.93457	-1.0833	-1.1995	-1.2037	-0.92739	-0.38846	0.2683	0.61432	0.78505	0.89434	0.71758	0.35763	-0.051158	-0.28266	-0.43323	-0.4723	-0.43682	-0.35288	-0.26587	-0.18869	-0.10321	0.069161	0.10455	3.909
962.22	0.13431	0.075369	-0.096287	-0.206	-0.43777	-0.5535	-0.77407	-0.939	-1.0876	-1.2037	-1.2079	-0.94143	-0.38234	0.26492	0.614	0.77745	0.88579	0.71568	0.37938	-0.046111	-0.29048	-0.4176	-0.46544	-0.41222	-0.36365	-0.26577	-0.2135	-0.081853	0.049711	0.11826	3.825
963.17	0.1342	0.12058	-0.091123	-0.21867	-0.43112	-0.55814	-0.7387	-0.95769	-1.1055	-1.2196	-1.2164	-0.94544	-0.39395	0.27274	0.62466	0.77238	0.87195	0.72614	0.36946	-0.0444	-0.29502	-0.43112	-0.48508	-0.42711	-0.33535	-0.26239	-0.20558	-0.098166	0.053196	0.093731	3.857
964.12	0.12945	0.095484	-0.1265	-0.24243	-0.42257	-0.55392	-0.75665	-0.96603	-1.1076	-1.2185	-1.2322	-0.97448	-0.40673	0.2532	0.61738	0.77714	0.87238	0.71874	0.34443	-0.037653	-0.31508	-0.44284	-0.50113	-0.4402	-0.35193	-0.26049	-0.21456	-0.10293	0.044316	0.11646	3.854
966.01	0.12164	0.095389	-0.10273	-0.21815	-0.41592	-0.57557	-0.7991	-0.97142	-1.1129	-1.2227	-1.2407	-0.96392	-0.40631	0.2513	0.60091	0.78358	0.86488	0.7386	0.36312	-0.019249	-0.28477	-0.43165	-0.47219	-0.46417	-0.33134	-0.2852	-0.20041	-0.099549	0.07066	0.10569	3.857
964.12	0.12174	0.076753	-0.12819	-0.21361	-0.41951	-0.55909	-0.78949	-0.94175	-1.095	-1.2132	-1.2301	-0.95368	-0.3949	0.26112	0.60154	0.75823	0.88051	0.73458	0.36492	-0.042669	-0.29776	-0.42742	-0.48444	-0.43724	-0.35657	-0.28551	-0.18974	-0.099655	0.046079	0.073786	3.829
963.17	0.12502	0.073743	-0.1115	-0.22997	-0.39332	-0.55645	-0.78548	-0.95928	-1.1055	-1.2185	-1.2386	-0.96952	-0.41328	0.2456	0.59594	0.75792	0.88177	0.72614	0.37083	-0.041053	-0.32194	-0.43577	-0.49352	-0.41951	-0.36333	-0.28435	-0.2134	-0.088336	0.046142	0.098314	3.848
962.22	0.12966	0.095685	-0.096266	-0.23335	-0.42035	-0.52763	-0.76351	-0.95664	-1.1055	-1.2206	-1.2238	-0.94608	-0.40314	0.24095	0.61548	0.76858	0.87744	0.72181	0.36565	-0.037727	-0.29998	-0.43756	-0.48539	-0.44115	-0.37452	-0.26566	-0.21973	-0.081832	0.077935	0.12586	3.854
962.22	0.14508	0.097269	-0.099676	-0.21413	-0.45509	-0.5535	-0.77059	-0.96825	-1.1087	-1.2185	-1.2185	-0.93341	-0.37495	0.26176	0.62847	0.77164	0.89233	0.74419	0.3438	-0.024338	-0.29681	-0.42067	-0.47716	-0.44126	-0.34813	-0.26894	-0.19175	-0.091694	0.074419	0.10601	3.88
962.22	0.136	0.10202	-0.13368	-0.21899	-0.41908	-0.54695	-0.76415	-0.96878	-1.1161	-1.2312	-1.2354	-0.95643	-0.39005	0.28118	0.60967	0.76774	0.87649	0.70819	0.36597	-0.051168	-0.28277	-0.41475	-0.47916	-0.43999	-0.36861	-0.26123	-0.23399	-0.09503	0.067408	0.1076	3.883
960.33	0.13146	0.07708	-0.11689	-0.22892	-0.44168	-0.54421	-0.77376	-0.9635	-1.1108	-1.2248	-1.2375	-0.95284	-0.42341	0.26872	0.59278	0.77597	0.86615	0.73448	0.38012	-0.044516	-0.28784	-0.44622	-0.49648	-0.45129	-0.33472	-0.27728	-0.20769	-0.09351	0.067493	0.11541	3.886
960.33	0.11773	0.07085	-0.13389	-0.21466	-0.43724	-0.55656	-0.79857	-0.96899	-1.1203	-1.2386	-1.247	-0.94375	-0.40578	0.26408	0.62994	0.78083	0.86509	0.7047	0.36935	-0.032796	-0.28646	-0.43724	-0.4817	-0.43165	-0.33957	-0.29628	-0.20157	-0.090279	0.048064	0.086393	3.867
959.38	0.13009	0.086572	-0.12544	-0.21794	-0.42014	-0.56374	-0.76584	-0.95801	-1.1192	-1.2449	-1.228	-0.96677	-0.40884	0.24813	0.59827	0.76658	0.8671	0.71135	0.3627	-0.032807	-0.28023	-0.44358	-0.47177	-0.45023	-0.36164	-0.29016	-0.20484	-0.11995	0.058708	0.11551	3.864
960.33	0.11921	0.078696	-0.11858	-0.22427	-0.41359	-0.55487	-0.7708	-0.97385	-1.1256	-1.2428	-1.2428	-0.96635	-0.41623	0.24476	0.59637	0.76182	0.87164	0.72223	0.37347	-0.049585	-0.30557	-0.44347	-0.49511	-0.46533	-0.374	-0.29153	-0.21403	-0.10014	0.042753	0.11087	3.873
962.22	0.13589	0.070702	-0.10823	-0.22058	-0.43165	-0.54854	-0.79171	-0.97997	-1.1287	-1.2449	-1.2512	-0.97237	-0.40493	0.2475	0.6159	0.76172	0.85844	0.71125	0.359	-0.039427	-0.29216	-0.42088	-0.49078	-0.44295	-0.34359	-0.2721	-0.21677	-0.075327	0.049732	0.099972	3.88
964.12	0.12491	0.075243	-0.11815	-0.21857	-0.42447	-0.53713	-0.75538	-0.94713	-1.0971	-1.2132	-1.2428	-0.96234	-0.42637	0.255	0.60661	0.78051	0.86636	0.7161	0.36375	-0.03099	-0.29797	-0.41845	-0.49479	-0.43904	-0.34591	-0.26059	-0.19914	-0.099718	0.054917	0.13632	3.877
966.01	0.13537	0.085981	-0.10601	-0.24359	-0.43133	-0.5479	-0.75369	-0.95474	-1.1076	-1.2269	-1.2544	-0.96012	-0.41792	0.24644	0.60999	0.7671	0.86277	0.71442	0.36428	-0.042595	-0.3004	-0.44833	-0.49025	-0.44706	-0.35446	-0.29121	-0.21741	-0.10112	0.047758	0.10717	3.873
967.9	0.12745	0.088927	-0.10415	-0.20484	-0.42267	-0.55191	-0.77819	-0.97554	-1.115	-1.2238	-1.2481	-0.96466	-0.4364	0.26186	0.57715	0.75992	0.85633	0.71779	0.35679	-0.029195	-0.29195	-0.43513	-0.47272	-0.44928	-0.35847	-0.29069	-0.20453	-0.11562	0.065222	0.10238	3.873
969.8	0.10738	0.10591	-0.12079	-0.22997	-0.44231	-0.54083	-0.7803	-0.93203	-1.0939	-1.2196	-1.246	-0.97902	-0.42394	0.24549	0.60312	0.74567	0.85654	0.69615	0.37516	-0.040778	-0.28995	-0.44675	-0.47357	-0.4516	-0.34243	-0.28245	-0.21044	-0.08124	0.066859	0.13251	3.877
970.74	0.10261	0.087079	-0.13568	-0.22807	-0.44157	-0.55012	-0.75148	-0.94006	-1.1119	-1.246	-1.2565	-0.98536	-0.43355	0.2324	0.59426	0.74873	0.85833	0.72645	0.37727	-0.035731	-0.28625	-0.43988	-0.48613	-0.44326	-0.35267	-0.2929	-0.18531	-0.090859	0.063248	0.10654	3.873
971.69	0.10559	0.091715	-0.075232	-0.21213	-0.40874	-0.57546	-0.77545	-0.95917	-1.1161	-1.2375	-1.2354	-0.96603	-0.43344	0.23399	0.58306	0.75581	0.86298	0.71684	0.36903	-0.039047	-0.27992	-0.40757	-0.46111	-0.43862	-0.35098	-0.28815	-0.22543	-0.10221	0.051	0.10812	3.835
970.74	0.14698	0.079392	-0.083722	-0.22828	-0.43724	-0.56754	-0.76077	-0.93605	-1.1023	-1.2312	-1.247	-0.97501	-0.44421	0.23578	0.57409	0.74789	0.86382	0.7066	0.37083	-0.034105	-0.28963	-0.43101	-0.48983	-0.45731	-0.34982	-0.27759	-0.21329	-0.084429	0.080807	0.13853	3.87
969.8	0.1531	0.091862	-0.12079	-0.22205	-0.43598	-0.53903	-0.76805	-0.95273	-1.1034	-1.2206	-1.2428	-0.96931	-0.45044	0.22966	0.56976	0.74979	0.87248	0.71178	0.38192	-0.037452	-0.29459	-0.42975	-0.47684	-0.41359	-0.36397	-0.2871	-0.20727	-0.086108	0.051084	0.12185	3.857
968.85	0.14255	0.11372	-0.10066	-0.22374	-0.43619	-0.53935	-0.76341	-0.92749	-1.096	-1.228	-1.2364	-0.9635	-0.427	0.24718	0.59383	0.76035	0.88272	0.71378	0.37801	-0.015849	-0.28689	-0.41771	-0.46544	-0.43967	-0.33324	-0.29343	-0.2059	-0.10407	0.031835	0.10225	3.867
967.9	0.15342	0.081166	-0.10081	-0.21445	-0.41803	-0.5214	-0.78516	-0.93214	-1.0971	-1.2248	-1.2502	-0.97448	-0.45583	0.23483	0.58042	0.77164	0.89212	0.72265	0.38677	-0.042521	-0.27633	-0.43365	-0.48117	-0.42362	-0.36164	-0.27052	-0.22163	-0.10259	0.052942	0.11002	3.841
967.9	0.1152	0.079582	-0.095706	-0.21276	-0.41792	-0.54336	-0.77798	-0.96561	-1.1161	-1.2343	-1.2312	-0.98525	-0.43344	0.238	0.58496	0.75686	0.87069	0.71927	0.38529	-0.014202	-0.27305	-0.40736	-0.49922	-0.45076	-0.34908	-0.2532	-0.19217	-0.082993	0.09503	0.10992	3.87
968.85	0.12882	0.082634	-0.093964	-0.21582	-0.40979	-0.52425	-0.75855	-0.94893	-1.1055	-1.2269	-1.2375	-0.95907	-0.42278	0.24729	0.57504	0.75929	0.854	0.71874	0.38635	-0.019186	-0.28224	-0.42552	-0.46237	-0.42468	-0.32564	-0.28425	-0.19819	-0.10085	0.08445	0.10534	3.864
968.85	0.14107	0.071748	-0.11752	-0.1983	-0.41127	-0.53945	-0.72054	-0.9729	-1.1224	-1.2386	-1.228	-0.96688	-0.41233	0.23779	0.58919	0.77069	0.85379	0.71706	0.3646	-0.019175	-0.28382	-0.42088	-0.48381	-0.44273	-0.37051	-0.26545	-0.19038	-0.084545	0.061643	0.10833	3.873
967.9	0.1228	0.067123	-0.08558	-0.21276	-0.42563	-0.53808	-0.77091	-0.94925	-1.1045	-1.2259	-1.2217	-0.96266	-0.41845	0.2474	0.58327	0.7726	0.84133	0.70966	0.35805	-0.017528	-0.26672	-0.4288	-0.47916	-0.44157	-0.26999	-0.28594	-0.1983	-0.11066	0.044136	0.10844	3.867
967.9	0.13357	0.099813	-0.090669	-0.19207	-0.41803	-0.53998	-0.78505	-0.95452	-1.1045	-1.2206	-1.2291	-0.96625	-0.40979	0.26028	0.59457	0.7613	0.86435	0.68781	0.36354	-0.03419	-0.28414	-0.43672	-0.46776	-0.40229	-0.34454	-0.25331	-0.19376	-0.094418	0.089782	0.1115	3.883
967.9	0.13811	0.090479	-0.092359	-0.20484	-0.39765	-0.55191	-0.76087	-0.91577	-1.0781	-1.2048	-1.2132	-0.94555	-0.40979	0.26028	0.60091	0.77143	0.86277	0.72096	0.37991	-0.039184	-0.28256	-0.4213	-0.48603	-0.43566	-0.34295	-0.28139	-0.20917	-0.089529	0.079255	0.10542	3.893
968.85	0.11657	0.062424	-0.11245	-0.21899	-0.45034	-0.55476	-0.77386	-0.939	-1.0939	-1.2143	-1.2417	-0.93341	-0.41085	0.25204	0.5988	0.7331	0.85865	0.70132	0.37811	-0.042468	-0.28382	-0.43619	-0.48054	-0.4307	-0.34411	-0.27791	-0.20896	-0.10083	0.075665	0.1341	3.864
968.85	0.12428	0.10437	-0.075422	-0.21266	-0.40979	-0.56332	-0.77386	-0.93098	-1.0939	-1.2206	-1.2206	-0.9446	-0.40493	0.25838	0.59246	0.76637	0.86023	0.72339	0.38086	-0.025838	-0.29164	-0.41782	-0.46385	-0.41697	-0.33482	-0.2702	-0.20431	-0.092686	0.052879	0.079519	3.835
969.8	0.11351	0.11826	-0.12417	-0.21889	-0.40947	-0.55614	-0.73384	-0.93679	-1.0928	-1.2153	-1.2428	-0.95674	-0.43133	0.24391	0.58729	0.76003	0.85971	0.71663	0.38329	-0.017507	-0.28361	-0.41908	-0.47029	-0.41528	-0.34243	-0.27464	-0.1965	-0.086129	0.045836	0.088568	3.88
969.8	0.12565	0.094967	-0.11742	-0.2172	-0.41254	-0.52203	-0.76805	-0.97533	-1.1129	-1.2196	-1.2248	-0.96287	-0.4401	0.23916	0.5555	0.75127	0.84661	0.73068	0.37379	-0.0025426	-0.28361	-0.42975	-0.47684	-0.43482	-0.35161	-0.26524	-0.21963	-0.08936	0.096625	0.10068	3.883
968.85	0.13346	0.099729	-0.11921	-0.22385	-0.45667	-0.52763	-0.75338	-0.94249	-1.1055	-1.2312	-1.2301	-0.96234	-0.43756	0.25215	0.57979	0.75781	0.86689	0.71568	0.3891	-0.04081	-0.28541	-0.43482	-0.47568	-0.43682	-0.34422	-0.25933	-0.20748	-0.10085	0.035351	0.094713	3.857
967.9	0.11974	0.073363	-0.13283	-0.20643	-0.45234	-0.5535	-0.75042	-0.95115	-1.1045	-1.2227	-1.2417	-0.98208	-0.42742	0.23156	0.58338	0.7424	0.84968	0.72709	0.3703	-0.027517	-0.2872	-0.42426	-0.46427	-0.42489	-0.36302	-0.26725	-0.20611	-0.097659	0.042394	0.097807	3.883
966.96	0.12291	0.078094	-0.10422	-0.2513	-0.41665	-0.54378	-0.77175	-0.93573	-1.0971	-1.2227	-1.2248	-0.95727	-0.41898	0.2286	0.58391	0.74155	0.86002	0.70882	0.37062	-0.035879	-0.28425	-0.43387	-0.46639	-0.442	-0.32606	-0.28467	-0.20315	-0.11889	0.063501	0.11615	3.877
966.01	0.11541	0.08445	-0.1044	-0.22131	-0.42996	-0.54125	-0.7765	-0.95674	-1.114	-1.2354	-1.2185	-0.95252	-0.4137	0.24486	0.59119	0.77038	0.87122	0.71948	0.36038	-0.025922	-0.28953	-0.43154	-0.49215	-0.45034	-0.33905	-0.26017	-0.2097	-0.093003	0.047779	0.10569	3.877
964.12	0.1095	0.068971	-0.13336	-0.21361	-0.43524	-0.55572	-0.75507	-0.95484	-1.1097	-1.2312	-1.246	-0.96667	-0.42024	0.23884	0.58887	0.7613	0.88061	0.72371	0.36354	-0.032648	-0.29776	-0.42901	-0.48782	-0.4327	-0.33651	-0.26207	-0.20685	-0.11108	0.058412	0.099718	3.877
963.17	0.1342	0.086266	-0.11995	-0.23958	-0.46575	-0.54801	-0.76837	-0.9465	-1.1013	-1.2217	-1.2428	-0.94724	-0.40293	0.26957	0.60407	0.75222	0.86235	0.70417	0.34908	-0.041064	-0.31085	-0.42964	-0.49363	-0.45319	-0.36344	-0.27189	-0.21963	-0.12766	0.069087	0.093753	3.893
962.22	0.119	0.083225	-0.099718	-0.22702	-0.4364	-0.56395	-0.76225	-0.92475	-1.1013	-1.2386	-1.2481	-0.96107	-0.41687	0.25553	0.59668	0.7632	0.86488	0.72392	0.359	-0.03608	-0.30494	-0.43482	-0.46565	-0.43534	-0.36228	-0.2815	-0.223	-0.10485	0.081515	0.11066	3.893
961.27	0.1037	0.077048	-0.11171	-0.21276	-0.43841	-0.53882	-0.75433	-0.96635	-1.114	-1.2291	-1.2259	-0.94122	-0.41275	0.24454	0.60376	0.7727	0.87238	0.70555	0.36903	-0.054568	-0.29248	-0.44453	-0.48117	-0.4648	-0.36259	-0.27559	-0.22945	-0.11974	0.06216	0.098546	3.88
961.27	0.12681	0.086446	-0.11847	-0.24497	-0.4289	-0.5989	-0.78558	-0.97121	-1.1256	-1.246	-1.2491	-0.95727	-0.41275	0.2589	0.60376	0.77133	0.85928	0.69288	0.3608	-0.039469	-0.28773	-0.44918	-0.49796	-0.44347	-0.3439	-0.27717	-0.1983	-0.12143	0.051549	0.060291	3.87
961.27	0.11287	0.083278	-0.1303	-0.19344	-0.43028	-0.57641	-0.7783	-0.98219	-1.1287	-1.2428	-1.2428	-0.973	-0.40958	0.25563	0.59869	0.76953	0.85242	0.69731	0.34422	-0.059573	-0.3098	-0.44749	-0.49109	-0.43555	-0.34528	-0.2739	-0.21065	-0.090141	0.028562	0.09238	3.905
961.27	0.12829	0.091081	-0.10315	-0.23515	-0.43651	-0.58655	-0.77122	-0.95928	-1.1066	-1.2206	-1.2322	-0.96635	-0.42742	0.26524	0.59858	0.76499	0.85876	0.71463	0.35784	-0.0495	-0.3003	-0.43809	-0.46248	-0.44316	-0.325	-0.28794	-0.23092	-0.11309	0.056817	0.1046	3.909
962.22	0.13589	0.076964	-0.11499	-0.23663	-0.4647	-0.56912	-0.78125	-0.93774	-1.1119	-1.2481	-1.246	-0.96266	-0.43028	0.26028	0.57599	0.75591	0.83722	0.70481	0.36998	-0.049479	-0.30969	-0.43482	-0.49405	-0.44601	-0.33577	-0.29259	-0.21836	-0.080248	0.047969	0.095379	3.889
964.12	0.13864	0.086161	-0.12322	-0.20886	-0.44474	-0.56099	-0.74314	-0.9729	-1.1224	-1.2386	-1.2375	-0.95727	-0.40842	0.25648	0.57789	0.75422	0.85485	0.71906	0.36777	-0.042679	-0.30579	-0.44611	-0.47959	-0.42827	-0.34897	-0.2778	-0.19291	-0.11277	0.060186	0.096688	3.905
965.06	0.13547	0.10633	-0.11456	-0.20062	-0.44896	-0.53819	-0.76827	-0.95241	-1.095	-1.2048	-1.2206	-0.94513	-0.41539	0.25141	0.60112	0.76066	0.87502	0.70882	0.35098	-0.061009	-0.28646	-0.43028	-0.47578	-0.42774	-0.37347	-0.27749	-0.22385	-0.10123	0.040768	0.12555	3.87
966.96	0.11995	0.087481	-0.11446	-0.21308	-0.4138	-0.58	-0.77914	-0.97997	-1.1182	-1.2259	-1.2238	-0.96434	-0.41475	0.24307	0.59373	0.7594	0.87037	0.70291	0.36133	-0.039237	-0.29238	-0.43566	-0.49996	-0.44379	-0.36196	-0.29111	-0.2002	-0.073321	0.06706	0.091862	3.889
967.9	0.12438	0.073405	-0.11942	-0.23525	-0.41655	-0.55223	-0.74915	-0.94196	-1.0992	-1.2206	-1.246	-0.95389	-0.42035	0.27305	0.60281	0.76024	0.84535	0.68971	0.35964	-0.050862	-0.29048	-0.43682	-0.47293	-0.41908	-0.33377	-0.27052	-0.19692	-0.10749	0.037157	0.081156	3.893
966.96	0.14138	0.089054	-0.11108	-0.22596	-0.40293	-0.55445	-0.77587	-0.94618	-1.1045	-1.2269	-1.228	-0.9597	-0.41634	0.25267	0.59869	0.75517	0.85432	0.69203	0.34369	-0.052583	-0.30821	-0.43577	-0.49173	-0.44537	-0.38382	-0.25679	-0.21878	-0.096181	0.061801	0.13146	3.889
966.01	0.1323	0.079741	-0.099285	-0.21487	-0.43756	-0.54104	-0.77956	-0.93203	-1.095	-1.2206	-1.2174	-0.9521	-0.41201	0.24961	0.59098	0.75549	0.86277	0.70016	0.35203	-0.0476	-0.30357	-0.43904	-0.47357	-0.43038	-0.34982	-0.2663	-0.18943	-0.079899	0.028414	0.13304	3.912
966.01	0.12005	0.09069	-0.11287	-0.23092	-0.44717	-0.57715	-0.77302	-0.94861	-1.1066	-1.2291	-1.2238	-0.9749	-0.39881	0.24972	0.59911	0.76309	0.84524	0.70681	0.33989	-0.050957	-0.30209	-0.42067	-0.48212	-0.43207	-0.36397	-0.3023	-0.21593	-0.08483	0.081198	0.10569	3.925
965.06	0.13399	0.078284	-0.12312	-0.24708	-0.43028	-0.5554	-0.74778	-0.94618	-1.1002	-1.2196	-1.2386	-0.93562	-0.4081	0.25785	0.5933	0.75359	0.85084	0.7122	0.34971	-0.057683	-0.29924	-0.4458	-0.49257	-0.42785	-0.32384	-0.29164	-0.19745	-0.11108	0.049574	0.08899	3.896
965.06	0.11245	0.078305	-0.1045	-0.21994	-0.42405	-0.57261	-0.7462	-0.94312	-1.0981	-1.2185	-1.2248	-0.94872	-0.41116	0.24043	0.59816	0.77555	0.87702	0.72022	0.35657	-0.049342	-0.29924	-0.42426	-0.47262	-0.43101	-0.36122	-0.29639	-0.18974	-0.11435	0.067197	0.1058	3.905
965.06	0.12628	0.079846	-0.11636	-0.22153	-0.43028	-0.5554	-0.77365	-0.9332	-1.096	-1.2227	-1.2407	-0.95812	-0.40208	0.25468	0.60122	0.75644	0.85242	0.69794	0.35246	-0.049331	-0.2834	-0.42573	-0.48254	-0.43545	-0.37199	-0.2948	-0.20833	-0.079994	0.06366	0.13473	3.883
966.01	0.15226	0.092264	-0.14159	-0.21656	-0.40652	-0.54822	-0.74208	-0.93267	-1.095	-1.2217	-1.2291	-0.95431	-0.42415	0.24813	0.57863	0.75887	0.85844	0.72434	0.37262	-0.032606	-0.30378	-0.43936	-0.49057	-0.45044	-0.3609	-0.25553	-0.19259	-0.093013	0.07594	0.11182	3.889
966.01	0.11995	0.07973	-0.13135	-0.21963	-0.40926	-0.56311	-0.73807	-0.9351	-1.0855	-1.2016	-1.2227	-0.95674	-0.43418	0.25595	0.57335	0.76837	0.86097	0.71906	0.36967	-0.032574	-0.28773	-0.43123	-0.47188	-0.44242	-0.34348	-0.26154	-0.19555	-0.079878	0.075876	0.10559	3.918
966.01	0.1247	0.089128	-0.12301	-0.24212	-0.43144	-0.52077	-0.77302	-0.94703	-1.0939	-1.209	-1.2343	-0.94608	-0.42109	0.26408	0.6007	0.76594	0.88104	0.70365	0.37526	-0.054294	-0.28161	-0.4176	-0.47716	-0.42595	-0.37326	-0.26798	-0.17866	-0.096266	0.068886	0.1209	3.893
966.01	0.12618	0.081335	-0.09257	-0.23251	-0.44242	-0.56173	-0.7557	-0.94534	-1.1034	-1.2259	-1.2396	-0.95727	-0.44337	0.23219	0.58486	0.77471	0.87449	0.72265	0.36713	-0.030927	-0.30209	-0.43619	-0.47209	-0.43207	-0.34063	-0.26017	-0.21741	-0.099528	0.06537	0.095009	3.883
965.06	0.13399	0.092348	-0.1265	-0.22638	-0.44453	-0.5384	-0.77904	-0.94798	-1.1013	-1.2217	-1.2491	-0.9711	-0.44231	0.2324	0.56955	0.74789	0.84608	0.70122	0.35657	-0.04099	-0.29766	-0.42573	-0.48096	-0.44928	-0.3628	-0.30103	-0.19439	-0.065296	0.072476	0.10728	3.909
966.01	0.14159	0.082909	-0.11794	-0.22459	-0.44094	-0.55677	-0.74556	-0.95685	-1.1087	-1.2259	-1.246	-0.9767	-0.43006	0.23536	0.59763	0.76615	0.87301	0.71009	0.36312	-0.037611	-0.29586	-0.42542	-0.48054	-0.44896	-0.33915	-0.26334	-0.19112	-0.11266	0.051306	0.1133	3.87
967.9	0.13209	0.098303	-0.1042	-0.21297	-0.43693	-0.52826	-0.74915	-0.95009	-1.115	-1.2428	-1.2438	-0.98103	-0.4515	0.23652	0.58686	0.75591	0.84693	0.71019	0.35964	-0.0342	-0.26693	-0.43228	-0.48127	-0.44347	-0.35235	-0.27527	-0.19228	-0.11076	0.0512	0.1115	3.905
969.8	0.11351	0.054621	-0.13431	-0.23166	-0.44073	-0.54083	-0.78368	-0.97554	-1.1182	-1.2291	-1.2417	-0.95357	-0.4269	0.24708	0.56828	0.73406	0.84682	0.71188	0.36565	-0.025817	-0.29618	-0.43133	-0.47853	-0.4516	-0.31761	-0.26841	-0.19956	-0.10569	0.030072	0.080987	3.912
971.69	0.11171	0.066922	-0.097068	-0.16599	-0.42119	-0.52119	-0.77027	-0.95442	-1.1055	-1.2238	-1.2618	-0.98039	-0.44231	0.24032	0.57039	0.74282	0.85812	0.70745	0.35826	-0.030748	-0.29565	-0.42447	-0.45773	-0.4175	-0.39892	-0.25394	-0.18837	-0.10221	0.063237	0.09597	3.912
972.64	0.11161	0.073025	-0.1171	-0.20706	-0.42067	-0.51538	-0.75897	-0.96287	-1.1034	-1.2132	-1.2354	-0.97279	-0.44178	0.20685	0.56807	0.72888	0.84091	0.70808	0.37537	-0.022427	-0.27802	-0.43006	-0.46882	-0.45319	-0.34285	-0.26756	-0.22364	-0.074504	0.052678	0.10038	3.937
973.59	0.12217	0.080712	-0.10527	-0.20854	-0.42352	-0.55065	-0.7671	-0.94777	-1.1108	-1.2364	-1.2196	-0.98335	-0.43703	0.23831	0.56934	0.75728	0.84366	0.71864	0.37241	-0.01247	-0.27791	-0.41602	-0.47019	-0.43334	-0.35499	-0.26587	-0.21424	-0.087428	0.068358	0.10633	3.96
973.59	0.11446	0.093035	-0.10186	-0.20843	-0.42331	-0.56902	-0.77523	-0.98895	-1.1235	-1.228	-1.2428	-0.9748	-0.43534	0.23504	0.56427	0.74387	0.8463	0.69161	0.3628	-0.04723	-0.27305	-0.43101	-0.45995	-0.42552	-0.35013	-0.27506	-0.2079	-0.085749	0.057852	0.089687	3.886
975.48	0.13705	0.057377	-0.13684	-0.25394	-0.42721	-0.55624	-0.76024	-0.93446	-1.0939	-1.2185	-1.2322	-0.9748	-0.44928	0.2172	0.55698	0.73691	0.84334	0.71083	0.3514	-0.032279	-0.30378	-0.4288	-0.47737	-0.41877	-0.33261	-0.26989	-0.20611	-0.10502	0.080395	0.098588	3.925
975.48	0.12639	0.086667	-0.11837	-0.22702	-0.42394	-0.5441	-0.77017	-0.96445	-1.1097	-1.2227	-1.2407	-0.96171	-0.43735	0.25025	0.58042	0.74514	0.84946	0.69488	0.36872	-0.03722	-0.27084	-0.42246	-0.48708	-0.43218	-0.3325	-0.28224	-0.20748	-0.098515	0.054252	0.11214	3.893
976.43	0.12016	0.057303	-0.10654	-0.22512	-0.42975	-0.53681	-0.77798	-0.94587	-1.1013	-1.2217	-1.2269	-0.94808	-0.43988	0.23589	0.55931	0.74588	0.84376	0.69879	0.3684	-0.027274	-0.2815	-0.42816	-0.48328	-0.42573	-0.33831	-0.2664	-0.21656	-0.10487	0.045498	0.095431	3.899
978.32	0.1049	0.057219	-0.093056	-0.23905	-0.43218	-0.54283	-0.76489	-0.92538	-1.0844	-1.209	-1.2386	-0.97036	-0.44358	0.22765	0.57894	0.72899	0.83447	0.69002	0.35974	-0.033831	-0.28108	-0.43513	-0.47431	-0.45361	-0.32859	-0.28615	-0.20241	-0.093425	0.043693	0.093795	3.87
980.22	0.1379	0.083172	-0.11615	-0.21794	-0.40029	-0.53977	-0.7613	-0.91672	-1.0855	-1.2164	-1.2312	-0.97121	-0.41032	0.23494	0.57916	0.7387	0.83088	0.68369	0.35752	-0.0206	-0.28044	-0.42954	-0.47811	-0.42859	-0.34316	-0.2362	-0.2249	-0.098029	0.041855	0.10106	3.934
983.06	0.1285	0.069214	-0.10094	-0.22068	-0.40715	-0.53365	-0.7462	-0.9276	-1.0844	-1.2069	-1.2132	-0.9409	-0.41095	0.24074	0.57947	0.7386	0.83394	0.69467	0.36217	-0.018911	-0.28139	-0.41655	-0.4837	-0.4157	-0.32711	-0.27105	-0.20917	-0.096223	0.043503	0.10535	3.934
982.11	0.12101	0.046248	-0.1209	-0.23018	-0.40103	-0.52868	-0.72255	-0.92454	-1.0823	-1.2058	-1.2238	-0.9521	-0.42711	0.2173	0.56237	0.72878	0.84535	0.6839	0.35826	-0.032046	-0.29702	-0.41507	-0.46248	-0.42331	-0.34253	-0.26798	-0.21223	-0.10266	0.048698	0.096382	3.87
981.16	0.11214	0.063206	-0.11277	-0.21635	-0.38783	-0.54642	-0.74588	-0.92612	-1.0833	-1.2058	-1.2185	-0.95051	-0.42922	0.23958	0.56649	0.75137	0.84672	0.70533	0.35615	-0.041961	-0.29121	-0.41127	-0.46322	-0.41951	-0.34612	-0.29153	-0.21107	-0.096392	0.050503	0.098039	3.902
979.27	0.10791	0.072561	-0.11298	-0.19312	-0.43661	-0.56268	-0.74905	-0.93753	-1.0876	-1.2037	-1.2333	-0.96825	-0.42573	0.22754	0.58327	0.74863	0.84366	0.70671	0.36228	-0.030515	-0.26535	-0.40599	-0.47409	-0.4458	-0.36671	-0.24433	-0.16092	-0.090152	0.078379	0.09824	3.873
976.43	0.11562	0.085041	-0.11161	-0.24254	-0.40641	-0.54695	-0.76425	-0.92031	-1.0802	-1.2048	-1.2143	-0.96075	-0.43841	0.22797	0.55931	0.74725	0.83574	0.71917	0.37241	-0.028931	-0.27992	-0.42964	-0.47177	-0.43619	-0.31835	-0.26957	-0.21033	-0.10812	0.062889	0.10447	3.931
975.48	0.13251	0.086667	-0.10664	-0.20484	-0.43017	-0.56786	-0.75137	-0.93721	-1.0918	-1.2122	-1.228	-0.97121	-0.43292	0.2361	0.57567	0.73511	0.84619	0.6933	0.3741	-0.028953	-0.28182	-0.42098	-0.48043	-0.43365	-0.38012	-0.2683	-0.20136	-0.092042	0.054252	0.098546	3.909
977.37	0.12618	0.098874	-0.12819	-0.21086	-0.43577	-0.56532	-0.76056	-0.91028	-1.076	-1.2037	-1.2217	-0.97934	-0.43524	0.24518	0.57483	0.73258	0.85305	0.72043	0.37896	-0.014064	-0.28762	-0.41581	-0.47811	-0.41803	-0.36734	-0.27253	-0.17802	-0.099982	0.069815	0.083363	3.928
977.37	0.14128	0.081895	-0.11478	-0.20442	-0.40462	-0.54991	-0.75686	-0.94027	-1.0971	-1.2185	-1.2343	-0.97575	-0.4307	0.24507	0.57303	0.73955	0.83025	0.71853	0.38561	-0.035499	-0.27971	-0.43387	-0.47462	-0.44643	-0.3457	-0.28013	-0.20104	-0.095104	0.036766	0.090849	3.896
977.37	0.1095	0.075728	-0.1048	-0.22026	-0.44949	-0.54653	-0.75169	-0.91313	-1.0802	-1.2101	-1.2375	-0.96625	-0.43651	0.23092	0.56828	0.7481	0.85263	0.70607	0.37885	-0.027253	-0.27823	-0.43239	-0.47959	-0.43439	-0.35795	-0.28171	-0.2041	-0.070892	0.069784	0.08784	3.912
976.43	0.11879	0.092781	-0.093225	-0.19671	-0.41592	-0.53534	-0.75771	-0.94787	-1.1013	-1.2206	-1.2407	-0.95632	-0.43999	0.23905	0.58475	0.74905	0.85369	0.68665	0.36175	-0.071864	-0.27854	-0.42985	-0.47029	-0.43038	-0.35225	-0.29132	-0.17517	-0.067746	0.066394	0.093974	3.896
973.59	0.12819	0.094576	-0.095157	-0.22902	-0.41085	-0.59267	-0.7444	-0.93763	-1.0939	-1.2164	-1.2269	-0.96213	-0.42943	0.25077	0.57683	0.73522	0.8463	0.70407	0.36006	-0.017433	-0.2777	-0.42035	-0.46987	-0.42848	-0.35013	-0.23937	-0.18943	-0.085749	0.052615	0.079128	3.915
972.64	0.12386	0.093172	-0.095294	-0.20072	-0.43323	-0.53249	-0.74884	-0.92929	-1.0876	-1.2111	-1.2375	-0.97459	-0.41972	0.24486	0.59352	0.76795	0.85886	0.70196	0.36872	-0.035689	-0.27031	-0.42246	-0.47061	-0.43218	-0.35837	-0.25056	-0.19133	-0.087502	0.075401	0.11245	3.921
970.74	0.12555	0.076299	-0.0854	-0.21392	-0.4232	-0.51823	-0.75391	-0.96181	-1.1161	-1.2354	-1.2312	-0.97026	-0.425	0.25331	0.58834	0.76383	0.84767	0.70977	0.35594	-0.024138	-0.27707	-0.43101	-0.47314	-0.45424	-0.34675	-0.26661	-0.221	-0.11699	0.07556	0.11277	3.867
969.8	0.11657	0.062393	-0.10738	-0.21889	-0.3986	-0.55962	-0.7633	-0.937	-1.1002	-1.228	-1.2449	-0.96329	-0.41803	0.26619	0.57314	0.74292	0.82919	0.70417	0.36175	-0.030811	-0.26957	-0.43914	-0.47367	-0.44105	-0.32701	-0.27939	-0.21973	-0.091028	0.0476	0.10526	3.896
969.8	0.13484	0.077882	-0.10057	-0.21561	-0.41401	-0.52868	-0.76446	-0.94608	-1.1034	-1.2259	-1.2428	-0.95949	-0.41634	0.24381	0.5744	0.74102	0.84323	0.70217	0.36418	-0.049078	-0.28509	-0.42193	-0.47505	-0.42415	-0.35151	-0.26682	-0.20727	-0.081209	0.06158	0.096107	3.925
971.69	0.12544	0.082412	-0.097068	-0.23599	-0.42901	-0.57715	-0.77545	-0.956	-1.1045	-1.2206	-1.2428	-0.95812	-0.44083	0.23874	0.57356	0.76014	0.87269	0.72001	0.37854	-0.060619	-0.29882	-0.43513	-0.47768	-0.43112	-0.3495	-0.2928	-0.20537	-0.082718	0.056247	0.12322	3.902
972.64	0.11309	0.079181	-0.12206	-0.21646	-0.43608	-0.54906	-0.73131	-0.92549	-1.1002	-1.2375	-1.2438	-0.96445	-0.41064	0.23831	0.57736	0.73585	0.85348	0.68897	0.35499	-0.040641	-0.31244	-0.42985	-0.48022	-0.444	-0.34116	-0.26904	-0.20041	-0.11013	0.050915	0.080702	3.87
974.53	0.13114	0.066711	-0.13199	-0.22575	-0.43387	-0.52795	-0.76784	-0.93541	-1.0939	-1.2164	-1.2354	-0.93932	-0.41	0.24433	0.58591	0.73332	0.85221	0.71156	0.36249	-0.045541	-0.29787	-0.43376	-0.47621	-0.44031	-0.34992	-0.26714	-0.21245	-0.084081	0.045614	0.080586	3.864
973.59	0.10686	0.091472	-0.11689	-0.22417	-0.41074	-0.55698	-0.74768	-0.96149	-1.1023	-1.2111	-1.2354	-0.96508	-0.43524	0.24127	0.59404	0.74514	0.85749	0.69773	0.35594	-0.045562	-0.29333	-0.42943	-0.47146	-0.42542	-0.31159	-0.24243	-0.20326	-0.10194	0.035161	0.11235	3.918
973.59	0.11298	0.10078	-0.11868	-0.23061	-0.41866	-0.57081	-0.73258	-0.97142	-1.0939	-1.1889	-1.2238	-0.94323	-0.43693	0.24771	0.57071	0.74113	0.83848	0.6933	0.3628	-0.032331	-0.28868	-0.42193	-0.47494	-0.4346	-0.3363	-0.26577	-0.22649	-0.10035	0.070079	0.12143	3.909
972.64	0.13294	0.09162	-0.11203	-0.20389	-0.42077	-0.56638	-0.75232	-0.9389	-1.1002	-1.2259	-1.2607	-0.94597	-0.42119	0.25436	0.60144	0.73627	0.86045	0.68316	0.35657	-0.032374	-0.29375	-0.43925	-0.48054	-0.44273	-0.35837	-0.2909	-0.22681	-0.097237	0.03872	0.12005	3.896
971.69	0.14518	0.083912	-0.10036	-0.21192	-0.41623	-0.53439	-0.77492	-0.93774	-1.096	-1.2196	-1.2481	-0.95748	-0.40515	0.27031	0.56997	0.75095	0.83986	0.69763	0.37157	-0.048972	-0.29544	-0.43186	-0.47568	-0.42024	-0.33693	-0.24602	-0.18679	-0.10215	0.043978	0.094397	3.889
972.64	0.13294	0.096244	-0.14223	-0.22131	-0.44865	-0.54252	-0.76932	-0.93879	-1.0897	-1.2069	-1.2143	-0.96329	-0.40198	0.23842	0.57599	0.74039	0.83605	0.68612	0.36185	-0.053914	-0.29533	-0.42848	-0.4705	-0.44569	-0.33514	-0.28625	-0.19122	-0.09559	0.077133	0.1246	3.915
972.64	0.13896	0.071452	-0.14719	-0.25141	-0.42521	-0.53386	-0.74155	-0.94323	-1.1055	-1.2322	-1.2164	-0.94861	-0.3929	0.27791	0.60101	0.77323	0.85348	0.68591	0.34823	-0.065486	-0.29364	-0.4176	-0.47357	-0.44548	-0.33345	-0.28456	-0.1927	-0.10855	0.036946	0.10336	3.877
973.59	0.099359	0.065243	-0.11699	-0.23071	-0.42193	-0.52531	-0.73796	-0.93499	-1.0981	-1.2248	-1.2259	-0.92939	-0.40018	0.2589	0.57884	0.75296	0.84682	0.67007	0.33736	-0.053882	-0.29037	-0.41137	-0.48677	-0.44242	-0.37041	-0.25352	-0.20959	-0.080945	0.036935	0.085221	3.905
972.64	0.11921	0.051337	-0.10696	-0.23715	-0.41581	-0.55931	-0.76552	-0.92549	-1.0907	-1.2196	-1.2312	-0.9502	-0.40324	0.25574	0.60576	0.75887	0.85992	0.70629	0.35362	-0.058866	-0.29671	-0.43598	-0.48349	-0.42732	-0.33651	-0.25669	-0.20653	-0.098789	0.04742	0.11087	3.909
972.64	0.11309	0.069932	-0.10707	-0.19122	-0.42383	-0.51538	-0.79846	-0.94513	-1.0918	-1.2048	-1.2164	-0.93626	-0.39902	0.27485	0.59024	0.75201	0.84904	0.67355	0.34559	-0.060545	-0.31877	-0.42848	-0.48201	-0.40641	-0.34591	-0.2381	-0.19587	-0.10046	0.050936	0.091313	3.896
972.64	0.11615	0.085422	-0.12713	-0.19597	-0.41454	-0.54262	-0.7575	-0.9389	-1.1013	-1.2269	-1.1963	-0.9428	-0.40198	0.26703	0.58876	0.75211	0.83627	0.68791	0.33356	-0.067186	-0.30473	-0.43165	-0.47557	-0.42911	-0.36449	-0.25521	-0.19745	-0.092369	0.085886	0.086794	3.902
972.64	0.11161	0.1055	-0.12037	-0.21023	-0.45329	-0.5611	-0.75718	-0.93056	-1.0855	-1.2069	-1.228	-0.93446	-0.41074	0.25901	0.58855	0.75327	0.84725	0.69541	0.34285	-0.06385	-0.29364	-0.42531	-0.46544	-0.43344	-0.35974	-0.27685	-0.20199	-0.090701	0.054421	0.10036	3.921
972.64	0.12375	0.07764	-0.10865	-0.21171	-0.41739	-0.57113	-0.74673	-0.94323	-1.0971	-1.2174	-1.2174	-0.93594	-0.38698	0.2494	0.59468	0.74303	0.84704	0.69372	0.34823	-0.052235	-0.28266	-0.42985	-0.46533	-0.4289	-0.3288	-0.26746	-0.1927	-0.092306	0.052657	0.086741	3.88
974.53	0.12354	0.082159	-0.1303	-0.22892	-0.41211	-0.5195	-0.71315	-0.92897	-1.0844	-1.2048	-1.2111	-0.95833	-0.42911	0.23641	0.57018	0.74197	0.83933	0.70217	0.35172	-0.037273	-0.29322	-0.4308	-0.46628	-0.43281	-0.34992	-0.2702	-0.20326	-0.069509	0.043862	0.077566	3.889
975.48	0.13104	0.083616	-0.098346	-0.19692	-0.40398	-0.55624	-0.74145	-0.92158	-1.0886	-1.2185	-1.2217	-0.95579	-0.41401	0.24254	0.57905	0.75982	0.83531	0.70607	0.36481	-0.033926	-0.29449	-0.43028	-0.46248	-0.41275	-0.34654	-0.26218	-0.20611	-0.077523	0.059499	0.1152	3.883
976.43	0.12639	0.074303	-0.086562	-0.19365	-0.4269	-0.54051	-0.75961	-0.91926	-1.0781	-1.2005	-1.2122	-0.94069	-0.42098	0.23916	0.57863	0.74197	0.8426	0.70079	0.3551	-0.033894	-0.30357	-0.41771	-0.45878	-0.42299	-0.3477	-0.29449	-0.21054	-0.098472	0.076848	0.098504	3.909
977.37	0.10654	0.10654	-0.10812	-0.20917	-0.41243	-0.54832	-0.77576	-0.93256	-1.0865	-1.2069	-1.2259	-0.96487	-0.42933	0.23409	0.57472	0.74683	0.83996	0.70776	0.36946	-0.023958	-0.27823	-0.42489	-0.45995	-0.43893	-0.3381	-0.257	-0.19492	-0.078981	0.073279	0.095379	3.905
977.37	0.13526	0.069583	-0.10482	-0.24402	-0.42785	-0.53988	-0.76035	-0.95009	-1.0981	-1.2132	-1.2438	-0.95379	-0.44252	0.23092	0.58887	0.7425	0.85928	0.6953	0.37357	-0.023958	-0.272	-0.42637	-0.47314	-0.43144	-0.32891	-0.26007	-0.21329	-0.11129	0.050683	0.10738	3.899
977.37	0.1095	0.095748	-0.091451	-0.22026	-0.41391	-0.57187	-0.76531	-0.93552	-1.0907	-1.2111	-1.2238	-0.94882	-0.43365	0.21994	0.57145	0.72941	0.85907	0.7123	0.38149	-0.023958	-0.27189	-0.41718	-0.4516	-0.43133	-0.36872	-0.27548	-0.19798	-0.085422	0.071526	0.10738	3.912
978.32	0.11245	0.075697	-0.10971	-0.23282	-0.42764	-0.58169	-0.74968	-0.94154	-1.0865	-1.1984	-1.2512	-0.96741	-0.45108	0.21825	0.56184	0.72202	0.8539	0.70417	0.37463	-0.030536	-0.28118	-0.40324	-0.47441	-0.41613	-0.33176	-0.29396	-0.21783	-0.069256	0.066289	0.13441	3.912
977.37	0.13537	0.10351	-0.11488	-0.2267	-0.45129	-0.5384	-0.74704	-0.97131	-1.1119	-1.2217	-1.2417	-0.98113	-0.46174	0.21688	0.55297	0.72994	0.83553	0.71896	0.39121	0.0057261	-0.27833	-0.40367	-0.4535	-0.42257	-0.32902	-0.26334	-0.20115	-0.11942	0.048962	0.093911	3.918
976.43	0.11266	0.098947	-0.10326	-0.22205	-0.41127	-0.55054	-0.78168	-0.92549	-1.0876	-1.2143	-1.2407	-0.988	-0.4723	0.22015	0.55962	0.74039	0.85854	0.72255	0.38466	-0.019038	-0.27854	-0.42985	-0.47526	-0.41834	-0.36154	-0.28667	-0.2059	-0.079055	0.047251	0.098483	3.886
976.43	0.11266	0.074271	-0.11488	-0.22047	-0.42362	-0.52678	-0.74736	-0.93805	-1.0971	-1.2206	-1.2491	-0.97828	-0.46491	0.24539	0.56733	0.74884	0.85675	0.71304	0.38329	-0.0074757	-0.27221	-0.41908	-0.47346	-0.42426	-0.35531	-0.28657	-0.19196	-0.093584	0.047251	0.084915	3.931
976.43	0.14307	0.085115	-0.1033	-0.23958	-0.42383	-0.56775	-0.75127	-0.95463	-1.0992	-1.2122	-1.2502	-0.98525	-0.47251	0.22343	0.55825	0.70914	0.84925	0.70407	0.39701	-0.014086	-0.26925	-0.41475	-0.48201	-0.43207	-0.357	-0.27284	-0.20907	-0.10981	0.04553	0.13019	3.909
976.43	0.11425	0.078907	-0.12333	-0.21572	-0.43767	-0.56406	-0.75095	-0.93668	-1.1002	-1.2269	-1.2428	-0.99116	-0.44442	0.22015	0.56744	0.73469	0.83764	0.7179	0.37928	-0.0074778	-0.27379	-0.42067	-0.46364	-0.43788	-0.31392	-0.26661	-0.2135	-0.098451	0.05422	0.098483	3.94
976.43	0.10812	0.072709	-0.07482	-0.2172	-0.41887	-0.5554	-0.7745	-0.9219	-1.0939	-1.228	-1.246	-0.97818	-0.45308	0.20748	0.56089	0.7387	0.85823	0.70977	0.3872	-0.032226	-0.2815	-0.42964	-0.46512	-0.41813	-0.33831	-0.25563	-0.21804	-0.10002	0.033324	0.11351	3.883
977.37	0.1247	0.10501	-0.10654	-0.23135	-0.45583	-0.55677	-0.75359	-0.95653	-1.114	-1.2364	-1.2343	-0.98546	-0.43513	0.24043	0.57314	0.74683	0.85284	0.71716	0.3722	-0.019017	-0.27517	-0.40504	-0.48296	-0.42394	-0.35657	-0.27707	-0.19492	-0.098346	0.076753	0.12248	3.937
979.27	0.10328	0.075602	-0.11625	-0.23251	-0.39617	-0.56585	-0.76922	-0.93562	-1.1002	-1.2291	-1.2512	-0.96625	-0.42848	0.26197	0.55952	0.74113	0.84007	0.70797	0.38223	-0.028857	-0.27305	-0.41496	-0.45741	-0.4307	-0.36502	-0.26429	-0.19766	-0.09333	0.041919	0.10271	3.937
981.16	0.14233	0.096973	-0.13104	-0.20379	-0.41401	-0.55318	-0.74588	-0.93879	-1.0876	-1.2027	-1.2217	-0.94259	-0.42922	0.238	0.56807	0.74567	0.8483	0.69911	0.37495	-0.025521	-0.27263	-0.42183	-0.47146	-0.43598	-0.32162	-0.27305	-0.20336	-0.11414	0.040113	0.09654	3.883
