25061	14	1	88	27.4	747	2	0	4	128.57	256	8192	5	0	0	0	0	550.05	1006.3	1.4591e+006	0.12015	0.014779	41.754	0	0	1	0	0	0	7	0	0
981.16	0.12069	0.055234	-0.10011	-0.18594	-0.32997	-0.40736	-0.59362	-0.68126	-0.68833	-0.69393	-0.51295	-0.16134	0.34971	0.70132	0.84207	0.82539	0.65803	0.21128	-0.22681	-0.6235	-0.73574	-0.75338	-0.73553	-0.6196	-0.49669	-0.35151	-0.24	-0.068168	0.081304	0.13515	0.1172
981.16	0.10569	0.087438	-0.098441	-0.20949	-0.32532	-0.45446	-0.55624	-0.6574	-0.66764	-0.67556	-0.49057	-0.15976	0.35995	0.73268	0.84672	0.8369	0.65011	0.21593	-0.22279	-0.5989	-0.74662	-0.75032	-0.73881	-0.58222	-0.46765	-0.35298	-0.22628	-0.082634	0.08822	0.12914	0.1046
981.16	0.11319	0.073638	-0.073511	-0.18119	-0.34855	-0.41739	-0.54273	-0.65581	-0.67292	-0.68622	-0.49226	-0.14402	0.34243	0.72635	0.85464	0.85263	0.65803	0.2191	-0.22153	-0.5989	-0.72635	-0.76394	-0.71093	-0.61368	-0.44474	-0.34221	-0.25838	-0.085844	0.091683	0.10971	0.1267
981.16	0.10865	0.039892	-0.098441	-0.18742	-0.34232	-0.44263	-0.57324	-0.66532	-0.68316	-0.69699	-0.48877	-0.14244	0.357	0.71378	0.83109	0.84545	0.65972	0.21287	-0.22554	-0.60872	-0.74345	-0.7822	-0.7273	-0.62107	-0.45541	-0.33915	-0.26904	-0.10193	0.076109	0.10971	0.1109
981.16	0.092084	0.075179	-0.10346	-0.19534	-0.31613	-0.44105	-0.57335	-0.67503	-0.69087	-0.70322	-0.50957	-0.16926	0.34538	0.70924	0.8407	0.84989	0.64219	0.21762	-0.24571	-0.62034	-0.74514	-0.78231	-0.74715	-0.60777	-0.46164	-0.33926	-0.23546	-0.097121	0.060545	0.11573	0.1172
981.16	0.11467	0.046026	-0.10844	-0.18742	-0.35626	-0.43767	-0.57493	-0.6876	-0.69034	-0.69235	-0.50778	-0.16292	0.35267	0.71537	0.85612	0.8426	0.66289	0.22068	-0.23895	-0.61041	-0.74039	-0.767	-0.72402	-0.62562	-0.46765	-0.33915	-0.25077	-0.10675	0.079572	0.13072	0.177
982.11	0.11161	0.06442	-0.088452	-0.18742	-0.33767	-0.42405	-0.56976	-0.64452	-0.66627	-0.68306	-0.49384	-0.16134	0.34961	0.70428	0.85907	0.85664	0.65476	0.22374	-0.22818	-0.60038	-0.74958	-0.76531	-0.7141	-0.59552	-0.47209	-0.36375	-0.25838	-0.11794	0.072635	0.13959	0.1802
981.16	0.10717	0.067545	-0.096836	-0.19703	-0.34876	-0.45139	-0.58887	-0.65624	-0.682	-0.70196	-0.50461	-0.17412	0.33968	0.70481	0.8426	0.85886	0.65845	0.20674	-0.21899	-0.61242	-0.74387	-0.76753	-0.71463	-0.57356	-0.44347	-0.33936	-0.24022	-0.087512	0.060566	0.12924	0.177
980.22	0.1285	0.070671	-0.10524	-0.2003	-0.3552	-0.46523	-0.5724	-0.65043	-0.67883	-0.70101	-0.49637	-0.15849	0.36196	0.71325	0.83236	0.85242	0.69108	0.24117	-0.20843	-0.59151	-0.73522	-0.74229	-0.71188	-0.57852	-0.4346	-0.32585	-0.22966	-0.08275	0.11087	0.13684	0.2243
979.27	0.13304	0.075317	-0.096984	-0.20516	-0.31518	-0.41834	-0.58127	-0.69224	-0.70174	-0.70914	-0.51221	-0.15849	0.36217	0.71368	0.85791	0.84577	0.68189	0.24296	-0.21255	-0.59352	-0.73881	-0.75032	-0.71399	-0.56691	-0.43028	-0.34602	-0.23441	-0.060249	0.088399	0.15648	0.3408
979.27	0.089265	0.06613	-0.11034	-0.1927	-0.34158	-0.4572	-0.58148	-0.67493	-0.68749	-0.6971	-0.50377	-0.1776	0.33736	0.71874	0.84102	0.84894	0.6725	0.23831	-0.20727	-0.58063	-0.7235	-0.74155	-0.72255	-0.6046	-0.47642	-0.36006	-0.26513	-0.079614	0.055476	0.119	0.3724
979.27	0.096815	0.041518	-0.14033	-0.22575	-0.3477	-0.47061	-0.61199	-0.70988	-0.72424	-0.73532	-0.55719	-0.19492	0.30948	0.69815	0.84397	0.84587	0.70122	0.24138	-0.18309	-0.58211	-0.71241	-0.74588	-0.70259	-0.6045	-0.44569	-0.33683	-0.24982	-0.09409	0.057198	0.096434	0.4638
979.27	0.071072	0.029206	-0.1436	-0.22564	-0.37389	-0.48223	-0.61516	-0.73997	-0.74229	-0.74419	-0.57081	-0.21846	0.29174	0.68686	0.83574	0.85274	0.68812	0.26471	-0.16958	-0.54399	-0.68886	-0.70755	-0.69245	-0.5743	-0.40884	-0.31825	-0.21445	-0.095664	0.069309	0.1009	0.6594
979.27	0.090764	0.081483	-0.13864	-0.22733	-0.41887	-0.51612	-0.66996	-0.7482	-0.7651	-0.77819	-0.58137	-0.24381	0.28023	0.68401	0.82982	0.83447	0.70766	0.29755	-0.14138	-0.52615	-0.66732	-0.70481	-0.64832	-0.56701	-0.40588	-0.32458	-0.19766	-0.076373	0.081483	0.10544	0.8393
979.27	0.086213	0.058412	-0.12692	-0.221	-0.3987	-0.48233	-0.65782	-0.74968	-0.77766	-0.79952	-0.62086	-0.26429	0.25521	0.665	0.81874	0.84577	0.71716	0.33334	-0.10781	-0.50461	-0.64853	-0.6895	-0.65317	-0.5234	-0.3798	-0.289	-0.19766	-0.073142	0.09881	0.12196	0.9846
981.16	0.10423	0.075232	-0.11351	-0.238	-0.40441	-0.48845	-0.61284	-0.71209	-0.77534	-0.82454	-0.63396	-0.30494	0.23441	0.64536	0.83964	0.84904	0.73384	0.34063	-0.092961	-0.47283	-0.63533	-0.67651	-0.63258	-0.48529	-0.37315	-0.27179	-0.19133	-0.095569	0.091757	0.10379	1.203
982.11	0.12671	0.08124	-0.1133	-0.24866	-0.40367	-0.50113	-0.66278	-0.7745	-0.80786	-0.83384	-0.66384	-0.31698	0.1946	0.6537	0.84767	0.86045	0.75496	0.36967	-0.058	-0.45065	-0.58929	-0.6329	-0.60534	-0.49944	-0.37569	-0.2759	-0.19713	-0.07293	0.079509	0.12153	1.434
984.95	0.11583	0.094798	-0.1246	-0.19946	-0.41349	-0.52003	-0.68823	-0.77576	-0.82191	-0.8577	-0.70164	-0.35858	0.16208	0.62245	0.82687	0.86404	0.77703	0.41211	-0.011129	-0.40208	-0.546	-0.5951	-0.58422	-0.48634	-0.36407	-0.25531	-0.17992	-0.07916	0.079308	0.14064	1.665
987.79	0.10802	0.077777	-0.14413	-0.28963	-0.42162	-0.52531	-0.66447	-0.81335	-0.86604	-0.90712	-0.74092	-0.40778	0.11372	0.59584	0.79825	0.84471	0.76552	0.42035	0.016873	-0.3929	-0.55075	-0.60703	-0.59246	-0.52668	-0.3722	-0.26841	-0.15817	-0.05498	0.058454	0.13737	1.884
988.74	0.11087	0.080744	-0.14064	-0.26281	-0.39976	-0.53312	-0.68232	-0.81092	-0.86446	-0.90617	-0.77946	-0.45277	0.072994	0.57968	0.81293	0.86942	0.77745	0.4307	0.047452	-0.35657	-0.51781	-0.58982	-0.57557	-0.48307	-0.34908	-0.27421	-0.20347	-0.075676	0.063554	0.10601	2.138
989.69	0.1033	0.082169	-0.10094	-0.2172	-0.40842	-0.52414	-0.70343	-0.79097	-0.87217	-0.93541	-0.7973	-0.47716	0.046818	0.54938	0.76689	0.83574	0.78442	0.46259	0.076637	-0.30082	-0.50482	-0.59816	-0.5895	-0.47652	-0.34718	-0.25405	-0.20326	-0.093119	0.036006	0.11773	2.36
990.63	0.11214	0.071442	-0.12555	-0.23567	-0.44168	-0.53027	-0.70945	-0.81388	-0.90215	-0.97079	-0.83405	-0.5422	0.029385	0.51464	0.76309	0.84197	0.79783	0.5006	0.096466	-0.28752	-0.4705	-0.54188	-0.55635	-0.45678	-0.36038	-0.29956	-0.21213	-0.08029	0.077133	0.1191	2.563
991.58	0.14043	0.10174	-0.10074	-0.24011	-0.41222	-0.52478	-0.70037	-0.84767	-0.92317	-0.98187	-0.87069	-0.56353	-0.015479	0.49247	0.74366	0.82697	0.80501	0.53249	0.11625	-0.25626	-0.45308	-0.5309	-0.52816	-0.45773	-0.36312	-0.29005	-0.1983	-0.083384	0.061632	0.119	2.761
992.53	0.13579	0.10622	-0.12037	-0.23208	-0.41486	-0.51432	-0.69974	-0.82497	-0.92042	-0.99475	-0.8955	-0.58803	-0.031371	0.49975	0.76161	0.83616	0.82169	0.53513	0.14001	-0.23821	-0.44654	-0.53639	-0.53101	-0.4307	-0.32954	-0.24877	-0.17549	-0.05629	0.087259	0.12333	2.999
991.58	0.10907	0.056173	-0.11879	-0.2494	-0.42426	-0.5063	-0.72371	-0.84746	-0.93921	-1.0105	-0.90965	-0.6008	-0.064652	0.47832	0.73427	0.82687	0.82222	0.53703	0.17855	-0.20748	-0.3854	-0.47663	-0.50366	-0.46069	-0.35087	-0.28393	-0.2134	-0.096097	0.068474	0.087818	3.168
992.53	0.10302	0.10167	-0.099032	-0.25088	-0.38297	-0.52773	-0.71505	-0.88494	-0.97057	-1.0373	-0.95695	-0.63797	-0.10654	0.43471	0.71537	0.81937	0.83616	0.57979	0.19175	-0.17982	-0.40831	-0.47494	-0.51	-0.40272	-0.28879	-0.24581	-0.18151	-0.0563	0.08728	0.10408	3.344
992.53	0.13135	0.10163	-0.072687	-0.23673	-0.36903	-0.5176	-0.69625	-0.84999	-0.94998	-1.0278	-0.96002	-0.67661	-0.1455	0.41592	0.69647	0.81768	0.82465	0.60576	0.21688	-0.16345	-0.38815	-0.49131	-0.51633	-0.45139	-0.36872	-0.28224	-0.21477	-0.096023	0.058148	0.11889	3.535
993.47	0.14022	0.10918	-0.10717	-0.20864	-0.42067	-0.5006	-0.70586	-0.84946	-0.96297	-1.0514	-0.99349	-0.72138	-0.19027	0.37854	0.67904	0.79741	0.81156	0.6008	0.23652	-0.15363	-0.38023	-0.50904	-0.5403	-0.47029	-0.35045	-0.27897	-0.204	-0.094375	0.075211	0.13061	3.637
992.53	0.10897	0.10317	-0.10728	-0.20875	-0.38741	-0.50271	-0.66616	-0.84387	-0.97459	-1.076	-1.0232	-0.76087	-0.21202	0.37727	0.65951	0.79667	0.82645	0.60745	0.26323	-0.15374	-0.38667	-0.47937	-0.50503	-0.44411	-0.34464	-0.28984	-0.21477	-0.10876	0.068432	0.099613	3.624
991.58	0.12692	0.08653	-0.087554	-0.20421	-0.39374	-0.49637	-0.68844	-0.84587	-0.97248	-1.0707	-1.0409	-0.76446	-0.21361	0.36661	0.65983	0.79709	0.84915	0.64008	0.26872	-0.136	-0.36851	-0.45709	-0.47937	-0.44432	-0.34485	-0.25046	-0.18615	-0.094502	0.066753	0.14856	3.688
990.63	0.16292	0.12766	-0.081061	-0.21065	-0.36819	-0.47515	-0.69076	-0.86889	-0.97807	-1.0633	-1.0317	-0.76373	-0.22828	0.36703	0.66056	0.79509	0.85474	0.65159	0.28097	-0.10195	-0.35657	-0.49215	-0.53185	-0.48339	-0.38456	-0.30557	-0.20759	-0.097786	0.077112	0.1398	3.675
990.63	0.1361	0.083616	-0.10086	-0.23103	-0.35003	-0.49204	-0.66922	-0.82972	-0.95864	-1.0591	-1.0219	-0.74989	-0.22554	0.38424	0.66236	0.8011	0.83922	0.64409	0.27305	-0.12312	-0.3551	-0.46079	-0.49468	-0.43165	-0.3817	-0.30568	-0.22279	-0.088272	0.077143	0.12354	3.669
989.69	0.10028	0.069984	-0.10092	-0.18119	-0.37157	-0.47072	-0.66458	-0.82391	-0.95643	-1.0591	-1.0259	-0.75348	-0.23578	0.37199	0.69224	0.80871	0.84767	0.61822	0.24666	-0.14117	-0.38001	-0.5138	-0.54706	-0.49426	-0.36375	-0.29829	-0.24106	-0.11541	0.046301	0.10137	3.65
988.74	0.079414	0.057873	-0.097723	-0.20326	-0.35056	-0.48613	-0.68548	-0.84059	-0.96772	-1.0664	-1.0389	-0.75274	-0.23599	0.36302	0.65571	0.79392	0.81356	0.62044	0.26028	-0.138	-0.36185	-0.54146	-0.56553	-0.51105	-0.38529	-0.31687	-0.24138	-0.12196	0.034316	0.053882	3.602
988.74	0.10491	0.065507	-0.1077	-0.20178	-0.38287	-0.54315	-0.70597	-0.85041	-0.97828	-1.0781	-1.0341	-0.76394	-0.23325	0.35235	0.64504	0.78432	0.81715	0.60988	0.25099	-0.16419	-0.39131	-0.52055	-0.54452	-0.48898	-0.40071	-0.31085	-0.2551	-0.13156	0.07386	0.12977	3.608
986.84	0.1171	0.047314	-0.14592	-0.2304	-0.40504	-0.5006	-0.70555	-0.86784	-0.9861	-1.0781	-1.0549	-0.76848	-0.24243	0.35605	0.65708	0.77999	0.82338	0.60946	0.25415	-0.16123	-0.40599	-0.51992	-0.56194	-0.49732	-0.36344	-0.31149	-0.24338	-0.12058	0.036111	0.097226	3.58
985.9	0.12618	0.090078	-0.11287	-0.23198	-0.3929	-0.5176	-0.69235	-0.82697	-0.96593	-1.0738	-1.0365	-0.75475	-0.2323	0.36555	0.65423	0.80026	0.82845	0.62055	0.25162	-0.15965	-0.40303	-0.51718	-0.54748	-0.4856	-0.37727	-0.31466	-0.22976	-0.12544	0.03268	0.09428	3.509
984.95	0.11583	0.097818	-0.098082	-0.19143	-0.36418	-0.51475	-0.68115	-0.84049	-0.9768	-1.0823	-0.99644	-0.74134	-0.21361	0.37843	0.66901	0.81525	0.82771	0.62583	0.23715	-0.14181	-0.3911	-0.49648	-0.51359	-0.47124	-0.36544	-0.30726	-0.22543	-0.091936	0.079276	0.11826	3.49
984	0.12185	0.073427	-0.086562	-0.19481	-0.38287	-0.47156	-0.65972	-0.81103	-0.94291	-1.0455	-1.0007	-0.72783	-0.18468	0.39913	0.67894	0.82877	0.86034	0.648	0.25605	-0.13537	-0.36196	-0.50292	-0.53206	-0.46111	-0.35657	-0.27685	-0.20284	-0.080797	0.070713	0.13325	3.404
984	0.18214	0.13927	-0.075	-0.19492	-0.36006	-0.47357	-0.68559	-0.8369	-0.9503	-1.0386	-0.9635	-0.7236	-0.18763	0.38529	0.69805	0.81789	0.8672	0.64219	0.26154	-0.14687	-0.37452	-0.4912	-0.49796	-0.45688	-0.34464	-0.2985	-0.19988	-0.061601	0.10184	0.15733	3.395
982.11	0.13114	0.096561	-0.096698	-0.21561	-0.37906	-0.52298	-0.72043	-0.88737	-0.98272	-1.0569	-1.0027	-0.73406	-0.20981	0.39047	0.68654	0.81335	0.84292	0.63533	0.2512	-0.14381	-0.38445	-0.48582	-0.50524	-0.44706	-0.33598	-0.28667	-0.18341	-0.052045	0.069129	0.12903	3.372
980.22	0.11182	0.066078	-0.12027	-0.23504	-0.42172	-0.53597	-0.68823	-0.85612	-0.97649	-1.0696	-1.0224	-0.75158	-0.20886	0.37885	0.68506	0.80818	0.82412	0.62445	0.26387	-0.13273	-0.36977	-0.51432	-0.54104	-0.47821	-0.40103	-0.29354	-0.22512	-0.094038	0.04156	0.081377	3.331
978.32	0.14983	0.10307	-0.1054	-0.23061	-0.38973	-0.5384	-0.7538	-0.88589	-0.99116	-1.0728	-1.0479	-0.74937	-0.22818	0.36998	0.66078	0.78769	0.83954	0.61432	0.2683	-0.15596	-0.39987	-0.53016	-0.53016	-0.47124	-0.37093	-0.29238	-0.24222	-0.07803	0.086741	0.14603	3.324
975.48	0.074387	0.024697	-0.20431	-0.274	-0.44823	-0.52805	-0.73722	-0.91408	-1.0225	-1.1066	-1.0833	-0.80385	-0.25679	0.3268	0.64853	0.7727	0.82106	0.63174	0.27443	-0.16134	-0.3854	-0.52414	-0.52182	-0.48465	-0.3873	-0.31022	-0.24454	-0.14455	-0.0017866	0.05309	3.385
973.59	0.094344	0.041771	-0.1361	-0.26049	-0.44157	-0.56501	-0.75274	-0.92274	-1.0253	-1.1045	-1.0675	-0.79783	-0.25743	0.35457	0.65645	0.79192	0.84408	0.63639	0.27506	-0.16007	-0.37854	-0.48867	-0.52309	-0.45118	-0.359	-0.28456	-0.23589	-0.13843	-0.0070259	0.075876	3.328
970.74	0.11594	0.085316	-0.10622	-0.21667	-0.40546	-0.53766	-0.73596	-0.89487	-1.0218	-1.1203	-1.0717	-0.79857	-0.25669	0.34918	0.67577	0.81441	0.88051	0.65085	0.26239	-0.15722	-0.39057	-0.52235	-0.52795	-0.48275	-0.40947	-0.30874	-0.23504	-0.093309	0.064705	0.092749	3.353
968.85	0.10402	0.090173	-0.11657	-0.21867	-0.40631	-0.52024	-0.73765	-0.90173	-1.0184	-1.1087	-1.0749	-0.79403	-0.23652	0.36428	0.66775	0.80469	0.86625	0.65866	0.28467	-0.09597	-0.34897	-0.44041	-0.49088	-0.4535	-0.3609	-0.30631	-0.19988	-0.11467	0.068358	0.10207	3.35
966.96	0.15015	0.070079	-0.076309	-0.2191	-0.37727	-0.49891	-0.69921	-0.86604	-0.99338	-1.0928	-1.0802	-0.79055	-0.24433	0.3872	0.67683	0.81768	0.871	0.66764	0.27295	-0.11784	-0.35119	-0.47663	-0.50334	-0.4497	-0.36302	-0.28034	-0.1832	-0.080617	0.071991	0.13716	3.411
965.06	0.13959	0.11541	-0.10516	-0.20981	-0.41708	-0.50303	-0.72962	-0.89645	-1.0145	-1.1066	-1.0728	-0.78051	-0.24476	0.3798	0.7065	0.83479	0.91123	0.66701	0.31011	-0.092929	-0.32638	-0.43408	-0.46734	-0.42753	-0.34496	-0.24634	-0.18193	-0.059499	0.079128	0.13135	3.439
964.12	0.1568	0.14529	-0.10025	-0.22131	-0.41454	-0.5535	-0.72392	-0.90448	-1.0278	-1.1235	-1.0781	-0.81219	-0.25257	0.36122	0.68696	0.8086	0.88505	0.67925	0.29428	-0.079709	-0.33166	-0.43482	-0.45805	-0.43429	-0.30969	-0.24835	-0.17908	-0.059594	0.082792	0.11625	3.503
964.12	0.14297	0.076563	-0.11214	-0.23905	-0.38952	-0.55191	-0.72065	-0.90627	-1.0349	-1.1351	-1.1235	-0.80121	-0.25109	0.36618	0.66954	0.81166	0.87227	0.68411	0.31202	-0.09143	-0.33334	-0.47357	-0.50831	-0.42679	-0.3798	-0.26714	-0.18541	-0.064515	0.08633	0.11636	3.525
962.22	0.12924	0.086045	-0.153	-0.22163	-0.44506	-0.53713	-0.76658	-0.91715	-1.0591	-1.1689	-1.1372	-0.84872	-0.30061	0.325	0.65444	0.81261	0.89455	0.6802	0.32743	-0.089867	-0.31159	-0.42151	-0.47885	-0.44411	-0.36006	-0.26746	-0.22765	-0.097385	0.072318	0.093541	3.631
962.22	0.10313	0.056321	-0.14445	-0.26989	-0.39628	-0.55603	-0.75264	-0.92359	-1.0664	-1.1784	-1.1689	-0.87449	-0.32595	0.31539	0.62889	0.78643	0.85865	0.67545	0.32606	-0.1016	-0.3401	-0.47103	-0.48223	-0.44569	-0.3382	-0.28942	-0.17781	-0.10886	0.044083	0.087438	3.675
962.22	0.11393	0.089202	-0.11235	-0.22501	-0.4232	-0.54938	-0.75644	-0.92887	-1.058	-1.1583	-1.1594	-0.88283	-0.33947	0.31392	0.66426	0.80279	0.87533	0.69478	0.33577	-0.073152	-0.31962	-0.45889	-0.51253	-0.46723	-0.35858	-0.28646	-0.18721	-0.089223	0.047631	0.084418	3.723
962.22	0.12312	0.092317	-0.073289	-0.22015	-0.43101	-0.54927	-0.77365	-0.94006	-1.0865	-1.2005	-1.1847	-0.92602	-0.35584	0.28826	0.62424	0.78073	0.86372	0.67081	0.34253	-0.07481	-0.31328	-0.44791	-0.49405	-0.46713	-0.39279	-0.29417	-0.23705	-0.10396	0.065275	0.098145	3.806
962.22	0.096952	0.045361	-0.13938	-0.25531	-0.44495	-0.5611	-0.75771	-0.93636	-1.0865	-1.2027	-1.19	-0.90479	-0.34675	0.29776	0.61917	0.76584	0.85517	0.69752	0.33556	-0.074778	-0.31782	-0.46322	-0.50883	-0.45013	-0.35214	-0.27685	-0.17781	-0.077692	0.024655	0.087417	3.822
963.17	0.15226	0.12196	-0.098662	-0.21994	-0.4024	-0.52837	-0.76626	-0.92813	-1.0728	-1.1858	-1.1615	-0.90785	-0.35858	0.28657	0.62065	0.79192	0.89085	0.73226	0.34095	-0.054674	-0.32099	-0.44453	-0.48867	-0.44854	-0.34274	-0.25479	-0.1964	-0.092422	0.070523	0.12407	3.912
963.17	0.14149	0.10633	-0.068158	-0.21836	-0.38202	-0.50609	-0.73163	-0.91514	-1.0622	-1.1763	-1.1742	-0.89656	-0.36006	0.2929	0.63343	0.7803	0.89085	0.72276	0.36555	-0.044632	-0.29723	-0.43218	-0.44347	-0.43482	-0.35985	-0.27992	-0.2229	-0.064568	0.10405	0.1531	3.909
962.22	0.14466	0.10633	-0.083436	-0.204	-0.39469	-0.5234	-0.71283	-0.89117	-1.0527	-1.1784	-1.1868	-0.92264	-0.3647	0.28023	0.64166	0.78358	0.88959	0.7103	0.3589	-0.046322	-0.29417	-0.4478	-0.49395	-0.42119	-0.31793	-0.24391	-0.1794	-0.06952	0.059964	0.12713	3.883
962.22	0.15089	0.10329	-0.091957	-0.19925	-0.39807	-0.53396	-0.72698	-0.91915	-1.0675	-1.1837	-1.1752	-0.89888	-0.36787	0.27876	0.61157	0.78241	0.86224	0.71061	0.359	-0.026239	-0.30695	-0.45266	-0.49416	-0.4458	-0.36956	-0.25035	-0.20748	-0.066268	0.10237	0.12871	3.873
961.27	0.12639	0.061104	-0.1209	-0.20759	-0.39691	-0.5328	-0.74863	-0.91356	-1.0622	-1.1784	-1.1847	-0.91271	-0.37569	0.29671	0.61221	0.78178	0.87787	0.70819	0.35393	-0.0682	-0.30093	-0.43914	-0.48127	-0.45857	-0.39955	-0.24898	-0.20611	-0.11066	0.035309	0.10591	3.902
962.22	0.10781	0.090785	-0.15986	-0.23948	-0.41708	-0.54262	-0.76351	-0.92253	-1.0686	-1.1826	-1.1858	-0.92327	-0.36492	0.28847	0.61653	0.76795	0.85432	0.69013	0.35774	-0.063111	-0.32131	-0.47293	-0.5177	-0.46269	-0.35246	-0.2928	-0.18109	-0.092528	0.033514	0.10886	3.857
961.27	0.098588	0.079846	-0.11235	-0.23789	-0.42024	-0.5479	-0.74989	-0.94386	-1.0939	-1.2111	-1.1879	-0.94112	-0.38741	0.27253	0.59584	0.74778	0.8332	0.67915	0.34411	-0.054748	-0.342	-0.47768	-0.52615	-0.48877	-0.43365	-0.30378	-0.25753	-0.12702	0.038815	0.072223	3.848
963.17	0.08614	0.059415	-0.10707	-0.22638	-0.42436	-0.55223	-0.75222	-0.92792	-1.0897	-1.2153	-1.2016	-0.92844	-0.38983	0.26566	0.60133	0.76415	0.85643	0.67503	0.33134	-0.079773	-0.3288	-0.48318	-0.512	-0.48201	-0.40029	-0.31909	-0.2493	-0.092412	0.007009	0.084323	3.829
964.12	0.10293	0.07651	-0.10528	-0.24528	-0.41602	-0.5498	-0.75296	-0.90891	-1.0717	-1.1984	-1.1932	-0.93056	-0.39226	0.25574	0.60693	0.76457	0.86847	0.70111	0.3609	-0.051253	-0.32521	-0.47019	-0.53481	-0.46765	-0.37178	-0.29671	-0.21794	-0.11678	0.052805	0.070502	3.803
965.06	0.12122	0.096688	-0.081494	-0.23061	-0.42014	-0.53893	-0.7538	-0.93203	-1.0865	-1.2069	-1.2058	-0.93098	-0.38878	0.2682	0.60935	0.75929	0.85432	0.69551	0.34137	-0.054526	-0.32954	-0.45108	-0.50736	-0.4686	-0.36671	-0.27918	-0.21139	-0.093816	0.054495	0.085643	3.803
966.96	0.11488	0.082518	-0.099919	-0.22543	-0.41011	-0.53798	-0.72149	-0.90785	-1.0559	-1.171	-1.1984	-0.91345	-0.38371	0.27728	0.61474	0.79287	0.88209	0.71009	0.34359	-0.07444	-0.31645	-0.45034	-0.49986	-0.46174	-0.37379	-0.29744	-0.21413	-0.090395	0.068464	0.11889	3.749
968.85	0.12238	0.11034	-0.086287	-0.20917	-0.41412	-0.51506	-0.7273	-0.89529	-1.0539	-1.1773	-1.1636	-0.90099	-0.36386	0.28646	0.62815	0.77576	0.88082	0.70597	0.36206	-0.032722	-0.30336	-0.45424	-0.52583	-0.4307	-0.34074	-0.23937	-0.17982	-0.062572	0.08766	0.12185	3.765
969.8	0.12681	0.11182	-0.096297	-0.20569	-0.39501	-0.51622	-0.71969	-0.90405	-1.0536	-1.1699	-1.1657	-0.89043	-0.34728	0.30357	0.62752	0.78938	0.86541	0.69573	0.3495	-0.055962	-0.29206	-0.43534	-0.49532	-0.44242	-0.38994	-0.27802	-0.20896	-0.091799	0.077048	0.13684	3.717
969.8	0.12375	0.083827	-0.11984	-0.22153	-0.41518	-0.55857	-0.74007	-0.92623	-1.0612	-1.1668	-1.1847	-0.90437	-0.37379	0.28446	0.6177	0.76161	0.86826	0.70333	0.34802	-0.064251	-0.31708	-0.42901	-0.47853	-0.43767	-0.34644	-0.26545	-0.19344	-0.099887	0.026228	0.10496	3.707
969.8	0.11604	0.099349	-0.092897	-0.24549	-0.42922	-0.5875	-0.72624	-0.94386	-1.0823	-1.19	-1.1794	-0.91715	-0.36481	0.28604	0.63037	0.78769	0.84725	0.68918	0.33989	-0.085854	-0.31708	-0.46596	-0.48845	-0.44981	-0.35731	-0.2608	-0.19344	-0.11773	0.036734	0.086763	3.701
968.85	0.099338	0.08388	-0.11984	-0.21371	-0.43418	-0.54526	-0.75253	-0.94122	-1.0791	-1.1858	-1.1646	-0.90015	-0.36956	0.27189	0.59594	0.78379	0.85907	0.68485	0.34274	-0.069277	-0.32194	-0.4478	-0.48381	-0.44105	-0.33271	-0.28583	-0.19048	-0.090184	0.052531	0.092887	3.695
969.8	0.093214	0.065233	-0.14339	-0.22005	-0.43249	-0.56395	-0.76446	-0.91366	-1.0696	-1.191	-1.19	-0.92074	-0.36798	0.26714	0.60059	0.76626	0.83627	0.68791	0.33461	-0.05763	-0.32352	-0.47378	-0.50197	-0.46966	-0.34042	-0.28425	-0.22448	-0.11456	0.056026	0.082254	3.711
968.85	0.11615	0.071473	-0.10308	-0.23768	-0.4061	-0.56585	-0.77682	-0.92211	-1.0802	-1.2027	-1.2016	-0.93552	-0.38149	0.272	0.58813	0.76077	0.84957	0.68971	0.34147	-0.070956	-0.31265	-0.46016	-0.46892	-0.46533	-0.34211	-0.25785	-0.21223	-0.067408	0.04553	0.088357	3.701
969.8	0.13135	0.074514	-0.10131	-0.22322	-0.39638	-0.52457	-0.74525	-0.92781	-1.0781	-1.1942	-1.1847	-0.922	-0.36185	0.27971	0.61611	0.76014	0.84883	0.69393	0.33852	-0.060925	-0.31075	-0.4383	-0.46691	-0.42257	-0.34644	-0.28256	-0.21508	-0.093383	0.05951	0.098895	3.762
970.74	0.13737	0.086858	-0.092823	-0.22459	-0.40388	-0.56321	-0.72571	-0.92866	-1.0707	-1.1805	-1.1678	-0.8973	-0.37495	0.28266	0.60766	0.77545	0.86108	0.71378	0.35584	-0.03099	-0.28224	-0.44865	-0.47314	-0.43429	-0.33535	-0.26059	-0.19946	-0.099803	0.059457	0.12607	3.723
970.74	0.1114	0.12871	-0.10291	-0.21825	-0.41011	-0.53259	-0.71885	-0.91577	-1.0728	-1.1942	-1.1921	-0.90363	-0.36608	0.27949	0.60291	0.77978	0.85136	0.70122	0.36259	-0.03929	-0.2948	-0.42563	-0.47811	-0.41613	-0.32448	-0.25743	-0.18246	-0.070555	0.083954	0.11245	3.726
970.74	0.16324	0.094618	-0.077692	-0.22617	-0.41634	-0.55814	-0.74461	-0.93826	-1.0675	-1.1689	-1.1784	-0.90849	-0.36016	0.30325	0.60925	0.77978	0.86752	0.72318	0.35985	-0.047589	-0.2948	-0.41486	-0.48972	-0.43587	-0.35541	-0.25901	-0.1964	-0.072181	0.10844	0.13515	3.723
969.8	0.13896	0.096223	-0.081103	-0.23747	-0.376	-0.51084	-0.71927	-0.92443	-1.0728	-1.1879	-1.1805	-0.92338	-0.38107	0.28435	0.61917	0.7803	0.87459	0.7142	0.37642	-0.035995	-0.2871	-0.41053	-0.48508	-0.43302	-0.33556	-0.24824	-0.18256	-0.073849	0.055994	0.1246	3.762
969.8	0.12829	0.090057	-0.10971	-0.23113	-0.41676	-0.55191	-0.69372	-0.92475	-1.0812	-1.2016	-1.1773	-0.91261	-0.40187	0.27337	0.58612	0.78632	0.8652	0.71294	0.37115	-0.039332	-0.29037	-0.43524	-0.47198	-0.43471	-0.33408	-0.25922	-0.19502	-0.10479	0.036745	0.10498	3.768
969.8	0.11456	0.086921	-0.12312	-0.20558	-0.4213	-0.54146	-0.74852	-0.93087	-1.0897	-1.2122	-1.1942	-0.93446	-0.40916	0.25267	0.59542	0.75718	0.84376	0.68591	0.36143	-0.037653	-0.29185	-0.43049	-0.47346	-0.44062	-0.36956	-0.26851	-0.2135	-0.10149	0.048983	0.07614	3.784
971.69	0.11277	0.06972	-0.10781	-0.21794	-0.43302	-0.56765	-0.77112	-0.91947	-1.0844	-1.2132	-1.2027	-0.94386	-0.40546	0.24898	0.57535	0.75433	0.85031	0.6972	0.34728	-0.039237	-0.29449	-0.43587	-0.48413	-0.44738	-0.34876	-0.2664	-0.21002	-0.076953	0.066373	0.10781	3.861
975.48	0.12766	0.088008	-0.12079	-0.2362	-0.40821	-0.52509	-0.75665	-0.90205	-1.0622	-1.1879	-1.2143	-0.94238	-0.39237	0.25141	0.60027	0.74894	0.86034	0.70892	0.36903	-0.042415	-0.30125	-0.43587	-0.47262	-0.43988	-0.35689	-0.28879	-0.20168	-0.11551	0.059183	0.10591	3.899
978.32	0.12871	0.11393	-0.11551	-0.23715	-0.41021	-0.51686	-0.74937	-0.92496	-1.0865	-1.2122	-1.1995	-0.94914	-0.4176	0.24275	0.58275	0.74387	0.84672	0.69752	0.37474	-0.027464	-0.28488	-0.4194	-0.48772	-0.42964	-0.34665	-0.24623	-0.19186	-0.081325	0.057282	0.10559	3.87
980.22	0.1028	0.067609	-0.096941	-0.22089	-0.41856	-0.55455	-0.7614	-0.93742	-1.0823	-1.1942	-1.1847	-0.92359	-0.39775	0.23441	0.57377	0.73807	0.85939	0.69615	0.36861	-0.024117	-0.2796	-0.42774	-0.46375	-0.43925	-0.33979	-0.25964	-0.20527	-0.077935	0.057166	0.093372	3.873
979.27	0.12555	0.11066	-0.085316	-0.21149	-0.39247	-0.51263	-0.73617	-0.93784	-1.0886	-1.2058	-1.1984	-0.93657	-0.39205	0.24391	0.58971	0.75845	0.84535	0.71199	0.37273	-0.01096	-0.27506	-0.41718	-0.4705	-0.43492	-0.33387	-0.25204	-0.187	-0.074746	0.071061	0.12945	3.877
978.32	0.14381	0.098493	-0.10544	-0.2134	-0.42859	-0.54199	-0.73881	-0.92137	-1.0738	-1.191	-1.1984	-0.94882	-0.40282	0.25056	0.5857	0.77228	0.87037	0.73163	0.37864	-0.024159	-0.27073	-0.40398	-0.44801	-0.42193	-0.30209	-0.274	-0.19787	-0.09258	0.062466	0.13114	3.87
976.43	0.13051	0.094069	-0.11573	-0.23124	-0.42478	-0.54304	-0.7386	-0.92485	-1.0886	-1.2153	-1.2301	-0.96973	-0.41687	0.24159	0.58686	0.7595	0.84968	0.71125	0.38202	-0.017602	-0.27907	-0.4308	-0.46544	-0.44833	-0.33187	-0.27147	-0.19523	-0.078231	0.053893	0.11932	3.896
974.53	0.1095	0.09579	-0.099148	-0.22691	-0.41011	-0.54917	-0.73997	-0.94428	-1.095	-1.2111	-1.2101	-0.96361	-0.41613	0.22945	0.58327	0.75084	0.84482	0.71093	0.37738	-0.017633	-0.29058	-0.43313	-0.48951	-0.44622	-0.33556	-0.28277	-0.22026	-0.096181	0.067936	0.069763	3.825
973.59	0.11266	0.083531	-0.1043	-0.23029	-0.41211	-0.54136	-0.7632	-0.92454	-1.0865	-1.2132	-1.2132	-0.9616	-0.40926	0.23916	0.58401	0.75032	0.86034	0.70871	0.3778	-0.032564	-0.27052	-0.4383	-0.47684	-0.4346	-0.33598	-0.25985	-0.19281	-0.097923	0.043587	0.12871	3.848
971.69	0.10971	0.096033	-0.10444	-0.24169	-0.42046	-0.56744	-0.78812	-0.93531	-1.0928	-1.2143	-1.2322	-0.95959	-0.40979	0.24423	0.56416	0.74261	0.84207	0.70333	0.37558	-0.034253	-0.29121	-0.42658	-0.48402	-0.44728	-0.33641	-0.27105	-0.18837	-0.08181	0.054125	0.086572	3.81
971.69	0.11731	0.10224	-0.11456	-0.26091	-0.45171	-0.55403	-0.75739	-0.9371	-1.0897	-1.209	-1.2101	-0.97416	-0.41729	0.21572	0.57219	0.71674	0.83901	0.6972	0.35404	-0.012702	-0.28974	-0.42816	-0.4875	-0.45044	-0.36882	-0.26798	-0.21002	-0.11266	0.027918	0.083563	3.867
971.69	0.11425	0.078991	-0.10444	-0.24169	-0.42193	-0.53523	-0.72983	-0.93372	-1.0886	-1.2079	-1.2132	-0.94534	-0.42457	0.21889	0.56891	0.7311	0.83236	0.70333	0.36745	-0.0060682	-0.27242	-0.43724	-0.47737	-0.45942	-0.3703	-0.30526	-0.20379	-0.065581	0.061115	0.083542	3.854
972.64	0.11573	0.094397	-0.11446	-0.22881	-0.44189	-0.53819	-0.75486	-0.94101	-1.0939	-1.2122	-1.2069	-0.96361	-0.43598	0.22184	0.56997	0.7463	0.85263	0.69963	0.36851	-0.0010928	-0.27844	-0.42774	-0.47864	-0.43028	-0.33767	-0.29407	-0.2021	-0.11256	0.054083	0.074409	3.88
972.64	0.11119	0.080512	-0.099359	-0.23684	-0.41095	-0.54347	-0.76552	-0.92686	-1.0802	-1.2005	-1.2196	-0.95917	-0.42288	0.22512	0.57652	0.7481	0.83848	0.70301	0.3836	-0.012692	-0.25669	-0.41866	-0.46723	-0.43798	-0.34401	-0.25848	-0.21297	-0.08502	0.059341	0.11076	3.816
972.64	0.11879	0.083584	-0.11277	-0.24792	-0.4062	-0.54843	-0.767	-0.94439	-1.0876	-1.1984	-1.209	-0.98124	-0.41539	0.2362	0.58275	0.74937	0.85612	0.71072	0.36323	-0.024296	-0.28477	-0.42933	-0.47547	-0.44094	-0.3269	-0.26313	-0.20981	-0.11097	0.047103	0.086509	3.877
971.69	0.10517	0.10379	-0.096065	-0.22269	-0.42669	-0.56078	-0.7557	-0.93552	-1.0876	-1.2058	-1.1889	-0.96139	-0.42457	0.2173	0.56902	0.74134	0.84872	0.7254	0.39195	-0.017676	-0.29132	-0.43281	-0.49247	-0.42922	-0.35657	-0.25088	-0.18531	-0.083447	0.038403	0.098684	3.857
971.69	0.10664	0.079012	-0.138	-0.2418	-0.40029	-0.54896	-0.77967	-0.93394	-1.0897	-1.2122	-1.2238	-0.96297	-0.42024	0.22047	0.57377	0.74419	0.85833	0.72392	0.37569	-0.016018	-0.28034	-0.42975	-0.4742	-0.44136	-0.33334	-0.26798	-0.18383	-0.06235	0.033166	0.11984	3.81
971.69	0.12196	0.071315	-0.10284	-0.2419	-0.42383	-0.52203	-0.75961	-0.90712	-1.0823	-1.2185	-1.2111	-0.95885	-0.40715	0.23335	0.57409	0.7576	0.87185	0.73532	0.37727	-0.0044136	-0.27263	-0.42225	-0.48613	-0.45372	-0.33662	-0.24951	-0.20706	-0.1095	0.029692	0.1048	3.87
970.74	0.14962	0.10707	-0.087808	-0.22311	-0.41813	-0.5838	-0.74145	-0.94998	-1.1045	-1.2248	-1.2238	-0.98525	-0.43566	0.21614	0.56522	0.74398	0.85654	0.72033	0.3872	-0.027675	-0.26978	-0.44273	-0.4667	-0.43756	-0.36016	-0.26376	-0.19956	-0.059204	0.066479	0.11097	3.832
968.85	0.10093	0.090152	-0.11319	-0.19471	-0.40631	-0.52858	-0.76161	-0.94344	-1.0971	-1.2174	-1.2333	-0.96456	-0.44823	0.23715	0.563	0.75243	0.84989	0.72149	0.38783	-0.0094175	-0.27812	-0.4157	-0.46744	-0.4307	-0.33451	-0.27358	-0.18594	-0.096762	0.061337	0.11119	3.864
966.96	0.11488	0.11372	-0.099961	-0.24792	-0.43682	-0.59119	-0.74599	-0.92602	-1.096	-1.2291	-1.2301	-0.99697	-0.42837	0.2249	0.58	0.75686	0.87438	0.72466	0.39406	-0.0094375	-0.274	-0.41972	-0.47008	-0.427	-0.34295	-0.25848	-0.18784	-0.080638	0.049162	0.099222	3.845
964.12	0.13674	0.093689	-0.1002	-0.2437	-0.43957	-0.52763	-0.76858	-0.94133	-1.1013	-1.2259	-1.2269	-1.0107	-0.4458	0.20315	0.55434	0.74863	0.86351	0.72328	0.38688	-0.024507	-0.2683	-0.42996	-0.48793	-0.43872	-0.36713	-0.26545	-0.20231	-0.097205	0.072181	0.13146	3.835
962.22	0.1247	0.10643	-0.1191	-0.26197	-0.42964	-0.53924	-0.73237	-0.95991	-1.115	-1.2354	-1.2555	-1.0019	-0.46332	0.24043	0.57176	0.74609	0.85105	0.72508	0.38508	-0.011161	-0.27379	-0.42024	-0.45572	-0.44284	-0.35246	-0.25985	-0.18879	-0.10237	0.051168	0.10125	3.81
960.33	0.11108	0.10812	-0.11763	-0.2173	-0.41602	-0.55033	-0.74387	-0.92876	-1.1013	-1.2354	-1.2407	-1.0163	-0.44759	0.22311	0.58539	0.74863	0.86699	0.74208	0.3911	-0.017887	-0.28044	-0.39448	-0.46977	-0.43133	-0.34359	-0.3136	-0.19692	-0.091018	0.049479	0.11361	3.867
960.33	0.11879	0.092507	-0.11256	-0.22216	-0.40831	-0.50746	-0.73184	-0.95991	-1.1192	-1.2438	-1.2523	-0.98916	-0.45519	0.20717	0.58232	0.75908	0.86879	0.73743	0.3967	0.0022501	-0.27421	-0.42246	-0.46818	-0.45129	-0.33894	-0.28541	-0.19228	-0.10907	0.060101	0.12132	3.873
959.38	0.1436	0.09729	-0.090511	-0.19819	-0.42911	-0.52858	-0.73068	-0.93467	-1.1076	-1.2428	-1.2533	-1.019	-0.46903	0.20569	0.57958	0.77724	0.90384	0.74757	0.38466	-0.016229	-0.27601	-0.42753	-0.47367	-0.43017	-0.35172	-0.25574	-0.19397	-0.097691	0.049532	0.09843	3.867
959.38	0.11889	0.098884	-0.093932	-0.21593	-0.39131	-0.56131	-0.76742	-0.92992	-1.1076	-1.246	-1.2681	-1.0095	-0.46311	0.20579	0.57335	0.75105	0.88769	0.7557	0.40398	0.0022522	-0.27295	-0.39965	-0.4704	-0.4119	-0.35341	-0.2589	-0.1643	-0.094418	0.072561	0.12301	3.87
958.43	0.11446	0.089582	-0.11446	-0.23557	-0.40451	-0.53787	-0.76658	-0.95389	-1.114	-1.2386	-1.2523	-1.0044	-0.45773	0.19956	0.59172	0.74768	0.86921	0.73279	0.40441	-0.009522	-0.26693	-0.42352	-0.46427	-0.44157	-0.36016	-0.25616	-0.18805	-0.061601	0.033641	0.11087	3.87
956.54	0.10218	0.077112	-0.1044	-0.22617	-0.41127	-0.53344	-0.7954	-0.98779	-1.134	-1.2481	-1.2576	-1.0282	-0.47473	0.19344	0.58116	0.76763	0.88177	0.74799	0.40082	-0.012903	-0.28636	-0.44115	-0.46142	-0.41908	-0.34179	-0.27696	-0.20231	-0.12766	0.053217	0.12333	3.877
956.54	0.12544	0.073997	-0.12829	-0.257	-0.43049	-0.55603	-0.76436	-0.95558	-1.1235	-1.2533	-1.2576	-1.0045	-0.46153	0.21445	0.55888	0.76204	0.87723	0.74831	0.40789	0.00563	-0.26735	-0.42109	-0.48191	-0.44231	-0.34507	-0.2739	-0.21181	-0.1095	0.042584	0.11868	3.867
956.54	0.10992	0.10547	-0.087375	-0.22142	-0.38772	-0.53882	-0.76267	-0.94734	-1.1129	-1.2407	-1.2681	-1.0141	-0.47494	0.21118	0.56374	0.76795	0.88864	0.75633	0.40377	-0.0061675	-0.25616	-0.44284	-0.48518	-0.45308	-0.35288	-0.25025	-0.20717	-0.084799	0.037252	0.11562	3.851
956.54	0.10528	0.083405	-0.11287	-0.23916	-0.43661	-0.54209	-0.78843	-0.94375	-1.1119	-1.2438	-1.2628	-1.025	-0.44632	0.21593	0.56511	0.75296	0.88008	0.74324	0.41317	-0.026376	-0.27675	-0.41782	-0.46142	-0.43756	-0.35277	-0.27538	-0.22121	-0.088061	0.062097	0.089487	3.886
958.43	0.14064	0.10844	-0.087217	-0.21139	-0.42014	-0.55329	-0.76468	-0.9635	-1.1203	-1.2417	-1.2639	-1.0073	-0.46058	0.22047	0.57071	0.75771	0.84936	0.73099	0.39754	-0.011203	-0.25574	-0.42489	-0.47251	-0.45372	-0.33651	-0.25764	-0.21931	-0.1011	0.053132	0.12005	3.886
958.43	0.10199	0.083246	-0.1076	-0.21287	-0.40419	-0.50662	-0.76615	-0.94354	-1.1087	-1.2364	-1.2428	-1.0118	-0.42753	0.21878	0.56564	0.76182	0.87185	0.73543	0.39184	-0.01624	-0.2778	-0.42943	-0.49416	-0.43365	-0.33799	-0.29692	-0.18943	-0.10106	0.069066	0.095452	3.877
958.43	0.12354	0.094217	-0.10417	-0.2419	-0.42626	-0.56849	-0.76943	-0.93848	-1.1076	-1.2396	-1.2438	-0.99866	-0.44242	0.21065	0.57514	0.76309	0.87333	0.74968	0.38899	-0.0061527	-0.28097	-0.43555	-0.46892	-0.4535	-0.3457	-0.29998	-0.20822	-0.076362	0.042478	0.10612	3.886
959.38	0.12977	0.095769	-0.097353	-0.22564	-0.40409	-0.546	-0.77281	-0.92686	-1.0992	-1.2322	-1.2417	-0.99201	-0.42288	0.24919	0.58781	0.74683	0.86171	0.73511	0.38899	-0.0095125	-0.28572	-0.42457	-0.48223	-0.43503	-0.34876	-0.27158	-0.20189	-0.09937	0.047779	0.092348	3.851
959.38	0.12048	0.10514	-0.0837	-0.22723	-0.41803	-0.55603	-0.75855	-0.97047	-1.1171	-1.2301	-1.2428	-0.98198	-0.4421	0.24106	0.57483	0.74799	0.87438	0.73163	0.39839	-0.022944	-0.28076	-0.41349	-0.48032	-0.43175	-0.35172	-0.26672	-0.18932	-0.074673	0.067239	0.1076	3.873
959.38	0.13273	0.094154	-0.11087	-0.22723	-0.39754	-0.54231	-0.73416	-0.94112	-1.1214	-1.2618	-1.2396	-0.98673	-0.43165	0.24423	0.58444	0.75971	0.86467	0.73004	0.39015	-0.0027886	-0.28393	-0.42595	-0.4686	-0.45013	-0.33461	-0.28879	-0.1909	-0.1191	0.042447	0.09843	3.829
960.33	0.11868	0.10031	-0.093784	-0.22047	-0.40652	-0.56733	-0.76626	-0.97248	-1.1171	-1.2291	-1.2417	-0.98388	-0.44305	0.22786	0.5933	0.76309	0.86847	0.73395	0.37875	-0.026281	-0.27411	-0.43629	-0.47811	-0.42964	-0.32479	-0.28055	-0.22501	-0.081145	0.044157	0.09219	3.845
962.22	0.12618	0.11425	-0.12755	-0.22807	-0.43091	-0.54062	-0.77692	-0.95769	-1.1108	-1.2301	-1.2428	-0.98367	-0.44516	0.2531	0.58095	0.76605	0.87491	0.72783	0.40124	-0.026228	-0.28784	-0.44939	-0.47219	-0.45023	-0.35847	-0.28784	-0.21836	-0.11214	0.040546	0.10728	3.87
963.17	0.12914	0.087533	-0.12238	-0.24391	-0.41328	-0.55899	-0.77629	-0.97311	-1.1256	-1.2449	-1.2523	-0.9957	-0.45826	0.23684	0.58686	0.75813	0.88399	0.72878	0.38456	-0.044611	-0.28287	-0.41655	-0.49183	-0.427	-0.37062	-0.27823	-0.20875	-0.095664	0.036988	0.10415	3.825
964.12	0.12903	0.10622	-0.086667	-0.24687	-0.42383	-0.54304	-0.76689	-0.93964	-1.1076	-1.2386	-1.2618	-1.0011	-0.44875	0.22702	0.57673	0.77333	0.88304	0.75021	0.41412	-0.02116	-0.27939	-0.45625	-0.47124	-0.44326	-0.3173	-0.26703	-0.21635	-0.11361	0.049278	0.11932	3.861
964.12	0.13061	0.081198	-0.1341	-0.24212	-0.43957	-0.55329	-0.76689	-0.92348	-1.1013	-1.2396	-1.265	-1.0043	-0.43545	0.22702	0.56078	0.75591	0.86192	0.73279	0.39364	-0.014476	-0.27939	-0.43619	-0.47124	-0.43566	-0.37336	-0.32331	-0.1946	-0.079202	0.058095	0.090321	3.825
966.01	0.14561	0.076351	-0.10844	-0.24	-0.42141	-0.54526	-0.78083	-0.94903	-1.1119	-1.2386	-1.2502	-1.0021	-0.44041	0.22184	0.56279	0.75866	0.88779	0.74071	0.41053	-0.024454	-0.28984	-0.41834	-0.47367	-0.43777	-0.33377	-0.28044	-0.19418	-0.095368	0.057968	0.08861	3.813
966.96	0.13019	0.087164	-0.12185	-0.24454	-0.41465	-0.51739	-0.74894	-0.94967	-1.1097	-1.2343	-1.2502	-0.99475	-0.44295	0.22153	0.58127	0.7463	0.87058	0.72571	0.39786	-0.0060988	-0.26746	-0.41021	-0.50144	-0.44189	-0.36903	-0.24275	-0.18626	-0.083848	0.068443	0.11129	3.845
968.85	0.12386	0.073036	-0.10141	-0.22501	-0.42183	-0.57282	-0.77355	-0.93362	-1.1023	-1.2343	-1.2259	-0.98039	-0.43925	0.23388	0.57557	0.7595	0.86594	0.73237	0.39311	-0.014402	-0.28435	-0.42331	-0.48064	-0.44273	-0.38086	-0.26566	-0.20917	-0.083711	0.07009	0.091408	3.912
970.74	0.12671	0.076035	-0.1114	-0.25014	-0.41338	-0.54811	-0.74314	-0.93066	-1.0928	-1.2196	-1.2291	-0.96941	-0.43123	0.23198	0.59214	0.75845	0.88895	0.72983	0.40472	-0.021033	-0.26355	-0.42119	-0.47494	-0.43756	-0.37262	-0.29174	-0.21498	-0.091715	0.036724	0.07915	3.864
970.74	0.119	0.094597	-0.084397	-0.21815	-0.4459	-0.53586	-0.77365	-0.93805	-1.095	-1.2174	-1.2354	-0.98314	-0.42954	0.2192	0.5743	0.75655	0.869	0.73722	0.40177	0.0038857	-0.26017	-0.41634	-0.47135	-0.44178	-0.32595	-0.27453	-0.2211	-0.094914	0.045446	0.092728	3.87
971.69	0.12808	0.097638	-0.097786	-0.22754	-0.40662	-0.56786	-0.74736	-0.94713	-1.1066	-1.2312	-1.2291	-1.008	-0.44991	0.20949	0.56923	0.74303	0.84577	0.72888	0.37991	-0.0044126	-0.27421	-0.41602	-0.46945	-0.43851	-0.33197	-0.26503	-0.21477	-0.096477	0.055909	0.11383	3.867
973.59	0.11256	0.077333	-0.097575	-0.22712	-0.4043	-0.52763	-0.74588	-0.9484	-1.1002	-1.2174	-1.2248	-0.98208	-0.44305	0.22966	0.56649	0.75591	0.86499	0.73522	0.40483	-0.009371	-0.25795	-0.42436	-0.47842	-0.41951	-0.36206	-0.25669	-0.20041	-0.096276	0.06801	0.10907	3.861
974.53	0.13072	0.088051	-0.11425	-0.22839	-0.38508	-0.54737	-0.74842	-0.94249	-1.095	-1.2132	-1.2259	-0.97765	-0.43218	0.22776	0.58	0.77365	0.87523	0.72804	0.39216	-0.025901	-0.27485	-0.41929	-0.46786	-0.44305	-0.35552	-0.27031	-0.18784	-0.086446	0.041782	0.092369	3.838
976.43	0.10471	0.070956	-0.11742	-0.22174	-0.39078	-0.51105	-0.75243	-0.9219	-1.0855	-1.2122	-1.2132	-0.97628	-0.41106	0.22427	0.58074	0.75676	0.85791	0.716	0.37136	-0.014297	-0.27601	-0.42478	-0.4705	-0.41539	-0.33197	-0.26376	-0.19069	-0.086319	0.026059	0.092232	3.857
977.37	0.1077	0.10791	-0.119	-0.20896	-0.42141	-0.52583	-0.73638	-0.91313	-1.0707	-1.1932	-1.2016	-0.95009	-0.41951	0.24148	0.58496	0.75042	0.87164	0.70607	0.38994	-0.0027379	-0.2664	-0.40916	-0.45688	-0.43154	-0.3439	-0.26049	-0.17823	-0.074947	0.066035	0.12523	3.896
977.37	0.13346	0.0971	-0.11055	-0.21361	-0.39353	-0.5478	-0.75517	-0.92908	-1.0802	-1.1974	-1.19	-0.93119	-0.40039	0.25246	0.58338	0.75475	0.86847	0.70607	0.38582	0.00056184	-0.2664	-0.40008	-0.44537	-0.42552	-0.3117	-0.28055	-0.18742	-0.078178	0.069509	0.10876	3.864
977.37	0.10918	0.11097	-0.097216	-0.2342	-0.42141	-0.52235	-0.74483	-0.91936	-1.0781	-1.2005	-1.1826	-0.9578	-0.41644	0.24138	0.58803	0.76742	0.86182	0.71378	0.35488	-0.025838	-0.28667	-0.42278	-0.46512	-0.42246	-0.35921	-0.25732	-0.21508	-0.091081	0.081663	0.087628	3.877
977.37	0.1303	0.083162	-0.1005	-0.19608	-0.38698	-0.57599	-0.73754	-0.92834	-1.0844	-1.2058	-1.2143	-0.92718	-0.40884	0.26323	0.57979	0.7613	0.84366	0.70702	0.37072	-0.029111	-0.25531	-0.43629	-0.46639	-0.42214	-0.35129	-0.2494	-0.1965	-0.074884	0.046871	0.11309	3.857
978.32	0.12565	0.083077	-0.090395	-0.22269	-0.42531	-0.55688	-0.74704	-0.93214	-1.0865	-1.2058	-1.2101	-0.95315	-0.4099	0.25827	0.57757	0.76045	0.86203	0.71568	0.37305	-0.027443	-0.27685	-0.41602	-0.47747	-0.42626	-0.34179	-0.23684	-0.18098	-0.076425	0.062435	0.11298	3.864
979.27	0.13917	0.093805	-0.12206	-0.23684	-0.41275	-0.55835	-0.74842	-0.92707	-1.0823	-1.2027	-1.1889	-0.96223	-0.42003	0.21889	0.58211	0.74725	0.84883	0.70607	0.37959	-0.020843	-0.26112	-0.41739	-0.47726	-0.41254	-0.35087	-0.24908	-0.19164	-0.082835	0.052003	0.10546	3.883
979.27	0.12101	0.095284	-0.096962	-0.22089	-0.43101	-0.53945	-0.74968	-0.95199	-1.0907	-1.1995	-1.2058	-0.97427	-0.43587	0.22195	0.56912	0.75538	0.8483	0.71653	0.38339	-0.030705	-0.27812	-0.42172	-0.45393	-0.43175	-0.33841	-0.26735	-0.15173	-0.060239	0.064114	0.099402	3.848
980.22	0.13146	0.08142	-0.10358	-0.23504	-0.43862	-0.56617	-0.7595	-0.93562	-1.0928	-1.2153	-1.2174	-0.97068	-0.42837	0.22343	0.57525	0.75222	0.84957	0.7084	0.37653	-0.024106	-0.27643	-0.41549	-0.47346	-0.42415	-0.32595	-0.27802	-0.21128	-0.095632	0.074483	0.07386	3.877
980.22	0.1285	0.075274	-0.095252	-0.20347	-0.40303	-0.52245	-0.76119	-0.94365	-1.0907	-1.2048	-1.2132	-0.96593	-0.42109	0.21234	0.56733	0.74504	0.85274	0.70692	0.38456	-0.025753	-0.26714	-0.40324	-0.46364	-0.41961	-0.35203	-0.26418	-0.17918	-0.10528	0.039818	0.10686	3.877
979.27	0.14983	0.083056	-0.10204	-0.24792	-0.4005	-0.52647	-0.75876	-0.93362	-1.0823	-1.1984	-1.2132	-0.97343	-0.43038	0.21889	0.5743	0.74028	0.85379	0.71558	0.38371	-0.029079	-0.28298	-0.41592	-0.46586	-0.43967	-0.34633	-0.26756	-0.22079	-0.090912	0.069372	0.1115	3.912
977.37	0.11668	0.10622	-0.10384	-0.24982	-0.44273	-0.54568	-0.75285	-0.94112	-1.0855	-1.1984	-1.2101	-0.96836	-0.41328	0.23969	0.58137	0.76415	0.8501	0.73363	0.38287	-0.0060334	-0.27559	-0.42711	-0.4648	-0.40261	-0.36977	-0.25405	-0.19956	-0.071663	0.067714	0.11013	3.857
976.43	0.11837	0.10332	-0.083933	-0.20115	-0.42014	-0.56332	-0.75222	-0.93446	-1.0886	-1.209	-1.2111	-0.95389	-0.42563	0.23842	0.59162	0.77101	0.87861	0.72212	0.39279	-0.032458	-0.27126	-0.43228	-0.46216	-0.4137	-0.36101	-0.24824	-0.19069	-0.091155	0.057377	0.10276	3.88
974.53	0.12618	0.071061	-0.10749	-0.22997	-0.40219	-0.54568	-0.76552	-0.92802	-1.0833	-1.2037	-1.2291	-0.96023	-0.41306	0.23726	0.60524	0.76362	0.8785	0.71399	0.38815	-0.015976	-0.26228	-0.40863	-0.4761	-0.42954	-0.35552	-0.27654	-0.20168	-0.092918	0.050493	0.11045	3.877
974.53	0.12016	0.097374	-0.11932	-0.25394	-0.42267	-0.5629	-0.76594	-0.93182	-1.0992	-1.2291	-1.2354	-0.98779	-0.44136	0.2248	0.563	0.74683	0.86615	0.72065	0.38424	-0.032532	-0.26249	-0.4364	-0.46322	-0.42679	-0.32025	-0.24571	-0.19882	-0.1076	0.017391	0.10601	3.851
973.59	0.12322	0.0835	-0.10091	-0.25405	-0.43524	-0.56142	-0.76795	-0.92412	-1.1013	-1.2386	-1.2333	-1.0056	-0.4459	0.21857	0.56955	0.75285	0.852	0.73194	0.39797	-0.032543	-0.27823	-0.43196	-0.4667	-0.44801	-0.36048	-0.2551	-0.20505	-0.099497	0.019143	0.096994	3.835
973.59	0.12776	0.0665	-0.085833	-0.22068	-0.43682	-0.52077	-0.76457	-0.93858	-1.1066	-1.2375	-1.2322	-1.0088	-0.4459	0.20907	0.57747	0.74134	0.86319	0.71938	0.3817	-0.015986	-0.28762	-0.43344	-0.4799	-0.42848	-0.37431	-0.28921	-0.19882	-0.11404	0.059267	0.12417	3.861
973.59	0.1035	0.077355	-0.084186	-0.21445	-0.40124	-0.55149	-0.75633	-0.92137	-1.0971	-1.2333	-1.2428	-0.99497	-0.4402	0.21857	0.57926	0.75179	0.87005	0.72592	0.38456	-0.0077164	-0.29248	-0.42753	-0.4818	-0.44369	-0.34982	-0.27379	-0.20505	-0.12058	0.040092	0.083436	3.883
970.74	0.13114	0.066669	-0.10454	-0.2324	-0.44115	-0.53576	-0.77006	-0.96044	-1.1171	-1.2386	-1.2565	-1.0036	-0.459	0.2191	0.56311	0.75201	0.85105	0.72445	0.37326	-0.034295	-0.28995	-0.44844	-0.48782	-0.4402	-0.35372	-0.26197	-0.20094	-0.094893	0.050683	0.088167	3.883
970.74	0.11298	0.07293	-0.10463	-0.22945	-0.40874	-0.56849	-0.76552	-0.96287	-1.1129	-1.2291	-1.2259	-0.98852	-0.45044	0.21297	0.53513	0.75549	0.86308	0.72666	0.39533	-0.024349	-0.28551	-0.43196	-0.46501	-0.44506	-0.35869	-0.26218	-0.19798	-0.075464	0.054231	0.10339	3.87
969.8	0.097797	0.093182	-0.12491	-0.20738	-0.42626	-0.54516	-0.77988	-0.9314	-1.0918	-1.2164	-1.2248	-0.97659	-0.45826	0.20516	0.57673	0.75908	0.88156	0.71146	0.38339	-0.029364	-0.30621	-0.43999	-0.47874	-0.43788	-0.34971	-0.27643	-0.19513	-0.088536	0.064789	0.10197	3.883
968.85	0.13758	0.091683	-0.094671	-0.22659	-0.43587	-0.54547	-0.7632	-0.9465	-1.1055	-1.2291	-1.2291	-0.99792	-0.42003	0.23388	0.59457	0.77978	0.86108	0.71663	0.35383	-0.026049	-0.28277	-0.42637	-0.47895	-0.41391	-0.35298	-0.28129	-0.19207	-0.096741	0.054304	0.12174	3.873
967.9	0.13917	0.099518	-0.11668	-0.23948	-0.40018	-0.5459	-0.74472	-0.95833	-1.1129	-1.2333	-1.2354	-0.96023	-0.4099	0.26746	0.58222	0.76288	0.8502	0.71083	0.36893	-0.036059	-0.25458	-0.43133	-0.476	-0.45815	-0.37642	-0.27675	-0.19376	-0.10168	0.035045	0.11573	3.857
967.9	0.11636	0.07934	-0.091398	-0.22681	-0.42067	-0.60914	-0.76394	-0.94428	-1.0855	-1.1953	-1.2132	-0.96065	-0.41602	0.25162	0.59521	0.75591	0.85707	0.72371	0.38403	-0.031075	-0.2909	-0.42837	-0.48951	-0.44316	-0.34865	-0.26756	-0.19545	-0.074018	0.056121	0.11129	3.838
966.01	0.11805	0.090374	-0.099993	-0.22079	-0.40261	-0.54188	-0.74799	-0.95716	-1.1034	-1.2174	-1.2122	-0.96382	-0.41222	0.24571	0.5819	0.76742	0.86499	0.73596	0.37653	-0.026123	-0.28826	-0.44147	-0.46533	-0.41961	-0.3477	-0.27115	-0.20041	-0.087206	0.04742	0.096213	3.877
966.01	0.090437	0.068548	-0.064525	-0.24951	-0.42753	-0.56912	-0.79963	-0.94238	-1.1055	-1.2322	-1.2206	-0.96044	-0.41518	0.24887	0.58496	0.76288	0.84049	0.7216	0.37505	-0.032785	-0.29132	-0.42901	-0.4685	-0.45752	-0.35541	-0.26482	-0.20812	-0.10187	0.043893	0.09163	3.841
965.06	0.12428	0.074863	-0.088251	-0.22258	-0.41549	-0.55941	-0.77281	-0.93362	-1.0992	-1.228	-1.2248	-0.94217	-0.41254	0.22997	0.58232	0.74335	0.88199	0.74292	0.36998	-0.022807	-0.30589	-0.4326	-0.48402	-0.44273	-0.32933	-0.28382	-0.18816	-0.1134	0.079128	0.12375	3.873
965.06	0.13199	0.095146	-0.10855	-0.26102	-0.43281	-0.53555	-0.77988	-0.94998	-1.0992	-1.2153	-1.2248	-0.94882	-0.40525	0.24275	0.60957	0.75507	0.86752	0.72413	0.37959	-0.022807	-0.27432	-0.42183	-0.47578	-0.4383	-0.32638	-0.2589	-0.20833	-0.08729	0.056268	0.10696	3.88
966.01	0.13336	0.084165	-0.091577	-0.24169	-0.39638	-0.5744	-0.75158	-0.9541	-1.0971	-1.2079	-1.2048	-0.95442	-0.43313	0.25215	0.58993	0.77481	0.86034	0.7235	0.37664	-0.026133	-0.27886	-0.42922	-0.47536	-0.43946	-0.36639	-0.26809	-0.20358	-0.10355	0.035119	0.10385	3.893
966.96	0.11488	0.098124	-0.054378	-0.21435	-0.43682	-0.53312	-0.75454	-0.94059	-1.0886	-1.2048	-1.2217	-0.94576	-0.40166	0.24877	0.60862	0.75686	0.86794	0.71357	0.37632	-0.021107	-0.26292	-0.4289	-0.47673	-0.44369	-0.3476	-0.28034	-0.19407	-0.077376	0.073765	0.12808	3.893
967.9	0.11488	0.099602	-0.09313	-0.22691	-0.39585	-0.5497	-0.75222	-0.95431	-1.0907	-1.1974	-1.2122	-0.94027	-0.41623	0.24697	0.59225	0.76647	0.87364	0.72878	0.38012	0.0022332	-0.27221	-0.42088	-0.478	-0.43883	-0.36122	-0.25669	-0.19397	-0.08709	0.061411	0.12037	3.864
968.85	0.14677	0.1134	-0.099729	-0.22659	-0.44833	-0.57451	-0.75116	-0.9352	-1.0907	-1.2111	-1.2153	-0.95643	-0.41116	0.24982	0.58824	0.77112	0.86425	0.71347	0.35784	-0.027717	-0.27337	-0.43408	-0.46406	-0.42901	-0.34369	-0.24856	-0.1983	-0.098367	0.063068	0.12481	3.88
968.85	0.12227	0.077682	-0.10308	-0.21857	-0.44358	-0.53861	-0.78199	-0.93499	-1.0865	-1.2048	-1.2069	-0.9371	-0.39332	0.25447	0.60397	0.77091	0.89159	0.73068	0.37949	-0.027707	-0.3079	-0.42478	-0.46227	-0.42141	-0.35446	-0.26249	-0.23071	-0.1016	0.059552	0.10201	3.864
969.8	0.13135	0.1009	-0.097944	-0.24391	-0.41824	-0.54157	-0.75728	-0.96002	-1.0981	-1.2069	-1.2143	-0.94587	-0.393	0.25267	0.60503	0.76742	0.86013	0.7065	0.36967	-0.035995	-0.29195	-0.43207	-0.4685	-0.43767	-0.30621	-0.2966	-0.17179	-0.064103	0.080522	0.13674	3.838
969.8	0.12533	0.088526	-0.10981	-0.22163	-0.42151	-0.54685	-0.74725	-0.92982	-1.0844	-1.2058	-1.2027	-0.93826	-0.39902	0.25595	0.59732	0.76626	0.88484	0.72255	0.37115	-0.02437	-0.28256	-0.42003	-0.46702	-0.42426	-0.34971	-0.28108	-0.18425	-0.095051	0.061284	0.11562	3.886
968.85	0.13146	0.076151	-0.098039	-0.19312	-0.38582	-0.53365	-0.74937	-0.92718	-1.0833	-1.2048	-1.2238	-0.94207	-0.41264	0.26725	0.59932	0.76964	0.87723	0.72138	0.38223	-0.029385	-0.27495	-0.4157	-0.46237	-0.42901	-0.34528	-0.26883	-0.16736	-0.083711	0.050799	0.12628	3.867
969.8	0.13906	0.13505	-0.08955	-0.24866	-0.40272	-0.54505	-0.74018	-0.94407	-1.0886	-1.2005	-1.2354	-0.96519	-0.41972	0.26228	0.61305	0.7632	0.87818	0.71917	0.38741	-0.036006	-0.28731	-0.41222	-0.48856	-0.42721	-0.34961	-0.26703	-0.22754	-0.069002	0.057768	0.12924	3.88
969.8	0.11604	0.088473	-0.11646	-0.21519	-0.41349	-0.54146	-0.74166	-0.96783	-1.1055	-1.2122	-1.2291	-0.94407	-0.41064	0.25426	0.597	0.77017	0.87459	0.73469	0.37505	-0.031001	-0.27612	-0.43049	-0.46174	-0.44062	-0.34792	-0.25447	-0.17486	-0.085231	0.064747	0.11858	3.87
968.85	0.13146	0.10254	-0.10139	-0.23451	-0.42795	-0.54885	-0.76816	-0.96561	-1.115	-1.2312	-1.2217	-0.94344	-0.38741	0.26566	0.59922	0.76658	0.85601	0.71336	0.36323	-0.036027	-0.27485	-0.4402	-0.45889	-0.43503	-0.33588	-0.27812	-0.20294	-0.099972	0.07708	0.10352	3.867
968.85	0.12386	0.079234	-0.11488	-0.23293	-0.41549	-0.55392	-0.77333	-0.92369	-1.0865	-1.2132	-1.2217	-0.93869	-0.40367	0.25605	0.5913	0.76077	0.87217	0.72286	0.36998	-0.031033	-0.27643	-0.42943	-0.46058	-0.43651	-0.34823	-0.30769	-0.18436	-0.08369	0.073574	0.10812	3.873
968.85	0.13917	0.099497	-0.091345	-0.26661	-0.40483	-0.53893	-0.76869	-0.94523	-1.1034	-1.2269	-1.2354	-0.96318	-0.42024	0.2229	0.56944	0.75264	0.86625	0.71537	0.36206	-0.039374	-0.32849	-0.42658	-0.47758	-0.44136	-0.35309	-0.26894	-0.19988	-0.083743	0.073627	0.12185	3.886
968.85	0.14687	0.071515	-0.10823	-0.23789	-0.40947	-0.56279	-0.767	-0.94851	-1.1002	-1.2174	-1.2174	-0.9616	-0.43503	0.24032	0.55835	0.75116	0.85812	0.71378	0.37833	-0.021076	-0.28287	-0.40662	-0.4609	-0.43988	-0.33915	-0.26894	-0.21382	-0.10004	0.052573	0.096002	3.87
969.8	0.1115	0.076087	-0.11478	-0.23113	-0.44485	-0.56553	-0.76774	-0.95537	-1.1066	-1.2238	-1.2164	-0.96519	-0.42859	0.22258	0.56078	0.75169	0.87977	0.70343	0.3779	-0.011066	-0.26999	-0.40451	-0.47695	-0.43017	-0.36354	-0.25774	-0.19661	-0.098282	0.047251	0.092844	3.864
969.8	0.10844	0.066785	-0.15353	-0.23599	-0.41687	-0.5384	-0.75929	-0.94112	-1.1023	-1.2291	-1.2481	-0.97818	-0.442	0.24328	0.58306	0.74599	0.86213	0.71621	0.37389	-0.014402	-0.27791	-0.42003	-0.48201	-0.4439	-0.35119	-0.26091	-0.19354	-0.093425	0.068295	0.091345	3.838
970.74	0.10072	0.10082	-0.10123	-0.21498	-0.40229	-0.52921	-0.75665	-0.96086	-1.1119	-1.2291	-1.2407	-0.9881	-0.4458	0.21604	0.56342	0.74219	0.86108	0.72793	0.38023	-0.021023	-0.28382	-0.43482	-0.47483	-0.43429	-0.31677	-0.28235	-0.1871	-0.081927	0.076953	0.092749	3.87
970.74	0.12819	0.076024	-0.12987	-0.23895	-0.4383	-0.53608	-0.73617	-0.96741	-1.114	-1.2269	-1.2312	-0.99148	-0.44886	0.2002	0.57145	0.74958	0.87417	0.72962	0.39247	-0.011066	-0.28541	-0.41655	-0.47652	-0.43133	-0.34	-0.25901	-0.19175	-0.11604	0.068221	0.11393	3.835
970.74	0.12819	0.091535	-0.11974	-0.24053	-0.41803	-0.54632	-0.7482	-0.9578	-1.1087	-1.2259	-1.2428	-0.98831	-0.45329	0.20336	0.56511	0.73078	0.86615	0.71706	0.39659	-0.0027559	-0.26503	-0.42573	-0.48318	-0.43746	-0.357	-0.30885	-0.2041	-0.081948	0.048962	0.11245	3.841
970.74	0.12512	0.086847	-0.11636	-0.24043	-0.41475	-0.55286	-0.7633	-0.92528	-1.1045	-1.2438	-1.2702	-1.0149	-0.45456	0.19851	0.55065	0.73775	0.84144	0.71674	0.37875	-0.012713	-0.28224	-0.40863	-0.47304	-0.42056	-0.40483	-0.25267	-0.2211	-0.086784	0.033197	0.091218	3.841
970.74	0.119	0.083764	-0.10123	-0.24687	-0.42257	-0.58866	-0.78241	-0.93024	-1.1066	-1.2438	-1.2533	-1.0008	-0.44728	0.20495	0.55075	0.72783	0.84165	0.73258	0.37748	-0.027664	-0.27126	-0.41486	-0.44654	-0.44643	-0.35077	-0.28699	-0.19175	-0.098187	0.043703	0.11245	3.873
969.8	0.12364	0.086921	-0.11478	-0.255	-0.42753	-0.5516	-0.78115	-0.96466	-1.1224	-1.2449	-1.2597	-1.0126	-0.47864	0.21297	0.57008	0.73406	0.86002	0.71896	0.3872	-0.017707	-0.28087	-0.41972	-0.46343	-0.41032	-0.32469	-0.28562	-0.19809	-0.091736	0.080512	0.1171	3.905
969.8	0.11763	0.07764	-0.1114	-0.23758	-0.45266	-0.53829	-0.75222	-0.97797	-1.134	-1.2565	-1.2776	-1.0146	-0.47885	0.20358	0.56078	0.74155	0.8539	0.7255	0.38878	-0.001096	-0.29037	-0.42764	-0.46691	-0.45593	-0.33102	-0.27485	-0.19967	-0.09503	0.020981	0.097395	3.877
969.8	0.12987	0.07765	-0.089571	-0.21688	-0.41687	-0.5724	-0.7765	-0.93626	-1.1108	-1.246	-1.2692	-1.0116	-0.45973	0.17823	0.55931	0.73152	0.87026	0.72719	0.38477	-0.002759	-0.27474	-0.41391	-0.48201	-0.43482	-0.34507	-0.2796	-0.20431	-0.090162	0.049014	0.1247	3.896
968.85	0.11773	0.082349	-0.11995	-0.24085	-0.40145	-0.56078	-0.77682	-0.9672	-1.1203	-1.2396	-1.2618	-0.97691	-0.46734	0.20368	0.54685	0.72899	0.85601	0.72592	0.39036	-0.0077502	-0.25753	-0.42014	-0.46396	-0.42901	-0.3514	-0.26249	-0.19365	-0.098346	0.085844	0.12628	3.905
969.8	0.1115	0.096244	-0.10802	-0.24549	-0.4401	-0.57219	-0.74863	-0.95357	-1.114	-1.2386	-1.2628	-1.0081	-0.46544	0.20505	0.54484	0.72983	0.84725	0.72223	0.39005	-0.01605	-0.27305	-0.41982	-0.47019	-0.43165	-0.36038	-0.2701	-0.20273	-0.090131	0.048993	0.1004	3.861
969.8	0.12977	0.080723	-0.12153	-0.22955	-0.40884	-0.55001	-0.74863	-0.94386	-1.1034	-1.228	-1.2544	-1.0128	-0.4817	0.20505	0.56226	0.73849	0.87639	0.7443	0.40768	-0.001096	-0.27147	-0.4137	-0.46354	-0.42563	-0.35731	-0.25922	-0.19809	-0.078748	0.036734	0.094344	3.909
969.8	0.097754	0.090036	-0.14677	-0.22322	-0.41359	-0.53819	-0.74007	-0.96804	-1.1309	-1.2576	-1.2607	-1.016	-0.47578	0.19872	0.5385	0.73701	0.84397	0.71431	0.37642	-0.011066	-0.25415	-0.42753	-0.47188	-0.45129	-0.36038	-0.2701	-0.21044	-0.095009	0.056004	0.097374	3.873
970.74	0.13431	0.088452	-0.11974	-0.2342	-0.40715	-0.54304	-0.77069	-0.94185	-1.096	-1.2153	-1.2555	-1.0076	-0.49627	0.20189	0.55572	0.75412	0.87111	0.72983	0.39395	-0.0094027	-0.27453	-0.41813	-0.47494	-0.44664	-0.31846	-0.26693	-0.18415	-0.083584	0.059478	0.1095	3.921
970.74	0.10844	0.099306	-0.11309	-0.204	-0.42436	-0.56004	-0.75348	-0.94998	-1.1076	-1.2312	-1.2628	-1.0124	-0.45636	0.21614	0.58106	0.74979	0.86953	0.72825	0.39797	-0.011066	-0.27453	-0.41655	-0.47832	-0.42848	-0.36333	-0.27316	-0.20886	-0.1096	0.062984	0.098852	3.889
970.74	0.10833	0.097702	-0.10791	-0.23884	-0.3929	-0.54611	-0.77534	-0.94133	-1.1023	-1.228	-1.2544	-0.99581	-0.4516	0.21604	0.57747	0.75792	0.869	0.71674	0.38012	-0.017697	-0.29005	-0.41634	-0.46808	-0.44178	-0.33989	-0.26207	-0.2211	-0.1095	0.069942	0.10182	3.893
970.74	0.12364	0.11171	-0.10123	-0.23251	-0.40388	-0.52752	-0.73775	-0.91577	-1.0886	-1.2227	-1.2428	-0.9881	-0.42954	0.22871	0.58876	0.75517	0.86108	0.72635	0.3911	-0.0044168	-0.27443	-0.41644	-0.47811	-0.44189	-0.35847	-0.28699	-0.21181	-0.090057	0.057704	0.11699	3.899
970.74	0.12364	0.10237	-0.096181	-0.22459	-0.40852	-0.55128	-0.74282	-0.93024	-1.1023	-1.2364	-1.2375	-0.95463	-0.42954	0.22395	0.57134	0.75084	0.87396	0.72635	0.37885	-0.022681	-0.28541	-0.41486	-0.47146	-0.41919	-0.31371	-0.27295	-0.20252	-0.091683	0.071706	0.11551	3.912
970.74	0.11298	0.097733	-0.10633	-0.22945	-0.4118	-0.55825	-0.76024	-0.93848	-1.0981	-1.2227	-1.246	-0.99148	-0.45182	0.23198	0.58729	0.75538	0.87903	0.70914	0.39659	-0.024349	-0.2682	-0.41803	-0.47821	-0.42679	-0.36323	-0.26218	-0.20727	-0.086826	0.050714	0.12005	3.899
969.8	0.12523	0.088505	-0.094597	-0.21688	-0.4043	-0.55698	-0.75053	-0.95379	-1.1055	-1.2238	-1.2301	-0.97955	-0.46259	0.2305	0.55128	0.75021	0.85707	0.7255	0.37379	-0.021044	-0.27939	-0.42299	-0.46691	-0.43323	-0.34031	-0.26545	-0.19196	-0.093404	0.063026	0.12776	3.905
967.9	0.097913	0.096403	-0.11161	-0.22353	-0.42521	-0.54241	-0.76193	-0.96318	-1.1161	-1.2343	-1.2481	-0.97617	-0.43365	0.24993	0.58539	0.76288	0.87459	0.71083	0.38255	-0.02607	-0.26249	-0.4005	-0.45762	-0.41718	-0.34549	-0.25025	-0.20146	-0.090279	0.040303	0.13241	3.909
967.9	0.10707	0.06688	-0.10654	-0.21403	-0.42056	-0.56131	-0.78273	-0.94238	-1.1013	-1.2238	-1.2438	-0.97955	-0.44411	0.22142	0.56649	0.75728	0.86182	0.70776	0.38529	-0.0060935	-0.27358	-0.4175	-0.46945	-0.43851	-0.35172	-0.27062	-0.21709	-0.082148	0.061368	0.11879	3.88
967.9	0.1285	0.083964	-0.10992	-0.23472	-0.44706	-0.53048	-0.76362	-0.92929	-1.1076	-1.246	-1.2544	-0.97617	-0.43365	0.23726	0.58222	0.74694	0.85992	0.72497	0.37706	-0.024402	-0.27031	-0.43439	-0.48592	-0.43693	-0.31297	-0.25806	-0.22163	-0.10981	0.047325	0.089941	3.902
968.85	0.1284	0.091662	-0.089603	-0.19787	-0.44052	-0.55899	-0.74757	-0.94143	-1.1076	-1.2364	-1.2586	-0.99454	-0.44801	0.22754	0.57546	0.76225	0.85759	0.71811	0.37136	-0.024381	-0.28118	-0.41254	-0.46723	-0.42901	-0.32352	-0.26566	-0.1983	-0.12766	0.047283	0.10201	3.889
970.74	0.12671	0.090004	-0.099581	-0.22311	-0.4118	-0.56173	-0.75179	-0.92897	-1.095	-1.2248	-1.2259	-0.97258	-0.42827	0.2304	0.57314	0.72951	0.86625	0.72825	0.40472	-0.0060798	-0.27612	-0.41961	-0.44675	-0.42542	-0.34939	-0.26535	-0.19956	-0.072212	0.050725	0.10643	3.905
970.74	0.10072	0.079107	-0.079371	-0.24687	-0.4288	-0.5309	-0.74282	-0.96086	-1.1087	-1.2238	-1.2206	-0.96424	-0.42954	0.22395	0.55234	0.74799	0.87238	0.72318	0.3816	-0.012723	-0.28066	-0.43175	-0.47314	-0.42827	-0.3307	-0.24497	-0.19481	-0.11277	0.038456	0.091239	3.893
971.69	0.11742	0.072825	-0.11794	-0.23546	-0.42214	-0.54906	-0.75929	-0.94375	-1.1002	-1.2217	-1.2375	-0.97269	-0.45424	0.22216	0.56596	0.7501	0.86667	0.71769	0.37843	-0.009389	-0.27411	-0.39913	-0.47093	-0.42172	-0.32722	-0.27115	-0.23166	-0.081842	0.054146	0.10325	3.864
971.69	0.12196	0.088336	-0.10114	-0.21171	-0.41285	-0.55255	-0.75422	-0.94238	-1.096	-1.2153	-1.2312	-0.98409	-0.43661	0.22691	0.56606	0.73437	0.85876	0.72413	0.3948	-0.029301	-0.26946	-0.43292	-0.45942	-0.42785	-0.31962	-0.28826	-0.19154	-0.081863	0.029681	0.095706	3.893
972.64	0.12343	0.10066	-0.10274	-0.23219	-0.42964	-0.54875	-0.75021	-0.95284	-1.095	-1.2048	-1.1995	-0.98008	-0.4289	0.23462	0.57514	0.75105	0.85643	0.71727	0.39712	-0.016018	-0.25669	-0.41264	-0.4591	-0.43513	-0.35172	-0.25542	-0.19302	-0.10289	0.052372	0.10469	3.944
973.59	0.12174	0.075802	-0.097596	-0.2399	-0.4308	-0.54136	-0.76827	-0.94059	-1.1055	-1.2343	-1.2291	-0.98546	-0.42552	0.22807	0.57134	0.73448	0.86361	0.71336	0.39131	-0.024275	-0.29248	-0.41993	-0.47853	-0.41655	-0.35288	-0.26915	-0.19122	-0.086572	0.040103	0.087966	3.902
972.64	0.1096	0.06499	-0.087554	-0.22248	-0.42468	-0.54653	-0.73933	-0.96487	-1.1129	-1.2269	-1.228	-0.97131	-0.43735	0.2361	0.56986	0.74905	0.85569	0.70576	0.36713	-0.022628	-0.29882	-0.41845	-0.45541	-0.42119	-0.33451	-0.27854	-0.19281	-0.10443	0.069784	0.086477	3.902
973.59	0.11868	0.075792	-0.11435	-0.21762	-0.45097	-0.54801	-0.7784	-0.92918	-1.0886	-1.2132	-1.2238	-0.9598	-0.42394	0.23758	0.57916	0.74873	0.84894	0.70861	0.37505	-0.040831	-0.27052	-0.40145	-0.46016	-0.42552	-0.34982	-0.28308	-0.19576	-0.11731	0.024381	0.11963	3.921
973.59	0.12164	0.089666	-0.097543	-0.21593	-0.41961	-0.52573	-0.75929	-0.91598	-1.0844	-1.2153	-1.209	-0.96741	-0.43408	0.24064	0.56627	0.74989	0.8502	0.70829	0.3817	-0.027569	-0.28129	-0.42119	-0.4666	-0.43292	-0.34348	-0.25194	-0.20189	-0.068696	0.048793	0.086404	3.905
973.59	0.11256	0.081937	-0.10591	-0.22226	-0.4119	-0.53259	-0.7575	-0.95928	-1.1097	-1.228	-1.2174	-0.95938	-0.42669	0.23905	0.58993	0.74989	0.84851	0.70196	0.36956	-0.037505	-0.27823	-0.42119	-0.47325	-0.43587	-0.34348	-0.26281	-0.20189	-0.080036	0.069731	0.080364	3.899
974.53	0.13378	0.072645	-0.097522	-0.22058	-0.40715	-0.53924	-0.77281	-0.95421	-1.1076	-1.2269	-1.2259	-0.96561	-0.40451	0.21846	0.57398	0.73669	0.85971	0.71283	0.36133	-0.035837	-0.30008	-0.4043	-0.47642	-0.41919	-0.35573	-0.272	-0.2172	-0.1027	0.055762	0.098462	3.909
974.53	0.12924	0.089645	-0.1076	-0.23018	-0.4289	-0.52224	-0.75739	-0.93341	-1.0833	-1.1995	-1.1932	-0.95284	-0.40451	0.23895	0.58824	0.76404	0.85643	0.716	0.38023	-0.017644	-0.27495	-0.41951	-0.45826	-0.42827	-0.36038	-0.24877	-0.20801	-0.097839	0.06273	0.13167	3.934
974.53	0.13843	0.080374	-0.10255	-0.22216	-0.43049	-0.55952	-0.74197	-0.92221	-1.076	-1.1953	-1.1953	-0.94808	-0.40156	0.22945	0.59299	0.77555	0.85485	0.71906	0.37347	-0.015986	-0.27495	-0.41032	-0.46818	-0.42827	-0.35108	-0.25658	-0.19882	-0.1027	0.071452	0.092422	3.886
974.53	0.13684	0.092739	-0.1076	-0.22374	-0.43978	-0.53586	-0.7745	-0.94946	-1.0971	-1.2122	-1.2069	-0.94808	-0.40451	0.24845	0.57715	0.76119	0.85485	0.71906	0.38698	-0.015986	-0.26091	-0.42415	-0.45826	-0.42067	-0.31571	-0.28287	-0.20959	-0.084883	0.06971	0.10601	3.889
974.53	0.1171	0.092739	-0.10591	-0.22533	-0.41338	-0.53924	-0.74366	-0.93024	-1.0865	-1.209	-1.2153	-0.94175	-0.40747	0.22797	0.55667	0.75834	0.85643	0.71442	0.38023	-0.0093657	-0.26408	-0.41496	-0.46818	-0.42975	-0.3419	-0.27358	-0.19882	-0.06707	0.06273	0.12407	3.883
973.59	0.13082	0.064937	-0.11594	-0.22385	-0.41496	-0.5309	-0.77809	-0.92074	-1.0791	-1.2016	-1.209	-0.95146	-0.40905	0.23272	0.58042	0.75707	0.88082	0.72233	0.38846	-0.012681	-0.27189	-0.40736	-0.48318	-0.43439	-0.33884	-0.27675	-0.18499	-0.075179	0.071473	0.10907	3.94
972.64	0.11879	0.077386	-0.10939	-0.23673	-0.40293	-0.53481	-0.75317	-0.92971	-1.0886	-1.2122	-1.2206	-0.96044	-0.41539	0.24877	0.57314	0.75348	0.85263	0.72307	0.35636	-0.019323	-0.27538	-0.42003	-0.47209	-0.43788	-0.33303	-0.30188	-0.18974	-0.11414	0.05234	0.11066	3.921
972.64	0.13864	0.075866	-0.096002	-0.23208	-0.43429	-0.52478	-0.78263	-0.93172	-1.0886	-1.2111	-1.2174	-0.95284	-0.41401	0.24571	0.59235	0.75961	0.86108	0.71558	0.38762	-0.020981	-0.25817	-0.41718	-0.46723	-0.45319	-0.34084	-0.28182	-0.18214	-0.091514	0.034887	0.10918	3.96
972.64	0.11425	0.080491	-0.097659	-0.23684	-0.40462	-0.54167	-0.76193	-0.9219	-1.0876	-1.2164	-1.2196	-0.95104	-0.41095	0.23937	0.58908	0.76087	0.869	0.74366	0.37674	-0.0044073	-0.26915	-0.41254	-0.46882	-0.43492	-0.36238	-0.23831	-0.17443	-0.096361	0.062825	0.10314	3.928
972.64	0.1096	0.080459	-0.099296	-0.23831	-0.39353	-0.53639	-0.72223	-0.93277	-1.0897	-1.2122	-1.2206	-0.96181	-0.41824	0.23451	0.56828	0.75475	0.85569	0.72455	0.37653	-0.0077186	-0.26271	-0.42764	-0.45709	-0.45593	-0.33144	-0.25679	-0.21287	-0.12386	0.047093	0.11372	3.909
974.53	0.11551	0.10354	-0.075728	-0.22691	-0.42098	-0.53058	-0.75549	-0.96044	-1.1076	-1.2227	-1.2259	-0.97807	-0.42362	0.25003	0.58021	0.74958	0.85622	0.733	0.38012	-0.024254	-0.25774	-0.40419	-0.44823	-0.42214	-0.32173	-0.26577	-0.20949	-0.089719	0.069699	0.11509	3.94
974.53	0.11858	0.10354	-0.087449	-0.24433	-0.41792	-0.55941	-0.74187	-0.92676	-1.0865	-1.2101	-1.2333	-0.96857	-0.425	0.24528	0.57229	0.76541	0.85791	0.7424	0.38149	-0.024254	-0.26714	-0.42711	-0.45319	-0.41908	-0.36333	-0.24877	-0.20643	-0.076763	0.060978	0.10297	3.912
973.59	0.10654	0.086625	-0.10095	-0.22871	-0.42457	-0.51591	-0.75285	-0.93256	-1.095	-1.2206	-1.2101	-0.97585	-0.427	0.23282	0.58085	0.76035	0.87164	0.72592	0.39944	-0.02097	-0.27369	-0.43059	-0.46026	-0.41507	-0.33746	-0.26144	-0.22047	-0.089814	0.069773	0.098546	3.912
972.64	0.12027	0.05573	-0.087597	-0.22417	-0.41708	-0.57557	-0.76362	-0.94439	-1.1097	-1.2386	-1.2301	-0.98441	-0.43017	0.24243	0.56849	0.7652	0.84154	0.7311	0.40103	-0.0044073	-0.25975	-0.41095	-0.46216	-0.4138	-0.35003	-0.25848	-0.18362	-0.086625	0.075053	0.1152	3.854
971.69	0.13114	0.071294	-0.086023	-0.2419	-0.44252	-0.55762	-0.76288	-0.94238	-1.0971	-1.2164	-1.2386	-0.99359	-0.44105	0.21424	0.56131	0.7387	0.86847	0.73522	0.40694	-0.014371	-0.26165	-0.40842	-0.46449	-0.42489	-0.35362	-0.27274	-0.19471	-0.078611	0.047167	0.10928	3.861
970.74	0.12523	0.10241	-0.10463	-0.23261	-0.39934	-0.52942	-0.74145	-0.93383	-1.1034	-1.2354	-1.2259	-0.99644	-0.43862	0.19872	0.5668	0.74683	0.84851	0.72666	0.3872	-0.0077407	-0.27918	-0.42119	-0.48497	-0.43598	-0.3571	-0.26218	-0.20886	-0.088462	0.050725	0.089761	3.972
969.8	0.12977	0.080712	-0.10297	-0.24539	-0.44316	-0.53977	-0.75707	-0.94375	-1.1013	-1.2248	-1.2396	-0.99349	-0.46385	0.22248	0.57008	0.76869	0.84862	0.7331	0.38857	-0.012723	-0.25574	-0.41665	-0.46174	-0.44664	-0.32321	-0.27474	-0.20115	-0.10474	0.041982	0.088262	3.928
969.8	0.1191	0.085369	-0.099602	-0.21836	-0.39163	-0.57208	-0.76056	-0.96297	-1.1108	-1.2259	-1.2523	-0.96952	-0.44316	0.22406	0.56532	0.74704	0.84862	0.7142	0.38044	0.0022269	-0.27928	-0.41211	-0.46681	-0.43302	-0.32321	-0.25289	-0.1965	-0.064093	0.0665	0.1095	3.909
968.85	0.13294	0.10096	-0.10137	-0.2153	-0.4138	-0.53513	-0.76119	-0.93647	-1.1013	-1.2291	-1.2512	-0.99106	-0.44347	0.2116	0.56258	0.7462	0.86393	0.72582	0.37125	-0.044337	-0.29048	-0.42014	-0.46216	-0.4213	-0.342	-0.289	-0.21836	-0.10484	0.061294	0.13843	3.972
968.85	0.11319	0.091725	-0.099771	-0.22026	-0.43914	-0.53724	-0.76351	-0.94207	-1.1045	-1.2301	-1.2565	-0.99993	-0.44981	0.23715	0.58211	0.75697	0.8614	0.71695	0.38382	-0.029396	-0.27971	-0.41581	-0.49247	-0.4383	-0.36238	-0.2721	-0.19376	-0.090258	0.042056	0.1051	3.912
967.9	0.13927	0.07935	-0.10992	-0.24602	-0.41454	-0.57694	-0.74514	-0.95738	-1.1055	-1.2206	-1.2396	-0.98472	-0.46058	0.204	0.56036	0.75897	0.86055	0.72233	0.38815	-0.01776	-0.27685	-0.41613	-0.47124	-0.41137	-0.33176	-0.27854	-0.21245	-0.12132	0.068422	0.13104	3.918
966.01	0.12111	0.070122	-0.096625	-0.2304	-0.43239	-0.56754	-0.76351	-0.96202	-1.1287	-1.2586	-1.2481	-0.98303	-0.46565	0.21382	0.56279	0.74419	0.87797	0.72804	0.4119	-0.0094418	-0.27094	-0.41528	-0.46533	-0.42869	-0.3477	-0.29459	-0.22364	-0.087206	0.036872	0.097744	3.931
964.12	0.1398	0.10147	-0.096804	-0.22765	-0.44569	-0.53945	-0.76837	-0.95569	-1.115	-1.2386	-1.2702	-1.0121	-0.46058	0.21741	0.56701	0.74704	0.87797	0.75475	0.3949	-0.0061168	-0.28245	-0.42996	-0.46618	-0.43862	-0.35151	-0.27474	-0.19925	-0.10865	0.089782	0.11625	3.883
963.17	0.11847	0.071938	-0.13082	-0.21994	-0.4024	-0.55234	-0.75581	-0.95885	-1.115	-1.2375	-1.2512	-1.0042	-0.45984	0.21941	0.58391	0.7614	0.89582	0.74018	0.4024	-0.014497	-0.26714	-0.41518	-0.4686	-0.42563	-0.33493	-0.26735	-0.20727	-0.095706	0.040536	0.11794	3.889
961.27	0.12481	0.089297	-0.098842	-0.22036	-0.41581	-0.57229	-0.78326	-0.97047	-1.1203	-1.2364	-1.2565	-1.0092	-0.43682	0.22142	0.59299	0.7613	0.87628	0.7368	0.3854	-0.029618	-0.27559	-0.41285	-0.44601	-0.44939	-0.36682	-0.27886	-0.18742	-0.08275	0.058285	0.11203	3.893
960.33	0.16197	0.087787	-0.081916	-0.24951	-0.42552	-0.54864	-0.75422	-0.94502	-1.1129	-1.2438	-1.2681	-0.99697	-0.43862	0.22638	0.58855	0.75454	0.87681	0.7198	0.38836	-0.014529	-0.25827	-0.41	-0.47652	-0.42669	-0.39828	-0.28066	-0.20938	-0.071304	0.051242	0.1014	3.88
960.33	0.1342	0.084672	-0.092126	-0.21413	-0.40831	-0.5384	-0.76827	-0.96149	-1.1171	-1.2386	-1.2523	-1.0005	-0.4402	0.22638	0.59035	0.78822	0.90152	0.72951	0.37748	-0.031328	-0.28372	-0.41159	-0.48666	-0.43292	-0.35298	-0.27601	-0.20009	-0.099254	0.060101	0.098356	3.886
960.33	0.13431	0.10196	-0.11087	-0.27538	-0.43207	-0.54727	-0.77386	-0.95379	-1.1097	-1.2312	-1.2502	-0.99275	-0.42996	0.23451	0.57451	0.75348	0.87079	0.72656	0.39543	-0.019576	-0.26165	-0.4459	-0.45836	-0.4346	-0.35478	-0.27612	-0.20484	-0.097649	0.081367	0.096857	3.883
959.38	0.11119	0.078453	-0.11773	-0.22712	-0.41011	-0.53872	-0.76879	-0.97026	-1.1235	-1.2428	-1.2407	-0.98335	-0.42257	0.25859	0.59225	0.76827	0.86446	0.72033	0.37769	-0.019587	-0.27601	-0.41496	-0.47019	-0.43936	-0.3798	-0.26197	-0.19861	-0.079582	0.049521	0.069309	3.909
959.38	0.12966	0.086308	-0.092211	-0.25141	-0.41803	-0.55952	-0.75327	-0.96065	-1.1256	-1.2544	-1.2364	-0.98029	-0.43313	0.23937	0.5988	0.75823	0.86953	0.71737	0.38329	-0.0078284	-0.26967	-0.4213	-0.48708	-0.4516	-0.36111	-0.2778	-0.21582	-0.10262	0.053069	0.11984	3.899
959.38	0.1266	0.086298	-0.09049	-0.23356	-0.41803	-0.57314	-0.77048	-0.93605	-1.1087	-1.2428	-1.2396	-0.98008	-0.442	0.25542	0.58433	0.76246	0.87428	0.7236	0.37906	-0.034707	-0.27759	-0.41496	-0.4685	-0.43017	-0.34697	-0.2777	-0.20643	-0.089444	0.056596	0.10148	3.896
960.33	0.1172	0.08464	-0.095484	-0.23335	-0.44273	-0.54157	-0.76278	-0.93024	-1.1013	-1.2333	-1.2386	-0.98071	-0.43555	0.24391	0.60608	0.7821	0.88315	0.74504	0.376	-0.034665	-0.27728	-0.41454	-0.47473	-0.4496	-0.34665	-0.24908	-0.19217	-0.090997	0.067155	0.099845	3.912
961.27	0.12628	0.078284	-0.08351	-0.23472	-0.45488	-0.56332	-0.77238	-0.97142	-1.1277	-1.2491	-1.247	-0.98293	-0.42764	0.25162	0.60059	0.76668	0.86921	0.72677	0.37421	-0.036302	-0.30072	-0.41877	-0.45583	-0.44147	-0.34	-0.26619	-0.20136	-0.099106	0.047652	0.1058	3.909
962.22	0.12935	0.095442	-0.11573	-0.22976	-0.40736	-0.54758	-0.75454	-0.93351	-1.1045	-1.2375	-1.2259	-0.97585	-0.41549	0.23715	0.61939	0.76478	0.8653	0.71684	0.37949	-0.019534	-0.29428	-0.42162	-0.47061	-0.4289	-0.357	-0.26281	-0.16852	-0.10068	0.035267	0.087449	3.902
962.22	0.12005	0.10168	-0.091915	-0.23451	-0.39786	-0.55603	-0.75095	-0.94956	-1.1023	-1.2217	-1.2248	-0.9483	-0.39596	0.2834	0.62403	0.79667	0.87491	0.71674	0.36164	-0.029575	-0.27358	-0.42774	-0.46882	-0.43196	-0.36154	-0.27062	-0.19492	-0.080987	0.056437	0.13325	3.88
962.22	0.11245	0.095463	-0.088568	-0.22818	-0.41856	-0.54252	-0.76858	-0.96783	-1.1161	-1.2322	-1.2185	-0.93584	-0.36935	0.27073	0.6084	0.78241	0.87364	0.73448	0.36861	-0.029586	-0.29428	-0.41549	-0.47072	-0.40768	-0.34612	-0.25035	-0.19502	-0.10886	0.067049	0.11499	3.921
962.22	0.12776	0.092338	-0.097047	-0.23948	-0.42795	-0.54083	-0.78252	-0.98082	-1.1129	-1.2143	-1.2153	-0.94397	-0.40367	0.26281	0.60999	0.77069	0.88674	0.71378	0.37136	-0.029586	-0.28794	-0.41708	-0.48075	-0.43059	-0.35393	-0.26598	-0.2324	-0.090859	0.042331	0.12871	3.886
963.17	0.10918	0.095368	-0.11393	-0.24877	-0.41655	-0.5574	-0.74525	-0.95379	-1.1023	-1.2185	-1.2069	-0.94618	-0.40768	0.26883	0.59499	0.76848	0.85971	0.72096	0.36143	-0.03458	-0.29396	-0.42742	-0.46512	-0.44231	-0.38624	-0.272	-0.19946	-0.10717	0.056395	0.10112	3.905
963.17	0.096889	0.089096	-0.095231	-0.23758	-0.42742	-0.57778	-0.74345	-0.93742	-1.0971	-1.2206	-1.2343	-0.93636	-0.37928	0.27358	0.61717	0.78432	0.86277	0.69235	0.36133	-0.047959	-0.28129	-0.41803	-0.47346	-0.44379	-0.37685	-0.26883	-0.18541	-0.06782	0.054621	0.11784	3.915
963.17	0.13843	0.07972	-0.13589	-0.24391	-0.42584	-0.54875	-0.77978	-0.96171	-1.1097	-1.2238	-1.1984	-0.93467	-0.37484	0.25289	0.60598	0.78284	0.88072	0.70185	0.3477	-0.061347	-0.29238	-0.43355	-0.47842	-0.4346	-0.3457	-0.26566	-0.21815	-0.10057	0.077555	0.12555	3.925
962.22	0.1247	0.067313	-0.098757	-0.22501	-0.41708	-0.5649	-0.767	-0.96804	-1.1182	-1.2354	-1.2101	-0.94576	-0.3873	0.28361	0.59732	0.77091	0.85759	0.70607	0.34274	-0.049701	-0.2928	-0.42024	-0.47578	-0.4383	-0.33683	-0.29438	-0.1795	-0.097448	0.063533	0.12417	3.909
962.22	0.14318	0.095484	-0.085189	-0.22343	-0.42331	-0.55117	-0.77566	-0.97131	-1.096	-1.1932	-1.1995	-0.93288	-0.3798	0.274	0.60693	0.76943	0.86087	0.70449	0.35774	-0.048032	-0.30389	-0.41401	-0.46406	-0.4459	-0.3665	-0.2834	-0.17169	-0.071199	0.068834	0.099718	3.864
962.22	0.11076	0.071948	-0.11562	-0.2361	-0.44495	-0.55244	-0.77154	-0.93478	-1.0897	-1.2111	-1.2132	-0.93848	-0.38698	0.27854	0.62878	0.7746	0.87639	0.70227	0.36977	-0.03627	-0.29248	-0.43387	-0.48212	-0.43492	-0.33039	-0.27052	-0.21202	-0.08917	0.05289	0.11488	3.909
964.12	0.11837	0.065624	-0.098578	-0.223	-0.39892	-0.54505	-0.75179	-0.94354	-1.0886	-1.2016	-1.2132	-0.93594	-0.39849	0.27348	0.60576	0.77386	0.86245	0.7142	0.36661	-0.049616	-0.28594	-0.43651	-0.45815	-0.42985	-0.36428	-0.26556	-0.19629	-0.1038	0.06518	0.12396	3.899
964.12	0.12903	0.078073	-0.1002	-0.24528	-0.39395	-0.52077	-0.74778	-0.95917	-1.1023	-1.2132	-1.2217	-0.91292	-0.38635	0.26693	0.6102	0.75739	0.86351	0.70111	0.34316	-0.049585	-0.29048	-0.4346	-0.49131	-0.44326	-0.34538	-0.28889	-0.1775	-0.090659	0.09332	0.16197	3.886
966.01	0.12417	0.082602	-0.10508	-0.24644	-0.41359	-0.54716	-0.76541	-0.93953	-1.0928	-1.2111	-1.1984	-0.92401	-0.36924	0.2872	0.60745	0.78347	0.87333	0.72983	0.38065	-0.047821	-0.29459	-0.43999	-0.46206	-0.4516	-0.35552	-0.27115	-0.2097	-0.09049	0.050947	0.11752	3.931
967.9	0.10569	0.099602	-0.12343	-0.22374	-0.42552	-0.56342	-0.76774	-0.95104	-1.1055	-1.2248	-1.1963	-0.93541	-0.38952	0.26133	0.60978	0.77513	0.86066	0.70671	0.37738	-0.024423	-0.29892	-0.43936	-0.478	-0.42669	-0.3023	-0.28171	-0.19861	-0.090353	0.047367	0.099138	3.88
