36331	15	1	88	25.7	756	3	39	-40	-0.73186	256	8192	5	0	0	0	0	4.5	980.79	1.4597e+006	0.11791	-8.5969e-005	40.86	0	0	1	0	0	0	7	0	0
617.58	-0.97459	-1.0556	-1.0918	-1.1773	-1.2512	-1.3199	-1.2745	-1.2977	-1.3642	-1.4159	-1.3822	-1.3431	-1.72	-1.7855	-1.8879	-1.8446	-1.3684	-0.24264	0.61527	1.1425	1.2143	1.0738	0.84059	0.63681	0.43112	0.25985	0.087122	-0.19323	-0.51274	-0.6877	38.55
609.82	-1.1763	-1.1478	-1.3705	-1.3441	-1.4561	-1.3822	-1.3262	-1.265	-1.285	-1.3009	-1.2555	-1.2945	-1.3178	-1.3822	-1.4941	-1.5722	-1.1573	-0.17317	0.65328	1.1435	1.2354	1.0749	0.8539	0.63047	0.38741	0.24824	0.036597	-0.23969	-0.6084	-0.80491	38.49
611.24	-1.0259	-1.0686	-1.2227	-1.1594	-1.2343	-1.2713	-1.3315	-1.3389	-1.3674	-1.3885	-1.3684	-1.5596	-1.8436	-2.021	-2.1593	-2.0495	-1.4698	-0.24518	0.62171	1.1625	1.2491	1.1045	0.86773	0.64821	0.4061	0.26746	0.063491	-0.19006	-0.52636	-0.69235	38.22
614.36	-1.4328	-1.4656	-1.398	-1.3051	-1.3737	-1.2671	-1.3378	-1.19	-1.1963	-1.2016	-1.133	-1.172	-1.1805	-1.2692	-1.3378	-1.4983	-1.0696	-0.087438	0.69773	1.1646	1.246	1.0738	0.82402	0.59953	0.33324	0.20959	-0.019819	-0.32004	-0.74219	-0.98092	38.04
607.35	-1.3399	-1.2787	-1.247	-1.4698	-1.5733	-1.4804	-1.3558	-1.3135	-1.3209	-1.3262	-1.3135	-1.3104	-1.4529	-1.3727	-1.5332	-1.6102	-1.2027	-0.16134	0.67112	1.1826	1.2681	1.1287	0.88653	0.63543	0.41856	0.25922	0.081187	-0.22501	-0.68633	-0.89772	37.86
605.56	-1.4614	-1.4043	-1.342	-1.1784	-1.2206	-1.2206	-1.1921	-1.1784	-1.1858	-1.191	-1.1309	-1.1657	-1.171	-1.2269	-1.4033	-1.4508	-1.0251	-0.015606	0.7405	1.2048	1.284	1.0897	0.84936	0.57673	0.32817	0.17528	-0.012681	-0.30906	-0.78949	-0.98789	37.77
610.01	-1.6736	-1.6704	-1.2122	-1.1773	-1.3336	-1.247	-1.2491	-1.1372	-1.115	-1.0992	-1.0643	-1.0971	-1.2005	-1.1995	-1.3273	-1.3758	-0.93003	-0.010481	0.73933	1.1826	1.2417	1.0749	0.82718	0.57483	0.30853	0.1814	-0.032257	-0.3249	-0.78917	-1.0505	37.6
607.17	-1.2861	-1.3368	-1.3896	-1.3072	-1.3494	-1.3452	-1.2829	-1.1858	-1.2417	-1.284	-1.2248	-1.2776	-1.1826	-1.3167	-1.4371	-1.5532	-1.0612	-0.068358	0.70819	1.1752	1.2481	1.0696	0.80195	0.56786	0.33725	0.20463	0.0046438	-0.30304	-0.69784	-0.85686	37.53
611.71	-0.97923	-0.98947	-1.076	-1.0374	-1.1689	-1.2755	-1.2808	-1.2639	-1.2987	-1.3262	-1.5141	-1.965	-2.1677	-2.2026	-2.3282	-2.172	-1.5279	-0.27253	0.59119	1.1456	1.2386	1.0981	0.83553	0.59489	0.37885	0.2475	0.060999	-0.17443	-0.50377	-0.67028	37.38
607.83	-1.2027	-1.1815	-1.2407	-1.1562	-1.2987	-1.2702	-1.2069	-1.1562	-1.4202	-1.6261	-1.6324	-1.4846	-1.6271	-1.7232	-1.9851	-1.8837	-1.3441	-0.17127	0.64906	1.1583	1.1942	1.0612	0.79318	0.55519	0.29734	0.16218	-0.037305	-0.28974	-0.69425	-0.83912	37.26
625.35	-1.0781	-1.1002	-1.172	-1.1161	-1.2259	-1.171	-1.2027	-1.2185	-1.1646	-1.1224	-1.4212	-2.041	-2.5215	-2.5267	-2.5901	-2.3103	-1.5648	-0.28118	0.60978	1.0971	1.1773	1.0172	0.77597	0.54431	0.30579	0.20104	0.023694	-0.24127	-0.60418	-0.78495	37.05
618.25	-1.153	-1.2375	-1.1562	-1.1562	-1.2597	-1.3156	-1.3431	-1.2755	-1.2164	-1.1689	-1.2079	-1.2174	-1.1309	-1.3463	-1.4888	-1.5215	-1.0269	-0.037505	0.72951	1.1435	1.1636	1.0096	0.76679	0.55772	0.32152	0.19851	0.011837	-0.23388	-0.64958	-0.79635	36.88
618.25	-1.1002	-1.2132	-1.2597	-1.2618	-1.3526	-1.361	-1.3167	-1.2174	-1.2628	-1.2977	-1.3695	-1.3441	-1.5163	-1.5321	-1.8267	-1.7095	-1.1815	-0.10907	0.69551	1.1383	1.2005	0.99043	0.76679	0.52921	0.3118	0.18383	-0.026978	-0.25679	-0.60566	-0.75591	36.73
619.86	-1.1668	-1.1636	-1.2322	-1.266	-1.3294	-1.3251	-1.2861	-1.2871	-1.2819	-1.2776	-1.2628	-1.2713	-1.3178	-1.3452	-1.5046	-1.5712	-1.0545	-0.054642	0.71695	1.1361	1.1763	0.99021	0.76996	0.53491	0.31582	0.17116	-0.014804	-0.24085	-0.6177	-0.76816	36.59
621.09	-1.0454	-1.1055	-1.1963	-1.1805	-1.2903	-1.2481	-1.2238	-1.1921	-1.2618	-1.3156	-1.2512	-1.3579	-1.3568	-1.5701	-1.7074	-1.6651	-1.095	-0.052077	0.70502	1.1646	1.1984	1.0074	0.77101	0.54568	0.31033	0.20981	0.0045403	-0.2531	-0.58095	-0.75718	36.44
614.74	-0.98884	-1.0164	-1.1097	-1.0601	-1.1752	-1.2153	-1.2502	-1.2301	-1.2143	-1.2027	-1.4624	-1.6894	-1.9745	-1.9713	-2.1825	-1.9354	-1.2628	-0.084894	0.70153	1.1446	1.1604	0.98874	0.77376	0.52509	0.26957	0.17507	-0.046639	-0.27622	-0.61463	-0.74345	36.24
628.47	-1.0379	-1.0541	-1.1615	-1.1002	-1.1573	-1.1657	-1.1889	-1.3072	-1.4445	-1.5511	-1.9228	-2.1561	-2.6376	-2.9871	-3.042	-2.683	-1.7771	-0.36724	0.59837	1.133	1.1794	1.0051	0.78759	0.52298	0.32585	0.17127	0.03551	-0.19745	-0.53365	-0.72022	36.17
630.08	-1.2512	-1.2734	-1.1974	-1.0833	-1.1499	-1.0865	-1.0559	-1.1182	-1.1087	-1.1023	-1.2766	-2.21	-2.9153	-3.1159	-2.9776	-2.5426	-1.5511	-0.204	0.68865	1.1551	1.1763	0.96466	0.73701	0.47959	0.2607	0.11097	-0.083595	-0.34464	-0.71283	-0.91208	35.96
629.71	-1.0802	-1.0258	-1.0346	-0.91947	-0.9938	-1.0557	-1.0301	-0.98462	-0.98673	-0.98842	-1.8362	-3.0072	-3.4612	-3.5404	-3.3746	-2.7918	-1.7654	-0.27443	0.66194	1.1615	1.1646	0.96297	0.71695	0.45424	0.25605	0.10865	-0.047916	-0.28974	-0.61083	-0.76795	35.85
643.53	-1.0227	-0.98958	-1.0275	-0.97649	-1.1467	-1.0591	-1.0208	-1.0844	-1.0015	-0.93679	-2.0801	-3.5689	-4.1285	-4.2077	-3.9342	-3.2585	-2.0917	-0.45118	0.58232	1.1467	1.1752	0.9653	0.70903	0.46269	0.25985	0.12269	-0.051549	-0.28108	-0.59499	-0.74219	35.71
648.65	-1.049	-1.0445	-1.0395	-0.94734	-1.051	-1.007	-1.0128	-0.96783	-0.9749	-0.98029	-1.6493	-2.8382	-3.2342	-3.3852	-3.1603	-2.6535	-1.6387	-0.21699	0.6953	1.1446	1.1425	0.96002	0.71589	0.49078	0.23937	0.12871	-0.030336	-0.28129	-0.5799	-0.77492	35.51
656.6	-0.88969	-0.9011	-0.93995	-0.83933	-0.93225	-0.91187	-1.2438	-0.95854	-0.91007	-0.87248	-1.9513	-3.1402	-3.7558	-3.8128	-3.5309	-2.871	-1.7697	-0.24919	0.67281	1.1361	1.1541	0.937	0.67778	0.46691	0.22955	0.13399	-0.055086	-0.27305	-0.58834	-0.69837	35.37
648.46	-1.0264	-1.0591	-1.0928	-0.99761	-1.0467	-0.93098	-1.1087	-1.2407	-1.1161	-1.02	-1.9333	-3.3229	-3.9628	-3.9649	-3.6988	-2.9956	-1.8531	-0.27348	0.65697	1.1826	1.1689	0.9787	0.70122	0.47283	0.24634	0.1171	-0.058095	-0.32268	-0.63501	-0.78643	35.15
664.18	-0.9219	-0.92031	-0.96614	-0.888	-0.92855	-0.89899	-0.9616	-0.96878	-0.93826	-0.91451	-2.0579	-3.2046	-3.7738	-3.8086	-3.5679	-2.8594	-1.7517	-0.22564	0.67313	1.1351	1.1478	0.95336	0.70164	0.46164	0.20664	0.11657	-0.049944	-0.25574	-0.56627	-0.68812	35.03
658.4	-1.0086	-1.0176	-1.0439	-1.0059	-1.0633	-1.0071	-1.0053	-0.80406	-0.84112	-0.87005	-1.6704	-3.1666	-3.7199	-3.76	-3.4961	-2.8182	-1.7464	-0.22068	0.7009	1.1256	1.1414	0.92538	0.67091	0.459	0.18795	0.087808	-0.091377	-0.30346	-0.6254	-0.79234	34.9
665.98	-0.99275	-0.99697	-0.97321	-0.94122	-0.95326	-1.0031	-0.97142	-1.1393	-1.0243	-0.93457	-2.0453	-3.2796	-3.8646	-3.9142	-3.5488	-2.9216	-1.7549	-0.25025	0.69499	1.115	1.1287	0.92834	0.68274	0.45593	0.20157	0.068686	-0.10612	-0.2739	-0.59278	-0.75475	34.75
664.18	-0.93974	-0.93626	-1.0152	-1.0019	-0.96952	-0.92137	-0.81092	-1.0749	-1.058	-1.0455	-1.8446	-3.3905	-3.9596	-4.0008	-3.6576	-2.9818	-1.8468	-0.26936	0.68696	1.1689	1.1499	0.95104	0.66521	0.44833	0.2134	0.1007	-0.074789	-0.27949	-0.59447	-0.71695	34.58
672.32	-0.96582	-0.99201	-0.98599	-0.91862	-0.99834	-0.92243	-0.95738	-0.95474	-0.94344	-0.93467	-1.9576	-3.1972	-3.8223	-3.797	-3.476	-2.8087	-1.6936	-0.21382	0.68453	1.1287	1.1499	0.91957	0.6763	0.42331	0.19302	0.079266	-0.11182	-0.2948	-0.62012	-0.76288	34.45
678.67	-0.91535	-0.93182	-0.93594	-0.83257	-0.88642	-0.81663	-1.0049	-1.1456	-1.0223	-0.92591	-1.6704	-3.1064	-3.7252	-3.7474	-3.4623	-2.7886	-1.6873	-0.18035	0.71114	1.1224	1.1256	0.9352	0.62255	0.41285	0.18013	0.094101	-0.06877	-0.26883	-0.56923	-0.69731	34.33
669.29	-0.95474	-0.9314	-0.96361	-0.87428	-0.96667	-0.98588	-0.89687	-0.96139	-0.94629	-0.93446	-1.8911	-3.1318	-3.7262	-3.6872	-3.4	-2.7168	-1.624	-0.14181	0.73089	1.153	1.0981	0.92823	0.64568	0.40546	0.223	0.068348	-0.07198	-0.31972	-0.58486	-0.71589	34.13
676.02	-0.88167	-0.86868	-0.92749	-0.82676	-0.93246	-0.94682	-0.90532	-0.871	-0.82528	-0.78981	-1.7549	-2.9787	-3.5742	-3.5161	-3.1751	-2.5447	-1.4497	-0.050102	0.7878	1.153	1.1192	0.87713	0.63448	0.38614	0.18531	0.074366	-0.082349	-0.26524	-0.56649	-0.68052	33.96
681.51	-0.9333	-0.91905	-0.92485	-0.82011	-0.87829	-0.86161	-0.90532	-0.78833	-0.84999	-0.89782	-1.8848	-3.1043	-3.7347	-3.6692	-3.3324	-2.6619	-1.5743	-0.11024	0.76024	1.1562	1.1256	0.88536	0.65539	0.41539	0.24106	0.089276	-0.066278	-0.27464	-0.56437	-0.64483	33.84
680.47	-0.92158	-0.94914	-0.93816	-0.83489	-0.92623	-0.88716	-0.86741	-0.86066	-0.89603	-0.92348	-1.8605	-3.1634	-3.8118	-3.7759	-3.439	-2.7601	-1.6292	-0.14402	0.74778	1.1266	1.1266	0.90205	0.65634	0.42679	0.19513	0.089413	-0.086213	-0.3098	-0.57525	-0.71706	33.67
671.94	-0.9598	-0.96572	-1.0254	-0.903	-0.98536	-1.0016	-0.99264	-0.95526	-0.988	-1.0133	-2.0326	-3.3493	-3.9606	-3.8656	-3.5383	-2.8287	-1.6926	-0.15722	0.72022	1.1319	1.1182	0.90015	0.67429	0.40599	0.18858	0.081557	-0.069456	-0.30674	-0.60027	-0.71748	33.49
680.47	-0.95421	-0.89392	-0.94534	-0.83943	-1.0907	-1.2101	-1.1963	-0.87217	-0.87744	-0.88156	-1.927	-3.2004	-3.7991	-3.7199	-3.3535	-2.7168	-1.5807	-0.1171	0.77682	1.1414	1.1087	0.87354	0.61368	0.38793	0.19069	0.053914	-0.09503	-0.32606	-0.59521	-0.71061	33.35
691.83	-0.91282	-0.91398	-0.91324	-0.80554	-0.88473	-0.91071	-1.0992	-1.19	-1.0435	-0.92992	-1.9882	-3.0336	-3.7083	-3.6006	-3.2669	-2.5912	-1.5099	-0.073226	0.74884	1.1298	1.1108	0.85696	0.63617	0.38371	0.17021	0.06612	-0.11298	-0.31159	-0.56332	-0.66701	33.19
683.88	-0.87576	-0.91134	-1.0169	-0.86235	-0.91493	-0.92126	-1.0823	-1.0591	-1.095	-1.1224	-2.1276	-3.306	-3.9818	-3.8181	-3.4961	-2.7833	-1.6599	-0.12766	0.75369	1.1446	1.1013	0.87787	0.61294	0.37959	0.16778	0.044812	-0.092359	-0.29903	-0.55244	-0.6575	33.03
691.08	-0.89466	-0.91282	-1.0065	-0.88473	-0.90553	-1.0026	-0.91694	-1.1974	-1.1731	-1.1551	-2.267	-3.4602	-4.0715	-3.9438	-3.5267	-2.8213	-1.6504	-0.13294	0.73258	1.1425	1.1055	0.87312	0.62065	0.3948	0.18995	0.039976	-0.089233	-0.30969	-0.58116	-0.6763	32.88
694.48	-0.81979	-0.8389	-0.86752	-0.82465	-0.92718	-0.89297	-0.76341	-0.75549	-0.85041	-0.92422	-1.9566	-3.0336	-3.609	-3.4897	-3.137	-2.4887	-1.4181	-0.0026123	0.80279	1.1478	1.0928	0.84513	0.59901	0.38857	0.14793	0.083257	-0.086636	-0.26946	-0.53671	-0.59246	32.77
692.5	-0.90131	-0.90015	-0.93605	-0.80923	-0.83806	-0.81219	-1.1245	-1.0284	-1.0152	-1.0049	-2.0843	-3.2247	-3.835	-3.6903	-3.2838	-2.6292	-1.4973	-0.064346	0.7462	1.1404	1.077	0.84978	0.58211	0.35362	0.13758	0.039892	-0.11066	-0.31582	-0.5799	-0.69404	32.58
693.54	-0.87227	-0.87269	-0.91113	-0.81694	-0.87829	-0.93235	-1.0195	-0.88505	-0.84946	-0.82169	-1.8468	-2.8678	-3.4507	-3.2944	-2.9185	-2.286	-1.2618	0.087628	0.80776	1.1361	1.0553	0.82708	0.56501	0.3362	0.13737	0.026777	-0.099739	-0.30631	-0.59869	-0.6612	32.4
698.75	-0.94407	-0.89202	-0.89487	-0.74007	-0.83912	-0.8993	-0.89719	-0.91852	-0.91493	-0.91208	-1.9735	-2.8995	-3.5087	-3.3113	-2.9491	-2.2807	-1.2322	0.10008	0.84862	1.1594	1.0622	0.79308	0.56532	0.3231	0.15342	0.026577	-0.13336	-0.33556	-0.58201	-0.70671	32.23
702.06	-0.84049	-0.82571	-0.87449	-0.75866	-0.89782	-0.9069	-0.99275	-0.79635	-0.90722	-0.99338	-1.8869	-3.0294	-3.589	-3.4823	-3.0906	-2.4423	-1.3716	0.016989	0.81103	1.152	1.0707	0.82338	0.55582	0.33419	0.13568	0.030748	-0.10918	-0.31159	-0.5478	-0.67619	32.06
701.68	-0.87058	-0.89909	-0.88199	-0.81631	-0.89402	-0.89328	-0.97195	-0.86361	-0.79382	-0.73955	-1.6863	-2.7485	-3.3662	-3.1951	-2.8182	-2.1794	-1.1551	0.16271	0.86393	1.1499	1.0387	0.79836	0.53777	0.33651	0.11224	-0.0015036	-0.1285	-0.32521	-0.56754	-0.67028	31.9
702.63	-0.85031	-0.84207	-0.87143	-0.76457	-0.88199	-0.90617	-0.89941	-0.85348	-0.82117	-0.79604	-1.984	-2.8995	-3.5161	-3.3588	-2.9871	-2.3198	-1.2745	0.10387	0.83088	1.1583	1.0394	0.82264	0.5554	0.34221	0.13558	0.024275	-0.12407	-0.29333	-0.58127	-0.67978	31.77
701.02	-0.87554	-0.88917	-0.92	-0.80385	-0.92718	-0.96002	-0.95621	-0.75739	-0.76816	-0.7765	-1.7549	-2.8023	-3.4422	-3.2374	-2.9322	-2.2438	-1.266	0.071452	0.82338	1.1287	1.0526	0.80121	0.54051	0.29903	0.11013	0.017876	-0.13927	-0.32997	-0.60439	-0.69393	31.57
703.48	-0.87671	-0.89466	-0.87966	-0.82074	-0.86583	-0.91915	-0.92676	-0.84366	-0.86678	-0.88473	-1.6387	-2.8403	-3.5225	-3.2891	-2.9491	-2.2596	-1.2502	0.090733	0.84302	1.1361	1.0274	0.79836	0.51802	0.31677	0.13325	0.024254	-0.098325	-0.31539	-0.55878	-0.70407	31.45
704.71	-0.9088	-0.9144	-0.92443	-0.86984	-0.95674	-0.83563	-0.88494	-0.85105	-0.82845	-0.81082	-1.9756	-2.7918	-3.4221	-3.2004	-2.8414	-2.1604	-1.1815	0.13389	0.82666	1.1266	0.99095	0.77376	0.51031	0.29333	0.11171	-0.01435	-0.16197	-0.32828	-0.59162	-0.7028	31.27
714.47	-0.88811	-0.90405	-0.91176	-0.78864	-0.85041	-1.0159	-0.85886	-0.78696	-0.85084	-0.90057	-1.7971	-2.8857	-3.458	-3.2669	-2.8857	-2.2459	-1.2333	0.10643	0.81166	1.1203	1.0158	0.77154	0.49204	0.27696	0.078717	0.0069752	-0.15141	-0.32384	-0.59774	-0.69942	31.14
718.16	-0.91862	-0.92454	-0.90944	-0.80839	-0.82919	-0.71431	-0.8104	-0.87861	-0.90595	-0.92728	-1.9692	-2.815	-3.4264	-3.2162	-2.8456	-2.1994	-1.1657	0.14413	0.83859	1.095	1.0021	0.74894	0.5007	0.29808	0.076225	-0.02249	-0.16736	-0.3419	-0.60418	-0.68559	30.97
714.28	-0.85928	-0.87058	-0.90521	-0.86467	-0.94819	-0.93066	-0.82412	-0.88558	-0.91651	-0.94069	-2.0347	-2.9238	-3.5615	-3.3197	-2.9671	-2.2681	-1.2101	0.12143	0.84872	1.1435	1.0311	0.78421	0.50799	0.28942	0.11024	0.00063617	-0.13251	-0.3173	-0.56701	-0.6687	30.77
719.3	-0.81821	-0.84345	-0.85115	-0.6953	-0.74567	-0.72677	-0.81589	-0.91398	-0.89951	-0.88811	-1.9545	-2.8572	-3.3968	-3.1782	-2.7707	-2.1234	-1.1055	0.16514	0.83172	1.1023	1.0026	0.76837	0.5044	0.27717	0.092781	-0.037146	-0.15659	-0.32384	-0.55825	-0.64357	30.64
713.05	-0.86287	-0.86572	-0.9182	-0.92243	-0.954	-0.92306	-0.80448	-0.89149	-0.85728	-0.83077	-1.8225	-2.8551	-3.5098	-3.23	-2.9417	-2.2153	-1.2576	0.10876	0.81694	1.0939	1.0371	0.75211	0.51559	0.28984	0.095706	-0.0014804	-0.14751	-0.31339	-0.54421	-0.66162	30.49
721.38	-0.8426	-0.84323	-0.85105	-0.77904	-0.8444	-0.85063	-0.85992	-0.76637	-0.85337	-0.92105	-1.7992	-2.8066	-3.4707	-3.1888	-2.8646	-2.1825	-1.1868	0.13505	0.84397	1.0939	1.0018	0.76415	0.48508	0.26619	0.069647	-0.011921	-0.14371	-0.31856	-0.56849	-0.66215	30.33
713.62	-0.88294	-0.88821	-0.93805	-0.96931	-0.99782	-0.90141	-0.77333	-0.81409	-0.86678	-0.90785	-1.8774	-3.004	-3.6133	-3.3419	-2.9713	-2.3113	-1.2523	0.057356	0.82359	1.0992	1.0148	0.72434	0.51063	0.27928	0.070396	-0.012058	-0.15997	-0.33525	-0.57937	-0.69404	30.19
715.7	-0.98588	-0.95294	-0.9673	-0.81546	-0.84894	-0.86657	-0.79213	-0.89254	-0.85612	-0.82771	-1.8911	-2.8308	-3.4602	-3.1751	-2.8192	-2.1371	-1.1615	0.14033	0.83964	1.0981	0.99919	0.73268	0.4799	0.24571	0.063913	-0.039438	-0.21192	-0.36513	-0.63237	-0.74134	30.06
714.09	-0.92179	-0.92982	-0.91461	-0.85622	-0.96118	-0.91018	-0.77059	-0.85084	-0.83415	-0.82117	-1.9428	-2.9238	-3.6534	-3.344	-3.0167	-2.2892	-1.2956	0.065866	0.79741	1.1034	0.97152	0.74271	0.46744	0.27094	0.06405	-0.043756	-0.17665	-0.38804	-0.60999	-0.72043	29.89
721.76	-0.86477	-0.9011	-0.89803	-0.85136	-0.90268	-0.85928	-0.81546	-0.78548	-0.92454	-1.0328	-2.0748	-3.1202	-3.8065	-3.4749	-3.1677	-2.3884	-1.3727	0.060935	0.81071	1.0865	1.014	0.7595	0.48254	0.26809	0.071684	-0.0056448	-0.15194	-0.33366	-0.57293	-0.66785	29.7
726.69	-0.87935	-0.91989	-0.90321	-0.79889	-0.82571	-0.85348	-0.82835	-0.84038	-0.80881	-0.78421	-1.7718	-2.8879	-3.6249	-3.3303	-3.0431	-2.2744	-1.2671	0.092042	0.80892	1.0844	0.99032	0.74831	0.47494	0.25817	0.081525	-0.022226	-0.15912	-0.33788	-0.58074	-0.67144	29.5
726.5	-0.91018	-0.92021	-0.91926	-0.77143	-0.84059	-0.82423	-0.86763	-0.90511	-0.91271	-0.91873	-1.8869	-2.9322	-3.6692	-3.3166	-3.0674	-2.3156	-1.3209	0.071051	0.7783	1.0707	0.99064	0.72592	0.46839	0.25215	0.07122	-0.0014529	-0.13653	-0.34665	-0.5762	-0.73437	29.4
731.14	-0.93066	-0.92876	-0.90891	-0.76225	-0.8124	-0.80765	-0.79825	-0.70491	-0.76299	-0.80818	-1.7538	-2.7464	-3.4359	-3.1466	-2.8562	-2.1456	-1.1984	0.13114	0.81652	1.0823	0.97385	0.73353	0.48307	0.27464	0.06461	-0.038614	-0.15405	-0.35098	-0.59341	-0.7217	29.18
724.41	-0.94544	-0.95812	-0.92633	-0.80554	-0.87639	-0.84471	-0.89307	-0.86667	-0.89276	-0.91303	-1.9312	-2.8953	-3.5784	-3.2352	-2.9206	-2.192	-1.2101	0.11551	0.81863	1.0833	0.98293	0.69921	0.46966	0.25489	0.063142	-0.036882	-0.16789	-0.35636	-0.58486	-0.71621	29.01
729.53	-0.91039	-0.92665	-0.98251	-0.92074	-0.93869	-0.87956	-0.84112	-0.9313	-0.90701	-0.88811	-1.9713	-2.9153	-3.6407	-3.2648	-2.9766	-2.2153	-1.2766	0.10844	0.80395	1.0781	0.97818	0.71674	0.43988	0.25912	0.056532	-0.038698	-0.15448	-0.33662	-0.58074	-0.6971	28.87
742.69	-0.87428	-0.8615	-0.88156	-0.83151	-0.82824	-0.80839	-0.79699	-0.83056	-0.91092	-0.97332	-2.0115	-3.042	-3.7495	-3.362	-3.0146	-2.2702	-1.2755	0.098272	0.77017	1.0633	0.95252	0.71811	0.47547	0.23673	0.045424	-0.04817	-0.15574	-0.31149	-0.56363	-0.67281	28.74
737.86	-0.88811	-0.87333	-0.88515	-0.80142	-0.85633	-0.80923	-0.72772	-0.82127	-0.88177	-0.92897	-1.8668	-2.7738	-3.4749	-3.1159	-2.8298	-2.0896	-1.1604	0.15479	0.81979	1.0791	0.95062	0.70058	0.44801	0.24433	0.064019	-0.025985	-0.16694	-0.34992	-0.56733	-0.70111	28.56
725.26	-0.94639	-0.99644	-0.96128	-0.85158	-0.85654	-0.8483	-0.83922	-0.81187	-0.8332	-0.84989	-1.7961	-2.6915	-3.4348	-3.0357	-2.7284	-1.9904	-1.0675	0.20801	0.8558	1.0749	0.94608	0.67989	0.42246	0.22216	0.0010146	-0.080554	-0.2153	-0.37336	-0.62171	-0.74778	28.43
734.55	-0.92221	-0.93869	-0.94682	-0.83436	-0.84978	-0.81061	-0.81948	-0.78241	-0.81768	-0.84524	-1.8816	-2.7179	-3.4137	-3.0494	-2.7316	-2.0474	-1.0928	0.19291	0.84492	1.0855	0.94228	0.68749	0.44569	0.2154	0.033672	-0.036375	-0.17992	-0.34718	-0.59763	-0.71632	28.28
746.19	-0.89402	-0.84946	-0.8993	-0.77386	-0.8407	-0.79804	-0.81568	-0.81209	-0.77925	-0.75369	-1.8478	-2.7031	-3.3788	-3.0082	-2.7126	-1.9555	-1.076	0.23895	0.84059	1.0791	0.9522	0.67683	0.43872	0.21994	0.027126	-0.070206	-0.17507	-0.34602	-0.58148	-0.67366	28.11
746.76	-0.82982	-0.84672	-0.8199	-0.77935	-0.86023	-0.85707	-0.76362	-0.90553	-0.84239	-0.79329	-1.7338	-2.7696	-3.4887	-3.1254	-2.8192	-2.0812	-1.1615	0.16113	0.82233	1.0717	0.93921	0.69425	0.44696	0.2551	0.089371	-0.023652	-0.17295	-0.33725	-0.52636	-0.64747	27.96
746.38	-0.88589	-0.8614	-0.90997	-0.79023	-0.85664	-1.0212	-0.93605	-0.89972	-1.1182	-1.2882	-2.2733	-3.2595	-3.9364	-3.5129	-3.1107	-2.3472	-1.2924	0.11414	0.7822	1.0728	0.9295	0.70058	0.43862	0.23758	0.059267	-0.041866	-0.16704	-0.33535	-0.57219	-0.69319	27.78
746.76	-0.818	-0.81652	-0.87892	-0.769	-0.82581	-0.79076	-0.8954	-0.86372	-0.8501	-0.83943	-1.7676	-2.7337	-3.4295	-3.0557	-2.7263	-2.0104	-1.0728	0.21424	0.8558	1.0675	0.94122	0.65835	0.41465	0.2059	0.043165	-0.058011	-0.17496	-0.33725	-0.55371	-0.62382	27.62
745.53	-0.85105	-0.87438	-0.85411	-0.74546	-0.78041	-0.76985	-0.81631	-0.76457	-0.73955	-0.72012	-1.7412	-2.6249	-3.2891	-2.8847	-2.5394	-1.8235	-0.88726	0.31698	0.87829	1.0415	0.89571	0.64536	0.40229	0.20041	0.0090353	-0.060133	-0.19935	-0.33356	-0.60017	-0.69193	27.43
749.6	-0.78717	-0.80142	-0.85812	-0.78674	-0.8691	-0.82296	-0.76964	-0.81673	-0.85812	-0.89033	-1.8214	-2.7791	-3.4359	-3.0008	-2.6608	-1.9354	-0.98504	0.25014	0.86826	1.0358	0.92348	0.65983	0.39797	0.20907	0.026999	-0.067862	-0.17834	-0.3192	-0.52214	-0.63132	27.33
758.32	-0.86404	-0.90933	-0.89994	-0.78791	-0.84513	-0.83521	-0.79371	-0.70227	-0.7689	-0.82074	-1.8478	-2.6271	-3.2954	-2.8773	-2.5289	-1.8404	-0.92412	0.24518	0.8444	1.0325	0.88462	0.61094	0.37009	0.16208	-0.02475	-0.092961	-0.19207	-0.34665	-0.58338	-0.68221	27.16
767.69	-0.7802	-0.77471	-0.82518	-0.74208	-0.87628	-0.79498	-0.75802	-0.77914	-0.85411	-0.91239	-1.9545	-2.7094	-3.3345	-2.9227	-2.5616	-1.8531	-0.92718	0.28794	0.84102	1.0346	0.88779	0.6385	0.36766	0.1908	0.0048666	-0.076098	-0.17412	-0.33831	-0.51211	-0.61833	26.99
763.24	-0.83141	-0.8483	-0.84714	-0.75855	-0.83384	-0.8407	-0.83458	-0.74894	-0.78199	-0.80765	-1.8109	-2.6714	-3.2902	-2.8805	-2.5204	-1.8309	-0.91408	0.30167	0.85453	1.0448	0.89096	0.61294	0.36133	0.15722	0.00096413	-0.078527	-0.19872	-0.31962	-0.54178	-0.66247	26.81
760.12	-0.91651	-0.88927	-0.91926	-0.75148	-0.8312	-0.82022	-0.80279	-0.74989	-0.80638	-0.85031	-1.8647	-2.6556	-3.2764	-2.8678	-2.5183	-1.8277	-0.9012	0.30082	0.85622	1.0341	0.90458	0.64082	0.40092	0.18689	0.022681	-0.074863	-0.18573	-0.33334	-0.55508	-0.68633	26.66
772.52	-0.88653	-0.85749	-0.87069	-0.77344	-0.78653	-0.71948	-0.65613	-0.76816	-0.786	-0.79984	-2.0516	-2.6703	-3.2616	-2.8161	-2.4602	-1.7834	-0.8482	0.27622	0.86129	1.0113	0.87428	0.60165	0.36534	0.16292	-0.0029312	-0.089297	-0.18658	-0.32194	-0.55065	-0.66775	26.46
764	-0.85569	-0.85918	-0.82486	-0.75982	-0.8785	-0.92834	-0.83373	-0.83194	-0.78907	-0.7557	-1.7211	-2.6302	-3.2585	-2.8372	-2.4761	-1.7887	-0.85147	0.31128	0.86224	1.0226	0.88008	0.61421	0.37368	0.17433	0.00096318	-0.068559	-0.18668	-0.32754	-0.50345	-0.68485	26.31
758.51	-0.84038	-0.8237	-0.86953	-0.84059	-0.79899	-0.77629	-0.81335	-0.80501	-1.0686	-1.2734	-2.3282	-3.325	-3.8677	-3.3651	-2.8889	-2.1508	-1.0855	0.23303	0.84767	1.0534	0.91461	0.62456	0.3721	0.19893	0.026682	-0.082982	-0.17222	-0.32162	-0.52942	-0.63353	26.13
758.98	-0.79308	-0.80543	-0.81969	-0.72413	-0.76468	-0.71061	-0.82391	-0.82718	-0.88547	-0.93077	-2.1392	-2.9829	-3.5731	-3.1297	-2.7253	-2.0168	-1.0081	0.24296	0.8559	1.0316	0.88399	0.57514	0.35911	0.14064	-0.0010069	-0.061062	-0.19587	-0.35056	-0.55149	-0.64673	26
773.19	-0.7575	-0.77312	-0.78981	-0.72487	-0.80744	-0.76373	-0.72244	-0.85854	-0.95716	-1.0339	-2.1118	-2.9269	-3.4813	-3.0452	-2.5996	-1.9164	-0.92866	0.27802	0.84872	1.0085	0.85981	0.59542	0.35256	0.15902	-0.0048687	-0.071653	-0.19038	-0.30737	-0.49965	-0.5988	25.85
785.5	-0.70787	-0.72455	-0.83352	-0.82159	-0.86414	-0.82317	-0.77481	-0.76742	-0.89751	-0.99856	-1.9904	-2.8467	-3.3736	-2.9143	-2.5151	-1.852	-0.87607	0.26978	0.84038	0.99264	0.8444	0.57271	0.34285	0.15838	-0.020072	-0.074377	-0.18732	-0.33271	-0.48962	-0.5819	25.68
770.91	-0.85189	-0.871	-0.88315	-0.81916	-0.84513	-0.76594	-0.71378	-0.82655	-0.9351	-1.0195	-1.9777	-2.9512	-3.4675	-2.966	-2.5637	-1.8468	-0.91303	0.27886	0.83922	1.0198	0.8445	0.5894	0.33472	0.16134	0.012628	-0.097321	-0.20843	-0.34918	-0.54516	-0.66152	25.47
778.02	-0.79466	-0.80501	-0.86879	-0.77787	-0.79456	-0.78231	-0.80153	-0.7046	-0.85041	-0.96382	-2.0484	-2.8604	-3.3715	-2.8773	-2.4391	-1.738	-0.77164	0.33313	0.85348	0.98979	0.83679	0.5706	0.32342	0.12966	-0.012555	-0.069266	-0.19492	-0.33788	-0.51834	-0.61199	25.34
777.64	-0.79699	-0.80934	-0.81261	-0.67302	-0.73458	-0.70417	-0.71188	-0.71695	-0.82032	-0.90067	-2.0822	-2.8784	-3.3915	-2.8963	-2.4718	-1.8056	-0.83257	0.31371	0.8709	1.0317	0.85094	0.56511	0.33398	0.12597	-0.022205	-0.10036	-0.21625	-0.35024	-0.54484	-0.65022	25.17
761.35	-0.73416	-0.74155	-0.80417	-0.83341	-0.84968	-0.79509	-0.7293	-0.8615	-0.97079	-1.0559	-2.3061	-2.9153	-3.4295	-2.9322	-2.4919	-1.813	-0.83172	0.34243	0.87734	1.041	0.86108	0.59088	0.35161	0.16535	-0.016768	-0.060872	-0.17158	-0.28931	-0.4516	-0.56944	25.01
774.8	-0.82476	-0.85305	-0.89561	-0.78315	-0.79794	-0.75792	-0.74039	-0.7216	-0.8199	-0.89624	-1.889	-2.8245	-3.3535	-2.8699	-2.4433	-1.7507	-0.80923	0.36418	0.88589	1.0355	0.84619	0.57873	0.306	0.13779	-0.022279	-0.094893	-0.19956	-0.36576	-0.52488	-0.64114	24.84
776.22	-0.79266	-0.79329	-0.86456	-0.81356	-0.85105	-0.79688	-0.74757	-0.73437	-0.82338	-0.89265	-2.2015	-2.7601	-3.231	-2.7548	-2.3335	-1.6651	-0.75317	0.38118	0.886	1.0087	0.82117	0.57768	0.30547	0.11868	-0.033841	-0.11024	-0.21276	-0.36924	-0.56332	-0.63047	24.7
792.03	-0.61601	-0.6045	-0.60207	-0.68802	-0.92971	-0.94143	-0.85897	-0.83014	-0.94164	-1.0283	-2.3451	-2.7242	-3.2215	-2.7221	-2.2966	-1.6303	-0.72033	0.36397	0.86836	1.013	0.82402	0.58876	0.30547	0.14413	-0.0085411	-0.090923	-0.16303	-0.29016	-0.44485	-0.49352	24.55
770.35	-0.77566	-0.83067	-0.89233	-0.86794	-0.9106	-0.83299	-0.7576	-0.69129	-0.769	-0.8294	-2.04	-2.7263	-3.1529	-2.664	-2.2205	-1.55	-0.64684	0.41782	0.89107	0.99761	0.81356	0.56279	0.30156	0.098557	-0.04383	-0.11108	-0.20463	-0.33313	-0.50809	-0.61432	24.41
776.22	-0.6858	-0.71769	-0.80987	-0.69214	-0.71061	-0.71399	-0.65085	-0.74651	-1.0451	-1.2776	-2.9111	-3.3018	-3.7305	-3.2015	-2.7242	-1.9977	-0.95938	0.26904	0.8369	1.0025	0.84471	0.58539	0.3325	0.13378	-0.010643	-0.073321	-0.15479	-0.30008	-0.45826	-0.54146	24.23
801.69	-0.67873	-0.65539	-0.72909	-0.67197	-0.73522	-0.70776	-0.6801	-0.7519	-0.89825	-1.0121	-2.2871	-2.9364	-3.381	-2.8562	-2.4285	-1.7359	-0.78991	0.33282	0.85126	0.98061	0.80258	0.53882	0.29174	0.10939	-0.038371	-0.087935	-0.19101	-0.31613	-0.46913	-0.52055	24.06
800.08	-0.72455	-0.72635	-0.75507	-0.6405	-0.69699	-0.77312	-0.71273	-0.7652	-0.97374	-1.1361	-2.494	-3.0294	-3.4644	-2.9248	-2.4412	-1.7961	-0.81504	0.31254	0.84799	0.97248	0.80227	0.53618	0.29026	0.11509	-0.038456	-0.11076	-0.20643	-0.32067	-0.48075	-0.56575	23.91
782.47	-0.64061	-0.69847	-0.84503	-0.74778	-0.79582	-0.79889	-0.85242	-0.8463	-1.002	-1.1235	-2.0622	-3.0779	-3.4897	-2.9396	-2.474	-1.7792	-0.81135	0.37231	0.87048	1.0088	0.82233	0.55783	0.26598	0.093267	-0.045065	-0.12101	-0.18805	-0.34	-0.47631	-0.53713	23.72
792.79	-0.63227	-0.7084	-0.83616	-0.77502	-0.76256	-0.74483	-0.70248	-0.77418	-0.97617	-1.133	-2.4961	-3.0779	-3.4876	-2.9554	-2.4676	-1.7834	-0.8067	0.34813	0.86414	0.9672	0.80395	0.54495	0.34179	0.11425	-0.027453	-0.09654	-0.17232	-0.29375	-0.45731	-0.53576	23.58
795.25	-0.64515	-0.64937	-0.77608	-0.73775	-0.79635	-0.78199	-0.72761	-0.76003	-1.0349	-1.2491	-2.8256	-3.0536	-3.4475	-2.8963	-2.4169	-1.7665	-0.76668	0.36048	0.8879	0.99665	0.80142	0.52636	0.28604	0.11393	-0.040578	-0.090553	-0.19069	-0.30082	-0.44738	-0.5063	23.4
784.46	-0.75971	-0.78115	-0.81789	-0.7065	-0.70111	-0.66437	-0.55265	-0.77238	-1.0015	-1.1794	-2.5954	-2.9333	-3.325	-2.8066	-2.2892	-1.6451	-0.68717	0.39849	0.89677	1	0.80269	0.51464	0.26936	0.089286	-0.052604	-0.11678	-0.20474	-0.3211	-0.50978	-0.53766	23.22
795.63	-0.64863	-0.67746	-0.76541	-0.66553	-0.72371	-0.65708	-0.80892	-0.68506	-0.99317	-1.2333	-2.3874	-3.0769	-3.4211	-2.8678	-2.3557	-1.7032	-0.72487	0.35457	0.86108	0.97596	0.78759	0.53924	0.25954	0.080649	-0.070724	-0.1285	-0.20949	-0.32648	-0.46206	-0.53375	23.07
795.82	-0.6745	-0.69615	-0.92105	-0.75855	-0.733	-0.75855	-0.66838	-0.76531	-1.095	-1.3515	-3.0916	-3.288	-3.6671	-3.1033	-2.5521	-1.8848	-0.85094	0.30272	0.86087	0.96149	0.8142	0.52594	0.30198	0.12122	-0.023578	-0.077196	-0.19999	-0.27284	-0.43207	-0.4912	22.9
791.18	-0.78516	-0.81631	-0.86055	-0.75718	-0.72582	-0.67545	-0.64071	-0.6178	-1.0061	-1.3082	-2.9861	-3.2426	-3.5383	-2.9776	-2.4317	-1.7897	-0.74292	0.36428	0.88917	0.98145	0.79783	0.51211	0.26102	0.081103	-0.067324	-0.10633	-0.20495	-0.35024	-0.50757	-0.61854	22.76
798.47	-0.52203	-0.50725	-0.74641	-0.70375	-0.83679	-0.89867	-0.76425	-0.80776	-1.1551	-1.4255	-3.3461	-3.4654	-3.779	-3.212	-2.6176	-1.9745	-0.8992	0.27876	0.86129	1.031	0.80205	0.52985	0.27073	0.12639	-0.017866	-0.063712	-0.15427	-0.24824	-0.37315	-0.43988	22.59
798.85	-0.66447	-0.65402	-0.64589	-0.60281	-0.72265	-0.83415	-0.66996	-0.66268	-1.1182	-1.4719	-2.6503	-3.3641	-3.6639	-3.0547	-2.5099	-1.814	-0.82412	0.34169	0.87565	0.9578	0.77112	0.47927	0.26851	0.076637	-0.047895	-0.10525	-0.18045	-0.26788	-0.43682	-0.50767	22.42
799.7	-0.62118	-0.63829	-0.67387	-0.60217	-0.6632	-0.63934	-0.66933	-0.62298	-1.0533	-1.3885	-3.1275	-3.3092	-3.6164	-3.0378	-2.4729	-1.7982	-0.79582	0.35467	0.86488	0.971	0.77978	0.50672	0.27231	0.09861	-0.083489	-0.10515	-0.19154	-0.2853	-0.42573	-0.50165	22.25
799.89	-0.52668	-0.55529	-0.6574	-0.63301	-0.716	-0.78569	-0.73997	-0.83172	-1.1573	-1.4096	-3.118	-3.4728	-3.7706	-3.2067	-2.6218	-1.9418	-0.87998	0.28213	0.83014	0.98684	0.79868	0.5196	0.28235	0.13346	-0.02909	-0.067376	-0.14645	-0.25172	-0.35552	-0.43904	22.1
811.45	-0.55751	-0.59563	-0.70027	-0.60872	-0.57155	-0.56099	-0.7727	-0.80649	-1.3251	-1.7285	-2.8826	-3.6111	-3.8899	-3.2384	-2.6809	-1.9523	-0.91577	0.29312	0.85073	0.99665	0.79297	0.50123	0.25848	0.10622	-0.023124	-0.066416	-0.15733	-0.23842	-0.36935	-0.42373	21.96
800.08	-0.57652	-0.56458	-0.67556	-0.70037	-0.7916	-0.76066	-0.62308	-0.69879	-1.2776	-1.7285	-2.8741	-3.6006	-3.8445	-3.2194	-2.6387	-1.9217	-0.86604	0.32975	0.87766	0.96044	0.77566	0.47663	0.27421	0.091218	-0.060957	-0.093774	-0.18204	-0.24381	-0.38308	-0.44632	21.84
802.36	-0.65243	-0.68686	-0.73469	-0.67155	-0.76109	-0.67429	-0.77724	-0.80195	-1.4445	-1.9439	-3.3313	-3.797	-4.006	-3.3757	-2.7274	-2.0558	-0.92623	0.27928	0.83912	0.97385	0.76394	0.49764	0.23525	0.098293	-0.077608	-0.11235	-0.18151	-0.27453	-0.41581	-0.48909	21.65
815.9	-0.73416	-0.69942	-0.66848	-0.55614	-0.61294	-0.59225	-0.60492	-0.59341	-1.2005	-1.6725	-3.0821	-3.5847	-3.8456	-3.2585	-2.6725	-1.9893	-0.92433	0.27094	0.84292	0.96952	0.76066	0.49659	0.27485	0.10206	-0.041391	-0.099359	-0.18404	-0.30093	-0.45889	-0.52414	21.45
807.38	-0.62635	-0.66384	-0.71389	-0.62519	-0.63998	-0.45139	-0.84883	-0.648	-1.3494	-1.8953	-3.2416	-3.7738	-3.9913	-3.3736	-2.7421	-2.0273	-0.93985	0.2833	0.86646	0.98367	0.77619	0.50556	0.26577	0.1323	-0.03439	-0.081705	-0.15258	-0.23969	-0.39427	-0.47146	21.3
816.28	-0.51601	-0.57916	-0.58422	-0.52182	-0.60154	-0.56775	-0.54336	-0.67155	-1.6007	-2.323	-3.6249	-4.2056	-4.4136	-3.7041	-3.0325	-2.2533	-1.0992	0.20907	0.79097	0.97892	0.80132	0.51834	0.28456	0.12903	-0.0064494	-0.077112	-0.15458	-0.20421	-0.32553	-0.38878	21.15
816.09	-0.55614	-0.5535	-0.57831	-0.57683	-0.63691	-0.59816	-0.53534	-0.57409	-1.4117	-2.0622	-3.4802	-4.0451	-4.232	-3.5689	-2.8974	-2.1625	-0.99138	0.22596	0.81209	0.96329	0.76795	0.49648	0.26091	0.093035	-0.030346	-0.11224	-0.18035	-0.27189	-0.36924	-0.43936	20.97
819.12	-0.53417	-0.55878	-0.56817	-0.50873	-0.57166	-0.58792	-0.51095	-0.49183	-1.1699	-1.6979	-2.9913	-3.6513	-3.8688	-3.2648	-2.6323	-1.9354	-0.86699	0.31455	0.85886	0.97152	0.77809	0.48919	0.25605	0.081927	-0.063195	-0.10449	-0.17961	-0.24972	-0.38033	-0.43957	20.77
819.97	-0.4686	-0.49215	-0.55973	-0.54399	-0.68189	-0.62361	-0.60598	-0.56944	-1.2924	-1.8552	-3.2173	-3.7621	-3.9723	-3.3683	-2.7094	-2.0168	-0.91398	0.27707	0.84197	0.97057	0.78104	0.51601	0.25975	0.071093	-0.043006	-0.069414	-0.14835	-0.23018	-0.32616	-0.37452	20.6
826.6	-0.48455	-0.49004	-0.52562	-0.44432	-0.54452	-0.53069	-0.51432	-0.5365	-1.1805	-1.682	-3.0505	-3.6143	-3.8498	-3.1993	-2.6028	-1.8689	-0.82687	0.33208	0.86066	0.96477	0.75074	0.49384	0.2362	0.086509	-0.048106	-0.088938	-0.16715	-0.23219	-0.33989	-0.37864	20.46
819.12	-0.50883	-0.51834	-0.70164	-0.64452	-0.63829	-0.57176	-0.58011	-0.52615	-1.2597	-1.8299	-3.2342	-3.7262	-3.9321	-3.2701	-2.6228	-1.9281	-0.81905	0.31645	0.87491	0.97554	0.75391	0.49289	0.25795	0.094481	-0.046713	-0.087903	-0.14856	-0.22469	-0.35129	-0.37674	20.31
820.16	-0.49373	-0.48465	-0.56152	-0.50429	-0.59309	-0.53491	-0.53058	-0.53502	-1.1953	-1.7084	-2.9671	-3.5826	-3.7294	-3.0938	-2.4539	-1.7792	-0.71283	0.40166	0.9011	0.97427	0.76035	0.48318	0.22818	0.074651	-0.053977	-0.1265	-0.16113	-0.2551	-0.35298	-0.39237	20.11
826.79	-0.51485	-0.48983	-0.56691	-0.47219	-0.54991	-0.53058	-0.47188	-0.50049	-1.191	-1.7285	-3.0716	-3.6038	-3.8139	-3.1455	-2.5088	-1.7971	-0.74884	0.35225	0.86995	0.94302	0.75982	0.45583	0.2361	0.075834	-0.066236	-0.11446	-0.17433	-0.2531	-0.36038	-0.40346	19.97
820.54	-0.56216	-0.57979	-0.62889	-0.48708	-0.51348	-0.5648	-0.47747	-0.56522	-1.342	-1.9471	-3.2479	-3.7938	-3.9395	-3.2479	-2.5732	-1.8858	-0.76225	0.3438	0.88779	0.93848	0.74884	0.4666	0.2399	0.092528	-0.050292	-0.10431	-0.18668	-0.23578	-0.34865	-0.41011	19.8
825.56	-0.51739	-0.59088	-0.58158	-0.49912	-0.58919	-0.56532	-0.55941	-0.71885	-1.5669	-2.2258	-3.4939	-4.1338	-4.2806	-3.5784	-2.9164	-2.1677	-1.0104	0.25669	0.84735	0.96392	0.77196	0.48898	0.25204	0.079498	-0.039079	-0.079899	-0.1474	-0.2153	-0.34243	-0.38445	19.64
830.48	-0.48054	-0.48043	-0.52119	-0.44221	-0.52921	-0.59774	-0.58021	-0.67134	-1.4276	-2.0157	-3.2944	-3.816	-3.9564	-3.231	-2.57	-1.852	-0.76066	0.3967	0.89941	0.97966	0.74725	0.46459	0.21561	0.070185	-0.046079	-0.079435	-0.16092	-0.23494	-0.34042	-0.37157	19.47
836.55	-0.42035	-0.46438	-0.50176	-0.42975	-0.52541	-0.5856	-0.50429	-0.50588	-1.303	-1.9228	-3.1941	-3.7653	-3.9511	-3.2775	-2.6429	-1.9365	-0.84524	0.31719	0.84883	0.96487	0.75823	0.45593	0.24106	0.071442	-0.0852	-0.091493	-0.15796	-0.21435	-0.30135	-0.3759	19.31
834.08	-0.49616	-0.5271	-0.52478	-0.47916	-0.50693	-0.51211	-0.59573	-0.57293	-1.2101	-1.7053	-3.0832	-3.5393	-3.703	-3.0663	-2.437	-1.7644	-0.7122	0.41148	0.88758	0.95991	0.73669	0.46438	0.22828	0.075169	-0.049479	-0.089951	-0.19259	-0.23198	-0.34908	-0.41401	19.19
826.98	-0.44136	-0.46607	-0.57662	-0.53935	-0.61389	-0.5763	-0.49395	-0.45699	-1.2027	-1.7834	-3.0705	-3.6291	-3.7442	-3.0547	-2.3969	-1.7137	-0.6424	0.44632	0.90785	0.9428	0.73743	0.45393	0.22438	0.061601	-0.048085	-0.098018	-0.16525	-0.24919	-0.36027	-0.36777	19
828.4	-0.46565	-0.478	-0.53037	-0.46945	-0.52509	-0.53544	-0.49109	-0.53344	-1.3473	-1.9809	-3.268	-3.816	-3.9533	-3.2564	-2.6038	-1.8911	-0.78337	0.359	0.88885	0.95093	0.74905	0.46216	0.22976	0.089867	-0.064304	-0.094207	-0.17581	-0.22216	-0.30843	-0.36365	18.84
827.17	-0.43228	-0.45509	-0.52721	-0.46829	-0.4874	-0.50831	-0.45551	-0.47758	-1.2217	-1.8003	-3.1212	-3.6249	-3.778	-3.0674	-2.4497	-1.7285	-0.68211	0.42595	0.90448	0.96793	0.71885	0.44844	0.22237	0.075792	-0.077091	-0.11805	-0.16155	-0.22628	-0.32733	-0.33926	18.65
833.23	-0.42024	-0.46259	-0.53513	-0.41845	-0.44928	-0.46311	-0.47019	-0.4798	-1.3336	-1.9977	-3.1392	-3.7136	-3.7864	-3.08	-2.419	-1.7359	-0.69024	0.42098	0.88051	0.92802	0.7027	0.42901	0.19756	0.027633	-0.081927	-0.119	-0.16577	-0.22839	-0.33113	-0.34559	18.49
832.09	-0.43513	-0.42341	-0.51823	-0.43397	-0.49542	-0.49542	-0.48096	-0.49732	-1.2671	-1.8658	-3.1096	-3.6998	-3.8466	-3.1233	-2.4729	-1.7961	-0.70829	0.39047	0.89128	0.96614	0.7293	0.46375	0.20938	0.047093	-0.060407	-0.10286	-0.19492	-0.24201	-0.32954	-0.35668	18.36
828.59	-0.478	-0.48339	-0.54399	-0.45435	-0.51031	-0.46765	-0.54125	-0.56733	-1.4804	-2.1899	-3.4316	-3.9881	-4.0736	-3.2975	-2.6239	-1.9196	-0.80026	0.36998	0.89656	0.93119	0.73057	0.45488	0.22586	0.09162	-0.060661	-0.08143	-0.14867	-0.21445	-0.30631	-0.39902	18.16
830.01	-0.47188	-0.47705	-0.5234	-0.47779	-0.55508	-0.53048	-0.5725	-0.56258	-1.3537	-1.9703	-3.117	-3.665	-3.6903	-2.9808	-2.2786	-1.6567	-0.59658	0.45942	0.91567	0.95495	0.70903	0.40736	0.17697	0.03836	-0.060555	-0.088568	-0.1682	-0.22174	-0.32828	-0.37178	17.96
832.47	-0.43492	-0.45762	-0.55909	-0.44854	-0.58612	-0.55867	-0.52277	-0.48582	-1.3969	-2.1044	-3.2638	-3.8213	-3.8983	-3.1254	-2.4454	-1.7211	-0.61928	0.45255	0.89877	0.91725	0.71251	0.408	0.19576	0.031191	-0.063987	-0.095569	-0.13178	-0.2097	-0.29269	-0.33884	17.82
844.78	-0.44601	-0.46164	-0.4969	-0.41275	-0.48983	-0.50366	-0.45002	-0.47135	-1.3473	-2.0294	-3.1159	-3.6555	-3.6956	-2.947	-2.2902	-1.6092	-0.56944	0.48032	0.89962	0.92485	0.67144	0.40557	0.20051	0.060302	-0.059499	-0.083447	-0.14402	-0.21593	-0.31254	-0.36006	17.66
836.55	-0.45583	-0.48782	-0.61294	-0.54431	-0.58517	-0.52636	-0.46047	-0.52647	-1.3209	-1.9386	-3.079	-3.5774	-3.6312	-2.8984	-2.2427	-1.5363	-0.53006	0.49965	0.90384	0.91862	0.6726	0.40419	0.16018	0.039818	-0.061886	-0.098715	-0.14899	-0.26524	-0.32173	-0.36006	17.49
842.8	-0.41549	-0.44844	-0.48064	-0.39543	-0.4478	-0.47747	-0.52826	-0.69488	-1.5786	-2.2659	-3.3788	-3.9195	-3.9543	-3.1603	-2.4592	-1.7813	-0.67134	0.40356	0.88315	0.92517	0.69657	0.41011	0.16282	0.036038	-0.05252	-0.092602	-0.14255	-0.19587	-0.28298	-0.3173	17.32
841.75	-0.42478	-0.42573	-0.46955	-0.50239	-0.55455	-0.53481	-0.48729	-0.63079	-1.4867	-2.153	-3.2616	-3.8118	-3.8498	-3.0769	-2.3789	-1.7105	-0.62551	0.44759	0.88885	0.93584	0.67207	0.40884	0.19555	0.03608	-0.066848	-0.12143	-0.17127	-0.24676	-0.28741	-0.32986	17.18
844.78	-0.4496	-0.46523	-0.49109	-0.41465	-0.45931	-0.51147	-0.42827	-0.52689	-1.4772	-2.2163	-3.268	-3.8276	-3.8413	-3.0557	-2.3631	-1.6736	-0.59542	0.47124	0.91366	0.94207	0.68221	0.37906	0.1681	0.032469	-0.064832	-0.10132	-0.17422	-0.19545	-0.28636	-0.33567	17
835.12	-0.38561	-0.43091	-0.49289	-0.47304	-0.48824	-0.52129	-0.61294	-0.71061	-1.6113	-2.3113	-3.3788	-3.9131	-3.9448	-3.1508	-2.4212	-1.7137	-0.62488	0.46575	0.90226	0.93562	0.70301	0.39596	0.18161	0.048687	-0.058401	-0.08803	-0.13315	-0.19576	-0.26123	-0.27971	16.81
838.53	-0.45826	-0.46322	-0.52393	-0.40113	-0.51147	-0.48972	-0.48719	-0.72075	-1.5743	-2.2374	-3.2722	-3.7843	-3.7674	-2.9544	-2.2406	-1.5532	-0.51	0.52942	0.92053	0.94713	0.67281	0.3891	0.15786	0.029206	-0.076045	-0.098472	-0.15046	-0.22322	-0.30674	-0.36449	16.7
851.89	-0.36418	-0.42246	-0.44485	-0.40757	-0.42352	-0.45878	-0.4874	-0.85253	-1.7285	-2.4085	-3.3683	-3.9142	-3.9364	-3.1085	-2.4148	-1.7042	-0.64578	0.41718	0.87681	0.89825	0.67482	0.38825	0.15912	0.032205	-0.074852	-0.082761	-0.13748	-0.16968	-0.24813	-0.26904	16.52
839.95	-0.31814	-0.34781	-0.41623	-0.35077	-0.444	-0.43186	-0.52013	-0.90923	-1.7591	-2.4201	-3.3577	-3.9247	-3.8751	-3.0241	-2.267	-1.5838	-0.53154	0.5176	0.91894	0.91672	0.66806	0.35826	0.16335	0.0029216	-0.083067	-0.1037	-0.13589	-0.2022	-0.25362	-0.27633	16.4
838.91	-0.35562	-0.35721	-0.41085	-0.36228	-0.45171	-0.45203	-0.5724	-1.0034	-1.8383	-2.4877	-3.4686	-3.9965	-3.9744	-3.0927	-2.3789	-1.6662	-0.60513	0.50366	0.93108	0.92559	0.68517	0.39237	0.19038	0.058971	-0.045614	-0.09843	-0.14138	-0.17612	-0.24993	-0.28192	16.21
851.04	-0.33144	-0.37157	-0.46449	-0.36798	-0.48444	-0.43017	-0.49173	-0.79456	-1.6451	-2.3071	-3.2923	-3.7938	-3.7357	-2.9164	-2.1952	-1.5215	-0.48402	0.47673	0.8992	0.87449	0.6575	0.36935	0.14223	0.021878	-0.092559	-0.095252	-0.1341	-0.1625	-0.24233	-0.29871	16.04
855.87	-0.32785	-0.37474	-0.40462	-0.41644	-0.46755	-0.54727	-0.47536	-0.9598	-1.7549	-2.3726	-3.3366	-3.8445	-3.8012	-2.9639	-2.2585	-1.5955	-0.53819	0.46343	0.89877	0.87892	0.65919	0.40208	0.17158	0.026904	-0.081515	-0.085897	-0.12111	-0.16155	-0.23694	-0.25056	15.91
855.11	-0.36449	-0.37864	-0.41644	-0.37885	-0.4591	-0.41454	-0.54399	-0.99908	-1.8172	-2.4539	-3.363	-3.8698	-3.7801	-2.9005	-2.21	-1.5363	-0.4836	0.52277	0.91957	0.90617	0.64378	0.37283	0.15479	0.013178	-0.07633	-0.093035	-0.13178	-0.17644	-0.2531	-0.28002	15.77
859.09	-0.32659	-0.33472	-0.36703	-0.38614	-0.44284	-0.42415	-0.54146	-1.0738	-1.8341	-2.4254	-3.3577	-3.8646	-3.8192	-2.9586	-2.2459	-1.55	-0.50324	0.49722	0.91525	0.90944	0.66732	0.37104	0.15025	0.013114	-0.067239	-0.075032	-0.11013	-0.172	-0.24201	-0.27358	15.56
854.07	-0.3268	-0.37199	-0.41317	-0.36481	-0.42415	-0.45952	-0.56807	-1.0423	-1.8584	-2.4919	-3.381	-3.8867	-3.7949	-2.9364	-2.2036	-1.5279	-0.49342	0.51622	0.91303	0.88653	0.62667	0.35584	0.1455	0.023515	-0.051834	-0.093151	-0.12491	-0.16007	-0.21963	-0.24254	15.32
855.3	-0.31244	-0.32046	-0.40113	-0.37336	-0.44485	-0.46079	-0.53217	-1.1013	-1.8837	-2.4919	-3.3841	-3.8741	-3.7822	-2.8931	-2.1614	-1.4909	-0.43946	0.51908	0.91324	0.87586	0.62224	0.34654	0.16789	0.014899	-0.069298	-0.085949	-0.11942	-0.13948	-0.19946	-0.24222	15.18
858.71	-0.35087	-0.33313	-0.41475	-0.42225	-0.43249	-0.45129	-0.54558	-1.0239	-1.8193	-2.4391	-3.2997	-3.7801	-3.6661	-2.7717	-2.0537	-1.3705	-0.38656	0.57916	0.91873	0.87048	0.61791	0.34169	0.13156	0.021677	-0.096973	-0.11372	-0.12945	-0.16282	-0.19661	-0.25838	15
851.89	-0.2928	-0.3288	-0.36249	-0.28784	-0.34887	-0.41613	-0.67334	-1.3241	-2.0453	-2.6059	-3.4992	-3.9849	-3.8772	-2.9766	-2.2153	-1.5099	-0.50936	0.52108	0.87829	0.90775	0.63723	0.34274	0.12322	0.0097807	-0.05725	-0.098705	-0.097036	-0.13642	-0.18225	-0.19999	14.83
858.71	-0.26123	-0.27707	-0.32162	-0.23694	-0.38308	-0.44738	-0.74947	-1.3273	-2.0294	-2.5753	-3.4549	-3.9184	-3.7822	-2.8762	-2.1435	-1.4413	-0.44136	0.55434	0.8973	0.87797	0.62329	0.34348	0.13346	0.0097015	-0.070766	-0.087364	-0.11551	-0.12797	-0.17486	-0.19502	14.65
864.96	-0.25584	-0.28551	-0.3532	-0.22987	-0.40483	-0.47283	-0.80966	-1.3917	-2.0706	-2.5975	-3.4718	-3.9131	-3.7748	-2.8657	-2.1297	-1.4423	-0.4345	0.55381	0.90606	0.87343	0.60999	0.32722	0.12692	0.01643	-0.06158	-0.067535	-0.10251	-0.12333	-0.15004	-0.19017	14.52
866.76	-0.28604	-0.3231	-0.30167	-0.3363	-0.42848	-0.44326	-0.77714	-1.303	-2.002	-2.5458	-3.3767	-3.8244	-3.6766	-2.7633	-2.0389	-1.3663	-0.35763	0.57905	0.92232	0.86045	0.61041	0.32131	0.10992	-0.0073395	-0.066648	-0.06914	-0.10749	-0.13589	-0.17127	-0.21012	14.39
869.03	-0.19671	-0.22871	-0.30462	-0.29459	-0.4099	-0.52182	-0.89803	-1.3927	-2.079	-2.6133	-3.4749	-3.8878	-3.759	-2.8435	-2.1107	-1.4286	-0.42172	0.56881	0.91092	0.88241	0.61939	0.32743	0.13558	-0.002248	-0.057842	-0.075908	-0.10897	-0.08104	-0.12787	-0.13346	14.23
868.46	-0.22417	-0.26007	-0.28235	-0.24317	-0.35795	-0.51464	-0.98694	-1.4656	-2.1033	-2.5996	-3.4401	-3.8551	-3.6829	-2.8013	-2.0548	-1.4075	-0.38044	0.56395	0.91155	0.88114	0.61632	0.3362	0.098588	0.016366	-0.083795	-0.053365	-0.090004	-0.099264	-0.12597	-0.15384	14.06
867.8	-0.2192	-0.25331	-0.34644	-0.23272	-0.29882	-0.39712	-0.83774	-1.454	-2.1012	-2.6049	-3.458	-3.8878	-3.7315	-2.8013	-2.0579	-1.3938	-0.35351	0.58718	0.94555	0.87618	0.6027	0.30557	0.10981	-0.0022512	-0.049278	-0.082972	-0.1039	-0.10297	-0.12607	-0.1455	13.9
865.43	-0.2249	-0.21403	-0.2418	-0.1833	-0.38012	-0.47642	-0.94608	-1.4276	-2.1445	-2.702	-3.4813	-3.9057	-3.7305	-2.7865	-2.0717	-1.3769	-0.3854	0.58887	0.91166	0.85812	0.60439	0.33398	0.11573	0.0011382	-0.049416	-0.083204	-0.090321	-0.088674	-0.12639	-0.15099	13.72
874.24	-0.204	-0.20495	-0.25985	-0.25394	-0.35203	-0.43196	-0.95368	-1.4793	-2.1308	-2.6376	-3.4169	-3.8065	-3.6365	-2.7263	-1.9787	-1.3273	-0.31867	0.58106	0.91292	0.85865	0.5895	0.32205	0.10897	-0.019038	-0.064357	-0.082359	-0.056817	-0.096793	-0.12713	-0.11583	13.6
876.51	-0.14772	-0.13917	-0.19597	-0.15458	-0.37357	-0.51179	-1.0235	-1.493	-2.1033	-2.5774	-3.3736	-3.7547	-3.5721	-2.626	-1.9017	-1.2343	-0.25331	0.62836	0.9106	0.83996	0.5498	0.31951	0.11974	-0.0039057	-0.07104	-0.089043	-0.072065	-0.083954	-0.064747	-0.10717	13.43
879.35	-0.15068	-0.13537	-0.22501	-0.14698	-0.31212	-0.56828	-1.0278	-1.473	-2.079	-2.55	-3.3377	-3.7463	-3.5436	-2.6154	-1.8763	-1.2481	-0.25964	0.6177	0.92718	0.85738	0.56881	0.30325	0.075369	-0.015585	-0.072519	-0.059573	-0.076953	-0.089064	-0.099317	-0.12354	13.28
873.67	-0.15669	-0.18098	-0.2041	-0.13917	-0.34887	-0.61917	-1.0383	-1.5089	-2.1076	-2.5743	-3.3155	-3.6639	-3.4359	-2.4887	-1.7908	-1.1298	-0.18953	0.64441	0.91662	0.81863	0.54283	0.28646	0.090617	-0.022417	-0.072994	-0.063417	-0.082602	-0.078801	-0.068844	-0.058718	13.1
883.99	-0.11467	-0.12101	-0.14445	-0.12533	-0.38244	-0.62509	-1.0318	-1.5015	-2.0991	-2.5637	-3.2997	-3.6576	-3.4264	-2.4856	-1.7591	-1.1414	-0.20685	0.64726	0.91789	0.80733	0.54854	0.27802	0.091387	-0.003873	-0.082317	-0.071209	-0.081641	-0.074314	-0.058433	-0.053037	12.91
882.76	-0.10643	-0.1058	-0.15944	-0.1832	-0.44305	-0.63343	-1.0802	-1.5057	-2.097	-2.5574	-3.2944	-3.6629	-3.4422	-2.5046	-1.7802	-1.1604	-0.19291	0.61875	0.93246	0.81937	0.55455	0.27675	0.080554	-0.027179	-0.097733	-0.066183	-0.080058	-0.065486	-0.046966	-0.05478	12.76
886.17	-0.080966	-0.08842	-0.12755	-0.13368	-0.42077	-0.60862	-1.0591	-1.4983	-2.0622	-2.5003	-3.2279	-3.5584	-3.325	-2.4285	-1.6736	-1.0437	-0.15141	0.66975	0.92295	0.82528	0.5592	0.2589	0.08388	-0.023758	-0.082117	-0.094882	-0.08143	-0.086594	-0.041032	-0.049585	12.62
890.24	-0.052319	-0.052509	-0.097617	-0.15046	-0.42742	-0.68929	-1.0791	-1.4793	-2.0368	-2.4708	-3.1508	-3.4739	-3.2215	-2.2776	-1.5659	-0.94608	-0.087259	0.70956	0.92021	0.77629	0.50366	0.24433	0.050915	-0.040156	-0.085115	-0.057145	-0.059162	-0.048983	-0.014128	-0.042764	12.42
891.38	-0.070523	-0.086213	-0.13959	-0.16757	-0.37241	-0.66426	-1.0512	-1.4582	-2.0125	-2.4433	-3.1561	-3.4697	-3.2162	-2.2923	-1.5997	-0.97944	-0.099465	0.69837	0.92781	0.80596	0.51316	0.23895	0.058074	-0.045044	-0.098462	-0.085854	-0.094418	-0.059542	-0.036977	-0.039406	12.25
884.37	-0.066067	-0.061368	-0.11298	-0.13917	-0.4439	-0.66025	-1.0521	-1.4909	-2.0294	-2.4497	-3.1297	-3.4095	-3.1666	-2.2163	-1.5342	-0.89846	-0.047008	0.72635	0.93826	0.80512	0.51897	0.23071	0.058539	-0.048729	-0.082286	-0.091662	-0.083299	-0.054663	-0.04496	-0.04969	12.06
890.62	-0.045646	-0.049099	-0.099412	-0.15036	-0.47314	-0.67419	-1.0654	-1.4761	-1.9977	-2.4032	-3.0948	-3.3525	-3.061	-2.153	-1.4402	-0.83225	0.00971	0.75211	0.92866	0.79044	0.49659	0.22406	0.038223	-0.056638	-0.10528	-0.099497	-0.082718	-0.048962	-0.00077238	-0.021276	11.95
887.4	-0.042478	-0.0408	-0.12555	-0.18056	-0.46966	-0.66352	-1.041	-1.4307	-1.9787	-2.4053	-3.079	-3.3514	-3.0652	-2.134	-1.4339	-0.81325	0.0097459	0.75317	0.93953	0.77154	0.48117	0.19302	0.020199	-0.060154	-0.087079	-0.076045	-0.099919	-0.074028	-0.044801	-0.034612	11.79
887.78	-0.054136	-0.049257	-0.096044	-0.15258	-0.43534	-0.66141	-1.1023	-1.4973	-1.9766	-2.3483	-3.0494	-3.3113	-3.0283	-2.1234	-1.3843	-0.80491	0.029185	0.73564	0.91239	0.76753	0.46206	0.19629	0.018372	-0.075021	-0.11235	-0.10151	-0.10493	-0.068665	-0.037136	0.00018013	11.6
893.65	-0.015659	-0.013558	-0.071684	-0.16197	-0.49014	-0.71431	-1.0524	-1.4276	-1.9492	-2.3546	-2.9533	-3.1909	-2.8741	-1.9471	-1.2375	-0.69615	0.10802	0.77355	0.92707	0.78231	0.44706	0.16831	-0.0069942	-0.076182	-0.11499	-0.1076	-0.10591	-0.05233	-0.040694	-0.009692	11.39
905.11	0.0058085	-0.016715	-0.090606	-0.20431	-0.44041	-0.71072	-1.0077	-1.4064	-1.9217	-2.3219	-2.9438	-3.1423	-2.853	-1.965	-1.2628	-0.69351	0.094523	0.79065	0.90215	0.75464	0.45826	0.17274	0.0019977	-0.083331	-0.13843	-0.10622	-0.081388	-0.049922	-0.0063902	-0.0095685	11.22
889.39	0.007576	-0.0085474	-0.070196	-0.14191	-0.47885	-0.71769	-1.0556	-1.4751	-1.9724	-2.3599	-2.9449	-3.1455	-2.8213	-1.8943	-1.2111	-0.64272	0.13146	0.79266	0.90036	0.7425	0.43893	0.17581	-0.010654	-0.086456	-0.12734	-0.1115	-0.092939	-0.063216	-0.017961	-0.001473	11.06
897.25	0.0075095	-8.388e-005	-0.069573	-0.20094	-0.46618	-0.69309	-1.037	-1.4244	-1.9017	-2.2733	-2.8551	-3.0452	-2.6946	-1.814	-1.1478	-0.58391	0.18277	0.81631	0.92475	0.72888	0.41137	0.18098	-0.012354	-0.10207	-0.13294	-0.097079	-0.11551	-0.045087	-0.017802	0.021477	10.9
903.31	0.0074599	0.0099159	-0.079952	-0.17053	-0.40947	-0.6537	-1.0134	-1.4043	-1.871	-2.2332	-2.8118	-2.9892	-2.6524	-1.7623	-1.0686	-0.55054	0.21456	0.80068	0.89381	0.72043	0.39849	0.15659	-0.021192	-0.10301	-0.12375	-0.099771	-0.091514	-0.079709	0.0048803	0.0083151	10.73
895.45	0.029026	0.020094	-0.066067	-0.18922	-0.48413	-0.70734	-1.0466	-1.4159	-1.9175	-2.3071	-2.7886	-2.9533	-2.5859	-1.6936	-0.9919	-0.48022	0.26556	0.82824	0.90754	0.70512	0.40536	0.14466	-0.04478	-0.10392	-0.16166	-0.10065	-0.11742	-0.048698	0.0087174	0.011668	10.65
889.58	0.019228	-0.0085453	-0.051834	-0.18182	-0.47705	-0.67493	-1.0516	-1.4012	-1.8816	-2.2564	-2.7749	-2.9227	-2.5415	-1.6324	-0.96551	-0.44865	0.26028	0.83363	0.9238	0.69889	0.3892	0.12386	-0.055941	-0.11615	-0.13917	-0.12164	-0.082803	-0.052562	-0.019872	-0.0080828	10.41
895.26	0.025721	0.04364	-0.042394	-0.20136	-0.50113	-0.66331	-1.0393	-1.4233	-1.9069	-2.2818	-2.7538	-2.8762	-2.4951	-1.5585	-0.88399	-0.38635	0.31825	0.83521	0.91651	0.69446	0.36798	0.11309	-0.066394	-0.12523	-0.13822	-0.12935	-0.075581	-0.052235	0.0030262	0.023166	10.28
897.44	0.03061	0.051918	-0.038656	-0.19914	-0.49986	-0.69837	-1.0312	-1.3589	-1.7982	-2.1392	-2.7094	-2.8139	-2.4444	-1.5342	-0.87829	-0.37759	0.31392	0.83827	0.91282	0.67841	0.37051	0.10121	-0.04288	-0.12829	-0.13959	-0.078548	-0.1038	-0.046829	0.021952	0.010007	10.13
902.65	0.030431	0.038276	-0.078199	-0.20653	-0.51211	-0.70903	-1.0455	-1.3705	-1.7823	-2.1023	-2.6228	-2.7274	-2.3504	-1.4328	-0.77967	-0.29312	0.36428	0.86382	0.87987	0.65127	0.34126	0.074208	-0.080121	-0.15025	-0.14877	-0.11657	-0.078284	-0.041317	0.0048835	0.05555	9.974
891.38	0.052414	0.057335	-0.053555	-0.19882	-0.52699	-0.69203	-1.0251	-1.3811	-1.8267	-2.1741	-2.6218	-2.7157	-2.3356	-1.4043	-0.75507	-0.25436	0.40937	0.87301	0.90279	0.66489	0.34052	0.086847	-0.090184	-0.15215	-0.17084	-0.13832	-0.11625	-0.054231	-0.00077175	0.039765	9.808
903.31	0.056649	0.046575	-0.051042	-0.19956	-0.48824	-0.65919	-1.0448	-1.3452	-1.8024	-2.1572	-2.5595	-2.6228	-2.2195	-1.3167	-0.68379	-0.20748	0.43703	0.85316	0.88948	0.63301	0.32247	0.070861	-0.076499	-0.13389	-0.16197	-0.13315	-0.10314	-0.05177	0.018045	0.052256	9.64
906.53	0.071146	0.081293	-0.06347	-0.20062	-0.48149	-0.70238	-0.98779	-1.3262	-1.738	-2.059	-2.4549	-2.5204	-2.1128	-1.2417	-0.61875	-0.15574	0.44411	0.87026	0.86889	0.63248	0.30283	0.050883	-0.10468	-0.15617	-0.15469	-0.13441	-0.10277	-0.062023	0.023599	0.052077	9.429
903.31	0.069763	0.043249	-0.045625	-0.17739	-0.44464	-0.65001	-1.0134	-1.3473	-1.7517	-2.0653	-2.4845	-2.5626	-2.154	-1.2428	-0.64304	-0.15004	0.45963	0.8785	0.86615	0.61516	0.31413	0.049416	-0.11214	-0.16155	-0.16197	-0.14825	-0.1048	-0.067482	0.025563	0.057145	9.322
903.12	0.068137	0.048254	-0.061896	-0.22184	-0.4666	-0.71779	-1.0082	-1.3114	-1.7032	-2.0083	-2.4528	-2.4866	-2.0717	-1.1805	-0.56152	-0.097321	0.49447	0.88367	0.87069	0.59742	0.26862	0.03458	-0.13368	-0.18109	-0.19186	-0.1265	-0.10643	-0.039554	0.023694	0.02948	9.144
902.27	0.04686	0.056638	-0.047483	-0.20664	-0.47874	-0.65444	-1.0016	-1.3072	-1.7084	-2.022	-2.3969	-2.4222	-1.9724	-1.1256	-0.5007	-0.066331	0.51749	0.89466	0.85833	0.57472	0.27052	0.0032374	-0.12301	-0.17802	-0.17042	-0.1417	-0.11657	-0.064061	0.0048856	0.071864	8.999
905.49	0.10393	0.091356	-0.070745	-0.21783	-0.50714	-0.67767	-0.99803	-1.2966	-1.6841	-1.9851	-2.3377	-2.3557	-1.9143	-1.048	-0.43439	-0.013452	0.56247	0.90331	0.83204	0.546	0.25099	0.011456	-0.14392	-0.19196	-0.2079	-0.14951	-0.12111	-0.083004	0.029259	0.039142	8.827
901.04	0.053502	0.078442	-0.042119	-0.22237	-0.47431	-0.70111	-0.94745	-1.322	-1.681	-1.9597	-2.3156	-2.3272	-1.8795	-0.99676	-0.39902	0.040937	0.58085	0.89751	0.83616	0.5308	0.24212	-0.0066796	-0.14466	-0.19133	-0.19724	-0.13853	-0.11002	-0.057145	0.023747	0.055645	8.64
907.29	0.077608	0.07292	-0.077798	-0.22079	-0.5195	-0.66901	-0.95569	-1.284	-1.6546	-1.9428	-2.2501	-2.2417	-1.795	-0.92549	-0.32521	0.10865	0.61147	0.92	0.82032	0.53597	0.19513	-0.01813	-0.15606	-0.19809	-0.20094	-0.16092	-0.12914	-0.07066	0.027326	0.073089	8.484
911.36	0.078896	0.070945	-0.034485	-0.20632	-0.46396	-0.65697	-0.93679	-1.2544	-1.6187	-1.9006	-2.2322	-2.2216	-1.776	-0.91968	-0.33049	0.074324	0.60365	0.90247	0.82676	0.53185	0.21931	-0.0033345	-0.15363	-0.18753	-0.18679	-0.1436	-0.1417	-0.042658	0.023472	0.043735	8.313
911.17	0.091915	0.080871	-0.047029	-0.25046	-0.47737	-0.64261	-0.96266	-1.2343	-1.5891	-1.8658	-2.1508	-2.1287	-1.6345	-0.79329	-0.25299	0.16514	0.61928	0.89941	0.79234	0.48772	0.1625	-0.068738	-0.18024	-0.21012	-0.2116	-0.16683	-0.13019	-0.035742	0.036534	0.074398	8.106
913.54	0.090046	0.087248	-0.036185	-0.23451	-0.45952	-0.65539	-0.93087	-1.2533	-1.5754	-1.8256	-2.116	-2.0453	-1.5955	-0.7254	-0.19513	0.22459	0.65201	0.91039	0.79308	0.47061	0.15205	-0.079973	-0.19735	-0.22089	-0.19956	-0.16314	-0.11182	-0.056363	0.047589	0.085464	7.909
919.98	0.094249	0.089909	-0.074947	-0.18922	-0.47768	-0.61854	-0.91345	-1.2143	-1.5342	-1.7834	-2.0611	-1.9977	-1.5321	-0.71706	-0.15363	0.21994	0.66278	0.8973	0.77756	0.46903	0.1493	-0.074556	-0.19597	-0.24644	-0.21445	-0.17676	-0.12248	-0.055973	0.063881	0.097649	7.767
903.88	0.11066	0.078189	-0.090722	-0.22512	-0.49131	-0.65328	-0.92971	-1.2238	-1.5617	-1.8256	-2.1054	-2.0537	-1.5532	-0.70935	-0.16155	0.2362	0.70058	0.91335	0.77978	0.44347	0.13515	-0.090722	-0.22628	-0.24761	-0.22659	-0.17486	-0.13463	-0.081409	0.07066	0.078252	7.606
906.91	0.11192	0.087892	-0.079625	-0.22945	-0.47293	-0.64019	-0.92844	-1.1826	-1.5194	-1.7813	-2.0379	-1.9935	-1.4793	-0.64251	-0.084746	0.29417	0.72603	0.90859	0.76404	0.43492	0.13294	-0.10521	-0.22015	-0.24845	-0.20928	-0.14761	-0.14402	-0.067218	0.034834	0.076362	7.432
905.3	0.12027	0.094703	-0.077967	-0.21963	-0.46037	-0.68137	-0.93932	-1.1837	-1.4983	-1.7433	-2.021	-1.9259	-1.4614	-0.62667	-0.081504	0.28393	0.70998	0.89339	0.77122	0.4232	0.13325	-0.093869	-0.25436	-0.24233	-0.23113	-0.19291	-0.15099	-0.058623	0.038646	0.084619	7.286
919.22	0.086277	0.093267	-0.073237	-0.23145	-0.45836	-0.63522	-0.92148	-1.1551	-1.4677	-1.7105	-1.9302	-1.8415	-1.3209	-0.53344	0.0099972	0.34982	0.74187	0.90648	0.73247	0.39754	0.086425	-0.13948	-0.24697	-0.24993	-0.2211	-0.16535	-0.13885	-0.073184	0.060239	0.097733	7.17
918.37	0.13473	0.08351	-0.098177	-0.21477	-0.45709	-0.60703	-0.90965	-1.1551	-1.4561	-1.6905	-1.871	-1.7908	-1.2565	-0.48032	0.061875	0.38825	0.7613	0.89223	0.71304	0.38382	0.058285	-0.13304	-0.25426	-0.26608	-0.24095	-0.18689	-0.16345	-0.052636	0.063987	0.08502	6.99
927.08	0.12713	0.10385	-0.093742	-0.22279	-0.43323	-0.56395	-0.90648	-1.1266	-1.4191	-1.6472	-1.8742	-1.7707	-1.2808	-0.46417	0.043059	0.38614	0.75084	0.91028	0.71061	0.36111	0.06103	-0.13346	-0.27971	-0.27316	-0.25489	-0.16884	-0.14255	-0.06235	0.057894	0.092148	6.832
917.14	0.12523	0.091831	-0.098303	-0.2437	-0.44949	-0.5988	-0.90353	-1.1319	-1.3991	-1.606	-1.8151	-1.6968	-1.1784	-0.40039	0.12058	0.42088	0.78284	0.88843	0.6896	0.32289	0.01682	-0.17063	-0.28794	-0.29533	-0.26418	-0.18383	-0.1228	-0.052699	0.023325	0.091535	6.664
920.36	0.14244	0.1095	-0.085548	-0.22269	-0.47916	-0.60027	-0.8841	-1.134	-1.3779	-1.568	-1.7591	-1.6282	-1.1023	-0.31202	0.17021	0.47578	0.79551	0.89033	0.67292	0.31993	0.016757	-0.16514	-0.27643	-0.28784	-0.26165	-0.20125	-0.1322	-0.033662	0.073078	0.11678	6.487
927.08	0.13188	0.11192	-0.053259	-0.21614	-0.42679	-0.61917	-0.84714	-1.0781	-1.3558	-1.5712	-1.7612	-1.6451	-1.1256	-0.36133	0.15078	0.44664	0.79487	0.90374	0.68654	0.31423	0.034728	-0.17845	-0.28836	-0.30484	-0.28076	-0.18837	-0.1474	-0.041929	0.037738	0.09691	6.339
924.81	0.14339	0.13336	-0.08161	-0.22163	-0.44738	-0.58855	-0.83658	-1.0897	-1.3505	-1.5543	-1.7032	-1.5638	-1.0569	-0.28889	0.1927	0.50229	0.80691	0.88441	0.65972	0.2853	-0.01134	-0.19988	-0.29428	-0.30241	-0.27168	-0.2003	-0.1153	-0.076151	0.058032	0.093964	6.156
921.21	0.1247	0.096329	-0.10675	-0.23092	-0.42943	-0.59616	-0.8652	-1.1002	-1.3389	-1.5236	-1.7063	-1.5469	-1.0253	-0.25162	0.24349	0.50429	0.8067	0.85474	0.64948	0.28646	-0.032891	-0.22163	-0.3287	-0.32426	-0.27928	-0.21255	-0.15321	-0.057609	0.03798	0.092739	6.002
922.25	0.155	0.11087	-0.055308	-0.22733	-0.46343	-0.61886	-0.83531	-1.0717	-1.3304	-1.531	-1.6303	-1.4761	-0.92148	-0.1813	0.29153	0.57367	0.83479	0.86541	0.62878	0.26165	-0.032859	-0.22945	-0.33884	-0.3287	-0.27569	-0.22374	-0.1775	-0.060967	0.071093	0.11013	5.834
927.46	0.13178	0.11837	-0.051475	-0.21107	-0.40863	-0.58507	-0.80723	-1.0508	-1.284	-1.4656	-1.5902	-1.4381	-0.8992	-0.16366	0.30642	0.56279	0.81821	0.87037	0.61389	0.23409	-0.060619	-0.2362	-0.33693	-0.33007	-0.29839	-0.18013	-0.15543	-0.058929	0.056036	0.10791	5.69
931.91	0.13441	0.1114	-0.091503	-0.24317	-0.41148	-0.59827	-0.81061	-1.0408	-1.2607	-1.4307	-1.5374	-1.3779	-0.83183	-0.1133	0.3627	0.60376	0.84799	0.84492	0.59689	0.20706	-0.078315	-0.26228	-0.36819	-0.33166	-0.29702	-0.22628	-0.14666	-0.046797	0.033894	0.1153	5.523
932.1	0.14867	0.10329	-0.091482	-0.21994	-0.4326	-0.56268	-0.80322	-1.0037	-1.2343	-1.4149	-1.5025	-1.3399	-0.78706	-0.062129	0.37252	0.63068	0.85453	0.83658	0.57134	0.20178	-0.086477	-0.27495	-0.35774	-0.34264	-0.26798	-0.21656	-0.15469	-0.07387	0.057588	0.10897	5.327
924.62	0.14825	0.099233	-0.099275	-0.18995	-0.43281	-0.58507	-0.81335	-1.0202	-1.2333	-1.398	-1.4983	-1.3473	-0.79963	-0.080945	0.38551	0.63586	0.86657	0.83838	0.54611	0.18605	-0.11351	-0.30462	-0.38498	-0.36756	-0.28963	-0.2003	-0.18182	-0.057398	0.10215	0.12576	5.163
924.24	0.1323	0.11235	-0.079899	-0.21508	-0.44273	-0.59964	-0.80649	-1.0004	-1.2132	-1.3779	-1.455	-1.2702	-0.73627	-0.027696	0.4289	0.67102	0.89064	0.82887	0.54347	0.16514	-0.11858	-0.30156	-0.38688	-0.3741	-0.29132	-0.2249	-0.15923	-0.071083	0.085643	0.12111	5.013
936.46	0.14001	0.11731	-0.082338	-0.20569	-0.4176	-0.56004	-0.75317	-0.98557	-1.1868	-1.3441	-1.4128	-1.2111	-0.66078	0.017042	0.45773	0.66215	0.84714	0.80818	0.52795	0.15954	-0.14307	-0.29438	-0.39564	-0.3457	-0.29079	-0.23166	-0.15553	-0.078569	0.084524	0.11794	4.824
924.43	0.1531	0.10088	-0.090479	-0.18837	-0.44105	-0.58158	-0.77196	-0.99338	-1.1847	-1.3336	-1.38	-1.1551	-0.60576	0.067207	0.48867	0.72244	0.87354	0.79065	0.46512	0.10062	-0.17127	-0.32564	-0.41127	-0.374	-0.32046	-0.23462	-0.14624	-0.071061	0.085622	0.13695	4.673
925.47	0.14645	0.095896	-0.09919	-0.2399	-0.42426	-0.53998	-0.76214	-0.96698	-1.1562	-1.303	-1.3368	-1.1256	-0.56173	0.098736	0.50303	0.70945	0.86583	0.78484	0.47177	0.083088	-0.204	-0.35752	-0.43165	-0.37685	-0.29903	-0.25563	-0.15902	-0.093151	0.061664	0.11773	4.529
934.66	0.1435	0.1304	-0.082497	-0.2078	-0.39575	-0.55054	-0.76172	-0.96582	-1.1372	-1.2713	-1.2945	-1.0717	-0.51939	0.13072	0.53755	0.72793	0.8539	0.7689	0.44168	0.065022	-0.22163	-0.36513	-0.42394	-0.39353	-0.28974	-0.25954	-0.17507	-0.085474	0.062878	0.12438	4.321
930.3	0.16007	0.079213	-0.082887	-0.20706	-0.39754	-0.56026	-0.76362	-0.93679	-1.1045	-1.2354	-1.2681	-1.0414	-0.47716	0.17602	0.57314	0.74651	0.88494	0.75285	0.43397	0.0376	-0.23251	-0.3684	-0.44157	-0.40483	-0.33134	-0.23641	-0.18077	-0.067229	0.070481	0.13927	4.238
941.1	0.14561	0.12787	-0.087132	-0.1965	-0.39142	-0.54854	-0.73532	-0.93267	-1.0855	-1.2048	-1.2079	-0.96044	-0.44717	0.19682	0.5649	0.76024	0.87132	0.73933	0.39955	0.014899	-0.24117	-0.39269	-0.44844	-0.40483	-0.31318	-0.24169	-0.1643	-0.042985	0.06064	0.12829	4.043
939.11	0.13653	0.099306	-0.08559	-0.22818	-0.40187	-0.51802	-0.75105	-0.88473	-1.0492	-1.1773	-1.1826	-0.92961	-0.38097	0.23494	0.61843	0.78875	0.87987	0.72138	0.3836	-0.0073807	-0.24655	-0.40937	-0.46142	-0.43545	-0.30272	-0.24708	-0.17422	-0.04307	0.10601	0.11287	3.883
936.27	0.12428	0.10121	-0.10152	-0.20738	-0.40472	-0.49849	-0.72656	-0.90743	-1.0548	-1.1699	-1.1573	-0.89772	-0.36217	0.24391	0.61368	0.77766	0.87417	0.71547	0.35531	-0.033229	-0.27168	-0.42014	-0.46459	-0.4478	-0.33081	-0.29132	-0.17	-0.0769	0.075464	0.15881	3.672
934.85	0.16081	0.10459	-0.085971	-0.206	-0.37938	-0.52045	-0.70808	-0.9088	-1.0366	-1.1361	-1.1023	-0.85274	-0.28752	0.30684	0.67218	0.81029	0.87554	0.69361	0.32627	-0.052245	-0.308	-0.44791	-0.47557	-0.43587	-0.35869	-0.26112	-0.19112	-0.071959	0.11372	0.13537	3.57
935.32	0.15923	0.11425	-0.065001	-0.20928	-0.40842	-0.50778	-0.71843	-0.89508	-1.033	-1.1404	-1.0823	-0.81937	-0.26904	0.32965	0.66532	0.81895	0.88684	0.70808	0.33884	-0.072899	-0.33387	-0.44928	-0.48919	-0.44823	-0.36164	-0.24486	-0.19576	-0.068548	0.082813	0.14318	3.369
940.91	0.16303	0.1247	-0.097564	-0.19323	-0.37537	-0.4855	-0.71948	-0.88135	-1.0043	-1.1002	-1.0833	-0.83584	-0.26439	0.31466	0.68907	0.80955	0.87322	0.68432	0.31856	-0.070755	-0.32215	-0.44823	-0.48962	-0.43777	-0.342	-0.28192	-0.16915	-0.074852	0.08954	0.12512	3.242
940.91	0.17084	0.084714	-0.095822	-0.20474	-0.37379	-0.49247	-0.71061	-0.88304	-0.99159	-1.076	-1.0184	-0.73722	-0.19122	0.37685	0.69404	0.82444	0.86319	0.63734	0.27105	-0.12903	-0.35626	-0.48138	-0.52224	-0.4534	-0.36745	-0.25943	-0.18351	-0.078199	0.1058	0.12206	3.069
946.12	0.14012	0.12565	-0.098747	-0.19059	-0.36375	-0.4968	-0.67493	-0.84841	-0.95885	-1.0447	-0.96815	-0.70048	-0.14466	0.40071	0.70481	0.83479	0.85517	0.64832	0.26408	-0.15215	-0.35742	-0.48349	-0.51591	-0.45393	-0.33535	-0.27073	-0.18404	-0.094449	0.085453	0.12607	2.866
957.49	0.13843	0.092654	-0.11287	-0.17855	-0.35932	-0.49416	-0.67725	-0.80712	-0.90543	-0.98187	-0.91398	-0.62583	-0.10844	0.42964	0.73469	0.83627	0.8332	0.57187	0.2059	-0.17549	-0.38498	-0.49321	-0.53322	-0.4346	-0.36576	-0.26112	-0.20379	-0.053766	0.077323	0.12143	2.7
941.29	0.13769	0.095875	-0.062847	-0.18827	-0.35594	-0.48708	-0.64652	-0.82127	-0.92665	-1.0086	-0.93721	-0.63681	-0.098166	0.46005	0.75897	0.85094	0.86446	0.5932	0.22205	-0.18035	-0.39332	-0.50968	-0.55107	-0.47346	-0.37685	-0.27379	-0.20569	-0.083194	0.098525	0.136	2.602
944.7	0.12628	0.087554	-0.091989	-0.1908	-0.34823	-0.48698	-0.67419	-0.81494	-0.89951	-0.9653	-0.86763	-0.56078	-0.0082317	0.51865	0.77735	0.84197	0.81652	0.54262	0.14191	-0.24106	-0.46776	-0.55044	-0.57124	-0.48888	-0.39617	-0.26798	-0.20812	-0.08123	0.092771	0.14328	2.408
942.71	0.16271	0.092538	-0.097374	-0.1945	-0.37632	-0.49859	-0.67387	-0.76541	-0.86826	-0.94819	-0.84799	-0.55054	-0.0082497	0.53608	0.77904	0.869	0.83489	0.55835	0.13811	-0.26038	-0.46713	-0.54843	-0.56395	-0.49775	-0.35721	-0.29259	-0.21656	-0.074704	0.096572	0.14677	2.258
946.97	0.14476	0.11594	-0.09522	-0.19692	-0.34897	-0.47019	-0.63565	-0.77513	-0.86298	-0.9313	-0.83341	-0.52362	0.020569	0.52393	0.77228	0.871	0.82792	0.56068	0.13463	-0.26777	-0.46174	-0.56332	-0.56828	-0.50165	-0.38572	-0.27685	-0.22353	-0.062709	0.099729	0.13674	2.08
941.76	0.16282	0.092633	-0.088811	-0.18647	-0.3268	-0.4798	-0.6215	-0.74461	-0.83996	-0.91419	-0.80575	-0.48708	0.05724	0.55624	0.80596	0.86995	0.83743	0.50218	0.10051	-0.30177	-0.48539	-0.57124	-0.58	-0.50292	-0.38624	-0.27527	-0.19766	-0.10327	0.098483	0.13441	1.912
953.7	0.15764	0.10093	-0.077428	-0.17602	-0.35129	-0.43746	-0.61717	-0.73025	-0.81842	-0.88695	-0.769	-0.45826	0.056511	0.54917	0.81832	0.88389	0.82191	0.49585	0.079931	-0.29797	-0.51126	-0.60302	-0.60809	-0.50577	-0.3798	-0.27654	-0.19354	-0.068876	0.088336	0.1435	1.735
952.75	0.10971	0.083658	-0.098061	-0.17137	-0.33577	-0.48465	-0.61432	-0.75074	-0.80839	-0.85316	-0.73617	-0.40356	0.10622	0.58053	0.7934	0.86277	0.80142	0.46596	0.062076	-0.33039	-0.51179	-0.60988	-0.60027	-0.52488	-0.38498	-0.3022	-0.22839	-0.085506	0.077724	0.16831	1.627
957.49	0.14624	0.11478	-0.083964	-0.1851	-0.34052	-0.46343	-0.61843	-0.72445	-0.7841	-0.83046	-0.70977	-0.38561	0.12829	0.5649	0.82507	0.86023	0.80586	0.44622	0.042563	-0.35246	-0.55075	-0.60555	-0.60429	-0.5347	-0.38477	-0.28815	-0.23525	-0.076869	0.095115	0.12766	1.507
959.38	0.1568	0.083099	-0.083795	-0.17823	-0.34295	-0.42288	-0.60323	-0.72614	-0.77418	-0.81145	-0.68189	-0.39121	0.13843	0.58623	0.82655	0.8482	0.76827	0.42943	0.0081958	-0.35847	-0.56553	-0.62139	-0.6215	-0.50598	-0.40736	-0.30008	-0.20505	-0.07671	0.078981	0.15342	1.336
960.33	0.14582	0.092401	-0.088779	-0.16683	-0.3268	-0.4327	-0.59552	-0.71874	-0.76161	-0.79487	-0.63881	-0.32469	0.20104	0.63195	0.8463	0.85886	0.75581	0.37959	-0.034264	-0.41169	-0.59499	-0.63765	-0.61738	-0.54663	-0.39279	-0.31708	-0.19386	-0.043756	0.11076	0.14096	1.206
958.43	0.12301	0.10833	-0.089012	-0.19302	-0.34813	-0.46998	-0.58655	-0.71727	-0.75412	-0.78273	-0.61748	-0.29808	0.20453	0.62393	0.82592	0.85221	0.73152	0.37252	-0.05082	-0.43629	-0.59489	-0.66099	-0.65761	-0.57567	-0.40631	-0.30684	-0.20685	-0.055403	0.095041	0.13674	0.9941
954.64	0.14508	0.096097	-0.084176	-0.18077	-0.3287	-0.43524	-0.56406	-0.67387	-0.72244	-0.76024	-0.59658	-0.27971	0.25172	0.66468	0.84165	0.86097	0.73395	0.35626	-0.077154	-0.47325	-0.64483	-0.66173	-0.65645	-0.54526	-0.43439	-0.31413	-0.23895	-0.075412	0.10247	0.14487	0.8456
965.06	0.14814	0.10601	-0.10865	-0.17232	-0.32511	-0.40662	-0.59077	-0.6763	-0.70227	-0.72255	-0.53407	-0.25099	0.26841	0.64789	0.83732	0.85749	0.71463	0.32395	-0.10493	-0.4798	-0.6347	-0.66384	-0.65602	-0.50894	-0.38772	-0.30769	-0.20062	-0.068063	0.11372	0.14635	0.7383
963.17	0.1361	0.085876	-0.074979	-0.18235	-0.31487	-0.41771	-0.54357	-0.65022	-0.67947	-0.70217	-0.52816	-0.2002	0.31803	0.68284	0.83584	0.86657	0.72424	0.30241	-0.13104	-0.51263	-0.67556	-0.68527	-0.68073	-0.53439	-0.41972	-0.31297	-0.2135	-0.07803	0.096287	0.15279	0.5773
951.8	0.12998	0.096403	-0.082729	-0.15374	-0.31223	-0.44875	-0.5781	-0.66943	-0.68823	-0.7028	-0.51147	-0.17992	0.33398	0.68622	0.83943	0.84302	0.6934	0.25795	-0.17686	-0.55096	-0.69805	-0.7217	-0.69742	-0.55012	-0.43418	-0.31993	-0.23494	-0.082286	0.095664	0.1531	0.385
959.38	0.13051	0.081536	-0.090595	-0.15247	-0.3193	-0.41085	-0.57018	-0.65286	-0.66468	-0.67387	-0.47758	-0.14307	0.35974	0.69214	0.84577	0.83363	0.68316	0.22723	-0.20569	-0.58866	-0.70375	-0.73163	-0.70544	-0.57958	-0.44337	-0.31117	-0.23779	-0.081641	0.10377	0.1473	0.2274
963.17	0.12998	0.10302	-0.095262	-0.14054	-0.31624	-0.41243	-0.56754	-0.63691	-0.65423	-0.66764	-0.45087	-0.1247	0.38044	0.71294	0.86425	0.84577	0.65233	0.22628	-0.21561	-0.57599	-0.71642	-0.72983	-0.70555	-0.54336	-0.44442	-0.32849	-0.21656	-0.082909	0.11921	0.15574	0.08259
968.85	0.12618	0.10401	-0.08294	-0.14772	-0.32543	-0.42373	-0.55403	-0.60598	-0.60893	-0.61125	-0.42563	-0.11287	0.37833	0.71843	0.84672	0.83088	0.65676	0.19186	-0.2361	-0.59436	-0.73912	-0.74578	-0.71494	-0.55392	-0.4497	-0.31423	-0.23546	-0.085696	0.11678	0.13969	-0.08732
965.06	0.14518	0.10448	-0.066405	-0.13399	-0.29238	-0.39321	-0.5082	-0.62815	-0.62107	-0.61569	-0.42056	-0.095748	0.40683	0.73131	0.85696	0.83331	0.63702	0.18172	-0.26313	-0.63385	-0.75517	-0.77545	-0.72825	-0.57324	-0.45329	-0.32817	-0.22712	-0.073004	0.0803	0.14191	-0.2131
966.01	0.12956	0.077809	-0.064599	-0.14181	-0.29808	-0.40441	-0.52795	-0.59795	-0.59763	-0.59742	-0.38487	-0.055582	0.42985	0.7331	0.84894	0.81145	0.62276	0.14656	-0.28446	-0.6593	-0.79477	-0.77861	-0.73691	-0.58275	-0.44474	-0.34633	-0.24687	-0.097364	0.092454	0.14159	-0.3953
958.43	0.12449	0.062773	-0.099222	-0.15754	-0.27548	-0.38551	-0.49257	-0.62276	-0.59468	-0.57293	-0.35467	0.0020168	0.45752	0.76689	0.82433	0.81124	0.57261	0.084154	-0.36513	-0.74081	-0.82085	-0.82275	-0.7652	-0.60175	-0.45171	-0.33672	-0.22723	-0.073511	0.089719	0.16282	-0.5649
977.37	0.1342	0.073881	-0.087269	-0.13864	-0.28245	-0.39321	-0.49321	-0.57535	-0.56427	-0.55561	-0.33398	0.0019766	0.46913	0.73617	0.83341	0.76816	0.56786	0.071568	-0.37421	-0.71653	-0.8142	-0.8143	-0.73384	-0.61854	-0.44295	-0.33947	-0.2381	-0.089835	0.10536	0.14159	-0.728
971.69	0.13346	0.061917	-0.065951	-0.17285	-0.29195	-0.37178	-0.49954	-0.57726	-0.56258	-0.55117	-0.33767	0.006764	0.48233	0.76436	0.84946	0.79435	0.56965	0.073574	-0.3872	-0.73237	-0.84418	-0.81768	-0.76805	-0.58591	-0.45329	-0.32754	-0.25183	-0.061136	0.10248	0.15606	-0.8691
962.22	0.14086	0.11404	-0.0818	-0.12945	-0.28361	-0.38202	-0.46079	-0.57588	-0.56216	-0.55149	-0.29681	0.032521	0.52541	0.77914	0.85548	0.80448	0.55846	0.047272	-0.40578	-0.7708	-0.85802	-0.84355	-0.75655	-0.63396	-0.45889	-0.33979	-0.26344	-0.076436	0.11045	0.15743	-1.023
971.69	0.12882	0.10058	-0.049109	-0.14413	-0.26989	-0.36133	-0.48032	-0.55107	-0.52224	-0.49986	-0.26271	0.076732	0.51728	0.76214	0.84249	0.75908	0.52077	-0.0097184	-0.43566	-0.75834	-0.86541	-0.84608	-0.784	-0.61273	-0.48223	-0.34739	-0.22702	-0.087058	0.098905	0.15448	-1.12
958.43	0.1152	0.078453	-0.10429	-0.14782	-0.29586	-0.38023	-0.48022	-0.56385	-0.53354	-0.5101	-0.2682	0.072983	0.55318	0.79709	0.86087	0.79477	0.5101	-0.0050788	-0.4761	-0.79773	-0.88726	-0.86752	-0.75317	-0.62752	-0.48444	-0.34918	-0.23494	-0.070196	0.091451	0.14286	-1.145
971.69	0.11055	0.051031	-0.11287	-0.13938	-0.2777	-0.37484	-0.47684	-0.54463	-0.52372	-0.50757	-0.24877	0.075137	0.54832	0.79065	0.82032	0.75771	0.47072	-0.019143	-0.45593	-0.77988	-0.86382	-0.85379	-0.75084	-0.60059	-0.48075	-0.34433	-0.24391	-0.10166	0.10066	0.14994	-1.135
971.69	0.10601	0.080491	-0.10286	-0.16324	-0.29343	-0.35467	-0.44611	-0.53523	-0.52235	-0.51242	-0.28889	0.078347	0.52932	0.79255	0.83489	0.7594	0.50155	-0.017581	-0.4439	-0.79677	-0.86889	-0.84186	-0.78104	-0.62498	-0.4609	-0.33672	-0.23166	-0.10981	0.1077	0.14086	-1.113
973.59	0.12259	0.061791	-0.075876	-0.14709	-0.28984	-0.35235	-0.48138	-0.54875	-0.52351	-0.50387	-0.25542	0.07822	0.53439	0.78337	0.84777	0.76394	0.50883	-0.01284	-0.46755	-0.7822	-0.87998	-0.85274	-0.81282	-0.63913	-0.46322	-0.36555	-0.23747	-0.1096	0.095294	0.15427	-1.104
966.96	0.11879	0.096477	-0.1034	-0.13051	-0.29491	-0.33429	-0.48983	-0.55413	-0.53481	-0.51971	-0.26936	0.065961	0.54547	0.78548	0.83605	0.77787	0.51549	0.0075982	-0.44347	-0.77756	-0.87818	-0.86477	-0.82507	-0.64346	-0.46639	-0.3665	-0.23758	-0.072856	0.1153	0.13705	-1.12
966.01	0.12048	0.087227	-0.079857	-0.1323	-0.289	-0.3722	-0.49215	-0.54336	-0.52773	-0.51559	-0.27844	0.045224	0.50894	0.78315	0.84492	0.78738	0.54854	-0.0082022	-0.43313	-0.7784	-0.86013	-0.82402	-0.7575	-0.63955	-0.48233	-0.3419	-0.24095	-0.099074	0.12248	0.15849	-1.107
969.8	0.1077	0.065127	-0.099718	-0.14128	-0.26281	-0.36386	-0.48486	-0.54758	-0.49796	-0.45931	-0.24064	0.088082	0.54083	0.76404	0.85569	0.78991	0.5366	0.0044263	-0.4326	-0.76351	-0.87385	-0.83901	-0.81092	-0.60059	-0.45403	-0.32954	-0.2399	-0.088906	0.11668	0.15479	-1.126
975.48	0.12692	0.066299	-0.079065	-0.13568	-0.30008	-0.33979	-0.48729	-0.54769	-0.5215	-0.50123	-0.26176	0.066965	0.5347	0.75802	0.81293	0.75802	0.5045	-0.0018605	-0.44358	-0.78062	-0.85474	-0.83415	-0.8029	-0.60165	-0.46681	-0.33852	-0.23853	-0.090004	0.10032	0.15395	-1.135
