4.001e+005	18	1	88	22.1	758	0	180	-25	0	128	4096	1	0	0	0	0	100	304.08	8.2661e+005	0.065568	0	22.584	0	0	0	0	0	0	7	0	0
296.05	0.14138	0.090617	-0.063987	-0.20178	-0.29829	-0.42288	-0.52509	-0.62994	-0.55867	-0.50324	-0.32152	-0.1474	-0.15933	-0.11646	-0.10865	-0.12597	-0.13009	-0.12607	-0.13156	-0.18468	-0.49796	-0.65814	-0.61136	-0.51464	-0.41243	-0.31043	-0.18827	-0.087776	0.10402	0.20685	180
296.05	0.04137	0.039765	-0.091546	-0.22786	-0.32384	-0.42288	-0.52509	-0.62994	-0.53016	-0.45255	-0.20738	-0.12122	-0.13505	-0.14244	-0.1606	-0.17338	-0.18309	-0.17771	-0.22036	-0.29354	-0.49796	-0.5574	-0.55698	-0.48983	-0.38709	-0.28488	-0.16292	-0.034485	0.19006	0.28129	179.5
296.05	0.016356	-0.011087	-0.1191	-0.25394	-0.32384	-0.45076	-0.55329	-0.62994	-0.53016	-0.45255	-0.20738	-0.1474	-0.15933	-0.14244	-0.13463	-0.17338	-0.18309	-0.20347	-0.22036	-0.29354	-0.49796	-0.53227	-0.55698	-0.48983	-0.38709	-0.28488	-0.16292	-0.0078358	0.21878	0.33102	179.1
300.22	0.016134	-0.036006	-0.17179	-0.25046	-0.36977	-0.47209	-0.54558	-0.64726	-0.52013	-0.4213	-0.20453	-0.11953	-0.15712	-0.14043	-0.13273	-0.17095	-0.20664	-0.20062	-0.23916	-0.31634	-0.49109	-0.52488	-0.52235	-0.48307	-0.35679	-0.25584	-0.13568	0.018552	0.24402	0.37537	178.7
300.22	-0.057863	-0.08615	-0.17179	-0.27612	-0.36977	-0.49954	-0.57335	-0.64726	-0.50609	-0.39628	-0.17633	-0.14529	-0.15712	-0.14043	-0.18394	-0.19428	-0.20664	-0.20062	-0.23916	-0.34316	-0.49109	-0.52488	-0.52235	-0.43408	-0.33176	-0.23071	-0.11076	0.044823	0.27231	0.42436	178.3
302.3	-0.20442	-0.13537	-0.22459	-0.27421	-0.39226	-0.46882	-0.56944	-0.64272	-0.51654	-0.41834	-0.23103	-0.14434	-0.17982	-0.16493	-0.18267	-0.19291	-0.20527	-0.22448	-0.25933	-0.34084	-0.48772	-0.52129	-0.51876	-0.43112	-0.32944	-0.2041	-0.085147	0.070618	0.32669	0.4458	177.9
301.26	-0.45097	-0.18584	-0.22543	-0.30082	-0.39364	-0.49785	-0.59911	-0.64494	-0.51834	-0.41982	-0.23187	-0.14476	-0.15659	-0.14001	-0.15786	-0.17032	-0.17992	-0.19999	-0.21656	-0.28847	-0.48941	-0.49838	-0.49384	-0.4326	-0.30568	-0.22987	-0.060545	0.070861	0.35594	0.47167	177.5
304.39	-0.85992	-0.28287	-0.24993	-0.29776	-0.41454	-0.51981	-0.59299	-0.66405	-0.51042	-0.39089	-0.20168	-0.14328	-0.155	-0.13853	-0.15617	-0.16863	-0.20389	-0.223	-0.23599	-0.28551	-0.45931	-0.49321	-0.48877	-0.40398	-0.27791	-0.17792	-0.035288	0.12196	0.40821	0.56342	177.1
303.35	-0.96054	-0.50714	-0.30452	-0.32426	-0.44083	-0.54885	-0.59499	-0.66627	-0.51211	-0.39226	-0.20241	-0.14381	-0.15553	-0.13906	-0.18204	-0.2154	-0.20453	-0.19861	-0.21508	-0.28646	-0.4609	-0.4704	-0.46385	-0.38118	-0.27886	-0.15363	-0.010686	0.14835	0.40958	0.58961	176.7
304.39	-1.0546	-0.77745	-0.30346	-0.37389	-0.43936	-0.54695	-0.62034	-0.66405	-0.52425	-0.41549	-0.22945	-0.14328	-0.17855	-0.13853	-0.15617	-0.19164	-0.20389	-0.19787	-0.21435	-0.31202	-0.43429	-0.46882	-0.46227	-0.37991	-0.25331	-0.1531	-0.010654	0.1738	0.46396	0.61178	176.3
310.54	-1.1045	-0.90722	-0.32363	-0.34158	-0.45498	-0.53597	-0.60788	-0.65075	-0.51369	-0.40715	-0.2248	-0.14043	-0.17496	-0.13579	-0.12829	-0.18784	-0.17454	-0.19397	-0.23124	-0.30579	-0.42552	-0.45942	-0.45298	-0.34865	-0.24824	-0.12576	0.013705	0.19576	0.48201	0.62319	175.9
307.51	-1.1161	-1.0876	-0.35351	-0.37009	-0.48413	-0.56817	-0.614	-0.65729	-0.50524	-0.38688	-0.22712	-0.14191	-0.17676	-0.16218	-0.15458	-0.16694	-0.17623	-0.19587	-0.1908	-0.25637	-0.40504	-0.4156	-0.43144	-0.35214	-0.22628	-0.10247	0.038234	0.22332	0.51454	0.65338	175.5
308.46	-1.1129	-1.1087	-0.37875	-0.36893	-0.48254	-0.56627	-0.61199	-0.65507	-0.48983	-0.36133	-0.22638	-0.16641	-0.15289	-0.13674	-0.15405	-0.1663	-0.1757	-0.19523	-0.21149	-0.28171	-0.42837	-0.4383	-0.42996	-0.32711	-0.20125	-0.10213	0.062414	0.22258	0.51285	0.67503	175.1
310.54	-1.153	-1.1499	-0.45498	-0.36639	-0.47927	-0.56247	-0.60788	-0.62562	-0.50271	-0.40715	-0.2248	-0.16535	-0.17496	-0.1605	-0.1531	-0.18784	-0.17454	-0.19397	-0.21002	-0.25384	-0.40103	-0.43534	-0.40113	-0.30135	-0.17581	-0.052837	0.08614	0.24655	0.53671	0.69414	174.7
313.67	-1.1879	-1.1858	-0.52847	-0.38741	-0.47452	-0.55698	-0.60186	-0.6442	-0.49521	-0.37928	-0.22258	-0.16366	-0.15036	-0.15891	-0.15152	-0.16356	-0.17274	-0.19207	-0.2079	-0.27707	-0.39701	-0.43101	-0.39712	-0.29829	-0.17401	-0.052309	0.085284	0.26925	0.55846	0.68728	174.3
311.59	-1.1963	-1.1942	-0.76763	-0.36523	-0.50197	-0.56068	-0.60587	-0.6235	-0.47399	-0.35774	-0.22406	-0.14001	-0.17433	-0.13537	-0.15258	-0.16472	-0.17391	-0.19333	-0.2304	-0.27886	-0.39965	-0.43397	-0.39976	-0.3003	-0.1511	-0.028435	0.10992	0.29628	0.5894	0.71547	173.9
311.59	-1.2438	-1.2428	-0.92475	-0.38994	-0.47768	-0.56068	-0.60587	-0.6235	-0.47399	-0.35774	-0.2512	-0.16482	-0.17433	-0.15997	-0.15258	-0.18721	-0.17391	-0.19333	-0.20938	-0.25299	-0.37526	-0.38614	-0.37389	-0.27675	-0.1511	-0.028435	0.10992	0.29628	0.61675	0.73902	173.5
310.54	-1.2956	-1.2713	-1.0066	-0.41613	-0.47927	-0.56247	-0.60788	-0.60038	-0.46459	-0.3589	-0.25204	-0.16535	-0.19809	-0.1605	-0.1531	-0.18784	-0.17454	-0.19397	-0.21002	-0.25384	-0.35193	-0.41137	-0.37516	-0.2777	-0.12745	-0.02853	0.13441	0.32268	0.61875	0.74155	173.1
311.59	-1.2914	-1.2903	-1.134	-0.41475	-0.47768	-0.53417	-0.60587	-0.59837	-0.46301	-0.35774	-0.2512	-0.18964	-0.17433	-0.15997	-0.20189	-0.2097	-0.17391	-0.21783	-0.2304	-0.25299	-0.37526	-0.41	-0.34802	-0.2532	-0.1511	-0.0042183	0.15807	0.32162	0.61675	0.76267	172.7
314.71	-1.3019	-1.3019	-1.2269	-0.48434	-0.47304	-0.50271	-0.57335	-0.59246	-0.44506	-0.33028	-0.24877	-0.16314	-0.17264	-0.13399	-0.1511	-0.16303	-0.17222	-0.19143	-0.20727	-0.25046	-0.34728	-0.35858	-0.3702	-0.25067	-0.10195	-0.004176	0.15648	0.34348	0.63755	0.75507	172.3
311.59	-1.3156	-1.3146	-1.3178	-0.61316	-0.47768	-0.50767	-0.55234	-0.54832	-0.41401	-0.30959	-0.2512	-0.18964	-0.17433	-0.15997	-0.17718	-0.18721	-0.17391	-0.19333	-0.20938	-0.25299	-0.35077	-0.38614	-0.34802	-0.22955	-0.10296	0.019999	0.18214	0.37231	0.64399	0.76267	171.9
311.59	-1.3389	-1.3389	-1.3178	-0.63797	-0.47768	-0.50767	-0.55234	-0.54832	-0.42753	-0.33366	-0.2512	-0.18964	-0.17433	-0.15997	-0.15258	-0.18721	-0.17391	-0.19333	-0.2304	-0.27886	-0.35077	-0.38614	-0.37389	-0.22955	-0.10296	0.044221	0.18214	0.37231	0.64399	0.78622	171.5
315.75	-1.3209	-1.2977	-1.3779	-0.80079	-0.56733	-0.50102	-0.49226	-0.49162	-0.37357	-0.28171	-0.27464	-0.1871	-0.19481	-0.15786	-0.17486	-0.18468	-0.1965	-0.1908	-0.22744	-0.27517	-0.34612	-0.38107	-0.34348	-0.22659	-0.077861	0.04364	0.20347	0.36734	0.66236	0.77587	171.1
312.63	-1.3346	-1.3104	-1.3917	-0.88294	-0.62139	-0.50598	-0.4705	-0.47156	-0.36639	-0.28456	-0.27738	-0.189	-0.19671	-0.18404	-0.17665	-0.18658	-0.1984	-0.1927	-0.20864	-0.25215	-0.34961	-0.38487	-0.34686	-0.22881	-0.078632	0.044083	0.20548	0.39628	0.66901	0.78358	170.7
313.67	-1.3061	-1.3061	-1.3864	-0.97849	-0.69171	-0.55698	-0.46892	-0.44506	-0.35425	-0.28361	-0.30336	-0.21297	-0.21899	-0.18351	-0.17602	-0.20833	-0.19777	-0.19207	-0.22892	-0.27707	-0.32416	-0.35985	-0.32004	-0.20463	-0.078368	0.067999	0.22871	0.3949	0.66679	0.78104	170.3
311.59	-1.3389	-1.3389	-1.4223	-1.0099	-0.72065	-0.53417	-0.47209	-0.44801	-0.35657	-0.28551	-0.27833	-0.21435	-0.22036	-0.18468	-0.17718	-0.2097	-0.19914	-0.19333	-0.2304	-0.27886	-0.37526	-0.41	-0.37389	-0.22955	-0.054822	0.068443	0.23018	0.42288	0.69847	0.78622	169.9
310.54	-1.3431	-1.3188	-1.3748	-1.038	-0.79625	-0.61569	-0.47367	-0.42436	-0.36038	-0.31054	-0.30642	-0.21508	-0.2211	-0.21012	-0.20252	-0.21033	-0.19977	-0.21857	-0.23124	-0.30579	-0.37653	-0.41137	-0.34918	-0.2304	-0.07916	0.068675	0.20685	0.42426	0.67345	0.78886	169.5
310.54	-1.2723	-1.247	-1.322	-1.0633	-0.89371	-0.64219	-0.50049	-0.39923	-0.32226	-0.26228	-0.30642	-0.24	-0.24423	-0.21012	-0.20252	-0.23293	-0.22501	-0.24307	-0.25236	-0.27981	-0.37653	-0.38741	-0.34918	-0.2304	-0.055012	0.068675	0.2551	0.42426	0.70079	0.78886	169.1
309.5	-1.2048	-1.2016	-1.247	-1.0415	-0.94566	-0.72434	-0.52911	-0.4006	-0.35056	-0.31159	-0.33472	-0.26577	-0.24507	-0.23567	-0.25289	-0.27897	-0.27643	-0.26862	-0.27443	-0.33282	-0.37769	-0.43682	-0.35045	-0.23113	-0.055191	0.068907	0.23177	0.42573	0.70312	0.7915	168.7
305.43	-1.172	-1.1689	-1.2375	-1.0557	-0.95843	-0.76119	-0.53629	-0.43165	-0.38033	-0.34042	-0.36703	-0.26936	-0.29533	-0.26408	-0.25626	-0.28277	-0.28023	-0.29723	-0.29977	-0.33736	-0.40789	-0.44284	-0.3816	-0.2343	-0.080501	0.069847	0.23494	0.43154	0.68496	0.80227	168.3
303.35	-1.1805	-1.152	-1.1921	-0.96107	-0.89012	-0.76647	-0.56744	-0.46037	-0.42204	-0.39226	-0.42521	-0.29671	-0.32099	-0.31666	-0.30874	-0.33102	-0.308	-0.32437	-0.34517	-0.36618	-0.43577	-0.4949	-0.38413	-0.23589	-0.056332	0.070322	0.23652	0.4345	0.71758	0.80776	168
303.35	-1.058	-1.0282	-1.1119	-0.93562	-0.94006	-0.76647	-0.59499	-0.46037	-0.4081	-0.36745	-0.42521	-0.32215	-0.34464	-0.29121	-0.33408	-0.35404	-0.35974	-0.34961	-0.36682	-0.4194	-0.48603	-0.5441	-0.41074	-0.26007	-0.081061	0.045435	0.23652	0.4345	0.71758	0.80776	167.6
302.3	-1.0622	-1.0569	-1.0886	-0.93879	-0.96836	-0.85094	-0.65222	-0.51359	-0.47399	-0.44316	-0.48254	-0.37442	-0.36956	-0.34316	-0.36059	-0.37854	-0.36101	-0.35077	-0.36808	-0.42077	-0.43724	-0.47198	-0.41211	-0.26102	-0.056522	0.070565	0.26218	0.46206	0.72012	0.8105	167.2
301.26	-1.0163	-1.0104	-1.0378	-0.86509	-0.89635	-0.7991	-0.65444	-0.54125	-0.50102	-0.46966	-0.51232	-0.40134	-0.41845	-0.39543	-0.3873	-0.42637	-0.41433	-0.40272	-0.43482	-0.44907	-0.46406	-0.5478	-0.41359	-0.26186	-0.08162	0.070808	0.23821	0.46364	0.72255	0.81335	166.8
300.22	-0.97047	-0.96371	-0.98705	-0.81663	-0.89941	-0.8294	-0.68443	-0.59521	-0.53956	-0.49627	-0.5422	-0.42848	-0.44379	-0.3968	-0.41433	-0.40451	-0.41581	-0.40409	-0.41444	-0.47737	-0.46565	-0.52488	-0.44189	-0.26281	-0.056912	0.071051	0.23895	0.46523	0.69678	0.8161	166.4
298.14	-0.97733	-0.97047	-0.99402	-0.82233	-0.90564	-0.8351	-0.68929	-0.57314	-0.56015	-0.55001	-0.5743	-0.43154	-0.44696	-0.39955	-0.44295	-0.45435	-0.44506	-0.45805	-0.46142	-0.48075	-0.49447	-0.57852	-0.44495	-0.28931	-0.082465	0.071547	0.26577	0.4685	0.73015	0.8218	166
293.97	-0.89033	-0.90733	-0.92475	-0.75507	-0.86699	-0.81884	-0.699	-0.60777	-0.56532	-0.53227	-0.58243	-0.46396	-0.45319	-0.40525	-0.44918	-0.46069	-0.45129	-0.43862	-0.46797	-0.4875	-0.52742	-0.56142	-0.45118	-0.29333	-0.10918	0.046882	0.24402	0.44833	0.71156	0.80839	165.6
292.93	-0.86826	-0.85918	-0.8445	-0.70502	-0.87005	-0.84999	-0.75845	-0.71663	-0.70037	-0.68781	-0.69984	-0.54473	-0.55276	-0.4855	-0.50324	-0.53417	-0.50651	-0.49226	-0.51454	-0.51675	-0.52932	-0.61421	-0.45287	-0.29438	-0.083933	0.072814	0.24497	0.44991	0.7141	0.83637	165.2
290.84	-1.0272	-1.0465	-0.93467	-0.71009	-0.82423	-0.79931	-0.73511	-0.66806	-0.63839	-0.61537	-0.67577	-0.54864	-0.53206	-0.48898	-0.53322	-0.53798	-0.5101	-0.49574	-0.54083	-0.54822	-0.61168	-0.6442	-0.51147	-0.32173	-0.084535	0.073342	0.27242	0.48022	0.74842	0.84239	164.8
289.8	-0.82645	-0.81652	-0.7973	-0.6593	-0.82718	-0.83067	-0.76658	-0.72434	-0.6934	-0.66933	-0.70734	-0.57726	-0.58349	-0.51728	-0.56173	-0.58834	-0.56606	-0.55022	-0.56543	-0.55012	-0.5876	-0.64652	-0.4855	-0.29755	-0.08483	0.047557	0.24761	0.45477	0.7217	0.82	164.4
285.64	-0.81261	-0.80205	-0.80892	-0.64188	-0.83922	-0.84271	-0.80691	-0.76225	-0.75971	-0.75781	-0.74725	-0.61273	-0.61706	-0.5517	-0.62361	-0.62139	-0.60186	-0.58496	-0.59668	-0.58644	-0.62276	-0.682	-0.52077	-0.32764	-0.086066	0.074673	0.27738	0.48898	0.73226	0.83194	164
283.55	-0.79245	-0.78136	-0.78611	-0.61928	-0.79192	-0.79076	-0.78347	-0.76784	-0.76531	-0.76341	-0.78252	-0.64452	-0.6216	-0.55572	-0.60112	-0.60122	-0.57852	-0.58929	-0.60101	-0.59067	-0.60048	-0.68707	-0.52457	-0.33007	-0.086699	0.075222	0.27949	0.49257	0.73765	0.86404	163.7
282.51	-0.76911	-0.7576	-0.76003	-0.56691	-0.79487	-0.79361	-0.75676	-0.77059	-0.73828	-0.71315	-0.75549	-0.61949	-0.62393	-0.58507	-0.63058	-0.62825	-0.60851	-0.5914	-0.62657	-0.59288	-0.62973	-0.71589	-0.52657	-0.33123	-0.087016	0.048782	0.25394	0.46649	0.74039	0.8672	163.3
283.55	-0.76637	-0.75486	-0.75728	-0.59204	-0.76531	-0.79076	-0.78347	-0.7953	-0.76246	-0.73701	-0.75274	-0.58993	-0.59637	-0.52858	-0.57409	-0.60122	-0.57852	-0.56237	-0.57789	-0.59067	-0.62741	-0.68707	-0.52457	-0.33007	-0.086699	0.075222	0.27949	0.49257	0.76753	0.83806	162.9
282.51	-0.76911	-0.7576	-0.7312	-0.53956	-0.76805	-0.76446	-0.78632	-0.79825	-0.7802	-0.76626	-0.78537	-0.64684	-0.67471	-0.61231	-0.65771	-0.67788	-0.66405	-0.64547	-0.67302	-0.6499	-0.71061	-0.76869	-0.55508	-0.33123	-0.087016	0.075496	0.28044	0.49437	0.74039	0.84112	162.5
278.34	-0.75401	-0.74187	-0.74208	-0.57535	-0.80681	-0.80543	-0.79804	-0.81018	-0.79192	-0.77766	-0.76679	-0.68432	-0.71051	-0.64906	-0.6952	-0.68802	-0.67397	-0.65507	-0.70671	-0.74651	-0.77597	-0.80691	-0.59225	-0.3362	-0.088325	0.076626	0.28467	0.50176	0.75137	0.88019	162.1
280.43	-0.74842	-0.7632	-0.70755	-0.54357	-0.7198	-0.77006	-0.76246	-0.80417	-0.8011	-0.79868	-0.79128	-0.65159	-0.65412	-0.61685	-0.66257	-0.68295	-0.66891	-0.65022	-0.67809	-0.65476	-0.68876	-0.74778	-0.58792	-0.33366	-0.087671	0.076056	0.28256	0.52615	0.74588	0.87364	161.7
279.38	-0.75127	-0.73912	-0.73933	-0.51791	-0.74958	-0.77291	-0.79509	-0.77925	-0.79181	-0.80163	-0.82444	-0.68168	-0.70787	-0.64663	-0.69256	-0.71051	-0.69953	-0.70734	-0.72761	-0.74377	-0.74578	-0.77724	-0.56121	-0.33493	-0.087998	0.076341	0.31043	0.52816	0.77904	0.87681	161.4
276.26	-0.75971	-0.74746	-0.71822	-0.52372	-0.73068	-0.78168	-0.77386	-0.81631	-0.81314	-0.81071	-0.80311	-0.68939	-0.68992	-0.62614	-0.6726	-0.69319	-0.70745	-0.6877	-0.71209	-0.69383	-0.69911	-0.786	-0.56754	-0.33873	-0.08899	0.10452	0.31392	0.53407	0.7878	0.88674	161
274.18	-0.71146	-0.69826	-0.69393	-0.47135	-0.68094	-0.7274	-0.71896	-0.73701	-0.75116	-0.76214	-0.7784	-0.66648	-0.69509	-0.63089	-0.67767	-0.69847	-0.68411	-0.69288	-0.69351	-0.66965	-0.73215	-0.79202	-0.57187	-0.34126	-0.089666	0.10531	0.31634	0.50936	0.76278	0.89349	160.6
275.22	-0.76256	-0.75032	-0.72086	-0.52573	-0.73342	-0.75464	-0.74651	-0.79097	-0.77312	-0.75929	-0.80617	-0.69203	-0.71853	-0.62847	-0.70301	-0.72128	-0.71009	-0.69024	-0.7387	-0.75496	-0.78474	-0.84313	-0.59901	-0.34	-0.089318	0.10491	0.31518	0.53608	0.79076	0.8634	160.2
276.26	-0.78653	-0.77471	-0.74768	-0.5517	-0.78548	-0.78168	-0.80406	-0.84461	-0.87132	-0.89212	-0.89487	-0.80132	-0.79371	-0.68179	-0.75602	-0.76932	-0.76425	-0.71526	-0.78347	-0.75211	-0.80945	-0.81304	-0.59679	-0.31212	-0.061844	0.13188	0.34105	0.56268	0.7878	0.88674	159.8
275.22	-0.73564	-0.75032	-0.72086	-0.49764	-0.73342	-0.75464	-0.77682	-0.79097	-0.78843	-0.78653	-0.8369	-0.69203	-0.71853	-0.65645	-0.70301	-0.74673	-0.71009	-0.69024	-0.7387	-0.72571	-0.75707	-0.8161	-0.59901	-0.34	-0.062076	0.10491	0.34243	0.5648	0.82169	0.89012	159.4
274.18	-0.76552	-0.75317	-0.7236	-0.52773	-0.73617	-0.7274	-0.77978	-0.79403	-0.7915	-0.78949	-0.8709	-0.72286	-0.74746	-0.68696	-0.73374	-0.74958	-0.74145	-0.74852	-0.76541	-0.81663	-0.84334	-0.81916	-0.57187	-0.31455	-0.062308	0.13283	0.31634	0.56691	0.79382	0.89349	159.1
274.18	-0.73849	-0.72571	-0.69393	-0.49954	-0.73617	-0.69731	-0.74937	-0.76552	-0.76362	-0.76214	-0.84007	-0.72286	-0.74746	-0.65888	-0.73374	-0.74958	-0.71283	-0.72075	-0.74145	-0.72846	-0.75992	-0.81916	-0.57187	-0.34126	-0.062308	0.10531	0.34369	0.56691	0.82476	0.89349	158.7
275.22	-0.76256	-0.75032	-0.72086	-0.52573	-0.73342	-0.75464	-0.77682	-0.81937	-0.80089	-0.78653	-0.80617	-0.69203	-0.74461	-0.65645	-0.73099	-0.74673	-0.7386	-0.71801	-0.76256	-0.75496	-0.78474	-0.8161	-0.59901	-0.34	-0.062076	0.10491	0.34243	0.59341	0.82169	0.89012	158.3
273.13	-0.76837	-0.75602	-0.75623	-0.52974	-0.73902	-0.76045	-0.78273	-0.8256	-0.80702	-0.79245	-0.84323	-0.72561	-0.75032	-0.66141	-0.73648	-0.75243	-0.74419	-0.7235	-0.7443	-0.7312	-0.79076	-0.82233	-0.60355	-0.31571	-0.06254	0.13336	0.37241	0.59795	0.82792	0.89687	157.9
273.13	-0.76837	-0.75602	-0.72635	-0.52974	-0.73902	-0.76045	-0.78273	-0.79699	-0.80997	-0.82	-0.8123	-0.72561	-0.75032	-0.66141	-0.7084	-0.75243	-0.74419	-0.7235	-0.7443	-0.70174	-0.76288	-0.82233	-0.57409	-0.31571	-0.035087	0.13336	0.37241	0.59795	0.79677	0.89687	157.6
272.09	-0.79857	-0.78653	-0.75919	-0.56015	-0.76964	-0.79361	-0.81641	-0.82877	-0.81008	-0.79551	-0.84651	-0.72835	-0.77956	-0.69224	-0.79582	-0.78104	-0.77587	-0.75433	-0.7954	-0.79329	-0.8218	-0.82539	-0.5763	-0.31687	-0.035225	0.16155	0.37389	0.60027	0.83109	0.90036	157.2
267.93	-0.78326	-0.79878	-0.77091	-0.54009	-0.78157	-0.77513	-0.79794	-0.81251	-0.80987	-0.80786	-0.8596	-0.73965	-0.7916	-0.70301	-0.77946	-0.79318	-0.78801	-0.76605	-0.80776	-0.80554	-0.83458	-0.86604	-0.61527	-0.32184	-0.035774	0.16409	0.3797	0.63902	0.84397	0.9143	156.8
267.93	-0.81092	-0.79878	-0.77091	-0.56891	-0.80987	-0.83679	-0.82909	-0.87079	-0.85115	-0.83584	-0.92274	-0.79741	-0.84513	-0.76045	-0.83679	-0.84556	-0.81726	-0.82296	-0.88146	-0.956	-1.0052	-0.94946	-0.64536	-0.32184	-0.035774	0.16409	0.3797	0.63902	0.84397	0.9143	156.4
265.84	-0.78949	-0.80501	-0.77703	-0.54431	-0.78769	-0.8123	-0.83553	-0.8482	-0.82909	-0.8142	-0.86636	-0.74546	-0.79783	-0.7085	-0.75676	-0.77302	-0.76457	-0.77196	-0.76468	-0.78157	-0.8124	-0.8728	-0.58982	-0.26904	-0.0078389	0.16535	0.41085	0.61432	0.85063	0.89381	156.1
268.97	-0.83531	-0.8237	-0.82866	-0.59542	-0.8067	-0.83352	-0.85686	-0.86741	-0.86351	-0.86055	-0.91915	-0.79424	-0.84186	-0.72888	-0.80501	-0.84228	-0.78495	-0.79139	-0.82909	-0.80248	-0.8313	-0.86266	-0.58296	-0.26598	0.020136	0.19154	0.43397	0.66584	0.87227	0.88346	155.7
267.93	-0.83859	-0.85495	-0.83183	-0.59774	-0.83806	-0.83679	-0.86013	-0.87079	-0.86689	-0.86382	-0.95421	-0.79741	-0.81842	-0.73173	-0.80818	-0.84556	-0.81726	-0.79445	-0.83236	-0.80554	-0.86298	-0.86604	-0.58517	-0.26703	-0.0077787	0.22047	0.43566	0.63902	0.84397	0.9143	155.3
264.8	-0.79255	-0.77978	-0.78009	-0.54642	-0.79076	-0.81546	-0.87026	-0.88104	-0.84524	-0.81736	-0.83785	-0.69002	-0.71969	-0.65317	-0.73068	-0.74968	-0.7084	-0.68855	-0.74282	-0.72381	-0.75802	-0.82	-0.56173	-0.2701	0.020453	0.223	0.44073	0.6763	0.8539	0.8973	155.3
265.84	-0.81726	-0.80501	-0.80765	-0.57335	-0.8162	-0.8123	-0.83553	-0.8482	-0.84492	-0.84239	-0.89814	-0.7746	-0.79783	-0.7085	-0.78558	-0.82581	-0.79414	-0.80068	-0.81409	-0.81187	-0.89846	-0.8728	-0.58982	-0.29671	-0.0078389	0.19376	0.41085	0.64399	0.85063	0.89381	155.8
265.84	-0.78949	-0.77671	-0.7463	-0.51517	-0.73078	-0.75021	-0.77281	-0.78949	-0.78748	-0.786	-0.86636	-0.74546	-0.77091	-0.7085	-0.75676	-0.77302	-0.73511	-0.74324	-0.73997	-0.75127	-0.78379	-0.81684	-0.55952	-0.29671	-0.0078389	0.16535	0.41085	0.61432	0.85063	0.89381	156.2
265.84	-0.76161	-0.74842	-0.7463	-0.51517	-0.75919	-0.78125	-0.77281	-0.78949	-0.77164	-0.75781	-0.83458	-0.71642	-0.77091	-0.67957	-0.72783	-0.77302	-0.73511	-0.71463	-0.73997	-0.72096	-0.75507	-0.81684	-0.58982	-0.29671	-0.036048	0.16535	0.38265	0.64399	0.85063	0.89381	156.5
270.01	-0.77724	-0.73691	-0.73479	-0.50725	-0.74757	-0.76922	-0.76087	-0.80628	-0.78801	-0.77386	-0.85305	-0.73395	-0.78558	-0.66912	-0.71663	-0.76119	-0.75285	-0.73184	-0.77724	-0.79931	-0.82813	-0.83183	-0.58074	-0.29216	-0.035488	0.16282	0.37674	0.63406	0.83743	0.88008	156.9
267.93	-0.78326	-0.77069	-0.7405	-0.54009	-0.75338	-0.77513	-0.79794	-0.81251	-0.79414	-0.77988	-0.8596	-0.71083	-0.76489	-0.67429	-0.72212	-0.74092	-0.75866	-0.73754	-0.73416	-0.71537	-0.74926	-0.8105	-0.58517	-0.29438	-0.0077787	0.13589	0.3797	0.60957	0.8123	0.88684	157.3
266.88	-0.75866	-0.74546	-0.74335	-0.48423	-0.72793	-0.77819	-0.76985	-0.78643	-0.78442	-0.78294	-0.8313	-0.71357	-0.76784	-0.67693	-0.7538	-0.77006	-0.73226	-0.74039	-0.73701	-0.74831	-0.78073	-0.84154	-0.5875	-0.3231	-0.035911	0.13642	0.38118	0.61189	0.81546	0.89033	157.6
270.01	-0.74989	-0.76478	-0.73479	-0.50725	-0.74757	-0.76922	-0.79181	-0.80628	-0.78801	-0.77386	-0.85305	-0.73395	-0.73237	-0.66912	-0.71663	-0.73522	-0.75285	-0.73184	-0.75285	-0.73965	-0.79994	-0.83183	-0.58074	-0.3193	-0.063269	0.16282	0.37674	0.60481	0.80607	0.88008	158
268.97	-0.75274	-0.76774	-0.70734	-0.48054	-0.72223	-0.74155	-0.76383	-0.7803	-0.7784	-0.77692	-0.85633	-0.7368	-0.78854	-0.67165	-0.74789	-0.76415	-0.7557	-0.73469	-0.75581	-0.77249	-0.77471	-0.835	-0.61294	-0.34792	-0.063512	0.13537	0.35034	0.57789	0.80913	0.91081	158.4
273.13	-0.76837	-0.75602	-0.72635	-0.50144	-0.73902	-0.76045	-0.78273	-0.79699	-0.79445	-0.79245	-0.84323	-0.69731	-0.75032	-0.66141	-0.7084	-0.72677	-0.71547	-0.69551	-0.7443	-0.7312	-0.79076	-0.82233	-0.60355	-0.31571	-0.035087	0.13336	0.34496	0.56902	0.79677	0.86995	158.8
272.09	-0.79857	-0.78653	-0.7292	-0.50334	-0.74176	-0.7633	-0.78569	-0.82877	-0.8256	-0.82307	-0.87755	-0.75676	-0.77956	-0.69224	-0.76763	-0.78104	-0.74704	-0.75433	-0.77133	-0.76362	-0.76584	-0.82539	-0.60587	-0.3439	-0.062783	0.10612	0.34633	0.5422	0.79984	0.87333	159.1
274.18	-0.73849	-0.69826	-0.66416	-0.44326	-0.70861	-0.7274	-0.71896	-0.76552	-0.76362	-0.76214	-0.80923	-0.66648	-0.69509	-0.60281	-0.67767	-0.72402	-0.68411	-0.69288	-0.71748	-0.699	-0.73215	-0.79202	-0.57187	-0.34126	-0.062308	0.10531	0.34369	0.56691	0.82476	0.89349	159.5
275.22	-0.78949	-0.77766	-0.75053	-0.52573	-0.78843	-0.78463	-0.83743	-0.84777	-0.84397	-0.84102	-0.89825	-0.7482	-0.79677	-0.68443	-0.75887	-0.77228	-0.7386	-0.71801	-0.7387	-0.69636	-0.75707	-0.76193	-0.54051	-0.31328	-0.062076	0.1323	0.34243	0.53608	0.79076	0.8634	159.9
274.18	-0.76552	-0.75317	-0.7236	-0.49954	-0.73617	-0.7575	-0.77978	-0.82254	-0.80395	-0.78949	-0.80923	-0.66648	-0.72128	-0.63089	-0.67767	-0.72402	-0.68411	-0.665	-0.69351	-0.66965	-0.70438	-0.76478	-0.57187	-0.31455	-0.062308	0.10531	0.31634	0.53819	0.76278	0.86667	160.3
276.26	-0.75971	-0.74746	-0.71822	-0.49585	-0.73068	-0.75179	-0.77386	-0.78801	-0.80079	-0.81071	-0.80311	-0.66141	-0.68992	-0.62614	-0.6726	-0.69319	-0.67904	-0.66004	-0.66447	-0.66458	-0.67144	-0.75908	-0.56754	-0.31212	-0.061844	0.10452	0.31392	0.53407	0.75707	0.86013	160.7
273.13	-0.76837	-0.75602	-0.72635	-0.50144	-0.76668	-0.76045	-0.81325	-0.8256	-0.80702	-0.79245	-0.8123	-0.66901	-0.72402	-0.66141	-0.7084	-0.72677	-0.71547	-0.69551	-0.69615	-0.70174	-0.73501	-0.79498	-0.57409	-0.34264	-0.090004	0.10569	0.29005	0.54019	0.76573	0.86995	161.1
275.22	-0.73564	-0.75032	-0.72086	-0.49764	-0.73342	-0.78463	-0.77682	-0.79097	-0.78843	-0.78653	-0.8369	-0.69203	-0.71853	-0.62847	-0.67514	-0.69583	-0.68158	-0.66257	-0.66701	-0.66711	-0.70174	-0.76193	-0.56976	-0.34	-0.089318	0.077492	0.28794	0.50746	0.75992	0.8634	161.4
276.26	-0.73289	-0.74746	-0.71822	-0.49585	-0.75802	-0.75179	-0.74366	-0.78801	-0.77027	-0.75644	-0.80311	-0.63343	-0.68992	-0.62614	-0.64483	-0.69319	-0.65064	-0.63237	-0.66447	-0.75211	-0.78189	-0.81304	-0.59679	-0.36534	-0.11615	0.077207	0.28678	0.50556	0.75707	0.86013	161.8
280.43	-0.77481	-0.79002	-0.76573	-0.54357	-0.80079	-0.79952	-0.82191	-0.83204	-0.79825	-0.77196	-0.79128	-0.65159	-0.67968	-0.5894	-0.63522	-0.65793	-0.64093	-0.62308	-0.65465	-0.65476	-0.68876	-0.74778	-0.5592	-0.33366	-0.087671	0.076056	0.28256	0.49806	0.74588	0.84735	162.2
281.47	-0.77196	-0.76035	-0.73395	-0.51411	-0.77091	-0.76721	-0.78917	-0.80121	-0.78315	-0.76911	-0.78833	-0.67672	-0.72814	-0.64188	-0.71473	-0.70533	-0.69435	-0.67493	-0.69889	-0.73817	-0.79445	-0.79794	-0.55709	-0.35858	-0.11404	0.075771	0.2815	0.49616	0.74303	0.84429	162.6
281.47	-0.77196	-0.76035	-0.73395	-0.54157	-0.77091	-0.76721	-0.75961	-0.77344	-0.75602	-0.7424	-0.78833	-0.64927	-0.67714	-0.58718	-0.60555	-0.6555	-0.61073	-0.62076	-0.62889	-0.62371	-0.65909	-0.74504	-0.55709	-0.3325	-0.11404	0.048962	0.2815	0.46818	0.74303	0.84429	163
279.38	-0.72476	-0.7122	-0.71019	-0.46259	-0.72244	-0.74345	-0.7652	-0.75127	-0.74937	-0.74799	-0.76394	-0.59869	-0.65655	-0.59162	-0.63755	-0.66035	-0.64335	-0.6253	-0.63353	-0.65719	-0.66394	-0.72392	-0.53238	-0.33493	-0.087998	0.049321	0.25679	0.47167	0.74863	0.82423	163.4
282.51	-0.7953	-0.7576	-0.78896	-0.56691	-0.79487	-0.79361	-0.78632	-0.77059	-0.75317	-0.73965	-0.78537	-0.61949	-0.64927	-0.55783	-0.5762	-0.62825	-0.60851	-0.5914	-0.60323	-0.59288	-0.62973	-0.6896	-0.52657	-0.33123	-0.087016	0.048782	0.28044	0.46649	0.74039	0.84112	163.7
282.51	-0.7953	-0.78421	-0.78896	-0.56691	-0.79487	-0.79361	-0.78632	-0.74303	-0.71125	-0.68654	-0.75549	-0.59214	-0.64927	-0.55783	-0.5762	-0.62825	-0.60851	-0.5914	-0.60323	-0.62139	-0.65666	-0.71589	-0.55508	-0.33123	-0.087016	0.075496	0.25394	0.49437	0.7103	0.84112	164.1
287.72	-0.8067	-0.82233	-0.803	-0.58349	-0.85949	-0.80797	-0.77207	-0.72951	-0.71304	-0.70027	-0.74187	-0.6083	-0.61263	-0.52098	-0.56575	-0.59257	-0.57018	-0.55424	-0.56955	-0.58211	-0.59183	-0.65117	-0.48898	-0.29977	-0.085453	0.074134	0.2493	0.45805	0.69742	0.82592	164.5
287.72	-1.0643	-1.0317	-0.97321	-0.66405	-0.8331	-0.75063	-0.68517	-0.64811	-0.61875	-0.59594	-0.65381	-0.52773	-0.53787	-0.46744	-0.4856	-0.49511	-0.48835	-0.50113	-0.52383	-0.52615	-0.56532	-0.6253	-0.48898	-0.29977	-0.085453	0.047895	0.27538	0.45805	0.72698	0.80036	164.9
290.84	-0.89994	-0.89117	-0.90669	-0.68348	-0.8502	-0.79931	-0.67778	-0.66806	-0.62393	-0.58961	-0.64673	-0.49542	-0.53206	-0.46248	-0.50683	-0.5139	-0.48318	-0.46955	-0.49553	-0.49278	-0.53301	-0.59299	-0.48381	-0.29649	-0.084535	0.047388	0.24666	0.45308	0.71917	0.81715	165.3
290.84	-0.97628	-0.99475	-0.93467	-0.68348	-0.8502	-0.77091	-0.64916	-0.61432	-0.58591	-0.56374	-0.6177	-0.46892	-0.50746	-0.40958	-0.42764	-0.46565	-0.48318	-0.44326	-0.47293	-0.49278	-0.50683	-0.56744	-0.45604	-0.27126	-0.058739	0.073342	0.24666	0.45308	0.68992	0.81715	165.7
290.84	-0.97628	-0.96889	-0.99074	-0.73659	-0.87628	-0.79931	-0.7065	-0.61432	-0.57134	-0.53798	-0.6177	-0.46892	-0.48275	-0.40958	-0.42764	-0.46565	-0.42922	-0.44326	-0.49553	-0.49278	-0.53301	-0.59299	-0.45604	-0.27126	-0.084535	0.073342	0.24666	0.45308	0.71917	0.81715	166.1
292.93	-0.96931	-0.96192	-0.98377	-0.75781	-0.92179	-0.8218	-0.67302	-0.58327	-0.54125	-0.50852	-0.55561	-0.43914	-0.45488	-0.35415	-0.39839	-0.41454	-0.39934	-0.38804	-0.42468	-0.40673	-0.45118	-0.51253	-0.42531	-0.26936	-0.083933	0.072814	0.24497	0.44991	0.68506	0.81135	166.5
296.05	-1.0091	-1.0027	-1.0285	-0.77587	-0.91208	-0.81314	-0.66595	-0.57715	-0.53555	-0.50324	-0.5498	-0.40842	-0.42584	-0.35034	-0.36819	-0.3628	-0.34211	-0.35816	-0.39807	-0.4024	-0.42077	-0.48191	-0.39364	-0.26651	-0.057715	0.072054	0.24233	0.44516	0.7065	0.82761	166.9
300.22	-1.0696	-1.039	-1.096	-0.84239	-0.94988	-0.80184	-0.62889	-0.51718	-0.44918	-0.39628	-0.48592	-0.37706	-0.41993	-0.34549	-0.36312	-0.38107	-0.36354	-0.3532	-0.37062	-0.36998	-0.44031	-0.50007	-0.38815	-0.23831	-0.056912	0.071051	0.26397	0.46523	0.66848	0.7916	167.2
300.22	-1.1678	-1.1646	-1.1773	-0.86805	-0.94988	-0.80184	-0.57335	-0.49109	-0.42373	-0.37136	-0.45773	-0.35129	-0.3721	-0.29428	-0.33746	-0.3344	-0.33736	-0.30241	-0.37062	-0.36998	-0.41486	-0.45044	-0.38815	-0.23831	-0.056912	0.071051	0.23895	0.46523	0.69678	0.8161	167.6
302.3	-1.1351	-1.1066	-1.1689	-0.88769	-0.94333	-0.79635	-0.56944	-0.46195	-0.39554	-0.3439	-0.42669	-0.32331	-0.34591	-0.29227	-0.3098	-0.30895	-0.30906	-0.3003	-0.32458	-0.36745	-0.41201	-0.47198	-0.35879	-0.26102	-0.056522	0.070565	0.23736	0.43598	0.66384	0.78622	168
303.35	-1.1562	-1.152	-1.1921	-0.91007	-0.96508	-0.76647	-0.56744	-0.4346	-0.38297	-0.34274	-0.42521	-0.29671	-0.32099	-0.24053	-0.25806	-0.28477	-0.28213	-0.24887	-0.32342	-0.33968	-0.38551	-0.4458	-0.35763	-0.23589	-0.056332	0.070322	0.23652	0.4345	0.66162	0.78347	168.4
305.43	-1.2206	-1.2185	-1.2375	-0.97987	-0.95843	-0.73416	-0.50904	-0.4061	-0.34147	-0.29132	-0.36703	-0.26936	-0.29533	-0.23884	-0.25626	-0.28277	-0.25458	-0.27221	-0.27823	-0.31096	-0.35795	-0.39395	-0.3288	-0.21023	-0.055941	0.069847	0.23494	0.43154	0.68496	0.77819	168.8
307.51	-1.2364	-1.2101	-1.2819	-0.97321	-0.95199	-0.70238	-0.50556	-0.40335	-0.35288	-0.31371	-0.36449	-0.26756	-0.26999	-0.21223	-0.22955	-0.25806	-0.25278	-0.2456	-0.25489	-0.30885	-0.35552	-0.39131	-0.32659	-0.20875	-0.055572	0.069372	0.23335	0.42859	0.65265	0.77291	169.2
308.46	-1.3283	-1.304	-1.3304	-0.94492	-0.82613	-0.61981	-0.47684	-0.40198	-0.3381	-0.28836	-0.33588	-0.21656	-0.24592	-0.18658	-0.20389	-0.23451	-0.22649	-0.21994	-0.25405	-0.28171	-0.32965	-0.39005	-0.32543	-0.23187	-0.055381	0.06914	0.23251	0.42711	0.65043	0.77027	169.6
307.51	-1.3568	-1.3325	-1.3885	-0.84756	-0.68115	-0.56817	-0.47842	-0.45414	-0.3477	-0.26492	-0.33704	-0.2173	-0.24676	-0.18721	-0.20463	-0.21255	-0.22733	-0.22068	-0.25489	-0.28266	-0.38033	-0.4156	-0.35277	-0.20875	-0.055572	0.044823	0.23335	0.40293	0.65265	0.77291	170
309.5	-1.3241	-1.3241	-1.3526	-0.84186	-0.70101	-0.53777	-0.47526	-0.45108	-0.359	-0.28741	-0.33472	-0.1909	-0.24507	-0.18594	-0.17845	-0.21107	-0.20041	-0.1946	-0.23198	-0.28076	-0.35309	-0.41275	-0.32437	-0.23113	-0.079424	0.044527	0.20759	0.40029	0.64832	0.76774	170.4
311.59	-1.3864	-1.3874	-1.3959	-0.58834	-0.52626	-0.53417	-0.55234	-0.52319	-0.38952	-0.28551	-0.30547	-0.18964	-0.24338	-0.15997	-0.17718	-0.2097	-0.17391	-0.19333	-0.25151	-0.27886	-0.37526	-0.41	-0.34802	-0.22955	-0.078896	0.044221	0.20622	0.37231	0.61675	0.76267	170.8
310.54	-1.3431	-1.3188	-1.3484	-0.61516	-0.52805	-0.53597	-0.52731	-0.52499	-0.39078	-0.28646	-0.30642	-0.19027	-0.24423	-0.1605	-0.17781	-0.18784	-0.17454	-0.16936	-0.21002	-0.25384	-0.35193	-0.38741	-0.34918	-0.2304	-0.07916	0.044369	0.20685	0.39892	0.6461	0.7652	171.2
309.5	-1.3484	-1.3484	-1.3526	-0.51739	-0.45646	-0.51105	-0.55603	-0.55202	-0.41676	-0.31159	-0.33472	-0.1909	-0.22184	-0.16113	-0.17845	-0.21107	-0.20041	-0.2192	-0.21076	-0.25468	-0.37769	-0.43682	-0.35045	-0.25489	-0.10366	0.020136	0.1833	0.37474	0.62086	0.74398	171.6
309.5	-1.3716	-1.3727	-1.2998	-0.34274	-0.48096	-0.53777	-0.58296	-0.57726	-0.44147	-0.33588	-0.30748	-0.1909	-0.24507	-0.16113	-0.17845	-0.18848	-0.17507	-0.1946	-0.21076	-0.25468	-0.32849	-0.3646	-0.32437	-0.23113	-0.10366	0.020136	0.1833	0.34929	0.59341	0.74398	172
308.46	-1.3283	-1.3283	-1.2248	-0.31877	-0.48254	-0.53956	-0.58496	-0.6045	-0.46765	-0.36133	-0.28108	-0.16641	-0.22258	-0.13674	-0.17897	-0.18911	-0.1757	-0.19523	-0.23272	-0.28171	-0.35436	-0.39005	-0.35161	-0.25574	-0.10401	-0.0042605	0.15965	0.35045	0.59542	0.74651	172.4
308.46	-1.3283	-1.3283	-1.0664	-0.2437	-0.48254	-0.56627	-0.61199	-0.62973	-0.46512	-0.33704	-0.30853	-0.16641	-0.22258	-0.16166	-0.15405	-0.18911	-0.1757	-0.17053	-0.23272	-0.28171	-0.40367	-0.4383	-0.40377	-0.27949	-0.12829	-0.028731	0.15965	0.3249	0.59542	0.74651	172.8
310.54	-1.2956	-1.2945	-0.9541	-0.2172	-0.47927	-0.58908	-0.60788	-0.62562	-0.47557	-0.3589	-0.27928	-0.16535	-0.2211	-0.1605	-0.17781	-0.18784	-0.19977	-0.19397	-0.21002	-0.27981	-0.35193	-0.38741	-0.37516	-0.2777	-0.15163	-0.004232	0.13441	0.29734	0.56406	0.71779	173.2
307.51	-1.2364	-1.2343	-0.91071	-0.21941	-0.48413	-0.56817	-0.614	-0.63195	-0.48032	-0.36249	-0.30959	-0.16704	-0.22343	-0.13716	-0.15458	-0.16694	-0.17623	-0.17105	-0.21213	-0.25637	-0.35552	-0.39131	-0.35277	-0.28044	-0.1531	-0.028826	0.13579	0.3003	0.56976	0.70122	173.6
307.51	-1.2122	-1.2101	-0.75148	-0.21941	-0.48413	-0.56817	-0.614	-0.65729	-0.49152	-0.36249	-0.30959	-0.16704	-0.22343	-0.13716	-0.15458	-0.18974	-0.17623	-0.17105	-0.21213	-0.28266	-0.40504	-0.4156	-0.40515	-0.28044	-0.1775	-0.053375	0.087005	0.27464	0.5422	0.70122	174
305.43	-1.1963	-1.1942	-0.62298	-0.22089	-0.4875	-0.57208	-0.61822	-0.63617	-0.4836	-0.36502	-0.3117	-0.1682	-0.2249	-0.16324	-0.18087	-0.19101	-0.1775	-0.17222	-0.21361	-0.28456	-0.40789	-0.41834	-0.3816	-0.30642	-0.20326	-0.053734	0.087597	0.27654	0.51802	0.68189	174.4
305.43	-1.172	-1.1689	-0.48941	-0.22089	-0.4875	-0.57208	-0.61822	-0.66173	-0.49479	-0.36502	-0.28403	-0.14286	-0.20146	-0.16324	-0.18087	-0.19101	-0.20315	-0.19724	-0.21361	-0.28456	-0.43281	-0.44284	-0.408	-0.33049	-0.20326	-0.10317	0.087597	0.2249	0.51802	0.68189	174.8
305.43	-1.172	-1.1446	-0.35584	-0.19555	-0.46269	-0.57208	-0.61822	-0.66173	-0.50862	-0.38952	-0.28403	-0.14286	-0.20146	-0.13811	-0.15564	-0.19101	-0.20315	-0.19724	-0.23515	-0.28456	-0.43281	-0.44284	-0.43429	-0.33049	-0.20326	-0.10317	0.063047	0.2249	0.46237	0.63375	175.2
305.43	-1.0992	-1.046	-0.35584	-0.22089	-0.46269	-0.54505	-0.61822	-0.66173	-0.50862	-0.38952	-0.28403	-0.1682	-0.2249	-0.16324	-0.15564	-0.21392	-0.20315	-0.19724	-0.23515	-0.28456	-0.40789	-0.46723	-0.408	-0.35457	-0.25246	-0.10317	0.038498	0.19904	0.46237	0.63375	175.6
302.3	-1.1108	-0.98198	-0.33261	-0.172	-0.46744	-0.55065	-0.62456	-0.66859	-0.5139	-0.39353	-0.28689	-0.16989	-0.22723	-0.13948	-0.15722	-0.16979	-0.17929	-0.19925	-0.21582	-0.28752	-0.43724	-0.44738	-0.43883	-0.35816	-0.23018	-0.12924	0.014086	0.20115	0.43904	0.61601	176
301.26	-1.0897	-0.78548	-0.30663	-0.1983	-0.4439	-0.55255	-0.62678	-0.67091	-0.5157	-0.3949	-0.28794	-0.17042	-0.20421	-0.14001	-0.15786	-0.19365	-0.17992	-0.19999	-0.21656	-0.31529	-0.46406	-0.47367	-0.46702	-0.38382	-0.25595	-0.15469	0.014128	0.17559	0.41243	0.59373	176.4
300.22	-0.99518	-0.41211	-0.28055	-0.14751	-0.44548	-0.55445	-0.60112	-0.67324	-0.53154	-0.4213	-0.28889	-0.17105	-0.20495	-0.14043	-0.15838	-0.17095	-0.18056	-0.20062	-0.2173	-0.28953	-0.46565	-0.50007	-0.46871	-0.38519	-0.28182	-0.18035	-0.010802	0.12364	0.35721	0.54674	176.8
303.35	-0.83848	-0.28382	-0.27759	-0.14592	-0.41592	-0.52161	-0.59499	-0.64061	-0.51475	-0.41697	-0.28594	-0.14381	-0.22649	-0.1644	-0.18204	-0.2154	-0.20453	-0.19861	-0.23673	-0.31307	-0.4609	-0.4949	-0.49046	-0.42964	-0.30357	-0.17855	-0.035404	0.12238	0.35351	0.51696	177.2
298.14	-0.45572	-0.18774	-0.2551	-0.14846	-0.39775	-0.53069	-0.57736	-0.6517	-0.50957	-0.39902	-0.2626	-0.14635	-0.20632	-0.14149	-0.15944	-0.19566	-0.20812	-0.2021	-0.21878	-0.31856	-0.49447	-0.50355	-0.47198	-0.41254	-0.30895	-0.20695	-0.061178	0.0716	0.30272	0.45192	177.6
298.14	-0.23219	-0.1625	-0.20041	-0.12259	-0.37241	-0.50303	-0.57736	-0.6517	-0.50957	-0.39902	-0.2909	-0.14635	-0.20632	-0.14149	-0.15944	-0.19566	-0.20812	-0.2021	-0.24085	-0.34559	-0.49447	-0.52858	-0.52604	-0.43714	-0.33408	-0.2323	-0.08633	0.0716	0.27421	0.42732	178
297.1	-0.10833	-0.13769	-0.20104	-0.097005	-0.37368	-0.47695	-0.55128	-0.65402	-0.52562	-0.42573	-0.26355	-0.14687	-0.20706	-0.11604	-0.1342	-0.19629	-0.20886	-0.20273	-0.24169	-0.31962	-0.52182	-0.53037	-0.5007	-0.46343	-0.36048	-0.23314	-0.11192	0.045298	0.21804	0.37928	178.4
300.22	-0.057863	-0.061083	-0.17179	-0.070259	-0.34454	-0.47209	-0.57335	-0.64726	-0.52013	-0.4213	-0.28889	-0.14529	-0.20495	-0.14043	-0.15838	-0.19428	-0.18056	-0.17528	-0.23916	-0.34316	-0.49109	-0.5497	-0.52235	-0.45857	-0.35679	-0.25584	-0.13568	-0.007727	0.18742	0.35087	178.8
297.1	-0.033546	-0.036386	-0.14614	-0.044991	-0.32268	-0.47695	-0.55128	-0.62773	-0.51411	-0.42573	-0.26355	-0.14687	-0.18288	-0.11604	-0.1342	-0.19629	-0.18246	-0.20273	-0.24169	-0.34675	-0.52182	-0.5555	-0.55498	-0.46343	-0.38572	-0.28393	-0.13716	-0.0078083	0.16081	0.30505	179.2
293.97	0.041665	0.014445	-0.11995	-0.019186	-0.32616	-0.45403	-0.55719	-0.63438	-0.54822	-0.48127	-0.29502	-0.12206	-0.18489	-0.11731	-0.13558	-0.17454	-0.18436	-0.17897	-0.19956	-0.29565	-0.52742	-0.58676	-0.56089	-0.49331	-0.41528	-0.31254	-0.16409	-0.061558	0.10474	0.23335	179.6
293.97	0.092042	0.04005	-0.064441	-0.019186	-0.3004	-0.42595	-0.52879	-0.60777	-0.55096	-0.50672	-0.41	-0.17464	-0.20928	-0.1435	-0.13558	-0.15068	-0.13093	-0.12702	-0.15479	-0.2134	-0.52742	-0.63744	-0.58824	-0.51834	-0.41528	-0.31254	-0.18964	-0.088399	0.046955	0.1833	180
