4.1162e+005	18	1	88	27.3	758	1	180	8	1.306	128	4096	10	0	0	0	0	167.17	1006.2	1.4704e+006	0.11927	0.054453	41.441	0	0	1	0	0	0	7	0	0
1001.1	0.1342	0.077407	-0.038339	-0.0138	-0.27295	-0.37949	-0.46132	-0.56934	-0.45108	-0.35911	-0.14138	-0.11963	-0.13727	-0.095231	-0.097533	-0.10261	-0.1077	-0.087702	-0.12555	-0.34612	-0.54136	-0.65771	-0.65486	-0.55656	-0.45403	-0.33894	-0.24613	-0.082856	0.11182	0.20094	180.3
995.37	0.18563	0.14445	-0.043492	0.011742	-0.26091	-0.35034	-0.45826	-0.54927	-0.42954	-0.33641	-0.13294	-0.083817	-0.11646	-0.097353	-0.15141	-0.20537	-0.21878	-0.15574	-0.21012	-0.35552	-0.41064	-0.64145	-0.69119	-0.57546	-0.47114	-0.35541	-0.26271	-0.12143	0.075771	0.16303	180.8
993.47	0.26197	0.1682	0.00077207	0.028868	-0.2493	-0.34602	-0.46417	-0.57155	-0.49057	-0.42764	-0.15617	-0.097987	-0.15353	-0.097543	-0.11837	-0.10555	-0.10696	-0.11837	-0.12987	-0.16641	-0.43819	-0.64198	-0.65117	-0.57356	-0.48032	-0.39184	-0.26767	-0.16451	0.039152	0.083394	181.2
989.69	0.31381	0.20759	0.017253	0.036777	-0.23641	-0.36143	-0.44812	-0.5743	-0.51908	-0.4761	-0.20959	-0.11235	-0.15194	-0.098662	-0.12196	-0.1342	-0.13273	-0.13346	-0.10239	-0.13843	-0.44823	-0.60365	-0.64452	-0.55181	-0.47367	-0.38709	-0.28002	-0.17232	-0.0087649	0.032448	181.6
985.9	0.36228	0.22364	0.030557	0.046311	-0.23187	-0.35351	-0.48708	-0.60344	-0.57525	-0.55329	-0.21551	-0.11678	-0.12555	-0.11383	-0.11309	-0.13336	-0.10696	-0.12386	-0.13082	-0.13325	-0.36333	-0.56965	-0.63301	-0.54801	-0.46174	-0.374	-0.28942	-0.17697	-0.038086	0.01096	182
984	0.37136	0.24402	0.014877	0.049563	-0.24243	-0.3552	-0.52119	-0.62783	-0.63892	-0.64747	-0.5346	-0.11383	-0.1681	-0.12037	-0.11097	-0.10728	-0.10717	-0.10554	-0.10633	-0.081958	-0.3061	-0.5384	-0.59521	-0.5365	-0.49173	-0.38941	-0.2947	-0.19259	-0.061474	-0.072687	182.4
980.22	0.39543	0.26872	0.04156	0.039501	-0.24877	-0.36323	-0.52657	-0.6764	-0.67566	-0.67514	-0.52457	-0.18214	-0.12269	-0.079223	-0.069847	-0.079065	-0.055593	-0.05611	-0.064494	-0.065001	-0.23958	-0.49099	-0.53988	-0.51675	-0.46069	-0.37474	-0.28277	-0.19407	-0.069509	-0.13748	182.8
979.27	0.44939	0.29966	0.069911	0.058465	-0.22269	-0.34253	-0.48529	-0.61791	-0.58021	-0.55086	-0.44643	-0.31011	-0.26777	-0.22153	-0.204	-0.19154	-0.16303	-0.17074	-0.17802	-0.16461	-0.28023	-0.54157	-0.60693	-0.55096	-0.47188	-0.41581	-0.31825	-0.23208	-0.080839	-0.15712	183.2
977.37	0.45794	0.32194	0.095104	0.082307	-0.22543	-0.33144	-0.46755	-0.58971	-0.59056	-0.59119	-0.25384	-0.189	-0.1531	-0.15342	-0.1605	-0.18837	-0.1625	-0.19914	-0.1871	-0.17654	-0.37442	-0.58391	-0.61896	-0.56416	-0.51813	-0.43756	-0.33577	-0.22934	-0.093172	-0.5327	183.5
975.48	0.50503	0.36175	0.10279	0.09749	-0.21804	-0.32184	-0.49817	-0.62994	-0.65539	-0.67524	-0.3702	-0.12354	-0.13579	-0.091419	-0.12132	-0.12618	-0.12101	-0.10252	-0.11668	-0.11646	-0.24539	-0.52457	-0.59774	-0.54473	-0.49289	-0.41898	-0.34792	-0.26777	-0.25003	-0.78516	183.9
974.53	0.55065	0.38012	0.13061	0.1341	-0.18035	-0.31634	-0.4742	-0.60925	-0.62921	-0.64473	-0.56765	-0.34897	-0.31708	-0.289	-0.24222	-0.23071	-0.15099	-0.10738	-0.11953	-0.11509	-0.2153	-0.52921	-0.597	-0.54938	-0.49511	-0.44749	-0.35995	-0.29248	-0.25479	-0.91313	184.3
971.69	0.58729	0.42141	0.16704	0.14402	-0.16989	-0.29174	-0.43946	-0.58517	-0.57018	-0.55846	-0.40493	-0.16461	-0.21899	-0.20822	-0.19618	-0.23346	-0.17243	-0.16345	-0.17063	-0.17179	-0.32416	-0.54674	-0.62181	-0.57208	-0.53671	-0.45192	-0.38023	-0.31677	-0.42859	-0.92707	184.6
970.74	0.61991	0.44907	0.17148	0.15617	-0.16071	-0.2853	-0.44939	-0.60682	-0.62519	-0.63955	-0.34443	-0.13452	-0.17644	-0.14825	-0.16947	-0.13262	-0.11604	-0.13135	-0.12681	-0.12544	-0.28995	-0.54051	-0.63332	-0.58634	-0.54505	-0.45857	-0.38762	-0.29354	-0.84661	-0.99782	185
967.9	0.63607	0.46734	0.19207	0.19407	-0.15025	-0.27411	-0.45055	-0.58729	-0.6215	-0.64811	-0.52066	-0.44632	-0.29016	-0.20579	-0.20094	-0.16335	-0.12681	-0.12143	-0.11351	-0.09163	-0.26471	-0.52573	-0.60999	-0.57947	-0.5347	-0.47695	-0.3987	-0.29597	-0.91102	-1.1108	185.2
962.22	0.66532	0.49912	0.2153	0.18879	-0.13146	-0.25859	-0.41866	-0.58285	-0.5573	-0.53745	-0.63364	-0.28509	-0.20104	-0.17032	-0.13589	-0.15416	-0.18636	-0.15954	-0.15659	-0.15585	-0.29565	-0.55762	-0.62456	-0.62129	-0.56068	-0.48539	-0.41285	-0.32321	-1.1404	-1.1309	185.6
962.22	0.69383	0.52414	0.20938	0.19766	-0.12354	-0.2569	-0.41433	-0.5763	-0.56501	-0.55614	-0.36407	-0.19354	-0.18615	-0.13273	-0.16778	-0.14107	-0.12924	-0.15553	-0.17982	-0.15416	-0.31307	-0.5498	-0.64895	-0.61664	-0.57778	-0.48296	-0.42067	-0.34865	-1.2164	-1.1277	185.9
963.17	0.71019	0.53935	0.23546	0.19671	-0.10781	-0.25331	-0.42088	-0.59858	-0.61305	-0.62424	-0.60503	-0.2135	-0.23061	-0.18214	-0.15004	-0.138	-0.12745	-0.11182	-0.11826	-0.099655	-0.27242	-0.53618	-0.62076	-0.60165	-0.55867	-0.51475	-0.44126	-0.32458	-1.265	-1.228	186.1
961.27	0.72761	0.56691	0.26989	0.21709	-0.1048	-0.25204	-0.40082	-0.59478	-0.5799	-0.56839	-0.38466	-0.22754	-0.20569	-0.15289	-0.1568	-0.16884	-0.1228	-0.15405	-0.13346	-0.12079	-0.26978	-0.53333	-0.60587	-0.60809	-0.60492	-0.51876	-0.44284	-0.33334	-1.3505	-1.2333	186.4
959.38	0.73733	0.57884	0.25162	0.23515	-0.098662	-0.23008	-0.41359	-0.57535	-0.59225	-0.60534	-0.54114	-0.16673	-0.15817	-0.1322	-0.18584	-0.12164	-0.1435	-0.17982	-0.17211	-0.16303	-0.29639	-0.51865	-0.63459	-0.61442	-0.57852	-0.52045	-0.46396	-0.37579	-1.3822	-1.2713	186.7
956.54	0.76415	0.59626	0.27358	0.26651	-0.094196	-0.223	-0.40346	-0.56722	-0.60598	-0.63607	-0.48877	-0.172	-0.18119	-0.15194	-0.16071	-0.13737	-0.12259	-0.1436	-0.13684	-0.13399	-0.28055	-0.54431	-0.62213	-0.62308	-0.62562	-0.52351	-0.44252	-0.59373	-1.4233	-1.2987	186.9
956.54	0.77038	0.60175	0.29322	0.24391	-0.076003	-0.21952	-0.39649	-0.56965	-0.5933	-0.61168	-0.55413	-0.24391	-0.18267	-0.13748	-0.18721	-0.18066	-0.15289	-0.13082	-0.13896	-0.16514	-0.24951	-0.5139	-0.62213	-0.60851	-0.60059	-0.53924	-0.47547	-0.5385	-1.4635	-1.3547	187.2
954.64	0.79171	0.59848	0.29396	0.26883	-0.057155	-0.22005	-0.39057	-0.55719	-0.58517	-0.60703	-0.28995	-0.20484	-0.18309	-0.09749	-0.16746	-0.13114	-0.12364	-0.12238	-0.16197	-0.1436	-0.27242	-0.51052	-0.63976	-0.63163	-0.60914	-0.51137	-0.55909	-0.71505	-1.4592	-1.3885	187.3
950.86	0.79287	0.62994	0.31297	0.28604	-0.063723	-0.21825	-0.38751	-0.57641	-0.60587	-0.62878	-0.42151	-0.12343	-0.15733	-0.11963	-0.14624	-0.136	-0.12987	-0.14772	-0.13494	-0.14328	-0.26777	-0.53111	-0.62836	-0.66162	-0.61125	-0.54326	-0.43967	-0.66035	-1.474	-1.3969	187.5
948.01	0.80987	0.66236	0.31159	0.27971	-0.054368	-0.18858	-0.40821	-0.5818	-0.61664	-0.64378	-0.57546	-0.16958	-0.15944	-0.084376	-0.099803	-0.1247	-0.10138	-0.12734	-0.12914	-0.13441	-0.26957	-0.50313	-0.61791	-0.62371	-0.55329	-0.58032	-0.495	-0.94069	-1.4709	-1.4107	187.7
943.94	0.81546	0.64906	0.31624	0.29723	-0.042552	-0.19977	-0.37547	-0.56923	-0.63269	-0.68211	-0.55276	-0.12523	-0.11826	-0.13938	-0.15965	-0.14445	-0.12502	-0.16905	-0.14846	-0.14687	-0.26017	-0.52805	-0.62382	-0.67292	-0.58655	-0.56511	-0.46523	-1.0272	-1.473	-1.4223	187.8
939.02	0.82212	0.66848	0.35795	0.32015	-0.051644	-0.19471	-0.3721	-0.55139	-0.61432	-0.66331	-0.60967	-0.20083	-0.21213	-0.19502	-0.23251	-0.18552	-0.19259	-0.15448	-0.15764	-0.13484	-0.26154	-0.50862	-0.63998	-0.60048	-0.62076	-0.52298	-0.48127	-1.1414	-1.53	-1.4624	187.9
935.51	0.83077	0.68073	0.33662	0.30156	-0.037273	-0.17517	-0.38424	-0.57683	-0.60798	-0.63216	-0.6517	-0.25774	-0.21984	-0.14138	-0.084682	-0.14054	-0.11784	-0.12322	-0.12871	-0.15596	-0.29998	-0.50736	-0.64673	-0.60756	-0.60228	-0.50155	-0.43418	-1.1879	-1.5152	-1.4582	188.1
929.55	0.83605	0.67535	0.35013	0.32257	-0.027738	-0.19935	-0.38572	-0.55614	-0.59806	-0.63058	-0.40768	-0.24771	-0.24898	-0.24993	-0.21171	-0.19048	-0.16504	-0.18478	-0.17834	-0.18045	-0.28467	-0.49859	-0.60228	-0.60344	-0.6045	-0.53967	-0.36924	-1.1942	-1.5173	-1.4835	188.2
927.56	0.83943	0.69055	0.37199	0.31666	-0.041676	-0.18552	-0.36682	-0.57588	-0.6197	-0.6537	-0.3949	-0.1775	-0.15754	-0.11773	-0.11108	-0.1153	-0.12723	-0.13251	-0.14043	-0.17211	-0.35182	-0.52055	-0.63227	-0.62224	-0.60819	-0.55466	-0.53576	-1.3283	-1.5574	-1.4835	188.2
923.68	0.8614	0.72519	0.3532	0.32046	-0.052499	-0.19344	-0.38192	-0.56986	-0.6007	-0.62477	-0.44685	-0.22586	-0.20938	-0.1757	-0.26207	-0.21213	-0.155	-0.16197	-0.15881	-0.16841	-0.31951	-0.50091	-0.6253	-0.62002	-0.61316	-0.54885	-0.48761	-1.3431	-1.5511	-1.4983	188.3
924.05	0.8482	0.70058	0.36101	0.32785	-0.026271	-0.18531	-0.37727	-0.5629	-0.64462	-0.70819	-0.53819	-0.19323	-0.18679	-0.14233	-0.15479	-0.12027	-0.13114	-0.12977	-0.1246	-0.13526	-0.27897	-0.43788	-0.60935	-0.57926	-0.56839	-0.50049	-0.5743	-1.3389	-1.4835	-1.4592	188.3
925.1	0.85759	0.71927	0.37558	0.3174	-0.029512	-0.2003	-0.36418	-0.5724	-0.61178	-0.64251	-0.44347	-0.19713	-0.24549	-0.11055	-0.10971	-0.13072	-0.12164	-0.15184	-0.11742	-0.16556	-0.2778	-0.50334	-0.59119	-0.61907	-0.57166	-0.54558	-0.61009	-1.3346	-1.5321	-1.4877	188.4
925.19	0.86794	0.70692	0.35615	0.31909	-0.013146	-0.18605	-0.38033	-0.57398	-0.6065	-0.63184	-0.44432	-0.17876	-0.17105	-0.13304	-0.13632	-0.15046	-0.11826	-0.12628	-0.15437	-0.16472	-0.28435	-0.49447	-0.6234	-0.57768	-0.58781	-0.55033	-0.62055	-1.3093	-1.493	-1.4487	188.4
927.08	0.85897	0.70544	0.34929	0.32595	-0.031075	-0.18024	-0.38044	-0.56099	-0.61147	-0.65075	-0.48075	-0.1984	-0.17771	-0.10451	-0.11773	-0.12523	-0.14255	-0.15395	-0.17454	-0.16525	-0.27231	-0.47494	-0.59341	-0.57419	-0.58908	-0.49226	-0.59658	-1.3526	-1.4877	-1.4603	188.4
929.17	0.85707	0.72339	0.36787	0.32025	-0.033451	-0.17897	-0.39131	-0.5724	-0.62435	-0.66468	-0.41064	-0.17295	-0.2097	-0.13579	-0.16461	-0.14677	-0.12702	-0.12987	-0.14022	-0.17264	-0.23884	-0.4459	-0.53143	-0.59816	-0.59996	-0.53428	-0.60503	-1.3589	-1.4888	-1.4624	188.4
930.02	0.86583	0.70006	0.36228	0.31582	-0.035056	-0.18774	-0.37389	-0.5744	-0.62393	-0.66247	-0.43017	-0.3099	-0.25732	-0.19935	-0.16451	-0.16018	-0.11509	-0.12238	-0.11815	-0.17686	-0.27633	-0.47663	-0.55952	-0.59521	-0.57356	-0.51422	-0.57462	-1.3938	-1.4656	-1.4371	188.4
930.3	0.84007	0.70227	0.36734	0.32564	-0.020389	-0.18056	-0.38456	-0.5725	-0.63111	-0.67672	-0.56268	-0.21931	-0.20632	-0.1587	-0.12312	-0.12027	-0.14635	-0.14687	-0.13653	-0.12745	-0.24761	-0.46132	-0.52816	-0.53502	-0.55561	-0.51084	-0.64209	-1.3135	-1.4297	-1.4043	188.3
926.71	0.83933	0.70259	0.3609	0.30938	-0.028636	-0.1795	-0.38962	-0.57472	-0.61991	-0.65507	-0.43809	-0.17422	-0.2041	-0.20664	-0.20896	-0.22058	-0.17739	-0.14751	-0.16187	-0.187	-0.2551	-0.44537	-0.5667	-0.57282	-0.52383	-0.54294	-0.64547	-1.342	-1.5247	-1.4445	188.3
926.23	0.84144	0.69805	0.36016	0.31286	-0.041739	-0.19735	-0.38709	-0.55899	-0.60186	-0.63522	-0.40557	-0.19523	-0.22659	-0.22427	-0.23483	-0.22744	-0.18087	-0.17644	-0.17834	-0.17232	-0.24043	-0.45614	-0.57134	-0.61358	-0.5403	-0.54737	-0.5535	-1.4561	-1.5184	-1.4719	188.3
921.78	0.84704	0.69647	0.37072	0.30431	-0.038646	-0.1965	-0.38899	-0.58285	-0.62868	-0.66426	-0.42584	-0.18689	-0.20284	-0.15099	-0.14265	-0.14191	-0.13917	-0.16651	-0.13853	-0.15479	-0.2664	-0.47927	-0.55139	-0.5687	-0.57789	-0.49838	-0.5366	-1.3104	-1.512	-1.4751	188.2
919.32	0.84777	0.70819	0.34602	0.306	-0.03628	-0.19882	-0.40367	-0.58359	-0.60154	-0.61558	-0.45551	-0.19333	-0.19006	-0.14476	-0.18732	-0.13917	-0.16852	-0.15194	-0.13674	-0.16841	-0.26714	-0.48465	-0.58792	-0.58148	-0.57694	-0.52351	-0.59193	-1.4276	-1.4603	-1.4244	188.1
920.83	0.85601	0.68094	0.35436	0.30631	-0.04609	-0.21202	-0.39934	-0.58011	-0.62741	-0.66426	-0.36661	-0.11583	-0.15627	-0.1587	-0.13948	-0.12533	-0.11879	-0.17823	-0.15363	-0.16461	-0.27749	-0.46449	-0.59658	-0.5629	-0.53449	-0.58338	-0.59014	-1.4518	-1.4392	-1.4159	187.9
918.09	0.84408	0.69689	0.33936	0.30726	-0.064367	-0.21889	-0.41961	-0.60312	-0.66574	-0.71442	-0.59869	-0.19523	-0.20125	-0.13072	-0.17084	-0.12185	-0.11921	-0.13558	-0.10897	-0.14487	-0.23008	-0.4553	-0.56944	-0.59499	-0.57198	-0.51359	-0.65719	-1.2903	-1.4592	-1.4138	187.8
916.95	0.8483	0.68052	0.33007	0.28572	-0.062794	-0.21287	-0.41106	-0.59616	-0.60935	-0.61949	-0.38382	-0.19882	-0.14603	-0.12417	-0.13748	-0.12502	-0.15099	-0.14571	-0.16651	-0.18816	-0.31022	-0.47864	-0.54991	-0.57493	-0.61601	-0.5101	-0.54927	-1.3378	-1.4012	-1.3969	187.6
918.47	0.83077	0.66627	0.32152	0.28615	-0.051981	-0.2323	-0.41486	-0.59436	-0.63184	-0.66099	-0.48075	-0.18932	-0.22776	-0.18003	-0.13811	-0.14086	-0.1114	-0.15046	-0.15764	-0.14392	-0.26492	-0.50461	-0.59109	-0.61157	-0.56934	-0.5215	-0.49532	-1.1277	-1.4043	-1.3705	187.4
920.27	0.81462	0.66489	0.33324	0.26123	-0.077376	-0.22913	-0.4005	-0.6008	-0.6348	-0.6613	-0.34844	-0.16208	-0.14318	-0.11615	-0.086087	-0.11921	-0.11383	-0.13853	-0.12945	-0.16292	-0.27348	-0.46713	-0.5724	-0.58243	-0.57229	-0.48032	-0.5139	-1.1689	-1.3959	-1.3568	187.2
921.59	0.82718	0.65011	0.29913	0.25415	-0.075623	-0.24222	-0.43524	-0.6084	-0.64314	-0.67017	-0.53407	-0.1945	-0.23325	-0.15522	-0.14265	-0.13811	-0.10256	-0.13251	-0.15068	-0.14698	-0.24	-0.46892	-0.56638	-0.55931	-0.55033	-0.48867	-0.5498	-1.1192	-1.3537	-1.3167	186.9
924.34	0.80554	0.63438	0.29913	0.26091	-0.083595	-0.24507	-0.43123	-0.59056	-0.62921	-0.6593	-0.37072	-0.14466	-0.20072	-0.13642	-0.14054	-0.14381	-0.15405	-0.16525	-0.15025	-0.13526	-0.26239	-0.46512	-0.55857	-0.58539	-0.52837	-0.50197	-0.42806	-0.94323	-1.303	-1.3104	186.7
923.58	0.7973	0.62583	0.28615	0.23515	-0.10664	-0.27474	-0.42616	-0.61305	-0.60598	-0.60048	-0.34359	-0.15226	-0.15427	-0.12576	-0.12734	-0.15374	-0.13547	-0.1587	-0.15036	-0.17454	-0.25595	-0.47272	-0.56427	-0.58116	-0.56047	-0.51781	-0.44622	-0.90891	-1.2987	-1.2586	186.4
928.22	0.79097	0.60249	0.27062	0.21487	-0.10686	-0.25648	-0.442	-0.6234	-0.66384	-0.6953	-0.50482	-0.18235	-0.1775	-0.13009	-0.14244	-0.16208	-0.11868	-0.094608	-0.14318	-0.15891	-0.25141	-0.46955	-0.57704	-0.53787	-0.54231	-0.50387	-0.36407	-0.8559	-1.3072	-1.2164	186.1
931.54	0.75475	0.58824	0.2399	0.21329	-0.13093	-0.28477	-0.45023	-0.60027	-0.61062	-0.61865	-0.41951	-0.053882	-0.095991	-0.080058	-0.10728	-0.096751	-0.11414	-0.12048	-0.13283	-0.1342	-0.3061	-0.47906	-0.57852	-0.58169	-0.56532	-0.48666	-0.43038	-0.76225	-1.2322	-1.2027	185.8
931.16	0.75507	0.58359	0.24528	0.1984	-0.13906	-0.27168	-0.47019	-0.63913	-0.65592	-0.66891	-0.52773	-0.16757	-0.18774	-0.16768	-0.1965	-0.1909	-0.12766	-0.073004	-0.1018	-0.10219	-0.24982	-0.47695	-0.54495	-0.56691	-0.56321	-0.4836	-0.34116	-0.49236	-1.2227	-1.1689	185.5
932.48	0.74926	0.55213	0.22564	0.19809	-0.12101	-0.27485	-0.45878	-0.61305	-0.61949	-0.62456	-0.41011	-0.19059	-0.18436	-0.19629	-0.155	-0.1568	-0.119	-0.14899	-0.13273	-0.13917	-0.24623	-0.5082	-0.59869	-0.57958	-0.52942	-0.49025	-0.42278	-0.56015	-1.2143	-1.1657	185.2
932.86	0.71558	0.53175	0.23261	0.17158	-0.16155	-0.30473	-0.44601	-0.62456	-0.67186	-0.70871	-0.43439	-0.17317	-0.15659	-0.083246	-0.10387	-0.069562	-0.12407	-0.15226	-0.12766	-0.12618	-0.33028	-0.52636	-0.59753	-0.56194	-0.54199	-0.44875	-0.42415	-0.43482	-1.2101	-1.133	184.8
933.43	0.68654	0.51686	0.18172	0.15237	-0.17274	-0.29216	-0.48592	-0.6367	-0.63079	-0.62625	-0.40874	-0.083574	-0.12956	-0.10463	-0.1153	-0.13632	-0.11805	-0.11615	-0.13399	-0.11837	-0.30716	-0.5404	-0.59373	-0.58285	-0.52562	-0.45984	-0.39258	-0.32469	-1.0521	-1.0326	184.5
930.87	0.66067	0.47621	0.17876	0.13294	-0.20094	-0.33377	-0.49447	-0.64177	-0.6404	-0.63934	-0.56775	-0.25648	-0.12301	-0.13632	-0.13051	-0.1209	-0.11076	-0.11235	-0.11309	-0.10833	-0.2777	-0.51707	-0.6084	-0.5687	-0.54083	-0.45055	-0.37115	-0.35943	-1.0386	-1.0514	184.1
929.36	0.64019	0.46164	0.16673	0.12396	-0.2078	-0.34147	-0.47916	-0.63702	-0.6103	-0.5895	-0.36418	-0.21118	-0.17105	-0.14402	-0.13156	-0.11963	-0.11858	-0.14455	-0.10981	-0.10928	-0.34137	-0.51876	-0.59637	-0.55139	-0.51749	-0.44643	-0.39026	-0.34221	-0.91694	-1.0332	183.7
931.35	0.6158	0.44284	0.13135	0.10876	-0.21794	-0.34074	-0.49511	-0.65075	-0.62593	-0.60671	-0.40694	-0.1643	-0.12755	-0.096603	-0.10812	-0.11858	-0.12259	-0.095115	-0.10675	-0.13336	-0.34306	-0.55276	-0.62276	-0.57472	-0.52362	-0.43006	-0.3798	-0.29322	-0.81557	-0.91577	183.3
933.9	0.59352	0.41264	0.12048	0.10103	-0.23113	-0.36808	-0.52499	-0.6556	-0.64895	-0.64367	-0.45013	-0.15722	-0.11192	-0.093869	-0.09635	-0.10026	-0.061717	-0.087502	-0.095864	-0.076003	-0.27759	-0.53935	-0.61326	-0.56448	-0.48761	-0.42489	-0.3627	-0.24254	-0.6687	-0.8936	182.9
937.79	0.56649	0.39965	0.11045	0.080015	-0.23821	-0.35774	-0.51042	-0.65951	-0.64906	-0.64103	-0.4231	-0.24972	-0.22005	-0.187	-0.13368	-0.12903	-0.10078	-0.084693	-0.085654	-0.10061	-0.29111	-0.53154	-0.60038	-0.54801	-0.48244	-0.40937	-0.33081	-0.26682	-0.47114	-0.86404	182.5
939.4	0.52541	0.35499	0.072033	0.077407	-0.23937	-0.3835	-0.53618	-0.64758	-0.5894	-0.5441	-0.43587	-0.21392	-0.22036	-0.15395	-0.14402	-0.17053	-0.11646	-0.1341	-0.10928	-0.13051	-0.33525	-0.55677	-0.61653	-0.55255	-0.47916	-0.40229	-0.32141	-0.24539	-0.31212	-0.7671	182.1
940.44	0.48782	0.32331	0.064145	0.049395	-0.2721	-0.3892	-0.53734	-0.64441	-0.65898	-0.67028	-0.34549	-0.11087	-0.13705	-0.15374	-0.1284	-0.1115	-0.06462	-0.1153	-0.084017	-0.082328	-0.30652	-0.55455	-0.59193	-0.54653	-0.46512	-0.37695	-0.30114	-0.20231	-0.20527	-0.56226	181.7
943.56	0.43207	0.28562	0.021561	0.015659	-0.3042	-0.41243	-0.563	-0.69858	-0.64884	-0.61009	-0.53513	-0.16292	-0.14413	-0.079857	-0.062794	-0.075464	-0.088526	-0.073659	-0.071885	-0.08804	-0.31434	-0.53544	-0.58739	-0.5385	-0.45329	-0.35974	-0.29058	-0.19661	-0.062308	-0.40462	181.3
943.18	0.38825	0.24813	-0.0026471	0.0025553	-0.3042	-0.43091	-0.56226	-0.67725	-0.64008	-0.61104	-0.46903	-0.20072	-0.20505	-0.16641	-0.15648	-0.13568	-0.10601	-0.09068	-0.11097	-0.095759	-0.30315	-0.53006	-0.57736	-0.52224	-0.4478	-0.35425	-0.26608	-0.15902	-0.0155	-0.1304	180.9
945.27	0.3192	0.20938	-0.016451	-0.0088927	-0.33081	-0.45097	-0.56015	-0.68327	-0.66331	-0.64779	-0.36967	-0.22976	-0.17053	-0.12364	-0.11393	-0.10717	-0.099159	-0.1115	-0.094016	-0.082761	-0.2985	-0.52974	-0.58296	-0.51337	-0.43175	-0.33271	-0.23779	-0.13283	-0.00019238	0.023874	180.5
950.86	0.27453	0.16071	-0.063554	-0.042162	-0.34887	-0.45013	-0.6026	-0.70565	-0.69858	-0.69309	-0.34443	-0.13896	-0.16271	-0.11731	-0.13346	-0.14497	-0.10355	-0.083553	-0.099011	-0.10094	-0.31202	-0.53058	-0.58127	-0.49036	-0.40884	-0.29829	-0.22058	-0.099718	0.043587	0.10492	180.1
951.8	0.2267	0.12882	-0.079741	-0.052647	-0.34359	-0.47716	-0.59383	-0.70787	-0.68612	-0.66922	-0.41845	-0.23863	-0.18879	-0.12364	-0.13241	-0.10055	-0.080311	-0.059373	-0.072624	-0.068622	-0.27316	-0.53998	-0.56775	-0.48349	-0.38223	-0.30494	-0.19587	-0.0888	0.1095	0.1303	179.7
955.59	0.14761	0.086615	-0.098208	-0.066183	-0.37632	-0.48138	-0.59151	-0.69784	-0.64357	-0.60144	-0.29048	-0.17781	-0.17306	-0.16979	-0.15279	-0.13093	-0.15141	-0.14856	-0.12048	-0.11309	-0.36618	-0.54252	-0.56216	-0.48085	-0.39015	-0.27295	-0.17707	-0.037283	0.1473	0.20199	179.3
959.38	0.083004	0.053354	-0.12597	-0.094967	-0.38762	-0.49352	-0.61041	-0.70935	-0.62107	-0.55255	-0.24898	-0.14181	-0.189	-0.1813	-0.17549	-0.14666	-0.1076	-0.10675	-0.094038	-0.12776	-0.36101	-0.52362	-0.54685	-0.4647	-0.35594	-0.25077	-0.14286	-0.028942	0.18932	0.25194	178.9
966.01	0.043313	-0.0093668	-0.14867	-0.10468	-0.38487	-0.50619	-0.6103	-0.69045	-0.58401	-0.50113	-0.2078	-0.2248	-0.18763	-0.13621	-0.12174	-0.12164	-0.11731	-0.11066	-0.11646	-0.12354	-0.36629	-0.56849	-0.56374	-0.45752	-0.35267	-0.25912	-0.14645	-0.0017802	0.23546	0.29502	178.5
971.69	-0.017148	-0.024803	-0.14782	-0.13346	-0.39353	-0.49732	-0.57757	-0.65993	-0.49215	-0.36164	-0.15268	-0.10019	-0.15849	-0.13146	-0.13695	-0.14614	-0.1587	-0.15796	-0.1625	-0.17422	-0.47473	-0.61041	-0.60365	-0.4723	-0.3684	-0.25605	-0.12787	0.007973	0.24898	0.33197	178.1
971.69	-0.040008	-0.046491	-0.17053	-0.10886	-0.38265	-0.47346	-0.55783	-0.6253	-0.46649	-0.34306	-0.15701	-0.10654	-0.13114	-0.12111	-0.12977	-0.15405	-0.12312	-0.12576	-0.13273	-0.17834	-0.52024	-0.62646	-0.62181	-0.4949	-0.35826	-0.23979	-0.12322	0.020146	0.27865	0.38487	177.7
976.43	-0.043587	-0.078611	-0.18795	-0.12407	-0.38677	-0.47853	-0.55139	-0.60038	-0.43693	-0.30969	-0.12597	-0.055339	-0.10696	-0.066891	-0.082676	-0.084366	-0.076668	-0.089117	-0.1455	-0.21044	-0.60872	-0.69784	-0.64483	-0.50208	-0.3702	-0.24539	-0.13251	0.04346	0.30938	0.3948	177.3
979.27	-0.12364	-0.09994	-0.19418	-0.1285	-0.38582	-0.47061	-0.53555	-0.59816	-0.42732	-0.29438	-0.13684	-0.1152	-0.12354	-0.093446	-0.1076	-0.12565	-0.14138	-0.14814	-0.17665	-0.50788	-0.63755	-0.70829	-0.63427	-0.5196	-0.3609	-0.23631	-0.10696	0.053829	0.31983	0.4156	177
982.11	-0.25151	-0.1265	-0.22934	-0.14233	-0.41718	-0.4912	-0.55793	-0.59816	-0.4251	-0.29058	-0.18035	-0.14476	-0.18531	-0.13156	-0.1738	-0.18172	-0.19777	-0.22934	-0.19502	-0.4138	-0.5497	-0.64948	-0.63417	-0.48898	-0.34306	-0.21033	-0.11203	0.069752	0.35013	0.47293	176.6
984.95	-0.46723	-0.20326	-0.24032	-0.15606	-0.41433	-0.48803	-0.55202	-0.58444	-0.4156	-0.28435	-0.15669	-0.094914	-0.15342	-0.09994	-0.099159	-0.11573	-0.13822	-0.1341	-0.19439	-0.31434	-0.61463	-0.67704	-0.62899	-0.46216	-0.31011	-0.20822	-0.0835	0.10077	0.40082	0.49088	176.3
982.11	-0.50915	-0.23758	-0.26746	-0.17612	-0.4231	-0.51622	-0.57377	-0.60503	-0.42331	-0.28203	-0.14497	-0.11404	-0.14582	-0.11974	-0.1682	-0.23156	-0.21202	-0.29766	-0.17211	-0.38973	-0.57736	-0.66363	-0.61009	-0.47758	-0.33229	-0.1964	-0.066162	0.10183	0.39839	0.51834	175.9
981.16	-0.83964	-0.30072	-0.29364	-0.18182	-0.4553	-0.51517	-0.58306	-0.60819	-0.42236	-0.2778	-0.16324	-0.13389	-0.16208	-0.12776	-0.16694	-0.19048	-0.1587	-0.23187	-0.23599	-0.3968	-0.59521	-0.65845	-0.61907	-0.45942	-0.29903	-0.19133	-0.053259	0.12048	0.44833	0.53998	175.6
984.95	-0.95938	-0.26915	-0.29502	-0.20241	-0.4307	-0.51422	-0.57345	-0.60207	-0.408	-0.257	-0.14043	-0.092591	-0.16081	-0.094513	-0.14835	-0.16778	-0.2172	-0.33577	-0.17443	-0.43228	-0.61411	-0.68105	-0.61939	-0.44886	-0.31476	-0.18372	-0.037843	0.13927	0.43893	0.56131	175.2
986.84	-1.0559	-0.48349	-0.33556	-0.22765	-0.44485	-0.51538	-0.5516	-0.60207	-0.40715	-0.25563	-0.13494	-0.12364	-0.15448	-0.14645	-0.15184	-0.19713	-0.20231	-0.22892	-0.26524	-0.50957	-0.66268	-0.6385	-0.5933	-0.45065	-0.30177	-0.16409	-0.034697	0.15247	0.46195	0.57694	174.9
985.9	-1.1214	-0.69932	-0.29375	-0.22406	-0.46227	-0.55529	-0.59795	-0.61231	-0.42204	-0.27411	-0.17707	-0.12143	-0.15395	-0.12248	-0.16683	-0.21297	-0.26376	-0.24771	-0.20949	-0.3458	-0.54822	-0.6385	-0.58982	-0.43851	-0.28087	-0.14592	-0.027136	0.17264	0.46934	0.59922	174.6
987.79	-1.1488	-0.83183	-0.36829	-0.22269	-0.47431	-0.55318	-0.57715	-0.60777	-0.40314	-0.24391	-0.11594	-0.073479	-0.12892	-0.084038	-0.119	-0.10612	-0.12586	-0.12829	-0.34612	-0.56691	-0.64188	-0.665	-0.58855	-0.42943	-0.28097	-0.13874	-0.00051549	0.18425	0.49659	0.62762	174.4
991.58	-1.2048	-1.0244	-0.4157	-0.24856	-0.50113	-0.54484	-0.59985	-0.61453	-0.41803	-0.26513	-0.17359	-0.12164	-0.16187	-0.097754	-0.12639	-0.13547	-0.19354	-0.18024	-0.1965	-0.41064	-0.62678	-0.64261	-0.57863	-0.42658	-0.26197	-0.1246	0.013864	0.1964	0.52172	0.6613	174.2
992.53	-1.2312	-1.19	-0.36418	-0.26535	-0.48138	-0.57166	-0.60323	-0.60598	-0.44083	-0.31244	-0.20822	-0.1549	-0.18256	-0.16123	-0.15881	-0.15226	-0.14423	-0.13927	-0.12396	-0.30051	-0.59996	-0.61865	-0.56247	-0.42383	-0.25025	-0.12597	0.018372	0.20569	0.54326	0.6575	173.9
1000.1	-1.2639	-1.2122	-0.3362	-0.2796	-0.51485	-0.54748	-0.58539	-0.61622	-0.42246	-0.27179	-0.15427	-0.098113	-0.13389	-0.086889	-0.090743	-0.1077	-0.11097	-0.11372	-0.29734	-0.40462	-0.62435	-0.64293	-0.56469	-0.41106	-0.25436	-0.10612	0.036228	0.21994	0.54167	0.68189	173.7
1003.9	-1.2101	-1.2269	-0.37379	-0.26999	-0.47726	-0.54854	-0.59869	-0.5895	-0.39543	-0.24454	-0.14603	-0.10156	-0.12544	-0.084239	-0.13019	-0.16651	-0.17306	-0.18246	-0.18277	-0.37167	-0.61727	-0.64029	-0.57916	-0.40789	-0.2399	-0.094439	0.042806	0.23472	0.55899	0.69372	173.5
1009.6	-1.2428	-1.2491	-0.39195	-0.26925	-0.50028	-0.57419	-0.56986	-0.59024	-0.42056	-0.28857	-0.17211	-0.12016	-0.16673	-0.1265	-0.14318	-0.1171	-0.14413	-0.14677	-0.1473	-0.38561	-0.5875	-0.62878	-0.55054	-0.38318	-0.22744	-0.10591	0.054463	0.2608	0.57113	0.67841	173.3
1013.4	-1.2533	-1.2597	-0.40082	-0.24307	-0.478	-0.53692	-0.57008	-0.59478	-0.40726	-0.26144	-0.15057	-0.11509	-0.15828	-0.094069	-0.14181	-0.15944	-0.11646	-0.13558	-0.17327	-0.34675	-0.58739	-0.62921	-0.54199	-0.39321	-0.23177	-0.089085	0.065338	0.26366	0.57293	0.69953	173.2
1019	-1.2238	-1.2586	-0.5422	-0.26693	-0.48011	-0.56015	-0.58771	-0.56891	-0.38614	-0.24402	-0.15479	-0.094798	-0.13357	-0.089075	-0.12533	-0.15384	-0.15057	-0.12291	-0.14983	-0.41539	-0.60249	-0.62171	-0.55033	-0.38477	-0.21952	-0.070871	0.056184	0.26165	0.59267	0.71853	173
1021.9	-1.2924	-1.285	-0.36734	-0.2532	-0.47716	-0.53745	-0.58095	-0.59531	-0.40641	-0.25943	-0.14846	-0.10886	-0.13737	-0.10085	-0.097079	-0.11361	-0.10865	-0.11129	-0.1436	-0.42362	-0.61991	-0.63427	-0.54231	-0.37495	-0.1983	-0.07803	0.070681	0.28013	0.61738	0.70903	172.9
1023.8	-1.247	-1.2702	-0.48761	-0.31983	-0.51527	-0.58222	-0.55857	-0.57652	-0.39448	-0.25299	-0.16546	-0.11773	-0.14191	-0.11414	-0.11784	-0.15511	-0.11763	-0.11858	-0.17665	-0.46206	-0.6008	-0.62276	-0.53249	-0.37062	-0.20959	-0.069024	0.092496	0.27949	0.5895	0.71906	172.8
1026.6	-1.2417	-1.2956	-0.59468	-0.35298	-0.50472	-0.57377	-0.56965	-0.56543	-0.40219	-0.27506	-0.18489	-0.13853	-0.14022	-0.12364	-0.11984	-0.13632	-0.088283	-0.094513	-0.15585	-0.27971	-0.5668	-0.61495	-0.53069	-0.37336	-0.18499	-0.051221	0.067461	0.27348	0.61231	0.73047	172.6
1025.7	-1.265	-1.266	-0.71167	-0.22205	-0.48624	-0.57462	-0.57778	-0.56934	-0.38614	-0.2437	-0.15944	-0.094112	-0.14307	-0.11393	-0.13716	-0.15141	-0.18774	-0.20463	-0.23525	-0.45952	-0.63005	-0.62445	-0.54093	-0.35552	-0.20189	-0.06594	0.094502	0.29734	0.60165	0.72339	172.6
1026.6	-1.2491	-1.2892	-0.77312	-0.25721	-0.47853	-0.57018	-0.56437	-0.55983	-0.39427	-0.26545	-0.19228	-0.12269	-0.14571	-0.098113	-0.13473	-0.17243	-0.18299	-0.17549	-0.17169	-0.45224	-0.55909	-0.5914	-0.52245	-0.36386	-0.20389	-0.065159	0.090057	0.27643	0.60788	0.72645	172.5
1030.4	-1.247	-1.2723	-0.80543	-0.26693	-0.50419	-0.58919	-0.5876	-0.5724	-0.40863	-0.28129	-0.1908	-0.11995	-0.14666	-0.13294	-0.14698	-0.16841	-0.15194	-0.15859	-0.17496	-0.33799	-0.53724	-0.58803	-0.52077	-0.35774	-0.18362	-0.044432	0.083943	0.28699	0.62646	0.73691	172.5
1031.4	-1.265	-1.2586	-0.87681	-0.36259	-0.49057	-0.54706	-0.58391	-0.56363	-0.408	-0.28689	-0.19228	-0.1191	-0.16261	-0.11488	-0.10812	-0.14518	-0.17612	-0.20072	-0.15511	-0.32289	-0.56638	-0.59689	-0.52193	-0.35309	-0.19291	-0.061231	0.088969	0.2853	0.62181	0.73131	172.4
1031.4	-1.2597	-1.2396	-0.86879	-0.25985	-0.46259	-0.53491	-0.56522	-0.55519	-0.376	-0.23663	-0.1455	-0.093647	-0.12153	-0.09919	-0.11404	-0.14994	-0.12438	-0.13547	-0.16968	-0.36502	-0.60175	-0.58887	-0.51791	-0.36302	-0.20157	-0.042193	0.087491	0.28752	0.61432	0.74398	172.4
1034.2	-1.2502	-1.2428	-0.81779	-0.20896	-0.43619	-0.5101	-0.5497	-0.54959	-0.38413	-0.25553	-0.16218	-0.11646	-0.16271	-0.13906	-0.13082	-0.15965	-0.16039	-0.15722	-0.20981	-0.35372	-0.59098	-0.60281	-0.51696	-0.35478	-0.18066	-0.059563	0.093003	0.28118	0.62709	0.72878	172.4
1037	-1.2301	-1.284	-0.89814	-0.31423	-0.5007	-0.52784	-0.57873	-0.58042	-0.40335	-0.26566	-0.1455	-0.10277	-0.17264	-0.1209	-0.11192	-0.14297	-0.16525	-0.16113	-0.1681	-0.38772	-0.58496	-0.60904	-0.51865	-0.35943	-0.20189	-0.057947	0.085527	0.28879	0.60323	0.73532	172.4
1040.8	-1.2238	-1.247	-0.84999	-0.29913	-0.46132	-0.53417	-0.52657	-0.55096	-0.39279	-0.26989	-0.18563	-0.13146	-0.18109	-0.12565	-0.10199	-0.13178	-0.11192	-0.24285	-0.23958	-0.34939	-0.56121	-0.58285	-0.51485	-0.3647	-0.18468	-0.058496	0.085992	0.27812	0.61294	0.72962	172.4
1040.8	-1.2333	-1.2734	-0.87502	-0.26725	-0.48318	-0.53249	-0.55529	-0.52837	-0.38656	-0.27633	-0.15638	-0.08463	-0.11277	-0.10125	-0.095326	-0.099412	-0.1134	-0.15258	-0.19471	-0.38582	-0.58169	-0.6064	-0.51865	-0.36967	-0.19186	-0.06575	0.082381	0.28562	0.61125	0.73025	172.4
1039.9	-1.209	-1.2671	-0.89138	-0.27559	-0.46237	-0.50672	-0.55572	-0.55276	-0.39216	-0.26714	-0.18742	-0.14265	-0.15912	-0.13315	-0.12269	-0.16419	-0.15954	-0.18425	-0.19798	-0.36671	-0.52499	-0.57176	-0.49965	-0.35721	-0.19059	-0.051285	0.09975	0.28435	0.60101	0.72508	172.4
1041.8	-1.2407	-1.2449	-0.90426	-0.24085	-0.50788	-0.5309	-0.56416	-0.57557	-0.39976	-0.26302	-0.19587	-0.14307	-0.18077	-0.11657	-0.10478	-0.11002	-0.11551	-0.086477	-0.16725	-0.20115	-0.53185	-0.58412	-0.51791	-0.35921	-0.19661	-0.044643	0.077228	0.289	0.60133	0.73406	172.5
1046.5	-1.2502	-1.2565	-0.8521	-0.22733	-0.42109	-0.50345	-0.55381	-0.5045	-0.35911	-0.24613	-0.15469	-0.096709	-0.11763	-0.094059	-0.12713	-0.13368	-0.11657	-0.088294	-0.15405	-0.44981	-0.58718	-0.60513	-0.52034	-0.35774	-0.20505	-0.06971	0.081916	0.28857	0.5932	0.71347	172.6
1048.4	-1.2122	-1.2227	-0.80702	-0.30061	-0.45783	-0.48687	-0.54558	-0.53111	-0.37463	-0.25278	-0.16007	-0.11277	-0.12227	-0.096825	-0.11372	-0.13874	-0.13283	-0.14635	-0.21836	-0.38213	-0.59119	-0.6197	-0.53787	-0.37178	-0.20759	-0.064536	0.091778	0.28953	0.59774	0.72624	172.8
1049.4	-1.172	-1.1868	-0.80216	-0.29143	-0.3967	-0.54674	-0.54811	-0.51263	-0.36914	-0.25753	-0.17591	-0.12217	-0.14191	-0.1172	-0.10256	-0.11456	-0.080322	-0.12005	-0.19618	-0.36249	-0.53449	-0.59901	-0.53027	-0.37759	-0.19946	-0.068052	0.07595	0.27643	0.60429	0.72529	172.9
1045.6	-1.1699	-1.1932	-0.76626	-0.25563	-0.48159	-0.51886	-0.53037	-0.54304	-0.38983	-0.27073	-0.18309	-0.095315	-0.13357	-0.08899	-0.076499	-0.058708	-0.076879	-0.084725	-0.1322	-0.24824	-0.57821	-0.60566	-0.53006	-0.37421	-0.22469	-0.079868	0.057599	0.27675	0.57335	0.70914	173
1043.7	-1.1573	-1.1763	-0.79023	-0.19534	-0.45255	-0.52847	-0.52161	-0.53344	-0.37178	-0.24602	-0.17528	-0.11847	-0.14202	-0.10981	-0.1171	-0.12998	-0.11837	-0.092169	-0.10717	-0.40852	-0.60904	-0.60809	-0.51475	-0.38255	-0.21498	-0.074937	0.074937	0.24771	0.57588	0.71452	173.3
1040.8	-1.1573	-1.2005	-0.68453	-0.29174	-0.4439	-0.50398	-0.53291	-0.53893	-0.37822	-0.25331	-0.15395	-0.13294	-0.13695	-0.11456	-0.087956	-0.10347	-0.075	-0.031592	-0.11636	-0.34865	-0.55466	-0.61009	-0.5536	-0.39511	-0.2286	-0.086794	0.050683	0.25764	0.55899	0.7027	173.4
1038	-1.1393	-1.1456	-0.70438	-0.18753	-0.45593	-0.49732	-0.5214	-0.53354	-0.37833	-0.25753	-0.1568	-0.11984	-0.12206	-0.10225	-0.091873	-0.086161	-0.0888	-0.20453	-0.31751	-0.41634	-0.57736	-0.62667	-0.54019	-0.38825	-0.23135	-0.10083	0.054421	0.25141	0.55878	0.69319	173.7
1037	-1.0971	-1.1541	-0.6348	-0.29491	-0.41676	-0.48803	-0.52499	-0.5459	-0.37526	-0.24254	-0.14381	-0.10502	-0.14635	-0.091926	-0.068971	-0.09162	-0.10095	-0.11045	-0.16493	-0.27506	-0.53502	-0.58686	-0.5289	-0.39987	-0.23515	-0.10016	0.042162	0.23261	0.55667	0.69002	173.9
1034.2	-1.1129	-1.153	-0.57261	-0.19186	-0.45519	-0.51813	-0.53523	-0.54885	-0.40018	-0.28446	-0.1908	-0.13969	-0.14677	-0.10259	-0.10035	-0.10135	-0.066331	-0.10855	-0.13294	-0.28594	-0.563	-0.58412	-0.52953	-0.38677	-0.23504	-0.12375	0.028498	0.23779	0.56965	0.68126	174.1
1031.4	-1.0781	-1.0823	-0.49289	-0.21867	-0.42954	-0.48613	-0.51992	-0.54304	-0.38213	-0.257	-0.14223	-0.10717	-0.13537	-0.089487	-0.091725	-0.089444	-0.11372	-0.1133	-0.31064	-0.38065	-0.5818	-0.61125	-0.56321	-0.40082	-0.25542	-0.12048	0.0155	0.22786	0.52457	0.66775	174.4
1030.4	-1.0455	-1.1404	-0.3873	-0.21371	-0.38888	-0.48983	-0.51158	-0.52087	-0.37262	-0.25732	-0.16292	-0.11625	-0.11815	-0.10749	-0.091831	-0.11541	-0.088705	-0.12375	-0.22923	-0.30283	-0.58243	-0.60545	-0.55445	-0.41908	-0.26007	-0.12206	-0.00049447	0.20664	0.5234	0.66848	174.7
1031.4	-1.0569	-1.0865	-0.31634	-0.19682	-0.41169	-0.48909	-0.55117	-0.55255	-0.3891	-0.26197	-0.15194	-0.090595	-0.11235	-0.10738	-0.19893	-0.1927	-0.1776	-0.16282	-0.16451	-0.41486	-0.54378	-0.60798	-0.55202	-0.41412	-0.25236	-0.13283	0.0053206	0.19175	0.52098	0.64737	175
1032.3	-1.0439	-1.0185	-0.31054	-0.18172	-0.44442	-0.49109	-0.51369	-0.54231	-0.37928	-0.25236	-0.14698	-0.093531	-0.13315	-0.10876	-0.16979	-0.19999	-0.21318	-0.1228	-0.18732	-0.43482	-0.55899	-0.6177	-0.55476	-0.41306	-0.2834	-0.15321	-0.0055772	0.1794	0.48275	0.63058	175.4
1030.4	-0.97005	-0.96962	-0.3419	-0.20896	-0.41349	-0.47114	-0.54442	-0.5743	-0.42288	-0.30515	-0.16028	-0.12364	-0.17855	-0.12386	-0.10517	-0.15817	-0.18151	-0.21255	-0.21572	-0.28625	-0.54357	-0.59045	-0.57124	-0.43228	-0.29037	-0.15574	-0.033229	0.15828	0.47768	0.6216	175.7
1031.4	-0.98694	-0.90796	-0.26978	-0.19471	-0.41338	-0.4949	-0.51591	-0.5649	-0.41137	-0.29195	-0.15374	-0.098134	-0.13125	-0.093953	-0.095442	-0.10781	-0.096213	-0.093298	-0.20157	-0.37442	-0.58253	-0.62129	-0.57261	-0.42214	-0.28741	-0.17243	-0.033218	0.16968	0.47346	0.58359	176
1033.3	-0.95009	-0.71188	-0.24877	-0.16599	-0.4156	-0.47093	-0.50852	-0.54959	-0.39216	-0.26967	-0.15427	-0.10021	-0.087945	-0.081135	-0.11689	-0.10622	-0.12259	-0.10643	-0.1605	-0.39712	-0.56015	-0.63037	-0.57937	-0.44844	-0.31592	-0.18098	-0.054209	0.13811	0.43555	0.57546	176.4
1032.3	-0.91926	-0.59869	-0.29322	-0.15332	-0.38952	-0.45688	-0.53882	-0.57873	-0.44052	-0.33303	-0.16831	-0.11604	-0.13452	-0.10132	-0.10354	-0.1152	-0.10524	-0.10728	-0.10833	-0.23198	-0.53914	-0.60703	-0.59616	-0.46227	-0.30526	-0.19492	-0.07822	0.1114	0.41127	0.55381	176.7
1028.5	-0.78864	-0.3476	-0.26334	-0.15015	-0.39459	-0.4609	-0.53428	-0.55804	-0.42193	-0.31603	-0.13853	-0.078854	-0.10992	-0.071758	-0.071051	-0.070586	-0.090363	-0.1076	-0.095347	-0.25626	-0.56923	-0.63892	-0.58739	-0.46111	-0.32606	-0.20959	-0.077038	0.11034	0.39786	0.53291	177.1
1025.7	-0.73701	-0.31128	-0.2324	-0.13399	-0.37811	-0.4535	-0.52129	-0.57968	-0.40683	-0.27242	-0.1134	-0.081377	-0.11446	-0.091503	-0.11921	-0.16102	-0.18552	-0.17053	-0.22522	-0.36249	-0.58222	-0.63079	-0.58845	-0.46691	-0.34179	-0.20442	-0.078748	0.072181	0.36682	0.52034	177.5
1023.8	-0.50683	-0.24201	-0.2153	-0.14107	-0.35584	-0.46079	-0.50841	-0.56395	-0.4176	-0.30367	-0.12101	-0.076996	-0.11192	-0.066109	-0.046639	-0.083278	-0.093119	-0.16039	-0.21984	-0.31033	-0.54304	-0.6443	-0.61083	-0.48497	-0.35341	-0.22691	-0.11404	0.06461	0.35425	0.48539	177.9
1019	-0.3477	-0.14033	-0.19217	-0.12122	-0.35816	-0.43123	-0.50408	-0.56026	-0.41592	-0.30357	-0.11499	-0.040156	-0.096899	-0.081504	-0.089054	-0.087069	-0.13822	-0.11013	-0.22205	-0.37811	-0.59109	-0.6763	-0.63881	-0.49785	-0.37917	-0.26123	-0.13441	0.039342	0.30906	0.442	178.3
1014.3	-0.153	-0.12174	-0.17137	-0.092855	-0.35013	-0.42922	-0.50493	-0.56986	-0.42637	-0.31466	-0.14877	-0.11963	-0.1455	-0.10466	-0.11984	-0.14761	-0.1342	-0.13178	-0.13431	-0.38477	-0.56237	-0.65096	-0.63153	-0.51622	-0.39585	-0.26545	-0.14761	0.015416	0.28044	0.41085	178.7
1009.6	-0.070058	-0.061168	-0.13663	-0.058085	-0.33007	-0.41898	-0.48413	-0.55476	-0.41803	-0.3117	-0.14202	-0.077291	-0.11984	-0.11045	-0.10812	-0.15669	-0.15194	-0.14973	-0.29132	-0.41211	-0.55814	-0.66732	-0.64166	-0.53322	-0.40367	-0.29438	-0.17581	-0.019682	0.2607	0.36903	179.1
1003.9	-0.025458	-0.022522	-0.11066	-0.051496	-0.30557	-0.40916	-0.47367	-0.5573	-0.41845	-0.31054	-0.11414	-0.084682	-0.12196	-0.06896	-0.089666	-0.13104	-0.12312	-0.17042	-0.21435	-0.478	-0.66479	-0.67197	-0.64789	-0.53565	-0.42542	-0.31043	-0.18056	-0.038667	0.2097	0.32426	179.5
996.32	0.064272	0.040018	-0.079456	-0.027823	-0.2948	-0.37642	-0.46607	-0.56891	-0.44083	-0.34126	-0.13874	-0.090701	-0.13727	-0.088737	-0.10495	-0.10591	-0.13188	-0.14022	-0.15321	-0.31867	-0.58222	-0.65043	-0.66616	-0.55265	-0.44569	-0.32162	-0.21498	-0.053175	0.17623	0.27939	179.9
