14312	2	11	88	28.8	770	1	0	2	2.5	128	4096	10	0	0	0	0	320	1006.4	1.4727e+006	0.11835	0.10479	41.224	0	0	1	0	0	0	8	0	0
1008.6	0.15729	0.075087	-0.09009	-0.22243	-0.35252	-0.43975	-0.57731	-0.6594	-0.61164	-0.49443	-0.10592	0.29244	0.67583	0.82457	0.80478	0.71381	0.44933	-0.009608	-0.47491	-0.83599	-1.0962	-1.0225	-0.95875	-0.69648	-0.51848	-0.4041	-0.24767	-0.0035839	0.17441	0.19222	-1.7499
1009.8	0.14653	0.10243	-0.091473	-0.22059	-0.36369	-0.44908	-0.60256	-0.67232	-0.63296	-0.5001	-0.11257	0.28582	0.67055	0.82046	0.80705	0.73144	0.47344	0.028559	-0.44985	-0.81427	-1.074	-1.0094	-0.85316	-0.70441	-0.48817	-0.39627	-0.25179	-0.026103	0.15275	0.1786	-1.6167
1010.5	0.15251	0.10072	-0.085308	-0.2158	-0.34187	-0.42918	-0.5805	-0.68411	-0.63545	-0.51691	-0.13449	0.2684	0.63914	0.81686	0.8212	0.74334	0.50232	0.041746	-0.42667	-0.7932	-1.0555	-0.99702	-0.87572	-0.70247	-0.52026	-0.38144	-0.23536	-0.04066	0.14201	0.17398	-1.5088
1012.6	0.17646	0.11182	-0.077516	-0.2048	-0.35106	-0.41026	-0.59226	-0.68421	-0.64736	-0.53926	-0.14777	0.238	0.63783	0.81056	0.8211	0.74487	0.49662	0.054817	-0.40721	-0.78368	-1.0444	-0.99641	-0.84465	-0.68639	-0.49672	-0.37911	-0.21137	-0.061735	0.15234	0.184	-1.3755
1013	0.15216	0.087568	-0.088212	-0.23361	-0.34925	-0.42983	-0.60779	-0.70684	-0.65881	-0.54212	-0.16296	0.2269	0.63017	0.82094	0.8208	0.7553	0.51785	0.081268	-0.36984	-0.75482	-1.0292	-0.98724	-0.8658	-0.6658	-0.49928	-0.39507	-0.27011	-0.073536	0.15226	0.18399	-1.2992
1012.4	0.15371	0.10854	-0.082093	-0.23074	-0.3512	-0.41703	-0.56087	-0.70419	-0.65922	-0.55492	-0.15283	0.21928	0.6218	0.83066	0.82778	0.77271	0.52733	0.086236	-0.36157	-0.73955	-1.0076	-0.96444	-0.86331	-0.64723	-0.48417	-0.3545	-0.2187	-0.051201	0.16007	0.205	-1.1625
1012	0.14763	0.095737	-0.098956	-0.21107	-0.34636	-0.43031	-0.56244	-0.70448	-0.6727	-0.56457	-0.19362	0.20522	0.60878	0.81263	0.84284	0.76844	0.53839	0.11115	-0.34879	-0.72561	-1.0007	-0.95895	-0.84827	-0.66946	-0.48853	-0.35759	-0.21148	-0.051224	0.14789	0.17519	-1.048
1010.9	0.13722	0.10074	-0.079156	-0.21133	-0.3467	-0.40611	-0.60766	-0.70985	-0.67939	-0.57775	-0.20236	0.18021	0.60495	0.80884	0.82413	0.77396	0.54362	0.13284	-0.34193	-0.72315	-1.0016	-0.96139	-0.8599	-0.69774	-0.49467	-0.37102	-0.22638	-0.04595	0.1419	0.1903	-0.94303
1010.9	0.13269	0.1055	-0.089903	-0.22189	-0.35165	-0.4339	-0.68264	-0.71298	-0.68229	-0.58867	-0.21764	0.17233	0.59606	0.80886	0.84377	0.78781	0.56204	0.14935	-0.31898	-0.68509	-0.97638	-0.9438	-0.84159	-0.66565	-0.45942	-0.37251	-0.23525	-0.05919	0.15256	0.19786	-0.84115
1010	0.14342	0.1008	-0.071573	-0.21295	-0.35699	-0.42297	-0.62261	-0.70434	-0.69462	-0.59699	-0.22804	0.14731	0.5892	0.8034	0.85098	0.78691	0.5579	0.15779	-0.28768	-0.68727	-0.96979	-0.95338	-0.80693	-0.63992	-0.47818	-0.37138	-0.22811	-0.040671	0.16498	0.18154	-0.75515
1012.8	0.16881	0.10059	-0.085107	-0.23814	-0.35272	-0.43637	-0.55166	-0.71921	-0.71477	-0.61569	-0.24272	0.14685	0.58468	0.80888	0.84547	0.81095	0.59166	0.18717	-0.27684	-0.66635	-0.9464	-0.92584	-0.81854	-0.65559	-0.50927	-0.37323	-0.2201	-0.049827	0.15541	0.18402	-0.64681
1013.2	0.15366	0.1085	-0.098865	-0.26243	-0.35258	-0.4476	-0.61919	-0.73881	-0.72769	-0.63883	-0.24932	0.12487	0.5667	0.81152	0.84989	0.81522	0.61746	0.21012	-0.24536	-0.65038	-0.92082	-0.89324	-0.81208	-0.6206	-0.49641	-0.37169	-0.20385	-0.060383	0.14763	0.18243	-0.57349
1012.4	0.18569	0.11977	-0.085174	-0.22464	-0.36934	-0.44633	-0.56661	-0.74398	-0.72531	-0.64708	-0.2851	0.11086	0.54512	0.80613	0.86534	0.81899	0.62718	0.22518	-0.22552	-0.60816	-0.91565	-0.90282	-0.80662	-0.67635	-0.4658	-0.36615	-0.2202	-0.040491	0.15851	0.217	-0.44591
1012.2	0.17348	0.11657	-0.083563	-0.22007	-0.34297	-0.48565	-0.67446	-0.75936	-0.73725	-0.65196	-0.29714	0.093506	0.54961	0.79092	0.87529	0.80993	0.63031	0.24342	-0.21417	-0.5878	-0.90553	-0.89278	-0.80068	-0.64305	-0.46607	-0.35899	-0.23514	-0.022164	0.15542	0.20062	-0.32145
1011.5	0.16757	0.11524	-0.05934	-0.21428	-0.38122	-0.44185	-0.75784	-0.74454	-0.74653	-0.68199	-0.33112	0.06552	0.51473	0.79756	0.87256	0.83501	0.65221	0.27173	-0.18138	-0.58339	-0.89272	-0.89189	-0.80881	-0.63176	-0.47887	-0.36067	-0.23223	-0.06843	0.15556	0.17535	-0.21609
1010.7	0.16013	0.13451	-0.054785	-0.23115	-0.37155	-0.44036	-0.63081	-0.76049	-0.76772	-0.69817	-0.34311	0.053021	0.51662	0.79519	0.86673	0.8405	0.66657	0.30327	-0.16439	-0.56026	-0.87271	-0.87069	-0.76958	-0.63532	-0.46665	-0.36673	-0.20869	-0.061903	0.1555	0.18139	-0.10748
1010.9	0.17989	0.095816	-0.079095	-0.18827	-0.34332	-0.45328	-0.65648	-0.7833	-0.77778	-0.7183	-0.3736	0.0216	0.47677	0.7798	0.8716	0.84957	0.66649	0.28997	-0.14994	-0.54901	-0.85922	-0.86311	-0.78474	-0.62634	-0.47769	-0.36515	-0.22944	-0.060403	0.14505	0.19644	0.029955
1009.8	0.177	0.11846	-0.096058	-0.23288	-0.35695	-0.46536	-0.66459	-0.79939	-0.79331	-0.73321	-0.38432	0.0042134	0.47708	0.77896	0.88215	0.85651	0.68249	0.30355	-0.1343	-0.51626	-0.84081	-0.85664	-0.77797	-0.65041	-0.46274	-0.34375	-0.21342	-0.056597	0.14196	0.20254	0.16747
1008.8	0.19243	0.12351	-0.068629	-0.22393	-0.39557	-0.46739	-0.72468	-0.80482	-0.80444	-0.75429	-0.40847	0.0011132	0.45401	0.79362	0.86678	0.85286	0.69407	0.33381	-0.10716	-0.5168	-0.83867	-0.83985	-0.76944	-0.63053	-0.46326	-0.3718	-0.22839	-0.063273	0.16669	0.21181	0.27626
1009.6	0.16176	0.1379	-0.057963	-0.24212	-0.38193	-0.4899	-0.6964	-0.79806	-0.81861	-0.77567	-0.44388	-0.038267	0.45949	0.7529	0.86768	0.84131	0.69656	0.35179	-0.091294	-0.49419	-0.82167	-0.84215	-0.75664	-0.59066	-0.45582	-0.36574	-0.2223	-0.072632	0.14806	0.19499	0.41713
1007.7	0.15897	0.114	-0.082401	-0.23786	-0.37599	-0.50067	-0.781	-0.81946	-0.83342	-0.77562	-0.45154	-0.055764	0.42344	0.75134	0.86764	0.86154	0.69943	0.35426	-0.087136	-0.48558	-0.80383	-0.83485	-0.76261	-0.64876	-0.45812	-0.35767	-0.20948	-0.088598	0.14854	0.1924	0.54846
1006.2	0.17305	0.11901	-0.06255	-0.24436	-0.38163	-0.48338	-0.68873	-0.81617	-0.84798	-0.7971	-0.46591	-0.076365	0.4195	0.74166	0.87724	0.87053	0.71902	0.37797	-0.068526	-0.45282	-0.78267	-0.81548	-0.75298	-0.61179	-0.45725	-0.33178	-0.21703	-0.062101	0.1502	0.17781	0.69589
1006.2	0.15614	0.13027	-0.085756	-0.24421	-0.38823	-0.45235	-0.67998	-0.8361	-0.85234	-0.82536	-0.49472	-0.09996	0.39584	0.757	0.86903	0.87368	0.72358	0.38616	-0.039853	-0.45442	-0.77967	-0.80669	-0.75152	-0.61322	-0.45735	-0.34342	-0.23041	-0.076721	0.14092	0.19122	0.76323
1008.1	0.16207	0.12035	-0.05336	-0.2042	-0.37762	-0.48405	-0.71899	-0.83449	-0.86394	-0.83162	-0.50745	-0.12498	0.38471	0.75566	0.85419	0.87352	0.72376	0.40876	-0.022441	-0.42497	-0.76777	-0.80363	-0.73923	-0.58567	-0.42664	-0.35019	-0.21665	-0.079232	0.16067	0.19084	0.88834
1009.2	0.18319	0.1347	-0.07166	-0.22687	-0.39041	-0.50322	-0.69806	-0.84894	-0.87337	-0.848	-0.53582	-0.12171	0.36663	0.72711	0.8615	0.87255	0.74453	0.41496	-0.016685	-0.4198	-0.74468	-0.77484	-0.72306	-0.60102	-0.46166	-0.33669	-0.25049	-0.057953	0.12379	0.17423	0.99103
1009.2	0.18014	0.1395	-0.076325	-0.22231	-0.37378	-0.49009	-0.64478	-0.84744	-0.87928	-0.84797	-0.53749	-0.12643	0.36662	0.73021	0.85825	0.86641	0.75226	0.42819	0.0091614	-0.3865	-0.73125	-0.76451	-0.70319	-0.5908	-0.44754	-0.34837	-0.24454	-0.065983	0.15129	0.19213	1.0424
1011.7	0.17664	0.1183	-0.073015	-0.22934	-0.36954	-0.48239	-0.73956	-0.8605	-0.8829	-0.852	-0.54454	-0.15752	0.33769	0.71911	0.85446	0.87501	0.74878	0.4387	0.019138	-0.37439	-0.71457	-0.75818	-0.72584	-0.59951	-0.45763	-0.33576	-0.20411	-0.074982	0.13567	0.20225	1.1612
1013.7	0.17787	0.13574	-0.051613	-0.2063	-0.38373	-0.49938	-0.61717	-0.85281	-0.88128	-0.86766	-0.55885	-0.16351	0.34001	0.71317	0.86745	0.87644	0.76885	0.45442	0.033413	-0.35793	-0.70884	-0.75536	-0.68628	-0.57826	-0.45398	-0.3454	-0.22584	-0.066974	0.12313	0.18982	1.2544
1013	0.17943	0.14389	-0.051572	-0.23054	-0.40207	-0.47203	-0.70997	-0.8549	-0.89939	-0.88534	-0.5761	-0.18244	0.32253	0.70908	0.85506	0.87396	0.77857	0.47124	0.056399	-0.35491	-0.70478	-0.7441	-0.68982	-0.56517	-0.43318	-0.36005	-0.21273	-0.055102	0.13089	0.19296	1.309
1013	0.18095	0.12292	-0.088141	-0.24415	-0.38565	-0.48015	-0.73583	-0.87015	-0.91115	-0.89322	-0.57279	-0.19974	0.31521	0.68915	0.84685	0.87087	0.77087	0.47128	0.059275	-0.35493	-0.69155	-0.7441	-0.71119	-0.58862	-0.45434	-0.35001	-0.22733	-0.053857	0.13855	0.16007	1.4119
1012.4	0.18254	0.15351	-0.072885	-0.23231	-0.39921	-0.50155	-0.73058	-0.8799	-0.92204	-0.89074	-0.58665	-0.20454	0.3006	0.68495	0.85385	0.87448	0.78067	0.4815	0.065064	-0.32354	-0.67704	-0.73272	-0.69484	-0.56991	-0.42926	-0.31081	-0.22446	-0.077692	0.13108	0.17965	1.5341
1010.7	0.17228	0.12169	-0.06396	-0.23264	-0.37495	-0.48783	-0.7057	-0.86765	-0.92216	-0.90786	-0.60631	-0.21437	0.29809	0.68755	0.85196	0.86975	0.77105	0.49051	0.086532	-0.31774	-0.66038	-0.72072	-0.69136	-0.58846	-0.45256	-0.34347	-0.22045	-0.077954	0.14798	0.18132	1.5791
1011.7	0.18432	0.13919	-0.060881	-0.24001	-0.40927	-0.50185	-0.74802	-0.88806	-0.92548	-0.91458	-0.63278	-0.24081	0.29189	0.69151	0.86257	0.87042	0.77643	0.50324	0.092226	-0.30312	-0.65669	-0.72004	-0.67989	-0.58347	-0.42658	-0.33427	-0.23652	-0.089544	0.13102	0.19616	1.6403
1010	0.19066	0.16036	-0.071576	-0.23281	-0.41493	-0.50602	-0.67447	-0.89717	-0.9506	-0.93955	-0.64572	-0.2396	0.26738	0.66192	0.84278	0.86565	0.78233	0.50243	0.089489	-0.31319	-0.6623	-0.70953	-0.68561	-0.59617	-0.4316	-0.34366	-0.25025	-0.065839	0.13741	0.16503	1.6885
1008.6	0.18024	0.14123	-0.065544	-0.24225	-0.39729	-0.50035	-0.73314	-0.89539	-0.94463	-0.94563	-0.65008	-0.26044	0.25893	0.68451	0.84733	0.8917	0.79887	0.51642	0.10829	-0.29779	-0.65287	-0.70322	-0.66663	-0.5707	-0.43077	-0.34126	-0.21654	-0.081847	0.11617	0.18031	1.7497
1008.4	0.17423	0.13481	-0.051675	-0.21636	-0.38245	-0.49219	-0.68716	-0.89868	-0.94626	-0.94431	-0.67566	-0.284	0.24576	0.66933	0.85731	0.87798	0.78519	0.51151	0.10256	-0.28367	-0.64117	-0.70934	-0.66831	-0.57959	-0.40261	-0.32385	-0.2374	-0.068636	0.13307	0.17733	1.8238
1008.1	0.18034	0.13168	-0.053388	-0.27289	-0.39742	-0.47264	-0.70165	-0.88824	-0.96418	-0.96484	-0.67921	-0.28095	0.24722	0.67397	0.83947	0.87505	0.79306	0.51995	0.11398	-0.29003	-0.63976	-0.70059	-0.67463	-0.55643	-0.4098	-0.33262	-0.2151	-0.079186	0.13613	0.17135	1.8688
1007.1	0.16229	0.15441	-0.06104	-0.23952	-0.39119	-0.52047	-0.81175	-0.8998	-0.97106	-0.96271	-0.68165	-0.27965	0.26527	0.66856	0.85845	0.87292	0.79852	0.54376	0.11848	-0.26968	-0.62703	-0.69393	-0.64758	-0.57882	-0.43852	-0.33146	-0.24208	-0.046086	0.13631	0.18812	1.8978
1007.3	0.17592	0.14304	-0.065649	-0.24108	-0.39776	-0.49753	-0.69215	-0.90578	-0.97686	-0.97345	-0.68835	-0.29852	0.24002	0.66072	0.85502	0.89596	0.81687	0.55349	0.14143	-0.25536	-0.61356	-0.68356	-0.66139	-0.5407	-0.43275	-0.33142	-0.23456	-0.060696	0.13619	0.15941	1.9397
1008.1	0.19565	0.12515	-0.067134	-0.24541	-0.39085	-0.50044	-0.64066	-0.91427	-0.97452	-0.97268	-0.69797	-0.30152	0.22645	0.65856	0.86082	0.89208	0.80233	0.54318	0.13849	-0.24872	-0.60405	-0.67852	-0.6562	-0.57239	-0.3928	-0.34137	-0.2211	-0.077913	0.12691	0.17738	1.9784
1009.6	0.17546	0.12013	-0.050252	-0.21756	-0.39196	-0.50458	-0.71219	-0.91896	-0.96421	-0.98536	-0.70207	-0.31679	0.20989	0.65917	0.83828	0.88919	0.80574	0.53575	0.15554	-0.26104	-0.59872	-0.68044	-0.66596	-0.55541	-0.43599	-0.32189	-0.21782	-0.059277	0.11606	0.17113	2.0106
1008.6	0.17268	0.15739	-0.082426	-0.23155	-0.41406	-0.51652	-0.70454	-0.91233	-0.97564	-0.99585	-0.71638	-0.32656	0.20569	0.64905	0.8375	0.8886	0.81589	0.56287	0.1657	-0.23915	-0.59042	-0.68269	-0.6651	-0.57215	-0.41385	-0.32523	-0.21808	-0.085866	0.13606	0.17132	2.0138
1008.8	0.19552	0.13638	-0.070156	-0.2316	-0.40883	-0.51313	-0.74158	-0.91822	-0.98717	-1.0128	-0.7315	-0.32963	0.19387	0.63508	0.83243	0.87917	0.81259	0.55448	0.1743	-0.23745	-0.58728	-0.66484	-0.65264	-0.55449	-0.45051	-0.34845	-0.23128	-0.063245	0.12993	0.17425	2.0396
1010.5	0.18754	0.13452	-0.068532	-0.23724	-0.3734	-0.53676	-0.72459	-0.93354	-0.98549	-0.99548	-0.73708	-0.33223	0.18465	0.64167	0.85059	0.89617	0.82196	0.56179	0.17973	-0.21806	-0.5789	-0.66225	-0.64697	-0.55647	-0.43285	-0.34498	-0.19695	-0.059208	0.10368	0.18892	2.0589
1009.6	0.18311	0.13619	-0.064036	-0.23752	-0.40181	-0.49808	-0.70926	-0.92515	-0.99079	-1.0057	-0.73431	-0.35769	0.18478	0.64063	0.84803	0.89385	0.81497	0.56233	0.1813	-0.21822	-0.56899	-0.66279	-0.65521	-0.55406	-0.42902	-0.31617	-0.24003	-0.081798	0.10678	0.16656	2.0686
1010	0.17851	0.14264	-0.053278	-0.24645	-0.40011	-0.52879	-0.7059	-0.92933	-0.99324	-1.0178	-0.75608	-0.3544	0.1832	0.63892	0.84606	0.87653	0.81929	0.572	0.18416	-0.2181	-0.58507	-0.66251	-0.63805	-0.53346	-0.40626	-0.34653	-0.21921	-0.048572	0.13288	0.18146	2.0589
1009.8	0.17848	0.12822	-0.054795	-0.2497	-0.41826	-0.51756	-0.72497	-0.91885	-1.0083	-1.0103	-0.74277	-0.36251	0.18916	0.62356	0.82505	0.87354	0.81171	0.56893	0.17854	-0.22915	-0.57772	-0.66563	-0.63816	-0.5801	-0.429	-0.33648	-0.2355	-0.085813	0.13134	0.16805	2.0654
1009	0.18781	0.15096	-0.067154	-0.24059	-0.38555	-0.49842	-0.68804	-0.94264	-1.0017	-1.0143	-0.73829	-0.34856	0.18043	0.62259	0.83548	0.8681	0.82326	0.56768	0.17147	-0.21992	-0.59016	-0.64998	-0.63716	-0.52653	-0.42929	-0.34265	-0.21951	-0.097785	0.094604	0.17416	2.0654
1010	0.19067	0.10885	-0.073215	-0.23739	-0.40333	-0.50935	-0.72052	-0.92783	-0.99334	-1.01	-0.72556	-0.34819	0.18468	0.62954	0.83954	0.87647	0.81003	0.56376	0.17839	-0.20698	-0.56273	-0.65952	-0.64262	-0.57578	-0.41901	-0.32472	-0.20593	-0.0738	0.10982	0.16949	2.0879
1010	0.18615	0.13941	-0.056286	-0.24331	-0.38021	-0.52231	-0.70325	-0.91408	-0.98592	-0.99752	-0.7239	-0.33719	0.19641	0.64658	0.84447	0.8734	0.80698	0.55538	0.17266	-0.21336	-0.57619	-0.6655	-0.64882	-0.539	-0.41607	-0.31155	-0.22068	-0.081788	0.1374	0.18307	2.0686
1009.8	0.16786	0.14431	-0.053292	-0.23743	-0.39514	-0.54364	-0.74085	-0.92186	-0.98765	-0.99613	-0.71891	-0.33404	0.20099	0.64053	0.83806	0.8705	0.80868	0.56556	0.17701	-0.21658	-0.58668	-0.6612	-0.63504	-0.55251	-0.42457	-0.33356	-0.21341	-0.069824	0.12214	0.17856	2.0686
1011.5	0.18734	0.13441	-0.040937	-0.2324	-0.40767	-0.51338	-0.69641	-0.93258	-0.99624	-0.99757	-0.69737	-0.30835	0.21981	0.65632	0.83995	0.88755	0.81656	0.56124	0.17384	-0.23363	-0.5768	-0.64687	-0.63708	-0.53106	-0.42816	-0.32282	-0.21589	-0.098846	0.13563	0.17223	2.0525
1012.4	0.20699	0.1568	-0.053156	-0.23074	-0.40246	-0.48853	-0.68294	-0.92721	-0.99541	-1.0092	-0.69339	-0.31754	0.21665	0.64198	0.83762	0.88529	0.81127	0.56077	0.16658	-0.2271	-0.57035	-0.64783	-0.63507	-0.52921	-0.44189	-0.33993	-0.20401	-0.072276	0.1111	0.16317	2.0493
1012.4	0.19631	0.13752	-0.066864	-0.21093	-0.38751	-0.4983	-0.71604	-0.96528	-0.99392	-0.99203	-0.71031	-0.31595	0.21079	0.66192	0.85554	0.8914	0.81583	0.55748	0.17798	-0.22234	-0.5763	-0.65222	-0.63654	-0.59476	-0.39964	-0.32688	-0.22312	-0.077626	0.13408	0.16765	2.0203
1011.3	0.1874	0.14728	-0.062351	-0.23708	-0.40289	-0.51028	-0.75992	-0.91893	-0.99941	-1.0118	-0.7179	-0.32262	0.20365	0.65185	0.84664	0.88	0.81052	0.55644	0.16959	-0.22259	-0.59323	-0.66173	-0.63411	-0.57211	-0.41133	-0.34759	-0.24555	-0.10544	0.11437	0.17835	1.9848
1010.5	0.20279	0.1474	-0.059336	-0.2281	-0.39323	-0.49931	-0.74474	-0.93817	-0.99727	-1.0049	-0.70831	-0.31187	0.20966	0.64627	0.831	0.88538	0.81736	0.55688	0.16548	-0.23383	-0.57589	-0.65343	-0.63012	-0.55792	-0.41586	-0.35663	-0.22657	-0.075134	0.14043	0.17097	1.988
1010	0.19066	0.14262	-0.057867	-0.22668	-0.39674	-0.52889	-0.72757	-0.92322	-0.99037	-1.0069	-0.71032	-0.3167	0.21567	0.64958	0.83627	0.87646	0.81462	0.55715	0.16122	-0.23552	-0.58358	-0.6552	-0.63337	-0.55237	-0.42733	-0.35097	-0.2222	-0.075118	0.13585	0.17257	1.9494
1006.9	0.20207	0.13022	-0.067224	-0.25024	-0.40129	-0.50597	-0.72291	-0.93073	-0.992	-0.99596	-0.71427	-0.3256	0.20596	0.63932	0.84715	0.88546	0.80339	0.54728	0.15027	-0.23463	-0.58086	-0.67344	-0.65079	-0.57755	-0.43284	-0.3345	-0.2213	-0.091302	0.12555	0.1777	1.9462
1005.6	0.19457	0.13845	-0.052032	-0.2399	-0.40348	-0.52956	-0.70085	-0.93352	-0.98445	-1.0068	-0.72549	-0.32926	0.20025	0.64793	0.85155	0.87731	0.81059	0.54132	0.17065	-0.22696	-0.58768	-0.67872	-0.65935	-0.54588	-0.42638	-0.33338	-0.22017	-0.10738	0.13646	0.1915	1.9236
1005.6	0.17614	0.14331	-0.03351	-0.22914	-0.38847	-0.53117	-0.74974	-0.93965	-0.99178	-1.0098	-0.7271	-0.33232	0.2048	0.64946	0.83347	0.87574	0.8121	0.54457	0.15762	-0.24929	-0.60259	-0.67436	-0.65937	-0.56657	-0.43357	-0.35253	-0.21282	-0.071456	0.14427	0.17635	1.8431
1004.3	0.18868	0.15154	-0.05667	-0.22806	-0.40896	-0.51063	-0.77998	-0.93159	-0.99602	-0.99842	-0.72975	-0.32327	0.20209	0.65021	0.84929	0.88461	0.81928	0.57027	0.17363	-0.23211	-0.59885	-0.68256	-0.65551	-0.61577	-0.44118	-0.33384	-0.22347	-0.076915	0.13039	0.166	1.7916
1005.4	0.17784	0.1368	-0.056521	-0.24446	-0.39686	-0.52963	-0.70647	-0.9198	-0.9979	-0.98788	-0.7186	-0.31333	0.20488	0.63876	0.85328	0.88525	0.8215	0.55132	0.1461	-0.243	-0.60716	-0.68182	-0.66107	-0.57988	-0.44779	-0.34383	-0.23355	-0.083441	0.11035	0.17187	1.7239
1005.8	0.1976	0.1449	-0.059669	-0.22305	-0.38345	-0.48852	-0.69758	-0.91792	-0.96941	-0.98905	-0.70471	-0.33065	0.20626	0.64307	0.8464	0.88171	0.81188	0.5411	0.14895	-0.25083	-0.60987	-0.686	-0.6762	-0.587	-0.44189	-0.33344	-0.23794	-0.079439	0.13181	0.20487	1.6628
1007.3	0.17742	0.15106	-0.065644	-0.23186	-0.38622	-0.48939	-0.6763	-0.89499	-0.97091	-0.97197	-0.70884	-0.32228	0.23408	0.64212	0.84675	0.868	0.78603	0.5354	0.13293	-0.2664	-0.62391	-0.70412	-0.66593	-0.61976	-0.4512	-0.33879	-0.23904	-0.082007	0.13015	0.18954	1.5663
1009.4	0.1832	0.13625	-0.070186	-0.21468	-0.38375	-0.50468	-0.73977	-0.89622	-0.96742	-0.98091	-0.68861	-0.28854	0.23652	0.6685	0.84658	0.8832	0.80751	0.52926	0.12689	-0.28012	-0.63001	-0.70552	-0.66147	-0.59945	-0.45446	-0.36723	-0.24748	-0.055279	0.14211	0.17715	1.4666
1011.3	0.19802	0.13288	-0.066947	-0.2127	-0.38467	-0.50856	-0.75037	-0.90677	-0.95089	-0.95404	-0.66863	-0.26127	0.24933	0.67641	0.86293	0.8939	0.809	0.52659	0.13093	-0.27959	-0.63176	-0.69689	-0.68624	-0.56619	-0.43538	-0.33744	-0.23369	-0.056584	0.14023	0.18273	1.3508
1012.6	0.18715	0.15353	-0.048533	-0.22612	-0.39079	-0.48847	-0.71018	-0.88272	-0.93794	-0.93099	-0.64077	-0.25943	0.26374	0.67712	0.87165	0.89892	0.80491	0.51109	0.10646	-0.29026	-0.63841	-0.71949	-0.6793	-0.58006	-0.43475	-0.33987	-0.22162	-0.069637	0.13093	0.19751	1.2512
1013.9	0.17478	0.14536	-0.065211	-0.22734	-0.35394	-0.4992	-0.68485	-0.88312	-0.94116	-0.93292	-0.63485	-0.24812	0.2693	0.68086	0.85753	0.88089	0.7886	0.50386	0.087754	-0.30569	-0.66126	-0.72442	-0.69527	-0.6041	-0.44685	-0.37722	-0.23166	-0.073476	0.13386	0.18682	1.1227
1014.1	0.17772	0.15328	-0.025657	-0.2288	-0.36541	-0.49427	-0.68187	-0.84788	-0.92043	-0.91402	-0.61947	-0.24333	0.30159	0.69145	0.86871	0.87141	0.77157	0.50702	0.096273	-0.3167	-0.67446	-0.73304	-0.68595	-0.58074	-0.42987	-0.35681	-0.23746	-0.076113	0.14294	0.20168	1.0039
1015.1	0.16705	0.14191	-0.043935	-0.2347	-0.37002	-0.47745	-0.67112	-0.85463	-0.90338	-0.90216	-0.59345	-0.2086	0.30866	0.71069	0.86624	0.88903	0.78308	0.49662	0.081895	-0.329	-0.67972	-0.73081	-0.69444	-0.55978	-0.44765	-0.37248	-0.23433	-0.073469	0.15347	0.19555	0.86588
1015.1	0.18059	0.13708	-0.045396	-0.21655	-0.35674	-0.48244	-0.7082	-0.85462	-0.91658	-0.90059	-0.57493	-0.20078	0.32191	0.69689	0.85977	0.88438	0.77075	0.4702	0.046186	-0.35422	-0.6812	-0.74553	-0.71125	-0.59902	-0.49258	-0.34777	-0.22102	-0.095834	0.13215	0.19105	0.75361
1015.3	0.17912	0.097056	-0.054555	-0.24522	-0.39464	-0.48238	-0.63347	-0.86511	-0.88714	-0.86933	-0.54435	-0.15701	0.3394	0.7334	0.86114	0.87961	0.75995	0.44211	0.034772	-0.36677	-0.7061	-0.75544	-0.7233	-0.61331	-0.45882	-0.36066	-0.2253	-0.089155	0.1458	0.17757	0.60935
1016.2	0.18199	0.14975	-0.048374	-0.23437	-0.35314	-0.49	-0.666	-0.85528	-0.89078	-0.85457	-0.5422	-0.15679	0.35385	0.71907	0.85717	0.86818	0.73785	0.43184	0.0033304	-0.38535	-0.72327	-0.77385	-0.72117	-0.60849	-0.45425	-0.34306	-0.24289	-0.093193	0.16085	0.19531	0.51001
1014.5	0.18074	0.13562	-0.074333	-0.22407	-0.39994	-0.46809	-0.65583	-0.84906	-0.86733	-0.84199	-0.52957	-0.12107	0.38087	0.73254	0.8635	0.86343	0.74672	0.44243	0.0019504	-0.38917	-0.73634	-0.77959	-0.71786	-0.60952	-0.45782	-0.3465	-0.2491	-0.072154	0.15671	0.19561	0.3787
1013.9	0.19754	0.1421	-0.072856	-0.23497	-0.36883	-0.48952	-0.66753	-0.84345	-0.88103	-0.83627	-0.51301	-0.12273	0.37083	0.72679	0.85912	0.87007	0.73496	0.41143	-0.017984	-0.41463	-0.74266	-0.79466	-0.73043	-0.62879	-0.48762	-0.36708	-0.24926	-0.08797	0.13083	0.19132	0.29867
1013.2	0.19611	0.14539	-0.072919	-0.22747	-0.36408	-0.45892	-0.68811	-0.81807	-0.85962	-0.81497	-0.48287	-0.089905	0.40193	0.74106	0.87436	0.87989	0.7431	0.40503	-0.026598	-0.42283	-0.74907	-0.78053	-0.72938	-0.63067	-0.45555	-0.34551	-0.22151	-0.060362	0.13088	0.1869	0.19306
1011.5	0.18282	0.12468	-0.056151	-0.20961	-0.36305	-0.47432	-0.71359	-0.82249	-0.84048	-0.79758	-0.48028	-0.068023	0.41004	0.75464	0.87587	0.85831	0.71985	0.38758	-0.040949	-0.43936	-0.77409	-0.80674	-0.75516	-0.64774	-0.4746	-0.35043	-0.23062	-0.065721	0.13889	0.1933	0.07472
1012	0.19173	0.1198	-0.073007	-0.2172	-0.35636	-0.46109	-0.77007	-0.80991	-0.81813	-0.79412	-0.45982	-0.066426	0.40982	0.76502	0.87384	0.87019	0.73026	0.37739	-0.042404	-0.45027	-0.7812	-0.81379	-0.75173	-0.63868	-0.46888	-0.35032	-0.22486	-0.076223	0.14324	0.20507	-0.0084055
1010.5	0.16775	0.13135	-0.054712	-0.21295	-0.36501	-0.49764	-0.54022	-0.80499	-0.82669	-0.79369	-0.4587	-0.049242	0.42516	0.75688	0.87672	0.86069	0.72977	0.37969	-0.052468	-0.45884	-0.79564	-0.81203	-0.74981	-0.66016	-0.48365	-0.37412	-0.24128	-0.08706	0.13582	0.18444	-0.12665
1009.4	0.17551	0.13468	-0.065522	-0.20845	-0.33557	-0.44433	-0.68654	-0.80283	-0.82022	-0.77268	-0.41683	-0.02577	0.44628	0.7731	0.88914	0.87551	0.71821	0.36348	-0.072623	-0.47358	-0.79502	-0.8291	-0.76905	-0.66537	-0.46858	-0.35412	-0.21487	-0.087079	0.14361	0.19063	-0.18734
1010	0.17848	0.12817	-0.083827	-0.22066	-0.37351	-0.45711	-0.63704	-0.7946	-0.81377	-0.75023	-0.41473	-0.020934	0.4549	0.77417	0.87385	0.86568	0.70548	0.34672	-0.09406	-0.48594	-0.83016	-0.85204	-0.76703	-0.63705	-0.49089	-0.37715	-0.26213	-0.068493	0.1497	0.18601	-0.31826
1007.9	0.16207	0.10421	-0.065658	-0.2119	-0.34602	-0.45479	-0.7234	-0.77171	-0.78449	-0.73928	-0.39181	-0.0068184	0.47211	0.78966	0.88384	0.85819	0.69004	0.33083	-0.092803	-0.50126	-0.82742	-0.86116	-0.79784	-0.63539	-0.4919	-0.38384	-0.24043	-0.087212	0.15612	0.20589	-0.44591
1008.4	0.18636	0.12676	-0.061028	-0.19653	-0.35591	-0.45137	-0.60771	-0.77757	-0.78862	-0.7327	-0.38828	0.015246	0.48373	0.79394	0.87694	0.864	0.69434	0.32736	-0.1244	-0.52965	-0.84494	-0.86082	-0.78057	-0.66011	-0.48748	-0.36759	-0.23732	-0.055377	0.1591	0.19534	-0.56711
1008.1	0.17424	0.12028	-0.073285	-0.20266	-0.35433	-0.43185	-0.67143	-0.78233	-0.79617	-0.73915	-0.36794	0.013645	0.48529	0.77101	0.8526	0.84565	0.67757	0.29755	-0.14311	-0.55835	-0.87042	-0.86244	-0.80844	-0.64702	-0.50174	-0.39252	-0.22855	-0.081913	0.15147	0.18183	-0.69143
1007.7	0.18499	0.12037	-0.070171	-0.19055	-0.3262	-0.45156	-0.62981	-0.77043	-0.77144	-0.6956	-0.34769	0.046771	0.50475	0.79145	0.87752	0.84608	0.67325	0.291	-0.15754	-0.54589	-0.87082	-0.88194	-0.79187	-0.68544	-0.49059	-0.37819	-0.2523	-0.07262	0.15773	0.20446	-0.78064
1007.9	0.17117	0.12202	-0.065714	-0.20885	-0.34942	-0.44494	-0.66721	-0.77342	-0.76689	-0.69554	-0.35109	0.038789	0.49268	0.78347	0.88228	0.83505	0.66699	0.28099	-0.16322	-0.55523	-0.88699	-0.89356	-0.82563	-0.6706	-0.48908	-0.38092	-0.21518	-0.054027	0.16525	0.20901	-0.8921
1008.6	0.1925	0.13	-0.065559	-0.21178	-0.35912	-0.44141	-0.59021	-0.74524	-0.74435	-0.68409	-0.34065	0.04665	0.51609	0.79222	0.87678	0.84533	0.66506	0.28753	-0.18175	-0.58033	-0.8953	-0.90329	-0.80656	-0.70232	-0.50859	-0.38939	-0.24471	-0.034125	0.16669	0.19076	-1.0321
1008.8	0.17565	0.10742	-0.067034	-0.22391	-0.36894	-0.44629	-0.61461	-0.75425	-0.74855	-0.68236	-0.32532	0.070241	0.52043	0.80433	0.86186	0.82502	0.64479	0.25266	-0.20043	-0.61031	-0.92787	-0.92518	-0.80636	-0.67586	-0.50707	-0.40838	-0.27431	-0.051306	0.14827	0.18332	-1.1435
1010	0.18766	0.12499	-0.062354	-0.21299	-0.34536	-0.42292	-0.60373	-0.7304	-0.72417	-0.65185	-0.28246	0.10001	0.53894	0.80334	0.86404	0.83327	0.65017	0.24071	-0.20728	-0.60638	-0.90586	-0.90637	-0.82692	-0.67216	-0.48804	-0.3699	-0.23545	-0.043281	0.1619	0.20249	-1.2547
1010	0.17385	0.12175	-0.079309	-0.19934	-0.34708	-0.40492	-0.52754	-0.74118	-0.71531	-0.63925	-0.25865	0.11426	0.55819	0.80337	0.85756	0.82556	0.61331	0.2059	-0.24891	-0.64286	-0.94749	-0.93722	-0.84686	-0.68808	-0.50356	-0.37292	-0.22661	-0.077757	0.13429	0.18447	-1.3691
1012	0.17359	0.11188	-0.065329	-0.20339	-0.34138	-0.4416	-0.61995	-0.72287	-0.6963	-0.61618	-0.24792	0.15329	0.58072	0.82641	0.8608	0.80858	0.60443	0.19717	-0.25708	-0.65596	-0.96499	-0.95451	-0.83605	-0.68095	-0.49419	-0.39252	-0.25127	-0.069622	0.16932	0.20515	-1.4676
1013.2	0.16581	0.13417	-0.060738	-0.20019	-0.34925	-0.42316	-0.60487	-0.71286	-0.68077	-0.6123	-0.23579	0.15152	0.59914	0.83002	0.85976	0.80144	0.58835	0.18376	-0.27818	-0.67403	-0.9845	-0.9577	-0.83504	-0.6962	-0.50621	-0.39781	-0.25824	-0.053787	0.16597	0.20036	-1.5818
1012.6	0.18109	0.12938	-0.066839	-0.18966	-0.32129	-0.40713	-0.61094	-0.71175	-0.68118	-0.58458	-0.20041	0.17824	0.59503	0.81518	0.85544	0.80971	0.58111	0.15749	-0.30981	-0.69023	-0.97916	-0.96567	-0.84168	-0.68938	-0.50511	-0.36608	-0.23783	-0.061717	0.13554	0.1901	-1.658
1013.7	0.15659	0.10846	-0.083535	-0.20616	-0.3458	-0.41321	-0.58735	-0.7003	-0.6687	-0.56678	-0.17473	0.1938	0.61946	0.82347	0.8577	0.80874	0.57274	0.12916	-0.33384	-0.71799	-0.99889	-0.97049	-0.86525	-0.69009	-0.52714	-0.39473	-0.27882	-0.070888	0.13997	0.19581	-1.7531
1013.9	0.17477	0.085917	-0.059146	-0.21369	-0.35396	-0.41155	-0.59584	-0.66968	-0.65537	-0.56199	-0.1781	0.19691	0.61052	0.82791	0.84941	0.80392	0.56341	0.12909	-0.33092	-0.73363	-1.0194	-0.99078	-0.87423	-0.71028	-0.50873	-0.41211	-0.24783	-0.059014	0.15821	0.18085	-1.8387
1013	0.16278	0.10381	-0.049987	-0.19252	-0.33936	-0.41187	-0.57189	-0.68849	-0.64856	-0.54218	-0.16467	0.21591	0.63608	0.83013	0.85174	0.77537	0.54703	0.12264	-0.35123	-0.74375	-1.0277	-0.98868	-0.855	-0.68763	-0.51053	-0.38919	-0.26128	-0.049736	0.17061	0.21091	-1.8894
1013.7	0.15805	0.11479	-0.063768	-0.20922	-0.32762	-0.40688	-0.57874	-0.68192	-0.64516	-0.548	-0.15778	0.24245	0.63133	0.82961	0.82679	0.7625	0.52214	0.0746	-0.3797	-0.76708	-1.0523	-1.0013	-0.87296	-0.71777	-0.54121	-0.42245	-0.23911	-0.049842	0.1491	0.19424	-1.9622
1013.2	0.16428	0.10848	-0.088236	-0.19859	-0.33273	-0.39554	-0.55308	-0.67162	-0.65278	-0.53893	-0.14931	0.23012	0.63895	0.82998	0.84173	0.77358	0.52692	0.094387	-0.37135	-0.75799	-1.0394	-1.0076	-0.86719	-0.68747	-0.51335	-0.40078	-0.25677	-0.06962	0.13846	0.19427	-2.0192
1013.4	0.15051	0.11171	-0.071391	-0.21223	-0.31116	-0.3954	-0.58447	-0.6669	-0.64827	-0.53097	-0.15604	0.2285	0.63731	0.8252	0.84653	0.77966	0.53758	0.091118	-0.37981	-0.7625	-1.0392	-0.99273	-0.85326	-0.70765	-0.52163	-0.38612	-0.24207	-0.066952	0.1553	0.17943	-2.0414
1014.1	0.13966	0.093867	-0.091194	-0.21379	-0.33241	-0.43263	-0.5771	-0.67257	-0.63905	-0.52283	-0.15084	0.21425	0.63693	0.81861	0.85567	0.77134	0.52791	0.082598	-0.39538	-0.77312	-1.0593	-1.0141	-0.87868	-0.71739	-0.51987	-0.39017	-0.26538	-0.066999	0.1475	0.19877	-2.1142
1012.8	0.15067	0.10226	-0.054567	-0.19869	-0.34609	-0.41187	-0.57774	-0.6475	-0.63977	-0.53752	-0.14256	0.23345	0.64816	0.81502	0.82257	0.75074	0.49486	0.061318	-0.40877	-0.79942	-1.0754	-1.027	-0.89508	-0.72292	-0.55306	-0.41698	-0.27316	-0.060278	0.1523	0.19002	-2.1743
1012.4	0.16135	0.092578	-0.066887	-0.22011	-0.33476	-0.38284	-0.55498	-0.65539	-0.62398	-0.50659	-0.12067	0.25069	0.65564	0.83373	0.83593	0.76342	0.51817	0.066357	-0.40739	-0.80281	-1.0669	-1.0186	-0.89396	-0.70565	-0.53064	-0.40837	-0.22614	-0.04052	0.15693	0.18559	-2.2376
1013.2	0.16728	0.094066	-0.077468	-0.19259	-0.33098	-0.40845	-0.56606	-0.66695	-0.61175	-0.50138	-0.10873	0.2708	0.67127	0.82685	0.84831	0.75514	0.49474	0.028352	-0.4542	-0.82106	-1.0838	-1.0281	-0.91153	-0.7354	-0.52313	-0.37883	-0.24505	-0.05904	0.13847	0.18253	-2.2312
1012.2	0.15666	0.097319	-0.065438	-0.19118	-0.32969	-0.39935	-0.55217	-0.65088	-0.60494	-0.49253	-0.09524	0.26642	0.672	0.85231	0.83614	0.75585	0.48602	0.024999	-0.44329	-0.81878	-1.0968	-1.0365	-0.92016	-0.73047	-0.53481	-0.38513	-0.24684	-0.063033	0.13863	0.19159	-2.3071
1013.2	0.13689	0.092467	-0.066814	-0.21077	-0.34426	-0.43134	-0.54734	-0.64871	-0.59855	-0.48116	-0.09344	0.27867	0.69189	0.84069	0.82707	0.74743	0.46711	0.02007	-0.46704	-0.83216	-1.0971	-1.0471	-0.86407	-0.69184	-0.51468	-0.3775	-0.25243	-0.041893	0.17514	0.20037	-2.3324
1012.8	0.15973	0.095686	-0.065319	-0.20173	-0.31962	-0.3908	-0.54756	-0.65049	-0.59733	-0.4783	-0.079994	0.29755	0.6966	0.83031	0.82584	0.74008	0.47352	0.026805	-0.46001	-0.83557	-1.1005	-1.0285	-0.9196	-0.71833	-0.54305	-0.39948	-0.27317	-0.061664	0.15838	0.18099	-2.3451
1014.3	0.15502	0.11963	-0.081918	-0.20452	-0.3224	-0.38703	-0.5539	-0.65412	-0.6111	-0.47136	-0.07308	0.29247	0.67943	0.81838	0.80835	0.7359	0.45599	0.0069275	-0.48083	-0.8502	-1.0975	-1.043	-0.90607	-0.7347	-0.53249	-0.38297	-0.24028	-0.047059	0.15665	0.17477	-2.3609
1014.5	0.1428	0.089193	-0.078872	-0.17868	-0.31087	-0.40811	-0.55521	-0.64336	-0.58464	-0.4697	-0.088366	0.29236	0.68221	0.84117	0.81315	0.72352	0.44827	-0.0061672	-0.47923	-0.83888	-1.1046	-1.0501	-0.89192	-0.707	-0.5155	-0.40169	-0.25223	-0.056274	0.16873	0.19708	-2.364
1012.8	0.13849	0.087668	-0.056155	-0.19726	-0.32293	-0.38099	-0.55334	-0.62913	-0.58563	-0.47527	-0.076652	0.30376	0.69798	0.84565	0.82418	0.72625	0.44441	-0.0095205	-0.48719	-0.85935	-1.1272	-1.0548	-0.88757	-0.70819	-0.50651	-0.38925	-0.25398	-0.059057	0.14165	0.17798	-2.4177
1014.1	0.16712	0.10516	-0.083564	-0.21367	-0.35221	-0.40642	-0.60007	-0.6299	-0.59952	-0.47773	-0.078213	0.30503	0.6898	0.8232	0.80043	0.71922	0.42859	-0.012825	-0.50948	-0.86613	-1.1154	-1.0564	-0.871	-0.71161	-0.51562	-0.40333	-0.24036	-0.057617	0.15209	0.17927	-2.4051
1012.8	0.14148	0.10199	-0.075916	-0.21849	-0.33794	-0.39738	-0.55193	-0.65513	-0.60175	-0.47678	-0.06986	0.30852	0.69364	0.82574	0.80466	0.7139	0.43362	-0.024435	-0.5087	-0.86408	-1.1154	-1.0534	-0.90282	-0.72126	-0.50791	-0.41411	-0.25984	-0.06439	0.13858	0.18698	-2.4241
1012	0.15225	0.090947	-0.062278	-0.21406	-0.32152	-0.3814	-0.56239	-0.64952	-0.59049	-0.46776	-0.049544	0.31193	0.69276	0.82182	0.80209	0.71602	0.434	-0.031114	-0.51343	-0.8743	-1.1103	-1.0542	-0.90505	-0.71452	-0.51671	-0.38376	-0.2424	-0.061758	0.15547	0.20066	-2.3861
1012.2	0.14761	0.089303	-0.082121	-0.21397	-0.29995	-0.38297	-0.56086	-0.6509	-0.58885	-0.4676	-0.057916	0.30253	0.6838	0.82926	0.80836	0.70966	0.42152	-0.047748	-0.5177	-0.86628	-1.1205	-1.0658	-0.91406	-0.69398	-0.51941	-0.40548	-0.25266	-0.069772	0.14172	0.1841	-2.3861
1011.5	0.14469	0.089394	-0.066904	-0.20806	-0.32494	-0.40426	-0.53674	-0.63908	-0.58487	-0.46484	-0.068176	0.31053	0.69159	0.82985	0.79098	0.69005	0.41116	-0.064232	-0.52939	-0.89208	-1.139	-1.0664	-0.8947	-0.72071	-0.54092	-0.39269	-0.25876	-0.056541	0.16015	0.17078	-2.3735
1011.5	0.14325	0.11355	-0.082178	-0.18833	-0.32164	-0.41409	-0.53531	-0.62841	-0.58047	-0.45858	-0.069914	0.32938	0.70041	0.84671	0.80404	0.69631	0.4419	-0.05752	-0.51933	-0.89522	-1.1375	-1.0444	-0.8931	-0.68133	-0.53385	-0.39561	-0.23809	-0.055129	0.1586	0.17528	-2.4083
1012.8	0.15066	0.10371	-0.063832	-0.22906	-0.33614	-0.41524	-0.55332	-0.64136	-0.59297	-0.46422	-0.051182	0.32581	0.69659	0.81647	0.79979	0.71235	0.43515	-0.047654	-0.52305	-0.89575	-1.1375	-1.0607	-0.90112	-0.71987	-0.53607	-0.39365	-0.24816	-0.04586	0.15378	0.16755	-2.3735
1012.6	0.13847	0.076462	-0.10045	-0.19419	-0.32136	-0.41694	-0.54772	-0.63844	-0.59013	-0.4612	-0.06309	0.32271	0.68346	0.83047	0.81628	0.72174	0.43682	-0.055844	-0.5159	-0.88951	-1.1437	-1.0565	-0.9551	-0.71413	-0.51641	-0.39366	-0.22608	-0.070997	0.14771	0.18406	-2.3609
1012.8	0.1248	0.087747	-0.080511	-0.23064	-0.33119	-0.41368	-0.56488	-0.62908	-0.5988	-0.44711	-0.071536	0.31479	0.70692	0.83647	0.80631	0.71698	0.4199	-0.03595	-0.51432	-0.8925	-1.1375	-1.0695	-0.90734	-0.70811	-0.52759	-0.40383	-0.27172	-0.057742	0.14924	0.16015	-2.3703
1013.7	0.14293	0.07478	-0.082009	-0.20464	-0.32765	-0.40025	-0.54138	-0.62252	-0.56168	-0.44676	-0.052896	0.34118	0.71367	0.84036	0.81054	0.71328	0.43028	-0.047549	-0.52109	-0.89969	-1.1322	-1.0627	-0.91729	-0.70178	-0.50884	-0.3948	-0.22436	-0.053577	0.14597	0.17494	-2.3419
1014.3	0.13069	0.07311	-0.091171	-0.20156	-0.32575	-0.38698	-0.55108	-0.62974	-0.57159	-0.4589	-0.057931	0.32683	0.69559	0.83672	0.81004	0.70522	0.43157	-0.055684	-0.52932	-0.9054	-1.1418	-1.0693	-0.9564	-0.73329	-0.53516	-0.39298	-0.24028	-0.043199	0.14591	0.16133	-2.3261
1015.1	0.14424	0.085896	-0.080403	-0.21184	-0.30904	-0.36556	-0.5406	-0.63686	-0.59599	-0.45388	-0.044406	0.31558	0.69936	0.8177	0.80448	0.71231	0.42201	-0.047399	-0.53025	-0.89514	-1.126	-1.0612	-0.90217	-0.72974	-0.54743	-0.38836	-0.25193	-0.037865	0.15957	0.1568	-2.2787
1013.4	0.13387	0.089161	-0.10187	-0.18644	-0.3079	-0.43772	-0.53862	-0.644	-0.56623	-0.44372	-0.069893	0.31767	0.68433	0.82826	0.8205	0.69348	0.42425	-0.062344	-0.53258	-0.89032	-1.1501	-1.0629	-0.90074	-0.73822	-0.49489	-0.40793	-0.24062	-0.044552	0.13848	0.1705	-2.2976
1014.9	0.14578	0.07941	-0.07431	-0.17868	-0.31403	-0.40299	-0.58795	-0.63241	-0.56684	-0.45402	-0.061342	0.31406	0.70827	0.83627	0.8095	0.70016	0.41602	-0.045799	-0.51891	-0.89066	-1.1515	-1.079	-0.93025	-0.71535	-0.52656	-0.38846	-0.22844	-0.040578	0.15809	0.18229	-2.2439
1014.9	0.13229	0.097048	-0.089557	-0.18464	-0.33706	-0.40436	-0.5379	-0.64309	-0.5947	-0.46486	-0.071382	0.30776	0.68628	0.82399	0.80305	0.70795	0.43291	-0.03914	-0.53034	-0.89537	-1.144	-1.0555	-0.96767	-0.7023	-0.48576	-0.35519	-0.21967	-0.024709	0.15353	0.18214	-2.2217
1012.8	0.13861	0.076484	-0.1034	-0.2186	-0.36271	-0.41348	-0.5418	-0.64898	-0.60037	-0.49552	-0.076705	0.321	0.69949	0.83184	0.80465	0.72007	0.4506	-0.029335	-0.52006	-0.88143	-1.1346	-1.0329	-0.91191	-0.70379	-0.50779	-0.41112	-0.22893	-0.052563	0.13856	0.16613	-2.1648
1013.9	0.14444	0.10353	-0.083506	-0.20448	-0.34067	-0.44078	-0.58005	-0.67119	-0.6143	-0.47938	-0.091766	0.30503	0.68547	0.84172	0.80864	0.72237	0.44707	-0.024427	-0.49233	-0.85684	-1.1171	-1.0463	-0.88189	-0.70606	-0.49177	-0.38167	-0.23745	-0.041813	0.13697	0.17497	-2.0857
1013	0.13534	0.089269	-0.080579	-0.22003	-0.34262	-0.4412	-0.53051	-0.67484	-0.62357	-0.49064	-0.098669	0.27238	0.67138	0.8332	0.81435	0.72145	0.44898	-0.014465	-0.48558	-0.85271	-1.121	-1.037	-0.88428	-0.7008	-0.5064	-0.36165	-0.21722	-0.068339	0.16593	0.18698	-1.9812
1012.2	0.16137	0.10544	-0.086652	-0.21861	-0.33308	-0.42516	-0.56949	-0.67075	-0.62272	-0.50204	-0.1106	0.29614	0.67785	0.84004	0.82636	0.73596	0.46929	-0.0012576	-0.46885	-0.83294	-1.0982	-1.0203	-0.8956	-0.68821	-0.49691	-0.39681	-0.21872	-0.016825	0.16615	0.19609	-1.8799
