12671	2	11	88	20.8	768	1	5	8	1.224	128	4096	10	0	0	0	0	156.67	1021.9	1.534e+006	0.11942	0.051534	41.039	0	0	1	0	0	0	8	0	0
1022.4	0.15924	0.13142	-0.080439	-0.25769	-0.46542	-0.64549	-0.91079	-1.1659	-1.3651	-1.4977	-1.3595	-1.0064	-0.38901	0.29482	0.66933	0.79959	0.87905	0.81345	0.54978	0.17401	-0.21813	-0.38158	-0.42731	-0.41343	-0.33747	-0.26999	-0.19857	-0.075586	0.074691	0.14287	5.9339
1024.9	0.16041	0.13915	-0.057542	-0.28856	-0.46429	-0.66798	-0.90715	-1.3058	-1.3965	-1.5465	-1.4213	-1.0922	-0.47519	0.22158	0.61945	0.75815	0.86788	0.83757	0.5824	0.2312	-0.17803	-0.34447	-0.40657	-0.39086	-0.31582	-0.25488	-0.17624	-0.057001	0.079099	0.12932	6.3448
1024.9	0.15444	0.12473	-0.057566	-0.28707	-0.49372	-0.67433	-0.94822	-1.2538	-1.4532	-1.6159	-1.5067	-1.1853	-0.57865	0.15317	0.57116	0.72164	0.84972	0.84413	0.62045	0.25632	-0.1356	-0.31118	-0.38393	-0.38226	-0.32397	-0.23757	-0.17615	-0.059766	0.062482	0.11444	6.7527
1024.3	0.15146	0.13593	-0.077335	-0.28581	-0.494	-0.6765	-0.94893	-1.2859	-1.5034	-1.6786	-1.5999	-1.2761	-0.67671	0.077408	0.50369	0.68988	0.84398	0.85935	0.64924	0.33313	-0.08	-0.25486	-0.3569	-0.35795	-0.26586	-0.24515	-0.15881	-0.078135	0.076144	0.11006	7.1447
1023.9	0.13507	0.11224	-0.048623	-0.30548	-0.51543	-0.66228	-0.96489	-1.2852	-1.5563	-1.7534	-1.6995	-1.4086	-0.7921	-0.0014565	0.45394	0.65057	0.83988	0.87938	0.68634	0.36143	-0.028753	-0.22161	-0.33125	-0.33214	-0.28269	-0.22933	-0.17922	-0.08213	0.058122	0.10561	7.5468
1022.6	0.13367	0.12986	-0.04873	-0.28026	-0.50465	-0.67908	-0.99469	-1.303	-1.6076	-1.8375	-1.7872	-1.5021	-0.89077	-0.10183	0.39644	0.58727	0.81963	0.88857	0.71691	0.38695	0.010906	-0.19717	-0.31193	-0.32684	-0.24822	-0.22232	-0.14152	-0.083411	0.038444	0.096968	7.9229
1020.9	0.12628	0.11889	-0.039769	-0.31387	-0.50214	-0.6883	-1.0063	-1.3584	-1.6262	-1.9056	-1.8724	-1.5916	-0.97253	-0.14448	0.35346	0.58217	0.81494	0.89497	0.74652	0.42363	0.040264	-0.16267	-0.29269	-0.30857	-0.25418	-0.21556	-0.14774	-0.073093	0.058236	0.091202	8.2862
1020.9	0.10823	0.10455	-0.042771	-0.2643	-0.52024	-0.68188	-1.0333	-1.36	-1.6961	-1.9442	-1.9529	-1.6958	-1.0515	-0.23428	0.30816	0.52255	0.7798	0.90641	0.76914	0.466	0.069688	-0.13798	-0.24411	-0.28546	-0.26116	-0.20549	-0.13159	-0.067861	0.045997	0.092706	8.6301
1019.2	0.087319	0.08559	-0.027588	-0.26458	-0.5193	-0.72357	-1.045	-1.3713	-1.7034	-2.0064	-2.0386	-1.7796	-1.1408	-0.28938	0.24889	0.47916	0.7553	0.90628	0.78888	0.47923	0.088884	-0.11348	-0.25208	-0.28016	-0.22533	-0.22306	-0.12741	-0.070454	0.026432	0.061627	8.9675
1019.4	0.09172	0.096698	-0.036755	-0.26602	-0.4981	-0.74271	-1.0791	-1.4102	-1.7729	-2.0617	-2.1357	-1.9007	-1.2605	-0.3868	0.19393	0.41785	0.71865	0.89793	0.80723	0.52003	0.11832	-0.098829	-0.21712	-0.24537	-0.2322	-0.19414	-0.13615	-0.079799	0.033981	0.068947	9.3182
1019.4	0.10537	0.080728	-0.027676	-0.28572	-0.49796	-0.72169	-1.0691	-1.4331	-1.8239	-2.1237	-2.2216	-2.0115	-1.3775	-0.46144	0.11949	0.35506	0.67901	0.87987	0.80869	0.54043	0.15219	-0.061032	-0.20033	-0.23669	-0.21684	-0.19992	-0.12749	-0.065315	0.024877	0.076359	9.6297
1017.3	0.081377	0.060133	-0.047443	-0.26657	-0.51389	-0.74909	-1.1214	-1.4876	-1.936	-2.1779	-2.3156	-2.1329	-1.4963	-0.5831	0.066176	0.30216	0.66212	0.89649	0.8545	0.60142	0.20706	-0.037841	-0.1749	-0.22702	-0.21163	-0.18594	-0.1394	-0.065531	0.03556	0.064749	9.9413
1017.5	0.067796	0.044118	-0.045912	-0.27708	-0.51046	-0.70696	-1.1241	-1.4768	-1.8946	-2.2535	-2.3894	-2.2199	-1.5941	-0.65474	-0.0002761	0.24993	0.62079	0.87985	0.86143	0.617	0.2365	-0.0013579	-0.15808	-0.21098	-0.19904	-0.17865	-0.13943	-0.081307	0.012808	0.051327	10.246
1016	0.04817	0.063489	-0.021653	-0.25338	-0.49967	-0.7094	-1.1171	-1.5004	-1.9077	-2.3019	-2.4417	-2.2888	-1.6611	-0.72758	-0.044232	0.21185	0.59868	0.85647	0.8584	0.64782	0.26051	0.020548	-0.15222	-0.20262	-0.18105	-0.17738	-0.098378	-0.086578	0.037131	0.04247	10.538
1015.2	0.02999	0.050735	-0.032311	-0.2778	-0.51996	-0.73287	-1.0893	-1.5259	-1.8973	-2.3474	-2.5147	-2.3642	-1.7563	-0.80453	-0.12707	0.15673	0.5686	0.8604	0.87906	0.67041	0.30056	0.054204	-0.1187	-0.17954	-0.18961	-0.14423	-0.12503	-0.085385	0.0067263	0.03501	10.821
1014.7	0.028575	0.047577	-0.021797	-0.2536	-0.50883	-0.74296	-1.1314	-1.5341	-1.9454	-2.392	-2.6087	-2.481	-1.86	-0.91806	-0.21162	0.064695	0.51075	0.86248	0.88524	0.68332	0.31115	0.061622	-0.089674	-0.17812	-0.16722	-0.16014	-0.10904	-0.064347	0.0051565	0.0052044	11.057
1013.7	0.019498	0.029917	-0.021697	-0.23414	-0.4993	-0.73067	-1.1498	-1.5096	-1.9913	-2.4397	-2.6859	-2.5744	-1.9692	-0.99711	-0.26884	0.013907	0.47297	0.84196	0.89178	0.71087	0.33809	0.084975	-0.082099	-0.1638	-0.16596	-0.16178	-0.11042	-0.063097	0.0067249	0.017159	11.293
1011.1	0.024008	0.01068	-0.023336	-0.20451	-0.46719	-0.74223	-1.147	-1.6177	-2.0032	-2.4897	-2.7505	-2.6613	-2.0541	-1.0552	-0.32838	-0.043309	0.43568	0.82408	0.90563	0.72064	0.35089	0.10288	-0.080773	-0.15241	-0.17624	-0.14913	-0.12558	-0.067288	-0.0040361	0.020236	11.507
1012.4	0.0011763	-0.00063464	-0.038557	-0.20552	-0.48161	-0.76404	-1.1441	-1.5835	-1.935	-2.524	-2.8029	-2.7238	-2.1103	-1.1305	-0.38167	-0.090946	0.40292	0.80329	0.89437	0.72286	0.36368	0.1071	-0.048549	-0.13482	-0.16338	-0.15186	-0.12391	-0.078956	-0.016153	0.00071656	11.704
1011.4	-0.0079838	-0.0054045	-0.064532	-0.23766	-0.43727	-0.72906	-1.1308	-1.5897	-1.9338	-2.5485	-2.8414	-2.769	-2.1758	-1.1623	-0.40477	-0.10637	0.38347	0.78762	0.90672	0.74578	0.38629	0.11607	-0.060875	-0.13495	-0.14806	-0.15788	-0.12547	-0.072414	-0.0099966	-0.0067458	11.894
1011.8	-0.015531	-0.019899	-0.059965	-0.23002	-0.44399	-0.69616	-1.1261	-1.5846	-1.9668	-2.5551	-2.8502	-2.7927	-2.1894	-1.1693	-0.41092	-0.10309	0.38036	0.79063	0.89347	0.75489	0.39351	0.13788	-0.067004	-0.13209	-0.1508	-0.14761	-0.12247	-0.09357	-0.014685	0.0052594	12.088
1012.4	-0.026142	-0.01983	-0.076723	-0.23292	-0.43041	-0.72201	-1.1485	-1.6092	-2.0229	-2.5786	-2.8689	-2.8178	-2.2221	-1.207	-0.42219	-0.11234	0.36927	0.7835	0.8944	0.75446	0.40519	0.13782	-0.054703	-0.13201	-0.14513	-0.14316	-0.13722	-0.094953	-0.049664	-0.018785	12.187
1012	-0.020045	-0.015032	-0.069082	-0.1844	-0.42899	-0.67	-1.1387	-1.6011	-1.9739	-2.6077	-2.8904	-2.8661	-2.2761	-1.2766	-0.47945	-0.16484	0.33417	0.77229	0.89478	0.75953	0.42317	0.13651	-0.047045	-0.1393	-0.13956	-0.14757	-0.12688	-0.084296	-0.031431	-0.0037219	12.351
1011.6	-0.049003	-0.011858	-0.070636	-0.19658	-0.45056	-0.70771	-1.1522	-1.6015	-2.0026	-2.6213	-2.9374	-2.8814	-2.3051	-1.291	-0.51235	-0.19736	0.34038	0.76923	0.90515	0.76303	0.43072	0.16438	-0.033257	-0.10872	-0.13815	-0.14762	-0.12102	-0.073753	-0.03297	0.00073596	12.443
1009.7	-0.090228	-0.061815	-0.066068	-0.20748	-0.43978	-0.72375	-1.1398	-1.6397	-1.9696	-2.6311	-2.9566	-2.9105	-2.3287	-1.3257	-0.53293	-0.22081	0.31342	0.76575	0.8911	0.76135	0.41963	0.16917	-0.039469	-0.13372	-0.15252	-0.14785	-0.1123	-0.09776	-0.052972	-0.026392	12.541
1007.5	-0.061312	-0.065178	-0.086105	-0.1819	-0.43228	-0.70559	-1.1339	-1.5989	-1.9868	-2.6507	-2.9629	-2.9387	-2.3587	-1.3562	-0.55363	-0.23375	0.32025	0.76069	0.91024	0.76768	0.43691	0.17688	-0.033516	-0.1224	-0.14583	-0.13802	-0.10384	-0.092671	-0.048466	-0.042923	12.617
1008.6	-0.079612	-0.085963	-0.070619	-0.14665	-0.44362	-0.65096	-1.1196	-1.559	-2.0171	-2.6492	-2.9713	-2.9668	-2.3722	-1.3546	-0.55284	-0.25184	0.29544	0.75669	0.90935	0.78754	0.4305	0.16928	-0.028777	-0.11339	-0.14424	-0.1524	-0.12284	-0.10319	-0.03762	-0.032275	12.663
1008.8	-0.075011	-0.084335	-0.099874	-0.15899	-0.39066	-0.66578	-1.1281	-1.6075	-1.9418	-2.6551	-2.9828	-2.9712	-2.3779	-1.356	-0.5611	-0.24887	0.2906	0.75976	0.91623	0.7635	0.4259	0.15747	-0.022703	-0.1134	-0.14984	-0.15534	-0.14356	-0.088513	-0.04836	-0.050205	12.689
1007.1	-0.098096	-0.087722	-0.11845	-0.1837	-0.36787	-0.67163	-1.1226	-1.6024	-2.0144	-2.6517	-2.9827	-2.9683	-2.3834	-1.3676	-0.54243	-0.24933	0.28332	0.74104	0.89766	0.77116	0.43415	0.15924	-0.030319	-0.11798	-0.13874	-0.15121	-0.13342	-0.10859	-0.065334	-0.035226	12.722
1007.8	-0.076654	-0.097445	-0.095429	-0.21264	-0.38253	-0.66136	-1.1046	-1.6137	-1.9629	-2.6453	-2.9689	-2.9648	-2.3981	-1.3852	-0.56175	-0.25998	0.27697	0.73395	0.89994	0.77228	0.44131	0.16648	-0.022611	-0.12374	-0.1443	-0.15695	-0.15407	-0.10453	-0.071417	-0.035307	12.739
1007.5	-0.079701	-0.079832	-0.11533	-0.18065	-0.38889	-0.60248	-1.1221	-1.6278	-1.9575	-2.6523	-2.985	-2.9909	-2.4136	-1.4196	-0.59643	-0.27877	0.26921	0.72579	0.90158	0.78683	0.44588	0.16066	-0.050263	-0.1282	-0.15147	-0.1511	-0.14226	-0.13246	-0.076231	-0.04875	12.735
1008.4	-0.096505	-0.087769	-0.11532	-0.18642	-0.39879	-0.66577	-1.0966	-1.622	-2.0073	-2.6484	-2.9806	-2.9788	-2.4159	-1.3997	-0.58102	-0.26295	0.27218	0.73349	0.90809	0.77495	0.45295	0.17378	-0.025657	-0.11635	-0.13863	-0.14954	-0.14363	-0.13101	-0.079038	-0.069927	12.729
1009	-0.1102	-0.087689	-0.1107	-0.194	-0.35363	-0.6442	-1.109	-1.598	-2.0634	-2.6687	-2.984	-2.9801	-2.4263	-1.4128	-0.60852	-0.2829	0.2858	0.73797	0.89884	0.76496	0.44521	0.18392	-0.02873	-0.11779	-0.14983	-0.13197	-0.13166	-0.11506	-0.074419	-0.063834	12.702
1008.2	-0.10104	-0.098986	-0.095335	-0.18199	-0.34745	-0.59261	-1.0853	-1.6209	-1.9694	-2.6615	-2.9762	-2.9826	-2.3972	-1.3954	-0.58445	-0.26144	0.27998	0.74359	0.89819	0.77673	0.43519	0.1723	-0.033388	-0.13103	-0.15985	-0.15249	-0.13173	-0.12844	-0.091261	-0.060694	12.683
1007.8	-0.095017	-0.099014	-0.11078	-0.19273	-0.37434	-0.59136	-1.1118	-1.56	-2.0043	-2.6453	-2.9859	-2.9554	-2.3804	-1.3713	-0.56498	-0.26619	0.297	0.76221	0.91865	0.77228	0.42939	0.17235	-0.030286	-0.12376	-0.15988	-0.15844	-0.14071	-0.11915	-0.063759	-0.083355	12.64
1006.3	-0.092086	-0.11211	-0.095556	-0.16547	-0.33321	-0.6362	-1.0888	-1.5716	-1.9909	-2.6288	-2.9614	-2.9282	-2.3454	-1.3441	-0.55276	-0.24025	0.31749	0.76663	0.91136	0.76228	0.42555	0.17114	-0.03651	-0.1386	-0.16155	-0.16597	-0.13946	-0.12731	-0.091509	-0.060923	12.548
1004.4	-0.090825	-0.089673	-0.12507	-0.1337	-0.31705	-0.58975	-1.0838	-1.5452	-1.9398	-2.607	-2.9293	-2.9289	-2.3214	-1.3233	-0.54382	-0.22975	0.29342	0.78809	0.90582	0.76688	0.41139	0.14329	-0.022728	-0.14035	-0.16755	-0.17214	-0.15015	-0.11693	-0.073184	-0.073221	12.384
1005	-0.078474	-0.078349	-0.12653	-0.1504	-0.34015	-0.606	-1.0974	-1.5384	-1.9508	-2.5787	-2.8831	-2.8717	-2.2814	-1.2668	-0.48594	-0.1799	0.3288	0.77763	0.91394	0.75844	0.39164	0.12411	-0.065953	-0.14615	-0.17164	-0.17941	-0.14855	-0.12217	-0.079405	-0.063987	12.246
1004.8	-0.076906	-0.084674	-0.13114	-0.14728	-0.31853	-0.61235	-1.0687	-1.5492	-1.9229	-2.5431	-2.8616	-2.825	-2.239	-1.2286	-0.44032	-0.14744	0.35661	0.78113	0.90695	0.75223	0.39484	0.11679	-0.068935	-0.15935	-0.17738	-0.18088	-0.15152	-0.12614	-0.060912	-0.061068	12.072
1005	-0.082976	-0.073431	-0.091111	-0.14278	-0.35345	-0.53359	-1.083	-1.5352	-1.9506	-2.5206	-2.8065	-2.7771	-2.1971	-1.1959	-0.42381	-0.12106	0.37814	0.79093	0.89957	0.74572	0.39624	0.11378	-0.082826	-0.16663	-0.18442	-0.18521	-0.16933	-0.13809	-0.083972	-0.068533	11.924
1006.5	-0.059892	-0.07965	-0.087865	-0.13338	-0.32975	-0.62624	-1.0713	-1.5451	-1.9063	-2.5122	-2.7734	-2.7319	-2.1554	-1.1572	-0.39699	-0.088354	0.39764	0.7997	0.89391	0.73822	0.36734	0.094519	-0.096554	-0.18253	-0.18702	-0.18642	-0.16608	-0.14193	-0.088413	-0.054921	11.72
1007.5	-0.038498	-0.039333	-0.077009	-0.14849	-0.34098	-0.61739	-1.0687	-1.459	-1.8663	-2.4718	-2.7075	-2.658	-2.0745	-1.0988	-0.34582	-0.054183	0.42806	0.79892	0.88289	0.71517	0.3431	0.090025	-0.11183	-0.18524	-0.19671	-0.19497	-0.15258	-0.1563	-0.082217	-0.082037	11.497
1008.2	-0.069012	-0.057064	-0.052514	-0.12092	-0.33409	-0.57308	-1.0506	-1.5012	-1.8091	-2.4326	-2.6597	-2.5934	-2.0052	-1.0442	-0.30945	-0.0030003	0.45551	0.82166	0.89097	0.70369	0.3578	0.0839	-0.10572	-0.19693	-0.19802	-0.18612	-0.16429	-0.13101	-0.063629	-0.041357	11.29
1010.5	-0.053638	-0.037576	-0.053947	-0.14354	-0.33833	-0.62203	-1.0496	-1.5053	-1.8338	-2.3911	-2.6112	-2.5291	-1.9357	-0.97111	-0.25825	0.032477	0.476	0.83292	0.88311	0.67187	0.31535	0.054472	-0.12078	-0.2081	-0.21728	-0.20317	-0.18025	-0.13605	-0.08513	-0.059178	10.988
1010.9	-0.036832	-0.052063	-0.032523	-0.10388	-0.35328	-0.63171	-1.0464	-1.4465	-1.7894	-2.351	-2.5592	-2.4652	-1.8492	-0.9031	-0.19607	0.077241	0.51422	0.86249	0.88424	0.66693	0.28109	0.025041	-0.1315	-0.21098	-0.2257	-0.20892	-0.18013	-0.11344	-0.08186	-0.056124	10.706
1010.1	-0.039844	-0.035842	-0.049155	-0.12064	-0.36552	-0.57192	-1.0275	-1.4538	-1.9192	-2.2983	-2.4883	-2.3697	-1.7635	-0.81458	-0.13403	0.12216	0.55631	0.85996	0.88645	0.65639	0.26652	0.01635	-0.15151	-0.23741	-0.2329	-0.22941	-0.18758	-0.11616	-0.045251	-0.021671	10.41
1009	-0.043091	-0.040855	-0.056854	-0.12538	-0.37081	-0.59687	-1.0483	-1.4753	-1.8373	-2.2599	-2.4178	-2.2951	-1.6636	-0.75395	-0.080406	0.16554	0.58284	0.87244	0.86726	0.627	0.24152	-0.0072561	-0.16088	-0.24786	-0.23883	-0.22405	-0.18651	-0.13489	-0.049847	-0.04577	10.105
1007.3	-0.0095411	-0.013506	-0.031019	-0.15927	-0.37289	-0.59643	-1.017	-1.4334	-1.7706	-2.1947	-2.3333	-2.2184	-1.6026	-0.675	-0.024785	0.22932	0.60704	0.86553	0.8586	0.62001	0.22102	-0.026407	-0.1935	-0.24831	-0.23785	-0.21991	-0.19563	-0.14044	-0.031598	-0.01275	9.7674
1010.5	0.0057152	-0.00062909	-0.032537	-0.14045	-0.36818	-0.60571	-0.99782	-1.4105	-1.7974	-2.1471	-2.2565	-2.1141	-1.5166	-0.61919	0.047033	0.28259	0.64657	0.86942	0.84016	0.59588	0.20549	-0.036633	-0.21438	-0.27085	-0.24409	-0.22068	-0.19053	-0.13472	-0.034488	-0.012764	9.4592
1010.9	0.028669	0.017101	-0.0113	-0.13257	-0.37955	-0.61356	-1.0103	-1.3778	-1.695	-2.0947	-2.181	-2.0206	-1.401	-0.50986	0.10252	0.34266	0.68314	0.87232	0.82981	0.5719	0.17121	-0.07335	-0.23747	-0.27662	-0.28074	-0.24392	-0.19934	-0.13203	-0.034512	0.0023	9.1051
1012.6	0.028468	0.026695	0.013314	-0.15359	-0.42189	-0.61261	-0.97125	-1.3236	-1.7408	-2.0678	-2.1062	-1.9309	-1.3031	-0.45237	0.15113	0.38057	0.70508	0.88905	0.81555	0.54574	0.14286	-0.089327	-0.25077	-0.29214	-0.27176	-0.2421	-0.18723	-0.12397	-0.031466	0.011139	8.7545
1016.4	0.035989	0.028173	-0.00039829	-0.16987	-0.42527	-0.64284	-0.98765	-1.3293	-1.6844	-2.0071	-2.0459	-1.8532	-1.2261	-0.36964	0.19761	0.42668	0.72373	0.89394	0.80246	0.49946	0.12604	-0.11964	-0.24064	-0.31142	-0.26376	-0.24691	-0.17481	-0.14183	-0.010026	0.02444	8.391
1017.5	0.072259	0.042595	0.013318	-0.18651	-0.41681	-0.66319	-0.9595	-1.3083	-1.6594	-1.9647	-1.9779	-1.7576	-1.1441	-0.30053	0.23961	0.46308	0.75661	0.88982	0.77319	0.47539	0.087548	-0.14284	-0.28613	-0.33569	-0.30417	-0.28423	-0.20539	-0.13649	-0.014492	0.034992	8.0309
1016.4	0.069511	0.068378	0.011704	-0.17312	-0.44514	-0.62668	-0.95492	-1.2867	-1.6274	-1.9168	-1.9106	-1.6889	-1.0556	-0.24571	0.29357	0.51421	0.78034	0.89558	0.75538	0.44435	0.050702	-0.16492	-0.29096	-0.33018	-0.31573	-0.2498	-0.18516	-0.11427	0.0052923	0.038071	7.6482
1019	0.091851	0.077664	0.011702	-0.22082	-0.44727	-0.63795	-0.97953	-1.3062	-1.5971	-1.8547	-1.8251	-1.5959	-0.96971	-0.16747	0.34292	0.55274	0.78903	0.89672	0.74219	0.4291	0.013837	-0.19209	-0.31602	-0.35257	-0.28819	-0.27081	-0.19191	-0.10465	0.01128	0.061697	7.2297
1018.1	0.10849	0.098376	0.0087382	-0.20592	-0.41635	-0.64815	-0.96462	-1.2511	-1.5664	-1.7818	-1.7444	-1.507	-0.88435	-0.093012	0.39822	0.58835	0.80343	0.88419	0.71011	0.3902	-0.030398	-0.22585	-0.33779	-0.3616	-0.29557	-0.28122	-0.20086	-0.11411	0.027982	0.058623	6.8507
1017.7	0.11912	0.10329	-0.0065028	-0.24217	-0.41167	-0.61786	-0.92651	-1.2032	-1.5247	-1.736	-1.6726	-1.4108	-0.7938	-0.028949	0.46002	0.64685	0.82965	0.88791	0.68904	0.34787	-0.058419	-0.25062	-0.36376	-0.37473	-0.30132	-0.28419	-0.19954	-0.11275	0.032561	0.10328	6.472
1018.1	0.1448	0.11438	-0.013999	-0.24673	-0.43448	-0.60773	-0.90747	-1.2283	-1.489	-1.684	-1.5944	-1.3368	-0.71586	0.016873	0.50356	0.66351	0.85069	0.86292	0.65173	0.32888	-0.092291	-0.28553	-0.3834	-0.39486	-0.33328	-0.28556	-0.20375	-0.11922	0.044648	0.10478	6.0545
1017.3	0.14644	0.13214	-0.0049072	-0.24241	-0.42994	-0.56939	-0.89533	-1.2202	-1.4552	-1.6342	-1.4979	-1.2348	-0.61524	0.10389	0.54937	0.73449	0.87421	0.8619	0.6323	0.27553	-0.11896	-0.32955	-0.41268	-0.4198	-0.34481	-0.29597	-0.21431	-0.11799	0.076707	0.12122	5.6341
1020.1	0.13703	0.13173	-0.017111	-0.23879	-0.44351	-0.59532	-0.91149	-1.2228	-1.4207	-1.5708	-1.4366	-1.1395	-0.54484	0.15089	0.57701	0.75093	0.86281	0.83995	0.59657	0.25286	-0.17154	-0.35916	-0.4298	-0.44329	-0.3592	-0.30096	-0.23555	-0.13346	0.050689	0.10908	5.3183
1021.3	0.15037	0.14752	-0.012455	-0.26245	-0.45597	-0.6236	-0.87751	-1.2034	-1.365	-1.5224	-1.3558	-1.054	-0.44485	0.22825	0.6151	0.77293	0.87999	0.83077	0.55048	0.19621	-0.20213	-0.37324	-0.45357	-0.45143	-0.35604	-0.30929	-0.21775	-0.12413	0.044652	0.12082	4.8336
1022.8	0.15465	0.13931	0.0041678	-0.24707	-0.43089	-0.60661	-0.85779	-1.1425	-1.3108	-1.4616	-1.2818	-0.9563	-0.35972	0.28255	0.65284	0.7916	0.88021	0.81151	0.51704	0.14108	-0.25321	-0.40749	-0.47262	-0.44063	-0.36945	-0.30876	-0.21888	-0.11873	0.055063	0.10574	4.4437
1024.9	0.17234	0.14379	-0.030558	-0.25114	-0.43322	-0.57803	-0.83186	-1.089	-1.2704	-1.3892	-1.1922	-0.87378	-0.26735	0.3546	0.68685	0.82189	0.88442	0.78529	0.48629	0.098614	-0.28782	-0.45156	-0.48221	-0.47281	-0.38955	-0.33405	-0.22432	-0.10932	0.077539	0.12181	4.012
1024.9	0.17838	0.16921	-0.01544	-0.23306	-0.43176	-0.58609	-0.84187	-1.083	-1.2182	-1.326	-1.1185	-0.77612	-0.20041	0.41079	0.72234	0.82809	0.87692	0.77562	0.44817	0.05336	-0.34195	-0.47617	-0.5216	-0.46988	-0.37565	-0.33115	-0.20542	-0.1028	0.08972	0.13373	3.6101
1024.9	0.1889	0.15645	-0.042614	-0.2436	-0.42516	-0.54273	-0.77931	-1.0769	-1.1877	-1.2674	-1.0433	-0.71253	-0.13787	0.44557	0.75934	0.85542	0.8784	0.7429	0.41281	0.022067	-0.37565	-0.50367	-0.5337	-0.5045	-0.36867	-0.3225	-0.1981	-0.10022	0.094102	0.17047	3.2183
1024.7	0.19351	0.15011	-0.030562	-0.24054	-0.42667	-0.55715	-0.77083	-1.0981	-1.1474	-1.226	-0.96801	-0.63043	-0.066495	0.49267	0.76434	0.86631	0.85739	0.70551	0.35353	-0.042016	-0.42549	-0.55162	-0.56113	-0.5176	-0.41041	-0.31682	-0.21266	-0.079279	0.10789	0.17653	2.8109
1023	0.18623	0.14881	-0.060816	-0.25005	-0.35557	-0.54049	-0.75657	-1.0516	-1.1115	-1.1523	-0.8993	-0.55386	0.0047708	0.55877	0.82204	0.88141	0.86027	0.66408	0.31438	-0.085903	-0.47466	-0.59312	-0.58625	-0.51123	-0.42369	-0.33322	-0.23052	-0.082074	0.097408	0.16938	2.4234
1024.5	0.20252	0.14398	-0.068327	-0.24051	-0.39761	-0.52201	-0.73574	-1.0379	-1.0838	-1.1106	-0.80758	-0.46465	0.087776	0.58676	0.82725	0.90152	0.86207	0.62719	0.26301	-0.13742	-0.5135	-0.61983	-0.62022	-0.55515	-0.42186	-0.33697	-0.21866	-0.081944	0.11389	0.17943	2.0428
1028.3	0.18673	0.15133	-0.069418	-0.24565	-0.401	-0.52821	-0.70888	-0.92238	-1.0422	-1.0496	-0.76457	-0.38873	0.14404	0.62537	0.84021	0.89052	0.8438	0.58734	0.20985	-0.18686	-0.56419	-0.64921	-0.6496	-0.58209	-0.42715	-0.36432	-0.22496	-0.092012	0.11196	0.195	1.637
1029.6	0.17761	0.15248	-0.028989	-0.23654	-0.38414	-0.51136	-0.71936	-0.90988	-0.9962	-0.99916	-0.68197	-0.32822	0.2089	0.64566	0.8537	0.89093	0.81561	0.55417	0.15764	-0.23303	-0.5897	-0.68448	-0.65036	-0.57818	-0.41545	-0.34534	-0.24207	-0.086713	0.11629	0.1889	1.2447
1031.3	0.16683	0.15718	-0.079756	-0.22104	-0.38025	-0.51051	-0.77643	-0.89489	-0.95856	-0.95165	-0.63105	-0.25524	0.27506	0.69584	0.86187	0.888	0.81275	0.51607	0.10263	-0.29317	-0.65998	-0.70346	-0.67928	-0.60576	-0.46171	-0.37331	-0.22168	-0.10609	0.1175	0.16955	0.87229
1033	0.17254	0.13654	-0.066081	-0.22981	-0.38137	-0.48591	-0.71435	-0.87702	-0.92259	-0.91197	-0.58035	-0.21333	0.30342	0.72316	0.87004	0.89114	0.78302	0.48444	0.07439	-0.34542	-0.68793	-0.75553	-0.69935	-0.59209	-0.45136	-0.36269	-0.23549	-0.091675	0.12182	0.17225	0.54846
1033	0.16662	0.12856	-0.067684	-0.21784	-0.38946	-0.48099	-0.69015	-0.84854	-0.88511	-0.86906	-0.53049	-0.1471	0.34534	0.74126	0.86532	0.88202	0.76049	0.45369	0.025417	-0.39494	-0.74741	-0.78128	-0.71117	-0.60634	-0.48018	-0.37855	-0.2486	-0.077486	0.11741	0.19856	0.17387
1033.8	0.1814	0.12225	-0.046737	-0.20126	-0.36813	-0.46798	-0.62735	-0.81941	-0.83263	-0.82093	-0.46695	-0.10561	0.40705	0.76619	0.86613	0.87378	0.73123	0.40961	-0.019517	-0.43957	-0.79184	-0.81502	-0.73607	-0.62842	-0.48682	-0.39957	-0.27158	-0.055325	0.15912	0.19833	-0.13304
1034.7	0.18263	0.12828	-0.079461	-0.24267	-0.36929	-0.46602	-0.6918	-0.79481	-0.8218	-0.78052	-0.40356	-0.045645	0.43271	0.77307	0.87019	0.85793	0.70057	0.34944	-0.07826	-0.49647	-0.8202	-0.85313	-0.77596	-0.63373	-0.48236	-0.38066	-0.2568	-0.074673	0.14559	0.17769	-0.49376
1033.6	0.1754	0.11745	-0.079635	-0.21783	-0.34378	-0.48552	-0.6643	-0.79559	-0.78385	-0.73995	-0.36398	-0.0025112	0.46933	0.79942	0.85989	0.85582	0.66216	0.31077	-0.14151	-0.55899	-0.86894	-0.87701	-0.78133	-0.65014	-0.49108	-0.37108	-0.23253	-0.065655	0.15027	0.19256	-0.78382
1031.3	0.19067	0.11769	-0.058808	-0.21821	-0.36082	-0.44037	-0.62484	-0.76744	-0.77404	-0.70645	-0.31659	0.05291	0.50647	0.81324	0.87299	0.85466	0.6576	0.2709	-0.18824	-0.58355	-0.91024	-0.90201	-0.81613	-0.64878	-0.48808	-0.3962	-0.26203	-0.077513	0.13706	0.19886	-1.0385
1030.2	0.17295	0.11466	-0.064883	-0.22891	-0.35468	-0.45517	-0.62552	-0.7562	-0.759	-0.67336	-0.29198	0.074575	0.53594	0.81109	0.86272	0.83285	0.62966	0.22898	-0.22211	-0.63228	-0.9461	-0.93605	-0.81095	-0.69088	-0.51071	-0.41952	-0.24488	-0.075015	0.1447	0.17698	-1.3437
1031.3	0.1534	0.098751	-0.084238	-0.23313	-0.34297	-0.44996	-0.59951	-0.73442	-0.71497	-0.64512	-0.24344	0.12686	0.56575	0.81177	0.86342	0.82139	0.60943	0.19947	-0.27249	-0.66893	-0.98591	-0.96385	-0.84624	-0.70597	-0.52263	-0.3977	-0.23881	-0.072363	0.13555	0.1841	-1.5755
1034.9	0.13654	0.10627	-0.061544	-0.19953	-0.3321	-0.43881	-0.60164	-0.70947	-0.69818	-0.60318	-0.19787	0.18472	0.61567	0.83895	0.85563	0.80345	0.56825	0.13575	-0.3415	-0.74704	-1.0216	-0.98492	-0.87767	-0.72922	-0.54696	-0.42613	-0.2553	-0.048819	0.1351	0.18352	-1.8323
1036.2	0.14673	0.093551	-0.060052	-0.18746	-0.33488	-0.44314	-0.59948	-0.68023	-0.64851	-0.56122	-0.1529	0.2168	0.6336	0.84091	0.83066	0.77986	0.52409	0.10328	-0.39427	-0.77402	-1.0567	-1.0037	-0.88414	-0.69838	-0.52425	-0.38441	-0.24627	-0.064198	0.15576	0.18037	-2.0636
1039.5	0.13292	0.091785	-0.077561	-0.20325	-0.34013	-0.42735	-0.57652	-0.67502	-0.62643	-0.52442	-0.10786	0.26039	0.65594	0.84113	0.83111	0.74587	0.49854	0.028898	-0.44587	-0.82992	-1.0936	-1.0418	-0.89315	-0.72743	-0.5487	-0.42009	-0.27838	-0.078187	0.14936	0.17696	-2.2723
1042.9	0.13248	0.086725	-0.08637	-0.18032	-0.32152	-0.40856	-0.56769	-0.65356	-0.59451	-0.491	-0.076328	0.27925	0.68668	0.85779	0.80949	0.71802	0.44335	-0.014432	-0.50551	-0.87941	-1.1273	-1.0556	-0.8873	-0.71929	-0.54001	-0.40169	-0.24476	-0.059962	0.14585	0.18067	-2.4872
1040.2	0.1166	0.065045	-0.093962	-0.21038	-0.32242	-0.40335	-0.55949	-0.64646	-0.57184	-0.45892	-0.033771	0.3364	0.71281	0.86905	0.81484	0.7125	0.40583	-0.073896	-0.54436	-0.92015	-1.1649	-1.0769	-0.92248	-0.73535	-0.54696	-0.42397	-0.26693	-0.047335	0.14331	0.17676	-2.6609
1038.3	0.15401	0.082609	-0.079214	-0.18578	-0.32144	-0.39294	-0.54784	-0.63872	-0.57146	-0.42774	-0.013937	0.33245	0.71553	0.8527	0.80376	0.69733	0.38719	-0.10786	-0.57458	-0.93567	-1.1859	-1.1089	-0.94221	-0.72513	-0.52177	-0.42608	-0.23144	-0.056349	0.15996	0.19169	-2.8091
1036.6	0.14369	0.055848	-0.083782	-0.20959	-0.30726	-0.40632	-0.49987	-0.62044	-0.56232	-0.4255	0.010898	0.35907	0.7297	0.84662	0.78263	0.66383	0.36366	-0.1453	-0.62466	-0.98213	-1.2197	-1.1193	-0.9137	-0.75361	-0.53782	-0.43688	-0.25627	-0.056384	0.13954	0.16872	-2.9667
1035.1	0.12762	0.098309	-0.091412	-0.21142	-0.34006	-0.3641	-0.52551	-0.6063	-0.553	-0.41222	0.039149	0.39814	0.74808	0.85383	0.78534	0.67069	0.33866	-0.16985	-0.66339	-1.0114	-1.2403	-1.1438	-0.93146	-0.76044	-0.54824	-0.44173	-0.25946	-0.044963	0.14551	0.16594	-3.0643
1035.1	0.12003	0.096839	-0.04816	-0.20253	-0.30939	-0.3704	-0.51984	-0.59433	-0.53285	-0.40007	0.03252	0.39341	0.74235	0.84025	0.77732	0.64348	0.32666	-0.19903	-0.68301	-1.0362	-1.265	-1.1524	-0.91806	-0.77033	-0.54548	-0.41615	-0.21771	-0.053958	0.14846	0.17618	-3.1619
1033.4	0.12183	0.079744	-0.07678	-0.20139	-0.30031	-0.3997	-0.51647	-0.59084	-0.52518	-0.37779	0.059101	0.42177	0.76803	0.85819	0.75799	0.62961	0.30784	-0.21049	-0.72032	-1.0718	-1.28	-1.1642	-0.95094	-0.79161	-0.55466	-0.4369	-0.24846	-0.041277	0.13679	0.16768	-3.2405
1032.3	0.11154	0.051439	-0.08867	-0.20901	-0.30207	-0.39686	-0.51147	-0.59893	-0.50413	-0.37509	0.074093	0.43291	0.77316	0.84855	0.75551	0.63021	0.29447	-0.22373	-0.72538	-1.0761	-1.2886	-1.1598	-0.92496	-0.77673	-0.55937	-0.42726	-0.25449	-0.042515	0.15492	0.17225	-3.316
1033.8	0.10233	0.051388	-0.0631	-0.20135	-0.33559	-0.41689	-0.53461	-0.58019	-0.50921	-0.3608	0.069003	0.43386	0.77495	0.85041	0.75127	0.61273	0.29556	-0.23488	-0.7301	-1.0932	-1.3028	-1.1739	-0.9551	-0.78706	-0.54607	-0.43101	-0.23666	-0.015323	0.12929	0.16029	-3.3945
1036.2	0.10367	0.0638	-0.089843	-0.19046	-0.30745	-0.37791	-0.51659	-0.58329	-0.49222	-0.3554	0.082114	0.43748	0.76309	0.8574	0.74156	0.61431	0.27237	-0.24075	-0.73953	-1.103	-1.2998	-1.1856	-0.98138	-0.788	-0.53796	-0.41282	-0.24634	-0.030719	0.1543	0.17015	-3.4103
1040	0.11512	0.050982	-0.07162	-0.21351	-0.28853	-0.38128	-0.5105	-0.57225	-0.48044	-0.33731	0.090131	0.44357	0.76608	0.85577	0.74993	0.60751	0.25779	-0.25607	-0.73972	-1.0929	-1.3038	-1.1827	-0.96003	-0.75826	-0.55389	-0.43131	-0.24416	-0.022948	0.13594	0.16229	-3.4637
1043.8	0.1073	0.061744	-0.083179	-0.19195	-0.28432	-0.3547	-0.50718	-0.57898	-0.49429	-0.33158	0.093119	0.43896	0.76755	0.84213	0.74394	0.59927	0.24795	-0.26801	-0.77319	-1.0951	-1.3134	-1.1841	-0.96088	-0.76952	-0.5601	-0.41402	-0.23743	-0.03562	0.13096	0.1545	-3.448
1040.6	0.11651	0.058805	-0.070196	-0.21326	-0.30769	-0.40156	-0.49619	-0.57631	-0.49155	-0.34171	0.10318	0.45086	0.76986	0.82986	0.73204	0.58466	0.23684	-0.29762	-0.77955	-1.126	-1.3188	-1.2048	-0.97425	-0.78187	-0.53988	-0.41392	-0.25822	-0.05887	0.13881	0.15194	-3.4668
1039.3	0.13151	0.074622	-0.091053	-0.20168	-0.30487	-0.37042	-0.501	-0.57857	-0.49503	-0.33918	0.10486	0.45133	0.76355	0.83686	0.73766	0.60645	0.24765	-0.28017	-0.77485	-1.112	-1.316	-1.1834	-1.0039	-0.77842	-0.52956	-0.41736	-0.23115	-0.035838	0.12114	0.15794	-3.4417
1037.6	0.10198	0.087275	-0.097151	-0.21533	-0.31511	-0.39973	-0.49766	-0.57206	-0.50304	-0.34432	0.091711	0.44448	0.77205	0.83529	0.7295	0.58194	0.23626	-0.2902	-0.79699	-1.1354	-1.3326	-1.1896	-0.98291	-0.7968	-0.57295	-0.44925	-0.22155	-0.031935	0.12731	0.13785	-3.4291
1034.5	0.099422	0.054496	-0.079441	-0.21455	-0.31759	-0.39751	-0.49065	-0.5648	-0.4974	-0.35143	0.092205	0.46272	0.77735	0.84985	0.73808	0.61848	0.26992	-0.2782	-0.78409	-1.1356	-1.3323	-1.1947	-0.95769	-0.81364	-0.57471	-0.39936	-0.23525	-0.0036266	0.11877	0.16173	-3.3914
1032.1	0.099583	0.049858	-0.064738	-0.18817	-0.28594	-0.37294	-0.50307	-0.56608	-0.50564	-0.34452	0.075789	0.43921	0.78485	0.84118	0.74282	0.59702	0.26741	-0.24821	-0.76491	-1.1275	-1.3398	-1.2074	-1.0155	-0.79113	-0.53327	-0.41168	-0.23864	-0.042457	0.14292	0.15176	-3.3883
1034.9	0.096437	0.033977	-0.074986	-0.1997	-0.3014	-0.40993	-0.51578	-0.56469	-0.49134	-0.33748	0.083961	0.43498	0.77845	0.8524	0.7329	0.59841	0.2472	-0.26056	-0.76704	-1.1276	-1.3333	-1.2116	-0.99038	-0.77066	-0.57728	-0.43032	-0.27421	-0.015314	0.13371	0.13833	-3.3285
1034	0.11723	0.052863	-0.07511	-0.19072	-0.29995	-0.33866	-0.51767	-0.56648	-0.50044	-0.33171	0.080619	0.43532	0.77483	0.84867	0.75274	0.6127	0.26254	-0.25557	-0.75221	-1.1067	-1.3286	-1.1981	-0.95513	-0.78548	-0.54037	-0.40516	-0.25546	-0.029529	0.13821	0.16761	-3.272
1034.3	0.11571	0.056003	-0.10346	-0.22056	-0.32581	-0.44383	-0.52174	-0.58588	-0.50174	-0.35606	0.077265	0.42291	0.77169	0.83947	0.75251	0.62451	0.28339	-0.24597	-0.72403	-1.0864	-1.2964	-1.1706	-0.99817	-0.75383	-0.56243	-0.40365	-0.21213	-0.015262	0.13963	0.17339	-3.187
1033.8	0.10536	0.044934	-0.090078	-0.25333	-0.35352	-0.44403	-0.54591	-0.60851	-0.5307	-0.37154	0.054109	0.41233	0.74893	0.85335	0.76075	0.64433	0.30151	-0.21051	-0.69349	-1.0591	-1.2795	-1.1667	-0.94594	-0.76713	-0.54071	-0.44674	-0.23103	-0.055396	0.11875	0.15302	-3.036
1036.6	0.12894	0.062207	-0.091322	-0.21124	-0.31229	-0.42358	-0.51778	-0.60844	-0.53786	-0.39654	0.03738	0.40368	0.73981	0.85263	0.76353	0.65025	0.31724	-0.19538	-0.66805	-1.0285	-1.2458	-1.1479	-0.91356	-0.74522	-0.51866	-0.38856	-0.22901	-0.0074983	0.14823	0.15539	-2.8028
1038.9	0.12411	0.068353	-0.092549	-0.22845	-0.35643	-0.40852	-0.53758	-0.62491	-0.55384	-0.39253	0.025842	0.3966	0.72959	0.83425	0.76986	0.67126	0.35244	-0.13853	-0.626	-0.98445	-1.2111	-1.1211	-0.97745	-0.7519	-0.53242	-0.40319	-0.21263	-0.035586	0.12558	0.1566	-2.5378
1039.3	0.11368	0.080717	-0.098514	-0.22393	-0.32255	-0.41164	-0.5304	-0.62015	-0.56649	-0.43944	-0.0022905	0.36128	0.7206	0.83984	0.77892	0.69494	0.38512	-0.10156	-0.5923	-0.9441	-1.1673	-1.092	-0.92019	-0.75305	-0.52813	-0.38891	-0.23555	-0.062727	0.14928	0.16811	-2.3008
1038.5	0.11236	0.083878	-0.12835	-0.19589	-0.33252	-0.41827	-0.54502	-0.64747	-0.57984	-0.46104	-0.045225	0.31569	0.69536	0.84961	0.8194	0.7196	0.42584	-0.041891	-0.51741	-0.89861	-1.1495	-1.0686	-0.90908	-0.72524	-0.52603	-0.38357	-0.25009	-0.039408	0.14946	0.18135	-2.0794
1036.6	0.12886	0.054309	-0.0868	-0.21564	-0.34923	-0.44443	-0.57954	-0.65163	-0.61528	-0.5031	-0.088364	0.28407	0.68367	0.84657	0.81603	0.7329	0.45954	0.011242	-0.49047	-0.86783	-1.1386	-1.0548	-0.8614	-0.75221	-0.51851	-0.4127	-0.2491	-0.039693	0.15574	0.17734	-1.7943
1032.8	0.12785	0.065557	-0.051218	-0.20457	-0.33761	-0.45409	-0.58728	-0.66305	-0.62911	-0.53409	-0.13187	0.24508	0.66452	0.84519	0.83345	0.75078	0.49739	0.053443	-0.44735	-0.83843	-1.1021	-1.0357	-0.89759	-0.71361	-0.52734	-0.38566	-0.22694	-0.039939	0.14283	0.17952	-1.5533
1031.1	0.14597	0.10042	-0.096286	-0.21377	-0.37057	-0.44043	-0.61089	-0.68965	-0.65317	-0.54716	-0.14704	0.23319	0.66127	0.85261	0.83163	0.76712	0.50872	0.087602	-0.41716	-0.80877	-1.0821	-1.0159	-0.86296	-0.69465	-0.53103	-0.39917	-0.2244	-0.02693	0.13715	0.18568	-1.3056
1030	0.14919	0.10995	-0.094817	-0.22009	-0.35797	-0.43284	-0.61292	-0.71588	-0.67263	-0.56617	-0.17548	0.20415	0.63585	0.85949	0.85329	0.78463	0.53022	0.092565	-0.37416	-0.77705	-1.0512	-0.99965	-0.86693	-0.71103	-0.51782	-0.38096	-0.24932	-0.020412	0.15986	0.20067	-1.0162
1031.7	0.15477	0.084493	-0.097784	-0.2241	-0.37365	-0.45616	-0.63166	-0.73116	-0.69306	-0.59888	-0.19677	0.18691	0.62188	0.84906	0.86309	0.79984	0.56398	0.12794	-0.33702	-0.72307	-1.003	-0.96786	-0.86093	-0.67709	-0.492	-0.39187	-0.21414	-0.054147	0.14604	0.18555	-0.69461
1034.9	0.17073	0.079538	-0.07651	-0.23086	-0.36445	-0.45631	-0.63818	-0.76627	-0.73835	-0.64743	-0.25585	0.13102	0.5739	0.81945	0.86366	0.81552	0.58482	0.16485	-0.28414	-0.67278	-0.96945	-0.92471	-0.82381	-0.65215	-0.50004	-0.37646	-0.23505	-0.059185	0.141	0.19961	-0.36295
1033.4	0.16355	0.10804	-0.082622	-0.26239	-0.3892	-0.46657	-0.63887	-0.77786	-0.77967	-0.69436	-0.29779	0.09271	0.53866	0.80858	0.84254	0.83334	0.62327	0.21693	-0.23122	-0.62572	-0.90112	-0.89296	-0.76809	-0.666	-0.49526	-0.36403	-0.23418	-0.076057	0.11585	0.1765	0.020363
1032.3	0.1726	0.11134	-0.075147	-0.24921	-0.37334	-0.48149	-0.69058	-0.80566	-0.8136	-0.73328	-0.37448	0.02205	0.49294	0.78386	0.87855	0.8477	0.66445	0.27879	-0.16692	-0.55344	-0.86861	-0.8666	-0.77181	-0.64376	-0.46006	-0.35735	-0.20966	-0.06192	0.14887	0.2015	0.36589
1033.2	0.14716	0.10479	-0.086904	-0.23706	-0.37484	-0.49053	-0.64063	-0.81093	-0.85035	-0.79383	-0.44219	-0.017988	0.455	0.78476	0.86658	0.86223	0.70752	0.34981	-0.10511	-0.50809	-0.82282	-0.8228	-0.74261	-0.61065	-0.4734	-0.33702	-0.19638	-0.063314	0.12793	0.16773	0.71193
1033.8	0.1784	0.12683	-0.084089	-0.23403	-0.39881	-0.51566	-0.63202	-0.85529	-0.87422	-0.82085	-0.47842	-0.08097	0.41433	0.76622	0.85968	0.8707	0.71157	0.39003	-0.051814	-0.45508	-0.78168	-0.80651	-0.72861	-0.62289	-0.46342	-0.36387	-0.23825	-0.047603	0.14107	0.16908	1.0809
1035.5	0.18249	0.10624	-0.065949	-0.24414	-0.38678	-0.52121	-0.75983	-0.86722	-0.88994	-0.87281	-0.53551	-0.14657	0.36633	0.74707	0.87268	0.87989	0.75244	0.44434	0.012617	-0.40028	-0.74423	-0.77362	-0.70201	-0.60625	-0.43374	-0.36754	-0.20175	-0.034488	0.15444	0.17612	1.444
1035.1	0.18106	0.13615	-0.090072	-0.26799	-0.41285	-0.51029	-0.81663	-0.905	-0.93917	-0.93427	-0.61695	-0.21279	0.31159	0.71276	0.8555	0.86809	0.77072	0.45747	0.050407	-0.35402	-0.6996	-0.7339	-0.67686	-0.58652	-0.43384	-0.3605	-0.20766	-0.065616	0.1291	0.1645	1.8173
1032.1	0.18014	0.14124	-0.069187	-0.25227	-0.40426	-0.53092	-0.8062	-0.94051	-0.97637	-0.96303	-0.66529	-0.27341	0.26053	0.69828	0.86272	0.88571	0.78496	0.49931	0.10528	-0.3039	-0.66672	-0.7072	-0.67423	-0.55388	-0.42823	-0.34741	-0.22273	-0.056677	0.12348	0.18109	2.1976
1030.6	0.17739	0.12718	-0.069365	-0.28107	-0.42924	-0.55723	-0.75798	-0.96892	-1.0241	-1.0197	-0.73134	-0.34642	0.19561	0.66607	0.86235	0.89304	0.82228	0.5488	0.16742	-0.23586	-0.59194	-0.66501	-0.62703	-0.51883	-0.4164	-0.31929	-0.22166	-0.080165	0.10417	0.15927	2.5977
1031.1	0.18773	0.14137	-0.10092	-0.27806	-0.4453	-0.56015	-0.71238	-1.006	-1.0726	-1.1021	-0.80257	-0.41571	0.1246	0.62209	0.83637	0.88972	0.83709	0.59576	0.21663	-0.18132	-0.53486	-0.62008	-0.61171	-0.55287	-0.42186	-0.31351	-0.21292	-0.059488	0.12964	0.17825	3.0663
1032.6	0.17707	0.13957	-0.093153	-0.27913	-0.44942	-0.54027	-0.81175	-1.0046	-1.1156	-1.1417	-0.88277	-0.50269	0.055194	0.58366	0.8288	0.88987	0.85385	0.63533	0.28075	-0.12841	-0.48474	-0.58613	-0.5853	-0.51768	-0.37975	-0.31298	-0.20392	-0.082654	0.11599	0.15748	3.4805
1035.7	0.18837	0.14535	-0.052575	-0.27075	-0.43844	-0.57364	-0.78938	-1.0567	-1.1524	-1.1901	-0.95617	-0.56863	-0.011145	0.53088	0.80078	0.8736	0.86628	0.67057	0.32741	-0.066205	-0.44702	-0.53993	-0.54753	-0.47782	-0.36207	-0.31486	-0.20464	-0.09525	0.12604	0.13664	3.8337
1034.5	0.16628	0.14251	-0.052768	-0.28153	-0.43411	-0.58067	-0.79451	-1.073	-1.1883	-1.2634	-1.0387	-0.66923	-0.090524	0.49254	0.77145	0.87326	0.87933	0.73456	0.37404	-0.0028811	-0.40262	-0.5091	-0.54828	-0.49993	-0.36392	-0.31952	-0.19345	-0.087638	0.093383	0.1339	4.2326
1031.9	0.17127	0.13643	-0.046838	-0.30907	-0.46454	-0.60128	-0.84319	-1.1369	-1.2345	-1.3247	-1.116	-0.75392	-0.15855	0.44559	0.73025	0.84966	0.88303	0.75093	0.42967	0.035884	-0.34988	-0.46863	-0.50896	-0.47105	-0.35369	-0.29044	-0.19533	-0.076123	0.10846	0.14877	4.6613
1030.6	0.17143	0.13667	-0.054298	-0.27209	-0.47625	-0.60032	-0.8611	-1.1429	-1.2676	-1.3891	-1.1889	-0.83036	-0.22964	0.38586	0.70715	0.81888	0.88106	0.75176	0.46954	0.074742	-0.29935	-0.43606	-0.47504	-0.42732	-0.34171	-0.28638	-0.17673	-0.078902	0.072624	0.12704	5.0905
1026.8	0.15705	0.14351	-0.062097	-0.28066	-0.46017	-0.63628	-0.88844	-1.1501	-1.3187	-1.442	-1.2835	-0.92164	-0.32204	0.31769	0.68239	0.80368	0.88732	0.78876	0.50936	0.13736	-0.25076	-0.4045	-0.46323	-0.46049	-0.32635	-0.24589	-0.18176	-0.097423	0.080421	0.14516	5.468
