11481	13	10	88	30.8	748	1	0	17.4	1.494	128	4096	10	0	0	0	0	191.24	1009.6	1.4416e+006	0.12027	0.061418	42.031	0	0	1	0	0	0	8	0	0
992.83	0.16732	0.080611	-0.11196	-0.3165	-0.41863	-0.50195	-0.72589	-0.86008	-0.85651	-0.80458	-0.44333	-0.047254	0.44962	0.76789	0.87833	0.89937	0.71551	0.3786	-0.077041	-0.4451	-0.73953	-0.75564	-0.70204	-0.55035	-0.38239	-0.27214	-0.15068	0.011692	0.17473	0.18704	0.90044
994.11	0.19034	0.12155	-0.090147	-0.28363	-0.4501	-0.52449	-0.69443	-0.90874	-0.93763	-0.90689	-0.58254	-0.13833	0.34552	0.72785	0.85898	0.8951	0.7818	0.46393	0.045456	-0.34148	-0.65408	-0.68007	-0.63879	-0.53193	-0.36753	-0.27922	-0.12951	-0.0030818	0.17132	0.2096	1.7755
995.8	0.1946	0.11958	-0.089917	-0.23829	-0.41401	-0.56328	-0.77203	-0.96769	-0.97927	-0.9894	-0.71408	-0.29434	0.2252	0.67984	0.85907	0.89037	0.80527	0.54033	0.16748	-0.20113	-0.56713	-0.62976	-0.61897	-0.4509	-0.35118	-0.28182	-0.16223	-0.048769	0.16484	0.18656	2.6832
994.11	0.21969	0.16565	-0.069861	-0.26354	-0.4349	-0.54105	-0.79527	-1.0114	-1.0782	-1.1088	-0.82229	-0.43554	0.12356	0.5826	0.82078	0.90298	0.85979	0.64062	0.26247	-0.12255	-0.45342	-0.54275	-0.55767	-0.4549	-0.32451	-0.23776	-0.13694	-0.039447	0.13254	0.16689	3.5906
995.17	0.18393	0.15893	-0.052791	-0.27568	-0.45463	-0.61657	-0.74482	-1.0258	-1.1457	-1.2044	-0.99542	-0.58172	-0.0083025	0.52118	0.77349	0.86433	0.86672	0.7138	0.3771	-0.016313	-0.37008	-0.48101	-0.49627	-0.4306	-0.3385	-0.245	-0.13672	-0.016505	0.13383	0.14399	4.426
991.13	0.18156	0.14964	-0.056125	-0.27518	-0.4244	-0.57431	-0.81246	-1.1251	-1.2312	-1.2985	-1.1362	-0.76857	-0.17991	0.39793	0.76004	0.85843	0.89218	0.78273	0.46065	0.11946	-0.28064	-0.41563	-0.45758	-0.42344	-0.26217	-0.20432	-0.13587	-0.04221	0.090854	0.17062	5.3749
988.8	0.18987	0.15492	-0.051544	-0.29441	-0.46598	-0.60883	-0.85242	-1.1545	-1.3183	-1.455	-1.2982	-0.93575	-0.33101	0.30629	0.67351	0.81641	0.90209	0.82179	0.54076	0.16986	-0.19932	-0.3401	-0.41165	-0.38417	-0.2786	-0.21817	-0.10907	-0.035689	0.092604	0.1464	6.1798
984.55	0.16401	0.12929	-0.045434	-0.26608	-0.48166	-0.64004	-0.92275	-1.2313	-1.3965	-1.5801	-1.4817	-1.1334	-0.49138	0.20824	0.59414	0.75009	0.8681	0.86105	0.61806	0.26799	-0.12562	-0.29639	-0.35975	-0.32886	-0.26545	-0.19969	-0.13383	-0.050593	0.11038	0.15926	6.9904
983.28	0.1471	0.13603	-0.048668	-0.26157	-0.50453	-0.65099	-0.94645	-1.3622	-1.4829	-1.6737	-1.6335	-1.314	-0.67244	0.071345	0.53978	0.67977	0.85672	0.87054	0.68527	0.36116	-0.046452	-0.22287	-0.32566	-0.29179	-0.24686	-0.17614	-0.13238	-0.038473	0.074239	0.15662	7.8099
982.21	0.14894	0.12144	-0.036306	-0.25886	-0.49971	-0.65664	-0.99315	-1.282	-1.5766	-1.809	-1.782	-1.4836	-0.83864	-0.077159	0.40934	0.61554	0.82613	0.89889	0.7302	0.41058	0.036069	-0.16104	-0.25481	-0.26963	-0.22972	-0.16859	-0.11725	-0.042524	0.067902	0.098215	8.5991
983.7	0.11245	0.10619	-0.023902	-0.27111	-0.49745	-0.69759	-1.0227	-1.3205	-1.6288	-1.9094	-1.9485	-1.6885	-1.0392	-0.21937	0.31314	0.51458	0.76477	0.9026	0.80425	0.51417	0.11521	-0.10352	-0.22462	-0.22261	-0.18595	-0.15039	-0.09278	-0.049451	0.099519	0.11487	9.4262
986.89	0.11995	0.11246	-0.034466	-0.28884	-0.4989	-0.66869	-1.0328	-1.3604	-1.7351	-2.028	-2.0848	-1.881	-1.226	-0.40581	0.1785	0.42282	0.70571	0.88955	0.80746	0.5449	0.20612	-0.013119	-0.16564	-0.18903	-0.16353	-0.10345	-0.077387	-0.030175	0.064437	0.07621	10.229
989.01	0.093295	0.092405	0.0092405	-0.28533	-0.52173	-0.6938	-1.1013	-1.3855	-1.7959	-2.1659	-2.3006	-2.1149	-1.4484	-0.58263	0.031063	0.27355	0.61614	0.88758	0.86586	0.6166	0.24823	0.0095748	-0.11521	-0.1439	-0.13594	-0.13169	-0.072742	-0.032948	0.084736	0.047035	10.944
990.28	0.071346	0.066097	-0.0015606	-0.2584	-0.51119	-0.69791	-1.085	-1.4897	-1.9037	-2.2635	-2.4726	-2.3269	-1.6691	-0.78403	-0.092137	0.1582	0.54328	0.85949	0.8839	0.67727	0.32975	0.073942	-0.064895	-0.11976	-0.12562	-0.098876	-0.078723	-0.015219	0.064333	0.07599	11.654
988.8	0.060604	0.054626	-0.028135	-0.28056	-0.49477	-0.72397	-1.1191	-1.5314	-1.828	-2.3867	-2.6688	-2.5586	-1.9447	-1.0099	-0.26415	0.0021989	0.46076	0.82848	0.89823	0.75274	0.40302	0.15957	-0.021063	-0.099165	-0.088335	-0.075138	-0.060681	-0.019327	0.025338	0.051558	12.382
986.25	0.0046569	0.035051	-0.023383	-0.2639	-0.48081	-0.74241	-1.1088	-1.6054	-1.9046	-2.5611	-2.8809	-2.8004	-2.187	-1.214	-0.44705	-0.15432	0.36283	0.80353	0.91829	0.7758	0.42848	0.20363	0.029188	-0.05003	-0.075556	-0.078252	-0.04873	-0.005842	0.031714	0.033412	13.028
983.06	-0.0063438	-0.007841	-0.067555	-0.18531	-0.50963	-0.73309	-1.1789	-1.6106	-2.0485	-2.6628	-3.0578	-3.0584	-2.446	-1.4517	-0.61138	-0.32782	0.2376	0.71595	0.9301	0.83207	0.4939	0.23903	0.03718	-0.030701	-0.045343	-0.0412	-0.039855	-0.0263	0.019304	0.050324	13.689
981.15	-0.0093558	-0.010957	-0.064507	-0.20433	-0.4887	-0.73303	-1.162	-1.6755	-2.1246	-2.7954	-3.2108	-3.2136	-2.6332	-1.6366	-0.78727	-0.454	0.13677	0.66625	0.90232	0.81734	0.53304	0.28329	0.072009	-0.027826	-0.055632	-0.056275	-0.02017	-0.015375	0.0018874	0.021281	14.205
978.6	-0.072514	-0.041001	-0.078816	-0.21763	-0.46425	-0.71155	-1.1859	-1.7212	-2.0824	-2.8947	-3.349	-3.4184	-2.8291	-1.8108	-0.91926	-0.59708	0.035703	0.61669	0.90627	0.86359	0.56516	0.31291	0.097618	0.018828	-0.031211	-0.044313	-0.011105	-0.037206	0.01437	0.014786	14.806
976.05	-0.069427	-0.08296	-0.11701	-0.19133	-0.42603	-0.70157	-1.2068	-1.7491	-2.1819	-3.0448	-3.4897	-3.5951	-3.0123	-1.9953	-1.0278	-0.71054	-0.045321	0.57216	0.89103	0.88596	0.61449	0.33799	0.12013	0.020395	-0.0062224	-0.023362	-0.034159	-0.045643	-0.021919	-0.0048842	15.345
973.93	-0.10434	-0.10284	-0.12521	-0.21666	-0.44215	-0.69135	-1.1615	-1.7674	-2.2797	-3.0759	-3.6063	-3.7398	-3.1902	-2.1591	-1.1827	-0.82757	-0.13157	0.52342	0.87945	0.88441	0.64029	0.39207	0.16177	0.044791	-0.00037106	-0.014367	-0.0050081	-0.036048	-0.0025969	-0.034561	15.778
972.44	-0.17741	-0.17677	-0.12067	-0.2317	-0.43126	-0.70294	-1.2428	-1.7688	-2.3162	-3.1832	-3.7214	-3.9077	-3.3212	-2.3178	-1.3053	-0.96865	-0.24374	0.47943	0.86297	0.88737	0.64617	0.38207	0.19241	0.08268	-0.0004563	-0.017372	-0.028048	-0.031951	-0.033121	-0.058146	16.144
970.95	-0.19008	-0.22775	-0.20372	-0.2289	-0.34241	-0.64741	-1.1668	-1.7804	-2.35	-3.2591	-3.8101	-4.0151	-3.4846	-2.4477	-1.4009	-1.0568	-0.31132	0.41641	0.85091	0.91188	0.6903	0.41628	0.1894	0.063033	0.02006	-0.01144	-0.0080567	-0.03626	-0.050515	-0.063011	16.57
970.52	-0.19808	-0.2271	-0.21159	-0.2684	-0.36476	-0.60188	-1.1422	-1.7512	-2.3788	-3.3091	-3.8951	-4.1238	-3.5999	-2.5545	-1.5289	-1.1537	-0.38034	0.39265	0.84546	0.91424	0.70002	0.44854	0.22144	0.098234	0.027465	-0.0037081	-0.014316	-0.030639	-0.055241	-0.081496	16.893
968.61	-0.2621	-0.27008	-0.23143	-0.27737	-0.33954	-0.55715	-1.1307	-1.8122	-2.3754	-3.2333	-3.9753	-4.2365	-3.7147	-2.665	-1.5879	-1.2347	-0.45455	0.33112	0.83366	0.93068	0.70137	0.45714	0.21403	0.10437	0.039213	0.01297	-0.028097	-0.049999	-0.085866	-0.098893	17.241
967.34	-0.18787	-0.27215	-0.27753	-0.31208	-0.34667	-0.50546	-1.1138	-1.7844	-2.3762	-3.2825	-4.0287	-4.2936	-3.7941	-2.7636	-1.672	-1.3108	-0.50203	0.29692	0.80759	0.91556	0.72548	0.4669	0.2302	0.096753	0.029157	-0.0036429	-0.014153	-0.046055	-0.098643	-0.10032	17.52
966.49	-0.29243	-0.32549	-0.29424	-0.33803	-0.36818	-0.51619	-1.0864	-1.7735	-2.3884	-3.3489	-4.0713	-4.3613	-3.8517	-2.8246	-1.7457	-1.3769	-0.54426	0.28298	0.79948	0.91953	0.72468	0.48903	0.2543	0.11524	0.021612	-0.012772	-0.03735	-0.070853	-0.095518	-0.13503	17.693
969.04	-0.27771	-0.35511	-0.31924	-0.34788	-0.38591	-0.45359	-1.0011	-1.7466	-2.361	-3.2547	-4.0643	-4.3794	-3.8983	-2.8613	-1.7713	-1.407	-0.59738	0.2374	0.78994	0.92702	0.73816	0.47521	0.23762	0.10876	0.024564	-0.01446	-0.044967	-0.09002	-0.13509	-0.14543	17.895
969.68	-0.28434	-0.37353	-0.36892	-0.37636	-0.39921	-0.49384	-0.93228	-1.7148	-2.2798	-3.4097	-4.0545	-4.3763	-3.9171	-2.8932	-1.8075	-1.4156	-0.59035	0.24776	0.78792	0.91487	0.73919	0.50115	0.25213	0.11347	0.026042	-0.018997	-0.044993	-0.09414	-0.1304	-0.16129	18.003
970.1	-0.36808	-0.46809	-0.32931	-0.43592	-0.44424	-0.47878	-0.92092	-1.637	-2.3125	-3.3038	-4.0382	-4.3775	-3.8813	-2.8692	-1.7896	-1.4259	-0.60284	0.25459	0.8098	0.91096	0.73107	0.46857	0.24548	0.10882	0.0083461	-0.032442	-0.064826	-0.10098	-0.1346	-0.17125	18.05
967.12	-0.31723	-0.4143	-0.41332	-0.44164	-0.43861	-0.48331	-0.88405	-1.6131	-2.3181	-3.2632	-4.0015	-4.3503	-3.8891	-2.8785	-1.775	-1.4032	-0.59222	0.23458	0.78385	0.9141	0.73332	0.47149	0.22698	0.07389	0.0041586	-0.034304	-0.075934	-0.13175	-0.17551	-0.1978	18.097
966.27	-0.37943	-0.42919	-0.42941	-0.46776	-0.50033	-0.49739	-0.78379	-1.5747	-2.2191	-3.0777	-3.957	-4.2951	-3.8248	-2.8135	-1.7423	-1.3638	-0.55859	0.28145	0.7995	0.91478	0.74032	0.46916	0.2398	0.084751	-0.005042	-0.046457	-0.082111	-0.12512	-0.19006	-0.2277	18.088
966.27	-0.3574	-0.48156	-0.48809	-0.44197	-0.49007	-0.51151	-0.74135	-1.4949	-2.145	-3.0775	-3.8952	-4.2428	-3.7769	-2.754	-1.6846	-1.3335	-0.53306	0.27643	0.82381	0.93292	0.72954	0.45976	0.21289	0.095777	0.0024937	-0.052343	-0.085154	-0.1374	-0.16592	-0.19936	18.05
967.55	-0.35177	-0.47501	-0.50859	-0.50701	-0.49817	-0.52271	-0.68596	-1.4331	-2.1309	-3.131	-3.8153	-4.1514	-3.71	-2.7037	-1.6479	-1.2798	-0.50029	0.2916	0.80297	0.91862	0.73629	0.46681	0.2125	0.055688	-0.023907	-0.049275	-0.091372	-0.1608	-0.20393	-0.2505	18.078
965.85	-0.39309	-0.4324	-0.44558	-0.50454	-0.53661	-0.51843	-0.59023	-1.3132	-2.0505	-2.9617	-3.7634	-4.0796	-3.6176	-2.6412	-1.6133	-1.2514	-0.47356	0.33577	0.82095	0.91702	0.7005	0.44501	0.22294	0.075782	-0.029777	-0.076746	-0.11461	-0.14687	-0.18683	-0.2497	18.015
965.42	-0.41171	-0.44974	-0.51246	-0.51207	-0.50378	-0.53063	-0.60377	-1.2488	-1.9594	-2.8835	-3.6759	-4.0072	-3.5434	-2.555	-1.5355	-1.1843	-0.42905	0.34068	0.83788	0.91862	0.70652	0.42615	0.18882	0.055896	-0.037442	-0.087817	-0.1303	-0.18766	-0.22707	-0.26249	17.974
965.63	-0.40289	-0.55817	-0.48553	-0.50907	-0.46928	-0.44705	-0.54096	-1.2041	-1.9186	-2.6533	-3.5794	-3.8816	-3.4301	-2.455	-1.4479	-1.0837	-0.36113	0.39267	0.82861	0.91039	0.69392	0.41543	0.16937	0.017608	-0.06546	-0.10601	-0.13191	-0.20978	-0.26722	-0.29827	17.801
967.55	-0.43762	-0.43184	-0.42831	-0.4735	-0.52407	-0.48561	-0.47641	-1.1185	-1.8336	-2.8697	-3.4587	-3.7437	-3.2737	-2.3071	-1.348	-1.0058	-0.27259	0.44358	0.85369	0.89335	0.64915	0.38537	0.15299	0.0052327	-0.08745	-0.13027	-0.16244	-0.20519	-0.25703	-0.33526	17.561
967.34	-0.42911	-0.44426	-0.52438	-0.53628	-0.4999	-0.47869	-0.47438	-1.1074	-1.7381	-2.6984	-3.3513	-3.6117	-3.1616	-2.1739	-1.2267	-0.90543	-0.2046	0.47539	0.88591	0.90886	0.64819	0.35511	0.11162	-0.020398	-0.0978	-0.14239	-0.16405	-0.22725	-0.26171	-0.26961	17.317
965.64	-0.41496	-0.44803	-0.48677	-0.47319	-0.47278	-0.45879	-0.44559	-1.0455	-1.7692	-2.6572	-3.222	-3.4714	-3.0125	-2.0523	-1.1468	-0.78597	-0.11825	0.52798	0.8795	0.88039	0.62428	0.34616	0.093919	-0.052752	-0.13788	-0.15949	-0.17975	-0.24029	-0.2831	-0.3204	16.982
964.57	-0.41724	-0.43342	-0.43454	-0.46086	-0.46806	-0.42889	-0.44728	-1.0332	-1.696	-2.505	-3.1317	-3.355	-2.866	-1.9067	-1.0285	-0.70938	-0.060373	0.56179	0.91202	0.87151	0.58448	0.29886	0.071961	-0.066689	-0.16011	-0.20084	-0.23411	-0.24991	-0.27385	-0.30221	16.563
968.61	-0.32943	-0.4266	-0.42322	-0.497	-0.40912	-0.383	-0.42919	-1.0135	-1.6795	-2.6128	-3.0121	-3.2048	-2.7156	-1.7687	-0.89809	-0.56475	0.027844	0.60752	0.90218	0.86774	0.58644	0.2854	0.051985	-0.092337	-0.15647	-0.18042	-0.20532	-0.25051	-0.27756	-0.274	16.179
970.53	-0.33595	-0.37874	-0.33276	-0.45174	-0.39929	-0.34369	-0.40448	-1.0294	-1.635	-2.4225	-2.8911	-3.0661	-2.5568	-1.6343	-0.79627	-0.46225	0.1047	0.65613	0.90199	0.83472	0.54851	0.23588	0.024782	-0.11167	-0.19004	-0.19329	-0.23263	-0.24028	-0.25935	-0.29492	15.759
973.5	-0.35314	-0.33758	-0.36236	-0.39383	-0.38414	-0.34094	-0.41624	-1.0446	-1.6099	-2.3938	-2.8325	-2.9565	-2.4334	-1.5028	-0.70896	-0.40158	0.15856	0.70757	0.92433	0.82559	0.50498	0.21081	0.016694	-0.12668	-0.18649	-0.21867	-0.22881	-0.23265	-0.2506	-0.26318	15.304
973.93	-0.35298	-0.34545	-0.33607	-0.34027	-0.30818	-0.32945	-0.43632	-1.0711	-1.6005	-2.357	-2.7437	-2.8333	-2.3163	-1.3811	-0.58316	-0.28296	0.23974	0.71592	0.89424	0.81063	0.4586	0.18184	-0.043808	-0.16436	-0.20679	-0.24118	-0.23813	-0.25998	-0.27145	-0.2537	14.844
976.05	-0.29492	-0.29277	-0.31385	-0.31123	-0.36041	-0.28452	-0.43482	-1.0893	-1.636	-2.2967	-2.6407	-2.6866	-2.134	-1.2269	-0.47903	-0.18493	0.32529	0.77405	0.91451	0.76093	0.42058	0.142	-0.054859	-0.17926	-0.23856	-0.25131	-0.25869	-0.25541	-0.2548	-0.26563	14.282
978.6	-0.26641	-0.26255	-0.2971	-0.29895	-0.25041	-0.27035	-0.49785	-1.0878	-1.5766	-2.1924	-2.562	-2.5873	-2.0385	-1.1125	-0.36316	-0.10608	0.37355	0.77739	0.90331	0.76713	0.39337	0.091405	-0.11332	-0.22391	-0.2293	-0.25541	-0.26584	-0.27938	-0.25257	-0.21251	13.747
980.51	-0.22308	-0.22859	-0.26127	-0.22616	-0.21738	-0.19093	-0.50137	-1.1502	-1.5463	-2.1603	-2.4323	-2.4328	-1.885	-0.98822	-0.28972	0.0056499	0.46324	0.82028	0.8912	0.70698	0.34239	0.080745	-0.13823	-0.23394	-0.27822	-0.27699	-0.24251	-0.24875	-0.21413	-0.2305	13.176
980.73	-0.24625	-0.21661	-0.16537	-0.19789	-0.18675	-0.21439	-0.54984	-1.1234	-1.5236	-2.094	-2.3586	-2.3157	-1.7252	-0.84866	-0.17041	0.085044	0.51229	0.85421	0.88811	0.68397	0.29783	0.017261	-0.14462	-0.2564	-0.28239	-0.28159	-0.26805	-0.23768	-0.20917	-0.19626	12.52
980.94	-0.1711	-0.17694	-0.22533	-0.14448	-0.154	-0.20579	-0.63295	-1.1514	-1.4444	-2.0244	-2.2324	-2.1697	-1.5912	-0.70143	-0.064668	0.19139	0.56111	0.85064	0.87916	0.66105	0.26261	-0.011483	-0.20139	-0.27276	-0.27933	-0.29204	-0.25151	-0.26489	-0.17743	-0.16072	11.873
982.21	-0.17261	-0.14378	-0.15082	-0.16179	-0.15389	-0.22908	-0.71207	-1.1401	-1.4787	-1.9736	-2.1282	-2.044	-1.451	-0.61998	0.0041264	0.26582	0.62182	0.87327	0.84241	0.59314	0.22255	-0.028029	-0.21543	-0.30412	-0.32276	-0.29316	-0.25407	-0.23467	-0.18065	-0.18695	11.173
980.51	-0.11912	-0.11709	-0.077281	-0.1039	-0.15239	-0.26008	-0.68314	-1.1249	-1.5138	-1.9076	-2.0496	-1.9323	-1.3134	-0.4722	0.10707	0.3459	0.6691	0.90579	0.86164	0.57313	0.17699	-0.094657	-0.23931	-0.30463	-0.30862	-0.29666	-0.27258	-0.22402	-0.1053	-0.11111	10.456
977.96	-0.10294	-0.076477	-0.059885	-0.077277	-0.087947	-0.30321	-0.71533	-1.15	-1.4824	-1.8221	-1.9321	-1.7896	-1.1872	-0.37489	0.20513	0.43282	0.71043	0.90268	0.80755	0.55641	0.14352	-0.12395	-0.27202	-0.34933	-0.31254	-0.29014	-0.24617	-0.21931	-0.1074	-0.074753	9.789
976.05	-0.026563	-0.02068	-0.036241	-0.058427	-0.16737	-0.32208	-0.73441	-1.1205	-1.6214	-1.7914	-1.8269	-1.6465	-1.0521	-0.25459	0.2767	0.49461	0.77564	0.88759	0.77662	0.46418	0.068734	-0.15301	-0.31536	-0.36809	-0.35835	-0.3191	-0.27262	-0.18372	-0.10568	-0.061878	8.995
975.2	-0.0189	-0.036064	0.0066849	-0.014402	-0.16433	-0.36282	-0.75745	-1.0867	-1.4735	-1.7235	-1.737	-1.5306	-0.91671	-0.14019	0.36302	0.54939	0.78409	0.89517	0.75337	0.44138	0.014722	-0.22022	-0.35856	-0.38952	-0.35438	-0.33016	-0.26525	-0.19515	-0.080217	-0.025129	8.255
976.9	0.042657	0.035537	0.012876	-0.063366	-0.20473	-0.43486	-0.76348	-1.0957	-1.4151	-1.6363	-1.5866	-1.3832	-0.77785	-0.036484	0.45212	0.65866	0.82905	0.89191	0.70619	0.38186	-0.025139	-0.25758	-0.38321	-0.413	-0.37246	-0.31589	-0.26912	-0.181	-0.067526	-0.02815	7.5466
977.96	0.067778	0.063799	0.064769	-0.044389	-0.2661	-0.42583	-0.74607	-0.99648	-1.3557	-1.5569	-1.4989	-1.2337	-0.61536	0.071489	0.52062	0.69138	0.85973	0.89925	0.66667	0.31728	-0.097417	-0.30904	-0.39253	-0.43525	-0.39113	-0.34429	-0.2538	-0.14944	-0.02798	0.01036	6.7365
980.73	0.091045	0.073596	0.072727	-0.036646	-0.26876	-0.44312	-0.74852	-1.0708	-1.2806	-1.4704	-1.3722	-1.1023	-0.50098	0.1933	0.59988	0.74986	0.87631	0.85261	0.6252	0.25469	-0.16127	-0.36109	-0.45768	-0.45033	-0.39143	-0.34935	-0.21664	-0.16702	-0.0010099	0.047474	5.9615
983.28	0.10654	0.10805	0.062875	-0.091232	-0.29369	-0.4583	-0.73744	-1.2001	-1.2381	-1.3797	-1.2325	-0.9799	-0.38142	0.24478	0.6554	0.80027	0.88513	0.82134	0.54974	0.17732	-0.21578	-0.40993	-0.49119	-0.49727	-0.4397	-0.34527	-0.25066	-0.15939	-0.012177	0.070474	5.15
985.61	0.15774	0.14223	0.083079	-0.10025	-0.28602	-0.47053	-0.70913	-0.92347	-1.1688	-1.3043	-1.1426	-0.81804	-0.22483	0.36696	0.70728	0.8284	0.89711	0.80917	0.49989	0.092436	-0.31116	-0.48275	-0.52466	-0.51561	-0.43584	-0.35493	-0.27899	-0.14153	0.014565	0.081031	4.2563
986.04	0.16223	0.1488	0.050033	-0.11581	-0.30781	-0.46362	-0.69705	-0.90838	-1.0808	-1.1947	-0.98897	-0.67745	-0.10065	0.46145	0.77731	0.86277	0.87469	0.73749	0.41448	0.045271	-0.38107	-0.53225	-0.58115	-0.54372	-0.44578	-0.32331	-0.27274	-0.14957	0.055254	0.13932	3.434
986.25	0.20912	0.18355	0.03603	-0.15791	-0.32637	-0.42524	-0.64836	-0.93144	-1.043	-1.1128	-0.85493	-0.52115	0.027819	0.52739	0.80055	0.88485	0.87927	0.66102	0.31454	-0.089417	-0.47222	-0.5818	-0.6171	-0.56912	-0.45735	-0.35623	-0.23798	-0.1142	0.078518	0.14547	2.5624
987.1	0.19636	0.17491	0.040594	-0.17796	-0.2989	-0.47146	-0.6374	-0.88705	-0.96225	-1.0126	-0.73959	-0.39683	0.15306	0.63236	0.84001	0.89822	0.83917	0.62651	0.24394	-0.1688	-0.5569	-0.66545	-0.64806	-0.58651	-0.4729	-0.37995	-0.24839	-0.11704	0.12866	0.1743	1.6841
989.22	0.2177	0.16476	0.023242	-0.17644	-0.31006	-0.41561	-0.6169	-0.8618	-0.89121	-0.90974	-0.59581	-0.25467	0.25678	0.67174	0.85652	0.898	0.80288	0.52384	0.12474	-0.2799	-0.64064	-0.72401	-0.71096	-0.61361	-0.43728	-0.37881	-0.25681	-0.12095	0.11738	0.18914	0.79596
990.92	0.21884	0.17099	-0.001591	-0.16031	-0.32316	-0.38657	-0.58347	-0.77902	-0.82664	-0.81889	-0.46486	-0.092216	0.38579	0.74272	0.87163	0.90111	0.78733	0.45522	0.023634	-0.38626	-0.72737	-0.76612	-0.73157	-0.67201	-0.47085	-0.38575	-0.23675	-0.058522	0.14393	0.18588	-0.10825
991.56	0.20941	0.13976	-0.018652	-0.14936	-0.29426	-0.38797	-0.58757	-0.73493	-0.73473	-0.71161	-0.35909	-0.0040356	0.47276	0.79852	0.87945	0.87372	0.69913	0.35198	-0.080199	-0.48608	-0.83285	-0.86137	-0.7843	-0.6717	-0.48492	-0.41526	-0.27874	-0.071912	0.16556	0.2132	-0.99577
988.37	0.21164	0.14349	-0.025163	-0.16383	-0.27496	-0.361	-0.51962	-0.69504	-0.68143	-0.60504	-0.2109	0.12631	0.57098	0.80908	0.87735	0.85128	0.62753	0.23454	-0.23726	-0.61721	-0.92353	-0.92724	-0.84171	-0.72573	-0.53705	-0.37175	-0.25401	-0.054552	0.15038	0.22003	-1.8143
987.31	0.15264	0.13547	-0.046884	-0.16702	-0.27175	-0.39637	-0.50142	-0.63311	-0.61292	-0.52262	-0.1383	0.2454	0.66221	0.84465	0.84323	0.79072	0.55124	0.1265	-0.3651	-0.75735	-1.0507	-1.0124	-0.87411	-0.70916	-0.54779	-0.44236	-0.26637	-0.058776	0.16783	0.20187	-2.7299
985.61	0.17165	0.12586	-0.043758	-0.13461	-0.21789	-0.34683	-0.48321	-0.59974	-0.52799	-0.41304	-0.0062558	0.34412	0.70718	0.85246	0.84468	0.73825	0.43875	-0.031295	-0.52586	-0.86094	-1.1621	-1.0909	-0.96841	-0.77885	-0.53569	-0.43115	-0.27753	-0.096779	0.16032	0.20683	-3.5698
987.31	0.15735	0.11078	-0.032854	-0.12804	-0.25492	-0.31131	-0.44994	-0.52978	-0.45645	-0.3241	0.11029	0.44653	0.78305	0.85715	0.7947	0.68644	0.36083	-0.17538	-0.67478	-1.0218	-1.2513	-1.1371	-1.0297	-0.79391	-0.59548	-0.42889	-0.26946	-0.068202	0.15061	0.19574	-4.4217
988.16	0.16037	0.10247	-0.020191	-0.11086	-0.23593	-0.29276	-0.39798	-0.45572	-0.36733	-0.22787	0.20211	0.55718	0.84573	0.86901	0.73059	0.59266	0.22695	-0.30208	-0.82523	-1.1634	-1.3732	-1.2413	-1.0144	-0.81292	-0.60053	-0.46144	-0.28277	-0.046371	0.16609	0.17416	-5.2821
993.47	0.12844	0.074049	-0.010839	-0.088641	-0.21616	-0.2613	-0.37535	-0.41908	-0.29052	-0.1328	0.29776	0.59896	0.85773	0.84562	0.66684	0.47952	0.07562	-0.48933	-0.97828	-1.2878	-1.4822	-1.3198	-1.0701	-0.83658	-0.60461	-0.47818	-0.26918	-0.048865	0.16061	0.17315	-6.0895
996.65	0.1218	0.090043	-0.032575	-0.12227	-0.19708	-0.23912	-0.31722	-0.35728	-0.24634	-0.05783	0.39145	0.6895	0.8714	0.77897	0.55547	0.37306	-0.043096	-0.65073	-1.1583	-1.4459	-1.5783	-1.3721	-1.1024	-0.88874	-0.64415	-0.47223	-0.27145	-0.020537	0.13677	0.1392	-6.9149
1004.1	0.093347	0.052164	-0.021582	-0.08915	-0.17055	-0.2356	-0.29598	-0.30077	-0.16316	0.016559	0.44828	0.71602	0.87086	0.74843	0.46925	0.25527	-0.23916	-0.83764	-1.3215	-1.5739	-1.6952	-1.4521	-1.1808	-0.90418	-0.63086	-0.47748	-0.27678	-0.025792	0.13576	0.1276	-7.7194
1006.6	0.1115	0.056989	-0.027547	-0.1043	-0.15024	-0.18757	-0.26192	-0.28153	-0.12873	0.10908	0.53237	0.77578	0.882	0.67723	0.39271	0.14791	-0.36335	-1.0148	-1.518	-1.7209	-1.7876	-1.5207	-1.2054	-0.94139	-0.652	-0.48812	-0.27595	-0.0097048	0.086337	0.11227	-8.4676
1009.4	0.082195	0.05837	-0.012214	-0.09941	-0.14809	-0.17564	-0.18916	-0.2011	-0.04303	0.16048	0.57506	0.81611	0.8678	0.6015	0.25277	-0.017907	-0.53625	-1.1961	-1.6961	-1.8859	-1.9225	-1.5518	-1.2406	-1.0033	-0.66571	-0.4823	-0.2414	-0.0017222	0.089154	0.09549	-9.2593
1008.7	0.033401	0.035822	-0.012234	-0.070515	-0.1449	-0.16758	-0.1878	-0.16447	0.012847	0.22164	0.63827	0.8245	0.86097	0.54652	0.13202	-0.15075	-0.74423	-1.394	-1.8809	-2.0425	-2.0501	-1.5894	-1.2983	-0.94838	-0.7057	-0.46083	-0.26967	-0.032174	0.087728	0.08206	-9.9787
1007.7	0.053345	0.018095	-0.032192	-0.078193	-0.11021	-0.13342	-0.15769	-0.1309	0.037999	0.30657	0.7003	0.85376	0.82039	0.44838	0.015783	-0.29971	-0.91323	-1.6167	-2.0857	-2.1941	-2.1327	-1.706	-1.3596	-1.021	-0.6498	-0.46117	-0.24325	-0.020325	0.046394	0.065587	-10.712
1008.5	0.042658	0.023006	-0.0090263	-0.064469	-0.10672	-0.11051	-0.10989	-0.069407	0.10873	0.34713	0.73888	0.87044	0.78277	0.33869	-0.16415	-0.48971	-1.1342	-1.826	-2.2922	-2.3668	-2.2709	-1.759	-1.3999	-1.0715	-0.71845	-0.48722	-0.2313	-0.0096461	0.032566	0.023648	-11.428
1006	0.030508	0.019814	-0.010725	-0.030929	-0.065531	-0.0928	-0.094314	-0.043502	0.16804	0.41863	0.76969	0.87413	0.75065	0.26078	-0.25646	-0.6383	-1.3162	-2.0486	-2.4867	-2.5066	-2.3883	-1.8475	-1.4374	-1.0608	-0.71066	-0.49713	-0.19029	-0.036305	0.035683	0.056674	-12.108
1003.4	0.035199	0.019835	-0.032295	-0.055493	-0.057276	-0.047039	-0.045208	0.0041335	0.20845	0.45751	0.81271	0.87956	0.69758	0.14233	-0.42797	-0.8124	-1.5021	-2.2556	-2.6865	-2.6821	-2.5082	-1.904	-1.4875	-1.1062	-0.72789	-0.45442	-0.18781	-0.029727	-0.0042736	0.0041344	-12.741
998.77	-0.0016937	0.013405	-0.0092457	-0.046541	-0.054182	-0.068694	-0.030811	0.056848	0.26751	0.51663	0.85257	0.87255	0.66052	0.034071	-0.60679	-1.0038	-1.7487	-2.4791	-2.9008	-2.8454	-2.6085	-1.9871	-1.51	-1.1039	-0.71846	-0.44906	-0.20517	-0.057945	0.00030283	-0.015692	-13.356
994.95	-0.0031227	0.0053468	-0.032617	-0.020305	-0.03921	-0.030915	-0.0075026	0.074044	0.29247	0.55991	0.87306	0.85195	0.58511	-0.10163	-0.73682	-1.1912	-1.9507	-2.7293	-3.1116	-3.0028	-2.6867	-2.0604	-1.5891	-1.1203	-0.72675	-0.41537	-0.20599	-0.091832	-0.047885	-0.032354	-13.913
993.04	-0.0033215	-0.020962	-0.024882	-0.039101	-0.025777	-0.0094427	0.011451	0.10536	0.31541	0.57861	0.88509	0.82799	0.52014	-0.2269	-0.92087	-1.3537	-2.1545	-2.9351	-3.3085	-3.1665	-2.7884	-2.1123	-1.5671	-1.1236	-0.6969	-0.37454	-0.1881	-0.12018	-0.083724	-0.065998	-14.444
990.71	-0.035836	-0.035768	-0.037498	-0.0065419	-0.03605	-0.024318	0.023313	0.12908	0.36111	0.59737	0.88372	0.82193	0.48225	-0.28854	-1.0429	-1.5095	-2.3146	-3.109	-3.4435	-3.2904	-2.91	-2.1666	-1.6194	-1.1383	-0.65529	-0.4067	-0.21267	-0.15283	-0.10266	-0.084592	-14.973
990.5	-0.039023	-0.04238	-0.045219	-0.029814	-0.012342	0.005565	0.038013	0.14473	0.37632	0.64544	0.90122	0.8109	0.40713	-0.42028	-1.1614	-1.6453	-2.4704	-3.2636	-3.5744	-3.3686	-2.9409	-2.2015	-1.6385	-1.1088	-0.64102	-0.34433	-0.24445	-0.16773	-0.16355	-0.11195	-15.354
991.77	-0.059085	-0.043924	-0.037377	-0.031324	-0.017403	-0.0010823	0.058476	0.16162	0.39678	0.65093	0.91565	0.78259	0.37052	-0.51519	-1.3062	-1.7956	-2.644	-3.4229	-3.7333	-3.4934	-3.0218	-2.2437	-1.6271	-1.0926	-0.57976	-0.34822	-0.24407	-0.22311	-0.15092	-0.1164	-15.768
994.74	-0.10685	-0.069923	-0.017177	-0.023554	-0.02072	0.00058869	0.061237	0.1938	0.42088	0.66803	0.89908	0.74836	0.31246	-0.61046	-1.4117	-1.9251	-2.7766	-3.5406	-3.8314	-3.5505	-3.0639	-2.2205	-1.5988	-1.0372	-0.52058	-0.32182	-0.26739	-0.18881	-0.22813	-0.18467	-16.113
1000.7	-0.089333	-0.077705	-0.040081	-0.026474	-0.00048916	0.021785	0.076878	0.18785	0.43175	0.6957	0.91247	0.7296	0.24347	-0.69063	-1.494	-2.0074	-2.8782	-3.6535	-3.9087	-3.5982	-3.0505	-2.2371	-1.6311	-1.0338	-0.47617	-0.32015	-0.28384	-0.25863	-0.25002	-0.18049	-16.36
998.77	-0.11415	-0.06311	-0.045004	-0.018768	-0.0090173	0.013743	0.098905	0.21616	0.44455	0.68903	0.89381	0.72313	0.22907	-0.75719	-1.5794	-2.1063	-2.9426	-3.7208	-3.9813	-3.6533	-3.118	-2.2307	-1.5645	-0.99922	-0.47868	-0.35618	-0.26339	-0.25622	-0.25997	-0.21724	-16.666
998.35	-0.14045	-0.12668	-0.061908	-0.023432	-0.022343	0.010451	0.077059	0.22247	0.46851	0.70519	0.90273	0.70108	0.19631	-0.77468	-1.628	-2.1666	-3.0326	-3.8077	-4.0192	-3.6852	-3.1176	-2.2198	-1.5526	-0.89769	-0.4402	-0.34605	-0.33207	-0.29389	-0.26297	-0.25521	-16.86
991.35	-0.12585	-0.11937	-0.063872	-0.045293	-0.032645	0.023821	0.099618	0.20535	0.45685	0.70058	0.9039	0.72362	0.16908	-0.8272	-1.6895	-2.1993	-3.0697	-3.8616	-4.0944	-3.7306	-3.1215	-2.2265	-1.5464	-0.91884	-0.4376	-0.36625	-0.33902	-0.31741	-0.29907	-0.26918	-17.053
989.22	-0.16192	-0.13279	-0.068648	-0.050066	-0.027644	0.0088874	0.082147	0.22772	0.47437	0.70531	0.90063	0.69142	0.17701	-0.82433	-1.6899	-2.2278	-3.1078	-3.8751	-4.0915	-3.7257	-3.1434	-2.191	-1.4666	-0.80174	-0.44292	-0.39519	-0.32932	-0.34925	-0.30431	-0.21325	-17.187
987.31	-0.18411	-0.15444	-0.090565	-0.050115	-0.036092	0.010584	0.077974	0.22985	0.47092	0.71482	0.90935	0.69127	0.16978	-0.82274	-1.6866	-2.2212	-3.1015	-3.8776	-4.0821	-3.7234	-3.0875	-2.1727	-1.4413	-0.65417	-0.47099	-0.38829	-0.45816	-0.3676	-0.33774	-0.31166	-17.292
987.74	-0.15437	-0.13301	-0.090672	-0.078182	-0.019158	0.0022755	0.082272	0.20611	0.45101	0.71278	0.9194	0.7053	0.17872	-0.83187	-1.6573	-2.1885	-3.0623	-3.8421	-4.0583	-3.6731	-3.0556	-2.1071	-1.3418	-0.66084	-0.47518	-0.38085	-0.43693	-0.4254	-0.32837	-0.27787	-17.314
987.31	-0.23401	-0.16764	-0.12045	-0.076645	-0.056521	-0.021083	0.07058	0.22031	0.46334	0.70661	0.89715	0.71526	0.20587	-0.79311	-1.6334	-2.1677	-3.0167	-3.7745	-3.9898	-3.6181	-2.9994	-2.0207	-1.2153	-0.56053	-0.48685	-0.48238	-0.43262	-0.40524	-0.42825	-0.31922	-17.348
985.19	-0.22346	-0.18784	-0.13011	-0.086209	-0.046466	-0.019508	0.048527	0.18623	0.45217	0.71943	0.90784	0.71035	0.17759	-0.77897	-1.6049	-2.1215	-2.9899	-3.7451	-3.9467	-3.5576	-2.9493	-1.9652	-1.1583	-0.52033	-0.49364	-0.47911	-0.46674	-0.50936	-0.42029	-0.3262	-17.336
983.49	-0.24738	-0.17979	-0.13976	-0.11138	-0.071999	-0.041287	0.087127	0.1897	0.46208	0.69343	0.88501	0.73587	0.2083	-0.77402	-1.5943	-2.1205	-2.9336	-3.6785	-3.9081	-3.5166	-2.8904	-1.8979	-1.0076	-0.56147	-0.50773	-0.53937	-0.49165	-0.45318	-0.38298	-0.31876	-17.361
983.28	-0.25838	-0.21296	-0.14297	-0.095727	-0.077182	-0.039602	0.041233	0.19763	0.46062	0.70474	0.90259	0.71823	0.24168	-0.72033	-1.529	-2.062	-2.8961	-3.6144	-3.8143	-3.4358	-2.7993	-1.788	-0.87491	-0.51973	-0.57293	-0.44724	-0.49808	-0.5023	-0.38341	-0.34841	-17.314
983.7	-0.2723	-0.23442	-0.17738	-0.13163	-0.082243	-0.044621	0.030812	0.17553	0.42718	0.69966	0.91795	0.76645	0.27351	-0.66475	-1.4512	-1.9453	-2.778	-3.5141	-3.7259	-3.34	-2.6915	-1.6906	-0.78599	-0.52261	-0.54661	-0.56212	-0.5324	-0.49795	-0.42391	-0.30959	-17.177
984.34	-0.28466	-0.23093	-0.17424	-0.12695	-0.12475	-0.07304	0.0026879	0.13926	0.40727	0.66543	0.9069	0.76916	0.30378	-0.60571	-1.3879	-1.8803	-2.6653	-3.389	-3.5802	-3.2348	-2.6084	-1.5289	-0.67929	-0.47867	-0.60013	-0.53653	-0.52817	-0.55631	-0.46614	-0.38786	-17.115
983.7	-0.29738	-0.29057	-0.18849	-0.14896	-0.13669	-0.098195	-0.038704	0.1283	0.39242	0.65782	0.90047	0.77771	0.37355	-0.50675	-1.2749	-1.7436	-2.5535	-3.245	-3.4647	-3.1296	-2.4865	-1.441	-0.68451	-0.57355	-0.51069	-0.56065	-0.53767	-0.51736	-0.4399	-0.41749	-16.931
983.91	-0.27579	-0.2327	-0.18995	-0.17247	-0.14678	-0.10164	-0.025356	0.10015	0.34851	0.62242	0.90719	0.82603	0.41754	-0.42446	-1.1705	-1.6052	-2.3917	-3.0941	-3.3266	-3.0079	-2.3847	-1.3705	-0.58419	-0.51293	-0.55855	-0.50679	-0.53595	-0.51606	-0.41199	-0.37774	-16.672
985.61	-0.33941	-0.27879	-0.22112	-0.19089	-0.17388	-0.14323	-0.059491	0.079259	0.32531	0.60843	0.88131	0.82451	0.47111	-0.33707	-1.0445	-1.5043	-2.2647	-2.9344	-3.1929	-2.8921	-2.301	-1.321	-0.54234	-0.46141	-0.51556	-0.50015	-0.53212	-0.52219	-0.45054	-0.40947	-16.332
983.49	-0.31374	-0.31086	-0.24987	-0.23207	-0.1912	-0.177	-0.10834	0.018353	0.29726	0.58413	0.8745	0.84419	0.49509	-0.23514	-0.91768	-1.3488	-2.1163	-2.8045	-3.0511	-2.7715	-2.1869	-1.2061	-0.54653	-0.45349	-0.4423	-0.4847	-0.48637	-0.46858	-0.44684	-0.40777	-15.937
983.49	-0.30542	-0.28738	-0.27015	-0.24286	-0.22342	-0.19378	-0.11422	-0.01472	0.24596	0.52472	0.86579	0.87317	0.56004	-0.15809	-0.80923	-1.2178	-1.9435	-2.642	-2.915	-2.6715	-2.1426	-1.2289	-0.54712	-0.42972	-0.44554	-0.4097	-0.45705	-0.49011	-0.41313	-0.39158	-15.542
980.73	-0.34537	-0.30973	-0.28496	-0.24043	-0.24628	-0.20757	-0.16051	-0.035117	0.23613	0.48912	0.82285	0.86751	0.60729	-0.049317	-0.69211	-1.1004	-1.7985	-2.496	-2.7801	-2.596	-2.1105	-1.2237	-0.55568	-0.4325	-0.41773	-0.44246	-0.42035	-0.4545	-0.42526	-0.40473	-15.115
984.34	-0.31748	-0.30853	-0.26832	-0.26144	-0.23686	-0.21515	-0.16734	-0.060161	0.17628	0.47931	0.82846	0.87403	0.65347	0.028083	-0.55556	-0.94266	-1.6547	-2.3356	-2.6523	-2.4776	-2.045	-1.2192	-0.55529	-0.36658	-0.39464	-0.41532	-0.43703	-0.45144	-0.33422	-0.35268	-14.614
984.98	-0.32974	-0.29183	-0.27284	-0.26277	-0.26901	-0.24014	-0.18644	-0.091532	0.146	0.42919	0.80529	0.89766	0.70455	0.11179	-0.44783	-0.83888	-1.5052	-2.203	-2.5385	-2.4074	-2.0207	-1.2076	-0.56915	-0.39607	-0.38115	-0.42402	-0.39126	-0.38599	-0.3716	-0.32471	-14.135
988.37	-0.30359	-0.3022	-0.28277	-0.27894	-0.28669	-0.2759	-0.24319	-0.13181	0.10651	0.40059	0.75917	0.87531	0.73538	0.1947	-0.33296	-0.71777	-1.373	-2.0467	-2.3924	-2.2977	-1.9961	-1.251	-0.54792	-0.34137	-0.35526	-0.34791	-0.40175	-0.41013	-0.35285	-0.31571	-13.613
985.61	-0.27014	-0.26353	-0.29301	-0.28439	-0.27728	-0.2801	-0.24835	-0.16989	0.073559	0.37124	0.75603	0.88254	0.74951	0.2472	-0.25008	-0.60894	-1.2507	-1.9284	-2.3034	-2.2178	-1.9452	-1.2648	-0.60102	-0.37673	-0.33874	-0.36094	-0.35925	-0.36946	-0.32737	-0.28432	-13.068
985.4	-0.28275	-0.2323	-0.25548	-0.30644	-0.32666	-0.29519	-0.24843	-0.18096	0.044889	0.32478	0.71618	0.89563	0.81013	0.33073	-0.14809	-0.50622	-1.106	-1.7742	-2.1818	-2.1629	-1.9317	-1.2814	-0.54289	-0.35105	-0.30727	-0.32514	-0.33655	-0.30314	-0.26631	-0.27688	-12.579
983.06	-0.24911	-0.24287	-0.26557	-0.28682	-0.28831	-0.306	-0.29346	-0.21444	0.0026288	0.29656	0.69336	0.88161	0.82581	0.41864	-0.040765	-0.37055	-0.9944	-1.6706	-2.0773	-2.0761	-1.8897	-1.2789	-0.65628	-0.29755	-0.34828	-0.32137	-0.29969	-0.2538	-0.25603	-0.23759	-11.955
982.21	-0.18664	-0.19006	-0.27054	-0.30588	-0.31927	-0.32806	-0.30996	-0.26337	-0.047235	0.2373	0.66258	0.87594	0.85381	0.45842	0.036355	-0.26937	-0.87043	-1.5375	-1.9818	-2.0161	-1.8564	-1.2862	-0.74402	-0.30832	-0.27902	-0.36941	-0.32243	-0.24825	-0.19808	-0.15931	-11.307
980.94	-0.17589	-0.18199	-0.23301	-0.29689	-0.32817	-0.33018	-0.34004	-0.28104	-0.077648	0.19574	0.6197	0.85277	0.86106	0.52395	0.095305	-0.19017	-0.78294	-1.4423	-1.8782	-1.965	-1.8344	-1.3047	-0.82902	-0.31919	-0.26777	-0.3024	-0.38051	-0.25549	-0.17468	-0.16556	-10.709
982	-0.19605	-0.20005	-0.22655	-0.28715	-0.32608	-0.32475	-0.36191	-0.30907	-0.10627	0.14892	0.58765	0.82757	0.87525	0.56442	0.1724	-0.10587	-0.69048	-1.3353	-1.7775	-1.8832	-1.8005	-1.3066	-0.86627	-0.32381	-0.2573	-0.28416	-0.327	-0.26188	-0.22173	-0.19009	-10.011
984.98	-0.14874	-0.15487	-0.23054	-0.27676	-0.34215	-0.34209	-0.37548	-0.35212	-0.16776	0.090661	0.54931	0.82355	0.88027	0.60384	0.24398	0.0038164	-0.55267	-1.1969	-1.6676	-1.7961	-1.7339	-1.2196	-0.87598	-0.35661	-0.2086	-0.19074	-0.24005	-0.22983	-0.227	-0.22017	-9.2947
989.01	-0.15112	-0.14275	-0.21705	-0.30686	-0.34073	-0.38069	-0.39763	-0.37252	-0.20019	0.051992	0.47768	0.78637	0.90373	0.66724	0.34129	0.082545	-0.43127	-1.0263	-1.529	-1.6836	-1.6845	-1.2686	-0.86306	-0.41355	-0.17323	-0.17358	-0.19672	-0.2197	-0.15293	-0.1474	-8.5063
993.89	-0.13487	-0.1584	-0.23626	-0.28514	-0.32891	-0.39373	-0.43079	-0.42978	-0.25895	0.00089758	0.43049	0.73301	0.87231	0.69212	0.4392	0.19829	-0.30097	-0.91852	-1.3918	-1.5609	-1.5963	-1.2639	-0.92912	-0.47403	-0.20972	-0.095469	-0.16713	-0.16873	-0.13819	-0.11169	-7.7194
996.44	-0.11587	-0.12848	-0.20919	-0.29683	-0.36838	-0.40925	-0.44432	-0.45658	-0.30302	-0.081616	0.34506	0.7024	0.87905	0.73395	0.48937	0.27291	-0.1725	-0.77186	-1.2692	-1.4897	-1.5502	-1.1967	-0.91296	-0.57983	-0.20245	-0.14864	-0.097627	-0.084793	-0.10199	-0.08856	-6.9666
998.14	-0.087752	-0.12001	-0.19667	-0.27758	-0.37768	-0.42504	-0.49024	-0.50548	-0.33676	-0.1322	0.29463	0.64713	0.8491	0.78887	0.56295	0.37879	-0.070976	-0.63306	-1.1203	-1.3604	-1.4605	-1.1831	-0.89905	-0.59366	-0.22363	-0.1145	-0.15301	-0.048644	-0.019706	-0.025962	-6.1445
996.23	-0.013967	-0.076365	-0.17517	-0.25672	-0.34839	-0.41097	-0.48389	-0.52812	-0.39412	-0.18798	0.24521	0.60045	0.83881	0.80899	0.64345	0.47974	0.069121	-0.48808	-0.99162	-1.2473	-1.3788	-1.1822	-0.89129	-0.60501	-0.27708	-0.1103	-0.054158	-0.080671	0.0082019	0.034527	-5.3243
995.38	-0.0063359	-0.045256	-0.18304	-0.2754	-0.37854	-0.43459	-0.51204	-0.56747	-0.4616	-0.27219	0.14719	0.55792	0.83208	0.82995	0.69218	0.54764	0.17853	-0.36216	-0.8745	-1.1629	-1.3241	-1.1249	-0.86534	-0.63948	-0.34433	-0.14593	-0.024141	0.01998	0.0067987	0.020984	-4.5516
994.32	-0.0015829	-0.037224	-0.16781	-0.26027	-0.37427	-0.52153	-0.56095	-0.61473	-0.49204	-0.34725	0.076676	0.46897	0.81039	0.86038	0.74591	0.61081	0.24113	-0.25502	-0.74144	-1.0467	-1.2425	-1.0963	-0.83208	-0.60747	-0.37753	-0.17985	-0.022818	0.050872	0.067131	0.10445	-3.7031
993.04	0.035495	-0.016171	-0.17425	-0.26234	-0.38816	-0.50361	-0.58366	-0.66063	-0.57506	-0.39856	0.016202	0.40565	0.75436	0.83964	0.79168	0.67445	0.34304	-0.15927	-0.64177	-0.95778	-1.1534	-1.038	-0.82527	-0.63947	-0.41383	-0.24241	-0.03336	0.057467	0.092203	0.12304	-2.8765
990.92	0.055722	0.02322	-0.1202	-0.30028	-0.39912	-0.52801	-0.58934	-0.68537	-0.61969	-0.48399	-0.077146	0.36163	0.73945	0.86189	0.82509	0.73117	0.44889	-0.00069666	-0.50407	-0.84658	-1.0846	-0.97264	-0.78795	-0.59748	-0.39172	-0.26209	-0.066277	0.087188	0.12499	0.11545	-2.0392
986.04	0.10271	0.023281	-0.1442	-0.27968	-0.3809	-0.47376	-0.6483	-0.75465	-0.67998	-0.57453	-0.15409	0.25214	0.65389	0.85202	0.8526	0.79002	0.52516	0.080744	-0.37869	-0.72743	-0.99421	-0.92633	-0.81842	-0.57647	-0.3951	-0.25466	-0.11974	0.06204	0.14596	0.16509	-1.1295
984.13	0.11706	0.056474	-0.10525	-0.2943	-0.42067	-0.47645	-0.67473	-0.78606	-0.76142	-0.6737	-0.28694	0.15083	0.602	0.84099	0.88287	0.84406	0.63213	0.22053	-0.24689	-0.62629	-0.90459	-0.85876	-0.74462	-0.56267	-0.40321	-0.28504	-0.11371	0.070442	0.16978	0.17313	-0.26164
