25661	27	10	88	13.9	768	2	-1	40	279.98	256	8192	5	0	0	0	0	550.05	480.45	1.0845e+006	0.08188	0.048325	27.808	0	0	1	0	0	0	8	0	0
486.52	0.17317	0.13492	-0.029351	-0.16597	-0.29872	-0.42479	-0.60411	-0.72097	-0.69966	-0.64775	-0.24632	0.14407	0.59491	0.86247	0.89984	0.85443	0.65148	0.24369	-0.21559	-0.60662	-0.91611	-0.89126	-0.76588	-0.63015	-0.46395	-0.31278	-0.18884	-0.030972	0.18282	0.24227	-0.79657
486.3	0.22088	0.13166	-0.032207	-0.16606	-0.28516	-0.36736	-0.5594	-0.73722	-0.69078	-0.64479	-0.23266	0.17344	0.60734	0.85986	0.91389	0.90294	0.64861	0.26801	-0.23337	-0.62333	-0.89801	-0.86426	-0.78837	-0.70308	-0.49645	-0.31606	-0.17974	-0.031042	0.18299	0.22371	-0.75515
486.08	0.17025	0.17856	-0.038839	-0.21368	-0.33356	-0.40815	-0.5477	-0.72808	-0.69102	-0.66146	-0.24313	0.17021	0.60458	0.88566	0.93112	0.86805	0.67117	0.2647	-0.19778	-0.61028	-0.91388	-0.88597	-0.76343	-0.688	-0.46134	-0.32528	-0.23824	-0.014582	0.19262	0.2237	-0.78701
487.17	0.21101	0.10802	-0.029356	-0.18479	-0.2746	-0.42073	-0.60625	-0.73274	-0.68653	-0.65348	-0.24972	0.14058	0.61559	0.871	0.91556	0.86915	0.66657	0.25029	-0.22118	-0.61578	-0.93342	-0.89628	-0.78389	-0.61432	-0.47831	-0.37903	-0.19188	-0.022966	0.19224	0.21694	-0.79657
487.39	0.1761	0.13135	-0.044899	-0.20064	-0.2948	-0.36984	-0.57306	-0.7102	-0.70452	-0.63054	-0.24256	0.15019	0.57846	0.86097	0.93192	0.86891	0.6216	0.2399	-0.23594	-0.62528	-0.91452	-0.87148	-0.78672	-0.64723	-0.47203	-0.35161	-0.21295	-0.047445	0.17313	0.20449	-0.78701
487.6	0.16971	0.1179	-0.057777	-0.17837	-0.32225	-0.38666	-0.5968	-0.73529	-0.68583	-0.66265	-0.27409	0.15336	0.59968	0.8575	0.91813	0.85899	0.64368	0.26375	-0.20314	-0.61497	-0.94791	-0.89848	-0.78006	-0.64404	-0.47171	-0.38472	-0.2191	-0.044783	0.19835	0.23553	-0.78382
487.82	0.20438	0.15798	-0.063956	-0.17195	-0.28764	-0.30859	-0.59342	-0.73179	-0.70709	-0.63964	-0.22454	0.13719	0.60555	0.85077	0.93134	0.89387	0.67215	0.25332	-0.21497	-0.58853	-0.91343	-0.88591	-0.79238	-0.6711	-0.45099	-0.36933	-0.2188	-0.030806	0.192	0.22924	-0.77108
487.17	0.21419	0.14793	-0.0036765	-0.21641	-0.30537	-0.36375	-0.59428	-0.69771	-0.70475	-0.63404	-0.25295	0.16328	0.61257	0.86166	0.91556	0.86621	0.67627	0.28475	-0.21516	-0.60567	-0.91801	-0.87798	-0.78698	-0.65685	-0.45742	-0.35788	-0.21642	-0.022633	0.1795	0.22632	-0.73922
486.52	0.17323	0.13492	-0.0099705	-0.15328	-0.24011	-0.37012	-0.53437	-0.73366	-0.67532	-0.59916	-0.23599	0.16035	0.58864	0.90092	0.92363	0.86725	0.64196	0.23688	-0.21551	-0.61309	-0.92842	-0.91907	-0.79817	-0.62791	-0.49674	-0.41929	-0.25657	-0.033903	0.19242	0.24526	-0.66593
486.52	0.18278	0.13165	0.0060773	-0.32793	-0.23714	-0.32024	-0.46089	-0.63234	-0.62036	-0.64782	-0.23599	0.17996	0.59481	0.85937	0.9066	0.88646	0.6387	0.24025	-0.24537	-0.60659	-0.90693	-1.0192	-0.88675	-0.80902	-0.57824	-0.44637	-0.26879	0.070179	0.15437	0.20183	-0.63725
487.6	0.217	0.14438	0.38512	-0.37732	-0.15385	-0.21768	-0.61143	-0.72564	-0.76486	-0.63662	-0.27058	0.15678	0.60879	0.85761	0.89793	0.86223	0.63729	0.25346	-0.24473	-0.61501	-0.92022	-0.80483	-0.68176	-0.60503	-0.52475	-0.42137	-0.29546	-0.080315	0.22376	0.2447	-0.59899
487.82	0.20115	0.13793	0.11035	-0.5834	-0.35623	-0.42031	-0.60844	-0.73209	-0.6739	-0.6461	-0.23182	0.14029	0.59633	0.88259	0.93811	0.86827	0.63077	0.26719	-0.20596	-0.60489	-0.92274	-0.86741	-0.80807	-0.56193	-0.27577	-0.13408	-0.075113	0.0074436	0.18562	0.25702	-0.56073
486.95	0.21422	0.16497	0.13285	-0.4131	-0.2782	-0.42089	-0.55885	-0.66639	-0.6256	-0.63772	-0.24288	0.16354	0.63108	0.87462	0.90585	0.89217	0.6449	0.27803	-0.23003	-0.61907	-0.90584	-0.77495	-0.70785	-0.56613	-0.46915	-0.35142	-0.21897	0.023803	0.1891	0.20781	-0.45867
485.86	0.16093	0.088034	-0.057408	-0.395	-0.41994	-0.54395	-0.64368	-0.77939	-0.73735	-0.67146	-0.27155	0.15407	0.61403	0.8574	0.94169	0.90081	0.64916	0.25114	-0.22463	-0.59086	-0.89259	-0.80092	-0.6871	-0.50363	-0.32971	-0.21959	-0.11248	-0.028709	0.15465	0.21149	-0.33422
486.95	0.18566	0.11497	-0.067246	-0.36576	-0.34345	-0.45795	-0.65122	-0.7871	-0.72047	-0.68633	-0.26043	0.14398	0.58819	0.8299	0.91251	0.89526	0.67019	0.25038	-0.20936	-0.56999	-0.87832	-0.86911	-0.7811	-0.69354	-0.4375	-0.33365	-0.17331	-0.044672	0.15104	0.20757	-0.20969
487.6	0.1697	0.11439	-0.089712	-0.33309	-0.39079	-0.47821	-0.69238	-0.8399	-0.81061	-0.73062	-0.30582	0.10783	0.5599	0.85112	0.91477	0.85258	0.66274	0.29473	-0.16444	-0.56907	-0.85864	-0.78921	-0.70043	-0.58041	-0.4278	-0.36346	-0.18507	-0.047581	0.14756	0.19199	-0.027583
487.6	0.16037	0.08121	-0.057749	-0.34207	-0.36313	-0.55217	-0.75189	-0.89382	-0.83535	-0.73393	-0.31281	0.078528	0.54465	0.85115	0.90112	0.89433	0.65964	0.27421	-0.15866	-0.54597	-0.81852	-0.85886	-0.75445	-0.61687	-0.39312	-0.2821	-0.15785	-0.052879	0.15085	0.1795	0.17387
487.6	0.17911	0.11826	-0.070148	-0.35172	-0.43861	-0.57624	-0.73996	-0.87795	-0.85336	-0.76317	-0.34802	0.065548	0.52623	0.82265	0.9317	0.8973	0.70459	0.29134	-0.13768	-0.52295	-0.80341	-0.76429	-0.67187	-0.54387	-0.38962	-0.24262	-0.12088	-0.058442	0.14446	0.19523	0.33068
486.52	0.18928	0.11483	-0.067151	-0.28905	-0.40873	-0.59388	-0.73584	-0.85117	-0.84626	-0.75827	-0.39105	0.042798	0.51524	0.8563	0.91016	0.89952	0.70255	0.3471	-0.090414	-0.48141	-0.79279	-0.74512	-0.65747	-0.46696	-0.3847	-0.29166	-0.12456	-0.017355	0.19883	0.21727	0.51322
486.08	0.2178	0.14843	-0.032388	-0.28969	-0.3816	-0.50979	-0.72131	-0.87755	-0.85924	-0.78828	-0.36329	-0.0062816	0.48494	0.80594	0.95503	0.92263	0.73197	0.35069	-0.075593	-0.45231	-0.74711	-0.7517	-0.67721	-0.56984	-0.37063	-0.28273	-0.16129	0.0019139	0.16721	0.24237	0.74079
486.3	0.18593	0.14501	-0.048273	-0.23586	-0.35763	-0.53676	-0.69413	-0.84531	-0.84357	-0.85291	-0.45482	-0.0095397	0.47249	0.79591	0.90368	0.90612	0.76354	0.39533	-0.045751	-0.44876	-0.73145	-0.69954	-0.6003	-0.53652	-0.32934	-0.22219	-0.15206	0.0019055	0.15122	0.1832	0.99104
486.95	0.21744	0.13818	-0.035363	-0.24849	-0.41203	-0.50551	-0.71722	-0.86983	-0.8853	-0.85174	-0.4647	-0.058553	0.45336	0.82054	0.92963	0.93396	0.75307	0.45325	0.010858	-0.38566	-0.69942	-0.68944	-0.60267	-0.51765	-0.34646	-0.25503	-0.13657	0.015628	0.15119	0.22342	1.248
486.52	0.22064	0.17158	-0.079769	-0.29662	-0.39525	-0.5533	-0.75065	-0.93086	-0.93185	-0.87526	-0.5039	-0.081332	0.41401	0.77638	0.94383	0.95722	0.80483	0.47096	0.04359	-0.31367	-0.65073	-0.65026	-0.5936	-0.47567	-0.31444	-0.20664	-0.1153	-0.017427	0.16377	0.22374	1.5566
485.21	0.20231	0.16526	-0.06411	-0.26198	-0.44809	-0.56157	-0.78578	-0.92368	-0.95576	-0.92324	-0.57231	-0.12082	0.43667	0.77847	0.92955	0.94678	0.82292	0.53432	0.10356	-0.30459	-0.62147	-0.63699	-0.56979	-0.48596	-0.31824	-0.25601	-0.15575	0.0071919	0.18023	0.20863	1.8527
483.9	0.19337	0.13559	-0.12842	-0.33581	-0.49079	-0.56669	-0.83891	-0.98698	-1.0136	-0.95182	-0.58096	-0.17694	0.34221	0.79018	0.93864	0.95583	0.84435	0.53553	0.12158	-0.25583	-0.58608	-0.60179	-0.54884	-0.41396	-0.28674	-0.19875	-0.12513	-0.0092052	0.15505	0.16526	2.146
485.21	0.19587	0.14195	-0.12156	-0.36343	-0.47563	-0.65656	-0.86366	-1.0257	-1.0935	-0.99157	-0.6607	-0.22224	0.34153	0.73692	0.926	0.9499	0.82918	0.56857	0.12718	-0.21893	-0.57534	-0.60025	-0.56016	-0.46159	-0.30959	-0.22573	-0.12179	-0.042196	0.15161	0.1804	2.4815
485.43	0.18008	0.13841	-0.093014	-0.35042	-0.47519	-0.60547	-0.83936	-1.0252	-1.0531	-1.0235	-0.724	-0.25832	0.27051	0.73673	0.89517	0.9433	0.83851	0.59264	0.19599	-0.21536	-0.55022	-0.60917	-0.56294	-0.47357	-0.33277	-0.28627	-0.14912	-0.00077545	0.13576	0.18375	2.785
486.08	0.15765	0.1349	-0.070429	-0.26119	-0.43683	-0.59455	-0.80807	-1.0047	-1.0427	-1.0906	-0.76194	-0.33309	0.21508	0.67476	0.89715	0.92913	0.82786	0.59185	0.19555	-0.17229	-0.51247	-0.58694	-0.54633	-0.44298	-0.27658	-0.24647	-0.12461	-0.025464	0.1416	0.21444	3.173
485.65	0.17355	0.14505	-0.019805	-0.23293	-0.41307	-0.54427	-0.88079	-0.9899	-1.0467	-1.1402	-0.82246	-0.38575	0.18446	0.64981	0.86082	0.92347	0.85723	0.61291	0.22545	-0.14932	-0.50684	-0.50187	-0.52131	-0.43385	-0.29428	-0.18892	-0.060139	-0.017271	0.11332	0.16807	3.5647
484.34	0.1997	0.13539	-0.013482	-0.2274	-0.41754	-0.53247	-0.79641	-1.018	-1.065	-1.1859	-0.87422	-0.44894	0.11419	0.62285	0.85972	0.91319	0.88205	0.66622	0.27395	-0.083647	-0.44938	-0.49112	-0.45227	-0.41081	-0.24537	-0.17119	-0.10641	0.032365	0.11341	0.18119	3.9212
484.34	0.20578	0.14903	-0.032432	-0.26533	-0.45565	-0.60377	-0.87407	-1.0723	-1.1476	-1.2022	-0.93802	-0.49795	0.062002	0.57161	0.83921	0.92913	0.89172	0.68724	0.3218	-0.050583	-0.41218	-0.47546	-0.48433	-0.42593	-0.28933	-0.20491	-0.087703	0.040607	0.13591	0.19013	4.3073
484.78	0.15799	0.12182	-0.064433	-0.23003	-0.48991	-0.63697	-0.84305	-1.0937	-1.1742	-1.2759	-1.0222	-0.61904	0.015496	0.54562	0.8146	0.88339	0.87183	0.71398	0.38151	-0.014163	-0.37757	-0.43245	-0.41358	-0.35845	-0.23322	-0.19222	-0.11234	0.018304	0.11369	0.1214	4.6678
485.86	0.17674	0.1217	-0.11502	-0.33747	-0.50594	-0.68305	-0.96739	-1.1896	-1.2511	-1.2864	-1.0445	-0.63399	-0.061058	0.5248	0.82651	0.90405	0.92434	0.75046	0.41945	0.074957	-0.29665	-0.37007	-0.3997	-0.32463	-0.18898	-0.16469	-0.084564	0.0074776	0.10655	0.17717	5.1295
485.43	0.18321	0.13495	-0.11525	-0.35661	-0.54771	-0.68038	-1.0072	-1.1685	-1.3044	-1.3428	-1.1058	-0.69702	-0.085684	0.47423	0.81346	0.91733	0.92788	0.80276	0.4885	0.14404	-0.23196	-0.36771	-0.38407	-0.33372	-0.21233	-0.13752	-0.069496	0.018459	0.13564	0.15858	5.5299
484.56	0.16765	0.14536	-0.10274	-0.34139	-0.52814	-0.70147	-0.96731	-1.2185	-1.3097	-1.4038	-1.1465	-0.7801	-0.16911	0.43346	0.78781	0.89641	0.93926	0.83866	0.51313	0.18411	-0.18896	-0.30718	-0.35287	-0.27353	-0.17442	-0.15929	-0.078783	0.010194	0.12635	0.18713	5.9502
482.82	0.16507	0.14929	-0.074155	-0.33957	-0.49529	-0.71777	-0.80094	-1.2356	-1.3791	-1.4546	-1.2501	-0.87166	-0.24374	0.37391	0.76667	0.86748	0.93945	0.8453	0.55699	0.2344	-0.16168	-0.26512	-0.30902	-0.26833	-0.18395	-0.15347	-0.063501	-0.0064766	0.1331	0.15636	6.335
483.47	0.14877	0.1223	-0.067894	-0.33274	-0.55335	-0.68638	-1.0899	-1.2787	-1.3833	-1.5344	-1.3373	-0.96578	-0.35127	0.33174	0.71436	0.85336	0.92547	0.86156	0.58632	0.25066	-0.14284	-0.26165	-0.31181	-0.27096	-0.14857	-0.13803	-0.032572	-0.00084677	0.10396	0.14985	6.7887
484.34	0.17411	0.13874	-0.099562	-0.34459	-0.56273	-0.70546	-0.97983	-1.3085	-1.4299	-1.6067	-1.4059	-1.0528	-0.43402	0.23818	0.63839	0.80679	0.90771	0.86	0.59733	0.27684	-0.10848	-0.23367	-0.30798	-0.26743	-0.18339	-0.13786	-0.069428	0.0076742	0.1041	0.10294	7.197
484.78	0.1613	0.13209	-0.093212	-0.36639	-0.56215	-0.70801	-0.96321	-1.3043	-1.478	-1.6639	-1.5143	-1.1437	-0.53819	0.19599	0.6139	0.76098	0.88764	0.87632	0.63843	0.3161	-0.074295	-0.23046	-0.27921	-0.22784	-0.14804	-0.14379	-0.07268	0.0071812	0.10687	0.14932	7.6285
484.78	0.13261	0.10182	-0.070759	-0.3476	-0.52771	-0.74552	-0.98458	-1.3071	-1.4991	-1.7031	-1.5814	-1.2222	-0.58737	0.1225	0.56619	0.73198	0.87164	0.90058	0.66827	0.35885	-0.01558	-0.1845	-0.22791	-0.25217	-0.14507	-0.10735	-0.014136	0.015665	0.062442	0.13389	8.0637
483.69	0.15205	0.1189	-0.096396	-0.32308	-0.58081	-0.70969	-1.0109	-1.3773	-1.5548	-1.7657	-1.6451	-1.3266	-0.70264	0.064983	0.54018	0.72408	0.89624	0.90603	0.69976	0.406	0.034084	-0.14189	-0.2252	-0.22521	-0.13651	-0.080041	-0.051109	0.035144	0.072106	0.14036	8.5023
482.82	0.10756	0.095487	-0.064724	-0.32659	-0.57852	-0.77923	-1.0307	-1.3862	-1.5883	-1.8474	-1.7404	-1.4409	-0.79041	0.020038	0.45919	0.67038	0.83982	0.91461	0.72498	0.43984	0.055772	-0.096171	-0.22239	-0.19509	-0.11621	-0.098669	-0.020272	-0.00094093	0.097908	0.13434	8.938
482.82	0.1109	0.058335	-0.099673	-0.34595	-0.56458	-0.73839	-1.0036	-1.4437	-1.65	-1.8802	-1.8543	-1.5265	-0.88927	-0.053946	0.41122	0.62197	0.81093	0.91806	0.74309	0.4697	0.096283	-0.080703	-0.19341	-0.19807	-0.11324	-0.086359	-0.060423	-0.01738	0.07855	0.10614	9.3903
483.03	0.094778	0.088768	-0.090127	-0.36484	-0.56786	-0.80275	-1.0963	-1.4339	-1.6983	-1.9383	-1.9279	-1.6082	-0.97525	-0.15677	0.38038	0.57961	0.80098	0.92814	0.7786	0.5028	0.12408	-0.049803	-0.13555	-0.1705	-0.14554	-0.061896	-0.032556	-0.0091335	0.05629	0.093493	9.8593
483.03	0.085391	0.085335	-0.074152	-0.34258	-0.57467	-0.7484	-1.0365	-1.4493	-1.7259	-2.0134	-2.0346	-1.7232	-1.0803	-0.26292	0.29506	0.51508	0.76554	0.95241	0.79075	0.55243	0.16764	-0.00082867	-0.097032	-0.12156	-0.11015	-0.049742	0.016865	0.043626	0.081877	0.1216	10.328
481.51	0.10168	0.10928	-0.099728	-0.35987	-0.61487	-0.79145	-1.127	-1.7138	-1.7657	-2.0792	-2.1049	-1.8376	-1.2078	-0.33458	0.23777	0.47479	0.75186	0.93474	0.83524	0.58413	0.23374	0.033177	-0.078047	-0.091516	-0.024859	-0.040423	0.0108	0.035389	0.065915	0.10337	10.811
478.9	0.10205	0.079143	-0.068314	-0.34886	-0.60029	-0.82015	-1.1671	-1.4236	-1.8498	-2.1597	-2.2457	-1.964	-1.317	-0.43363	0.16677	0.39243	0.74912	0.93274	0.88525	0.62075	0.263	0.098139	-0.056218	-0.051931	-0.042987	-0.019515	0.032288	0.088193	0.082818	0.1261	11.29
478.46	0.086135	0.045431	-0.072022	-0.38779	-0.56649	-0.85197	-1.1803	-1.5712	-1.9107	-2.2278	-2.3339	-2.1018	-1.4338	-0.54782	0.084191	0.35083	0.68525	0.93999	0.89211	0.69172	0.3166	0.1199	-0.023681	-0.058299	0.0078226	-0.029032	0.054175	0.043647	0.085693	0.11011	11.779
478.25	0.086245	0.062332	-0.11362	-0.40083	-0.62966	-0.8073	-1.2174	-1.5251	-1.9891	-2.3183	-2.4423	-2.2158	-1.5965	-0.6423	0.0013756	0.24639	0.63046	0.9131	0.88947	0.72528	0.36703	0.16037	-0.00082071	-0.033609	-0.010033	-0.0099231	0.016904	0.010277	0.085423	0.10691	12.275
478.46	0.047563	0.055244	-0.11388	-0.3618	-0.61191	-0.86912	-1.2139	-1.6086	-2.0486	-2.3699	-2.5489	-2.3544	-1.7079	-0.76515	-0.074256	0.17449	0.57493	0.91234	0.91633	0.75205	0.38884	0.20091	0.028331	0.024986	0.010969	-0.0037596	0.035691	0.010376	0.11503	0.11351	12.775
478.46	0.086202	0.035083	-0.087851	-0.41336	-0.58032	-0.845	-1.2475	-1.7088	-2.0017	-2.4391	-2.6529	-2.467	-1.8702	-0.89531	-0.1538	0.096213	0.54891	0.90206	0.94953	0.79552	0.47327	0.22846	0.073789	0.015919	0.043953	0.036278	0.067043	0.066115	0.10179	0.1227	13.287
477.37	0.047447	0.041852	-0.058428	-0.38528	-0.65886	-0.80912	-1.2473	-1.6577	-2.0582	-2.5409	-2.767	-2.6195	-1.9991	-1.014	-0.29579	0.027608	0.47207	0.90106	0.95488	0.80716	0.50572	0.26651	0.090386	0.037789	0.043686	0.063487	0.07016	0.080249	0.073342	0.088213	13.793
476.94	0.01215	-0.0055041	-0.072364	-0.34673	-0.66241	-0.88509	-1.3089	-1.6624	-2.5228	-2.6427	-2.8841	-2.7916	-2.1701	-1.1815	-0.39298	-0.076672	0.40109	0.81705	0.95571	0.85475	0.51258	0.28865	0.11282	0.059067	0.06775	0.05454	0.051131	0.066	0.08612	0.078649	14.282
477.16	0.0090275	0.032026	-0.11076	-0.39233	-0.62047	-0.87135	-1.3269	-1.7301	-2.0073	-2.7243	-3.0342	-2.9133	-2.3506	-1.3276	-0.51414	-0.19455	0.32926	0.78514	0.94913	0.86136	0.55354	0.30711	0.10984	0.080611	0.061822	0.064075	0.0702	0.046744	0.020977	0.091467	14.807
477.59	-0.0039619	-0.0092832	-0.10086	-0.34946	-0.61944	-0.92615	-1.3016	-1.7319	-2.6902	-2.811	-3.1428	-3.081	-2.4917	-1.443	-0.63776	-0.30238	0.24397	0.76356	0.94845	0.86401	0.58105	0.36274	0.18428	0.11792	0.094585	0.067117	0.1011	0.083246	0.05999	0.043967	15.296
477.59	-0.0069572	-0.03616	-0.091511	-0.36909	-0.61282	-0.90057	-1.3646	-1.8778	-2.9359	-2.8672	-3.2719	-3.2336	-2.6977	-1.5635	-0.74822	-0.41335	0.15324	0.70748	0.96655	0.90427	0.60946	0.38449	0.17784	0.16104	0.12151	0.088633	0.079501	0.083338	0.095725	0.069431	15.802
476.72	-0.029863	-0.005409	-0.10762	-0.37893	-0.60042	-0.90692	-1.3518	-1.832	-2.2114	-2.9688	-3.3828	-3.3628	-2.828	-1.7748	-0.88475	-0.51889	0.098056	0.7022	0.94109	0.93615	0.67663	0.43482	0.2372	0.17093	0.13671	0.12877	0.12016	0.088881	0.092764	0.028124	16.362
474.98	-0.062171	-0.036782	-0.091801	-0.34184	-0.6658	-0.93408	-1.3519	-1.9172	-2.2789	-3.0595	-3.5467	-3.5464	-3.0208	-1.8994	-1.0199	-0.64274	0.016239	0.65483	0.95959	0.94631	0.70407	0.45516	0.24731	0.18046	0.15539	0.154	0.12064	0.10869	0.044341	0.05079	16.887
475.63	-0.049173	-0.050049	-0.1013	-0.38383	-0.61957	-0.89476	-1.4017	-1.8982	-2.4172	-3.1519	-3.6573	-3.675	-3.1956	-2.0771	-1.1611	-0.78619	-0.078012	0.5731	0.92791	0.96156	0.72263	0.49514	0.26985	0.21765	0.1847	0.14805	0.12376	0.11201	0.066678	0.031638	17.385
475.85	-0.094644	-0.094809	-0.087874	-0.35401	-0.65398	-0.91851	-1.3919	-1.9885	-2.4298	-3.2533	-3.8038	-3.8806	-3.3919	-2.2517	-1.3167	-0.94986	-0.21878	0.51305	0.90957	0.95453	0.72531	0.51084	0.32236	0.22696	0.17583	0.15383	0.13651	0.12296	0.050842	0.028087	17.885
475.2	-0.1306	-0.12215	-0.13086	-0.34513	-0.61625	-0.90275	-1.4365	-1.9358	-2.4652	-3.3345	-3.9533	-4.0566	-3.5662	-2.4219	-1.4678	-1.1087	-0.33028	0.42563	0.90415	0.9626	0.76107	0.55488	0.31932	0.25508	0.20307	0.15704	0.14564	0.11737	0.060554	0.053411	18.451
474.33	-0.11144	-0.10856	-0.13748	-0.36842	-0.64531	-0.94995	-1.4608	-1.9946	-2.6154	-3.4306	-4.0801	-4.2213	-3.7954	-2.6721	-1.6377	-1.2622	-0.42885	0.35198	0.87256	1.0012	0.84457	0.59967	0.36901	0.26488	0.23047	0.19122	0.17452	0.12034	0.031068	0.050687	18.974
472.8	-0.16019	-0.13684	-0.11852	-0.34006	-0.64693	-0.95953	-1.4713	-2.021	-2.6593	-3.552	-4.2455	-4.4267	-3.9913	-2.8512	-1.8135	-1.4146	-0.5684	0.30341	0.86304	1.0219	0.84115	0.63293	0.38626	0.33768	0.23416	0.19552	0.1906	0.12908	0.083773	0.031658	19.525
471.71	-0.15713	-0.17417	-0.17455	-0.33771	-0.63827	-0.90274	-1.4465	-2.1112	-2.6945	-3.6777	-4.3971	-4.6222	-4.231	-3.1086	-1.9858	-1.5733	-0.7209	0.19109	0.82184	1.0138	0.87508	0.64755	0.41376	0.35694	0.25616	0.23346	0.1946	0.12988	0.060576	0.025215	20.053
472.37	-0.18059	-0.17081	-0.1775	-0.38601	-0.61605	-0.94016	-1.4883	-2.0914	-2.7637	-3.8276	-4.5518	-4.8215	-4.4403	-3.3278	-2.2003	-1.7801	-0.845	0.11609	0.77531	0.96533	0.88315	0.70333	0.43616	0.33189	0.27719	0.23949	0.21953	0.12953	0.044576	0.012817	20.597
473.46	-0.2152	-0.22269	-0.2034	-0.39522	-0.62215	-0.91986	-1.5502	-2.1804	-2.814	-3.8415	-4.6711	-4.9951	-4.6411	-3.5137	-2.3583	-1.9334	-0.978	0.020622	0.73641	1.0006	0.91587	0.70745	0.45158	0.3807	0.30945	0.24801	0.20922	0.13164	0.047413	0.038049	21.12
472.8	-0.21587	-0.22934	-0.2358	-0.3795	-0.60882	-0.90021	-1.4353	-2.1816	-2.8321	-4.0831	-4.8445	-5.1797	-4.8487	-3.7451	-2.5535	-2.1213	-1.1334	-0.074653	0.70054	0.99129	0.93934	0.72724	0.49451	0.40648	0.34284	0.28235	0.23474	0.16594	0.074001	0.043893	21.688
471.5	-0.24623	-0.27179	-0.22024	-0.37382	-0.59966	-0.96964	-1.5503	-2.1542	-2.9033	-4.3376	-4.9926	-5.4026	-5.0771	-3.9758	-2.7108	-2.3119	-1.3014	-0.15689	0.64728	1.0141	0.94832	0.76372	0.54867	0.4543	0.36494	0.2959	0.23256	0.18932	0.067539	0.031523	22.203
469.75	-0.25334	-0.31389	-0.264	-0.35923	-0.60482	-0.92349	-1.5339	-2.2185	-3.0158	-4.2504	-5.1645	-5.6056	-5.3442	-4.1995	-2.9636	-2.5099	-1.4416	-0.24634	0.6029	0.98085	0.9744	0.81429	0.56715	0.47444	0.36338	0.32555	0.27493	0.20407	0.054604	0.0026435	22.782
470.19	-0.26652	-0.33446	-0.27685	-0.41743	-0.64002	-0.95076	-1.5317	-2.2835	-3.0504	-3.9107	-5.3204	-5.7974	-5.5679	-4.4567	-3.168	-2.7272	-1.5894	-0.41396	0.53195	0.94259	0.98601	0.82973	0.56031	0.45856	0.38151	0.33754	0.26177	0.16696	0.021742	-0.0032828	23.312
470.84	-0.30809	-0.37879	-0.32252	-0.40691	-0.58223	-0.93809	-1.5215	-2.2987	-3.0179	-4.0422	-5.4519	-5.992	-5.8107	-4.6883	-3.3597	-2.9257	-1.782	-0.54121	0.49449	0.95875	0.98788	0.84075	0.57614	0.52768	0.38081	0.32484	0.27399	0.17808	0.057987	-0.013055	23.847
470.41	-0.29494	-0.42365	-0.35563	-0.421	-0.59388	-0.87334	-1.5469	-2.393	-3.1441	-4.1624	-5.6244	-6.2262	-6.0664	-4.9437	-3.5843	-3.1502	-1.9351	-0.65208	0.41147	0.94858	0.99529	0.87621	0.61595	0.5302	0.44173	0.33393	0.31284	0.19546	0.063855	-0.026167	24.413
469.54	-0.31915	-0.42146	-0.37609	-0.47024	-0.54882	-0.88575	-1.5252	-2.2928	-3.2036	-4.2682	-5.7997	-6.4043	-6.2617	-5.164	-3.7982	-3.343	-2.1109	-0.7494	0.36271	0.89566	1.019	0.88461	0.64331	0.55392	0.42714	0.35716	0.33802	0.22729	0.064526	0.019069	24.946
468.01	-0.36248	-0.49169	-0.42397	-0.47543	-0.55736	-0.84257	-1.4926	-2.3781	-3.2258	-4.4827	-5.9683	-6.6321	-6.5628	-5.4205	-3.9937	-3.5802	-2.3066	-0.9021	0.30496	0.92601	1.0518	0.90941	0.67583	0.57058	0.47145	0.40237	0.33307	0.21379	0.067515	0.0090725	25.554
466.7	-0.38632	-0.52856	-0.43456	-0.52313	-0.6024	-0.8516	-1.559	-2.424	-3.2748	-4.5917	-6.1325	-6.8548	-6.7988	-5.7516	-4.2881	-3.8239	-2.5096	-1.0625	0.21935	0.87374	1.0454	0.94039	0.69435	0.58561	0.4879	0.41598	0.34085	0.22868	0.071137	7.1024e-005	26.094
467.14	-0.35055	-0.56694	-0.46078	-0.52286	-0.6516	-0.85764	-1.4922	-2.3573	-3.3427	-4.7576	-6.3325	-7.0743	-7.0425	-5.9898	-4.5073	-4.0612	-2.7304	-1.191	0.14754	0.822	1.0573	0.93065	0.71996	0.60714	0.50299	0.4285	0.34025	0.25115	0.061362	0.006351	26.607
467.57	-0.35378	-0.62577	-0.52998	-0.59492	-0.66591	-0.81568	-1.4282	-2.417	-3.3491	-4.7327	-6.4554	-7.2716	-7.2877	-6.2536	-4.7433	-4.2611	-2.8908	-1.3473	0.069534	0.80664	1.0693	0.98071	0.74296	0.64759	0.52627	0.44676	0.37187	0.24551	0.057874	0.0058696	27.218
467.79	-0.37212	-0.64172	-0.57252	-0.64973	-0.6871	-0.80815	-1.3906	-2.3773	-3.393	-4.8218	-6.6611	-7.4304	-7.5292	-6.5188	-4.9768	-4.5189	-3.0953	-1.4931	-0.023071	0.78961	1.0648	1.0147	0.77892	0.66001	0.55972	0.49351	0.41347	0.28832	0.071156	0.011789	27.769
465.83	-0.32108	-0.62652	-0.58857	-0.656	-0.74013	-0.80079	-1.39	-2.4032	-3.4016	-4.9087	-6.8691	-7.6728	-7.7977	-6.809	-5.2196	-4.8219	-3.3212	-1.6502	-0.075805	0.72772	1.0697	1.016	0.80483	0.70444	0.56865	0.50566	0.4151	0.31764	0.10816	0.04206	28.338
464.09	-0.34218	-0.62219	-0.707	-0.74128	-0.77987	-0.87818	-1.358	-2.3712	-3.4667	-4.9625	-7.0692	-7.8978	-8.1232	-7.1373	-5.5258	-5.0733	-3.5518	-1.8299	-0.2073	0.71608	1.0903	1.0386	0.81176	0.71579	0.61653	0.52622	0.42615	0.2672	0.11499	0.027913	28.886
464.74	-0.40204	-0.67099	-0.76897	-0.81613	-0.81071	-0.96693	-1.2722	-2.2829	-3.4516	-5.0738	-7.296	-8.0858	-8.3565	-7.4015	-5.8199	-5.3258	-3.7749	-1.9788	-0.30052	0.6541	1.0464	1.0532	0.84084	0.74133	0.61324	0.51319	0.44778	0.30431	0.095335	0.022199	29.426
464.96	-0.38191	-0.66712	-0.94569	-0.86011	-0.85752	-0.96182	-1.2767	-2.3147	-3.4473	-5.1567	-7.5232	-8.2835	-8.625	-7.6856	-6.0334	-5.6184	-4.0031	-2.1757	-0.38472	0.60852	1.033	1.0435	0.86727	0.76575	0.6311	0.54803	0.44838	0.30473	0.074841	-0.049268	29.955
464.96	-0.42132	-0.63913	-1.0247	-0.92882	-0.966	-1.0479	-1.183	-2.1979	-3.3851	-5.1501	-7.7062	-8.431	-8.8374	-7.9393	-6.3213	-5.8235	-4.2105	-2.3494	-0.50951	0.53253	1.0551	1.0788	0.87039	0.76549	0.62221	0.57268	0.4765	0.32176	0.03817	-0.075356	30.551
464.96	-0.39232	-0.62971	-1.1108	-0.96962	-1.0014	-1.0969	-1.249	-2.1319	-3.4077	-5.1902	-7.806	-8.5912	-9.0585	-8.1835	-6.5265	-6.0986	-4.4352	-2.4859	-0.56885	0.51907	1.0458	1.0846	0.8999	0.82334	0.65548	0.58534	0.48955	0.32736	0.06829	-0.035543	31.117
463.44	-0.34902	-0.48735	-1.2811	-1.0828	-1.1021	-1.0851	-1.2785	-1.9412	-3.3852	-5.1485	-7.5593	-8.7773	-9.3201	-8.4692	-6.7941	-6.3098	-4.66	-2.6639	-0.68359	0.48598	1.0463	1.1078	0.90068	0.84722	0.69186	0.59389	0.48858	0.32536	0.10865	0.016922	31.631
462.13	-0.25829	-0.63796	-1.3838	-1.2105	-1.1946	-1.1885	-1.3207	-1.8578	-3.2718	-5.2078	-7.2961	-8.9505	-9.5046	-8.725	-7.0494	-6.5923	-4.859	-2.8233	-0.79158	0.40794	1.0261	1.1168	0.91976	0.82778	0.67212	0.57342	0.50519	0.36402	0.12232	0.051809	32.119
461.69	-0.32993	-0.53443	-1.6376	-1.3659	-1.2643	-1.305	-1.3945	-1.7071	-3.1592	-5.1777	-7.2128	-9.1038	-9.6698	-8.9224	-7.2241	-6.791	-5.086	-2.9889	-0.88415	0.37711	1.0148	1.0991	0.94322	0.86996	0.69433	0.60901	0.49646	0.36668	0.094726	0.051078	32.602
461.26	-0.3059	-0.70988	-1.6413	-1.4652	-1.4111	-1.3804	-1.4193	-1.646	-2.9888	-5.027	-7.3626	-9.1503	-9.8568	-9.106	-7.4324	-6.987	-5.2586	-3.1341	-0.98504	0.34966	1.0154	1.1159	0.96524	0.84859	0.72236	0.62585	0.51964	0.37915	0.14813	0.062761	33.074
459.95	-0.1364	-0.58524	-1.7087	-1.7866	-1.5908	-1.5081	-1.5568	-1.6717	-2.8888	-4.9849	-7.7596	-9.2182	-9.9859	-9.3078	-7.6399	-7.1916	-5.4201	-3.2447	-1.0605	0.28465	1.0022	1.1877	1.0329	0.89327	0.70826	0.60079	0.50651	0.35617	0.13523	0.013595	33.526
457.33	-0.32965	-0.49435	-1.7845	-1.9624	-1.65	-1.5169	-1.4739	-1.6613	-2.5393	-4.8039	-6.9505	-9.2719	-10.111	-9.4739	-7.7672	-7.3712	-5.6175	-3.4435	-1.1681	0.27206	1.0272	1.1271	0.94843	0.86304	0.75287	0.69414	0.50152	0.40135	0.12592	0.001013	33.991
454.28	-0.31976	-0.43894	-1.9323	-2.33	-1.8817	-1.6569	-1.6214	-1.727	-2.3279	-4.6332	-6.968	-9.2837	-10.221	-9.6729	-8.0065	-7.5825	-5.781	-3.5412	-1.2203	0.22461	1.0238	1.2527	1.0746	0.98901	0.78523	0.7186	0.54505	0.40694	0.14582	-0.032022	34.437
453.19	-0.51138	-0.62737	-2.1025	-2.5368	-1.9834	-1.8055	-1.7202	-1.7029	-2.0623	-4.357	-6.8353	-9.2569	-10.245	-9.7141	-8.078	-7.701	-5.9048	-3.6353	-1.2531	0.21082	0.99439	1.1881	1.0048	0.94471	0.79375	0.71095	0.56705	0.41782	0.13412	-0.0089728	34.812
452.75	-0.42894	-0.38428	-2.1498	-2.8108	-2.1618	-1.8027	-1.7751	-1.8546	-2.0497	-4.0036	-7.0406	-9.0926	-10.147	-9.7201	-8.0889	-7.7108	-5.9202	-3.6817	-1.2978	0.19344	1.0156	1.2422	1.0867	0.99896	0.81538	0.68575	0.55171	0.40045	0.13433	0.02465	35.173
452.1	-0.2226	-0.31398	-2.3298	-2.9924	-2.3344	-1.9841	-1.7988	-1.7517	-1.7606	-3.5683	-6.6358	-8.9553	-10.051	-9.6862	-8.1043	-7.7063	-5.9496	-3.7064	-1.3382	0.16214	1.0107	1.2521	1.0347	0.96242	0.77645	0.66452	0.5636	0.40463	0.16746	0.076056	35.545
450.14	-0.21821	-0.60013	-2.5654	-3.2117	-2.5569	-2.15	-1.8366	-1.7459	-1.7324	-3.263	-6.3172	-8.7604	-9.9088	-9.5976	-8.0696	-7.6966	-5.9709	-3.7375	-1.3296	0.17769	1.0414	1.2261	1.0747	1.0076	0.81113	0.72199	0.58624	0.39577	0.18471	0.092618	35.884
445.78	-0.22276	-0.3084	-2.4415	-3.3913	-2.7644	-2.2289	-1.747	-1.7183	-1.7106	-2.9414	-5.9886	-8.5472	-9.7856	-9.5196	-8.0523	-7.671	-5.9291	-3.7455	-1.3276	0.19624	1.0782	1.2827	1.0936	0.99493	0.79457	0.65946	0.56037	0.36591	0.14988	0.073512	36.179
442.95	-0.22049	-0.33034	-2.3482	-3.6712	-2.9571	-2.2904	-1.815	-1.6255	-1.5186	-2.4683	-5.8991	-8.3625	-9.5292	-9.3945	-7.9408	-7.619	-5.9263	-3.7122	-1.3356	0.21673	1.0578	1.2599	1.106	0.99065	0.82131	0.70208	0.582	0.36732	0.13957	0.021531	36.414
440.77	-0.3077	-0.45279	-2.3335	-3.8438	-3.1803	-2.3866	-1.8044	-1.5982	-1.5644	-2.1782	-5.4497	-8.095	-9.2841	-9.1716	-7.7725	-7.4631	-5.8102	-3.6347	-1.2762	0.23171	1.0941	1.2883	1.0967	0.98446	0.77843	0.6577	0.52029	0.35406	0.075697	-0.041232	36.587
438.37	-0.35964	-0.5867	-2.3246	-3.8609	-3.4562	-2.4012	-1.8493	-1.5389	-1.4426	-2.1376	-4.8894	-7.7845	-8.9223	-8.9091	-7.589	-7.2444	-5.6396	-3.5284	-1.2436	0.27623	1.136	1.2996	1.1145	0.99053	0.78573	0.64016	0.51871	0.30413	0.019136	-0.11829	36.821
435.32	-0.50665	-0.76453	-2.4688	-3.8328	-3.5485	-2.4534	-1.8604	-1.5228	-1.3248	-1.6692	-4.5976	-7.5132	-8.563	-8.5966	-7.3045	-7.0545	-5.4791	-3.4143	-1.1791	0.35927	1.1619	1.335	1.1035	0.98615	0.80435	0.67224	0.49858	0.2536	-0.066138	-0.14755	36.954
431.39	-0.57617	-0.82928	-2.5116	-4.0134	-3.6668	-2.5182	-1.8806	-1.5047	-1.3507	-1.5108	-4.2574	-7.185	-8.1404	-8.2611	-7.0654	-6.7499	-5.2445	-3.2398	-1.0154	0.38463	1.1821	1.3546	1.1207	0.992	0.73885	0.60638	0.46153	0.18449	-0.16725	-0.33136	37.078
427.03	-0.81004	-0.85675	-2.436	-3.9056	-3.633	-2.5858	-1.9849	-1.2847	-1.187	-1.3894	-3.8474	-6.7367	-7.7591	-7.9015	-6.7818	-6.475	-5.0254	-3.0615	-0.94099	0.43376	1.2155	1.3401	1.0992	0.92958	0.71984	0.54748	0.39971	0.11133	-0.34248	-0.50811	37.14
425.06	-0.96628	-0.98693	-2.3527	-3.8949	-3.6178	-2.3857	-1.8822	-1.2733	-1.1299	-1.1553	-3.5863	-6.4545	-7.3281	-7.5213	-6.4094	-6.1708	-4.7675	-2.9024	-0.82938	0.4959	1.2039	1.3046	1.0317	0.89257	0.65628	0.4562	0.27152	-0.038905	-0.54045	-0.78051	37.199
422.23	-2.0112	-1.4168	-2.1361	-3.8341	-3.5896	-2.2843	-1.7781	-1.2118	-1.1579	-1.1738	-3.175	-5.9796	-6.9073	-7.1519	-6.1047	-5.8537	-4.4827	-2.6994	-0.7423	0.52201	1.1901	1.3135	1.0127	0.82854	0.57954	0.40348	0.22762	-0.13719	-0.78549	-1.1303	37.217
418.08	-3.1485	-2.6369	-2.069	-3.6831	-3.4897	-2.2835	-1.621	-1.2014	-1.0776	-1.1286	-2.8066	-5.5819	-6.5134	-6.7815	-5.7832	-5.5991	-4.2716	-2.5266	-0.61479	0.58455	1.1806	1.2804	1.0414	0.80869	0.55803	0.35459	0.13726	-0.22837	-0.96696	-1.4126	37.302
412.18	-4.0544	-3.7737	-1.9802	-3.4368	-3.394	-2.0019	-1.5813	-1.2218	-0.95914	-0.96832	-2.4103	-5.612	-6.0964	-6.4005	-5.4495	-5.2211	-3.9896	-2.3313	-0.50403	0.66683	1.2266	1.2735	1.0112	0.79861	0.53841	0.32071	0.095706	-0.30938	-1.1119	-1.5944	37.32
406.94	-4.3908	-4.5061	-2.1414	-3.1411	-3.2695	-2.1019	-1.6487	-1.2484	-1.0303	-1.0692	-2.1048	-4.8556	-5.5318	-5.9114	-5.0625	-4.8329	-3.6753	-2.045	-0.33976	0.73033	1.2534	1.2935	1.0089	0.7766	0.4616	0.25621	-0.009114	-0.40858	-1.2401	-1.8342	37.35
403.88	-4.9661	-5.1766	-2.5013	-2.8491	-2.8214	-1.7924	-1.5654	-1.3426	-1.258	-0.91934	-1.7968	-4.9155	-5.0648	-5.4076	-4.5667	-4.4373	-3.3268	-1.8242	-0.18813	0.82726	1.2889	1.2774	0.88992	0.65093	0.2954	0.11205	-0.14808	-0.47862	-1.3914	-2.0016	37.344
400.82	-4.9987	-5.3285	-3.7498	-2.4542	-2.5599	-1.6795	-1.1987	-1.0788	-0.81904	-1.1561	-1.8192	-4.2816	-4.5895	-4.8867	-4.1732	-4.0191	-3.0223	-1.5957	-0.11347	0.85754	1.3027	1.0868	0.85767	0.62159	0.3107	0.20706	0.023539	-0.48187	-1.4983	-2.1717	37.323
397.33	-4.8103	-5.138	-3.6298	-2.0805	-1.9403	-1.1416	-1.0726	-0.90297	-0.99147	-1.1918	-1.5934	-3.2912	-4.0641	-4.3447	-3.6721	-3.6686	-2.6843	-1.3901	0.0098731	0.88536	1.2914	1.3285	1.0258	0.73221	0.27533	0.0064157	-0.33652	-0.6542	-1.48	-2.1375	37.314
392.52	-5.0293	-4.9926	-4.5847	-2.9265	-2.0688	-1.4507	-1.2162	-1.0107	-0.9652	-1.273	-1.3971	-3.0395	-3.6051	-3.9492	-3.3463	-3.285	-2.3978	-1.1671	0.16569	1.0228	1.3227	1.3502	0.96856	0.68961	0.54039	0.39253	0.12165	-0.61087	-1.5727	-2.2055	37.338
387.93	-4.776	-5.0422	-4.7808	-2.6441	-1.6146	-1.2722	-1.102	-0.99738	-1.1885	-1.3797	-1.1696	-2.9421	-3.146	-3.5009	-2.9653	-2.9026	-2.0629	-0.88422	0.37611	1.1299	1.4431	1.2309	0.94993	0.60485	0.2526	0.025777	-0.18432	-0.56642	-1.6037	-2.1807	37.332
383.77	-4.5635	-5.0886	-4.9311	-3.143	-1.8911	-1.1828	-1.2892	-1.1033	-1.5329	-1.3015	-1.1819	-2.6213	-2.7111	-3.0656	-2.6372	-2.5523	-1.798	-0.66728	0.50491	1.2381	1.4623	1.4254	1.0172	0.70388	0.36667	0.10611	-0.25595	-0.72944	-1.6692	-2.2362	37.335
384.43	-4.5788	-4.7757	-4.9284	-3.1759	-1.8633	-1.236	-1.075	-1.1115	-1.0568	-1.4166	-1.2216	-1.9772	-2.3808	-2.689	-2.359	-2.2681	-1.5449	-0.50465	0.61345	1.2607	1.4595	1.1419	0.78999	0.58379	0.29189	0.15942	-0.084667	-0.73177	-1.7264	-2.3464	37.308
384.65	-4.2073	-4.5246	-4.5668	-3.289	-1.7006	-1.1727	-1.0224	-1.098	-1.2311	-1.0842	-1.056	-1.928	-2.2616	-2.4605	-2.1423	-2.112	-1.37	-0.43443	0.63573	1.2769	1.4279	1.3526	0.93797	0.64853	0.25184	-0.011507	-0.25383	-0.70354	-1.641	-2.1954	37.341
386.4	-3.8446	-4.2058	-4.389	-3.0211	-1.2674	-1.0109	-0.98119	-1.0443	-1.1136	-1.1317	-1.2277	-1.7779	-1.9154	-2.0934	-1.8926	-1.8836	-1.2502	-0.32392	0.67043	1.213	1.375	1.1826	0.84625	0.6187	0.26762	0.094365	-0.17611	-0.6415	-1.5063	-2.0181	37.382
388.36	-3.4556	-3.7941	-4.1279	-2.6039	-1.461	-1.1244	-0.94179	-0.90279	-0.98575	-1.0967	-1.0342	-1.4198	-1.6946	-1.8585	-1.6892	-1.671	-1.0668	-0.20917	0.66012	1.1702	1.3217	1.1771	0.84614	0.59365	0.275	0.086779	-0.16708	-0.61811	-1.4523	-1.9397	37.411
392.52	-3.0536	-3.424	-4.0527	-2.301	-1.5888	-0.99761	-0.98426	-0.96048	-1.0308	-1.0876	-1.0123	-1.3322	-1.6357	-1.7437	-1.5328	-1.4823	-0.95675	-0.12617	0.69658	1.2031	1.3071	1.1867	0.84826	0.54943	0.29297	0.069522	-0.20124	-0.59209	-1.3445	-1.7556	37.473
398.2	-2.5199	-3.0999	-3.4889	-2.1993	-1.4525	-0.96653	-0.97262	-0.96587	-1.0042	-0.87332	-1.1074	-1.1936	-1.355	-1.5929	-1.4678	-1.3699	-0.85473	-0.1003	0.70842	1.1846	1.2919	1.1274	0.7588	0.49302	0.24885	0.061191	-0.16736	-0.56678	-1.2555	-1.527	37.514
407.59	-2.275	-2.8232	-3.2347	-2.2265	-1.5117	-1.0805	-0.99601	-0.96278	-0.93393	-1.0674	-1.1928	-1.1489	-1.2361	-1.4291	-1.3552	-1.312	-0.81325	-0.041043	0.724	1.1655	1.2366	1.1055	0.74534	0.5212	0.21128	0.026752	-0.23706	-0.58291	-1.0937	-1.3602	37.573
417.42	-1.9259	-2.3878	-2.9614	-2.1309	-1.3153	-1.0089	-1.0654	-1.0632	-0.9864	-1.067	-0.93682	-1.2355	-1.3056	-1.3032	-1.2795	-1.2137	-0.77118	-0.02744	0.70739	1.1495	1.2443	1.0664	0.73879	0.50289	0.27154	0.097491	-0.16013	-0.52407	-1.0075	-1.1522	37.661
427.9	-1.6901	-2.1816	-2.6999	-1.7427	-1.2911	-1.0894	-0.98559	-1.0385	-1.0281	-0.91778	-1.0091	-1.1797	-1.2425	-1.3633	-1.2943	-1.2139	-0.74485	-0.025818	0.68417	1.1183	1.2139	1.0259	0.73227	0.52191	0.24968	0.1019	-0.11693	-0.45826	-0.88467	-1.0717	37.773
437.93	-1.5525	-1.9276	-2.3051	-1.5738	-1.0688	-1.1548	-1.0381	-1.0032	-1.014	-1.1271	-1.0773	-1.179	-1.2152	-1.3361	-1.2637	-1.2065	-0.76043	-0.071751	0.67105	1.1078	1.162	1.0677	0.7429	0.56384	0.32748	0.13023	-0.080018	-0.3806	-0.79119	-0.93448	37.855
447.75	-1.2873	-1.7611	-1.8495	-1.3793	-0.9398	-1.2455	-1.0624	-1.0908	-1.0848	-0.97758	-0.98743	-1.148	-1.2936	-1.3622	-1.3027	-1.1981	-0.77425	-0.071067	0.63044	1.075	1.1701	0.98078	0.71026	0.5053	0.30752	0.16694	-0.048825	-0.32701	-0.69329	-0.80294	37.949
457.55	-1.1988	-1.3436	-1.598	-1.2147	-0.99516	-1.1859	-1.1143	-1.0942	-1.0643	-0.97598	-1.2105	-1.2395	-1.3663	-1.3383	-1.3403	-1.2377	-0.83327	-0.094854	0.60079	1.0104	1.1055	0.95218	0.71464	0.52268	0.32588	0.14688	-0.011611	-0.26459	-0.57338	-0.68646	38.037
464.74	-1.0698	-1.415	-1.2631	-1.0558	-0.99701	-0.96998	-1.2511	-1.1595	-1.0617	-1.1346	-1.2423	-1.387	-1.3983	-1.4563	-1.3913	-1.32	-0.85742	-0.14436	0.53508	0.99513	1.085	0.98574	0.68298	0.52415	0.31509	0.15104	-0.0018025	-0.23442	-0.51427	-0.59761	38.133
471.28	-0.90738	-1.0861	-1.1244	-1.0313	-1.1245	-0.96204	-1.2211	-1.1928	-1.1713	-1.1564	-1.2493	-1.1118	-1.4421	-1.5082	-1.4628	-1.321	-0.8915	-0.18813	0.51884	0.94719	1.1175	0.97835	0.71027	0.54211	0.34402	0.23955	0.058226	-0.19149	-0.43817	-0.48308	38.259
476.72	-0.95533	-1.1062	-1.1849	-0.88481	-1.0503	-1.0552	-1.1754	-1.2438	-1.2233	-1.1922	-1.2477	-1.2863	-1.475	-1.5207	-1.5326	-1.4139	-0.97948	-0.24191	0.49802	0.92282	1.0482	0.96142	0.70218	0.52689	0.32513	0.17831	0.035746	-0.16684	-0.38111	-0.48417	38.314
480.2	-0.91318	-1.0409	-1.0189	-0.94678	-1.0486	-1.1132	-1.3076	-1.4053	-1.359	-1.2815	-1.4284	-1.1623	-1.5767	-1.6235	-1.584	-1.4943	-1.0431	-0.3063	0.43046	0.89582	1.05	0.96361	0.6775	0.54414	0.36124	0.23228	0.063242	-0.15974	-0.3659	-0.4553	38.408
483.47	-0.68919	-0.83772	-1.0794	-1.1382	-1.0857	-1.2165	-1.3406	-1.4638	-1.4722	-1.3541	-1.5364	-1.3305	-1.6199	-1.7029	-1.71	-1.585	-1.12	-0.36351	0.4007	0.87649	1.0334	0.93211	0.68249	0.51621	0.30871	0.19097	0.056868	-0.12268	-0.3472	-0.42078	38.431
483.69	-0.67832	-0.71452	-1.1942	-1.086	-1.0472	-1.2889	-1.5131	-1.569	-1.5087	-1.4485	-1.4683	-1.6265	-1.7804	-1.7956	-1.7699	-1.683	-1.2043	-0.4194	0.34912	0.85611	1.039	0.9379	0.69512	0.51288	0.34677	0.19092	0.069301	-0.13901	-0.3464	-0.39447	38.457
482.38	-0.54475	-0.59464	-0.8592	-0.92424	-0.97808	-1.2654	-1.6688	-1.6477	-1.568	-1.6174	-1.7267	-1.5921	-1.8081	-1.8369	-1.8746	-1.7267	-1.263	-0.45934	0.33197	0.86846	1.0513	0.97727	0.68726	0.52037	0.36861	0.24049	0.12207	-0.097868	-0.315	-0.32271	38.515
480.42	-0.47766	-0.45568	-0.7948	-0.90003	-0.9284	-1.2318	-1.7831	-1.6981	-1.5989	-1.6866	-1.3611	-1.7244	-1.8817	-1.9195	-1.9448	-1.8349	-1.349	-0.49959	0.32103	0.87485	1.0396	0.98444	0.7577	0.58682	0.35798	0.26898	0.14398	-0.040016	-0.2459	-0.26822	38.536
480.42	-0.39828	-0.50306	-0.66698	-0.83338	-0.98695	-1.3145	-1.9545	-1.7548	-1.6614	-1.64	-1.6065	-1.5698	-1.9933	-2.0005	-2.0301	-1.9127	-1.4103	-0.5692	0.31536	0.85188	1.0711	0.99052	0.7384	0.58384	0.40551	0.281	0.15927	-0.031692	-0.19786	-0.23702	38.547
481.73	-0.48063	-0.48878	-0.68145	-0.84669	-1.0283	-1.5523	-2.0232	-1.8422	-1.709	-1.6672	-1.9781	-1.6318	-2.0566	-2.0373	-2.0591	-1.9655	-1.4415	-0.59837	0.29365	0.83639	1.0934	1.0096	0.74269	0.62175	0.42236	0.33558	0.2152	-0.059308	-0.2133	-0.28321	38.588
485.21	-0.51955	-0.5055	-0.63691	-0.70204	-1.112	-1.7085	-2.3388	-1.9467	-1.7092	-1.6332	-1.5619	-1.7071	-2.0244	-2.0785	-2.066	-1.9908	-1.4674	-0.58721	0.27063	0.86715	1.067	0.98738	0.7666	0.62413	0.44602	0.29411	0.17637	-0.00094589	-0.18947	-0.2752	38.591
485.21	-0.51012	-0.61401	-0.72439	-0.68102	-1.0888	-1.8803	-2.5718	-1.9913	-1.6937	-1.6798	-1.7505	-1.726	-2.1475	-2.0538	-2.1355	-1.9945	-1.5131	-0.63308	0.28218	0.84762	1.0611	1.0152	0.79578	0.64566	0.41651	0.30015	0.20463	-0.0095958	-0.19637	-0.28862	38.597
482.6	-0.42071	-0.51639	-0.69741	-0.75953	-1.2532	-1.8552	-2.9218	-2.1454	-1.7458	-1.6772	-2.1024	-1.6518	-2.1136	-2.0228	-2.1518	-2.0329	-1.5512	-0.60856	0.30163	0.84807	1.1005	1.0233	0.82885	0.65779	0.45439	0.3411	0.19336	0.037403	-0.18501	-0.26581	38.611
480.64	-0.45645	-0.54657	-0.68312	-0.89931	-1.6168	-2.3381	-2.7824	-2.0312	-1.8348	-1.8142	-1.5041	-1.7747	-2.1032	-2.0111	-2.1424	-2.0568	-1.5439	-0.65355	0.2937	0.89517	1.1049	1.0459	0.81223	0.66051	0.47102	0.33306	0.23075	0.029576	-0.16037	-0.23493	38.611
480.42	-0.5097	-0.48864	-0.50285	-0.90995	-1.4803	-2.0758	-2.8519	-1.8939	-1.744	-1.9399	-1.8166	-1.6475	-1.993	-1.89	-2.1158	-2.0252	-1.5222	-0.67456	0.26059	0.86135	1.1212	1.083	0.81634	0.66337	0.47675	0.3822	0.20337	0.049161	-0.17946	-0.24154	38.614
481.94	-0.43125	-0.39951	-0.51431	-0.90914	-1.5335	-2.2977	-2.7358	-2.1659	-1.779	-1.8375	-1.6823	-1.6456	-1.9546	-1.8661	-2.0306	-1.994	-1.5271	-0.61005	0.28977	0.86592	1.121	1.0648	0.86841	0.71107	0.48141	0.35993	0.2122	0.037888	-0.10441	-0.20881	38.585
481.29	-0.27855	-0.37721	-0.56995	-1.1154	-1.6503	-2.3334	-2.6225	-2.146	-1.7191	-1.8563	-1.6415	-1.7143	-1.7732	-1.8164	-1.9529	-1.9272	-1.469	-0.62623	0.29833	0.87701	1.1354	1.0539	0.83705	0.66925	0.49371	0.36032	0.2403	0.049259	-0.1113	-0.12094	38.588
477.37	-0.36921	-0.35999	-0.63619	-1.3432	-1.9907	-2.4175	-2.6203	-1.954	-1.6017	-1.8124	-1.5661	-1.5391	-1.927	-1.7232	-1.9063	-1.8808	-1.4136	-0.58587	0.30993	0.91076	1.1762	1.0785	0.87821	0.72784	0.5288	0.4008	0.34626	0.055169	-0.11884	-0.1474	38.603
471.28	-0.31303	-0.39172	-0.84468	-1.3596	-2.2899	-2.5298	-2.6203	-1.965	-1.643	-1.7705	-1.4781	-1.5786	-1.7276	-1.6921	-1.872	-1.8333	-1.4231	-0.54596	0.31764	0.94317	1.1745	1.1201	0.87112	0.71653	0.52712	0.39823	0.29247	-0.012203	-0.11708	-0.15836	38.579
464.74	-0.34103	-0.43629	-0.81914	-1.4855	-2.3256	-2.6382	-2.5212	-1.9598	-1.6268	-1.7005	-1.4082	-1.6058	-1.693	-1.6414	-1.8334	-1.8144	-1.3521	-0.56435	0.37849	0.97338	1.2299	1.149	0.88742	0.71805	0.51469	0.38274	0.28416	0.03681	-0.13879	-0.18718	38.562
460.61	-0.42753	-0.52849	-0.8364	-1.6424	-2.4021	-2.6544	-2.5089	-1.9675	-1.5188	-1.5512	-1.477	-1.4307	-1.5384	-1.5536	-1.8063	-1.7457	-1.3302	-0.51777	0.39787	0.97884	1.2441	1.1165	0.87445	0.73378	0.49421	0.36993	0.2574	0.036694	-0.14677	-0.26165	38.527
458.21	-0.41556	-0.51555	-1.0261	-1.7657	-2.2521	-2.6111	-2.3632	-1.6113	-1.6749	-1.5317	-1.3725	-1.4997	-1.5174	-1.5616	-1.8307	-1.7511	-1.3473	-0.51681	0.3743	0.9909	1.2473	1.1395	0.91686	0.73178	0.53753	0.4078	0.26206	0.048517	-0.20472	-0.28888	38.518
453.42	-0.585	-0.66229	-1.2673	-1.875	-2.3583	-2.4248	-2.244	-1.654	-1.6242	-1.5103	-1.4598	-1.408	-1.6127	-1.5632	-1.8482	-1.7642	-1.3491	-0.48252	0.3685	0.98711	1.2183	1.1771	0.91931	0.72934	0.5177	0.36959	0.27477	0.022662	-0.23418	-0.32547	38.489
445.35	-0.62527	-0.65849	-1.1264	-2.0172	-2.413	-2.452	-2.0308	-1.5716	-1.6015	-1.5197	-1.4339	-1.4591	-1.8756	-1.5392	-1.8482	-1.7715	-1.3837	-0.52844	0.41777	1.0231	1.2296	1.1986	0.89839	0.7494	0.53713	0.38945	0.22581	0.017122	-0.2522	-0.33485	38.527
436.19	-0.65239	-0.67846	-1.4229	-2.0782	-2.4336	-2.4332	-2.1603	-1.6517	-1.6413	-1.4958	-1.5228	-1.4857	-1.7044	-1.5584	-1.8235	-1.7463	-1.3401	-0.48481	0.42353	1.0524	1.2862	1.2342	0.94843	0.74465	0.5254	0.38088	0.21334	-0.0039894	-0.28908	-0.37938	38.507
427.9	-0.63129	-0.76722	-1.3995	-2.1544	-2.4447	-2.36	-2.0844	-1.5816	-1.5049	-1.6917	-1.4827	-1.4529	-1.639	-1.5725	-1.8724	-1.7893	-1.3393	-0.48184	0.46596	1.0465	1.2935	1.1952	0.9597	0.73504	0.50584	0.33319	0.19344	-0.016635	-0.32729	-0.41171	38.515
421.79	-0.68425	-0.87827	-1.5403	-2.1707	-2.4291	-2.3995	-2.0081	-1.5938	-1.586	-1.5495	-1.4151	-1.5215	-1.9577	-1.6114	-1.9059	-1.7919	-1.3541	-0.47254	0.4451	1.0539	1.316	1.2162	0.92936	0.73122	0.49535	0.35141	0.18884	-0.086932	-0.3906	-0.44633	38.501
415.89	-0.80153	-0.91473	-1.4919	-2.1653	-2.408	-2.324	-1.9817	-1.6138	-1.5378	-1.4594	-1.5087	-1.4336	-1.8206	-1.5906	-1.9463	-1.7848	-1.3708	-0.47604	0.43391	1.0729	1.2915	1.2049	0.92792	0.67117	0.44145	0.29303	0.11655	-0.14881	-0.44429	-0.56151	38.504
409.12	-0.89434	-1.0334	-1.5883	-2.1864	-2.3804	-2.3602	-1.899	-1.5576	-1.6055	-1.653	-1.4498	-1.4632	-1.663	-1.5554	-1.8973	-1.7715	-1.3855	-0.42645	0.48742	1.091	1.2803	1.1998	0.89831	0.68596	0.44147	0.26592	0.10431	-0.18382	-0.54236	-0.61197	38.509
400.6	-0.9386	-1.0403	-1.6438	-2.2198	-2.4197	-2.2417	-1.8314	-1.5608	-1.5666	-1.6787	-1.4112	-1.5269	-1.7172	-1.5281	-1.8372	-1.7336	-1.3204	-0.45098	0.51637	1.0982	1.3188	1.2004	0.87497	0.69047	0.42956	0.2492	0.057829	-0.24834	-0.57741	-0.68271	38.521
391.64	-1.0742	-1.1191	-1.5911	-2.1039	-2.3976	-2.2628	-1.7588	-1.3992	-1.5216	-1.5921	-1.4393	-1.3561	-1.6702	-1.4641	-1.7856	-1.6854	-1.2872	-0.32899	0.5284	1.1484	1.3577	1.2046	0.93803	0.67142	0.42888	0.20216	0.024352	-0.26151	-0.64659	-0.79123	38.53
383.11	-1.2195	-1.2176	-1.5586	-2.1322	-2.2859	-2.2093	-1.6821	-1.4235	-1.4486	-1.4345	-1.3285	-1.3173	-1.4997	-1.4595	-1.7699	-1.6696	-1.2714	-0.35311	0.59262	1.1864	1.3596	1.2273	0.91049	0.68175	0.38244	0.20651	-0.013989	-0.30248	-0.73016	-0.89681	38.533
378.3	-1.4473	-1.3679	-1.5499	-2.0671	-2.2403	-2.2129	-1.6489	-1.3441	-1.389	-1.3492	-1.408	-1.3041	-1.5785	-1.4056	-1.6793	-1.6012	-1.2018	-0.31818	0.58506	1.1636	1.3483	1.2508	0.87705	0.64837	0.37955	0.2133	-0.04169	-0.39769	-0.85748	-1.0523	38.536
376.77	-1.6692	-1.5231	-1.4421	-1.8728	-2.1945	-2.1413	-1.8174	-1.3115	-1.2924	-1.5855	-1.1598	-1.2526	-1.4192	-1.3398	-1.5929	-1.5605	-1.0936	-0.26094	0.63846	1.1901	1.3508	1.2291	0.88068	0.62861	0.33591	0.13983	-0.065024	-0.43437	-0.96042	-1.1611	38.55
376.11	-1.8151	-1.7081	-1.4867	-1.8816	-2.0052	-2.0767	-1.6518	-1.2041	-1.3929	-1.52	-1.2047	-1.1216	-1.5943	-1.3814	-1.5779	-1.497	-1.0454	-0.2383	0.64773	1.1843	1.3774	1.2481	0.88762	0.6137	0.3181	0.13723	-0.072475	-0.45521	-1.0137	-1.2269	38.608
376.77	-1.91	-1.8218	-1.4657	-1.755	-1.966	-2.0177	-1.5438	-1.1038	-1.3122	-1.3331	-1.2465	-1.2094	-1.508	-1.4451	-1.5714	-1.5195	-1.0341	-0.20987	0.65537	1.2044	1.3837	1.2257	0.86956	0.58588	0.3453	0.14406	-0.064947	-0.4644	-1.0157	-1.2141	38.591
377.65	-1.9403	-1.9109	-1.4011	-1.6502	-1.8316	-1.9322	-1.4899	-1.2186	-1.2484	-1.1254	-1.3246	-1.3675	-1.4865	-1.4696	-1.5626	-1.503	-1.0023	-0.15734	0.69581	1.2261	1.3572	1.2419	0.87526	0.61896	0.32916	0.12071	-0.087814	-0.43599	-0.99973	-1.2138	38.594
380.71	-1.8572	-2.0089	-1.3541	-1.6407	-1.7303	-1.7208	-1.4957	-1.2653	-1.2153	-1.0628	-1.1527	-1.3134	-1.5719	-1.5554	-1.4919	-1.4525	-0.97525	-0.1659	0.71889	1.2532	1.372	1.2007	0.85931	0.61299	0.33634	0.15007	-0.1119	-0.46455	-0.98836	-1.1534	38.597
388.36	-1.7735	-1.9642	-1.3031	-1.4973	-1.614	-1.6618	-1.3875	-1.2304	-1.1272	-1.3532	-1.2758	-1.3407	-1.3999	-1.4807	-1.5221	-1.4241	-0.97261	-0.13215	0.70524	1.1917	1.3298	1.1653	0.84709	0.59745	0.31868	0.14691	-0.11722	-0.43095	-0.9538	-1.1308	38.603
399.51	-1.4838	-1.7854	-1.2343	-1.3559	-1.4786	-1.5336	-1.3485	-1.1303	-1.2752	-1.0995	-1.1808	-1.3039	-1.485	-1.4395	-1.4343	-1.362	-0.91946	-0.13102	0.70087	1.2023	1.3499	1.1481	0.80343	0.5589	0.34501	0.12861	-0.091812	-0.4365	-0.91102	-1.0352	38.623
412.4	-1.4702	-1.4568	-1.1908	-1.2669	-1.439	-1.4348	-1.2626	-1.1593	-1.291	-1.1923	-1.1767	-1.1778	-1.3768	-1.3785	-1.3889	-1.318	-0.81412	-0.06575	0.69676	1.1614	1.2607	1.1381	0.80816	0.58073	0.28257	0.13192	-0.082471	-0.41387	-0.85082	-1.0448	38.658
424.62	-1.3535	-1.4184	-1.155	-1.0887	-1.4359	-1.3455	-1.2358	-1.0992	-1.1615	-1.1643	-1.0601	-1.1768	-1.0583	-1.2364	-1.2852	-1.1956	-0.78671	-0.029047	0.71162	1.162	1.2345	1.09	0.78843	0.58447	0.29083	0.11327	-0.097811	-0.4215	-0.79814	-0.97308	38.64
435.53	-1.4377	-1.3907	-1.1547	-1.1863	-1.3317	-1.3434	-1.3019	-1.1556	-1.2683	-1.1801	-0.91522	-1.0804	-1.0921	-1.1453	-1.2273	-1.1214	-0.70747	-0.036039	0.67632	1.1027	1.2133	1.0763	0.72601	0.51471	0.267	0.10602	-0.067414	-0.3774	-0.81397	-0.98732	38.626
446.66	-1.3992	-1.3108	-1.2634	-1.2342	-1.2763	-1.321	-1.2181	-1.1725	-1.2273	-1.1055	-0.9853	-0.90319	-0.89632	-1.0889	-1.1824	-1.0972	-0.6875	-0.050309	0.65969	1.0432	1.1523	1.0092	0.70389	0.47186	0.26987	0.12272	-0.076917	-0.3774	-0.80634	-0.92501	38.603
457.77	-1.3833	-1.3449	-1.209	-1.1033	-1.0771	-1.2994	-1.3042	-1.1578	-1.1095	-1.0522	-0.91988	-0.92507	-1.1784	-1.0389	-1.1343	-1.0831	-0.7172	-0.055996	0.65308	1.0498	1.0951	0.95237	0.68632	0.47388	0.25962	0.09129	-0.10783	-0.38384	-0.77155	-0.91929	38.626
469.53	-1.2185	-1.2405	-1.1439	-1.0293	-1.0541	-1.1104	-1.2949	-1.0819	-1.1254	-1.0917	-0.91894	-0.89616	-1.0416	-1.0165	-1.157	-1.0566	-0.69073	-0.063472	0.59121	0.97898	1.062	0.95696	0.65	0.47994	0.22255	0.10797	-0.08642	-0.34558	-0.75355	-0.89535	38.669
479.11	-1.2264	-1.2601	-1.1734	-0.98783	-1.0343	-1.0441	-1.2298	-1.0242	-1.1159	-1.1578	-0.91782	-0.94624	-1.0324	-0.99705	-1.117	-1.0696	-0.70748	-0.071445	0.5801	0.97334	1.0496	0.90346	0.65232	0.47437	0.23291	0.095922	-0.088419	-0.33374	-0.71621	-0.84414	38.635
485.64	-1.2109	-1.2828	-1.0744	-1.0559	-1.0771	-1.0336	-1.1022	-0.99415	-1.1462	-1.0623	-0.86285	-0.95571	-0.9446	-1.0029	-1.1153	-1.0518	-0.68394	-0.086918	0.57795	0.94063	1.0547	0.90397	0.62492	0.44868	0.24077	0.11949	-0.068419	-0.31299	-0.70556	-0.82547	38.675
488.04	-1.1904	-1.2101	-1.062	-0.92146	-1.0172	-1.1192	-1.0014	-0.92284	-1.1657	-1.0191	-0.92967	-0.93033	-0.95338	-1.0943	-1.142	-1.0961	-0.69898	-0.057504	0.54494	0.9285	1.0022	0.94759	0.64349	0.46785	0.24871	0.10318	-0.031078	-0.30301	-0.6759	-0.84565	38.652
486.3	-1.1113	-1.2166	-1.087	-0.94661	-0.96771	-1.1622	-1.0585	-1.0545	-0.97337	-0.99816	-0.98652	-0.96467	-1.1271	-1.1506	-1.1702	-1.1387	-0.75182	-0.090643	0.54935	0.92184	1.0153	0.92928	0.62951	0.47615	0.25565	0.113	-0.0408	-0.2951	-0.62874	-0.7749	38.64
483.03	-1.1122	-1.3035	-1.2226	-0.98101	-1.072	-1.0451	-1.1407	-1.1125	-1.132	-1.1007	-0.84057	-0.9527	-1.2655	-1.187	-1.2049	-1.1315	-0.76155	-0.1297	0.55514	0.96399	1.0592	0.96085	0.6731	0.49728	0.30797	0.14439	5.6469e-005	-0.26038	-0.60379	-0.71772	38.652
477.59	-1.1489	-1.2026	-1.1782	-0.98221	-1.0381	-1.1348	-1.1781	-1.0935	-1.3301	-1.1184	-0.97425	-0.97451	-1.209	-1.155	-1.2296	-1.1713	-0.77054	-0.10642	0.58607	0.97852	1.0711	0.96201	0.69371	0.51883	0.31127	0.16739	0.0093783	-0.22144	-0.58184	-0.72307	38.681
471.93	-1.0683	-1.1789	-1.1364	-1.0166	-1.0752	-1.0898	-1.183	-1.2057	-1.1631	-1.1014	-1.0987	-1.0282	-1.1552	-1.0909	-1.2341	-1.1561	-0.78686	-0.09098	0.57722	1.0104	1.1033	0.97008	0.71193	0.55902	0.32133	0.19796	0.0098211	-0.1954	-0.53527	-0.67781	38.687
466.05	-0.91172	-1.0457	-1.0378	-1.0519	-1.1617	-1.2225	-1.2342	-1.2187	-1.1728	-1.2153	-1.0593	-1.015	-1.1845	-1.105	-1.2899	-1.1752	-0.79151	-0.1183	0.559	1.0021	1.1074	1.0145	0.72083	0.53811	0.3227	0.22624	0.049151	-0.1884	-0.51322	-0.6446	38.727
459.52	-0.85682	-0.79401	-0.98391	-1.1068	-1.1937	-1.2907	-1.2406	-1.234	-1.2721	-1.1723	-1.1138	-1.1662	-1.0579	-1.1702	-1.3212	-1.2554	-0.87888	-0.13203	0.58228	1.0303	1.1166	0.99694	0.73815	0.5816	0.33702	0.20735	0.037018	-0.17858	-0.41475	-0.56944	38.669
452.33	-0.72985	-0.78023	-0.91245	-1.0953	-1.1623	-1.2838	-1.2679	-1.2788	-1.3374	-1.1887	-1.155	-1.3222	-1.2371	-1.3079	-1.3957	-1.3152	-0.87749	-0.18303	0.5555	1.0285	1.1578	1.0489	0.7435	0.56785	0.36758	0.2273	0.090982	-0.17195	-0.41731	-0.48089	38.684
445.35	-0.73642	-0.70396	-0.81222	-1.1704	-1.3016	-1.3462	-1.3284	-1.3069	-1.2933	-1.3069	-1.082	-1.2001	-1.3635	-1.345	-1.4689	-1.3743	-0.9295	-0.18202	0.5672	1.0341	1.1656	1.0555	0.79361	0.60688	0.39954	0.25047	0.099199	-0.12324	-0.40305	-0.44078	38.707
440.99	-0.68398	-0.74604	-0.87676	-1.0504	-1.3375	-1.3114	-1.3978	-1.3546	-1.2955	-1.3505	-1.1625	-1.2535	-1.3629	-1.3479	-1.4805	-1.3747	-0.96509	-0.18296	0.57349	1.0297	1.1809	1.0627	0.7871	0.60299	0.40954	0.26331	0.10983	-0.13411	-0.37583	-0.44634	38.704
437.72	-0.73354	-0.78284	-0.85355	-1.0136	-1.1473	-1.3405	-1.3515	-1.329	-1.3586	-1.5196	-1.2245	-1.1742	-1.4576	-1.3622	-1.5179	-1.3936	-0.99487	-0.22238	0.54881	1.0709	1.1929	1.1009	0.79704	0.62106	0.39314	0.25145	0.093737	-0.12637	-0.36922	-0.47159	38.701
437.5	-0.75992	-0.84762	-0.85177	-1.0548	-1.202	-1.3339	-1.3877	-1.3326	-1.3344	-1.4822	-1.326	-1.1662	-1.3589	-1.3087	-1.507	-1.4072	-0.98465	-0.21007	0.54865	1.0315	1.2044	1.0816	0.7905	0.5972	0.39316	0.28169	0.093237	-0.13572	-0.41998	-0.51087	38.701
435.1	-0.74612	-0.8006	-0.89847	-1.082	-1.3106	-1.355	-1.412	-1.3755	-1.3272	-1.4705	-1.2031	-1.2858	-1.2735	-1.3831	-1.5079	-1.426	-1.0363	-0.25295	0.54258	1.0701	1.2107	1.0707	0.80213	0.60139	0.40168	0.25927	0.073196	-0.13319	-0.44358	-0.50975	38.704
431.61	-0.76928	-0.73508	-0.91074	-1.1962	-1.3221	-1.3849	-1.3234	-1.3678	-1.3662	-1.3465	-1.268	-1.2596	-1.4087	-1.4162	-1.5457	-1.4338	-1.0009	-0.25177	0.5474	1.05	1.2732	1.1139	0.8049	0.60594	0.4049	0.27974	0.09812	-0.15355	-0.43945	-0.52471	38.71
427.02	-0.77366	-0.78443	-0.9397	-1.1962	-1.2522	-1.3738	-1.4314	-1.3425	-1.3292	-1.2947	-1.299	-1.3436	-1.3279	-1.3949	-1.556	-1.4962	-1.045	-0.21094	0.56659	1.0756	1.2411	1.1476	0.83505	0.67096	0.44266	0.28231	0.12723	-0.11432	-0.40803	-0.55154	38.71
421.13	-0.75867	-0.73473	-0.95976	-1.1291	-1.2659	-1.343	-1.4544	-1.3865	-1.3146	-1.3369	-1.3375	-1.1917	-1.3782	-1.3665	-1.5452	-1.4813	-1.0191	-0.22111	0.59977	1.1113	1.291	1.2017	0.85438	0.68837	0.44225	0.30644	0.15652	-0.11339	-0.4544	-0.54713	38.713
416.33	-0.89518	-0.71469	-0.91635	-1.1819	-1.3263	-1.4301	-1.4427	-1.3725	-1.3192	-1.3282	-1.325	-1.2672	-1.2603	-1.3422	-1.5277	-1.4178	-1.0118	-0.20741	0.58594	1.1426	1.3025	1.2232	0.89414	0.68475	0.45407	0.32365	0.14034	-0.10729	-0.48204	-0.57522	38.725
412.4	-0.90781	-0.85567	-1.0647	-1.1523	-1.3038	-1.4466	-1.3988	-1.3498	-1.3119	-1.285	-1.2406	-1.2735	-1.4929	-1.3137	-1.5241	-1.4556	-1.0484	-0.2096	0.6437	1.1731	1.3323	1.2093	0.88691	0.6989	0.49621	0.32679	0.12054	-0.15854	-0.47116	-0.61093	38.696
407.81	-0.93342	-0.93154	-1.0263	-1.2621	-1.3352	-1.4397	-1.4125	-1.4096	-1.3052	-1.3604	-1.2175	-1.3027	-1.505	-1.3342	-1.5366	-1.466	-1.0149	-0.20942	0.64253	1.1829	1.3436	1.2305	0.91572	0.70279	0.48495	0.3084	0.12415	-0.14312	-0.52658	-0.66746	38.701
402.35	-1.0927	-0.98488	-1.1007	-1.3067	-1.4025	-1.4945	-1.4755	-1.3956	-1.2766	-1.3355	-1.3283	-1.2907	-1.258	-1.3361	-1.5511	-1.4854	-1.0474	-0.19911	0.68762	1.2134	1.3635	1.2547	0.94463	0.75522	0.48046	0.31377	0.14134	-0.16183	-0.51959	-0.70788	38.722
396.01	-1.0595	-1.043	-1.1268	-1.3509	-1.4528	-1.4857	-1.4695	-1.3667	-1.2663	-1.345	-1.2433	-1.2705	-1.4089	-1.289	-1.5367	-1.4371	-1.0057	-0.18826	0.72507	1.2215	1.4072	1.2813	0.92745	0.75769	0.49865	0.34026	0.14733	-0.16453	-0.54659	-0.74926	38.727
390.11	-1.1298	-1.0659	-1.2351	-1.4365	-1.4929	-1.5056	-1.45	-1.3323	-1.2516	-1.3428	-1.2565	-1.2025	-1.1246	-1.2979	-1.5498	-1.4535	-0.99898	-0.17817	0.7207	1.2396	1.4284	1.3204	0.95293	0.74114	0.47585	0.33823	0.12611	-0.18862	-0.58065	-0.76908	38.73
388.8	-1.1051	-1.0931	-1.3758	-1.4656	-1.4454	-1.5541	-1.4797	-1.376	-1.2436	-1.2685	-1.2788	-1.3098	-1.2275	-1.2935	-1.503	-1.4106	-1.0132	-0.17269	0.70528	1.285	1.4204	1.2782	0.93585	0.72442	0.48003	0.28173	0.11535	-0.21706	-0.60944	-0.74932	38.719
389.46	-1.1072	-1.1055	-1.3081	-1.5191	-1.5723	-1.4656	-1.4471	-1.2923	-1.2373	-1.334	-1.2696	-1.2656	-1.282	-1.2575	-1.4515	-1.4295	-1.0014	-0.15805	0.68409	1.2334	1.3872	1.2563	0.9374	0.70821	0.42643	0.25121	0.10323	-0.24413	-0.64326	-0.79234	38.698
391.42	-1.1597	-1.0887	-1.2556	-1.479	-1.5749	-1.4716	-1.4033	-1.2347	-1.2207	-1.2918	-1.1802	-1.1882	-1.2279	-1.2049	-1.4044	-1.3796	-0.94558	-0.16587	0.73216	1.2302	1.3912	1.2654	0.9219	0.73056	0.44242	0.25735	0.04995	-0.25218	-0.62029	-0.75704	38.684
392.08	-1.1699	-1.1302	-1.218	-1.4849	-1.5006	-1.4964	-1.343	-1.2851	-1.2349	-1.1738	-1.1817	-1.232	-1.2214	-1.2197	-1.3991	-1.3625	-0.95332	-0.1494	0.71978	1.2859	1.3932	1.2515	0.92011	0.74128	0.45325	0.27645	0.04674	-0.22405	-0.646	-0.78551	38.719
390.77	-1.0965	-1.158	-1.2175	-1.3751	-1.4943	-1.4295	-1.3034	-1.2419	-1.1794	-1.159	-1.1972	-1.1839	-1.2675	-1.2326	-1.4089	-1.3278	-0.91363	-0.10282	0.71127	1.261	1.4021	1.2824	0.92016	0.70242	0.44376	0.25449	0.081213	-0.22429	-0.6436	-0.78069	38.719
389.89	-1.1861	-1.2278	-1.2547	-1.4199	-1.3868	-1.43	-1.2728	-1.2167	-1.0873	-1.1577	-1.1618	-1.2298	-1.1976	-1.2212	-1.3407	-1.3316	-0.91611	-0.11597	0.73079	1.2556	1.4167	1.2511	0.92212	0.6926	0.46657	0.24844	0.047426	-0.26578	-0.70456	-0.83176	38.736
392.95	-1.2314	-1.2294	-1.3025	-1.3776	-1.443	-1.3302	-1.2337	-1.1727	-1.1627	-1.1205	-1.1158	-1.1681	-1.2517	-1.1807	-1.3122	-1.2706	-0.89848	-0.094769	0.72461	1.2459	1.3974	1.2419	0.89895	0.67999	0.412	0.22325	0.046853	-0.28378	-0.70672	-0.89535	38.716
396.67	-1.2967	-1.3339	-1.1748	-1.3244	-1.4173	-1.3677	-1.2154	-1.1975	-1.0771	-1.12	-1.1226	-1.0666	-1.1759	-1.1346	-1.3283	-1.2951	-0.85159	-0.086461	0.71435	1.2419	1.3318	1.2072	0.89432	0.64792	0.36876	0.21021	0.00077727	-0.26783	-0.72756	-0.86874	38.716
399.51	-1.3735	-1.3754	-1.2665	-1.3602	-1.3197	-1.3586	-1.2107	-1.1355	-1.1051	-1.053	-1.1164	-1.1604	-1.1718	-1.1612	-1.2663	-1.2671	-0.85876	-0.073984	0.72706	1.2131	1.3449	1.1988	0.88457	0.66521	0.4024	0.23125	0.001168	-0.2931	-0.73172	-0.86784	38.739
399.95	-1.3678	-1.4005	-1.3289	-1.2976	-1.2947	-1.2549	-1.2049	-1.1323	-1.073	-1.0799	-1.0632	-1.104	-1.1569	-1.1373	-1.2688	-1.2268	-0.81834	-0.057763	0.74075	1.2355	1.382	1.198	0.88372	0.64679	0.41166	0.20917	0.035009	-0.29249	-0.76527	-0.89206	38.745
399.95	-1.3411	-1.3428	-1.317	-1.292	-1.317	-1.3257	-1.1325	-1.0972	-1.0877	-1.0397	-1.0546	-1.0726	-1.1478	-1.1446	-1.2722	-1.2584	-0.79177	-0.039958	0.71596	1.2367	1.3364	1.2243	0.86097	0.64669	0.39199	0.21719	0.017566	-0.29871	-0.70194	-0.89866	38.754
403.88	-1.4019	-1.3097	-1.3109	-1.2262	-1.2933	-1.3447	-1.1684	-1.1444	-1.0624	-1.0068	-1.0812	-1.0656	-1.1196	-1.1536	-1.1916	-1.2071	-0.77929	-0.034814	0.70567	1.2525	1.3203	1.1921	0.84901	0.62283	0.42027	0.21826	0.010149	-0.32836	-0.71071	-0.867	38.725
410.21	-1.3183	-1.2863	-1.2224	-1.1636	-1.2932	-1.2907	-1.1557	-1.1458	-1.0179	-1.0485	-1.054	-1.0768	-1.0768	-1.1129	-1.2043	-1.1859	-0.79085	-0.011072	0.72257	1.1878	1.308	1.1443	0.84401	0.59593	0.37981	0.19348	0.0095115	-0.32043	-0.71848	-0.87175	38.701
418.94	-1.215	-1.2583	-1.0952	-1.1273	-1.2115	-1.2294	-1.1528	-1.0969	-1.0111	-1.0195	-0.97203	-1.0816	-1.031	-1.0842	-1.2042	-1.1565	-0.72697	-0.043802	0.72579	1.1817	1.2748	1.1311	0.80506	0.59749	0.36895	0.19368	0.0017971	-0.28194	-0.70496	-0.79649	38.71
427.89	-1.1809	-1.1689	-1.0876	-1.0674	-1.3122	-1.1893	-1.0735	-1.0657	-1.0269	-0.97767	-0.95637	-1.0611	-0.97991	-1.0723	-1.1599	-1.1377	-0.71109	-0.01347	0.70722	1.1531	1.2475	1.1189	0.81407	0.57178	0.37009	0.20664	-0.0053978	-0.26079	-0.68381	-0.78588	38.742
435.31	-1.131	-1.0195	-1.0677	-1.0669	-1.2072	-1.1706	-1.0791	-1.032	-0.98923	-0.97755	-0.91058	-1.0003	-1.028	-1.0843	-1.1774	-1.0929	-0.67388	-0.030112	0.70784	1.1329	1.216	1.1306	0.7768	0.58793	0.33352	0.17864	0.035408	-0.25719	-0.63449	-0.7728	38.742
443.16	-1.0457	-1.0131	-1.0458	-1.0735	-1.1048	-1.2099	-1.0592	-0.97772	-0.95046	-0.95594	-0.98002	-1.0095	-1.0131	-1.084	-1.1531	-1.0865	-0.69231	0.0053388	0.66891	1.1213	1.2097	1.0945	0.77776	0.58499	0.3407	0.21289	0.040983	-0.24809	-0.62387	-0.744	38.759
454.06	-0.97219	-0.92799	-1.0071	-0.99242	-1.0669	-1.2371	-1.0744	-0.96785	-0.94919	-1.0313	-0.95494	-0.98845	-1.0185	-1.0522	-1.1323	-1.1008	-0.70344	0.0096675	0.67257	1.0666	1.1701	1.0126	0.78063	0.54788	0.31965	0.17859	-0.012721	-0.23805	-0.61064	-0.74368	38.716
464.73	-1.0109	-0.95785	-1.0084	-0.98341	-1.0068	-1.0654	-1.1108	-0.97716	-0.95228	-1.0089	-0.93825	-1.0225	-0.98383	-1.0381	-1.1524	-1.0653	-0.69405	-0.038189	0.66257	1.0355	1.1349	1.0089	0.72242	0.52957	0.31028	0.16455	0.0081765	-0.24116	-0.60185	-0.71011	38.707
474.1	-0.95319	-0.92919	-0.97166	-1.0243	-0.92216	-1.0636	-1.0506	-0.96775	-1.0036	-0.96008	-0.93344	-0.95447	-1.0022	-1.032	-1.0771	-1.0481	-0.66586	-0.038804	0.60622	1.0699	1.1068	0.99817	0.68852	0.51562	0.29954	0.1824	0.0073064	-0.2291	-0.58353	-0.71299	38.771
480.63	-1.0051	-0.93859	-0.85892	-0.91567	-0.98349	-1.0475	-1.0381	-1.0072	-0.97405	-0.94402	-0.92303	-0.96833	-1.0024	-1.0038	-1.0912	-1.0393	-0.64297	-0.038081	0.6345	1.0352	1.0987	0.96873	0.68811	0.51461	0.3143	0.16174	0.00035056	-0.23139	-0.57137	-0.66635	38.751
484.33	-0.95331	-1.0185	-0.85072	-0.87427	-0.96081	-1.0333	-1.0469	-1.0342	-0.94558	-0.92665	-0.92082	-0.95951	-0.94653	-1.0133	-1.07	-1.0437	-0.65728	-0.019414	0.6089	1.0205	1.0782	0.94241	0.6967	0.521	0.29183	0.16911	-0.024089	-0.23298	-0.53839	-0.68762	38.757
486.94	-0.9105	-0.93379	-0.82092	-1.0184	-0.95245	-1.0329	-1.0466	-1.0191	-0.93271	-0.93866	-0.91718	-0.95883	-0.98529	-0.9957	-1.0574	-1.0288	-0.6516	-0.037342	0.62253	1.0071	1.0617	0.94536	0.66887	0.51387	0.30281	0.1652	-0.0065439	-0.21778	-0.52682	-0.65446	38.751
489.12	-0.87126	-0.97365	-0.77403	-0.86241	-0.84923	-0.98064	-1.1258	-0.99547	-0.92599	-0.94904	-0.91842	-0.98383	-0.94735	-1.0244	-1.0764	-1.0424	-0.66602	-0.041473	0.57773	0.99579	1.0542	0.95149	0.6563	0.48684	0.28331	0.1563	-0.00029798	-0.25118	-0.54586	-0.64537	38.745
489.12	-0.92422	-0.91305	-0.83879	-0.90187	-0.85931	-0.92557	-1.0961	-1.0457	-0.94557	-0.92898	-0.92353	-0.97797	-1.037	-1.0534	-1.0799	-1.0401	-0.66642	-0.061138	0.58143	1.0083	1.0508	0.92268	0.6607	0.48679	0.29968	0.14593	-0.0026867	-0.24757	-0.50447	-0.61435	38.768
487.81	-0.869	-0.92435	-0.85974	-0.97843	-0.91078	-0.9475	-1.0602	-0.96769	-0.93247	-0.97698	-1.0202	-1.0489	-1.0184	-1.0924	-1.1384	-1.0631	-0.68985	-0.023516	0.59673	0.97963	1.0683	0.93135	0.68919	0.4884	0.30627	0.15096	0.02521	-0.22993	-0.50603	-0.59053	38.762
483.68	-0.86843	-0.9673	-0.89366	-0.99494	-0.92318	-0.94099	-1.0685	-1.0281	-0.93785	-0.98816	-0.9542	-0.99731	-1.0449	-1.0565	-1.1347	-1.0591	-0.67998	-0.051652	0.61365	0.98907	1.0863	0.95441	0.68898	0.52197	0.30229	0.17268	0.013678	-0.21191	-0.52088	-0.61876	38.78
478.68	-0.93508	-0.94823	-0.87234	-1.0407	-0.99556	-0.92921	-1.0405	-1.0069	-0.98399	-1.0149	-0.9495	-0.96955	-0.985	-1.0828	-1.1221	-1.0705	-0.66082	-0.010618	0.6076	1.0189	1.0943	0.97597	0.69546	0.50266	0.30865	0.18981	0.029145	-0.22485	-0.52887	-0.67553	38.794
473.46	-0.94102	-0.9597	-0.94031	-1.0353	-1.0137	-1.0757	-1.0567	-1.0351	-1.017	-1.0128	-1.0137	-1.0235	-1.0551	-1.0718	-1.1242	-1.079	-0.69803	-0.02522	0.64149	1.0066	1.0998	0.95556	0.69678	0.50823	0.30302	0.17356	-0.0016773	-0.2409	-0.52121	-0.67176	38.759
468.45	-0.96598	-0.98113	-0.98562	-1.0688	-1.0395	-1.0502	-1.0543	-1.0598	-1.054	-1.0146	-1.0071	-1.0512	-1.0664	-1.113	-1.1334	-1.108	-0.71336	-0.015066	0.62965	1.0447	1.1052	0.97495	0.67181	0.52972	0.3159	0.15647	-0.001428	-0.24947	-0.54599	-0.64604	38.754
463	-0.95424	-0.98531	-0.97253	-1.0565	-1.0664	-1.0805	-1.0454	-1.0869	-1.0158	-1.0023	-1.0078	-1.0135	-1.0343	-1.1071	-1.1755	-1.1244	-0.67491	-0.029977	0.63333	1.0123	1.1183	1.0003	0.72038	0.52961	0.29502	0.1709	0.03089	-0.24037	-0.54929	-0.69351	38.786
457.33	-0.97097	-0.98798	-0.96058	-1.0825	-1.0623	-1.0735	-1.0949	-1.0588	-1.0118	-1.0013	-0.99177	-1.074	-0.97836	-1.1131	-1.1363	-1.1218	-0.69368	-0.0076975	0.64853	1.0737	1.1389	1.0088	0.72633	0.52668	0.3415	0.1824	0.037871	-0.22588	-0.5563	-0.63987	38.771
451.01	-0.9505	-0.96642	-1.0268	-1.101	-1.1127	-1.1542	-1.0932	-1.0724	-1.006	-0.99433	-0.98467	-1.0169	-1.0067	-1.0808	-1.1776	-1.1163	-0.69696	-0.0046949	0.66445	1.0682	1.1483	1.0489	0.75305	0.551	0.31237	0.17562	0.036876	-0.21732	-0.57141	-0.70285	38.786
445.56	-1.0336	-1.0063	-1.0665	-1.0671	-1.1556	-1.1482	-1.1307	-1.0913	-1.0165	-1.0376	-0.98246	-1.0379	-1.008	-1.0813	-1.1547	-1.1342	-0.675	-0.019141	0.69836	1.0816	1.1874	1.0366	0.76218	0.57013	0.30351	0.18815	0.011582	-0.22905	-0.57153	-0.70472	38.762
439.89	-1.0514	-1.0511	-1.1345	-1.166	-1.1697	-1.2049	-1.1664	-1.1271	-1.0144	-1.0081	-0.98275	-1.0485	-1.0392	-1.0941	-1.1696	-1.1242	-0.72403	-0.013247	0.6757	1.0853	1.1967	1.016	0.73059	0.55824	0.32401	0.16987	-0.015334	-0.24478	-0.59419	-0.75179	38.745
434	-1.0836	-1.0978	-1.1255	-1.1834	-1.1897	-1.1978	-1.1725	-1.0814	-1.0455	-1.0341	-0.99201	-1.0148	-1.0352	-1.0895	-1.1782	-1.1211	-0.72653	-0.0082132	0.703	1.0922	1.2082	1.0366	0.7576	0.56157	0.31433	0.16831	0.0083993	-0.27596	-0.6018	-0.76281	38.748
428.33	-1.0984	-1.106	-1.1401	-1.2084	-1.1674	-1.189	-1.1715	-1.1052	-1.0589	-1.0143	-0.99799	-1.0596	-1.0845	-1.1214	-1.1681	-1.166	-0.72214	0.0026502	0.69963	1.1282	1.2158	1.0639	0.76824	0.5592	0.32527	0.1669	0.014749	-0.26082	-0.63503	-0.79361	38.777
422	-1.1043	-1.0918	-1.1315	-1.2123	-1.1455	-1.2153	-1.1462	-1.1062	-1.0391	-1.0399	-1.034	-1.0752	-1.0857	-1.1014	-1.1955	-1.1493	-0.72905	-0.032914	0.7272	1.1676	1.2282	1.0862	0.75759	0.5885	0.35366	0.18065	-0.020226	-0.29674	-0.62592	-0.77608	38.797
415.67	-1.1295	-1.1365	-1.1062	-1.2452	-1.1904	-1.1889	-1.1676	-1.1293	-1.0704	-1.0863	-1.0342	-1.0723	-1.1296	-1.1549	-1.2379	-1.1844	-0.71749	-0.011571	0.7101	1.1473	1.2615	1.1212	0.776	0.59027	0.33541	0.19352	0.014888	-0.27286	-0.65829	-0.80353	38.768
411.31	-1.1319	-1.1419	-1.156	-1.1918	-1.1946	-1.2214	-1.2096	-1.0898	-1.0914	-1.0734	-1.0719	-1.131	-1.1239	-1.1841	-1.2497	-1.1899	-0.77426	-0.016284	0.70477	1.1743	1.2261	1.1003	0.79197	0.56766	0.33097	0.15957	-0.021133	-0.27499	-0.68407	-0.83911	38.771
406.5	-1.1295	-1.1831	-1.1737	-1.2253	-1.1516	-1.1745	-1.1584	-1.1193	-1.101	-1.0893	-1.0756	-1.1594	-1.1338	-1.2173	-1.2801	-1.1989	-0.78277	-0.025749	0.71186	1.1652	1.2626	1.094	0.77656	0.56302	0.33108	0.18253	-0.0037466	-0.29296	-0.66631	-0.82382	38.759
401.48	-1.2072	-1.2516	-1.1905	-1.1827	-1.1741	-1.1656	-1.2618	-1.1131	-1.0446	-1.0923	-1.0537	-1.1304	-1.1619	-1.1893	-1.2646	-1.2262	-0.76889	-0.021452	0.76724	1.1834	1.2849	1.1454	0.82231	0.59586	0.33946	0.20344	-0.017827	-0.27961	-0.7027	-0.81944	38.809
394.7	-1.1907	-1.1737	-1.1945	-1.2441	-1.1545	-1.1888	-1.1523	-1.1477	-1.0927	-1.0986	-1.0868	-1.0908	-1.1933	-1.2464	-1.2847	-1.2006	-0.77119	-0.021886	0.76293	1.2293	1.3344	1.1574	0.79659	0.62133	0.37099	0.21416	-0.0073173	-0.298	-0.67763	-0.82877	38.78
389.45	-1.2365	-1.1836	-1.2058	-1.2337	-1.2217	-1.2045	-1.1679	-1.1193	-1.1037	-1.1347	-1.0926	-1.1062	-1.1222	-1.1955	-1.2658	-1.1957	-0.73401	0.020567	0.79473	1.2157	1.3303	1.195	0.83101	0.60935	0.33448	0.18287	-0.0065	-0.30152	-0.68668	-0.86315	38.78
386.83	-1.211	-1.2083	-1.2889	-1.2621	-1.2511	-1.2177	-1.1636	-1.1187	-1.1332	-1.1094	-1.1119	-1.1332	-1.1133	-1.2153	-1.2687	-1.2242	-0.73834	0.030678	0.79639	1.2411	1.3491	1.168	0.86475	0.64504	0.36641	0.19163	-0.015132	-0.31052	-0.69516	-0.86052	38.791
385.3	-1.2176	-1.215	-1.2638	-1.2618	-1.2226	-1.1668	-1.1649	-1.1181	-1.1186	-1.1245	-1.0631	-1.1488	-1.1618	-1.2205	-1.2773	-1.2037	-0.76009	-0.0006527	0.78492	1.2248	1.3673	1.1854	0.83983	0.57832	0.32729	0.16296	-0.014548	-0.29758	-0.71752	-0.87851	38.745
384.87	-1.1939	-1.2328	-1.2201	-1.3846	-1.207	-1.1557	-1.1478	-1.1352	-1.0848	-1.0974	-1.0825	-1.1713	-1.158	-1.2291	-1.3011	-1.2333	-0.74956	0.012996	0.78552	1.2464	1.3603	1.1862	0.81644	0.60958	0.34589	0.18182	-0.0067719	-0.3291	-0.74614	-0.8401	38.759
385.3	-1.2367	-1.2066	-1.2116	-1.2675	-1.193	-1.1683	-1.1251	-1.0986	-1.0644	-1.0803	-1.0275	-1.1167	-1.176	-1.1878	-1.252	-1.2245	-0.76095	-0.00031483	0.81456	1.2493	1.3664	1.1846	0.83595	0.60891	0.36456	0.19334	-0.033912	-0.31076	-0.7291	-0.86161	38.762
386.4	-1.216	-1.1646	-1.1839	-1.2484	-1.2336	-1.1224	-1.0618	-1.0957	-1.0732	-1.0978	-1.0339	-1.1057	-1.1264	-1.1726	-1.2832	-1.1484	-0.71063	0.012519	0.8009	1.2416	1.3861	1.197	0.82171	0.60736	0.34551	0.21987	-0.021653	-0.30593	-0.71821	-0.8547	38.815
387.49	-1.2326	-1.2412	-1.1854	-1.2057	-1.1917	-1.1793	-1.1151	-1.0927	-1.0664	-1.0742	-1.0623	-1.1104	-1.0731	-1.1933	-1.2329	-1.1976	-0.73282	0.016891	0.79116	1.2712	1.328	1.1516	0.82359	0.61729	0.32999	0.18517	-0.056093	-0.33248	-0.73189	-0.86407	38.794
390.77	-1.1869	-1.223	-1.1753	-1.2031	-1.1655	-1.127	-1.0876	-1.0636	-1.0531	-1.0575	-1.0349	-1.0726	-1.1139	-1.1752	-1.2314	-1.1834	-0.73855	0.0035648	0.75524	1.2361	1.3329	1.1617	0.7854	0.57074	0.32737	0.18742	-0.017272	-0.33654	-0.72188	-0.85682	38.783
394.7	-1.1674	-1.1948	-1.1235	-1.1441	-1.1487	-1.1335	-1.1016	-1.0254	-1.0355	-1.0703	-1.0825	-1.0934	-1.0732	-1.1752	-1.2354	-1.1924	-0.72768	0.046736	0.77327	1.2082	1.2965	1.1418	0.81317	0.58432	0.30633	0.15206	-0.021225	-0.3266	-0.71009	-0.83197	38.78
398.42	-1.0948	-1.159	-1.1331	-1.0998	-1.0163	-1.0893	-1.0597	-1.0395	-1.0149	-1.0056	-1.0109	-1.1085	-1.0886	-1.1148	-1.2201	-1.1378	-0.70967	0.0076965	0.79127	1.2126	1.3072	1.1016	0.78982	0.56725	0.33511	0.15803	-0.043369	-0.29659	-0.67712	-0.82821	38.806
401.48	-1.1483	-1.1469	-1.0791	-1.1228	-1.0089	-1.0527	-1.0232	-0.97816	-0.98868	-0.99391	-1.0082	-1.0375	-1.0179	-1.1088	-1.1618	-1.1175	-0.67745	0.057766	0.76408	1.2155	1.2934	1.1526	0.80707	0.58147	0.35434	0.18613	-0.009484	-0.29735	-0.67914	-0.81101	38.794
404.1	-1.0614	-1.0821	-1.0352	-1.0436	-1.0364	-1.034	-1.0197	-0.96813	-0.97825	-0.9946	-0.96724	-1.0171	-1.0407	-1.071	-1.1327	-1.0873	-0.63085	0.069637	0.78048	1.2201	1.3039	1.12	0.80139	0.57791	0.32027	0.17785	-0.01294	-0.31886	-0.6564	-0.80995	38.797
407.81	-1.0337	-1.0688	-1.0552	-1.0565	-0.9773	-1.0324	-1.0171	-0.98565	-0.9886	-0.9436	-0.9666	-1.0112	-1.0558	-1.0836	-1.1226	-1.0771	-0.64274	0.028205	0.79455	1.1691	1.2813	1.1243	0.77943	0.57567	0.31369	0.1648	-0.023698	-0.2767	-0.63215	-0.781	38.788
411.74	-0.99024	-0.92358	-0.98525	-1.0126	-0.97287	-0.98758	-0.97931	-0.97994	-0.97522	-0.96769	-0.95035	-0.98252	-1.0603	-1.0691	-1.1357	-1.055	-0.62654	0.052228	0.7419	1.143	1.2767	1.0951	0.7725	0.54875	0.30799	0.18108	-0.0083599	-0.28435	-0.65224	-0.73635	38.788
415.02	-0.94857	-0.948	-0.95571	-0.99934	-1.011	-0.94649	-0.97872	-0.95732	-0.89632	-0.94591	-0.93683	-0.96305	-0.95553	-1.0215	-1.0996	-1.0398	-0.63158	0.084035	0.77024	1.1846	1.2634	1.1095	0.77264	0.58656	0.32895	0.15482	-0.0058445	-0.27269	-0.58868	-0.70969	38.788
418.07	-0.88587	-0.9107	-0.9641	-0.98767	-1.0007	-0.96899	-0.95425	-0.96519	-0.91788	-0.96996	-0.88947	-0.92173	-0.98377	-1.0359	-1.0758	-1.0286	-0.60106	0.10011	0.7683	1.1722	1.2477	1.1364	0.78742	0.58258	0.32994	0.18937	0.019647	-0.26095	-0.57288	-0.68619	38.817
420.47	-0.91492	-0.91983	-0.96488	-0.92431	-0.98117	-0.9923	-0.95355	-0.95324	-0.89852	-0.92613	-0.9219	-0.94134	-1.0013	-1.0252	-1.0579	-1.0264	-0.61024	0.091457	0.77825	1.2052	1.2333	1.0942	0.77785	0.60531	0.34499	0.20301	0.00085625	-0.26092	-0.58128	-0.66117	38.797
423.09	-0.9478	-0.89501	-0.94413	-0.97185	-0.95644	-0.95783	-0.97441	-0.94251	-0.92381	-0.91742	-0.89902	-0.98665	-0.97476	-1.0244	-1.0912	-1.0155	-0.60142	0.031418	0.77101	1.1775	1.2409	1.0887	0.76018	0.58614	0.34925	0.20212	0.011601	-0.25556	-0.56454	-0.66249	38.82
