36851	27	10	88	23.3	768	3	27	-32	-291.65	256	8192	5	0	0	0	0	550.05	1012.5	1.5104e+006	0.11886	-0.034122	41.024	0	0	1	0	0	0	8	0	0
879.1	-0.67425	-0.66639	-0.6775	-0.66531	-0.59548	-0.6397	-0.57506	-0.5881	-0.70322	-1.9086	-3.3272	-3.9984	-3.9867	-3.237	-2.2412	-1.8949	-0.97997	-0.015558	0.74636	0.99856	0.93529	0.70027	0.36942	0.20072	0.017327	-0.074624	-0.17885	-0.297	-0.46352	-0.53003	27.408
879.52	-0.6335	-0.6733	-0.67172	-0.68387	-0.60795	-0.62044	-0.56499	-0.5705	-0.71593	-1.8769	-3.3844	-3.971	-3.9747	-3.2334	-2.2363	-1.8901	-0.99003	-0.0097461	0.75283	1.0075	0.93847	0.69306	0.38348	0.18565	0.027194	-0.10275	-0.1805	-0.30753	-0.46132	-0.53666	27.414
881.44	-0.66568	-0.66458	-0.6933	-0.69662	-0.61654	-0.61194	-0.58514	-0.58638	-0.71769	-1.8798	-3.4933	-3.9538	-3.9797	-3.2251	-2.2389	-1.8985	-0.98762	-0.030475	0.73803	1.0217	0.92964	0.70358	0.37211	0.202	0.014181	-0.08572	-0.17308	-0.31612	-0.43442	-0.53357	27.414
883.15	-0.68663	-0.65194	-0.68659	-0.66861	-0.61643	-0.61259	-0.59205	-0.55048	-0.69752	-1.8801	-3.3257	-3.9445	-3.9433	-3.203	-2.2325	-1.8877	-0.98417	-0.017357	0.73358	0.99263	0.91431	0.69525	0.36425	0.17635	0.0027275	-0.085674	-0.16953	-0.32017	-0.44548	-0.51205	27.411
884.43	-0.63331	-0.59921	-0.67658	-0.68173	-0.61415	-0.61406	-0.59786	-0.57633	-0.78264	-1.8954	-3.3458	-3.9276	-3.929	-3.2124	-2.2386	-1.8921	-0.99139	-0.023085	0.72882	1.0073	0.92291	0.69609	0.3829	0.18605	0.018975	-0.082443	-0.16426	-0.28961	-0.44712	-0.51481	27.408
885.5	-0.61729	-0.6337	-0.69833	-0.67409	-0.614	-0.6373	-0.5729	-0.62254	-0.72259	-1.9178	-3.3216	-3.9209	-3.9425	-3.1977	-2.2229	-1.8737	-0.98662	-0.024761	0.73438	1.0005	0.9253	0.69696	0.38075	0.19251	0.015673	-0.092135	-0.18575	-0.29957	-0.45155	-0.52435	27.376
885.71	-0.63854	-0.64833	-0.64927	-0.66871	-0.63803	-0.62983	-0.61209	-0.61717	-0.71711	-1.8974	-3.3789	-3.9123	-3.9379	-3.2019	-2.2034	-1.8626	-0.96506	-0.026332	0.73923	0.98764	0.93022	0.67831	0.36326	0.17904	0.013993	-0.082123	-0.1841	-0.33723	-0.44819	-0.51593	27.398
884.01	-0.62191	-0.6367	-0.65085	-0.66499	-0.61025	-0.63045	-0.6161	-0.60322	-0.73475	-1.9241	-3.2699	-3.9273	-3.925	-3.1957	-2.2054	-1.8678	-0.99153	-0.020767	0.70794	0.98986	0.9251	0.69287	0.37948	0.18283	0.025323	-0.084195	-0.16431	-0.30646	-0.45048	-0.50346	27.373
883.37	-0.60157	-0.60018	-0.66516	-0.65803	-0.59179	-0.61624	-0.57724	-0.58743	-0.67901	-1.9472	-3.3377	-3.9029	-3.9228	-3.1682	-2.2052	-1.8497	-0.96583	-0.0096487	0.73278	0.99737	0.93082	0.66496	0.32742	0.14981	-0.02315	-0.099137	-0.17085	-0.33173	-0.42302	-0.47967	27.265
882.3	-0.54438	-0.54973	-0.50047	-0.49162	-0.46808	-0.44809	-0.59353	-0.60452	-0.83561	-1.919	-3.2995	-3.9041	-3.9004	-3.1791	-2.1915	-1.8363	-0.96206	-0.011623	0.72539	0.99666	0.93198	0.72305	0.36344	0.09495	-0.17482	-0.32957	-0.46394	-0.39077	-0.42497	-0.45597	27.227
881.02	-0.59395	-0.58362	-0.668	-0.5814	-0.61091	-0.66484	-0.62211	-0.56971	-0.66023	-1.948	-3.3549	-3.9131	-3.9214	-3.1642	-2.1984	-1.8445	-0.96386	-0.0099689	0.71971	0.99263	0.92465	0.65101	0.34378	0.17867	-0.026511	-0.12802	-0.29882	-0.26623	-0.44306	-0.52694	27.119
881.02	-0.58686	-0.56681	-0.67326	-0.49248	-0.49113	-0.51323	-0.58396	-0.57315	-0.82186	-1.9174	-3.3096	-3.8912	-3.8889	-3.1588	-2.1683	-1.8177	-0.93717	0.0053598	0.74458	1.0109	0.91119	0.79814	0.44084	0.21715	-0.076553	-0.21993	-0.37337	-0.29148	-0.42364	-0.46185	27.049
879.31	-0.53022	-0.54713	-0.6592	-0.6667	-0.6465	-0.56682	-0.60808	-0.63398	-0.91682	-1.925	-3.3047	-3.8735	-3.8694	-3.1208	-2.1349	-1.7874	-0.90511	0.049084	0.76079	1.0128	0.92661	0.75762	0.38346	0.20248	0.015813	-0.095746	-0.18525	-0.32435	-0.43887	-0.49025	26.954
879.53	-0.56882	-0.57494	-0.65194	-0.68037	-0.68061	-0.66941	-0.5656	-0.4966	-0.5883	-1.871	-3.2782	-3.8274	-3.8123	-3.053	-2.0912	-1.7445	-0.875	0.058407	0.77698	1.0216	0.91607	0.63062	0.30758	0.15035	0.047022	-0.062416	-0.12741	-0.33659	-0.42285	-0.50899	26.811
879.95	-0.58071	-0.54698	-0.55705	-0.68032	-0.54706	-0.50476	-0.50548	-0.57016	-0.70485	-1.8717	-3.2164	-3.7643	-3.765	-3.0271	-2.0624	-1.7103	-0.82903	0.084762	0.78143	1.0009	0.91555	0.77869	0.40968	0.15361	-0.076652	-0.20817	-0.34461	-0.35598	-0.44892	-0.48117	26.693
879.74	-0.56156	-0.52302	-0.51151	-0.66258	-0.53564	-0.57024	-0.51527	-0.53517	-0.63362	-1.8038	-3.2077	-3.7076	-3.7153	-2.9274	-1.9918	-1.6381	-0.78517	0.12113	0.80647	1.0359	0.92436	0.63056	0.30419	0.13354	0.033727	-0.045836	-0.1632	-0.34986	-0.42938	-0.49159	26.531
879.53	-0.53861	-0.53798	-0.5449	-0.6451	-0.5833	-0.59471	-0.42781	-0.44397	-0.46273	-1.7771	-3.1384	-3.6563	-3.6264	-2.8504	-1.934	-1.5692	-0.73935	0.15533	0.81169	1.0161	0.8939	0.58848	0.28298	0.071745	-0.08143	-0.16629	-0.25146	-0.35465	-0.44554	-0.50685	26.305
879.53	-0.56309	-0.55079	-0.61357	-0.70645	-0.64232	-0.60592	-0.53192	-0.52474	-0.5746	-1.7578	-3.0952	-3.6057	-3.5535	-2.7902	-1.8608	-1.5105	-0.70039	0.17644	0.828	1.0362	0.89213	0.61886	0.31989	0.152	0.0012396	-0.09604	-0.23108	-0.35474	-0.47386	-0.49325	26.091
878.67	-0.5198	-0.52916	-0.5349	-0.63526	-0.54389	-0.49966	-0.52421	-0.54096	-0.62236	-1.7447	-3.0143	-3.5475	-3.4855	-2.7204	-1.8101	-1.4642	-0.64628	0.21278	0.84528	1.0334	0.88601	0.59079	0.24786	0.022995	-0.13996	-0.24699	-0.30262	-0.38541	-0.43021	-0.48184	25.916
878.46	-0.53073	-0.52548	-0.64415	-0.66528	-0.56869	-0.57855	-0.52561	-0.48863	-0.56913	-1.7383	-2.9857	-3.5086	-3.4271	-2.6591	-1.7505	-1.4077	-0.60574	0.24149	0.84236	1.0248	0.85729	0.58248	0.26026	0.074915	-0.044148	-0.12801	-0.22794	-0.36879	-0.43388	-0.50079	25.628
879.31	-0.52853	-0.5125	-0.55743	-0.50711	-0.42361	-0.41681	-0.37513	-0.36996	-0.48551	-1.7498	-2.9422	-3.4693	-3.3746	-2.5929	-1.6849	-1.3564	-0.56462	0.25844	0.86146	1.0129	0.8412	0.52633	0.19843	0.0079994	-0.14958	-0.2501	-0.3109	-0.38372	-0.44044	-0.46606	25.346
879.31	-0.5393	-0.5219	-0.49757	-0.43894	-0.39499	-0.40725	-0.4047	-0.39668	-0.54889	-1.7946	-2.946	-3.4439	-3.3493	-2.5718	-1.6775	-1.3387	-0.54858	0.26024	0.82663	0.95632	0.79198	0.57021	0.25111	0.042974	-0.15118	-0.22332	-0.29919	-0.39433	-0.46699	-0.51095	25.084
879.1	-0.54457	-0.51254	-0.49908	-0.42307	-0.3816	-0.41532	-0.32661	-0.35111	-0.50024	-1.8114	-2.9021	-3.4161	-3.2889	-2.4896	-1.6123	-1.263	-0.50829	0.29638	0.84499	0.95297	0.76635	0.48236	0.17549	-0.0071415	-0.15433	-0.2467	-0.30412	-0.39904	-0.47384	-0.48665	24.776
878.46	-0.51725	-0.52404	-0.53521	-0.46366	-0.42192	-0.45846	-0.41013	-0.38643	-0.6261	-1.7965	-2.871	-3.3659	-3.2065	-2.4082	-1.5271	-1.1894	-0.42224	0.35549	0.86517	0.96817	0.77873	0.50139	0.18249	-0.017296	-0.17572	-0.28234	-0.31325	-0.41443	-0.47422	-0.50623	24.471
878.67	-0.51854	-0.52037	-0.53666	-0.49538	-0.45049	-0.46942	-0.42662	-0.40047	-0.72148	-1.8208	-2.8113	-3.2981	-3.1073	-2.3	-1.4405	-1.0826	-0.36904	0.40492	0.88476	0.97334	0.78372	0.47093	0.16132	-0.037494	-0.19843	-0.2855	-0.37744	-0.42223	-0.47789	-0.48178	24.111
878.67	-0.52576	-0.49982	-0.54008	-0.53023	-0.49988	-0.49787	-0.4116	-0.43889	-0.78211	-1.857	-2.749	-3.222	-3.014	-2.2115	-1.3372	-0.98827	-0.27704	0.46593	0.9211	0.97518	0.76673	0.45723	0.13303	-0.076212	-0.19517	-0.2555	-0.31658	-0.41772	-0.46535	-0.52662	23.757
879.53	-0.50066	-0.48086	-0.52725	-0.52241	-0.47107	-0.46221	-0.38452	-0.40139	-0.85333	-1.785	-2.7051	-3.15	-2.9445	-2.1029	-1.2456	-0.90906	-0.2023	0.50193	0.93691	0.99422	0.76422	0.46039	0.13307	-0.050757	-0.20787	-0.28851	-0.35309	-0.41685	-0.44534	-0.47609	23.373
882.09	-0.46244	-0.43362	-0.52401	-0.55427	-0.47916	-0.41583	-0.38306	-0.40558	-0.84908	-1.7931	-2.6618	-3.0774	-2.8444	-2.0069	-1.1687	-0.82316	-0.13298	0.54602	0.94891	0.97326	0.72976	0.42198	0.099234	-0.092413	-0.2153	-0.29111	-0.34024	-0.40674	-0.4231	-0.44038	22.957
885.72	-0.43434	-0.39105	-0.49052	-0.493	-0.40729	-0.35254	-0.31592	-0.34444	-0.84883	-1.7683	-2.6333	-2.993	-2.7432	-1.9109	-1.0858	-0.74774	-0.064197	0.5682	0.93832	0.92937	0.67906	0.39173	0.076106	-0.11543	-0.23053	-0.29497	-0.30194	-0.40957	-0.43554	-0.44219	22.504
887.85	-0.40893	-0.39718	-0.45797	-0.45514	-0.33818	-0.33295	-0.28912	-0.35413	-0.89333	-1.7795	-2.5748	-2.9177	-2.6629	-1.8208	-1.0016	-0.67579	-0.0099314	0.60823	0.96381	0.94881	0.66243	0.36069	0.04615	-0.1202	-0.25098	-0.33748	-0.34998	-0.42056	-0.41345	-0.39836	22.1
889.13	-0.39978	-0.39136	-0.41705	-0.38351	-0.29821	-0.31795	-0.25923	-0.29804	-0.90216	-1.7862	-2.5249	-2.8655	-2.5702	-1.7169	-0.92409	-0.60109	0.031975	0.62626	0.95256	0.91499	0.62609	0.31679	0.018246	-0.12503	-0.24743	-0.30378	-0.36448	-0.4004	-0.41304	-0.40432	21.613
890.19	-0.38551	-0.38357	-0.39762	-0.39514	-0.29804	-0.27311	-0.25395	-0.33024	-0.93739	-1.7587	-2.4773	-2.7958	-2.4884	-1.6417	-0.85263	-0.52337	0.075602	0.64802	0.95471	0.90872	0.60179	0.29823	-0.00092208	-0.1613	-0.28885	-0.34971	-0.39436	-0.42997	-0.4024	-0.40427	21.185
892.33	-0.38956	-0.35502	-0.35652	-0.39071	-0.30679	-0.29647	-0.22428	-0.28965	-0.94574	-1.843	-2.4311	-2.7127	-2.3805	-1.544	-0.78772	-0.46086	0.1345	0.69335	0.93955	0.86899	0.5685	0.26408	-0.011419	-0.19233	-0.30565	-0.37381	-0.37031	-0.42602	-0.40973	-0.40807	20.714
898.09	-0.40758	-0.35988	-0.35621	-0.36426	-0.29181	-0.27632	-0.25694	-0.33617	-0.9595	-1.7346	-2.3624	-2.6177	-2.2525	-1.4391	-0.69115	-0.39035	0.19056	0.72801	0.94805	0.86689	0.54458	0.24279	-0.035474	-0.20264	-0.31619	-0.36628	-0.3806	-0.42781	-0.40868	-0.39716	20.229
902.14	-0.3562	-0.33492	-0.37027	-0.36825	-0.25757	-0.23669	-0.23609	-0.37259	-0.95617	-1.776	-2.2988	-2.5272	-2.1718	-1.3314	-0.60964	-0.30398	0.24465	0.74488	0.94228	0.85416	0.51421	0.22857	-0.057443	-0.23279	-0.32742	-0.38745	-0.40556	-0.4155	-0.3759	-0.3869	19.743
905.76	-0.35661	-0.32454	-0.37408	-0.34824	-0.24118	-0.25084	-0.22398	-0.39014	-0.98006	-1.8015	-2.2333	-2.4543	-2.0745	-1.2423	-0.50936	-0.22559	0.30353	0.77882	0.95103	0.847	0.49546	0.18504	-0.096671	-0.23351	-0.34501	-0.37947	-0.40734	-0.41805	-0.36457	-0.36206	19.267
906.4	-0.32931	-0.31213	-0.35722	-0.31728	-0.25607	-0.24284	-0.24152	-0.33531	-0.99578	-1.7738	-2.1993	-2.4015	-1.9991	-1.1623	-0.46502	-0.19266	0.33405	0.77995	0.94258	0.80401	0.46032	0.15048	-0.11572	-0.25431	-0.34498	-0.40219	-0.41206	-0.44455	-0.35556	-0.34185	18.774
906.83	-0.31394	-0.31939	-0.31945	-0.29685	-0.22269	-0.21765	-0.19205	-0.36056	-1.0118	-1.7985	-2.168	-2.3039	-1.9156	-1.0778	-0.38267	-0.11511	0.39047	0.80934	0.94507	0.8002	0.43184	0.13718	-0.12917	-0.28675	-0.35576	-0.40518	-0.41541	-0.39265	-0.36086	-0.32696	18.288
908.53	-0.33216	-0.31001	-0.3083	-0.28094	-0.19101	-0.18978	-0.14361	-0.38081	-0.98379	-1.8044	-2.0828	-2.2315	-1.8022	-0.97521	-0.31111	-0.046116	0.42422	0.83357	0.94334	0.77733	0.40801	0.099568	-0.14434	-0.28474	-0.36761	-0.38321	-0.40118	-0.39648	-0.37035	-0.33789	17.771
910.45	-0.30687	-0.28259	-0.27887	-0.26313	-0.17215	-0.18114	-0.14155	-0.38184	-1.0164	-1.7322	-2.0397	-2.1418	-1.7153	-0.89637	-0.24719	0.018777	0.50177	0.85584	0.93509	0.75283	0.37897	0.079708	-0.1679	-0.31161	-0.3855	-0.40515	-0.37879	-0.40432	-0.34393	-0.32435	17.26
911.51	-0.29269	-0.25419	-0.26009	-0.20236	-0.13917	-0.13	-0.15419	-0.4275	-0.99554	-1.7241	-1.9902	-2.0718	-1.6188	-0.80365	-0.16739	0.090858	0.53844	0.87338	0.93433	0.72787	0.34094	0.07131	-0.18975	-0.31269	-0.38038	-0.40796	-0.38671	-0.38031	-0.332	-0.32388	16.762
912.37	-0.27573	-0.25178	-0.22575	-0.1822	-0.093022	-0.12944	-0.098147	-0.47241	-1.0144	-1.6593	-1.9322	-2.0022	-1.5439	-0.72819	-0.10024	0.15049	0.5774	0.8908	0.94156	0.72009	0.31595	0.022476	-0.20325	-0.32529	-0.39106	-0.41258	-0.39477	-0.38188	-0.31169	-0.28711	16.251
913.01	-0.25343	-0.21766	-0.21407	-0.15341	-0.1388	-0.13125	-0.13004	-0.56945	-1.0231	-1.6385	-1.8889	-1.9305	-1.4622	-0.6576	-0.042104	0.21919	0.60594	0.91052	0.92136	0.70356	0.2941	-0.0035594	-0.23382	-0.35789	-0.39393	-0.43168	-0.40086	-0.38888	-0.29406	-0.28407	15.707
913.65	-0.23148	-0.20886	-0.15638	-0.17346	-0.13864	-0.13151	-0.13802	-0.55747	-1.0383	-1.6046	-1.8427	-1.856	-1.376	-0.5819	0.0048593	0.26664	0.65499	0.90994	0.90512	0.65233	0.25754	-0.024667	-0.2626	-0.37671	-0.42503	-0.44569	-0.42196	-0.3988	-0.31083	-0.28508	15.182
914.28	-0.21922	-0.18185	-0.14966	-0.15625	-0.10544	-0.12752	-0.13967	-0.60342	-1.0195	-1.6155	-1.8148	-1.8096	-1.3115	-0.52027	0.055552	0.29921	0.67147	0.91834	0.9016	0.62916	0.2053	-0.050739	-0.27596	-0.38113	-0.43223	-0.45366	-0.41548	-0.39245	-0.28554	-0.26989	14.66
914.07	-0.15049	-0.14811	-0.14958	-0.16292	-0.089057	-0.10592	-0.15198	-0.64403	-1.0125	-1.5516	-1.7479	-1.7386	-1.2468	-0.44413	0.11495	0.35034	0.68522	0.92776	0.88566	0.61037	0.18553	-0.10733	-0.31689	-0.40869	-0.42471	-0.45837	-0.41692	-0.35602	-0.24877	-0.19708	14.115
915.99	-0.13348	-0.11391	-0.14893	-0.14593	-0.056171	-0.082286	-0.12092	-0.64552	-1.037	-1.5191	-1.6727	-1.6516	-1.1412	-0.38369	0.18497	0.39902	0.72612	0.91676	0.85238	0.57009	0.15081	-0.11528	-0.33105	-0.43354	-0.44569	-0.45719	-0.41903	-0.36395	-0.24412	-0.17398	13.566
916.84	-0.13295	-0.1157	-0.1366	-0.10871	-0.02644	-0.069471	-0.13351	-0.65205	-0.90038	-1.5038	-1.6227	-1.5839	-1.044	-0.29661	0.23903	0.448	0.74248	0.92311	0.8498	0.54685	0.11628	-0.14752	-0.35106	-0.42529	-0.4594	-0.4617	-0.44309	-0.3991	-0.24169	-0.14602	13.001
918.12	-0.11739	-0.10788	-0.10803	-0.049747	-0.032078	-0.044204	-0.18572	-0.66086	-1.0653	-1.4567	-1.5753	-1.4847	-0.97253	-0.22338	0.27297	0.49859	0.78372	0.94546	0.82471	0.52167	0.089708	-0.1636	-0.36088	-0.44384	-0.45057	-0.43366	-0.37735	-0.34851	-0.20242	-0.19698	12.453
920.47	-0.12003	-0.095016	-0.081012	-0.016257	-0.031939	-0.03682	-0.18353	-0.64961	-1.0644	-1.4188	-1.5005	-1.4032	-0.87618	-0.15369	0.35664	0.54137	0.81395	0.93583	0.81488	0.5049	0.061873	-0.18722	-0.37838	-0.45548	-0.46631	-0.47243	-0.38914	-0.3285	-0.1906	-0.15871	11.924
923.23	-0.10622	-0.076835	-0.055684	-0.079584	-0.027974	-0.036853	-0.26043	-0.66031	-1.0133	-1.3804	-1.4404	-1.301	-0.79266	-0.092601	0.39666	0.59057	0.83524	0.94253	0.7844	0.44786	0.02744	-0.21399	-0.39242	-0.47486	-0.45582	-0.45857	-0.398	-0.3478	-0.1848	-0.1207	11.376
922.81	-0.094805	-0.050881	-0.027176	-0.071396	0.0024412	-0.031395	-0.25918	-0.72132	-1.0164	-1.3503	-1.3796	-1.2377	-0.71847	-0.015319	0.43422	0.62964	0.86233	0.94284	0.77343	0.42884	-0.0067632	-0.23351	-0.42465	-0.48033	-0.47643	-0.4588	-0.39612	-0.32903	-0.18858	-0.18479	10.831
921.53	-0.054932	-0.013929	-0.048963	-0.019452	-0.015601	-0.031762	-0.28071	-0.71965	-1.0014	-1.3145	-1.3295	-1.1826	-0.63859	0.04377	0.50118	0.68979	0.89391	0.9276	0.75417	0.38582	-0.044249	-0.28871	-0.45192	-0.51127	-0.49696	-0.464	-0.41789	-0.3093	-0.17799	-0.12399	10.276
921.32	-0.023135	0.0019724	-0.072309	-0.031002	0.010159	-0.02781	-0.31083	-0.70586	-1.1665	-1.2802	-1.2755	-1.1051	-0.57563	0.1182	0.54263	0.70377	0.89241	0.91871	0.73229	0.34601	-0.096382	-0.30979	-0.46727	-0.50143	-0.48187	-0.47558	-0.40197	-0.29036	-0.12464	-0.096096	9.7018
920.04	-0.026498	-0.019346	-0.038686	-0.047704	0.026535	-0.049807	-0.35064	-0.69093	-0.99401	-1.2736	-1.2196	-1.0445	-0.50012	0.16725	0.57235	0.73509	0.89731	0.909	0.67354	0.28555	-0.14545	-0.36501	-0.50521	-0.53126	-0.49267	-0.48412	-0.39121	-0.29528	-0.12331	-0.076564	9.1314
919.4	-0.048475	-0.034843	-0.015352	0.022387	0.060927	-0.0068503	-0.3491	-0.68725	-0.95496	-1.2471	-1.157	-0.98297	-0.42922	0.21292	0.60829	0.76445	0.90795	0.8915	0.64385	0.23849	-0.19145	-0.38609	-0.52248	-0.5591	-0.52304	-0.48288	-0.40285	-0.30848	-0.11339	-0.080094	8.5875
916.63	-0.041635	-0.024592	-0.0005066	0.041195	0.068447	-0.019729	-0.3476	-0.69094	-0.96874	-1.1871	-1.0858	-0.89936	-0.33749	0.27817	0.65701	0.79377	0.91751	0.88877	0.60341	0.22176	-0.2462	-0.43426	-0.54237	-0.57369	-0.51378	-0.50393	-0.39117	-0.30514	-0.14071	-0.075377	8.044
916.2	-0.03829	0.01413	0.028436	0.055973	0.081583	-0.015865	-0.36634	-0.69294	-0.96242	-1.1578	-1.0148	-0.811	-0.24817	0.32744	0.70241	0.84206	0.92279	0.85075	0.56401	0.16262	-0.27049	-0.48793	-0.59861	-0.60761	-0.50924	-0.48438	-0.41053	-0.31239	-0.11527	-0.10345	7.4716
913.86	0.0085534	0.030412	0.064069	0.071383	0.077825	-0.055584	-0.37856	-0.68951	-0.93545	-1.1278	-0.95698	-0.74853	-0.18357	0.3775	0.71669	0.83416	0.91505	0.82734	0.51948	0.11413	-0.3187	-0.50061	-0.61553	-0.63489	-0.55263	-0.50996	-0.40218	-0.28832	-0.12112	-0.062174	6.9062
912.58	0.030206	0.037717	0.045606	0.058109	0.066554	-0.071783	-0.39785	-0.71218	-0.91877	-1.0655	-0.89073	-0.64873	-0.10214	0.44757	0.77003	0.87621	0.9368	0.81928	0.48525	0.07209	-0.35858	-0.53205	-0.6096	-0.62962	-0.5284	-0.50746	-0.39257	-0.26143	-0.094137	-0.024335	6.348
909.81	0.037153	0.060752	0.084755	0.075114	0.083459	-0.061172	-0.39622	-0.6415	-0.88236	-1.0252	-0.83326	-0.5862	-0.025552	0.50027	0.80679	0.9027	0.93586	0.79421	0.44542	0.028438	-0.40588	-0.57299	-0.65902	-0.62159	-0.54265	-0.49442	-0.38595	-0.27079	-0.089273	-0.0060951	5.8296
908.54	0.045858	0.082426	0.083074	0.086865	0.076273	-0.13351	-0.41071	-0.69503	-0.86896	-0.99333	-0.77007	-0.50126	0.051557	0.55904	0.83329	0.92126	0.94248	0.77308	0.40605	-0.022631	-0.43603	-0.58345	-0.65663	-0.64686	-0.54332	-0.52911	-0.40618	-0.25058	-0.050241	-0.017839	5.2824
907.26	0.086509	0.11848	0.10152	0.11739	0.041513	-0.15332	-0.42718	-0.7663	-0.8439	-0.94611	-0.70118	-0.4337	0.11074	0.60075	0.84906	0.94317	0.93016	0.75387	0.36196	-0.07211	-0.49951	-0.61847	-0.68142	-0.65739	-0.56774	-0.5153	-0.37184	-0.23325	-0.053755	0.00061076	4.7328
905.98	0.10024	0.12006	0.11886	0.10572	0.019889	-0.17344	-0.41326	-0.73894	-0.81884	-0.90718	-0.65876	-0.37123	0.16526	0.65317	0.87939	0.93945	0.93184	0.70894	0.33061	-0.12155	-0.53852	-0.66195	-0.68752	-0.67166	-0.5845	-0.48056	-0.38435	-0.2411	-0.014928	0.045489	4.2002
905.98	0.11347	0.13269	0.10881	0.087125	0.0029307	-0.1611	-0.42291	-0.72952	-0.79895	-0.87257	-0.58485	-0.30813	0.22965	0.68741	0.91395	0.95142	0.91623	0.66828	0.26814	-0.16418	-0.58637	-0.69469	-0.72675	-0.67474	-0.55116	-0.47718	-0.37096	-0.19388	0.0061701	0.053667	3.7073
904.91	0.12909	0.16698	0.11892	0.1198	-0.041076	-0.22079	-0.42894	-0.71739	-0.78353	-0.83138	-0.53068	-0.22776	0.27602	0.72269	0.89869	0.93861	0.89629	0.60595	0.19633	-0.23686	-0.6371	-0.73197	-0.76902	-0.69645	-0.58697	-0.51832	-0.36988	-0.22965	0.0073913	0.082312	3.2345
903.2	0.13637	0.15999	0.12962	0.089427	-0.042751	-0.20671	-0.42421	-0.672	-0.75208	-0.79807	-0.47047	-0.18568	0.34575	0.74635	0.92064	0.95266	0.88462	0.5923	0.16312	-0.28154	-0.68298	-0.77079	-0.77567	-0.71406	-0.58777	-0.48988	-0.38027	-0.19615	0.014568	0.060655	2.756
900	0.13449	0.15165	0.22656	0.13111	0.027194	-0.090523	-0.32323	-0.49959	-0.71991	-0.75175	-0.42844	-0.11734	0.39171	0.75262	0.9149	0.9354	0.84831	0.54458	0.097912	-0.32698	-0.74346	-0.83455	-0.84564	-0.7788	-0.67487	-0.56961	-0.44932	-0.2328	0.029664	0.10943	2.3137
899.58	0.16881	0.18926	0.22286	0.13651	0.014632	-0.1475	-0.38373	-0.60785	-0.71088	-0.72036	-0.36991	-0.057457	0.44188	0.79097	0.93544	0.95453	0.84528	0.50369	0.043099	-0.38103	-0.76431	-0.74714	-0.75595	-0.70372	-0.59216	-0.49972	-0.38808	-0.16412	0.053983	0.12031	1.8173
901.28	0.19944	0.22717	0.16242	0.19429	-0.024609	-0.23482	-0.37186	-0.58564	-0.60047	-0.68758	-0.32186	0.00048153	0.49368	0.82541	0.9409	0.95462	0.81582	0.46562	0.01411	-0.44215	-0.79283	-0.85512	-0.8204	-0.68505	-0.53012	-0.45495	-0.27714	-0.15524	0.08051	0.12263	1.4055
904.05	0.20074	0.20153	0.17412	0.11673	-0.022421	-0.16226	-0.41797	-0.62526	-0.68433	-0.62775	-0.26745	0.04609	0.55453	0.85027	0.95996	0.94146	0.7943	0.45098	-0.017988	-0.47098	-0.83681	-0.83071	-0.80429	-0.6876	-0.56817	-0.51226	-0.36848	-0.11589	0.1033	0.15921	0.96857
906.4	0.17489	0.19741	0.15351	0.02167	-0.1445	-0.28985	-0.44356	-0.67613	-0.68719	-0.6035	-0.21753	0.10559	0.57957	0.87906	0.94849	0.92892	0.77716	0.39104	-0.057835	-0.50656	-0.86086	-0.8596	-0.80704	-0.67257	-0.55734	-0.44395	-0.30493	-0.11827	0.096082	0.14363	0.59332
909.17	0.17386	0.18594	0.095152	-0.039507	-0.19405	-0.32351	-0.40768	-0.66716	-0.6718	-0.57057	-0.19059	0.14376	0.61437	0.87646	0.94891	0.91386	0.74561	0.34026	-0.12296	-0.55121	-0.89475	-0.9078	-0.85725	-0.74702	-0.58564	-0.49194	-0.36358	-0.15341	0.077206	0.11954	0.25066
908.96	0.18612	0.21254	0.078488	-0.12291	-0.20317	-0.30877	-0.53568	-0.70503	-0.68209	-0.57053	-0.16804	0.15933	0.61277	0.86979	0.92384	0.88655	0.69249	0.29414	-0.18695	-0.60389	-0.95453	-0.94107	-0.88652	-0.77634	-0.55254	-0.47551	-0.36519	-0.14628	0.12627	0.14028	-0.065938
909.81	0.2014	0.20905	0.086541	-0.082732	-0.21244	-0.29267	-0.51365	-0.6449	-0.62569	-0.54228	-0.12992	0.1769	0.63154	0.86378	0.91927	0.85641	0.67299	0.24214	-0.22658	-0.6666	-0.97827	-1.0086	-0.92542	-0.75477	-0.57129	-0.46901	-0.30079	-0.11079	0.14454	0.18134	-0.42039
912.8	0.21058	0.21905	0.10984	-0.074049	-0.18623	-0.28606	-0.41396	-0.61394	-0.57518	-0.53204	-0.11641	0.21103	0.6409	0.87772	0.88872	0.86032	0.64036	0.20855	-0.27355	-0.70664	-1.0062	-0.95459	-0.87615	-0.73595	-0.52079	-0.43309	-0.25547	-0.085458	0.16647	0.1924	-0.66274
915.35	0.22673	0.23088	0.12637	-0.080312	-0.15292	-0.2908	-0.44544	-0.57686	-0.53274	-0.50977	-0.067367	0.23445	0.67668	0.87361	0.90434	0.84591	0.62327	0.20439	-0.29491	-0.70119	-1.023	-0.96492	-0.86538	-0.74009	-0.52564	-0.41774	-0.25991	-0.069231	0.17129	0.20042	-0.95576
918.34	0.22121	0.23375	0.061996	-0.076665	-0.17759	-0.27906	-0.43162	-0.58166	-0.52304	-0.4853	-0.057861	0.25817	0.69405	0.89973	0.91453	0.8452	0.6114	0.17449	-0.30951	-0.72147	-1.0195	-0.9795	-0.85338	-0.66242	-0.51739	-0.42067	-0.22815	-0.045346	0.18264	0.21971	-1.1657
917.91	0.238	0.24271	0.043343	-0.068289	-0.19961	-0.30946	-0.51217	-0.60234	-0.55895	-0.44998	-0.022526	0.29275	0.71212	0.91866	0.92745	0.84393	0.60313	0.16369	-0.33048	-0.72519	-1.0252	-0.96525	-0.90347	-0.69832	-0.52518	-0.43876	-0.254	-0.061322	0.20116	0.23946	-1.3786
917.7	0.20603	0.21993	0.028189	-0.11523	-0.20344	-0.34025	-0.44262	-0.61756	-0.55605	-0.45169	-0.0038642	0.32766	0.74482	0.92729	0.93467	0.86441	0.62176	0.15811	-0.32573	-0.75516	-1.0186	-0.96065	-0.84229	-0.66961	-0.53468	-0.41622	-0.26689	-0.064515	0.18109	0.20475	-1.5374
916.63	0.21847	0.18969	-0.015722	-0.13567	-0.26022	-0.38414	-0.50226	-0.62849	-0.58739	-0.45402	-0.0057618	0.32101	0.74405	0.92334	0.92315	0.83968	0.59182	0.12164	-0.36561	-0.76136	-1.0511	-0.99573	-0.8788	-0.71528	-0.51811	-0.40568	-0.24126	-0.06458	0.17964	0.23022	-1.7151
915.99	0.23184	0.19889	-0.015856	-0.12733	-0.25146	-0.37703	-0.51596	-0.63235	-0.58295	-0.44387	-0.015051	0.31095	0.74131	0.91383	0.88242	0.81656	0.5618	0.10903	-0.39125	-0.7915	-1.0847	-1.011	-0.91324	-0.73171	-0.53278	-0.41726	-0.23808	-0.057155	0.20142	0.23512	-1.8387
914.71	0.23055	0.19549	-0.010704	-0.12068	-0.23775	-0.34881	-0.50364	-0.63299	-0.57562	-0.44638	-0.018749	0.32177	0.72276	0.89316	0.87989	0.79548	0.54899	0.072573	-0.43302	-0.82264	-1.1041	-1.024	-0.8926	-0.72282	-0.52094	-0.41938	-0.23674	-0.032265	0.18169	0.232	-1.9907
914.29	0.24065	0.20651	-0.0072115	-0.1196	-0.23527	-0.31267	-0.50398	-0.5947	-0.53024	-0.45685	-0.011447	0.32713	0.7215	0.892	0.85883	0.79262	0.52047	0.039784	-0.44424	-0.85943	-1.1114	-1.0372	-0.8879	-0.72761	-0.53637	-0.38394	-0.23228	-0.017814	0.21425	0.25872	-2.1363
914.07	0.20896	0.1908	0.016368	-0.12401	-0.20261	-0.32342	-0.48843	-0.59481	-0.5224	-0.43779	0.018641	0.34119	0.75289	0.89739	0.88461	0.78606	0.51236	0.045438	-0.4599	-0.84933	-1.1115	-1.0344	-0.95028	-0.72144	-0.50885	-0.39697	-0.26811	-0.022052	0.20738	0.24556	-2.2344
913.65	0.21572	0.16035	0.0011838	-0.13082	-0.19119	-0.31271	-0.45253	-0.57985	-0.51627	-0.39843	0.054306	0.37817	0.77578	0.92645	0.90098	0.79653	0.53606	0.041447	-0.45899	-0.86041	-1.1187	-1.0301	-0.92677	-0.72701	-0.51352	-0.40196	-0.23088	-0.038453	0.20561	0.22909	-2.3324
914.07	0.21562	0.19913	-0.0074126	-0.15786	-0.24474	-0.32522	-0.46421	-0.57441	-0.4997	-0.393	0.077132	0.4074	0.78893	0.9364	0.90049	0.79961	0.52225	0.041587	-0.45858	-0.84411	-1.1116	-1.0277	-0.9068	-0.71511	-0.49758	-0.39384	-0.21433	-0.013279	0.21388	0.24394	-2.4841
914.5	0.22371	0.19189	0.028117	-0.12606	-0.21	-0.31473	-0.47712	-0.57429	-0.50937	-0.36333	0.086376	0.40723	0.80466	0.93423	0.89097	0.78058	0.5066	0.02664	-0.47106	-0.86672	-1.1258	-1.0453	-0.90153	-0.69261	-0.52574	-0.40336	-0.24732	-0.017937	0.21072	0.2506	-2.6451
914.71	0.24426	0.19397	0.060659	-0.09683	-0.17697	-0.275	-0.43528	-0.52344	-0.46525	-0.36	0.088238	0.42254	0.79632	0.91523	0.89289	0.77356	0.49154	0.0067136	-0.50426	-0.88353	-1.1584	-1.05	-0.90475	-0.67951	-0.50256	-0.37442	-0.23024	0.0041291	0.22914	0.2473	-2.7271
914.71	0.20883	0.17785	0.028608	-0.12746	-0.18402	-0.31616	-0.37476	-0.49106	-0.40496	-0.35656	0.097356	0.41391	0.79812	0.89832	0.86561	0.75454	0.47434	-0.027816	-0.53421	-0.91716	-1.1667	-1.1002	-0.9455	-0.74186	-0.50573	-0.39536	-0.23703	-0.027662	0.20014	0.2487	-2.7807
917.06	0.19116	0.16282	0.072049	-0.11166	-0.17262	-0.28316	-0.42132	-0.53199	-0.44935	-0.39006	0.07281	0.40411	0.77953	0.8926	0.83629	0.71708	0.43255	-0.038697	-0.54701	-0.94763	-1.1961	-1.0665	-0.88174	-0.72739	-0.50719	-0.40375	-0.21341	-0.028058	0.2099	0.23161	-2.8847
918.98	0.19095	0.14511	-0.025581	-0.18408	-0.26865	-0.33619	-0.49007	-0.5915	-0.51805	-0.36855	0.089607	0.41711	0.78113	0.88907	0.8312	0.71573	0.42682	-0.058683	-0.5725	-0.95264	-1.2	-1.1031	-0.94295	-0.76145	-0.53264	-0.41211	-0.25352	-0.02342	0.19414	0.21804	-2.9572
920.47	0.18382	0.1557	-0.060746	-0.16166	-0.26831	-0.40169	-0.51302	-0.61061	-0.5077	-0.36282	0.089342	0.40606	0.78474	0.8841	0.82052	0.70274	0.40243	-0.096485	-0.59367	-0.9877	-1.2195	-1.1046	-0.94284	-0.74257	-0.54071	-0.45353	-0.25653	-0.035084	0.18889	0.21092	-3.0454
921.74	0.16013	0.15151	-0.074544	-0.20483	-0.27144	-0.3674	-0.51723	-0.61014	-0.52946	-0.34153	0.11337	0.43481	0.80117	0.89635	0.83229	0.69991	0.40826	-0.0968	-0.60064	-0.97229	-1.208	-1.108	-0.92147	-0.73353	-0.55086	-0.43076	-0.26119	-0.024918	0.16858	0.21868	-3.1619
924.09	0.17827	0.13381	-0.069013	-0.16964	-0.25272	-0.36128	-0.48284	-0.58331	-0.50071	-0.3495	0.13176	0.46455	0.79926	0.90066	0.80676	0.70484	0.39564	-0.11293	-0.62758	-1.0014	-1.2342	-1.118	-0.98958	-0.74311	-0.53135	-0.40847	-0.2088	-0.032103	0.17299	0.19864	-3.2499
925.79	0.17936	0.13544	-0.047103	-0.13266	-0.21982	-0.31233	-0.40617	-0.51698	-0.43052	-0.33664	0.12603	0.46197	0.81085	0.90581	0.81953	0.69339	0.38826	-0.12167	-0.63421	-1.0114	-1.2368	-1.1014	-0.95396	-0.73807	-0.57172	-0.42379	-0.23084	-0.0075071	0.19284	0.21132	-3.3537
927.28	0.19414	0.16317	0.0095322	-0.075959	-0.16912	-0.29954	-0.38357	-0.48927	-0.39139	-0.30031	0.15175	0.47501	0.82396	0.89926	0.82529	0.69205	0.37411	-0.14484	-0.6441	-1.0098	-1.2445	-1.114	-0.93279	-0.73389	-0.50171	-0.36912	-0.22223	0.0027203	0.20749	0.24687	-3.4511
928.35	0.19412	0.17864	0.021044	-0.09563	-0.1738	-0.2267	-0.38784	-0.4854	-0.38454	-0.31172	0.16272	0.48997	0.82781	0.90344	0.80485	0.67443	0.3636	-0.16295	-0.65435	-1.0296	-1.2594	-1.1209	-0.96044	-0.73462	-0.52087	-0.38781	-0.22034	-0.0058819	0.22245	0.24672	-3.5422
927.5	0.18949	0.14573	0.0096744	-0.11575	-0.20138	-0.27976	-0.39763	-0.50094	-0.41365	-0.30027	0.17386	0.48183	0.83989	0.89741	0.80012	0.66174	0.33208	-0.17941	-0.69426	-1.0581	-1.2832	-1.1282	-0.9373	-0.73878	-0.53528	-0.4041	-0.21405	0.016715	0.2176	0.24028	-3.6144
927.28	0.17256	0.12652	-0.039148	-0.13244	-0.24832	-0.34917	-0.44315	-0.53592	-0.42192	-0.28494	0.17569	0.50771	0.84657	0.90762	0.78091	0.65351	0.33067	-0.19938	-0.68966	-1.0722	-1.2836	-1.1446	-1.0065	-0.75945	-0.51268	-0.39459	-0.20802	-0.00034838	0.22593	0.2241	-3.6803
926	0.1895	0.12458	-0.052281	-0.16556	-0.25061	-0.36381	-0.46595	-0.55177	-0.4641	-0.27167	0.18703	0.51688	0.84769	0.89902	0.7997	0.65284	0.33109	-0.20664	-0.71381	-1.0701	-1.2933	-1.1479	-0.95926	-0.74931	-0.55442	-0.4302	-0.23744	-0.030496	0.18806	0.21612	-3.7994
926.86	0.1714	0.12282	-0.053619	-0.1856	-0.24477	-0.34396	-0.4527	-0.54293	-0.44758	-0.27807	0.19257	0.51989	0.8535	0.89154	0.79748	0.65565	0.32774	-0.21871	-0.72559	-1.0896	-1.3068	-1.1578	-0.94825	-0.74845	-0.4914	-0.39305	-0.24513	-0.02891	0.19268	0.21794	-3.8841
926.86	0.17949	0.13317	-0.05554	-0.1619	-0.24647	-0.3281	-0.45797	-0.50465	-0.4172	-0.27491	0.18495	0.50261	0.84551	0.87476	0.77441	0.62545	0.29743	-0.22053	-0.73326	-1.1034	-1.326	-1.1789	-1.0658	-0.77428	-0.5417	-0.42657	-0.23234	-0.0029477	0.1976	0.21766	-3.953
926	0.17315	0.1319	-0.025504	-0.13228	-0.19615	-0.35495	-0.41894	-0.50523	-0.38112	-0.26494	0.19984	0.50819	0.84431	0.88577	0.78053	0.62964	0.27773	-0.23152	-0.75121	-1.118	-1.337	-1.1926	-0.95129	-0.7509	-0.52551	-0.39853	-0.23436	-0.0063256	0.20628	0.21634	-4.0375
925.36	0.166	0.16026	-0.025629	-0.15112	-0.1872	-0.27292	-0.40664	-0.47556	-0.36835	-0.24667	0.21309	0.54291	0.86911	0.89442	0.77544	0.63651	0.28126	-0.24429	-0.7583	-1.1331	-1.3302	-1.187	-1.0482	-0.76612	-0.55057	-0.39579	-0.26975	-0.013705	0.19787	0.21632	-4.0845
926.85	0.18096	0.1316	-0.0084867	-0.13739	-0.17794	-0.29349	-0.39346	-0.48621	-0.38369	-0.2392	0.22737	0.55262	0.86171	0.89499	0.78312	0.64701	0.27404	-0.26937	-0.78364	-1.1486	-1.3295	-1.1885	-0.94486	-0.77419	-0.5468	-0.38705	-0.23091	-0.0073257	0.19143	0.22147	-4.1314
927.91	0.1461	0.13508	-0.013886	-0.12552	-0.18842	-0.29688	-0.40359	-0.46972	-0.3637	-0.22693	0.24978	0.55353	0.86562	0.9027	0.77921	0.6284	0.27054	-0.26367	-0.7904	-1.1437	-1.3442	-1.1841	-1.0271	-0.74924	-0.52894	-0.40707	-0.21796	-0.0010787	0.1878	0.21975	-4.2034
930.47	0.18219	0.12449	-0.036764	-0.1408	-0.2063	-0.31459	-0.38697	-0.4564	-0.35832	-0.20099	0.24724	0.57282	0.87926	0.89687	0.77682	0.62169	0.25809	-0.28109	-0.80856	-1.146	-1.3489	-1.2126	-1.0105	-0.77444	-0.52584	-0.37203	-0.17368	0.031166	0.18508	0.21993	-4.269
933.02	0.18119	0.12918	-0.024939	-0.14481	-0.19279	-0.30434	-0.41117	-0.48489	-0.38802	-0.21613	0.25872	0.56387	0.87362	0.89588	0.76063	0.6065	0.24729	-0.29427	-0.8205	-1.1532	-1.347	-1.1651	-0.97426	-0.73835	-0.51172	-0.39896	-0.19156	0.0081688	0.20148	0.22949	-4.3347
935.15	0.16781	0.12202	-0.055085	-0.14468	-0.21054	-0.31692	-0.39798	-0.47918	-0.35334	-0.20331	0.26006	0.57442	0.87764	0.89246	0.74634	0.58844	0.22182	-0.3151	-0.83557	-1.1644	-1.36	-1.2245	-1.0202	-0.77496	-0.51891	-0.37607	-0.2113	0.0037645	0.17468	0.20763	-4.3971
937.49	0.15276	0.11815	-0.070102	-0.16069	-0.20973	-0.32801	-0.42465	-0.47796	-0.37297	-0.19944	0.23761	0.56456	0.84835	0.87847	0.70419	0.5622	0.19646	-0.35349	-0.84882	-1.2018	-1.3819	-1.2165	-0.99708	-0.77441	-0.54386	-0.43632	-0.25472	0.015281	0.19552	0.19269	-4.394
936.64	0.1522	0.098051	-0.047782	-0.14611	-0.21909	-0.35929	-0.41069	-0.49609	-0.38931	-0.20662	0.25635	0.57069	0.84808	0.85921	0.712	0.56114	0.18735	-0.34654	-0.86496	-1.1929	-1.3848	-1.2201	-0.99796	-0.78648	-0.53944	-0.40135	-0.22843	-0.0007976	0.18253	0.1981	-4.4409
937.71	0.13489	0.099119	-0.074607	-0.1603	-0.23845	-0.3379	-0.41659	-0.49558	-0.38407	-0.20967	0.25959	0.56498	0.83879	0.84831	0.69671	0.54351	0.17834	-0.38772	-0.88734	-1.221	-1.3881	-1.216	-1.0006	-0.80056	-0.55723	-0.42032	-0.2393	0.0036521	0.15764	0.18913	-4.4596
938.99	0.13446	0.10531	-0.035187	-0.16005	-0.21661	-0.28903	-0.41938	-0.48501	-0.3661	-0.20578	0.25198	0.56396	0.87102	0.8403	0.6975	0.52256	0.15795	-0.37828	-0.88631	-1.2293	-1.4115	-1.2425	-1.0075	-0.78458	-0.56418	-0.42419	-0.24784	0.013942	0.18681	0.18077	-4.5158
939.84	0.13438	0.10215	-0.045112	-0.15363	-0.21831	-0.32342	-0.42491	-0.47655	-0.37036	-0.202	0.25762	0.57027	0.85902	0.84601	0.68793	0.52531	0.15077	-0.39609	-0.90864	-1.2214	-1.4052	-1.2146	-1.0049	-0.78723	-0.52097	-0.37961	-0.21308	0.0053236	0.18033	0.17933	-4.5283
939.63	0.14591	0.13018	-0.039716	-0.15175	-0.24167	-0.29159	-0.41567	-0.47301	-0.35614	-0.1854	0.27419	0.57746	0.85304	0.84784	0.69335	0.53039	0.13446	-0.40872	-0.89838	-1.2199	-1.404	-1.2446	-1.0249	-0.78388	-0.52667	-0.40812	-0.21791	-0.014346	0.20017	0.21171	-4.5564
939.2	0.15395	0.12104	-0.056165	-0.16833	-0.23257	-0.31471	-0.4253	-0.47819	-0.35144	-0.17844	0.27778	0.58951	0.8664	0.85671	0.69715	0.53724	0.15774	-0.39262	-0.8969	-1.2221	-1.3949	-1.2121	-1.0096	-0.77146	-0.53026	-0.38774	-0.20533	0.0052823	0.19478	0.18738	-4.5408
936.65	0.13477	0.12329	-0.048096	-0.15095	-0.22252	-0.33363	-0.41546	-0.46311	-0.35108	-0.17759	0.29492	0.60614	0.89246	0.86054	0.70792	0.52358	0.14958	-0.39219	-0.90869	-1.2479	-1.4004	-1.2295	-1.0145	-0.75969	-0.53761	-0.36407	-0.20445	0.011472	0.18902	0.21042	-4.547
935.59	0.16454	0.11644	-0.051839	-0.15109	-0.21219	-0.33754	-0.40529	-0.46879	-0.35796	-0.15738	0.2897	0.61184	0.87894	0.87498	0.69482	0.52433	0.13832	-0.41234	-0.90967	-1.2408	-1.4068	-1.2184	-1.0074	-0.77636	-0.5155	-0.40367	-0.19339	0.042713	0.18588	0.20904	-4.5688
935.8	0.14301	0.10806	-0.049935	-0.16077	-0.22291	-0.33037	-0.39571	-0.4685	-0.34359	-0.17284	0.30982	0.61161	0.87875	0.86128	0.68228	0.52595	0.15004	-0.41029	-0.9248	-1.2558	-1.4097	-1.2101	-1.0302	-0.77283	-0.55505	-0.40072	-0.21227	-0.001674	0.20227	0.19785	-4.547
937.29	0.15262	0.12483	-0.064526	-0.15397	-0.21725	-0.29113	-0.3699	-0.44271	-0.34143	-0.17921	0.30187	0.59906	0.88234	0.8385	0.68306	0.50013	0.11859	-0.44699	-0.93873	-1.2657	-1.4105	-1.2415	-1.0039	-0.79562	-0.54193	-0.38226	-0.20404	0.012385	0.18368	0.19085	-4.5782
939.42	0.13415	0.11067	-0.035269	-0.14394	-0.20607	-0.26971	-0.38972	-0.46025	-0.32824	-0.1856	0.29187	0.60755	0.86579	0.83473	0.66934	0.50574	0.1232	-0.44763	-0.94737	-1.2695	-1.4315	-1.2296	-1.0016	-0.78726	-0.55728	-0.39592	-0.20227	-0.0060766	0.17352	0.19552	-4.5782
938.99	0.13257	0.11966	-0.060168	-0.1342	-0.19711	-0.30168	-0.38687	-0.45911	-0.30453	-0.18088	0.29922	0.5924	0.86281	0.83847	0.67291	0.49892	0.10986	-0.43368	-0.95068	-1.2634	-1.4372	-1.2712	-1.0188	-0.79843	-0.52899	-0.39299	-0.22009	0.016591	0.16703	0.19985	-4.6312
939.84	0.12738	0.13471	-0.035192	-0.13705	-0.20822	-0.30794	-0.39586	-0.46342	-0.34069	-0.18565	0.28246	0.59874	0.86843	0.84767	0.67761	0.50691	0.11788	-0.44579	-0.94999	-1.2708	-1.4231	-1.2462	-1.0126	-0.7965	-0.5424	-0.39862	-0.23863	0.0099241	0.16998	0.18378	-4.6156
940.91	0.11948	0.097056	-0.061166	-0.17601	-0.22873	-0.32461	-0.39519	-0.47273	-0.33223	-0.17852	0.28808	0.59816	0.86291	0.86008	0.67858	0.52326	0.12628	-0.44326	-0.93975	-1.276	-1.4211	-1.2464	-0.99345	-0.79218	-0.53107	-0.41102	-0.24304	0.00013054	0.16515	0.19528	-4.625
940.9	0.134	0.08952	-0.062736	-0.16159	-0.21832	-0.31464	-0.41532	-0.45934	-0.35271	-0.17509	0.28058	0.58644	0.86131	0.85522	0.68742	0.50168	0.12136	-0.44319	-0.95517	-1.2694	-1.4405	-1.2618	-1.0341	-0.80163	-0.55049	-0.42324	-0.21774	0.0012345	0.17665	0.18192	-4.6406
941.76	0.12728	0.12779	-0.05637	-0.15781	-0.23866	-0.34718	-0.44291	-0.49683	-0.36499	-0.16987	0.28044	0.58745	0.85093	0.83614	0.66906	0.5026	0.11744	-0.4343	-0.95319	-1.2718	-1.4424	-1.2502	-1.0323	-0.78851	-0.50308	-0.40282	-0.20962	0.018203	0.15839	0.18501	-4.6843
943.25	0.13048	0.077661	-0.062703	-0.17119	-0.23181	-0.33605	-0.42972	-0.48454	-0.3724	-0.17815	0.27646	0.5883	0.85593	0.83953	0.66455	0.50019	0.11575	-0.4336	-0.94249	-1.2733	-1.4307	-1.2544	-1.0091	-0.79239	-0.53239	-0.40834	-0.21408	0.0092645	0.15958	0.17827	-4.6593
942.4	0.11438	0.10888	-0.10366	-0.16283	-0.25547	-0.34181	-0.43299	-0.49634	-0.36001	-0.17329	0.29313	0.58549	0.86796	0.83873	0.6807	0.51382	0.119	-0.42887	-0.94324	-1.2692	-1.4318	-1.254	-0.99342	-0.80854	-0.54371	-0.39284	-0.18395	0.019586	0.16132	0.1721	-4.678
941.76	0.13878	0.096717	-0.072562	-0.17612	-0.25852	-0.3264	-0.4226	-0.46213	-0.3538	-0.1531	0.29331	0.60639	0.87331	0.85597	0.68634	0.5123	0.13878	-0.44163	-0.95152	-1.2819	-1.4455	-1.2464	-1.0171	-0.82921	-0.5907	-0.41671	-0.24754	-0.0073149	0.16174	0.17714	-4.6843
940.48	0.11612	0.08275	-0.04323	-0.13048	-0.2003	-0.3058	-0.38752	-0.44799	-0.32576	-0.18149	0.28116	0.59712	0.85541	0.83232	0.65935	0.48476	0.10918	-0.44407	-0.97279	-1.3022	-1.4666	-1.2719	-1.0281	-0.81941	-0.55523	-0.4124	-0.22249	0.014177	0.17199	0.17425	-4.7092
938.99	0.11647	0.091802	-0.030054	-0.15025	-0.21094	-0.2921	-0.37252	-0.41399	-0.30402	-0.16155	0.27801	0.60133	0.86147	0.83186	0.65326	0.47392	0.10432	-0.45913	-0.97744	-1.3231	-1.4817	-1.2754	-1.0696	-0.78105	-0.56349	-0.42398	-0.21155	0.0025033	0.15733	0.16641	-4.703
938.57	0.10326	0.083119	-0.039988	-0.14217	-0.22392	-0.32043	-0.39764	-0.45378	-0.31215	-0.17531	0.27069	0.57957	0.84908	0.83712	0.65698	0.48073	0.094607	-0.46819	-0.98401	-1.3135	-1.4966	-1.2683	-1.0404	-0.8115	-0.58817	-0.43541	-0.23559	0.0025901	0.15071	0.16799	-4.7186
936.65	0.14124	0.098893	-0.046556	-0.14409	-0.19396	-0.28239	-0.3829	-0.47614	-0.33344	-0.17906	0.28578	0.59758	0.85714	0.84052	0.65311	0.47682	0.098075	-0.47789	-0.99059	-1.3178	-1.4804	-1.2883	-1.0491	-0.81942	-0.55746	-0.41418	-0.2234	0.022573	0.16257	0.15719	-4.7248
935.8	0.12491	0.090288	-0.04496	-0.17068	-0.2387	-0.30024	-0.42043	-0.46668	-0.34638	-0.17079	0.29895	0.59482	0.86435	0.8446	0.666	0.5006	0.099865	-0.47485	-0.98848	-1.3105	-1.4674	-1.2973	-1.0598	-0.85791	-0.54883	-0.42556	-0.23795	-0.011706	0.16603	0.17346	-4.7653
934.52	0.11853	0.076626	-0.079875	-0.16262	-0.22651	-0.35003	-0.40708	-0.46733	-0.35807	-0.17438	0.28474	0.59899	0.86388	0.8424	0.64926	0.47956	0.10321	-0.45768	-0.99774	-1.3346	-1.4918	-1.3024	-1.101	-0.8307	-0.59079	-0.45443	-0.24291	0.0055266	0.13984	0.14622	-4.7528
932.61	0.11865	0.092449	-0.065176	-0.15806	-0.22884	-0.30111	-0.40629	-0.47835	-0.35081	-0.16289	0.30004	0.61915	0.86899	0.84428	0.68582	0.50072	0.098347	-0.47652	-0.99833	-1.3188	-1.4806	-1.2988	-1.0768	-0.81688	-0.5582	-0.41767	-0.24049	-0.013134	0.16324	0.17578	-4.7996
930.69	0.12392	0.09255	-0.035154	-0.17481	-0.23652	-0.32826	-0.38999	-0.45762	-0.326	-0.16316	0.29147	0.6186	0.88028	0.84594	0.66795	0.47832	0.11187	-0.47748	-1.0034	-1.3435	-1.5029	-1.2935	-1.0558	-0.82636	-0.58086	-0.41536	-0.22804	-0.0014376	0.15532	0.16646	-4.8494
931.54	0.10396	0.097785	-0.050195	-0.16828	-0.22947	-0.30192	-0.38183	-0.43387	-0.32578	-0.15979	0.31141	0.6197	0.88118	0.83517	0.66553	0.47455	0.088701	-0.49306	-1.0164	-1.3545	-1.4934	-1.2987	-1.0599	-0.83986	-0.56203	-0.42457	-0.25047	0.021495	0.15039	0.16294	-4.8307
931.54	0.12214	0.093998	-0.046819	-0.15364	-0.20939	-0.30322	-0.38183	-0.4358	-0.31934	-0.15468	0.30771	0.62817	0.88589	0.84354	0.67464	0.47446	0.10015	-0.48979	-1.0073	-1.3441	-1.4905	-1.2845	-1.0584	-0.84756	-0.56781	-0.43402	-0.2229	-0.0017025	0.15385	0.15181	-4.837
933.45	0.12358	0.078475	-0.050316	-0.13288	-0.21993	-0.31847	-0.39508	-0.43986	-0.31243	-0.15278	0.29631	0.62028	0.86983	0.84016	0.65516	0.48194	0.08984	-0.5032	-1.0069	-1.3313	-1.502	-1.3008	-1.0762	-0.82226	-0.58692	-0.41559	-0.23382	0.011164	0.18165	0.17747	-4.8775
934.73	0.14473	0.11122	-0.056412	-0.15737	-0.20504	-0.34972	-0.38666	-0.45402	-0.31333	-0.13564	0.31773	0.61273	0.87984	0.85227	0.6561	0.45763	0.079719	-0.49514	-1.0069	-1.3312	-1.5081	-1.3005	-1.0529	-0.85137	-0.57567	-0.44217	-0.20975	0.012397	0.17933	0.1753	-4.9397
934.95	0.1199	0.081565	-0.056936	-0.16425	-0.22877	-0.31127	-0.39472	-0.43102	-0.32145	-0.1321	0.31571	0.62239	0.8747	0.83197	0.65422	0.45755	0.069895	-0.50418	-1.0269	-1.3513	-1.5045	-1.2989	-1.0885	-0.83985	-0.59413	-0.43248	-0.23335	-0.0022134	0.1447	0.15911	-4.9397
936.22	0.12014	0.10203	-0.041742	-0.14749	-0.18493	-0.27384	-0.38643	-0.44193	-0.30355	-0.13878	0.31319	0.61462	0.88792	0.83605	0.65704	0.45878	0.069957	-0.49215	-1.019	-1.3442	-1.5085	-1.2843	-1.0381	-0.80418	-0.55773	-0.41275	-0.18512	-0.0061095	0.15944	0.17369	-4.9522
936.44	0.12807	0.11145	-0.059924	-0.17869	-0.2261	-0.29626	-0.39059	-0.43673	-0.32399	-0.12848	0.32448	0.61971	0.88441	0.83074	0.65687	0.46887	0.06351	-0.50836	-1.0234	-1.335	-1.4839	-1.3012	-1.0592	-0.83702	-0.53477	-0.40943	-0.22332	0.0052369	0.15102	0.20107	-4.9584
938.35	0.14589	0.092039	-0.03491	-0.1423	-0.23826	-0.27331	-0.39312	-0.43235	-0.30924	-0.13838	0.3108	0.62883	0.8669	0.83579	0.63107	0.45122	0.066757	-0.51965	-1.0274	-1.353	-1.5144	-1.2906	-1.0819	-0.8353	-0.59146	-0.42757	-0.20256	-0.010463	0.17867	0.17492	-4.9895
939.21	0.1262	0.10206	-0.034919	-0.14519	-0.19882	-0.3115	-0.36182	-0.43549	-0.29142	-0.13995	0.32517	0.63813	0.87702	0.85168	0.63575	0.46416	0.061566	-0.50145	-1.0232	-1.3584	-1.5036	-1.2833	-1.0527	-0.79534	-0.58036	-0.40375	-0.21942	0.016695	0.16063	0.15512	-5.0144
938.99	0.14098	0.090146	-0.062919	-0.14879	-0.19131	-0.29379	-0.37727	-0.43717	-0.29807	-0.11812	0.33437	0.63332	0.88522	0.83663	0.6482	0.44918	0.048451	-0.53731	-1.0235	-1.3538	-1.496	-1.3025	-1.0827	-0.81609	-0.56069	-0.43807	-0.22935	0.022491	0.16868	0.15673	-4.9989
937.5	0.11976	0.097124	-0.061342	-0.13942	-0.21354	-0.30847	-0.37616	-0.43617	-0.30475	-0.12686	0.32957	0.64304	0.88833	0.83828	0.64383	0.46853	0.053527	-0.52545	-1.0423	-1.3711	-1.5094	-1.3092	-1.0434	-0.80952	-0.55109	-0.40934	-0.2027	-0.0044426	0.17058	0.18604	-5.0269
936.65	0.12325	0.095322	-0.061554	-0.15731	-0.20647	-0.2879	-0.37662	-0.43336	-0.31783	-0.13552	0.33339	0.64005	0.8893	0.83583	0.65178	0.45879	0.053888	-0.52757	-1.0386	-1.364	-1.5125	-1.2898	-1.0591	-0.82717	-0.57286	-0.41872	-0.24076	0.018007	0.17733	0.16696	-5.0113
933.24	0.1137	0.10825	-0.045003	-0.13454	-0.22657	-0.32223	-0.38765	-0.43835	-0.3045	-0.1359	0.31623	0.63725	0.8959	0.85085	0.6454	0.44924	0.058886	-0.53143	-1.0501	-1.3914	-1.5294	-1.3156	-1.0444	-0.81907	-0.57018	-0.43831	-0.22432	0.028147	0.17155	0.18997	-5.0611
930.47	0.12781	0.099317	-0.068168	-0.15318	-0.22033	-0.34854	-0.39783	-0.45283	-0.29747	-0.12959	0.33949	0.64449	0.89685	0.85338	0.63694	0.45379	0.042542	-0.53498	-1.0565	-1.3903	-1.5374	-1.3211	-1.0465	-0.84583	-0.59796	-0.43006	-0.20742	-0.0015161	0.18024	0.17431	-5.0455
927.49	0.12119	0.1072	-0.06194	-0.15046	-0.22137	-0.30512	-0.39159	-0.45109	-0.32574	-0.14034	0.33642	0.65303	0.89966	0.83905	0.64569	0.44805	0.047556	-0.54373	-1.0629	-1.3983	-1.541	-1.3366	-1.0812	-0.82153	-0.58645	-0.4427	-0.20515	0.00038602	0.17097	0.17503	-5.0269
923.23	0.12033	0.079098	-0.065697	-0.13294	-0.23123	-0.3135	-0.40445	-0.43296	-0.31446	-0.13209	0.34194	0.6526	0.89736	0.85168	0.65607	0.45742	0.049507	-0.56043	-1.0739	-1.4204	-1.5541	-1.343	-1.0965	-0.81206	-0.5748	-0.43159	-0.21994	0.01729	0.17186	0.17445	-5.0673
920.46	0.13552	0.084621	-0.064246	-0.16054	-0.2173	-0.32509	-0.39413	-0.45808	-0.33472	-0.13445	0.33731	0.63563	0.89173	0.84722	0.64742	0.46909	0.045005	-0.55504	-1.085	-1.4121	-1.5523	-1.3533	-1.0646	-0.8275	-0.57196	-0.43125	-0.20478	0.014576	0.16868	0.16966	-5.0362
916.2	0.12981	0.099725	-0.042517	-0.14611	-0.23868	-0.31754	-0.40082	-0.44469	-0.31533	-0.13677	0.34645	0.64383	0.90433	0.85117	0.64149	0.45777	0.03685	-0.55723	-1.0868	-1.4223	-1.5625	-1.3625	-1.1145	-0.82973	-0.57151	-0.41557	-0.23999	-0.0075567	0.16282	0.18904	-5.0549
914.07	0.11762	0.092421	-0.062666	-0.17961	-0.22591	-0.322	-0.39553	-0.44733	-0.319	-0.13204	0.32455	0.67143	0.91119	0.85668	0.64972	0.44826	0.046972	-0.55858	-1.0923	-1.4239	-1.5646	-1.3705	-1.09	-0.82645	-0.58867	-0.42254	-0.23061	0.011376	0.16642	0.17765	-5.0362
912.37	0.12829	0.09618	-0.046117	-0.14291	-0.20465	-0.30623	-0.40115	-0.46193	-0.31632	-0.11295	0.34967	0.65856	0.91432	0.85786	0.64741	0.45041	0.024481	-0.58566	-1.1041	-1.4264	-1.5791	-1.3634	-1.0841	-0.85764	-0.57872	-0.41735	-0.22124	0.0026214	0.18728	0.17791	-5.0424
911.09	0.13006	0.078355	-0.058136	-0.15336	-0.2216	-0.2922	-0.39672	-0.4351	-0.31351	-0.12866	0.34071	0.65088	0.91722	0.83694	0.63726	0.44939	0.022949	-0.56613	-1.1087	-1.4301	-1.5663	-1.3406	-1.0733	-0.84256	-0.56992	-0.42903	-0.19206	0.04216	0.16192	0.18972	-5.0393
910.67	0.12341	0.10704	-0.049592	-0.13651	-0.23072	-0.30516	-0.39373	-0.4406	-0.31193	-0.12536	0.3371	0.66337	0.91922	0.86452	0.64292	0.4358	0.022754	-0.55186	-1.0949	-1.429	-1.5785	-1.377	-1.1012	-0.83795	-0.60475	-0.45194	-0.21014	0.017269	0.1535	0.18328	-5.0673
911.95	0.12157	0.085708	-0.066394	-0.19021	-0.23763	-0.40785	-0.39961	-0.46198	-0.30676	-0.13209	0.33289	0.65717	0.90807	0.84285	0.6637	0.44542	0.046506	-0.57874	-1.1047	-1.4217	-1.5895	-1.3589	-1.0911	-0.84819	-0.58525	-0.43672	-0.22972	-0.022284	0.15165	0.17644	-5.0549
913.22	0.12646	0.087309	-0.088261	-0.16473	-0.21888	-0.32207	-0.39894	-0.46797	-0.31764	-0.13526	0.34582	0.65298	0.89547	0.8688	0.65554	0.4618	0.043	-0.5835	-1.0889	-1.4408	-1.5692	-1.3618	-1.1202	-0.8437	-0.59522	-0.43431	-0.22086	-0.0060563	0.17168	0.16788	-5.0486
916.21	0.12085	0.088821	-0.047564	-0.18423	-0.2295	-0.3158	-0.39939	-0.46144	-0.3181	-0.13474	0.32596	0.65085	0.89589	0.84233	0.65136	0.4534	0.020648	-0.56885	-1.1171	-1.4311	-1.5937	-1.3671	-1.0993	-0.85859	-0.58693	-0.45557	-0.23322	-0.013412	0.17296	0.17055	-5.0611
919.61	0.11747	0.12024	-0.075882	-0.18024	-0.20646	-0.32324	-0.39785	-0.44961	-0.32655	-0.13738	0.3361	0.64682	0.89896	0.83571	0.64723	0.44135	0.030382	-0.57975	-1.1084	-1.4171	-1.5782	-1.3588	-1.1057	-0.86685	-0.59275	-0.45217	-0.24678	-0.024777	0.16404	0.17329	-5.0393
923.87	0.12832	0.070756	-0.055693	-0.17772	-0.23274	-0.33785	-0.39727	-0.45085	-0.31694	-0.13348	0.33096	0.66271	0.90787	0.84356	0.6388	0.42249	0.018851	-0.57358	-1.0987	-1.4385	-1.5806	-1.3366	-1.0919	-0.84509	-0.57889	-0.43245	-0.2229	-0.00012429	0.14643	0.16441	-5.0549
928.56	0.12244	0.068274	-0.051851	-0.17342	-0.22638	-0.28546	-0.39554	-0.44518	-0.30439	-0.1295	0.32718	0.64217	0.88384	0.84593	0.6266	0.42519	0.016705	-0.58162	-1.098	-1.4365	-1.5631	-1.3573	-1.0998	-0.84768	-0.58886	-0.44368	-0.21394	0.015616	0.15214	0.16813	-5.0642
931.11	0.13051	0.080277	-0.071798	-0.14173	-0.20981	-0.30183	-0.38351	-0.44248	-0.29848	-0.11898	0.32445	0.65066	0.89284	0.82538	0.632	0.42403	0.016673	-0.57632	-1.0995	-1.4187	-1.5764	-1.3375	-1.0756	-0.84833	-0.60989	-0.42646	-0.24085	0.0098471	0.16179	0.17609	-5.0642
934.95	0.12353	0.09907	-0.046902	-0.14914	-0.23561	-0.24247	-0.38513	-0.43875	-0.30537	-0.13693	0.34167	0.65826	0.89239	0.83352	0.62263	0.42239	0.013272	-0.57583	-1.0982	-1.425	-1.5426	-1.3417	-1.0747	-0.86534	-0.58757	-0.42914	-0.21737	-0.011639	0.15277	0.15746	-5.0455
938.99	0.10811	0.088328	-0.065948	-0.16353	-0.22354	-0.33426	-0.38958	-0.45512	-0.30414	-0.13464	0.33456	0.64213	0.893	0.82993	0.61607	0.42074	0.0034506	-0.58577	-1.1058	-1.4121	-1.5617	-1.3579	-1.0895	-0.83303	-0.56651	-0.43	-0.26238	0.016844	0.1785	0.17597	-5.0455
941.54	0.12882	0.11394	-0.087208	-0.16295	-0.21415	-0.30896	-0.39166	-0.45226	-0.29985	-0.11901	0.32484	0.65367	0.87977	0.84621	0.62522	0.44123	0.021572	-0.58565	-1.0932	-1.4096	-1.5621	-1.3403	-1.0944	-0.84019	-0.58779	-0.41197	-0.21268	0.0017285	0.1665	0.15305	-5.0611
942.18	0.11609	0.088055	-0.044888	-0.14985	-0.22478	-0.32425	-0.39301	-0.43725	-0.30297	-0.13246	0.31902	0.63459	0.8949	0.83905	0.62296	0.42599	0.018188	-0.57294	-1.1034	-1.4224	-1.5657	-1.3533	-1.0924	-0.81768	-0.60415	-0.45233	-0.22502	0.0056571	0.15833	0.16909	-5.0891
943.25	0.11092	0.070664	-0.062738	-0.19711	-0.22459	-0.31699	-0.39554	-0.44987	-0.29812	-0.11918	0.32198	0.64404	0.88598	0.83601	0.61508	0.42552	0.0085805	-0.57413	-1.0991	-1.4156	-1.5593	-1.3357	-1.0845	-0.82493	-0.57502	-0.43315	-0.24593	0.0082692	0.15961	0.15594	-5.0922
943.25	0.11419	0.075495	-0.069208	-0.16449	-0.22475	-0.31205	-0.38953	-0.44494	-0.30277	-0.12918	0.33834	0.64392	0.88427	0.8245	0.61859	0.42193	0.011772	-0.59369	-1.1022	-1.4242	-1.5481	-1.3423	-1.1044	-0.82806	-0.56579	-0.4206	-0.22788	0.01389	0.15785	0.15758	-5.0829
945.8	0.12837	0.082382	-0.065731	-0.16523	-0.21688	-0.29367	-0.37614	-0.43718	-0.30493	-0.12868	0.33926	0.64221	0.87403	0.81769	0.61012	0.42601	0.0051376	-0.58833	-1.1005	-1.4067	-1.536	-1.3277	-1.0341	-0.82241	-0.55079	-0.42109	-0.2354	-0.014382	0.14793	0.15712	-5.0766
947.08	0.092528	0.080593	-0.064109	-0.17175	-0.20562	-0.31747	-0.38168	-0.45296	-0.29514	-0.13035	0.32803	0.64634	0.88694	0.82461	0.61978	0.40882	0.0083804	-0.5948	-1.1067	-1.4166	-1.5467	-1.3274	-1.0966	-0.81017	-0.56496	-0.42376	-0.22716	0.019687	0.16562	0.1777	-5.0891
947.51	0.1282	0.077329	-0.062314	-0.14082	-0.22697	-0.31396	-0.37532	-0.42339	-0.292	-0.11365	0.33876	0.66125	0.89453	0.83567	0.61774	0.40214	0.013482	-0.58552	-1.0924	-1.4176	-1.5441	-1.3219	-1.0763	-0.84744	-0.56611	-0.43602	-0.20978	0.022285	0.15727	0.15999	-5.0829
948.14	0.11853	0.078859	-0.070495	-0.14069	-0.23927	-0.30332	-0.37971	-0.43453	-0.2918	-0.11857	0.33841	0.64394	0.89073	0.81889	0.61566	0.40701	0.015228	-0.58319	-1.0869	-1.403	-1.5415	-1.3304	-1.0576	-0.82816	-0.57631	-0.41218	-0.21274	0.008197	0.17036	0.16486	-5.0766
947.08	0.12999	0.089335	-0.067208	-0.1572	-0.21639	-0.33668	-0.38471	-0.44315	-0.29371	-0.13545	0.33507	0.63793	0.87923	0.81663	0.61998	0.41418	-0.0026431	-0.59067	-1.0896	-1.4163	-1.5511	-1.335	-1.0899	-0.83686	-0.60245	-0.45005	-0.21621	0.02382	0.14938	0.16352	-5.0984
948.14	0.13637	0.094383	-0.050799	-0.14235	-0.21798	-0.3363	-0.39205	-0.4345	-0.29489	-0.11369	0.34012	0.64216	0.88766	0.83043	0.62982	0.42693	0.012097	-0.57769	-1.0837	-1.3995	-1.5352	-1.3242	-1.0804	-0.80632	-0.54319	-0.41683	-0.21288	0.0082574	0.16558	0.16018	-5.1046
949.42	0.11677	0.095949	-0.072069	-0.14876	-0.23358	-0.32711	-0.38852	-0.44701	-0.30866	-0.11856	0.32888	0.63459	0.87234	0.82444	0.62544	0.4347	0.018737	-0.57683	-1.0928	-1.4026	-1.5298	-1.3193	-1.0625	-0.82386	-0.54864	-0.40861	-0.19983	-0.0016064	0.16699	0.18541	-5.0922
950.06	0.11999	0.092524	-0.036209	-0.17929	-0.22983	-0.3184	-0.38974	-0.43536	-0.30072	-0.12023	0.32315	0.6376	0.8859	0.82711	0.63021	0.42459	0.015458	-0.58348	-1.083	-1.4018	-1.5383	-1.3355	-1.0653	-0.84518	-0.55856	-0.42849	-0.24045	0.018199	0.17643	0.17571	-5.1077
951.12	0.1327	0.12675	-0.060518	-0.16443	-0.20506	-0.28169	-0.38014	-0.43493	-0.30822	-0.11839	0.33532	0.6553	0.88802	0.82633	0.62099	0.452	0.012297	-0.57914	-1.0832	-1.3967	-1.5414	-1.334	-1.0917	-0.82097	-0.53845	-0.41233	-0.23576	-0.0043615	0.17149	0.1771	-5.1233
952.4	0.11803	0.10247	-0.040931	-0.148	-0.21715	-0.32608	-0.38727	-0.43105	-0.30467	-0.12321	0.31876	0.64098	0.90108	0.82536	0.6221	0.41874	0.012331	-0.57642	-1.0969	-1.4065	-1.5424	-1.3291	-1.0905	-0.84907	-0.57955	-0.44278	-0.24016	0.0098769	0.1423	0.16589	-5.1202
952.82	0.11648	0.075151	-0.054053	-0.15151	-0.23304	-0.30872	-0.38869	-0.42768	-0.29533	-0.11145	0.33114	0.64077	0.88974	0.8332	0.62027	0.42372	-0.0037132	-0.57979	-1.0872	-1.4109	-1.5417	-1.3332	-1.0866	-0.81496	-0.56284	-0.41013	-0.21619	0.019269	0.16327	0.14348	-5.1295
952.82	0.11669	0.088892	-0.063634	-0.16291	-0.22032	-0.30356	-0.38107	-0.44892	-0.30315	-0.11843	0.32206	0.64572	0.87568	0.82673	0.61653	0.41223	0.0092551	-0.58851	-1.0951	-1.4027	-1.5499	-1.3394	-1.0789	-0.83199	-0.58859	-0.41058	-0.21337	-0.0029289	0.16785	0.15934	-5.1171
952.18	0.11788	0.087311	-0.050677	-0.16275	-0.20259	-0.32488	-0.39062	-0.42964	-0.30491	-0.13685	0.32569	0.63272	0.8841	0.80931	0.61182	0.40251	0.0026881	-0.57307	-1.1017	-1.4088	-1.554	-1.3405	-1.0661	-0.81278	-0.55185	-0.43383	-0.22765	-0.0030075	0.15819	0.16548	-5.1357
951.12	0.10683	0.088812	-0.066878	-0.15159	-0.21895	-0.32265	-0.39723	-0.43995	-0.31147	-0.12527	0.32246	0.65327	0.87074	0.82481	0.61259	0.43103	0.01391	-0.58795	-1.0909	-1.4289	-1.5511	-1.3391	-1.0808	-0.8582	-0.57159	-0.42049	-0.22931	-0.0019589	0.15708	0.15002	-5.1171
951.33	0.12798	0.077103	-0.04447	-0.15342	-0.21418	-0.31434	-0.39083	-0.44803	-0.30499	-0.12031	0.32994	0.6451	0.89126	0.81996	0.61093	0.42114	0.0078	-0.58276	-1.1014	-1.4135	-1.5507	-1.3295	-1.0415	-0.8444	-0.58053	-0.4263	-0.23267	-0.0032289	0.15202	0.16442	-5.1046
948.78	0.099042	0.080965	-0.06208	-0.16185	-0.21291	-0.32759	-0.3904	-0.43587	-0.28882	-0.1088	0.33808	0.66044	0.89708	0.82066	0.63529	0.40762	0.012696	-0.58389	-1.0952	-1.4155	-1.5548	-1.3724	-1.065	-0.83252	-0.57025	-0.41234	-0.23939	0.023659	0.1604	0.14738	-5.1513
947.71	0.1154	0.087465	-0.052463	-0.14297	-0.2233	-0.3208	-0.37846	-0.44474	-0.29995	-0.12732	0.32904	0.65605	0.88691	0.82816	0.6081	0.40815	0.009183	-0.59514	-1.1072	-1.4359	-1.5539	-1.3444	-1.118	-0.84152	-0.57703	-0.41881	-0.28098	-0.011876	0.14894	0.17296	-5.1544
945.37	0.12074	0.094339	-0.069125	-0.17213	-0.23139	-0.33406	-0.40604	-0.43816	-0.3042	-0.12127	0.32277	0.64882	0.88747	0.84325	0.62344	0.42538	0.0056234	-0.59345	-1.0979	-1.4178	-1.5625	-1.3433	-1.0895	-0.83736	-0.54838	-0.43266	-0.21759	-0.0089777	0.14305	0.15409	-5.1264
942.61	0.10937	0.065351	-0.085755	-0.14676	-0.24622	-0.32794	-0.39923	-0.44773	-0.30039	-0.13674	0.33469	0.64599	0.90078	0.83424	0.61803	0.415	0.0056252	-0.60953	-1.112	-1.4268	-1.559	-1.3486	-1.1288	-0.86166	-0.58286	-0.43216	-0.21101	-0.0064244	0.14362	0.15775	-5.1295
941.12	0.10973	0.10072	-0.059267	-0.18297	-0.22149	-0.31804	-0.39527	-0.45299	-0.30704	-0.13669	0.32609	0.64027	0.885	0.83685	0.61741	0.42214	-0.0056854	-0.61227	-1.1245	-1.4393	-1.579	-1.3471	-1.109	-0.85367	-0.59456	-0.44076	-0.23044	-0.0058541	0.14037	0.14706	-5.1326
941.12	0.11438	0.064243	-0.057908	-0.15132	-0.23394	-0.31294	-0.39211	-0.44285	-0.31165	-0.12148	0.34061	0.64884	0.89946	0.82398	0.63826	0.4139	0.012436	-0.59257	-1.1211	-1.4309	-1.5727	-1.363	-1.107	-0.84895	-0.59932	-0.44106	-0.23039	0.0099072	0.12102	0.15182	-5.1264
939.42	0.085397	0.091876	-0.090915	-0.1635	-0.2416	-0.32544	-0.40209	-0.45034	-0.31526	-0.12822	0.33059	0.64489	0.88494	0.84539	0.62216	0.42158	0.0058916	-0.59166	-1.1015	-1.4245	-1.5786	-1.3766	-1.1223	-0.8153	-0.57576	-0.42413	-0.25987	0.014117	0.15253	0.1569	-5.1295
937.08	0.10861	0.088689	-0.077834	-0.16396	-0.24393	-0.2944	-0.39525	-0.45634	-0.32562	-0.13543	0.33665	0.64813	0.89356	0.8173	0.64279	0.4255	0.010748	-0.60055	-1.1199	-1.4335	-1.5793	-1.3624	-1.0904	-0.8711	-0.56202	-0.43291	-0.23283	0.008405	0.12941	0.17491	-5.1326
934.52	0.093898	0.074762	-0.061634	-0.18067	-0.24276	-0.32003	-0.40108	-0.45262	-0.29794	-0.12913	0.32646	0.64631	0.89112	0.83284	0.6251	0.41168	0.0025288	-0.59836	-1.1227	-1.4424	-1.5914	-1.374	-1.0961	-0.83387	-0.58343	-0.45305	-0.26081	0.011157	0.15497	0.16559	-5.1419
934.31	0.12372	0.073234	-0.083162	-0.16596	-0.25161	-0.31141	-0.40879	-0.43951	-0.32337	-0.12743	0.32487	0.64483	0.89283	0.82956	0.61988	0.41841	-0.0057275	-0.595	-1.126	-1.4547	-1.5885	-1.3758	-1.0902	-0.88334	-0.58811	-0.43901	-0.24483	0.0013389	0.14653	0.16422	-5.1482
936.23	0.11178	0.065879	-0.063182	-0.17224	-0.22629	-0.32832	-0.40026	-0.45835	-0.30844	-0.13219	0.32973	0.65375	0.89744	0.82454	0.62041	0.42093	-0.0022958	-0.60987	-1.1284	-1.4379	-1.5869	-1.3554	-1.121	-0.86098	-0.60321	-0.4569	-0.26017	-0.013269	0.14606	0.16706	-5.1264
937.71	0.09998	0.079648	-0.077633	-0.14732	-0.26166	-0.29947	-0.4057	-0.44593	-0.31107	-0.12687	0.33477	0.6493	0.88642	0.83643	0.61422	0.42374	-0.0055609	-0.60185	-1.1127	-1.4475	-1.5843	-1.3754	-1.1193	-0.82196	-0.59352	-0.46096	-0.26137	-0.013117	0.1344	0.15071	-5.1575
939.2	0.11309	0.076049	-0.06927	-0.16507	-0.21313	-0.31645	-0.40343	-0.44382	-0.3057	-0.14012	0.31413	0.64306	0.89288	0.8302	0.61489	0.41302	-0.010801	-0.58126	-1.1296	-1.4573	-1.5932	-1.3607	-1.1106	-0.85161	-0.59404	-0.45209	-0.26406	0.026897	0.13743	0.15519	-5.1792
939.2	0.081694	0.04828	-0.069573	-0.16189	-0.22696	-0.33237	-0.38804	-0.45028	-0.29957	-0.12816	0.3231	0.6382	0.89941	0.84172	0.62186	0.41798	0.0058343	-0.58291	-1.1126	-1.4488	-1.5836	-1.3624	-1.0798	-0.83649	-0.58488	-0.44933	-0.22296	0.030961	0.16372	0.1549	-5.1761
939.63	0.11456	0.067466	-0.066428	-0.16503	-0.21127	-0.31675	-0.39876	-0.44853	-0.30566	-0.12823	0.31938	0.64963	0.88611	0.84792	0.63033	0.43246	0.013737	-0.59041	-1.1046	-1.4364	-1.588	-1.3648	-1.0823	-0.81394	-0.59553	-0.44433	-0.24642	0.0038717	0.16688	0.15984	-5.1606
941.33	0.10595	0.086168	-0.072846	-0.18444	-0.2159	-0.33907	-0.39358	-0.44589	-0.29546	-0.12972	0.32591	0.65194	0.89247	0.8384	0.62544	0.43343	0.0088208	-0.58188	-1.1168	-1.4325	-1.5884	-1.3673	-1.1087	-0.87383	-0.60814	-0.44205	-0.24154	0.0043019	0.14824	0.16423	-5.201
944.73	0.11898	0.08247	-0.072321	-0.15609	-0.24372	-0.31329	-0.40145	-0.44446	-0.30418	-0.12758	0.32327	0.63432	0.89717	0.81707	0.64091	0.41362	0.0055174	-0.58695	-1.108	-1.4286	-1.5682	-1.3591	-1.0964	-0.86583	-0.59803	-0.42784	-0.21997	0.033704	0.14456	0.16717	-5.173
948.35	0.090767	0.082166	-0.057503	-0.16984	-0.23198	-0.32953	-0.39661	-0.43312	-0.31702	-0.11061	0.31826	0.65054	0.89692	0.82706	0.62459	0.41531	0.020209	-0.5956	-1.1053	-1.4318	-1.575	-1.3448	-1.0676	-0.85967	-0.57936	-0.43105	-0.24922	0.027673	0.15698	0.14999	-5.1606
950.27	0.12116	0.078711	-0.073691	-0.16456	-0.22985	-0.35189	-0.39743	-0.445	-0.31458	-0.13357	0.32847	0.6307	0.89207	0.8255	0.61089	0.42766	0.010259	-0.57475	-1.1184	-1.4239	-1.5763	-1.3607	-1.1025	-0.84511	-0.5795	-0.4268	-0.25645	0.013856	0.12779	0.16759	-5.1917
951.75	0.10031	0.09552	-0.073581	-0.16656	-0.23271	-0.316	-0.40431	-0.44777	-0.31578	-0.12321	0.32432	0.63645	0.88098	0.83393	0.62385	0.41713	0.0054784	-0.59323	-1.0997	-1.4334	-1.5677	-1.3649	-1.1124	-0.85034	-0.59233	-0.43681	-0.22768	0.026865	0.13545	0.15454	-5.1823
953.46	0.11432	0.10759	-0.063599	-0.15438	-0.23778	-0.30684	-0.39721	-0.45965	-0.30258	-0.12954	0.32218	0.64401	0.88445	0.82743	0.61232	0.42299	-0.00086375	-0.59057	-1.1085	-1.4309	-1.5664	-1.3403	-1.08	-0.85477	-0.57751	-0.45	-0.25386	-0.00026767	0.15303	0.14955	-5.1761
956.22	0.1186	0.057563	-0.058377	-0.17848	-0.25292	-0.3097	-0.38734	-0.44688	-0.30952	-0.1392	0.32298	0.632	0.88017	0.81996	0.62927	0.42949	0.014965	-0.57849	-1.0978	-1.415	-1.5494	-1.3303	-1.1074	-0.84006	-0.58507	-0.4229	-0.23013	-0.0035806	0.14914	0.14889	-5.1482
957.29	0.091394	0.077774	-0.062109	-0.17641	-0.22456	-0.30049	-0.38841	-0.43701	-0.29819	-0.13074	0.32623	0.64439	0.88533	0.81736	0.62194	0.42084	0.014839	-0.5849	-1.0933	-1.4383	-1.5553	-1.3381	-1.1093	-0.82472	-0.58998	-0.43771	-0.23589	0.019403	0.15427	0.14405	-5.1948
958.99	0.12193	0.074421	-0.082529	-0.16826	-0.25414	-0.32048	-0.39213	-0.44409	-0.30409	-0.13201	0.31674	0.63835	0.87288	0.82583	0.61397	0.41692	0.00033109	-0.57316	-1.1036	-1.4088	-1.5585	-1.357	-1.0829	-0.8342	-0.57249	-0.44871	-0.23359	-0.00021425	0.15392	0.14711	-5.1668
958.56	0.10269	0.059245	-0.053545	-0.14566	-0.21388	-0.31888	-0.39684	-0.44102	-0.29793	-0.119	0.32231	0.6321	0.87501	0.81808	0.62094	0.41076	0.0069823	-0.58196	-1.0918	-1.4011	-1.5654	-1.3408	-1.0832	-0.83636	-0.56528	-0.43367	-0.22574	-0.0027975	0.1443	0.15016	-5.1886
957.29	0.093279	0.052633	-0.081193	-0.17953	-0.22827	-0.33106	-0.38527	-0.44966	-0.29358	-0.12227	0.32269	0.64118	0.87139	0.80951	0.61328	0.41124	0.0052576	-0.59161	-1.0902	-1.4096	-1.5565	-1.3488	-1.0992	-0.85572	-0.57203	-0.43267	-0.22002	-0.0043003	0.15752	0.15075	-5.1886
955.37	0.1143	0.06626	-0.061904	-0.19294	-0.25651	-0.31315	-0.39965	-0.43932	-0.31303	-0.12766	0.31991	0.62909	0.88402	0.81261	0.59723	0.41539	0.003856	-0.577	-1.0956	-1.4294	-1.5581	-1.3576	-1.0856	-0.836	-0.57942	-0.43338	-0.23784	-0.002903	0.13169	0.15088	-5.1979
954.52	0.088464	0.076418	-0.084478	-0.17527	-0.2273	-0.33227	-0.4016	-0.4429	-0.30685	-0.12771	0.30926	0.63973	0.88009	0.82153	0.60123	0.40252	0.010252	-0.58813	-1.0904	-1.4239	-1.5627	-1.3465	-1.0996	-0.82718	-0.62008	-0.43741	-0.23647	-1.199e-005	0.13827	0.14146	-5.2072
952.18	0.11311	0.09228	-0.066966	-0.14661	-0.23843	-0.3383	-0.4042	-0.45068	-0.30781	-0.13307	0.32615	0.62615	0.87153	0.82688	0.59938	0.42163	0.00053963	-0.57537	-1.1142	-1.4256	-1.5569	-1.3454	-1.0514	-0.83246	-0.61132	-0.43094	-0.22267	-0.015905	0.14045	0.14188	-5.1886
950.48	0.10518	0.066624	-0.068833	-0.16151	-0.24033	-0.29713	-0.39576	-0.44652	-0.3038	-0.1351	0.32498	0.62231	0.87623	0.8135	0.62284	0.42586	0.0070956	-0.58342	-1.1087	-1.4114	-1.5567	-1.3521	-1.0844	-0.84642	-0.58248	-0.45758	-0.24826	-0.017019	0.13395	0.15966	-5.1855
947.5	0.1071	0.073613	-0.091795	-0.15729	-0.26252	-0.35167	-0.38623	-0.44637	-0.31562	-0.13384	0.32595	0.651	0.86796	0.81797	0.61478	0.42897	0.012108	-0.58507	-1.1043	-1.4223	-1.5728	-1.3644	-1.134	-0.87681	-0.56746	-0.4544	-0.21942	-0.020131	0.15751	0.15226	-5.2072
944.74	0.12227	0.087576	-0.070681	-0.14779	-0.21882	-0.29085	-0.40428	-0.45264	-0.28835	-0.1224	0.32673	0.63619	0.87824	0.82711	0.60616	0.39896	-0.010665	-0.60465	-1.0968	-1.4437	-1.579	-1.3652	-1.0845	-0.84685	-0.61276	-0.43898	-0.2453	-0.0016514	0.15958	0.15907	-5.2196
942.82	0.1094	0.077644	-0.080883	-0.17932	-0.30719	-0.33096	-0.40512	-0.45195	-0.29843	-0.13292	0.33838	0.63411	0.88966	0.8188	0.6143	0.39974	-0.015541	-0.62175	-1.113	-1.4383	-1.5855	-1.368	-1.13	-0.84526	-0.60556	-0.45362	-0.24104	-0.024352	0.13834	0.14633	-5.2041
940.27	0.12105	0.079743	-0.074233	-0.17796	-0.26317	-0.32333	-0.40476	-0.43331	-0.31492	-0.12643	0.32821	0.64597	0.88264	0.81784	0.60548	0.41054	-0.0057903	-0.61828	-1.1361	-1.4627	-1.59	-1.3783	-1.1113	-0.85896	-0.6284	-0.43629	-0.24473	0.0070382	0.14705	0.14376	-5.2041
938.99	0.11145	0.079481	-0.082669	-0.19167	-0.24688	-0.30975	-0.38502	-0.44212	-0.30582	-0.11818	0.34359	0.64008	0.88073	0.81398	0.61163	0.41452	-0.0089701	-0.60474	-1.1452	-1.439	-1.5857	-1.3768	-1.0978	-0.8775	-0.61109	-0.47137	-0.2691	-0.013223	0.14074	0.15669	-5.201
937.71	0.095122	0.090252	-0.076195	-0.16038	-0.22916	-0.32611	-0.40443	-0.45911	-0.29999	-0.12349	0.3402	0.63925	0.88983	0.81338	0.6069	0.39854	-0.025812	-0.62517	-1.1282	-1.4667	-1.5972	-1.4183	-1.1338	-0.85476	-0.58129	-0.42319	-0.24702	-0.021792	0.15086	0.15541	-5.2165
936.22	0.11516	0.074593	-0.076368	-0.15723	-0.23336	-0.33885	-0.39857	-0.44329	-0.3067	-0.11176	0.34639	0.65569	0.87999	0.81798	0.61495	0.39918	-0.015698	-0.62437	-1.1547	-1.4738	-1.5981	-1.3744	-1.1123	-0.85946	-0.62173	-0.45887	-0.24279	-0.0090581	0.1511	0.16037	-5.2072
933.88	0.11705	0.067808	-0.060175	-0.18583	-0.2091	-0.33436	-0.38094	-0.45128	-0.30578	-0.1155	0.33974	0.67085	0.89981	0.82832	0.61299	0.41177	-0.014134	-0.62047	-1.1452	-1.4656	-1.6022	-1.362	-1.097	-0.87082	-0.61419	-0.42488	-0.24157	0.015535	0.15481	0.16403	-5.2041
933.88	0.10216	0.078127	-0.078282	-0.16919	-0.14947	-0.33592	-0.38878	-0.42786	-0.2995	-0.11866	0.33427	0.65375	0.89978	0.83323	0.60419	0.40497	-0.012658	-0.61701	-1.1344	-1.4758	-1.6117	-1.3844	-1.0739	-0.85982	-0.59301	-0.45027	-0.2385	0.024108	0.15306	0.1592	-5.2383
932.39	0.10909	0.080341	-0.074969	-0.16965	-0.23065	-0.31379	-0.39871	-0.43699	-0.30797	-0.11551	0.33502	0.65845	0.90107	0.83955	0.61212	0.41918	-0.012643	-0.62893	-1.1363	-1.4662	-1.6094	-1.3958	-1.099	-0.85657	-0.61194	-0.45703	-0.24208	0.034018	0.15991	0.17402	-5.2227
932.82	0.10568	0.069893	-0.058314	-0.16272	-0.24861	-0.30113	-0.39534	-0.44011	-0.30629	-0.12573	0.3402	0.66822	0.90215	0.83393	0.60645	0.40196	-0.02439	-0.62512	-1.1453	-1.4691	-1.6071	-1.3891	-1.1469	-0.85636	-0.61781	-0.46966	-0.2371	-0.00035871	0.14822	0.15794	-5.2134
932.39	0.1204	0.080175	-0.058476	-0.15782	-0.25411	-0.33681	-0.40651	-0.4502	-0.30792	-0.10721	0.32561	0.65477	0.89793	0.81781	0.61031	0.39218	-0.026084	-0.64321	-1.1581	-1.4764	-1.6046	-1.3864	-1.1005	-0.84557	-0.5877	-0.46672	-0.24214	0.0125	0.16645	0.15619	-5.2134
931.97	0.12886	0.081866	-0.068334	-0.1498	-0.22018	-0.33151	-0.40827	-0.44212	-0.30818	-0.12076	0.34052	0.6618	0.895	0.82984	0.60529	0.39412	-0.022778	-0.63275	-1.1602	-1.4806	-1.6215	-1.3792	-1.1577	-0.86467	-0.61081	-0.45111	-0.22458	-0.0015206	0.14513	0.16452	-5.2134
932.18	0.099129	0.082114	-0.06831	-0.17462	-0.21649	-0.32786	-0.40027	-0.45533	-0.3049	-0.10545	0.33861	0.65499	0.91245	0.82967	0.62114	0.40407	-0.012782	-0.62191	-1.1553	-1.463	-1.6097	-1.3723	-1.1257	-0.84529	-0.61069	-0.465	-0.25332	-0.01446	0.1532	0.17095	-5.2134
930.69	0.11575	0.089163	-0.065192	-0.1582	-0.23305	-0.3195	-0.39311	-0.45923	-0.30377	-0.11922	0.34848	0.67488	0.90283	0.83281	0.61677	0.40316	-0.014499	-0.65704	-1.1729	-1.4809	-1.6189	-1.3826	-1.1342	-0.87237	-0.60365	-0.42944	-0.21981	-0.024632	0.15366	0.15984	-5.2165
931.33	0.12548	0.074986	-0.061828	-0.16949	-0.21829	-0.32114	-0.40537	-0.44733	-0.31311	-0.11236	0.3352	0.67262	0.89733	0.83722	0.60934	0.40785	-0.030923	-0.6492	-1.1688	-1.4868	-1.6226	-1.3832	-1.0967	-0.86045	-0.60965	-0.44185	-0.26495	-0.013157	0.14677	0.16787	-5.2103
932.61	0.12708	0.085575	-0.061873	-0.18264	-0.22325	-0.33658	-0.40637	-0.44851	-0.30954	-0.11377	0.35134	0.66491	0.90884	0.83759	0.61743	0.39893	-0.034215	-0.63746	-1.1516	-1.488	-1.6106	-1.4067	-1.0937	-0.86744	-0.59653	-0.43322	-0.23875	0.0097633	0.16138	0.16434	-5.201
933.25	0.10712	0.073176	-0.063325	-0.1678	-0.23592	-0.32567	-0.40615	-0.43481	-0.29981	-0.10706	0.34186	0.67464	0.90981	0.83696	0.59899	0.40861	-0.017778	-0.62279	-1.1554	-1.4837	-1.6094	-1.382	-1.1145	-0.85571	-0.57773	-0.42801	-0.216	-0.018865	0.14808	0.15124	-5.2041
933.88	0.10534	0.092179	-0.059861	-0.20071	-0.20891	-0.31678	-0.3761	-0.45941	-0.31064	-0.12216	0.35268	0.67082	0.90603	0.81815	0.58284	0.38991	-0.032597	-0.64933	-1.1624	-1.4707	-1.5973	-1.3888	-1.1269	-0.83141	-0.59267	-0.44384	-0.21268	-0.02305	0.14475	0.14942	-5.2103
934.52	0.10031	0.066099	-0.069888	-0.18548	-0.24276	-0.33418	-0.40874	-0.45079	-0.30249	-0.12545	0.34511	0.677	0.89586	0.81599	0.58421	0.38151	-0.047416	-0.66836	-1.1631	-1.4885	-1.601	-1.3881	-1.1364	-0.89852	-0.59224	-0.45138	-0.25757	0.0071107	0.1447	0.15439	-5.229
934.95	0.13828	0.081636	-0.051693	-0.18057	-0.23014	-0.38389	-0.39602	-0.45058	-0.30564	-0.11006	0.35045	0.6785	0.88905	0.81567	0.58241	0.3814	-0.065727	-0.66275	-1.1782	-1.4894	-1.61	-1.3955	-1.1478	-0.86385	-0.57831	-0.45294	-0.25368	-0.011558	0.15294	0.16397	-5.2103
936.86	0.1115	0.060804	-0.081351	-0.17366	-0.2613	-0.33326	-0.40456	-0.45302	-0.29386	-0.11529	0.36445	0.67546	0.90642	0.81566	0.59677	0.38065	-0.054128	-0.65085	-1.1653	-1.4732	-1.6052	-1.3577	-1.1277	-0.86176	-0.61847	-0.41105	-0.27274	0.0085461	0.14571	0.15224	-5.2165
938.99	0.10974	0.061865	-0.076251	-0.1537	-0.22751	-0.30105	-0.40231	-0.44697	-0.3075	-0.11134	0.34527	0.66884	0.89472	0.82523	0.59211	0.36285	-0.044302	-0.65313	-1.1626	-1.4902	-1.6063	-1.3817	-1.0847	-0.86315	-0.60169	-0.47752	-0.22272	0.019834	0.13893	0.14675	-5.229
941.76	0.11589	0.093434	-0.074272	-0.19393	-0.23728	-0.29826	-0.40548	-0.4556	-0.2922	-0.11602	0.34595	0.65842	0.87161	0.81151	0.57109	0.38183	-0.047139	-0.64735	-1.1728	-1.4738	-1.6031	-1.3759	-1.1244	-0.86247	-0.61057	-0.43064	-0.25413	0.0069179	0.15174	0.16731	-5.2103
945.59	0.11893	0.079024	-0.075778	-0.17876	-0.22939	-0.31281	-0.38858	-0.44891	-0.29886	-0.12251	0.34277	0.64905	0.88697	0.80814	0.59851	0.39846	-0.027173	-0.63232	-1.1387	-1.4458	-1.5837	-1.3718	-1.1018	-0.87727	-0.58375	-0.42135	-0.22653	-0.0031819	0.13502	0.17011	-5.2165
948.35	0.11669	0.09053	-0.059096	-0.16993	-0.24832	-0.32402	-0.41194	-0.4461	-0.30607	-0.1205	0.34533	0.65215	0.89207	0.80906	0.59837	0.38943	-0.021915	-0.61625	-1.1323	-1.4449	-1.5824	-1.3381	-1.1083	-0.85499	-0.61239	-0.44472	-0.25195	-0.0073768	0.14549	0.15671	-5.229
951.33	0.118	0.075453	-0.070298	-0.184	-0.20019	-0.31779	-0.39689	-0.43962	-0.3161	-0.12505	0.31159	0.63836	0.88004	0.80159	0.60699	0.39623	-0.0039877	-0.60908	-1.129	-1.4422	-1.5839	-1.3621	-1.1231	-0.81952	-0.59098	-0.44809	-0.23567	-0.0040652	0.14032	0.15139	-5.2352
953.46	0.10801	0.074578	-0.065163	-0.18871	-0.23603	-0.31194	-0.39602	-0.44027	-0.30136	-0.12982	0.32383	0.63352	0.87191	0.80146	0.59534	0.39198	-0.015425	-0.61642	-1.1278	-1.4387	-1.5599	-1.3573	-1.0842	-0.87003	-0.59529	-0.45019	-0.24267	0.0057608	0.14987	0.1575	-5.2352
956.44	0.10927	0.088141	-0.08143	-0.1509	-0.2372	-0.31805	-0.3964	-0.44062	-0.3034	-0.12094	0.31927	0.63666	0.87831	0.81999	0.59503	0.41008	-0.0091247	-0.58168	-1.1062	-1.4227	-1.5674	-1.3594	-1.0582	-0.83362	-0.56834	-0.42277	-0.22823	0.022136	0.14448	0.1538	-5.2259
957.08	0.10915	0.083161	-0.076308	-0.16685	-0.24052	-0.30734	-0.40212	-0.43864	-0.29546	-0.12751	0.33518	0.64119	0.88541	0.80629	0.60304	0.40827	-0.015679	-0.60567	-1.1177	-1.4368	-1.5507	-1.3306	-1.0835	-0.86679	-0.5724	-0.44826	-0.21876	-0.0030109	0.13633	0.13617	-5.2227
958.57	0.12035	0.079652	-0.068016	-0.15204	-0.21384	-0.32755	-0.39392	-0.44109	-0.30116	-0.12891	0.31299	0.64014	0.86706	0.80676	0.61429	0.39127	-0.0091461	-0.61854	-1.1113	-1.4511	-1.5702	-1.3608	-1.0835	-0.83932	-0.57294	-0.44933	-0.24006	0.020596	0.15564	0.15351	-5.2445
958.57	0.11231	0.076351	-0.058444	-0.14566	-0.20348	-0.30867	-0.38324	-0.43951	-0.30573	-0.10758	0.33273	0.65673	0.86709	0.80526	0.61432	0.38642	-0.0090968	-0.6063	-1.0992	-1.4294	-1.5591	-1.3531	-1.1076	-0.83289	-0.573	-0.42008	-0.23235	-0.0030239	0.17013	0.16294	-5.2352
959.2	0.11711	0.084672	-0.071276	-0.15844	-0.2418	-0.3136	-0.3739	-0.43116	-0.29477	-0.11082	0.33786	0.66291	0.8898	0.81274	0.59839	0.39431	-0.018749	-0.62505	-1.1256	-1.4318	-1.5644	-1.3429	-1.1102	-0.8263	-0.57863	-0.41975	-0.22127	0.0094625	0.13604	0.15022	-5.2352
958.35	0.11243	0.064518	-0.068138	-0.17453	-0.23846	-0.29664	-0.40446	-0.43312	-0.3028	-0.11744	0.32214	0.64537	0.88435	0.80695	0.60062	0.39468	-0.018849	-0.61177	-1.1282	-1.4348	-1.5626	-1.3565	-1.0658	-0.85322	-0.57758	-0.45554	-0.23701	-0.0030991	0.13627	0.15194	-5.2414
956.86	0.10139	0.064531	-0.060095	-0.16515	-0.21765	-0.35882	-0.38239	-0.42893	-0.29539	-0.12582	0.32818	0.65466	0.88583	0.81959	0.61021	0.41003	-0.0091143	-0.60031	-1.1178	-1.4186	-1.5729	-1.3384	-1.0757	-0.84982	-0.59027	-0.45769	-0.21549	-0.0085701	0.13167	0.14914	-5.2538
956.01	0.11125	0.085094	-0.060144	-0.14285	-0.2458	-0.30402	-0.3964	-0.43413	-0.29245	-0.11926	0.32841	0.63534	0.8991	0.83671	0.61597	0.4169	-0.00094461	-0.57463	-1.1035	-1.4249	-1.5681	-1.3599	-1.0495	-0.84288	-0.58076	-0.42271	-0.23927	0.030552	0.1528	0.1508	-5.2538
954.95	0.10965	0.059701	-0.068273	-0.17867	-0.22893	-0.31649	-0.39227	-0.43465	-0.30536	-0.11797	0.31973	0.6443	0.8799	0.82774	0.62002	0.41407	0.024999	-0.55961	-1.0823	-1.4098	-1.5588	-1.3615	-1.0908	-0.83334	-0.5828	-0.43089	-0.24888	0.013824	0.1594	0.13837	-5.2538
956.44	0.10781	0.076198	-0.052093	-0.17171	-0.24412	-0.29004	-0.39176	-0.43876	-0.30171	-0.12265	0.31558	0.63006	0.86745	0.81036	0.61568	0.41335	0.015225	-0.57796	-1.0851	-1.4093	-1.5565	-1.3594	-1.0519	-0.83499	-0.60859	-0.42716	-0.26117	-0.00020655	0.1364	0.16018	-5.2569
