36561	27	10	88	29.9	760	3	39	-40	-221.45	256	8192	5	0	0	0	0	550.05	998.02	1.4502e+006	0.11863	-0.025676	41.396	0	0	1	0	0	0	8	0	0
738.7	-0.80531	-0.83324	-0.8986	-0.90756	-0.94306	-0.8918	-0.85404	-0.8631	-0.8662	-0.96895	-2.4512	-4.1729	-4.6469	-4.5828	-3.6385	-3.3924	-2.3906	-1.1497	0.10402	0.82862	1.1424	1.0466	0.84268	0.5895	0.3619	0.24876	0.068562	-0.16787	-0.48013	-0.56681	38.748
737.84	-0.81275	-0.84556	-0.92712	-0.95275	-0.96907	-0.93767	-0.89689	-0.8944	-0.85524	-1.0327	-2.3939	-4.1717	-4.6646	-4.5859	-3.6353	-3.4109	-2.4073	-1.1577	0.11224	0.82518	1.121	1.0499	0.82259	0.58818	0.32956	0.20165	0.048665	-0.19177	-0.47097	-0.58783	38.777
735.47	-0.84119	-0.85514	-0.94864	-0.97664	-0.95542	-0.91119	-0.90131	-0.86517	-0.82927	-0.97269	-2.3716	-4.1885	-4.6511	-4.6053	-3.6224	-3.4154	-2.4021	-1.1791	0.1225	0.84342	1.1254	1.0495	0.82133	0.59868	0.36825	0.20908	0.065407	-0.18543	-0.45504	-0.59771	38.783
734.4	-0.81727	-0.84606	-0.92413	-0.96337	-0.97601	-0.89773	-0.87306	-0.8072	-0.86391	-0.96534	-2.3253	-4.1627	-4.6501	-4.6178	-3.6258	-3.422	-2.3931	-1.1625	0.11285	0.84415	1.1346	1.0615	0.83782	0.61309	0.35886	0.22518	0.045173	-0.1957	-0.47281	-0.60073	38.794
736.76	-0.80802	-0.83927	-0.88959	-0.97939	-0.93643	-0.91217	-0.82751	-0.82939	-0.83763	-0.91517	-2.479	-4.1318	-4.6346	-4.5662	-3.6217	-3.3854	-2.3786	-1.1635	0.11698	0.82431	1.1391	1.0331	0.81784	0.5852	0.33613	0.22382	0.048094	-0.18628	-0.46714	-0.57434	38.78
738.48	-0.79942	-0.82542	-0.89404	-0.95965	-0.92978	-0.88633	-0.83876	-0.83247	-0.79502	-0.93838	-2.4126	-4.128	-4.6087	-4.5337	-3.5681	-3.3638	-2.3576	-1.1403	0.14186	0.83485	1.1339	1.0425	0.84032	0.6049	0.34872	0.20725	0.05227	-0.17544	-0.45738	-0.56451	38.748
739.77	-0.78267	-0.80638	-0.88192	-0.93294	-0.93326	-0.85962	-0.8252	-0.8249	-0.81258	-0.90678	-2.5957	-4.1063	-4.6211	-4.527	-3.57	-3.3244	-2.3161	-1.1348	0.14552	0.84436	1.1487	1.0449	0.83262	0.58623	0.37136	0.2238	0.048415	-0.18783	-0.48082	-0.56507	38.765
740.2	-0.81775	-0.80915	-0.86612	-0.91563	-0.92253	-0.87101	-0.82553	-0.80317	-0.82026	-0.92267	-2.4596	-4.1041	-4.5836	-4.5023	-3.5497	-3.3019	-2.3446	-1.1001	0.12809	0.86305	1.1298	1.0584	0.824	0.6043	0.36951	0.2315	0.06455	-0.18504	-0.46024	-0.5746	38.748
741.28	-0.80093	-0.77308	-0.83554	-0.89314	-0.91706	-0.86751	-0.83304	-0.81384	-0.82113	-0.97076	-2.5169	-4.1175	-4.555	-4.4906	-3.545	-3.3212	-2.302	-1.0949	0.15323	0.83384	1.1316	1.0653	0.84001	0.57932	0.34406	0.21517	0.061453	-0.17616	-0.47145	-0.55805	38.748
743.64	-0.77567	-0.78357	-0.83658	-0.85804	-0.87128	-0.87585	-0.81732	-0.75367	-0.7803	-0.86274	-2.4624	-4.0688	-4.5384	-4.4419	-3.5249	-3.2871	-2.3116	-1.0966	0.16598	0.86311	1.134	1.0345	0.82991	0.5986	0.34431	0.23	0.05238	-0.16278	-0.45137	-0.56576	38.626
746.65	-0.71425	-0.72274	-0.71016	-0.72543	-0.866	-0.94045	-0.95211	-0.95149	-0.89189	-0.86713	-2.2901	-4.0101	-4.4864	-4.405	-3.5032	-3.2647	-2.2744	-1.0776	0.15143	0.84935	1.1277	1.2022	0.94555	0.66179	0.22955	0.0091894	-0.24693	-0.24484	-0.40608	-0.52902	38.559
747.94	-0.79437	-0.77803	-0.8706	-0.91069	-0.92033	-0.81584	-0.73422	-0.70303	-0.67259	-0.9268	-2.2973	-4.0124	-4.4764	-4.4095	-3.4756	-3.2405	-2.2645	-1.0846	0.16727	0.86064	1.1363	0.81494	0.66824	0.46176	0.31177	0.2109	-0.012253	-0.1636	-0.48597	-0.56656	38.492
750.52	-0.73611	-0.72956	-0.73136	-0.92616	-0.82792	-0.69814	-0.81151	-0.81826	-0.80372	-0.8176	-2.3375	-3.985	-4.4714	-4.3765	-3.466	-3.2379	-2.2722	-1.066	0.15694	0.86674	1.1302	1.0987	0.86837	0.63897	0.35132	0.18458	-0.037941	-0.19506	-0.46097	-0.55797	38.425
752.23	-0.76826	-0.75336	-0.81052	-0.93434	-0.88142	-0.77962	-0.77988	-0.83505	-0.80381	-0.75909	-2.3082	-3.9837	-4.4578	-4.3587	-3.4189	-3.2164	-2.2314	-1.0589	0.17159	0.86044	1.1156	0.98803	0.76687	0.52908	0.33675	0.19798	-0.047598	-0.21324	-0.45002	-0.53528	38.314
754.81	-0.73898	-0.74426	-0.83001	-0.91611	-0.79406	-0.71795	-0.71173	-0.66796	-0.63924	-0.77146	-2.3385	-3.9344	-4.4205	-4.3295	-3.4116	-3.1743	-2.2278	-1.0442	0.15761	0.87666	1.1097	0.96898	0.71293	0.49813	0.38669	0.25429	0.15998	-0.19798	-0.45701	-0.55879	38.224
758.03	-0.75794	-0.76443	-0.84434	-0.90952	-0.81289	-0.75604	-0.68965	-0.6935	-0.71313	-0.83594	-2.2009	-3.9421	-4.4109	-4.3079	-3.3787	-3.1521	-2.2019	-1.0238	0.15917	0.84521	1.0906	1.0152	0.76712	0.54461	0.28843	0.17483	0.036952	-0.22351	-0.48114	-0.55701	38.043
760.18	-0.75398	-0.73281	-0.73837	-0.79005	-0.71311	-0.71162	-0.73929	-0.70149	-0.6639	-0.76828	-2.4221	-3.9082	-4.3413	-4.2462	-3.3083	-3.108	-2.1462	-1.001	0.18577	0.8538	1.1015	0.99288	0.77534	0.53182	0.33857	0.21747	0.11388	-0.22296	-0.4675	-0.55973	37.867
762.33	-0.71166	-0.68611	-0.82327	-0.88918	-0.78842	-0.78683	-0.72543	-0.69624	-0.67296	-0.85793	-2.2571	-3.8525	-4.3149	-4.191	-3.2814	-3.0494	-2.1033	-0.94073	0.20605	0.883	1.0912	0.9686	0.73011	0.47921	0.25144	0.14335	0.040953	-0.22095	-0.43627	-0.53377	37.729
763.4	-0.71513	-0.73897	-0.79335	-0.82322	-0.73894	-0.73837	-0.6916	-0.66715	-0.67403	-0.87201	-2.3969	-3.8238	-4.2562	-4.1363	-3.2181	-3.014	-2.0632	-0.9194	0.23039	0.88198	1.0953	1.0023	0.76361	0.5135	0.26249	0.14887	-0.010036	-0.24483	-0.45401	-0.56334	37.52
762.33	-0.73893	-0.73184	-0.76436	-0.79743	-0.79671	-0.7621	-0.78012	-0.7573	-0.77562	-0.8975	-2.1001	-3.773	-4.1778	-4.0662	-3.1705	-2.9142	-1.9866	-0.86146	0.28387	0.88487	1.1105	0.971	0.75077	0.4931	0.24984	0.1314	-0.037349	-0.23492	-0.47269	-0.54032	37.27
761.26	-0.72918	-0.73957	-0.73725	-0.77633	-0.76705	-0.74764	-0.76444	-0.74247	-0.73852	-0.86841	-2.1995	-3.7059	-4.1468	-3.9947	-3.0926	-2.8591	-1.9161	-0.81883	0.30927	0.90517	1.0982	0.97395	0.72517	0.48792	0.20678	0.067756	-0.063064	-0.25923	-0.44017	-0.55263	37.096
760.61	-0.70086	-0.72489	-0.78243	-0.77662	-0.78495	-0.75522	-0.72059	-0.69061	-0.71541	-0.80015	-2.1269	-3.6798	-4.0782	-3.9272	-3.0263	-2.794	-1.8834	-0.76009	0.33032	0.92501	1.0916	0.90707	0.66497	0.43194	0.19976	0.054475	-0.088601	-0.26847	-0.46768	-0.53116	36.827
756.96	-0.68433	-0.70606	-0.71416	-0.71863	-0.75125	-0.68093	-0.62889	-0.65644	-0.68851	-0.70722	-2.2761	-3.6416	-4.0626	-3.9013	-2.9829	-2.7565	-1.8474	-0.75454	0.33572	0.91885	1.0748	0.93358	0.66664	0.42296	0.17988	0.035517	-0.096272	-0.30481	-0.4842	-0.56195	36.566
754.38	-0.67657	-0.7091	-0.67484	-0.72298	-0.72289	-0.65887	-0.60058	-0.64918	-0.648	-0.74263	-2.2504	-3.6331	-4.0515	-3.8529	-2.9905	-2.7287	-1.8212	-0.7179	0.3275	0.90098	1.0488	0.9129	0.67894	0.42763	0.18205	0.031056	-0.10272	-0.28154	-0.46935	-0.54578	36.292
750.3	-0.68281	-0.68255	-0.72137	-0.71542	-0.7139	-0.62139	-0.61967	-0.54965	-0.56804	-0.75963	-2.3014	-3.6266	-3.9989	-3.8364	-2.9273	-2.7037	-1.7626	-0.67906	0.37903	0.9117	1.0479	0.90333	0.65148	0.40699	0.1585	0.049291	-0.06206	-0.28637	-0.45908	-0.55085	36.012
749.02	-0.64431	-0.68744	-0.71423	-0.71072	-0.68797	-0.61073	-0.60204	-0.60021	-0.60071	-0.8227	-2.3089	-3.5938	-4.0172	-3.7551	-2.8633	-2.6035	-1.7339	-0.63161	0.40719	0.94553	1.0703	0.90887	0.66656	0.40967	0.16886	0.033554	-0.10148	-0.30135	-0.4474	-0.52695	35.68
749.23	-0.63961	-0.67875	-0.71993	-0.73498	-0.70811	-0.65057	-0.59967	-0.62309	-0.64597	-0.79702	-2.1187	-3.5732	-3.982	-3.7162	-2.8228	-2.565	-1.6518	-0.58572	0.43455	0.97085	1.0984	0.89129	0.62349	0.36808	0.142	0.034045	-0.14511	-0.32756	-0.51356	-0.53479	35.341
748.37	-0.67933	-0.65085	-0.70853	-0.72117	-0.69678	-0.62427	-0.62385	-0.62592	-0.62093	-0.80459	-2.2441	-3.5792	-3.95	-3.6747	-2.7662	-2.5117	-1.5998	-0.53253	0.45626	0.99346	1.073	0.89015	0.61601	0.34894	0.12499	0.00018608	-0.11765	-0.34192	-0.52238	-0.5414	34.977
749.66	-0.62007	-0.66871	-0.69628	-0.71174	-0.69088	-0.64482	-0.65369	-0.60995	-0.64771	-0.85688	-2.1761	-3.5741	-3.901	-3.5884	-2.6989	-2.4316	-1.5571	-0.48243	0.5078	0.9957	1.0734	0.87866	0.61087	0.34617	0.10218	-0.033064	-0.14915	-0.33966	-0.48613	-0.52829	34.606
751.81	-0.59045	-0.6025	-0.63326	-0.65062	-0.65159	-0.61081	-0.60182	-0.58363	-0.57224	-0.80242	-2.0174	-3.5115	-3.8538	-3.5348	-2.6211	-2.3682	-1.4699	-0.43866	0.51187	0.99284	1.0762	0.86985	0.58179	0.32339	0.092339	-0.021026	-0.15267	-0.33892	-0.48692	-0.51087	34.216
753.1	-0.56549	-0.55014	-0.61788	-0.62065	-0.62149	-0.54829	-0.51755	-0.55349	-0.50359	-0.80516	-2.3407	-3.4916	-3.8083	-3.4547	-2.5573	-2.2811	-1.4096	-0.38448	0.53594	0.9935	1.0463	0.84863	0.58301	0.30344	0.099714	-0.032923	-0.14649	-0.32622	-0.45131	-0.48411	33.812
755.67	-0.56331	-0.57659	-0.5677	-0.57228	-0.57341	-0.53132	-0.49625	-0.52963	-0.45169	-0.88452	-2.5122	-3.4722	-3.7683	-3.3981	-2.512	-2.2221	-1.3514	-0.32798	0.54569	0.97765	1.0211	0.81462	0.5543	0.28317	0.061576	-0.04239	-0.17372	-0.31793	-0.47245	-0.48864	33.431
757.82	-0.55171	-0.56188	-0.58412	-0.55248	-0.54095	-0.49672	-0.49279	-0.47965	-0.44589	-0.91018	-2.1726	-3.4697	-3.7307	-3.2989	-2.42	-2.1482	-1.297	-0.29186	0.5999	0.9983	1.0297	0.81007	0.54278	0.28637	0.065378	-0.060495	-0.16749	-0.30839	-0.44637	-0.49955	33.016
759.75	-0.54608	-0.5651	-0.55601	-0.53895	-0.55076	-0.47222	-0.48085	-0.47577	-0.49055	-0.97123	-2.5686	-3.4397	-3.6881	-3.2298	-2.3555	-2.0488	-1.199	-0.22932	0.62489	0.99786	1.0196	0.79489	0.50425	0.24271	0.036969	-0.059408	-0.17338	-0.33411	-0.44777	-0.48593	32.614
764.26	-0.5414	-0.55718	-0.55138	-0.53815	-0.54088	-0.50003	-0.47925	-0.50211	-0.47331	-1.0172	-1.9487	-3.3995	-3.6084	-3.1482	-2.2401	-1.9473	-1.1193	-0.17557	0.65014	1.0276	1.0079	0.76482	0.48121	0.21982	0.026959	-0.079109	-0.20693	-0.3529	-0.44468	-0.4892	32.19
766.83	-0.55742	-0.54259	-0.53969	-0.52389	-0.55253	-0.496	-0.47467	-0.46904	-0.44481	-1.1017	-2.542	-3.3642	-3.5098	-3.0455	-2.1671	-1.8885	-1.0392	-0.10712	0.69771	1.0207	0.99723	0.74858	0.49033	0.21781	0.0073343	-0.078547	-0.19435	-0.33415	-0.47361	-0.4952	31.764
769.4	-0.5168	-0.51524	-0.52641	-0.5207	-0.52414	-0.47006	-0.46442	-0.45228	-0.44334	-1.113	-2.6136	-3.3324	-3.4883	-2.9575	-2.0939	-1.7746	-0.98913	-0.056724	0.71006	1.0218	0.97664	0.71259	0.46615	0.21314	0.021959	-0.085648	-0.2079	-0.33809	-0.4599	-0.45732	31.312
770.69	-0.49362	-0.48281	-0.49718	-0.48741	-0.4761	-0.42693	-0.41557	-0.42567	-0.44565	-1.2046	-2.2049	-3.3436	-3.4348	-2.8782	-2.0115	-1.7219	-0.93534	-0.021693	0.71803	1.0174	0.94961	0.69323	0.44138	0.18357	-0.031435	-0.13544	-0.22257	-0.34383	-0.40253	-0.42937	30.859
770.48	-0.47546	-0.43738	-0.47946	-0.45812	-0.44965	-0.40969	-0.38411	-0.40889	-0.40058	-1.272	-3.1184	-3.3272	-3.4087	-2.8482	-1.9883	-1.6616	-0.88813	-0.0095161	0.71766	1.0071	0.92778	0.68342	0.40438	0.17558	0.0029209	-0.093777	-0.19439	-0.33826	-0.43008	-0.43601	30.42
772.62	-0.46392	-0.48357	-0.45598	-0.44444	-0.40929	-0.36192	-0.38269	-0.37597	-0.3993	-1.323	-2.6731	-3.2985	-3.3766	-2.767	-1.9227	-1.5896	-0.83503	0.040314	0.76645	1.0124	0.91885	0.67581	0.38725	0.17082	-0.033088	-0.12266	-0.22875	-0.33225	-0.38249	-0.42507	30.037
775.84	-0.44786	-0.46059	-0.41672	-0.40227	-0.38387	-0.37533	-0.40238	-0.38616	-0.42307	-1.4029	-2.9021	-3.2593	-3.2925	-2.6792	-1.829	-1.5103	-0.76078	0.09659	0.76514	1.01	0.92706	0.66518	0.40822	0.17275	-0.030153	-0.10993	-0.21784	-0.33075	-0.41845	-0.4153	29.608
779.7	-0.4256	-0.41833	-0.43254	-0.42136	-0.43978	-0.39584	-0.42326	-0.40635	-0.45438	-1.4014	-2.8509	-3.2023	-3.2038	-2.6099	-1.7485	-1.4544	-0.69968	0.13707	0.79645	1.0346	0.91495	0.64672	0.37981	0.13836	-0.023724	-0.12013	-0.19312	-0.32871	-0.37976	-0.41523	29.235
783.57	-0.41996	-0.44309	-0.44965	-0.47631	-0.44738	-0.43656	-0.3951	-0.41774	-0.48451	-1.3717	-2.6574	-3.1775	-3.1774	-2.545	-1.7016	-1.3736	-0.63448	0.17244	0.80757	1.0248	0.91169	0.6436	0.35858	0.10917	-0.055173	-0.15063	-0.23678	-0.36807	-0.41399	-0.40343	28.811
787	-0.42148	-0.39199	-0.4516	-0.43709	-0.43939	-0.43055	-0.38394	-0.41588	-0.48579	-1.4037	-2.6776	-3.1615	-3.1159	-2.4798	-1.6268	-1.3259	-0.59227	0.18861	0.80345	1.0236	0.89608	0.61193	0.3329	0.096854	-0.039104	-0.12729	-0.20882	-0.34824	-0.38713	-0.38693	28.42
789.79	-0.3692	-0.36788	-0.38354	-0.40062	-0.39736	-0.36845	-0.3698	-0.37148	-0.41988	-1.4584	-2.6874	-3.1278	-3.0795	-2.4034	-1.5907	-1.2908	-0.56415	0.20911	0.8025	0.98753	0.85121	0.58735	0.33915	0.10974	-0.058833	-0.13438	-0.21396	-0.29918	-0.35174	-0.36388	27.959
791.08	-0.32565	-0.31982	-0.33403	-0.36712	-0.35032	-0.33006	-0.32672	-0.32773	-0.44058	-1.5154	-2.6302	-3.106	-3.0307	-2.3717	-1.5545	-1.2471	-0.52942	0.23019	0.82532	0.99002	0.84412	0.59206	0.33155	0.085718	-0.061991	-0.12277	-0.20771	-0.2761	-0.31441	-0.30578	27.541
791.08	-0.32565	-0.32804	-0.33605	-0.33986	-0.32919	-0.30924	-0.3103	-0.29651	-0.47003	-1.4935	-2.6064	-3.0735	-2.9683	-2.3184	-1.4584	-1.1716	-0.45662	0.30022	0.85441	1.0143	0.84407	0.5752	0.30774	0.083808	-0.065556	-0.14125	-0.21328	-0.29007	-0.31207	-0.30384	27.161
791.72	-0.31586	-0.35239	-0.30287	-0.32399	-0.34354	-0.33213	-0.31546	-0.29806	-0.49577	-1.5199	-2.5542	-3.0247	-2.8978	-2.2341	-1.407	-1.0919	-0.40714	0.36149	0.86301	0.99742	0.82623	0.57843	0.29975	0.077791	-0.069348	-0.13788	-0.18838	-0.28303	-0.30996	-0.32859	26.763
791.72	-0.3139	-0.32372	-0.32645	-0.31988	-0.33921	-0.31736	-0.3006	-0.31929	-0.60424	-1.5502	-2.5109	-3.0087	-2.8677	-2.1574	-1.3572	-1.0464	-0.35824	0.36552	0.89777	1.0074	0.81689	0.53919	0.27839	0.063365	-0.10515	-0.15984	-0.23566	-0.29628	-0.3217	-0.30887	26.286
791.72	-0.32317	-0.32388	-0.3535	-0.357	-0.36867	-0.34864	-0.31521	-0.30179	-0.63237	-1.5457	-2.5108	-2.9728	-2.8226	-2.1184	-1.294	-0.99887	-0.31451	0.39962	0.90188	0.99401	0.81504	0.49653	0.27047	0.0371	-0.099395	-0.16179	-0.24297	-0.30978	-0.32743	-0.32408	25.906
791.07	-0.32783	-0.33803	-0.30897	-0.35914	-0.35485	-0.30913	-0.29883	-0.28828	-0.58131	-1.6075	-2.5283	-2.9615	-2.7858	-2.0729	-1.2597	-0.95033	-0.27563	0.41529	0.89902	0.99505	0.78393	0.50624	0.24332	0.03924	-0.11766	-0.16602	-0.26633	-0.31039	-0.33145	-0.31713	25.503
788.93	-0.31856	-0.31223	-0.32276	-0.33823	-0.33894	-0.31466	-0.28312	-0.2865	-0.6731	-1.6288	-2.5398	-2.9657	-2.759	-2.0353	-1.2135	-0.89814	-0.23287	0.45234	0.91071	0.99143	0.77817	0.50412	0.2323	0.02835	-0.10913	-0.16962	-0.22491	-0.30758	-0.32694	-0.31817	25.087
787.21	-0.28654	-0.31313	-0.3147	-0.32529	-0.30159	-0.27727	-0.30362	-0.29085	-0.71126	-1.6188	-2.5108	-2.9541	-2.7158	-1.9563	-1.1594	-0.83043	-0.20975	0.50031	0.92594	1.0037	0.77437	0.49678	0.25641	0.018521	-0.10608	-0.16543	-0.2212	-0.24648	-0.31193	-0.30345	24.667
784.21	-0.30255	-0.31447	-0.31881	-0.32595	-0.3111	-0.28505	-0.28329	-0.25903	-0.67639	-1.6304	-2.5026	-2.9264	-2.6993	-1.9404	-1.1173	-0.79122	-0.17084	0.50608	0.92507	0.99699	0.7604	0.46731	0.22538	0.01493	-0.11574	-0.16893	-0.24644	-0.30126	-0.30511	-0.31601	24.288
783.78	-0.28398	-0.27529	-0.29506	-0.30199	-0.28374	-0.22562	-0.24369	-0.26089	-0.67357	-1.6588	-2.4769	-2.8895	-2.6437	-1.8624	-1.0605	-0.74385	-0.11929	0.53874	0.94814	1.0024	0.7547	0.47088	0.20392	-0.020945	-0.15443	-0.211	-0.25457	-0.29535	-0.28049	-0.29459	23.924
782.71	-0.29577	-0.26497	-0.28434	-0.31174	-0.26001	-0.2559	-0.20783	-0.23064	-0.75754	-1.6342	-2.4767	-2.8559	-2.6137	-1.8095	-1.0143	-0.70491	-0.071975	0.56946	0.96384	0.98935	0.73843	0.42491	0.20303	-0.0042348	-0.11752	-0.16514	-0.19917	-0.28109	-0.29082	-0.26786	23.509
781.85	-0.24719	-0.24489	-0.26815	-0.25714	-0.24677	-0.23911	-0.23213	-0.26186	-0.8325	-1.6277	-2.4622	-2.8241	-2.5538	-1.7818	-0.94124	-0.6628	-0.022485	0.58092	0.97264	0.99471	0.72599	0.41914	0.1667	-0.022849	-0.13921	-0.21324	-0.27757	-0.29079	-0.25036	-0.25735	23.138
779.28	-0.24194	-0.25606	-0.25453	-0.25068	-0.26768	-0.20538	-0.20074	-0.22768	-0.83889	-1.5917	-2.4543	-2.8085	-2.5081	-1.7096	-0.8951	-0.61018	0.0057987	0.62737	0.99836	1.0122	0.74563	0.41796	0.18242	-0.017613	-0.13301	-0.19527	-0.24305	-0.28426	-0.25156	-0.25462	22.75
777.35	-0.2349	-0.2378	-0.25659	-0.26668	-0.23787	-0.21462	-0.21257	-0.23392	-0.83755	-1.6932	-2.4381	-2.7703	-2.4529	-1.6639	-0.86836	-0.5397	0.066848	0.67575	1.0128	1.0098	0.72575	0.41529	0.14955	-0.041953	-0.17138	-0.19784	-0.23146	-0.27346	-0.25603	-0.26697	22.391
775.42	-0.21942	-0.22362	-0.23324	-0.1937	-0.18236	-0.18359	-0.19252	-0.22778	-0.86077	-1.7299	-2.4375	-2.775	-2.4352	-1.6218	-0.81095	-0.49281	0.095018	0.67796	1.0138	0.99383	0.69096	0.39742	0.16437	-0.040136	-0.16984	-0.22609	-0.2407	-0.25788	-0.23255	-0.23121	21.928
773.92	-0.19394	-0.21325	-0.22774	-0.17388	-0.20001	-0.15646	-0.17368	-0.27108	-0.91373	-1.7718	-2.4229	-2.7127	-2.3806	-1.5309	-0.76343	-0.44008	0.12748	0.70058	1.014	0.97484	0.67655	0.35399	0.11837	-0.072757	-0.17417	-0.23415	-0.25075	-0.28419	-0.22722	-0.22449	21.552
772.2	-0.20624	-0.21617	-0.19411	-0.19051	-0.15889	-0.1464	-0.15372	-0.26237	-0.93967	-1.8167	-2.4101	-2.6962	-2.3184	-1.4858	-0.72041	-0.39824	0.16187	0.73694	1.0144	0.96869	0.66252	0.3414	0.10456	-0.071059	-0.17279	-0.21187	-0.24377	-0.27932	-0.2419	-0.21949	21.146
771.13	-0.20437	-0.18884	-0.16659	-0.12095	-0.15324	-0.12117	-0.14987	-0.31634	-0.99592	-1.7868	-2.3694	-2.6592	-2.2719	-1.4285	-0.67244	-0.36098	0.19647	0.74809	1.0064	0.96614	0.64399	0.33615	0.11235	-0.088279	-0.18565	-0.23881	-0.24997	-0.27537	-0.23622	-0.21745	20.775
770.49	-0.18674	-0.20385	-0.15264	-0.09882	-0.13431	-0.13442	-0.15777	-0.30729	-0.94848	-1.7497	-2.3831	-2.6268	-2.2391	-1.3773	-0.63898	-0.32464	0.20849	0.77102	1.0225	0.94201	0.61552	0.31137	0.094698	-0.080793	-0.21177	-0.24463	-0.2614	-0.26317	-0.21237	-0.20753	20.356
770.06	-0.16274	-0.17204	-0.15046	-0.14702	-0.16273	-0.13369	-0.11833	-0.37564	-1.0072	-1.8134	-2.3426	-2.5789	-2.1789	-1.3557	-0.57545	-0.27175	0.25692	0.78039	1.0116	0.94447	0.61418	0.28838	0.058491	-0.10955	-0.20805	-0.21568	-0.25375	-0.27366	-0.22452	-0.18386	19.968
769.84	-0.16249	-0.13643	-0.15843	-0.15914	-0.19296	-0.14037	-0.14151	-0.37397	-1.0792	-1.8311	-2.3105	-2.5367	-2.139	-1.2853	-0.54318	-0.21724	0.2998	0.8114	1.0123	0.93866	0.61631	0.29852	0.054586	-0.14241	-0.20856	-0.2353	-0.23868	-0.28755	-0.20459	-0.17971	19.571
769.41	-0.13249	-0.14884	-0.1388	-0.17163	-0.17718	-0.14077	-0.17644	-0.43867	-1.1029	-1.7736	-2.3338	-2.5194	-2.1013	-1.2396	-0.53037	-0.20907	0.30967	0.82907	1.0071	0.92264	0.55797	0.26738	0.044499	-0.14817	-0.23271	-0.26419	-0.25444	-0.28561	-0.20047	-0.1901	19.15
769.2	-0.13046	-0.12138	-0.16489	-0.15812	-0.16242	-0.12823	-0.16759	-0.47761	-1.0901	-1.9175	-2.3098	-2.502	-2.069	-1.2122	-0.48162	-0.17922	0.33975	0.81593	1.0259	0.90788	0.55421	0.23829	0.0060107	-0.14417	-0.24737	-0.25696	-0.28293	-0.27039	-0.18687	-0.16281	18.725
768.77	-0.11311	-0.11298	-0.1776	-0.12336	-0.12191	-0.11651	-0.14663	-0.55034	-1.1227	-1.8442	-2.2731	-2.4477	-2.0144	-1.1327	-0.41571	-0.11222	0.37441	0.8364	1.0302	0.89878	0.53933	0.20412	-0.0015677	-0.16377	-0.23067	-0.25284	-0.26582	-0.2535	-0.18036	-0.15248	18.33
770.7	-0.10671	-0.12591	-0.12488	-0.11528	-0.11231	-0.1214	-0.1333	-0.54641	-1.1474	-1.9006	-2.2457	-2.376	-1.9306	-1.0753	-0.35059	-0.049425	0.42394	0.87978	1.0054	0.89217	0.5186	0.23256	-0.011708	-0.17857	-0.25299	-0.25607	-0.24069	-0.26461	-0.18796	-0.1228	17.944
771.77	-0.12626	-0.10648	-0.11842	-0.074798	-0.11537	-0.089683	-0.11213	-0.54089	-1.1182	-1.8772	-2.2247	-2.3334	-1.8679	-1.0354	-0.31765	-0.014585	0.47171	0.87638	1.0119	0.85797	0.50004	0.19382	-0.015605	-0.19908	-0.27391	-0.2614	-0.2626	-0.26062	-0.18745	-0.11862	17.496
773.7	-0.1221	-0.12113	-0.082017	-0.079243	-0.10424	-0.077775	-0.14074	-0.60254	-1.1214	-1.8424	-2.1791	-2.2943	-1.8147	-0.95467	-0.26138	0.0094222	0.4727	0.90412	1.0089	0.85371	0.46219	0.15498	-0.035894	-0.20004	-0.26406	-0.28726	-0.25312	-0.25158	-0.17125	-0.16983	17.051
775.2	-0.12617	-0.11454	-0.10179	-0.11229	-0.10278	-0.10341	-0.14053	-0.66411	-1.1429	-1.8255	-2.1347	-2.2198	-1.747	-0.90065	-0.2142	0.077943	0.50557	0.89628	0.98606	0.82888	0.43584	0.14501	-0.073947	-0.21573	-0.28778	-0.29417	-0.30788	-0.28203	-0.1973	-0.15196	16.671
775.42	-0.114	-0.10856	-0.083482	-0.092416	-0.13088	-0.086533	-0.13702	-0.67505	-1.1998	-1.7903	-2.0941	-2.1332	-1.6698	-0.83582	-0.1565	0.14204	0.56157	0.90429	0.99904	0.81421	0.43616	0.12386	-0.065557	-0.22095	-0.27295	-0.2812	-0.26378	-0.26712	-0.18112	-0.14751	16.251
776.06	-0.08008	-0.089307	-0.064233	-0.076856	-0.10479	-0.08207	-0.1592	-0.68747	-1.0981	-1.766	-2.0479	-2.0906	-1.5893	-0.75295	-0.096348	0.17251	0.58501	0.94935	0.99292	0.78935	0.40847	0.095247	-0.089362	-0.2332	-0.29419	-0.28624	-0.28462	-0.24678	-0.16651	-0.14568	15.792
778.42	-0.066203	-0.067829	-0.082522	-0.082779	-0.076903	-0.092072	-0.16608	-0.71339	-1.1355	-1.7424	-2.0179	-2.0618	-1.5425	-0.71834	-0.05536	0.20644	0.61629	0.92449	0.96954	0.78917	0.39029	0.087499	-0.10201	-0.23709	-0.29909	-0.2854	-0.28946	-0.26258	-0.17029	-0.082932	15.398
782.49	-0.058357	-0.082609	-0.097831	-0.084129	-0.078771	-0.060568	-0.21115	-0.70888	-1.1749	-1.7201	-1.9572	-1.9841	-1.4659	-0.64351	-0.014176	0.26117	0.62816	0.94145	0.96195	0.74788	0.35876	0.052554	-0.10497	-0.25902	-0.2817	-0.30698	-0.27978	-0.25584	-0.13792	-0.085398	14.949
785.92	-0.058575	-0.065835	-0.069642	-0.066032	-0.063926	-0.066505	-0.21017	-0.70669	-1.1265	-1.6839	-1.9282	-1.9099	-1.4055	-0.59693	0.015822	0.27141	0.63953	0.93965	0.94718	0.73166	0.3249	0.060474	-0.14166	-0.27442	-0.31165	-0.29765	-0.25473	-0.23951	-0.13428	-0.084575	14.528
788.28	-0.05242	-0.055387	-0.067155	-0.044439	-0.06522	-0.062191	-0.22605	-0.76054	-1.1201	-1.6622	-1.8787	-1.872	-1.345	-0.5515	0.051634	0.31099	0.68073	0.94528	0.94229	0.70937	0.30497	0.020004	-0.14958	-0.28481	-0.3022	-0.29729	-0.26159	-0.25212	-0.11895	-0.058832	14.069
790	-0.032476	-0.063291	-0.03379	-0.019499	-0.069262	-0.041564	-0.28108	-0.72519	-1.1375	-1.6306	-1.8289	-1.8234	-1.2774	-0.47724	0.11273	0.36158	0.69911	0.96063	0.94425	0.69977	0.27572	0.005133	-0.15888	-0.29173	-0.31336	-0.32063	-0.259	-0.23448	-0.11894	-0.097919	13.658
791.93	-0.016463	-0.034136	-0.033111	-0.027443	-0.03374	-0.020091	-0.24539	-0.76069	-1.0902	-1.6005	-1.7547	-1.729	-1.1935	-0.41981	0.1745	0.42006	0.74862	0.96815	0.94517	0.68637	0.27682	-0.011545	-0.17228	-0.2869	-0.31603	-0.28986	-0.2694	-0.23252	-0.14074	-0.072563	13.215
795.14	-0.030495	-0.036331	0.0012378	-0.011385	-0.040199	-0.022629	-0.32868	-0.72836	-1.0721	-1.5566	-1.7223	-1.664	-1.117	-0.37317	0.21885	0.43886	0.78253	0.98732	0.93202	0.65285	0.26004	-0.02327	-0.1954	-0.30509	-0.32773	-0.30473	-0.26677	-0.22174	-0.12844	-0.058744	12.804
797.29	-0.030269	-0.019877	0.020901	0.016864	-0.018443	-0.047285	-0.29965	-0.78055	-1.0612	-1.5421	-1.6807	-1.6054	-1.0657	-0.30193	0.25171	0.495	0.77072	0.97384	0.90263	0.63706	0.22041	-0.039921	-0.18894	-0.31879	-0.31917	-0.30653	-0.25671	-0.20889	-0.10714	-0.077741	12.338
798.15	-0.014672	-0.015779	0.006772	0.011647	-0.00099013	-0.019462	-0.34582	-0.72494	-1.0681	-1.5143	-1.638	-1.5818	-1.0064	-0.25839	0.28293	0.50239	0.79509	0.98555	0.90909	0.61258	0.19	-0.077019	-0.20377	-0.29615	-0.32926	-0.31188	-0.27497	-0.21507	-0.090546	-0.092074	11.917
798.79	0.014531	0.027288	0.0051035	0.025991	-0.019909	0.009596	-0.37929	-0.75389	-1.0282	-1.495	-1.589	-1.4943	-0.94353	-0.19802	0.34487	0.55087	0.82027	0.97854	0.89023	0.60198	0.17136	-0.078649	-0.21936	-0.31962	-0.33409	-0.31529	-0.25593	-0.21518	-0.05742	-0.059845	11.484
798.79	0.037051	0.024913	0.021109	0.031816	-0.0070711	0.0089958	-0.35601	-0.74197	-1.1101	-1.4776	-1.5506	-1.437	-0.87865	-0.16514	0.34647	0.59147	0.83705	0.99292	0.86786	0.57529	0.13731	-0.11576	-0.25432	-0.36052	-0.3434	-0.30589	-0.24674	-0.21358	-0.063662	-0.022216	11.057
798.15	0.031362	0.036659	0.054283	0.049185	0.015564	-0.031915	-0.38594	-0.7371	-1.069	-1.457	-1.5158	-1.3809	-0.83096	-0.11293	0.40858	0.60935	0.86864	0.96435	0.86318	0.53391	0.12228	-0.13289	-0.24489	-0.34974	-0.36178	-0.30136	-0.25656	-0.19412	-0.069626	-0.0035619	10.64
798.58	0.056519	0.037334	0.053544	0.033505	0.044953	-0.048682	-0.40611	-0.76438	-1.0097	-1.3929	-1.4525	-1.3025	-0.76158	-0.025247	0.46002	0.65805	0.8817	0.9869	0.85919	0.53364	0.10117	-0.14627	-0.26055	-0.34756	-0.33633	-0.3027	-0.26724	-0.17024	-0.044378	0.0059293	10.21
798.58	0.050964	0.035703	0.052043	0.039434	0.040669	-0.034266	-0.39802	-0.77777	-1.0014	-1.389	-1.3926	-1.2487	-0.70361	-0.0099279	0.49711	0.71065	0.89744	0.9744	0.82297	0.52349	0.075077	-0.17548	-0.29726	-0.34946	-0.32764	-0.28572	-0.25995	-0.20554	-0.044207	-0.0073991	9.7281
798.79	0.051065	0.04982	0.079283	0.062505	-0.00065851	-0.079604	-0.4315	-0.74833	-1.1195	-1.3791	-1.3668	-1.1929	-0.62317	0.035081	0.51561	0.70305	0.9169	0.96194	0.79543	0.45908	0.050422	-0.18823	-0.30883	-0.4013	-0.34028	-0.32826	-0.24658	-0.19698	-0.021605	0.011505	9.3248
799.01	0.0745	0.080603	0.098432	0.053192	0.036937	-0.098129	-0.45117	-0.72593	-0.9817	-1.3212	-1.3275	-1.1412	-0.58765	0.091402	0.54879	0.7283	0.91435	0.976	0.80074	0.43916	0.012844	-0.21843	-0.31817	-0.40461	-0.37369	-0.34281	-0.26147	-0.16614	-0.037956	-0.0068618	8.8889
796.86	0.086414	0.079029	0.10271	0.081865	0.024396	-0.084151	-0.44459	-0.74344	-1.05	-1.3193	-1.2557	-1.104	-0.51044	0.1387	0.6002	0.78159	0.9467	0.99588	0.77757	0.43876	-0.0093652	-0.22019	-0.3251	-0.39661	-0.35151	-0.30491	-0.24191	-0.17384	-0.022538	0.023863	8.4598
794.93	0.10548	0.094108	0.084581	0.090246	0.013537	-0.086576	-0.4535	-0.76086	-1.0712	-1.297	-1.2111	-1.0448	-0.46831	0.18569	0.6306	0.81519	0.93585	0.96063	0.73972	0.39332	-0.020969	-0.27326	-0.3771	-0.43279	-0.38289	-0.32215	-0.25931	-0.17939	-0.013116	0.016916	8.008
792.78	0.088966	0.057733	0.11129	0.079015	-0.0012066	-0.14498	-0.45482	-0.74274	-1.0721	-1.2705	-1.2089	-0.9815	-0.42682	0.21789	0.64365	0.80954	0.95246	0.93997	0.70155	0.35167	-0.089181	-0.30257	-0.39027	-0.44954	-0.3874	-0.3553	-0.2566	-0.1764	0.0076928	0.044087	7.5795
791.5	0.089763	0.089975	0.11001	0.099031	-0.0089127	-0.16007	-0.49136	-0.74867	-1.0134	-1.2243	-1.1455	-0.9449	-0.35572	0.28186	0.67391	0.83484	0.96329	0.93276	0.703	0.30618	-0.11763	-0.32596	-0.41386	-0.45133	-0.41321	-0.35553	-0.27408	-0.1598	0.00039794	0.044449	7.1643
789.14	0.13207	0.11534	0.12163	0.095339	-0.021062	-0.17852	-0.46288	-0.78268	-1.0128	-1.2046	-1.1034	-0.86971	-0.29024	0.319	0.71757	0.87636	0.96609	0.94841	0.67286	0.2944	-0.13756	-0.35109	-0.42928	-0.48473	-0.42565	-0.34756	-0.2418	-0.16558	0.034081	0.059892	6.7495
785.92	0.12836	0.1066	0.13362	0.10292	-0.034184	-0.19309	-0.48204	-0.75217	-1.0212	-1.1795	-1.0382	-0.80399	-0.22901	0.36593	0.76173	0.90771	0.97974	0.91848	0.64033	0.25471	-0.18963	-0.39401	-0.44846	-0.4837	-0.41169	-0.35285	-0.25788	-0.17879	0.0062889	0.071659	6.3056
783.35	0.13353	0.14059	0.14428	0.10488	-0.063765	-0.19072	-0.47932	-0.76964	-0.9843	-1.191	-0.99287	-0.7603	-0.17266	0.39715	0.76246	0.90275	0.97666	0.89555	0.59098	0.19063	-0.23457	-0.42544	-0.45538	-0.51436	-0.39776	-0.34811	-0.26994	-0.14283	0.01127	0.084434	5.9176
782.71	0.14757	0.15156	0.14674	0.1131	-0.05749	-0.22041	-0.50335	-0.83546	-0.97333	-1.1149	-0.93679	-0.67319	-0.12087	0.48105	0.81197	0.93353	0.99018	0.90094	0.58627	0.18228	-0.25126	-0.42205	-0.45985	-0.49806	-0.4145	-0.35408	-0.24966	-0.1439	0.028781	0.10414	5.5559
780.78	0.19131	0.17019	0.16694	0.10922	-0.055321	-0.20027	-0.47521	-0.72461	-0.93799	-1.0685	-0.87092	-0.6256	-0.04866	0.50601	0.84543	0.96397	0.9865	0.87098	0.55604	0.14796	-0.28103	-0.44946	-0.505	-0.52583	-0.43228	-0.36169	-0.29059	-0.15825	0.055979	0.12859	5.1783
779.93	0.15569	0.14972	0.15027	0.09473	-0.057484	-0.17473	-0.50329	-0.775	-0.89435	-1.0499	-0.81411	-0.55494	-0.0028838	0.54797	0.87555	0.96237	0.98729	0.82619	0.50436	0.10911	-0.31749	-0.51441	-0.56323	-0.54715	-0.45412	-0.3986	-0.2721	-0.14464	0.052076	0.10385	4.8238
780.57	0.17125	0.18062	0.25731	0.16599	-0.080502	-0.21671	-0.55831	-0.87635	-0.95636	-1.0119	-0.80898	-0.50766	0.056081	0.59111	0.88938	0.97911	0.97996	0.83594	0.48189	0.07631	-0.3595	-0.42853	-0.46694	-0.5086	-0.47011	-0.4418	-0.34825	-0.11039	0.070167	0.13898	4.4794
782.5	0.17472	0.16764	0.11316	0.12233	-0.13379	-0.27656	-0.5884	-0.7594	-0.88561	-0.98715	-0.75212	-0.45149	0.12647	0.60938	0.91631	1.0085	1.0013	0.81695	0.45657	0.045432	-0.37002	-0.53745	-0.52926	-0.5059	-0.39458	-0.32216	-0.18153	-0.074285	0.060164	0.13837	4.1645
785.72	0.17195	0.1792	0.12584	0.076518	-0.18067	-0.26152	-0.54345	-0.76873	-0.91455	-0.95891	-0.70752	-0.40131	0.14113	0.65052	0.92744	1.0006	0.97558	0.76693	0.42361	0.018877	-0.40657	-0.52166	-0.54254	-0.53525	-0.46504	-0.4065	-0.32466	-0.12344	0.079529	0.13183	3.8207
790.01	0.1803	0.1738	0.16395	0.064729	-0.17699	-0.28252	-0.52408	-0.87554	-0.9221	-0.93373	-0.68857	-0.4032	0.16109	0.65058	0.90986	0.98309	0.92892	0.73927	0.37527	-0.035854	-0.4424	-0.56237	-0.54202	-0.53632	-0.42848	-0.32959	-0.23417	-0.099111	0.084749	0.129	3.5356
795.58	0.18873	0.17877	0.18986	0.04495	-0.18236	-0.36152	-0.5298	-0.84298	-0.83934	-0.93702	-0.64911	-0.35238	0.22368	0.66161	0.91173	0.9665	0.91854	0.71936	0.34361	-0.071882	-0.46759	-0.58986	-0.55351	-0.51367	-0.4323	-0.37536	-0.2529	-0.11522	0.068459	0.15278	3.2895
800.94	0.24877	0.20979	0.17313	0.0042824	-0.17898	-0.2603	-0.49344	-0.69972	-0.85591	-0.8914	-0.62128	-0.29262	0.2259	0.70977	0.92419	0.96777	0.91033	0.68102	0.32841	-0.081446	-0.47394	-0.57871	-0.54429	-0.49209	-0.39226	-0.3105	-0.1955	-0.064288	0.13732	0.18374	2.9984
804.15	0.24184	0.22524	0.1803	-0.014392	-0.19474	-0.31075	-0.50403	-0.74135	-0.79339	-0.86631	-0.54624	-0.23809	0.29562	0.72799	0.92664	0.9813	0.92223	0.68451	0.2837	-0.13305	-0.49254	-0.59283	-0.54384	-0.50832	-0.41192	-0.28757	-0.17609	-0.04912	0.15251	0.17159	2.7786
806.93	0.20861	0.25067	0.16661	-0.026202	-0.19209	-0.30156	-0.4661	-0.72518	-0.80537	-0.85532	-0.54026	-0.19363	0.31697	0.72578	0.92761	0.98732	0.92089	0.65088	0.26662	-0.14459	-0.46687	-0.59279	-0.56127	-0.49756	-0.41609	-0.3088	-0.18472	-0.070441	0.14796	0.19181	2.5525
814	0.21658	0.21239	0.15316	-0.052197	-0.23757	-0.31872	-0.51862	-0.72334	-0.81327	-0.81723	-0.50799	-0.1768	0.33574	0.75549	0.92341	0.98456	0.89907	0.6429	0.25157	-0.14559	-0.5071	-0.58617	-0.53939	-0.50065	-0.38957	-0.30585	-0.20399	-0.086357	0.10449	0.19588	2.3976
820	0.22962	0.20275	0.10497	-0.074357	-0.21719	-0.3265	-0.52152	-0.71804	-0.78351	-0.79371	-0.47725	-0.17734	0.36066	0.74639	0.9308	0.97373	0.8834	0.64448	0.25708	-0.14634	-0.51795	-0.61447	-0.58443	-0.50091	-0.39858	-0.30733	-0.17471	-0.057915	0.12825	0.19031	2.1556
824.71	0.23799	0.22147	0.091766	-0.055301	-0.25092	-0.33849	-0.54664	-0.74519	-0.81714	-0.78887	-0.48495	-0.15481	0.33696	0.73432	0.92556	0.95864	0.85562	0.61629	0.21139	-0.16292	-0.52059	-0.59276	-0.55112	-0.52394	-0.37933	-0.31419	-0.21557	-0.060996	0.13377	0.1929	2.0493
827.7	0.25552	0.2344	0.1473	-0.04744	-0.26221	-0.33753	-0.50567	-0.73141	-0.79417	-0.78815	-0.4621	-0.13679	0.35774	0.75103	0.9159	0.9515	0.85828	0.59427	0.19154	-0.17593	-0.5438	-0.58112	-0.56362	-0.47055	-0.3727	-0.29857	-0.17644	-0.032879	0.16845	0.20887	1.9204
829.84	0.25116	0.24961	0.10775	-0.073153	-0.26117	-0.35041	-0.56005	-0.69957	-0.77037	-0.78979	-0.46494	-0.13265	0.36931	0.74526	0.90198	0.94908	0.85616	0.59055	0.19102	-0.20047	-0.54425	-0.59077	-0.56258	-0.48405	-0.34741	-0.26434	-0.11137	-0.040886	0.17936	0.22632	1.8334
832.62	0.2746	0.24285	0.12226	-0.034675	-0.23013	-0.31765	-0.51991	-0.71419	-0.77529	-0.76255	-0.4658	-0.13243	0.35166	0.75359	0.90063	0.93823	0.84168	0.57029	0.17265	-0.20177	-0.56431	-0.59243	-0.54973	-0.48936	-0.35517	-0.28488	-0.17227	-0.032883	0.16719	0.24392	1.6821
834.12	0.27029	0.2387	0.10904	-0.06586	-0.23625	-0.35259	-0.49675	-0.71843	-0.7632	-0.76702	-0.43408	-0.11688	0.37425	0.74094	0.90888	0.94393	0.8347	0.56132	0.15	-0.22075	-0.57049	-0.60556	-0.57278	-0.51669	-0.36653	-0.29134	-0.15393	-0.031247	0.17632	0.22899	1.5566
835.41	0.28105	0.22468	0.096041	-0.085761	-0.28165	-0.34232	-0.53744	-0.69142	-0.75651	-0.77137	-0.42734	-0.10335	0.38988	0.74374	0.91353	0.93697	0.8391	0.5405	0.16023	-0.21455	-0.56582	-0.62928	-0.59033	-0.52998	-0.36768	-0.27306	-0.16632	-0.050483	0.17428	0.2413	1.4698
836.9	0.26025	0.2126	0.055024	-0.06559	-0.2651	-0.35745	-0.48122	-0.70856	-0.76581	-0.76233	-0.42634	-0.072813	0.39818	0.76103	0.8943	0.94102	0.8301	0.57163	0.14965	-0.22932	-0.57201	-0.59993	-0.54668	-0.47608	-0.37715	-0.27804	-0.15338	-0.029596	0.16487	0.22484	1.3379
834.34	0.26492	0.23475	0.079263	-0.069497	-0.23183	-0.33861	-0.50856	-0.69589	-0.74687	-0.74193	-0.40502	-0.082599	0.41902	0.77629	0.93463	0.9439	0.84015	0.56121	0.16051	-0.22425	-0.57373	-0.62842	-0.57622	-0.51476	-0.37143	-0.25584	-0.13611	0.01523	0.19872	0.24903	1.1837
832.63	0.26721	0.25482	0.12584	-0.084375	-0.2344	-0.33941	-0.60384	-0.73434	-0.78209	-0.7492	-0.40996	-0.086528	0.40387	0.77226	0.91664	0.93833	0.82145	0.5303	0.13993	-0.24978	-0.59116	-0.60837	-0.54584	-0.47503	-0.42032	-0.34655	-0.23279	0.002337	0.20088	0.24407	1.0777
831.34	0.25657	0.25711	0.033189	-0.090057	-0.25087	-0.33012	-0.45443	-0.66121	-0.70838	-0.75222	-0.41278	-0.069494	0.40256	0.76983	0.89039	0.92668	0.81152	0.51712	0.11586	-0.27123	-0.60829	-0.711	-0.65848	-0.57857	-0.41738	-0.29222	-0.10055	0.023304	0.18458	0.27547	1.0488
830.49	0.25316	0.24955	0.072271	-0.07548	-0.23287	-0.31842	-0.50922	-0.7215	-0.72885	-0.75313	-0.39672	-0.067724	0.42098	0.76317	0.90921	0.92033	0.80507	0.50581	0.095269	-0.29643	-0.61967	-0.61167	-0.52105	-0.46749	-0.39036	-0.28539	-0.17972	-0.0087983	0.20343	0.25578	0.94289
828.77	0.2835	0.23828	0.050046	-0.11461	-0.24767	-0.36313	-0.55454	-0.69504	-0.74118	-0.75271	-0.40598	-0.064082	0.42538	0.76661	0.9011	0.91271	0.80482	0.49468	0.079754	-0.29908	-0.64274	-0.66134	-0.61761	-0.53955	-0.35996	-0.24511	-0.13122	-0.042737	0.19262	0.24702	0.91722
824.71	0.26804	0.21189	0.037183	-0.13371	-0.26303	-0.3545	-0.53571	-0.7323	-0.76476	-0.7564	-0.3809	-0.047047	0.42916	0.76843	0.91556	0.95297	0.80304	0.49495	0.072952	-0.29462	-0.63686	-0.68438	-0.64518	-0.57626	-0.40897	-0.30357	-0.15931	-0.016972	0.19352	0.25753	0.81776
821.5	0.24642	0.21862	0.035226	-0.13984	-0.27841	-0.38625	-0.60355	-0.74283	-0.77121	-0.73077	-0.39271	-0.043458	0.43446	0.76572	0.91098	0.93399	0.80407	0.4744	0.071417	-0.30753	-0.64127	-0.67087	-0.61564	-0.54079	-0.38083	-0.28685	-0.1652	-0.03995	0.18884	0.26028	0.76003
819.78	0.24518	0.20321	0.0072745	-0.17411	-0.28706	-0.41719	-0.55849	-0.73858	-0.76387	-0.74181	-0.39573	-0.031872	0.45364	0.79944	0.91491	0.93404	0.80025	0.48359	0.06981	-0.31995	-0.65344	-0.70839	-0.62246	-0.54887	-0.40082	-0.26937	-0.14041	-0.033538	0.19461	0.235	0.6414
817.43	0.25705	0.2016	0.0090895	-0.14643	-0.31234	-0.36177	-0.53006	-0.75965	-0.77864	-0.73423	-0.37596	-0.041605	0.45125	0.78477	0.92765	0.90625	0.77784	0.44401	0.040032	-0.33853	-0.68108	-0.71948	-0.65464	-0.56526	-0.43677	-0.30808	-0.17731	-0.0040388	0.19892	0.25972	0.54205
815.07	0.26748	0.21437	0.0036081	-0.15056	-0.27837	-0.33422	-0.58144	-0.7314	-0.75554	-0.69377	-0.38113	-0.016566	0.45992	0.81187	0.9286	0.94527	0.79343	0.45355	0.041823	-0.3649	-0.68314	-0.72531	-0.62817	-0.53024	-0.38218	-0.2947	-0.17756	0.010668	0.22442	0.26596	0.46517
812.93	0.26424	0.21907	0.052835	-0.11474	-0.27287	-0.34969	-0.54441	-0.70878	-0.71913	-0.70349	-0.32499	0.0032237	0.49418	0.8312	0.93704	0.9535	0.79965	0.47534	0.024156	-0.35031	-0.69026	-0.70159	-0.62958	-0.56815	-0.385	-0.29507	-0.19487	0.0056233	0.19417	0.25941	0.36269
810.58	0.24999	0.20345	0.062528	-0.10216	-0.26763	-0.35093	-0.53445	-0.69736	-0.70461	-0.69954	-0.3305	0.0089306	0.51039	0.82597	0.9357	0.93879	0.7826	0.46029	0.027714	-0.36915	-0.69994	-0.74568	-0.64302	-0.58261	-0.40729	-0.3324	-0.1876	0.0091305	0.20829	0.27677	0.26346
809.08	0.27506	0.20598	0.022459	-0.1041	-0.27863	-0.36163	-0.63763	-0.69878	-0.72809	-0.68713	-0.33709	0.013141	0.49283	0.81787	0.93723	0.94263	0.7801	0.44634	0.022108	-0.36192	-0.70673	-0.75995	-0.64433	-0.55459	-0.39196	-0.32597	-0.18451	-0.0094961	0.21618	0.28113	0.21866
808.86	0.25772	0.22829	0.06288	-0.12484	-0.26207	-0.34319	-0.55525	-0.71216	-0.71736	-0.69721	-0.33104	0.020997	0.50035	0.80836	0.94341	0.94464	0.77834	0.43617	-0.019101	-0.38795	-0.73667	-0.74354	-0.67094	-0.52381	-0.40793	-0.30387	-0.16403	-0.0040028	0.22994	0.25885	0.14508
809.08	0.24241	0.20542	0.0092053	-0.10571	-0.30102	-0.38234	-0.6058	-0.70072	-0.72615	-0.70664	-0.33539	0.028489	0.51341	0.83129	0.92497	0.92313	0.78382	0.41753	-0.015366	-0.4213	-0.72355	-0.72157	-0.65372	-0.59505	-0.41658	-0.28227	-0.17356	-0.0024839	0.21822	0.25861	0.090707
811.22	0.2402	0.17509	0.029953	-0.14758	-0.2839	-0.39483	-0.60389	-0.71017	-0.73525	-0.7068	-0.35114	0.024608	0.50833	0.81383	0.89837	0.90565	0.74163	0.41663	-0.045558	-0.42592	-0.75298	-0.76173	-0.66911	-0.56189	-0.42765	-0.29781	-0.17292	0.0058992	0.22158	0.24684	-0.0020132
811.86	0.25139	0.19325	0.033931	-0.13963	-0.30408	-0.38245	-0.64425	-0.72665	-0.71839	-0.68483	-0.3213	0.014817	0.49121	0.81306	0.91411	0.89148	0.7375	0.39356	-0.036675	-0.40782	-0.74663	-0.76459	-0.65908	-0.55773	-0.42032	-0.32823	-0.16173	0.0075062	0.20799	0.24679	-0.072329
811.86	0.24002	0.17713	-0.015463	-0.16625	-0.33519	-0.36628	-0.56022	-0.7114	-0.72735	-0.66341	-0.30247	0.026502	0.51881	0.81142	0.91982	0.90676	0.75475	0.40212	-0.034617	-0.41195	-0.74118	-0.75709	-0.6761	-0.59815	-0.37317	-0.27	-0.15763	-0.022021	0.2233	0.24296	-0.10748
812.93	0.22835	0.19696	0.014879	-0.16078	-0.28905	-0.3924	-0.52262	-0.71048	-0.72436	-0.68576	-0.29764	0.038513	0.5162	0.8254	0.90863	0.92277	0.75746	0.41384	-0.041754	-0.43085	-0.74185	-0.7706	-0.66958	-0.59867	-0.44098	-0.30259	-0.14845	-0.020684	0.20019	0.23713	-0.17137
812.93	0.23374	0.1868	-0.014121	-0.14681	-0.29809	-0.37212	-0.54963	-0.70664	-0.70428	-0.68197	-0.32078	0.034416	0.52727	0.8179	0.93285	0.91142	0.74985	0.38893	-0.049008	-0.42726	-0.76788	-0.76188	-0.67729	-0.59368	-0.40629	-0.27901	-0.17284	-0.015675	0.18691	0.26449	-0.22567
813.79	0.21652	0.19272	-0.021128	-0.15459	-0.31979	-0.42423	-0.61283	-0.72873	-0.72738	-0.67555	-0.29345	0.065693	0.52667	0.83609	0.92171	0.91803	0.73173	0.37387	-0.057919	-0.45652	-0.7541	-0.80128	-0.68047	-0.57174	-0.41441	-0.31158	-0.20177	0.0021265	0.21291	0.26993	-0.27357
813.57	0.21852	0.16043	-0.028624	-0.1941	-0.33246	-0.38428	-0.55695	-0.71407	-0.71664	-0.66403	-0.27461	0.07746	0.54871	0.83828	0.91567	0.94298	0.74718	0.39662	-0.082963	-0.4487	-0.77505	-0.78535	-0.71542	-0.56262	-0.39202	-0.27568	-0.14342	-0.023955	0.20538	0.23505	-0.30549
811.86	0.21924	0.19132	-0.017568	-0.17919	-0.36255	-0.42196	-0.60633	-0.72527	-0.72578	-0.66349	-0.27053	0.069674	0.56835	0.83616	0.92808	0.90472	0.72957	0.37884	-0.075952	-0.46348	-0.78217	-0.80496	-0.68968	-0.61795	-0.44529	-0.31061	-0.17132	0.0090209	0.20239	0.23545	-0.39486
809.29	0.22548	0.16163	-0.017378	-0.17797	-0.29702	-0.38808	-0.5809	-0.71192	-0.7023	-0.67326	-0.30971	0.07792	0.54618	0.84092	0.90659	0.90386	0.70735	0.36343	-0.10659	-0.48659	-0.80137	-0.81518	-0.73414	-0.63314	-0.43577	-0.32577	-0.13518	-0.0025129	0.18971	0.22513	-0.42358
808.86	0.26179	0.198	-0.0055775	-0.15956	-0.26867	-0.34979	-0.53199	-0.68573	-0.67513	-0.65018	-0.26098	0.09973	0.56334	0.85671	0.92943	0.93733	0.73637	0.36005	-0.086875	-0.49054	-0.78659	-0.80955	-0.69808	-0.57485	-0.40783	-0.30734	-0.17672	0.026901	0.22423	0.26646	-0.43953
808.86	0.26178	0.2122	0.0070571	-0.10422	-0.26414	-0.35344	-0.52117	-0.67214	-0.67658	-0.63813	-0.27186	0.11132	0.55754	0.83525	0.92981	0.91572	0.74016	0.3534	-0.08681	-0.4668	-0.78687	-0.79499	-0.68651	-0.57477	-0.37834	-0.29308	-0.14752	-0.0055245	0.21445	0.28106	-0.48419
811.22	0.24206	0.20139	0.014727	-0.11098	-0.28358	-0.34002	-0.62891	-0.65859	-0.67471	-0.65007	-0.25581	0.11302	0.55772	0.82925	0.90432	0.91527	0.72824	0.35656	-0.093833	-0.48329	-0.80476	-0.77276	-0.68688	-0.58406	-0.4031	-0.28713	-0.12905	0.025111	0.20255	0.27486	-0.51609
811.22	0.25521	0.15917	0.020926	-0.12641	-0.27573	-0.35684	-0.53919	-0.69472	-0.68569	-0.64653	-0.25613	0.085261	0.57805	0.84813	0.94698	0.92284	0.72646	0.36716	-0.092034	-0.46366	-0.81047	-0.77815	-0.70178	-0.53689	-0.43147	-0.29954	-0.16545	0.0041578	0.23666	0.25418	-0.56073
810.36	0.24064	0.19166	-0.0059304	-0.13815	-0.28827	-0.35269	-0.57581	-0.70144	-0.70128	-0.62978	-0.25636	0.11281	0.57674	0.87965	0.94816	0.9314	0.73687	0.36953	-0.079484	-0.45611	-0.79069	-0.78277	-0.66251	-0.54115	-0.37386	-0.28716	-0.13092	-0.0019743	0.23523	0.27693	-0.52884
810.79	0.2443	0.1754	0.022301	-0.17218	-0.29613	-0.41366	-0.56301	-0.72005	-0.71181	-0.63285	-0.23919	0.12861	0.58201	0.87574	0.92938	0.93103	0.74411	0.35498	-0.093524	-0.47341	-0.77724	-0.77667	-0.67165	-0.58254	-0.43487	-0.29588	-0.15675	0.0091657	0.2258	0.25656	-0.56073
811.43	0.2134	0.18135	0.0073678	-0.16232	-0.28393	-0.39316	-0.58797	-0.70993	-0.69288	-0.65032	-0.24543	0.13656	0.58528	0.87107	0.94295	0.91525	0.73792	0.35708	-0.075857	-0.4811	-0.78797	-0.78512	-0.67134	-0.59724	-0.40112	-0.2938	-0.18394	0.0024094	0.20469	0.25813	-0.60537
813.78	0.25425	0.18866	0.01667	-0.15786	-0.33624	-0.38631	-0.56798	-0.69287	-0.69094	-0.61374	-0.25314	0.12029	0.58183	0.8478	0.94239	0.9086	0.72829	0.34974	-0.086133	-0.47775	-0.7913	-0.79982	-0.66511	-0.55914	-0.40363	-0.27714	-0.14671	0.022443	0.24166	0.26514	-0.58943
816.35	0.26124	0.2096	-0.015357	-0.16192	-0.28786	-0.38373	-0.55226	-0.70803	-0.68918	-0.62878	-0.2466	0.11563	0.57241	0.8546	0.95377	0.92082	0.72375	0.34402	-0.080713	-0.46489	-0.78364	-0.78118	-0.68058	-0.53343	-0.38019	-0.27635	-0.16277	-0.00058276	0.23938	0.28002	-0.63725
818.28	0.2473	0.22008	0.037773	-0.13133	-0.31121	-0.36152	-0.57929	-0.68398	-0.69539	-0.64326	-0.24738	0.11958	0.58393	0.83171	0.91706	0.9094	0.74304	0.34749	-0.098492	-0.48705	-0.78708	-0.78985	-0.69658	-0.57253	-0.42693	-0.31968	-0.16535	0.026788	0.22581	0.27795	-0.65
818.49	0.25685	0.18125	0.0073349	-0.13278	-0.28581	-0.39216	-0.46312	-0.6759	-0.66198	-0.64114	-0.2627	0.10784	0.57282	0.84836	0.91662	0.89954	0.72218	0.37208	-0.085744	-0.48295	-0.79813	-0.77689	-0.6517	-0.55535	-0.39313	-0.30091	-0.15755	-0.0017465	0.21392	0.26517	-0.66593
819.35	0.25301	0.18158	0.010977	-0.15891	-0.27885	-0.38983	-0.52612	-0.69006	-0.67946	-0.6364	-0.25998	0.10008	0.5615	0.83804	0.93814	0.90069	0.7309	0.35546	-0.083906	-0.45665	-0.799	-0.78316	-0.69143	-0.54884	-0.40399	-0.29983	-0.14509	0.021561	0.23284	0.28335	-0.66912
819.57	0.23424	0.21127	-0.011459	-0.14449	-0.2952	-0.34108	-0.56429	-0.68243	-0.68283	-0.62634	-0.23862	0.11185	0.57586	0.85885	0.92978	0.91554	0.73263	0.36354	-0.096247	-0.47037	-0.78228	-0.80295	-0.69312	-0.5749	-0.37992	-0.25346	-0.12162	0.0056619	0.21375	0.2522	-0.66593
819.78	0.25625	0.17359	-0.00022274	-0.1834	-0.31588	-0.3829	-0.53705	-0.68399	-0.69137	-0.63194	-0.25317	0.13136	0.58156	0.85867	0.93147	0.92499	0.72088	0.34894	-0.11581	-0.48229	-0.79649	-0.79347	-0.70021	-0.55444	-0.42696	-0.29113	-0.14932	-0.021848	0.21566	0.26454	-0.66593
818.5	0.23979	0.18116	-0.017299	-0.14053	-0.32236	-0.40199	-0.5685	-0.68868	-0.68322	-0.64839	-0.24967	0.11174	0.60042	0.85995	0.93486	0.90702	0.7295	0.34343	-0.1215	-0.51427	-0.80145	-0.80385	-0.67463	-0.5949	-0.44148	-0.31869	-0.15705	0.0040576	0.20827	0.26116	-0.64362
817.64	0.25134	0.18769	0.0052174	-0.15193	-0.29011	-0.37975	-0.54941	-0.69526	-0.68398	-0.647	-0.24563	0.12345	0.58267	0.86459	0.94178	0.90827	0.72461	0.3292	-0.10182	-0.49128	-0.79674	-0.80322	-0.68707	-0.55966	-0.40206	-0.28466	-0.15002	-0.0070805	0.22544	0.28026	-0.64362
819.35	0.24893	0.19112	-0.015592	-0.15173	-0.30163	-0.3612	-0.55539	-0.7034	-0.68655	-0.62842	-0.24763	0.1174	0.57916	0.85684	0.93146	0.90036	0.70391	0.32033	-0.13716	-0.51192	-0.81143	-0.80136	-0.72308	-0.57989	-0.40636	-0.29844	-0.14408	-0.0010341	0.21734	0.26101	-0.66275
819.57	0.23211	0.17351	0.0093641	-0.13836	-0.30776	-0.38354	-0.50319	-0.67871	-0.69167	-0.64008	-0.2494	0.095932	0.5811	0.85098	0.90947	0.87929	0.69673	0.32236	-0.12641	-0.52352	-0.81857	-0.81365	-0.70247	-0.58719	-0.45157	-0.3179	-0.18397	0.013651	0.19096	0.24598	-0.67868
819.99	0.21533	0.16801	-0.016372	-0.16064	-0.33118	-0.41509	-0.58622	-0.69875	-0.70032	-0.65889	-0.25793	0.10747	0.56802	0.85816	0.89501	0.88667	0.67796	0.32472	-0.14167	-0.51516	-0.83084	-0.81292	-0.72164	-0.61009	-0.42178	-0.33156	-0.16503	0.002622	0.21569	0.23932	-0.69143
818.71	0.23627	0.17978	0.0021789	-0.14427	-0.32171	-0.37319	-0.57035	-0.6965	-0.68874	-0.62192	-0.22876	0.11143	0.60375	0.83692	0.90886	0.89623	0.69197	0.32763	-0.12972	-0.49772	-0.81046	-0.80188	-0.72773	-0.57622	-0.3958	-0.30813	-0.14548	0.012362	0.22544	0.24496	-0.70418
816.78	0.23311	0.1823	-0.01579	-0.16368	-0.28696	-0.38273	-0.63247	-0.71145	-0.68501	-0.63468	-0.22751	0.12718	0.58332	0.85055	0.90304	0.90971	0.69781	0.32831	-0.10695	-0.50882	-0.79926	-0.83669	-0.70269	-0.60096	-0.42336	-0.318	-0.18148	-0.00058473	0.20918	0.25085	-0.71055
816.99	0.2195	0.18623	0.016882	-0.15394	-0.33146	-0.38919	-0.5631	-0.70563	-0.70365	-0.6268	-0.25079	0.13256	0.58471	0.84258	0.90463	0.88799	0.71434	0.3241	-0.12836	-0.50151	-0.8091	-0.82091	-0.72381	-0.59839	-0.45334	-0.32319	-0.15751	0.0022863	0.20058	0.23956	-0.73922
817.85	0.22502	0.17766	-0.021491	-0.1748	-0.30002	-0.38196	-0.56643	-0.69574	-0.69788	-0.628	-0.23363	0.13263	0.59312	0.84336	0.92989	0.88915	0.71345	0.31298	-0.11572	-0.51887	-0.82081	-0.8105	-0.71775	-0.59885	-0.42503	-0.28985	-0.17619	0.023824	0.19858	0.25784	-0.74241
818.06	0.25703	0.1719	-0.024956	-0.15418	-0.27818	-0.35773	-0.56944	-0.68058	-0.69195	-0.59921	-0.22523	0.12699	0.58748	0.86033	0.91949	0.90661	0.69849	0.32377	-0.11578	-0.51422	-0.835	-0.82818	-0.7099	-0.57518	-0.41735	-0.33835	-0.18263	0.0066224	0.21967	0.24316	-0.79019
818.7	0.2453	0.17955	0.0056261	-0.12754	-0.29384	-0.39795	-0.55208	-0.69828	-0.67655	-0.61971	-0.25789	0.12149	0.57103	0.84081	0.91245	0.8675	0.69005	0.303	-0.15125	-0.53737	-0.83394	-0.82882	-0.73702	-0.61372	-0.42619	-0.32153	-0.15746	0.0076027	0.20812	0.26272	-0.79975
818.49	0.24375	0.16394	0.0017679	-0.16322	-0.31633	-0.3697	-0.53898	-0.67387	-0.67114	-0.62551	-0.23521	0.12132	0.61841	0.83893	0.91494	0.87318	0.69067	0.3066	-0.13886	-0.53181	-0.83632	-0.82791	-0.70354	-0.58956	-0.43654	-0.31838	-0.16758	0.0078915	0.22922	0.25242	-0.80612
820.42	0.22091	0.16162	0.0089462	-0.15474	-0.28827	-0.39902	-0.54581	-0.67767	-0.67053	-0.60996	-0.23233	0.14256	0.59853	0.87107	0.89845	0.88619	0.68271	0.31607	-0.13126	-0.52261	-0.84161	-0.83462	-0.71071	-0.59892	-0.41255	-0.31919	-0.17981	0.0037242	0.21577	0.23914	-0.81567
823.63	0.22737	0.15867	-0.043531	-0.16747	-0.29335	-0.39666	-0.55905	-0.69198	-0.67547	-0.61719	-0.23112	0.12277	0.58922	0.84321	0.91498	0.86925	0.67219	0.30208	-0.14675	-0.52675	-0.83476	-0.8243	-0.71208	-0.58383	-0.45984	-0.30555	-0.19578	0.010823	0.19608	0.23064	-0.86026
827.91	0.20175	0.14629	-0.018586	-0.18391	-0.31258	-0.3835	-0.54653	-0.70708	-0.69693	-0.60875	-0.24062	0.13004	0.57569	0.81796	0.89195	0.86608	0.66099	0.29263	-0.17085	-0.53595	-0.8469	-0.83586	-0.73084	-0.64321	-0.4374	-0.34555	-0.19655	-0.033202	0.18305	0.2234	-0.86981
832.84	0.2172	0.14893	-0.028156	-0.15416	-0.3308	-0.363	-0.58838	-0.69534	-0.68902	-0.618	-0.23085	0.12905	0.57578	0.83953	0.865	0.87976	0.66249	0.30311	-0.16283	-0.52689	-0.84188	-0.82026	-0.71486	-0.58115	-0.43765	-0.31851	-0.16498	-0.037678	0.18442	0.2294	-0.84752
836.69	0.20531	0.17748	-0.033603	-0.13732	-0.29136	-0.37369	-0.53067	-0.68859	-0.63954	-0.60353	-0.21285	0.12496	0.58208	0.84885	0.90458	0.87425	0.68008	0.29163	-0.13588	-0.52582	-0.82864	-0.82552	-0.70993	-0.56062	-0.43674	-0.31875	-0.16242	-0.030987	0.20016	0.23207	-0.91757
839.25	0.23415	0.16768	-0.015008	-0.13883	-0.28809	-0.36406	-0.56294	-0.6588	-0.65748	-0.58849	-0.20416	0.15106	0.58917	0.8387	0.89373	0.87729	0.67259	0.27676	-0.14946	-0.52832	-0.81539	-0.82295	-0.70956	-0.61404	-0.41848	-0.31397	-0.18635	-0.024535	0.19761	0.26965	-0.91438
840.75	0.22051	0.16538	-0.0058145	-0.1408	-0.29352	-0.36548	-0.54331	-0.66861	-0.65807	-0.60669	-0.18984	0.14706	0.58625	0.8298	0.90022	0.86785	0.67128	0.2761	-0.16989	-0.53313	-0.83408	-0.80736	-0.69941	-0.59014	-0.42012	-0.29471	-0.17081	-0.0088521	0.21365	0.24717	-0.92711
843.1	0.213	0.16868	-0.017179	-0.16362	-0.30738	-0.3979	-0.51891	-0.68493	-0.65284	-0.59362	-0.21361	0.15055	0.59187	0.82756	0.88818	0.83264	0.64208	0.27178	-0.16939	-0.54496	-0.83725	-0.81977	-0.72028	-0.57797	-0.43103	-0.33366	-0.1863	-0.015057	0.19465	0.23198	-0.94621
845.24	0.2215	0.14305	-0.040607	-0.15063	-0.31605	-0.36965	-0.54558	-0.65781	-0.66214	-0.59269	-0.21534	0.15355	0.60443	0.82899	0.88969	0.84707	0.65703	0.26493	-0.16903	-0.53252	-0.83498	-0.81907	-0.7121	-0.56561	-0.42556	-0.30476	-0.1766	-0.03267	0.19937	0.22739	-0.95895
847.16	0.2171	0.16971	-0.039029	-0.15028	-0.29377	-0.36911	-0.55645	-0.66939	-0.64075	-0.58938	-0.18051	0.15126	0.5837	0.83296	0.8763	0.85408	0.63924	0.27037	-0.17695	-0.53134	-0.84021	-0.82797	-0.70678	-0.57721	-0.41341	-0.32226	-0.18414	-0.011701	0.18503	0.23997	-0.99714
846.95	0.21039	0.14524	-0.016517	-0.15364	-0.29766	-0.38564	-0.55306	-0.65681	-0.65356	-0.57622	-0.20054	0.14592	0.5978	0.83523	0.89976	0.8606	0.6538	0.27485	-0.17384	-0.54786	-0.83638	-0.82786	-0.71787	-0.58726	-0.42087	-0.32315	-0.1374	-0.0080539	0.19591	0.23503	-0.99077
846.95	0.20627	0.16842	0.003226	-0.15349	-0.2916	-0.37079	-0.53689	-0.64369	-0.63931	-0.57275	-0.19445	0.17006	0.59621	0.84397	0.87866	0.86436	0.65601	0.27439	-0.15678	-0.54243	-0.84019	-0.81904	-0.6903	-0.59655	-0.41651	-0.32668	-0.16566	0.0036536	0.21991	0.24397	-0.99713
846.09	0.23194	0.16232	-0.0035458	-0.18283	-0.26611	-0.37102	-0.52927	-0.67545	-0.63282	-0.57119	-0.18075	0.17572	0.60943	0.86529	0.8892	0.85939	0.63818	0.26522	-0.17862	-0.55418	-0.84988	-0.82709	-0.69096	-0.60562	-0.41202	-0.3099	-0.18892	-0.013148	0.18906	0.25654	-1.0353
843.74	0.21498	0.17649	-0.0036961	-0.16332	-0.3204	-0.38793	-0.54765	-0.66255	-0.64529	-0.59149	-0.19916	0.17082	0.61635	0.83638	0.87184	0.85623	0.65143	0.27201	-0.18273	-0.56514	-0.85041	-0.8257	-0.71333	-0.59851	-0.42827	-0.32117	-0.17287	-0.013186	0.17832	0.22894	-1.0226
843.1	0.19835	0.15699	-0.015052	-0.17303	-0.31112	-0.36634	-0.57272	-0.67401	-0.66176	-0.59383	-0.18904	0.17842	0.59719	0.83334	0.87256	0.86613	0.64572	0.24599	-0.20522	-0.5693	-0.84912	-0.85635	-0.74519	-0.59563	-0.42665	-0.30731	-0.18614	-0.029294	0.18368	0.24842	-1.0353
842.46	0.20742	0.13989	-0.018806	-0.15301	-0.31326	-0.39805	-0.55555	-0.69488	-0.65356	-0.58122	-0.19161	0.16542	0.58505	0.82982	0.88454	0.83684	0.64242	0.24816	-0.1798	-0.55264	-0.85499	-0.85162	-0.72559	-0.61686	-0.42218	-0.31813	-0.19636	-0.013557	0.20816	0.24495	-1.0258
840.32	0.20623	0.18658	-0.038852	-0.17502	-0.31597	-0.39292	-0.54164	-0.68017	-0.64451	-0.57351	-0.19011	0.17704	0.59379	0.85212	0.8928	0.8594	0.64414	0.27294	-0.17661	-0.56178	-0.85903	-0.84826	-0.72166	-0.60444	-0.43333	-0.31005	-0.19316	-0.015065	0.21037	0.23281	-1.0194
838.4	0.24165	0.13659	-0.024224	-0.17562	-0.32894	-0.38448	-0.56904	-0.68533	-0.66367	-0.59522	-0.19228	0.16235	0.60022	0.83383	0.89689	0.85783	0.64916	0.24731	-0.18926	-0.5628	-0.85886	-0.85738	-0.76038	-0.57751	-0.43737	-0.34934	-0.1939	-0.031182	0.18868	0.23728	-1.0353
836.47	0.20204	0.14667	-0.050255	-0.19078	-0.32702	-0.38717	-0.55085	-0.68889	-0.67751	-0.60263	-0.20298	0.15886	0.60006	0.83958	0.88329	0.85778	0.64347	0.23591	-0.19645	-0.57758	-0.85922	-0.85705	-0.72106	-0.60821	-0.41319	-0.3267	-0.16778	-0.011794	0.18535	0.22693	-1.0417
835.4	0.21457	0.17426	-0.022667	-0.16873	-0.32537	-0.36393	-0.57933	-0.67301	-0.65393	-0.58832	-0.20548	0.15531	0.60608	0.84793	0.88826	0.85573	0.64071	0.26625	-0.2056	-0.57648	-0.88722	-0.86392	-0.76522	-0.58862	-0.44103	-0.32793	-0.1894	-0.014989	0.20436	0.2255	-1.048
834.97	0.18504	0.15309	-0.045368	-0.19555	-0.28384	-0.39591	-0.56818	-0.69586	-0.65618	-0.58645	-0.22218	0.13829	0.59371	0.84501	0.89113	0.84099	0.64647	0.24267	-0.18656	-0.58849	-0.8863	-0.861	-0.77316	-0.61043	-0.47236	-0.34446	-0.23127	-0.0072193	0.17446	0.23236	-1.0767
831.55	0.21584	0.1291	-0.043178	-0.1872	-0.32618	-0.38099	-0.57734	-0.69322	-0.67659	-0.57969	-0.20875	0.14231	0.58754	0.83308	0.88638	0.85356	0.6378	0.23911	-0.20849	-0.57556	-0.88127	-0.87905	-0.7444	-0.62885	-0.42952	-0.33823	-0.19461	-0.047498	0.18985	0.24441	-1.0417
827.69	0.20315	0.1633	-0.021148	-0.20991	-0.34175	-0.39378	-0.52296	-0.70012	-0.67982	-0.60151	-0.20171	0.15857	0.59557	0.85207	0.87468	0.86906	0.64065	0.24223	-0.20803	-0.59426	-0.88346	-0.88134	-0.75007	-0.61031	-0.47474	-0.33852	-0.21634	-0.0065764	0.1909	0.24529	-1.0449
823.41	0.19762	0.15287	-0.03233	-0.16434	-0.34766	-0.4161	-0.56034	-0.69629	-0.69061	-0.61801	-0.21035	0.17099	0.59702	0.8433	0.87726	0.8523	0.65536	0.22769	-0.21209	-0.61615	-0.89673	-0.8807	-0.76119	-0.64365	-0.46832	-0.33474	-0.19586	-0.031134	0.16962	0.24136	-1.0608
821.27	0.20919	0.14549	-0.05671	-0.17161	-0.33377	-0.40031	-0.59149	-0.7171	-0.68527	-0.59686	-0.21378	0.15204	0.60038	0.86105	0.9018	0.85496	0.62366	0.22655	-0.21408	-0.61184	-0.91028	-0.88666	-0.75211	-0.63822	-0.43574	-0.33552	-0.20324	-0.036857	0.17426	0.24792	-1.0512
820.63	0.21531	0.14719	-0.032344	-0.21753	-0.34185	-0.42198	-0.59006	-0.70581	-0.69152	-0.62198	-0.21618	0.15249	0.60048	0.84301	0.89465	0.87715	0.65099	0.23508	-0.2336	-0.58487	-0.89944	-0.89431	-0.77897	-0.6249	-0.43531	-0.35223	-0.21477	-0.025578	0.1886	0.23158	-1.0449
819.13	0.23135	0.14011	-0.055242	-0.19108	-0.34491	-0.40135	-0.58839	-0.69649	-0.68529	-0.60506	-0.21822	0.14224	0.60707	0.86468	0.91183	0.86276	0.646	0.24327	-0.21522	-0.60621	-0.91826	-0.89189	-0.77157	-0.59844	-0.46595	-0.3454	-0.19124	-0.009548	0.17933	0.21979	-1.0449
817.85	0.20961	0.14577	-0.045765	-0.15197	-0.32536	-0.42037	-0.58	-0.69711	-0.66818	-0.60885	-0.2127	0.15039	0.61163	0.87368	0.89914	0.86717	0.62369	0.24731	-0.2313	-0.62053	-0.9106	-0.90117	-0.7684	-0.63905	-0.46161	-0.34566	-0.18472	-0.016152	0.21972	0.23864	-1.0671
816.78	0.21743	0.13969	-0.03679	-0.19588	-0.32714	-0.39434	-0.5519	-0.72082	-0.6816	-0.60739	-0.19383	0.15842	0.61202	0.86337	0.89615	0.86487	0.63009	0.2312	-0.22456	-0.59156	-0.91892	-0.87871	-0.77731	-0.60172	-0.48236	-0.32505	-0.18702	-0.05021	0.188	0.21727	-1.0449
817.64	0.20048	0.13602	-0.045701	-0.1931	-0.31446	-0.41281	-0.57441	-0.69719	-0.67883	-0.60883	-0.20161	0.174	0.60819	0.84925	0.89325	0.85472	0.63355	0.21885	-0.22928	-0.61255	-0.90632	-0.90063	-0.77021	-0.63175	-0.43831	-0.33661	-0.20259	-0.044956	0.17789	0.21143	-1.0353
821.07	0.19799	0.14549	-0.017297	-0.19248	-0.33558	-0.38428	-0.60752	-0.69604	-0.68484	-0.60978	-0.20293	0.17906	0.62361	0.86076	0.89556	0.86248	0.64217	0.22403	-0.23894	-0.604	-0.90451	-0.87535	-0.7745	-0.63078	-0.46598	-0.31742	-0.19456	-0.04962	0.19435	0.25497	-1.0385
824.92	0.19508	0.13103	-0.028242	-0.19899	-0.32381	-0.39849	-0.57266	-0.68333	-0.69057	-0.60494	-0.204	0.17824	0.61709	0.84354	0.8995	0.83947	0.63533	0.22309	-0.23615	-0.62251	-0.90764	-0.88383	-0.78224	-0.619	-0.4638	-0.33001	-0.19002	-0.041228	0.16925	0.22441	-1.0926
826.85	0.22475	0.16427	-0.024545	-0.16312	-0.36369	-0.37179	-0.58188	-0.67439	-0.67825	-0.58426	-0.19958	0.17013	0.63908	0.84549	0.89759	0.85856	0.63976	0.23669	-0.23365	-0.59793	-0.90563	-0.87648	-0.76593	-0.63352	-0.44152	-0.33966	-0.21654	-0.039775	0.18591	0.23522	-1.0353
829.2	0.21624	0.17555	-0.022366	-0.1943	-0.31219	-0.38266	-0.58003	-0.6911	-0.66548	-0.58869	-0.19672	0.17763	0.61085	0.84504	0.89904	0.85982	0.64189	0.24616	-0.22436	-0.59069	-0.90864	-0.86876	-0.75053	-0.62998	-0.45522	-0.32902	-0.19086	-0.015543	0.20557	0.24176	-1.0417
831.76	0.18837	0.1567	-0.033879	-0.19153	-0.32517	-0.4252	-0.58889	-0.66532	-0.65655	-0.60609	-0.18805	0.17846	0.62623	0.84441	0.8945	0.85349	0.62832	0.22932	-0.23038	-0.61367	-0.90605	-0.87173	-0.78704	-0.619	-0.43599	-0.31469	-0.1972	-0.010576	0.16996	0.23903	-1.0926
835.61	0.2092	0.1645	-0.043058	-0.14831	-0.33198	-0.37776	-0.56197	-0.67687	-0.65884	-0.57864	-0.16434	0.19474	0.63264	0.84607	0.89267	0.85541	0.62962	0.22652	-0.23979	-0.59763	-0.8818	-0.8693	-0.78153	-0.61966	-0.43741	-0.33533	-0.17175	-0.054657	0.1878	0.24329	-1.0544
841.17	0.21387	0.13988	-0.054022	-0.17559	-0.32391	-0.38864	-0.57917	-0.68521	-0.65161	-0.58474	-0.15954	0.16895	0.62096	0.8348	0.88204	0.8408	0.60882	0.22902	-0.24524	-0.58593	-0.90482	-0.86402	-0.75134	-0.61275	-0.43623	-0.3346	-0.18473	-0.043852	0.18805	0.23282	-1.0958
845.02	0.19738	0.15306	-0.049677	-0.19546	-0.32868	-0.40139	-0.5594	-0.6731	-0.66049	-0.56292	-0.16723	0.18908	0.61297	0.83136	0.88038	0.8346	0.62303	0.21238	-0.23375	-0.61732	-0.87754	-0.86647	-0.74333	-0.61191	-0.4344	-0.33115	-0.18901	-0.01446	0.19443	0.22667	-1.0735
847.58	0.2209	0.14916	-0.029197	-0.18908	-0.32273	-0.40896	-0.5594	-0.67658	-0.6532	-0.58143	-0.18651	0.17406	0.60594	0.83093	0.8741	0.83277	0.61177	0.22181	-0.24089	-0.60376	-0.90463	-0.868	-0.75624	-0.62016	-0.45295	-0.33241	-0.20647	-0.014525	0.18012	0.23145	-1.0735
849.93	0.20235	0.14276	-0.025348	-0.17821	-0.30823	-0.42134	-0.55102	-0.67262	-0.64426	-0.56695	-0.16593	0.1784	0.61487	0.83572	0.87741	0.82444	0.60278	0.20116	-0.24445	-0.60237	-0.89558	-0.87232	-0.72791	-0.62982	-0.43934	-0.32957	-0.20008	-0.014728	0.17118	0.24976	-1.083
852.93	0.19224	0.15194	-0.041939	-0.16199	-0.32349	-0.39392	-0.55104	-0.67402	-0.65116	-0.56326	-0.16554	0.19683	0.60194	0.82304	0.86968	0.82138	0.60385	0.1963	-0.23883	-0.60224	-0.88861	-0.87988	-0.75487	-0.61411	-0.42846	-0.35246	-0.19631	-0.024227	0.18493	0.21338	-1.0989
855.71	0.21344	0.14898	-0.05098	-0.16927	-0.31838	-0.38884	-0.51353	-0.66305	-0.64539	-0.56332	-0.18117	0.20138	0.59471	0.82232	0.85159	0.81998	0.60728	0.2071	-0.25627	-0.60248	-0.90687	-0.85246	-0.74926	-0.59347	-0.44981	-0.33767	-0.16625	-0.016731	0.2094	0.22492	-1.0703
856.14	0.1857	0.16204	-0.027546	-0.15786	-0.30437	-0.38998	-0.55383	-0.66396	-0.63427	-0.56695	-0.16531	0.15621	0.59798	0.81647	0.85851	0.8126	0.60331	0.19762	-0.23945	-0.6003	-0.89955	-0.87096	-0.73958	-0.60183	-0.45045	-0.33711	-0.18291	-0.016143	0.16852	0.21259	-1.1276
855.92	0.20601	0.14542	-0.032758	-0.16308	-0.30643	-0.37275	-0.56066	-0.66047	-0.64499	-0.56318	-0.18891	0.17544	0.59111	0.82027	0.8573	0.80363	0.59067	0.19742	-0.22926	-0.61122	-0.89048	-0.86236	-0.72607	-0.61026	-0.43397	-0.3355	-0.16935	-0.013673	0.18101	0.21828	-1.1021
855.28	0.195	0.1208	-0.058383	-0.19359	-0.3297	-0.36368	-0.55253	-0.67891	-0.63143	-0.55598	-0.16669	0.17167	0.59895	0.83708	0.85607	0.82248	0.58766	0.20938	-0.23615	-0.60047	-0.88588	-0.87677	-0.72194	-0.59504	-0.44572	-0.33039	-0.20955	-0.024388	0.17583	0.22365	-1.1085
855.07	0.19548	0.15706	-0.052723	-0.17757	-0.32828	-0.39962	-0.5574	-0.66096	-0.64186	-0.5594	-0.14861	0.19631	0.61277	0.80132	0.86968	0.82823	0.61322	0.19764	-0.24958	-0.60249	-0.88606	-0.86477	-0.78544	-0.61964	-0.43921	-0.33926	-0.2058	-0.054141	0.18672	0.22333	-1.1339
854.43	0.19739	0.13036	-0.049034	-0.18512	-0.31615	-0.37872	-0.55463	-0.67258	-0.63534	-0.55625	-0.18677	0.18529	0.61827	0.83076	0.86053	0.81055	0.59156	0.20555	-0.24139	-0.61208	-0.9114	-0.87082	-0.74791	-0.63569	-0.46329	-0.34469	-0.21157	-0.0069676	0.18316	0.2184	-1.1276
851.87	0.18703	0.094261	-0.056746	-0.18044	-0.31397	-0.39578	-0.56135	-0.67798	-0.65471	-0.55616	-0.18537	0.17453	0.60806	0.82029	0.8687	0.83102	0.58776	0.20216	-0.25238	-0.62188	-0.9034	-0.89074	-0.76283	-0.62886	-0.43227	-0.29383	-0.20159	-0.019787	0.18165	0.22633	-1.1276
850.16	0.20173	0.16148	-0.054813	-0.18207	-0.3338	-0.39049	-0.54544	-0.67765	-0.65953	-0.57956	-0.17772	0.18617	0.60055	0.82947	0.86669	0.82176	0.59806	0.1888	-0.24789	-0.62113	-0.909	-0.88381	-0.74795	-0.62851	-0.44832	-0.34473	-0.21246	0.0086202	0.17493	0.23719	-1.118
847.17	0.18998	0.17173	-0.038546	-0.17394	-0.32915	-0.41343	-0.56291	-0.68186	-0.64786	-0.57789	-0.16611	0.18866	0.62219	0.83971	0.86204	0.83377	0.60203	0.19327	-0.27289	-0.63674	-0.90708	-0.88881	-0.73404	-0.62741	-0.4569	-0.34252	-0.19008	-0.024399	0.18112	0.22016	-1.1339
844.6	0.18881	0.14905	-0.049613	-0.1673	-0.32427	-0.39913	-0.56811	-0.6894	-0.6606	-0.58353	-0.18092	0.19319	0.61724	0.83876	0.88614	0.81423	0.61138	0.20164	-0.26715	-0.63329	-0.93306	-0.87212	-0.75653	-0.58562	-0.46161	-0.34189	-0.20673	-0.002147	0.19261	0.22093	-1.1021
843.95	0.18721	0.13975	-0.044474	-0.18557	-0.30855	-0.40127	-0.57541	-0.66594	-0.64329	-0.5597	-0.19093	0.18773	0.62171	0.86544	0.88563	0.8431	0.62513	0.21982	-0.23264	-0.6261	-0.91233	-0.87632	-0.75385	-0.642	-0.46544	-0.3118	-0.18047	-0.03242	0.18926	0.21411	-1.1117
842.03	0.2188	0.12443	-0.036855	-0.18068	-0.30898	-0.39417	-0.56466	-0.67898	-0.64647	-0.57007	-0.20335	0.17691	0.61428	0.85899	0.90175	0.83262	0.63028	0.21228	-0.24516	-0.6293	-0.92533	-0.88431	-0.76297	-0.64672	-0.46267	-0.3573	-0.19678	-0.013073	0.18606	0.21475	-1.1466
841.81	0.20052	0.15018	-0.071875	-0.17058	-0.33327	-0.38283	-0.57166	-0.683	-0.66656	-0.58767	-0.18968	0.16944	0.62274	0.82728	0.88	0.8422	0.62832	0.20693	-0.24029	-0.62025	-0.90637	-0.89014	-0.79308	-0.6443	-0.43762	-0.33827	-0.18649	-0.028825	0.20662	0.22361	-1.1244
839.46	0.18653	0.11582	-0.040435	-0.18114	-0.33044	-0.40607	-0.54464	-0.67585	-0.67199	-0.58762	-0.1983	0.18516	0.6125	0.83741	0.87276	0.83888	0.63069	0.22294	-0.24595	-0.63954	-0.91223	-0.89424	-0.75465	-0.60844	-0.4545	-0.36504	-0.17229	-0.021534	0.17928	0.23696	-1.1085
837.96	0.19566	0.1424	-0.039259	-0.17201	-0.30332	-0.44322	-0.58154	-0.69745	-0.64814	-0.57206	-0.17664	0.1814	0.6172	0.85049	0.89209	0.84207	0.61121	0.19752	-0.22391	-0.62341	-0.91787	-0.89429	-0.79104	-0.65015	-0.4893	-0.35211	-0.21412	-0.022439	0.19075	0.22663	-1.1435
837.32	0.19657	0.1504	-0.054312	-0.20002	-0.327	-0.38896	-0.56828	-0.69426	-0.67239	-0.5737	-0.18066	0.18322	0.61212	0.84111	0.88107	0.85604	0.62685	0.20596	-0.24526	-0.6294	-0.90957	-0.91219	-0.7968	-0.6203	-0.44198	-0.32569	-0.19251	-0.027541	0.17594	0.2324	-1.1466
836.04	0.19433	0.14873	-0.041232	-0.17951	-0.34376	-0.40612	-0.56199	-0.68965	-0.67482	-0.58619	-0.18092	0.18396	0.61487	0.82959	0.87052	0.85158	0.60526	0.21225	-0.26584	-0.63001	-0.91971	-0.9012	-0.77441	-0.62959	-0.45951	-0.33179	-0.21017	-0.039063	0.19497	0.23311	-1.1276
834.54	0.19715	0.12551	-0.040065	-0.16169	-0.31231	-0.4003	-0.51878	-0.70158	-0.6547	-0.5986	-0.18971	0.16498	0.61635	0.8535	0.87419	0.83423	0.60478	0.20666	-0.24924	-0.64093	-0.93808	-0.90606	-0.748	-0.62655	-0.44731	-0.36734	-0.17357	-0.038597	0.18063	0.2259	-1.153
832.83	0.19561	0.13976	-0.040703	-0.21204	-0.33255	-0.3852	-0.5765	-0.67703	-0.66656	-0.58862	-0.18941	0.1674	0.61517	0.84368	0.89165	0.84548	0.60914	0.19685	-0.26018	-0.63051	-0.94103	-0.90445	-0.7826	-0.62854	-0.45921	-0.33097	-0.19226	-0.046223	0.18237	0.2188	-1.1403
831.12	0.19733	0.13528	-0.048348	-0.20891	-0.33356	-0.39163	-0.56869	-0.71065	-0.6684	-0.59503	-0.17997	0.18105	0.61298	0.85691	0.87335	0.85445	0.61062	0.20704	-0.261	-0.62607	-0.92853	-0.90629	-0.76231	-0.63224	-0.4762	-0.35478	-0.20655	-0.02548	0.19232	0.23177	-1.1339
830.05	0.18824	0.13606	-0.049011	-0.19028	-0.36027	-0.3961	-0.58519	-0.68328	-0.68322	-0.60931	-0.1883	0.17727	0.62105	0.83687	0.86835	0.83453	0.61092	0.18517	-0.27177	-0.66574	-0.94459	-0.90892	-0.79976	-0.64408	-0.47674	-0.34962	-0.20345	-0.028074	0.18138	0.22088	-1.1276
829.84	0.17932	0.14222	-0.063865	-0.18672	-0.34234	-0.40619	-0.56945	-0.70408	-0.6723	-0.57862	-0.20055	0.18894	0.61761	0.84664	0.89079	0.84033	0.60926	0.19521	-0.27175	-0.65211	-0.93535	-0.90933	-0.787	-0.63494	-0.46122	-0.35485	-0.19948	-0.029745	0.17954	0.22693	-1.1562
829.63	0.20734	0.12809	-0.046967	-0.18679	-0.34212	-0.45048	-0.58216	-0.702	-0.68335	-0.60365	-0.18638	0.1717	0.63197	0.84856	0.89838	0.8406	0.60184	0.1976	-0.28908	-0.63869	-0.95708	-0.91466	-0.79456	-0.66191	-0.44923	-0.36233	-0.23376	-0.039175	0.17924	0.22312	-1.1657
829.84	0.20152	0.14956	-0.069246	-0.198	-0.37008	-0.41602	-0.59037	-0.71123	-0.68493	-0.58803	-0.19669	0.17166	0.61729	0.84827	0.88044	0.8345	0.60182	0.18917	-0.27846	-0.67136	-0.9515	-0.93063	-0.80525	-0.63667	-0.44763	-0.36935	-0.22496	-0.044094	0.18284	0.21197	-1.1625
828.34	0.20181	0.11839	-0.043074	-0.21119	-0.35087	-0.45869	-0.57413	-0.68803	-0.68964	-0.60831	-0.20743	0.17756	0.61291	0.83638	0.86583	0.82665	0.61958	0.19965	-0.28256	-0.67064	-0.95667	-0.91259	-0.79401	-0.64168	-0.50164	-0.34838	-0.18406	-0.016882	0.15344	0.2052	-1.1212
827.06	0.17223	0.13651	-0.06947	-0.17242	-0.33918	-0.39956	-0.60615	-0.70611	-0.66557	-0.61499	-0.19739	0.17968	0.62451	0.85073	0.88722	0.8297	0.62232	0.19393	-0.26021	-0.66373	-0.95813	-0.90871	-0.79528	-0.65491	-0.50413	-0.36679	-0.22938	-0.038003	0.17247	0.2202	-1.1403
827.06	0.18533	0.12105	-0.054154	-0.20951	-0.31887	-0.45124	-0.60284	-0.69828	-0.69075	-0.5976	-0.21155	0.1742	0.62116	0.85466	0.89508	0.83355	0.60946	0.19009	-0.28109	-0.66356	-0.9579	-0.9193	-0.81574	-0.6548	-0.47816	-0.36859	-0.19489	-0.038107	0.17449	0.20555	-1.1466
826.63	0.20033	0.11111	-0.046808	-0.20396	-0.34555	-0.40159	-0.62466	-0.71941	-0.69091	-0.60756	-0.19523	0.17228	0.63233	0.85147	0.87741	0.83598	0.58516	0.17814	-0.29343	-0.666	-0.95114	-0.94477	-0.80148	-0.67143	-0.46807	-0.37059	-0.21455	-0.031658	0.17818	0.21846	-1.1562
827.7	0.16826	0.10502	-0.0602	-0.20778	-0.38132	-0.41323	-0.58855	-0.71848	-0.6828	-0.61825	-0.19941	0.18159	0.63124	0.83878	0.87439	0.83463	0.60318	0.1758	-0.29482	-0.66909	-0.96267	-0.90614	-0.80005	-0.65962	-0.47648	-0.36659	-0.2416	-0.046051	0.15718	0.19588	-1.1466
829.2	0.19586	0.13603	-0.043563	-0.2035	-0.36285	-0.4323	-0.61556	-0.7006	-0.68384	-0.58853	-0.19463	0.18711	0.62101	0.85989	0.87688	0.8333	0.58738	0.16948	-0.28017	-0.67135	-0.96072	-0.93824	-0.78187	-0.65856	-0.47718	-0.38545	-0.21394	-0.039579	0.18348	0.21973	-1.1753
829.84	0.18643	0.11262	-0.054574	-0.20234	-0.33375	-0.39212	-0.59386	-0.6943	-0.6688	-0.59196	-0.17596	0.18114	0.63861	0.85533	0.87422	0.83858	0.5926	0.19557	-0.28691	-0.65366	-0.96368	-0.92133	-0.79998	-0.6633	-0.48161	-0.35473	-0.19958	-0.027063	0.15326	0.2122	-1.1721
830.48	0.20473	0.14419	-0.050248	-0.20937	-0.36376	-0.41813	-0.57836	-0.7104	-0.6859	-0.60474	-0.18418	0.17901	0.60954	0.83403	0.87365	0.83364	0.61079	0.1773	-0.28151	-0.66687	-0.94874	-0.92081	-0.81968	-0.65254	-0.4712	-0.34758	-0.1985	-0.034768	0.16783	0.23022	-1.1562
833.69	0.17472	0.1236	-0.057624	-0.20808	-0.34439	-0.41433	-0.56702	-0.69487	-0.68347	-0.58156	-0.1875	0.1838	0.62866	0.84972	0.87811	0.85119	0.60276	0.20893	-0.28216	-0.64668	-0.94132	-0.90869	-0.80195	-0.64286	-0.47813	-0.3572	-0.20768	-0.071225	0.18779	0.20747	-1.1371
836.68	0.18678	0.12549	-0.05208	-0.19453	-0.32919	-0.41857	-0.56107	-0.71635	-0.67414	-0.59129	-0.19494	0.18323	0.61192	0.83513	0.87652	0.81455	0.58782	0.178	-0.27933	-0.63881	-0.95221	-0.9195	-0.78611	-0.67259	-0.48369	-0.36987	-0.20688	-0.038961	0.18324	0.21258	-1.1816
841.18	0.1767	0.11107	-0.068251	-0.21013	-0.31984	-0.4041	-0.59985	-0.70106	-0.67578	-0.57842	-0.20842	0.15935	0.59609	0.83064	0.87583	0.81397	0.58641	0.1691	-0.27066	-0.6616	-0.95053	-0.92849	-0.78745	-0.65437	-0.47699	-0.35041	-0.23587	-0.028285	0.18818	0.1912	-1.1816
845.24	0.18502	0.13155	-0.040112	-0.21002	-0.34181	-0.43407	-0.56751	-0.70166	-0.65992	-0.59637	-0.19734	0.15889	0.60574	0.8453	0.86426	0.83256	0.59662	0.18239	-0.28512	-0.63587	-0.93002	-0.90643	-0.79461	-0.64079	-0.47328	-0.34324	-0.22054	-0.0181	0.1632	0.21196	-1.1562
848.87	0.16955	0.12394	-0.044078	-0.1932	-0.34438	-0.41838	-0.55991	-0.67151	-0.66961	-0.59203	-0.17809	0.1789	0.62928	0.83058	0.87214	0.81434	0.62173	0.19119	-0.26495	-0.64461	-0.90831	-0.88139	-0.75647	-0.64696	-0.4765	-0.36961	-0.20885	-0.011632	0.18255	0.2143	-1.1371
852.93	0.1975	0.1171	-0.038451	-0.18375	-0.31739	-0.43392	-0.58462	-0.67531	-0.65937	-0.56836	-0.20954	0.17821	0.61425	0.83212	0.87965	0.81036	0.5984	0.19619	-0.26214	-0.62633	-0.93937	-0.90514	-0.76751	-0.63668	-0.44211	-0.3554	-0.18929	-0.049167	0.1888	0.21156	-1.1784
856.36	0.18814	0.13779	-0.059708	-0.2008	-0.31976	-0.40728	-0.56016	-0.69258	-0.65988	-0.57019	-0.18857	0.16974	0.61182	0.81431	0.86996	0.82666	0.59211	0.1914	-0.26626	-0.62048	-0.91813	-0.88605	-0.78969	-0.62725	-0.45704	-0.35255	-0.19495	-0.039936	0.17346	0.21624	-1.1689
858.92	0.1785	0.16717	-0.055988	-0.17316	-0.33445	-0.40956	-0.56876	-0.67968	-0.66323	-0.58833	-0.18392	0.16561	0.61165	0.82261	0.87141	0.81348	0.60292	0.18696	-0.25872	-0.62018	-0.9101	-0.89364	-0.76554	-0.62533	-0.48829	-0.35298	-0.21912	-0.049197	0.19492	0.21365	-1.1657
860.63	0.19238	0.11992	-0.027102	-0.17842	-0.32584	-0.39928	-0.55403	-0.66564	-0.6343	-0.58349	-0.19151	0.1802	0.61743	0.84281	0.86958	0.83183	0.60724	0.20983	-0.25491	-0.63023	-0.91865	-0.86947	-0.76945	-0.63096	-0.47129	-0.33181	-0.15602	-0.028712	0.18543	0.21166	-1.1625
860.42	0.18003	0.11247	-0.046967	-0.18732	-0.31617	-0.40126	-0.55751	-0.66414	-0.65347	-0.58354	-0.19139	0.16367	0.61933	0.81957	0.86998	0.82119	0.59107	0.21178	-0.25841	-0.61726	-0.92422	-0.87317	-0.76599	-0.62923	-0.47771	-0.35601	-0.19797	-0.036564	0.17823	0.21519	-1.1721
859.78	0.18375	0.13908	-0.070435	-0.19287	-0.32612	-0.40919	-0.55801	-0.69339	-0.66091	-0.59513	-0.18764	0.16752	0.59563	0.81473	0.86865	0.83438	0.60764	0.18459	-0.26557	-0.64603	-0.90411	-0.90334	-0.77394	-0.62487	-0.4418	-0.33927	-0.19451	-0.049107	0.17293	0.23988	-1.1912
859.56	0.20155	0.13319	-0.034605	-0.20527	-0.33805	-0.38828	-0.55812	-0.68467	-0.67139	-0.59167	-0.19355	0.18594	0.60799	0.83298	0.86091	0.83267	0.61502	0.19822	-0.25885	-0.64989	-0.91478	-0.89141	-0.7833	-0.64414	-0.45036	-0.33916	-0.20482	-0.035147	0.1765	0.21364	-1.1498
859.77	0.17997	0.14244	-0.030646	-0.18732	-0.32635	-0.4268	-0.57659	-0.67902	-0.64355	-0.57496	-0.19377	0.17485	0.62357	0.8419	0.88008	0.8216	0.61839	0.20783	-0.242	-0.62361	-0.91814	-0.88947	-0.76317	-0.62816	-0.47803	-0.31868	-0.20308	-0.040178	0.18036	0.22414	-1.2102
860.2	0.20336	0.13524	-0.040203	-0.19437	-0.31628	-0.37716	-0.58482	-0.69299	-0.66052	-0.57457	-0.20335	0.1529	0.60261	0.81663	0.8626	0.82676	0.6018	0.20378	-0.26048	-0.64027	-0.93356	-0.89758	-0.75403	-0.63171	-0.46821	-0.3611	-0.19568	-0.040854	0.18021	0.20638	-1.2071
859.56	0.19455	0.13341	-0.054185	-0.19489	-0.34018	-0.38653	-0.55486	-0.70101	-0.66632	-0.59353	-0.2036	0.15109	0.58414	0.81892	0.87111	0.84166	0.61143	0.19609	-0.25727	-0.61077	-0.91896	-0.89837	-0.77612	-0.60093	-0.45551	-0.32224	-0.22223	-0.04223	0.17708	0.22241	-1.1848
