40401	27	10	88	21.8	760	4	23	23.93	0	256	8192	1	0	0	0	0	100	1021.2	1.5188e+006	0.12	0	41.311	0	0	0	0	0	0	8	0	0
880.63	-0.65217	-0.73314	-0.92082	-0.79483	-0.69179	-0.69755	-0.63514	-0.63778	-1.3507	-2.4969	-3.4751	-3.9634	-3.7173	-2.8338	-1.8335	-1.5018	-0.65335	0.23432	0.83337	1.0129	0.84846	0.57962	0.30899	0.11097	-0.044571	-0.11872	-0.22696	-0.3012	-0.42998	-0.54693	23.934
893.43	-0.7548	-0.86825	-0.81253	-0.67147	-0.52265	-0.51247	-0.62604	-0.6546	-1.4228	-2.3462	-3.3005	-3.8177	-3.5472	-2.6715	-1.7057	-1.3057	-0.5397	0.28716	0.82954	0.98947	0.8363	0.56301	0.25249	0.068108	-0.083826	-0.12526	-0.24876	-0.34929	-0.51033	-0.59838	23.982
912.62	-0.6546	-0.64508	-0.7616	-0.5899	-0.47499	-0.51072	-0.52515	-0.64084	-1.3929	-2.3402	-3.2217	-3.6417	-3.4236	-2.5388	-1.5794	-1.2526	-0.50283	0.28112	0.82003	0.96866	0.77762	0.5024	0.23868	0.034348	-0.05863	-0.14684	-0.22718	-0.36393	-0.47419	-0.5858	23.966
908.35	-0.65768	-0.65706	-0.68865	-0.55878	-0.5417	-0.54937	-0.51159	-0.66086	-1.3503	-2.1685	-3.1991	-3.685	-3.4479	-2.5678	-1.5959	-1.3014	-0.50519	0.21795	0.82388	0.98202	0.78952	0.54559	0.21419	0.042629	-0.074601	-0.16375	-0.24468	-0.33618	-0.46791	-0.50524	23.95
903.02	-0.69565	-0.67894	-0.54731	-0.55355	-0.48003	-0.60731	-0.57909	-0.55349	-1.3501	-2.3563	-3.3129	-3.7771	-3.5178	-2.6173	-1.6967	-1.3609	-0.57696	0.25631	0.82072	0.94349	0.79418	0.52416	0.24122	0.083718	-0.043465	-0.13209	-0.23786	-0.33076	-0.41931	-0.53337	23.95
893.43	-0.63421	-0.61343	-0.67422	-0.61118	-0.59758	-0.54012	-0.55273	-0.52482	-1.3064	-2.2578	-3.3389	-3.7821	-3.5806	-2.7411	-1.761	-1.4366	-0.54839	0.24033	0.83764	0.96259	0.79432	0.5547	0.27853	0.084617	-0.059889	-0.12526	-0.1903	-0.28192	-0.44977	-0.51369	23.902
899.83	-0.59549	-0.68136	-0.58359	-0.60683	-0.58403	-0.49053	-0.51644	-0.49532	-1.3053	-2.3207	-3.3247	-3.8612	-3.6048	-2.7475	-1.776	-1.3831	-0.58764	0.25722	0.83169	0.99133	0.84703	0.56725	0.25931	0.10041	-0.051541	-0.108	-0.15577	-0.27248	-0.41222	-0.55208	23.966
894.49	-0.57323	-0.56725	-0.63887	-0.63626	-0.62493	-0.5947	-0.56834	-0.63654	-1.255	-2.3257	-3.3541	-3.8575	-3.6847	-2.7986	-1.7866	-1.4785	-0.64322	0.17456	0.80425	0.99723	0.82692	0.56234	0.27819	0.092762	-0.012002	-0.15805	-0.17339	-0.31149	-0.46652	-0.45385	23.966
890.23	-0.53276	-0.4695	-0.63326	-0.63931	-0.62793	-0.62529	-0.70187	-0.50934	-1.0523	-2.3546	-3.428	-3.9652	-3.7777	-2.9341	-1.9341	-1.5907	-0.7248	0.1942	0.80811	0.98403	0.83088	0.56503	0.28824	0.084921	-0.028075	-0.11744	-0.1826	-0.26039	-0.41666	-0.43053	23.934
909.42	-0.58921	-0.54006	-0.6114	-0.62582	-0.58707	-0.6121	-0.535	-0.51559	-1.2507	-2.2876	-3.4217	-3.9078	-3.739	-2.8892	-1.9296	-1.5743	-0.73512	0.1809	0.78309	0.96327	0.8216	0.56942	0.33332	0.11557	-0.011805	-0.090657	-0.17054	-0.26225	-0.39087	-0.46305	23.902
909.42	-0.58075	-0.58476	-0.56894	-0.6512	-0.60547	-0.59399	-0.55101	-0.57509	-1.2507	-2.3831	-3.4122	-3.9776	-3.7964	-2.9319	-1.9205	-1.5572	-0.74366	0.13489	0.77513	0.98967	0.87109	0.57758	0.27363	0.10746	-0.050997	-0.074456	-0.17875	-0.29167	-0.43337	-0.47969	23.982
896.63	-0.67486	-0.65658	-0.59428	-0.5575	-0.65144	-0.61165	-0.50205	-0.61778	-1.31	-2.4436	-3.48	-4.0167	-3.8588	-2.9738	-1.9571	-1.5707	-0.77159	0.12748	0.75387	0.99486	0.85842	0.57755	0.30348	0.10899	-0.011973	-0.075519	-0.20626	-0.3182	-0.48265	-0.56249	23.998
901.96	-0.59409	-0.5896	-0.61646	-0.65659	-0.54554	-0.47111	-0.59591	-0.56271	-1.3187	-2.4817	-3.4785	-4.0106	-3.8112	-2.939	-1.9638	-1.6219	-0.75842	0.136	0.80563	0.95348	0.81176	0.55768	0.26729	0.075641	-0.059322	-0.13224	-0.21332	-0.30891	-0.40267	-0.45849	23.918
898.76	-0.60476	-0.70026	-0.6874	-0.74455	-0.64059	-0.57355	-0.48466	-0.56471	-1.2407	-2.3674	-3.2809	-3.8834	-3.6589	-2.7939	-1.8607	-1.4455	-0.68337	0.18304	0.80044	0.95688	0.84803	0.57618	0.26825	0.10873	-0.043672	-0.083536	-0.18087	-0.31745	-0.4643	-0.54432	23.918
888.09	-0.61202	-0.63542	-0.61739	-0.56286	-0.53521	-0.50628	-0.41673	-0.5889	-1.2222	-2.3692	-3.2624	-3.7869	-3.6189	-2.7138	-1.7902	-1.375	-0.5954	0.26062	0.83452	0.9864	0.88356	0.56639	0.27147	0.09343	-0.060248	-0.11772	-0.22505	-0.34385	-0.47858	-0.55937	23.982
889.16	-0.66322	-0.65295	-0.68614	-0.57084	-0.51575	-0.6353	-0.54719	-0.51865	-1.1204	-2.1531	-3.2296	-3.7556	-3.5978	-2.7018	-1.7417	-1.3997	-0.61215	0.22266	0.84981	1.0302	0.83188	0.56571	0.23626	0.060139	-0.052159	-0.13415	-0.22478	-0.35848	-0.4954	-0.51615	23.902
874.22	-0.56012	-0.506	-0.53	-0.6158	-0.55328	-0.53315	-0.51492	-0.50983	-1.1481	-2.3074	-3.3436	-3.847	-3.6166	-2.7213	-1.8092	-1.4325	-0.63149	0.27432	0.87262	1.0295	0.81177	0.56689	0.2669	0.12022	-0.036743	-0.15329	-0.20301	-0.28811	-0.38008	-0.49035	23.934
881.69	-0.57283	-0.55704	-0.63939	-0.60186	-0.52012	-0.44459	-0.44452	-0.4003	-1.2563	-2.3326	-3.2861	-3.7604	-3.5521	-2.6895	-1.7284	-1.4115	-0.52927	0.28149	0.86522	0.99356	0.83042	0.57892	0.29982	0.060649	-0.028346	-0.11857	-0.20129	-0.2705	-0.42069	-0.47761	23.918
913.68	-0.62015	-0.59983	-0.54092	-0.51341	-0.52938	-0.48309	-0.53251	-0.49627	-1.2205	-2.1904	-3.1898	-3.707	-3.4767	-2.6378	-1.6859	-1.3194	-0.54473	0.235	0.79529	0.92373	0.78492	0.53429	0.22143	0.04238	-0.097572	-0.14667	-0.20241	-0.34154	-0.44826	-0.54371	23.95
924.33	-0.47148	-0.52255	-0.57647	-0.55744	-0.48707	-0.56659	-0.54999	-0.61599	-1.4556	-2.2934	-3.2922	-3.7588	-3.5415	-2.7166	-1.7289	-1.4308	-0.61406	0.17798	0.76262	0.94772	0.78399	0.49603	0.21888	0.041892	-0.057886	-0.16889	-0.2243	-0.30143	-0.36784	-0.41464	23.95
916.88	-0.46692	-0.49132	-0.58958	-0.64591	-0.56404	-0.56222	-0.65766	-0.73059	-1.3459	-2.4671	-3.3845	-3.85	-3.5784	-2.7218	-1.752	-1.4169	-0.58518	0.25243	0.82412	0.96416	0.79855	0.53243	0.29677	0.098542	-0.019484	-0.097954	-0.19357	-0.25282	-0.38769	-0.37675	23.918
917.94	-0.60051	-0.55276	-0.62255	-0.58647	-0.56339	-0.5526	-0.50625	-0.51923	-1.231	-2.4126	-3.3712	-3.7936	-3.6068	-2.7271	-1.7859	-1.4152	-0.61833	0.25214	0.81527	0.97176	0.79762	0.51564	0.28798	0.082357	-0.027227	-0.12192	-0.20147	-0.28896	-0.44618	-0.49997	23.934
905.16	-0.6685	-0.62345	-0.60575	-0.56925	-0.59908	-0.5695	-0.4732	-0.62904	-1.3633	-2.3944	-3.343	-3.856	-3.633	-2.7742	-1.7929	-1.4094	-0.60133	0.22797	0.81078	0.99433	0.84204	0.53112	0.24065	0.059076	-0.059113	-0.13991	-0.2373	-0.35215	-0.51226	-0.56555	23.966
885.96	-0.76984	-0.77462	-0.71477	-0.60764	-0.57428	-0.70264	-0.59846	-0.59904	-1.1161	-2.2144	-3.3283	-3.8678	-3.6865	-2.7554	-1.7573	-1.4223	-0.61436	0.26124	0.86923	1.052	0.83488	0.53426	0.23711	0.052031	-0.052347	-0.16789	-0.24244	-0.36733	-0.51464	-0.58635	23.95
876.36	-0.7695	-0.76455	-0.70498	-0.62308	-0.57103	-0.57882	-0.50536	-0.52623	-1.2809	-2.3919	-3.404	-3.9555	-3.7439	-2.8388	-1.8989	-1.5002	-0.68312	0.25456	0.88702	1.0179	0.84403	0.53165	0.25741	0.069434	-0.077324	-0.16132	-0.25361	-0.37135	-0.45854	-0.61004	23.934
880.63	-0.65217	-0.61311	-0.61385	-0.65502	-0.56826	-0.54797	-0.47811	-0.63778	-1.2579	-2.461	-3.4264	-3.9273	-3.7258	-2.8162	-1.8335	-1.4841	-0.59163	0.29133	0.88272	1.0402	0.8229	0.56277	0.24735	0.052346	-0.085045	-0.16891	-0.25238	-0.29361	-0.46509	-0.53834	23.95
896.63	-0.53754	-0.53869	-0.61151	-0.59183	-0.63278	-0.61165	-0.51829	-0.66951	-1.2934	-2.2761	-3.3461	-3.7952	-3.6094	-2.688	-1.7548	-1.3793	-0.53778	0.25814	0.85081	0.97701	0.79148	0.53618	0.27753	0.051412	-0.059675	-0.17411	-0.21459	-0.28837	-0.44817	-0.48653	23.902
909.42	-0.65691	-0.66523	-0.69633	-0.61735	-0.55027	-0.52157	-0.57502	-0.60909	-1.2752	-2.2789	-3.2142	-3.6981	-3.5094	-2.6502	-1.7119	-1.3342	-0.56436	0.26371	0.83088	0.97207	0.8216	0.54495	0.19689	0.034468	-0.11371	-0.14736	-0.19516	-0.3505	-0.49286	-0.5629	23.982
913.68	-0.60331	-0.61763	-0.67618	-0.67343	-0.5477	-0.56419	-0.54047	-0.66547	-1.188	-2.2164	-3.2086	-3.6548	-3.5012	-2.6208	-1.6678	-1.3279	-0.57023	0.24416	0.81115	1.0026	0.79313	0.52617	0.22992	0.034307	-0.074166	-0.17892	-0.24325	-0.39278	-0.50748	-0.51886	23.95
907.29	-0.64148	-0.58614	-0.59581	-0.63577	-0.66223	-0.57724	-0.5122	-0.5594	-1.3519	-2.2755	-3.1556	-3.6455	-3.4273	-2.5708	-1.6614	-1.3115	-0.53146	0.31966	0.86476	1.0096	0.82353	0.53805	0.25718	0.058938	-0.082545	-0.16394	-0.26141	-0.30709	-0.43438	-0.53086	23.934
907.29	-0.70934	-0.68472	-0.62135	-0.5764	-0.53311	-0.46834	-0.48011	-0.48273	-1.2127	-2.1797	-3.0894	-3.523	-3.3615	-2.5023	-1.5978	-1.2513	-0.44588	0.31044	0.8488	0.96553	0.77391	0.53805	0.19735	0.042679	-0.090402	-0.16394	-0.22029	-0.37343	-0.53661	-0.53086	23.918
891.29	-0.6271	-0.58753	-0.51118	-0.53494	-0.50513	-0.54141	-0.52139	-0.51741	-1.1761	-2.1745	-3.1449	-3.6218	-3.4637	-2.5734	-1.645	-1.2913	-0.53228	0.28784	0.83152	1.0098	0.79622	0.52274	0.23569	0.043445	-0.020043	-0.12556	-0.22424	-0.35012	-0.46819	-0.52341	23.95
880.63	-0.55605	-0.60388	-0.61385	-0.58511	-0.63477	-0.54797	-0.57729	-0.5939	-1.1904	-2.2996	-3.2511	-3.774	-3.548	-2.6663	-1.6649	-1.3601	-0.53873	0.26283	0.86627	1.0675	0.83994	0.56277	0.22094	0.043971	-0.052664	-0.14381	-0.21849	-0.31639	-0.40365	-0.44382	23.966
895.56	-0.61552	-0.65736	-0.54325	-0.49802	-0.5401	-0.54802	-0.53516	-0.45452	-1.129	-2.2171	-3.2065	-3.6578	-3.3889	-2.4658	-1.5542	-1.2155	-0.46038	0.36122	0.90035	0.99605	0.80918	0.50368	0.23457	0.067945	-0.091586	-0.14141	-0.18151	-0.36339	-0.41418	-0.50401	23.95
898.76	-0.61332	-0.66407	-0.696	-0.56474	-0.49162	-0.42699	-0.51706	-0.46151	-1.3234	-2.3411	-3.2332	-3.6625	-3.4349	-2.5261	-1.5946	-1.1938	-0.40691	0.34132	0.88103	0.97469	0.78961	0.54316	0.23373	0.05129	-0.051602	-0.1573	-0.19747	-0.31745	-0.50731	-0.578	23.902
908.35	-0.60685	-0.5944	-0.49308	-0.59267	-0.47722	-0.58562	-0.50358	-0.75447	-1.4976	-2.586	-3.3407	-3.7987	-3.5956	-2.6362	-1.7049	-1.3014	-0.49664	0.31007	0.85578	0.98202	0.78952	0.52109	0.18858	0.018269	-0.090296	-0.17997	-0.19539	-0.33618	-0.40835	-0.48025	23.934
905.16	-0.52397	-0.56057	-0.83614	-0.68828	-0.55286	-0.54221	-0.68226	-0.80837	-1.47	-2.3856	-3.3715	-3.8296	-3.666	-2.7055	-1.802	-1.4008	-0.63565	0.23721	0.8588	0.98549	0.8006	0.49834	0.21495	0.050928	-0.074864	-0.15619	-0.2373	-0.35215	-0.42687	-0.43179	23.934
883.83	-0.7717	-0.73969	-0.66406	-0.80937	-0.57567	-0.59256	-0.5999	-0.47805	-1.2113	-2.2108	-3.2685	-3.7693	-3.552	-2.6742	-1.7428	-1.364	-0.56314	0.32815	0.88772	1.0546	0.81992	0.51876	0.22891	0.060502	-0.10893	-0.17663	-0.28524	-0.33795	-0.4809	-0.58776	23.982
900.89	-0.75708	-0.63542	-0.70292	-0.64028	-0.66693	-0.55392	-0.50775	-0.42609	-1.1388	-2.2741	-3.2922	-3.7331	-3.5095	-2.6322	-1.7007	-1.3381	-0.55247	0.31264	0.86286	0.98127	0.78774	0.50893	0.25039	0.059356	-0.075218	-0.14875	-0.21357	-0.35381	-0.48895	-0.59343	23.918
903.02	-0.60191	-0.66994	-0.58152	-0.62173	-0.58196	-0.54349	-0.53073	-0.56205	-1.2513	-2.2863	-3.3414	-3.8387	-3.6581	-2.7721	-1.7789	-1.43	-0.61995	0.20997	0.82072	0.98781	0.80249	0.52416	0.22404	0.034712	-0.059252	-0.11577	-0.21307	-0.29373	-0.41076	-0.46633	23.998
895.56	-0.64129	-0.57565	-0.62949	-0.55817	-0.57747	-0.5848	-0.55954	-0.71346	-1.4858	-2.5435	-3.5129	-4.0481	-3.8301	-2.8733	-1.8582	-1.5116	-0.66847	0.20238	0.81947	1.005	0.82593	0.55338	0.23457	0.067945	-0.035868	-0.14964	-0.20651	-0.30365	-0.4487	-0.53781	23.918
887.03	-0.59541	-0.61786	-0.63554	-0.71102	-0.67736	-0.60899	-0.64697	-0.58961	-1.5336	-2.4522	-3.5564	-4.0691	-3.8165	-2.8746	-1.9225	-1.5261	-0.69241	0.1949	0.86818	0.97856	0.83388	0.53362	0.26305	0.10186	-0.076394	-0.14277	-0.2085	-0.32919	-0.39202	-0.45767	23.934
887.03	-0.73422	-0.70952	-0.64425	-0.61559	-0.63019	-0.54401	-0.57312	-0.65061	-1.4582	-2.5769	-3.5564	-4.1318	-3.9006	-2.9972	-2.0341	-1.6053	-0.75368	0.11943	0.77836	0.96953	0.85925	0.5838	0.26305	0.093543	-0.060321	-0.10956	-0.16643	-0.34427	-0.46173	-0.56858	23.918
898.76	-0.55339	-0.62788	-0.59287	-0.55618	-0.61266	-0.54607	-0.55754	-0.63352	-1.464	-2.5608	-3.5958	-4.0779	-3.916	-3.0185	-2.0167	-1.593	-0.76976	0.1458	0.78432	0.93016	0.85638	0.59269	0.30276	0.10873	-0.011945	-0.091732	-0.13935	-0.28024	-0.4127	-0.4517	23.982
895.56	-0.69285	-0.70276	-0.75023	-0.60972	-0.54944	-0.5756	-0.55141	-0.63578	-1.436	-2.42	-3.5129	-4.0392	-3.8135	-2.96	-1.9502	-1.6074	-0.78985	0.099603	0.73859	0.98711	0.83431	0.56167	0.2692	0.092652	-0.019947	-0.12496	-0.20651	-0.34099	-0.50049	-0.56316	23.966
895.56	-0.73581	-0.73	-0.70711	-0.60972	-0.55878	-0.56641	-0.42138	-0.51494	-1.2203	-2.1994	-3.331	-3.9328	-3.7136	-2.7692	-1.8489	-1.4942	-0.66847	0.1837	0.83565	0.98711	0.84269	0.58652	0.24323	0.1256	-0.051786	-0.14141	-0.22317	-0.37086	-0.48323	-0.58006	23.918
896.63	-0.70919	-0.74727	-0.62874	-0.5575	-0.54879	-0.45555	-0.44523	-0.47122	-1.0282	-2.2056	-3.2409	-3.7332	-3.5927	-2.6966	-1.8099	-1.3793	-0.60705	0.26747	0.82658	0.95915	0.81658	0.55273	0.25159	0.03496	-0.091477	-0.17411	-0.23955	-0.38533	-0.52575	-0.57937	23.886
900.89	-0.64604	-0.68055	-0.60862	-0.47799	-0.46259	-0.47167	-0.42696	-0.62344	-1.2708	-2.3355	-3.2065	-3.7155	-3.5261	-2.6666	-1.7556	-1.3641	-0.56109	0.29407	0.83874	0.99904	0.82105	0.56658	0.24179	0.092103	-0.059393	-0.1324	-0.17215	-0.32412	-0.45463	-0.54303	23.934
905.16	-0.55798	-0.61446	-0.55455	-0.55225	-0.58984	-0.55131	-0.5134	-0.62904	-1.3633	-2.3507	-3.3336	-3.8209	-3.6413	-2.697	-1.7382	-1.3922	-0.58418	0.22797	0.84279	1.0032	0.80889	0.53112	0.24065	0.067225	-0.027612	-0.12364	-0.22081	-0.32998	-0.43541	-0.45687	23.934
900.89	-0.65458	-0.65347	-0.60862	-0.51215	-0.56476	-0.66358	-0.53199	-0.5977	-1.2048	-2.3443	-3.3208	-3.8037	-3.6088	-2.6925	-1.719	-1.4074	-0.58694	0.21976	0.84678	1.0346	0.81272	0.55011	0.24179	0.083916	0.0039093	-0.10787	-0.18872	-0.32412	-0.41173	-0.45903	23.95
885.96	-0.63956	-0.6186	-0.60144	-0.66845	-0.58373	-0.64689	-0.49988	-0.59904	-1.3258	-2.2857	-3.4058	-3.8588	-3.6276	-2.7203	-1.7759	-1.4311	-0.57931	0.28013	0.80383	0.9707	0.78408	0.52588	0.26337	0.068682	-0.060394	-0.15126	-0.24244	-0.32203	-0.47101	-0.52656	23.934
893.43	-0.61698	-0.59523	-0.79524	-0.55089	-0.61631	-0.48483	-0.52829	-0.59404	-1.2731	-2.3462	-3.2813	-3.8088	-3.5889	-2.7063	-1.7426	-1.3668	-0.5397	0.25906	0.84575	0.95363	0.81111	0.52979	0.21777	0.035085	-0.083826	-0.1335	-0.1903	-0.3418	-0.44977	-0.49675	23.918
906.22	-0.54883	-0.58682	-0.65617	-0.56858	-0.57068	-0.47798	-0.53689	-0.56859	-1.0912	-2.3654	-3.2255	-3.7462	-3.5465	-2.6852	-1.809	-1.3647	-0.62633	0.21847	0.76987	0.93133	0.81622	0.54687	0.22325	0.059007	-0.090509	-0.15601	-0.22055	-0.34435	-0.42636	-0.50643	23.95
914.75	-0.6026	-0.63469	-0.6585	-0.51281	-0.45559	-0.52753	-0.4205	-0.51259	-1.1784	-2.2224	-3.1955	-3.6766	-3.4971	-2.6347	-1.6659	-1.3605	-0.56956	0.22558	0.80228	0.98391	0.78401	0.54178	0.25508	0.06652	-0.027322	-0.082076	-0.20218	-0.28997	-0.44774	-0.4769	23.982
914.75	-0.62784	-0.59024	-0.48963	-0.58011	-0.5745	-0.59953	-0.47619	-0.55484	-1.2109	-2.1965	-3.1767	-3.6592	-3.4727	-2.5838	-1.702	-1.3264	-0.59503	0.23473	0.8102	0.92265	0.7676	0.52556	0.23812	0.090708	-0.0507	-0.12234	-0.18586	-0.34846	-0.42239	-0.50999	23.918
896.63	-0.58903	-0.62938	-0.62874	-0.60042	-0.67011	-0.55655	-0.45335	-0.53157	-1.1525	-2.2497	-3.1644	-3.5914	-3.4181	-2.5234	-1.626	-1.2488	-0.45984	0.31413	0.83465	0.95915	0.79148	0.53618	0.21699	0.026734	-0.067626	-0.15768	-0.1813	-0.31075	-0.43093	-0.48653	23.918
890.23	-0.67107	-0.67044	-0.65061	-0.59609	-0.49633	-0.55131	-0.46478	-0.55276	-1.1692	-2.1505	-3.1101	-3.5637	-3.4176	-2.5503	-1.6469	-1.2841	-0.47186	0.26939	0.84065	0.96605	0.78032	0.54003	0.21855	0.043497	-0.10815	-0.16708	-0.22451	-0.328	-0.4948	-0.59204	23.934
878.49	-0.65375	-0.67939	-0.5538	-0.70917	-0.60774	-0.55867	-0.46271	-0.52495	-1.2186	-2.1433	-3.2297	-3.7017	-3.5142	-2.6109	-1.6689	-1.319	-0.5312	0.30156	0.83539	1.0245	0.80782	0.53036	0.24795	0.044078	-0.044679	-0.11901	-0.21902	-0.33239	-0.47502	-0.56549	23.998
882.76	-0.64188	-0.65769	-0.62987	-0.55754	-0.53845	-0.48136	-0.53467	-0.42609	-1.0781	-2.1776	-3.2627	-3.7468	-3.5309	-2.5983	-1.6515	-1.3303	-0.54622	0.27167	0.87238	1.0105	0.82941	0.56981	0.24675	0.077286	-0.068688	-0.12677	-0.24332	-0.36108	-0.49899	-0.54561	23.902
890.23	-0.59327	-0.54257	-0.59855	-0.62202	-0.47753	-0.45882	-0.48931	-0.51803	-1.3611	-2.4878	-3.322	-3.76	-3.5516	-2.6899	-1.7952	-1.4155	-0.65503	0.24119	0.79184	0.96605	0.81403	0.54003	0.28824	0.093207	-0.060104	-0.15053	-0.21613	-0.31298	-0.44271	-0.52403	23.95
899.83	-0.59549	-0.591	-0.58359	-0.6667	-0.55613	-0.49053	-0.5488	-0.65854	-1.5448	-2.4788	-3.3628	-3.8435	-3.638	-2.7475	-1.8218	-1.4437	-0.61353	0.17352	0.78339	0.91126	0.81368	0.55076	0.22484	0.043033	-0.091152	-0.15712	-0.19724	-0.3245	-0.4294	-0.49321	23.886
904.09	-0.55864	-0.56123	-0.67481	-0.58695	-0.49798	-0.55196	-0.53816	-0.60413	-1.4307	-2.3535	-3.3754	-3.8429	-3.6456	-2.8032	-1.8133	-1.5059	-0.69652	0.14494	0.75566	0.9778	0.81814	0.57278	0.25809	0.067304	-0.011874	-0.091191	-0.18805	-0.28599	-0.40172	-0.44904	23.982
917.94	-0.56697	-0.62362	-0.60573	-0.61162	-0.6272	-0.5526	-0.57761	-0.57817	-1.2715	-2.2491	-3.2871	-3.8023	-3.6149	-2.744	-1.8488	-1.4832	-0.70292	0.14275	0.77582	0.9456	0.8058	0.54797	0.22885	0.090392	-0.042759	-0.14599	-0.20147	-0.33996	-0.40408	-0.45875	23.95
905.16	-0.61749	-0.62345	-0.68255	-0.65427	-0.53437	-0.49673	-0.42495	-0.5351	-1.0842	-2.2023	-3.2388	-3.7068	-3.5671	-2.7313	-1.802	-1.4697	-0.62707	0.1725	0.78678	0.93243	0.79231	0.56391	0.24065	0.050928	-0.059113	-0.14805	-0.19608	-0.3152	-0.4781	-0.53211	23.902
883.83	-0.58886	-0.60169	-0.58541	-0.57428	-0.66088	-0.65777	-0.43521	-0.54802	-1.2029	-2.3717	-3.3073	-3.7783	-3.5942	-2.6918	-1.7988	-1.4169	-0.5807	0.224	0.81396	0.97304	0.79446	0.56073	0.24646	0.077193	-0.052474	-0.16829	-0.18392	-0.33038	-0.4809	-0.56207	23.902
883.83	-0.60627	-0.63849	-0.66406	-0.62652	-0.47153	-0.45283	-0.41874	-0.56551	-1.329	-2.2465	-3.2685	-3.7783	-3.5857	-2.7006	-1.7335	-1.3816	-0.60706	0.25241	0.83855	1.0183	0.8369	0.54394	0.264	0.077193	-0.020212	-0.12662	-0.20081	-0.33038	-0.4809	-0.51927	23.934
888.09	-0.5427	-0.56218	-0.53912	-0.59752	-0.5729	-0.51555	-0.58063	-0.54538	-1.2807	-2.4048	-3.301	-3.8227	-3.6105	-2.7051	-1.7902	-1.4277	-0.6566	0.19466	0.83452	0.95935	0.78219	0.52462	0.21035	0.068517	-0.10038	-0.15919	-0.25026	-0.35138	-0.42636	-0.49973	23.95
907.29	-0.60756	-0.57717	-0.68945	-0.55943	-0.61612	-0.55909	-0.50417	-0.58496	-1.2373	-2.1536	-3.2028	-3.6368	-3.4437	-2.5965	-1.7069	-1.3631	-0.55713	0.27355	0.8009	0.97435	0.78218	0.51352	0.29137	0.075197	-0.043261	-0.1477	-0.21206	-0.29972	-0.4429	-0.53086	23.95
908.35	-0.60685	-0.67496	-0.69715	-0.69432	-0.62461	-0.50405	-0.6478	-0.50769	-0.85138	-2.1337	-3.0952	-3.5888	-3.4315	-2.6105	-1.6685	-1.3357	-0.55648	0.22717	0.78401	0.95558	0.82256	0.52109	0.24834	0.042629	-0.035362	-0.1232	-0.22003	-0.33618	-0.51046	-0.53024	23.95
919.01	-0.59981	-0.64059	-0.63864	-0.6779	-0.60826	-0.58779	-0.45814	-0.5018	-0.93044	-1.9886	-3.0593	-3.5558	-3.3673	-2.538	-1.6043	-1.2778	-0.53313	0.27006	0.79068	0.97063	0.76404	0.4989	0.21171	0.034109	-0.065979	-0.12177	-0.20124	-0.33229	-0.45407	-0.46645	23.998
913.68	-0.60331	-0.59983	-0.54092	-0.53867	-0.52938	-0.45606	-0.47675	-0.54703	-1.1717	-2.1212	-3.1241	-3.5766	-3.3951	-2.5103	-1.6498	-1.3023	-0.54473	0.22584	0.83493	0.94125	0.78492	0.49369	0.21294	0.04238	-0.058561	-0.15473	-0.20241	-0.34154	-0.43134	-0.5023	23.918
883.83	-0.6411	-0.61089	-0.63785	-0.62652	-0.52833	-0.51804	-0.42697	-0.45181	-1.2701	-2.2197	-3.2296	-3.6704	-3.4508	-2.5951	-1.6682	-1.3287	-0.54556	0.29028	0.83035	1.0002	0.78597	0.51037	0.24646	0.052157	-0.084737	-0.15163	-0.23458	-0.30768	-0.46341	-0.50214	23.966
875.29	-0.76165	-0.72832	-0.67054	-0.65901	-0.46656	-0.47606	-0.45608	-0.42089	-1.0703	-2.0969	-3.0946	-3.6064	-3.3992	-2.5495	-1.6091	-1.2525	-0.50653	0.32179	0.855	1.0008	0.83649	0.55772	0.23114	0.044239	-0.10185	-0.13627	-0.24539	-0.3718	-0.55623	-0.61078	23.966
893.43	-0.6256	-0.59523	-0.55319	-0.74899	-0.65377	-0.5309	-0.46312	-0.50752	-1.2897	-2.2401	-3.1565	-3.6932	-3.4554	-2.6281	-1.6595	-1.3144	-0.53101	0.25906	0.82143	0.96259	0.81951	0.50488	0.21777	0.051596	-0.091805	-0.12526	-0.25712	-0.34929	-0.49303	-0.55603	23.982
897.69	-0.63977	-0.67392	-0.84309	-0.67685	-0.54813	-0.56506	-0.50956	-0.59983	-1.4988	-2.4143	-3.3613	-3.8261	-3.5802	-2.728	-1.7619	-1.4211	-0.63228	0.22986	0.80139	0.9491	0.76547	0.52728	0.24265	0.084215	-0.059604	-0.12467	-0.19771	-0.33273	-0.40458	-0.49438	23.902
903.02	-0.76382	-0.62492	-0.69271	-0.52799	-0.56343	-0.56173	-0.59521	-0.71612	-1.6051	-2.505	-3.4459	-3.8563	-3.6581	-2.7979	-1.8154	-1.5077	-0.63715	0.17291	0.79666	0.93463	0.79418	0.52416	0.27557	0.075552	-0.011888	-0.14024	-0.18001	-0.31595	-0.49635	-0.59202	23.886
908.35	-0.64073	-0.71076	-0.76517	-0.72821	-0.70752	-0.47686	-0.66383	-0.61832	-1.4321	-2.3076	-3.3218	-3.8424	-3.6284	-2.7559	-1.8229	-1.4388	-0.65051	0.18111	0.78401	0.93796	0.82256	0.57826	0.25687	0.075108	-0.058905	-0.10698	-0.18717	-0.29201	-0.43387	-0.51358	23.918
895.56	-0.8647	-0.77539	-0.72435	-0.66128	-0.58681	-0.5756	-0.49452	-0.59262	-1.3115	-2.323	-3.3597	-3.8618	-3.6636	-2.7952	-1.8029	-1.468	-0.66847	0.1837	0.79521	1.005	0.83431	0.56995	0.27786	0.076181	-0.035868	-0.075609	-0.20651	-0.34099	-0.50912	-0.54626	24.014
883.83	-0.56274	-0.5557	-0.69028	-0.53946	-0.57567	-0.58324	-0.54226	-0.57425	-1.4046	-2.4253	-3.4237	-3.931	-3.7207	-2.8411	-1.8362	-1.5317	-0.69491	0.1672	0.77298	1.0093	0.81992	0.57752	0.264	0.085536	-0.012147	-0.093282	-0.20925	-0.31525	-0.41968	-0.44221	23.966
883.83	-0.56274	-0.57409	-0.5155	-0.49592	-0.52833	-0.56461	-0.55873	-0.63547	-1.3458	-2.4432	-3.4431	-3.958	-3.7207	-2.8148	-1.8735	-1.514	-0.68613	0.15773	0.80577	0.97304	0.81992	0.56073	0.264	0.093882	-0.060539	-0.14329	-0.20081	-0.33795	-0.3847	-0.49358	23.95
895.56	-0.62411	-0.58473	-0.62949	-0.60113	-0.56813	-0.64915	-0.56766	-0.71346	-1.3447	-2.27	-3.331	-3.8352	-3.6054	-2.7866	-1.8397	-1.4942	-0.6598	0.22107	0.77903	0.96029	0.8008	0.5451	0.2692	0.076181	-0.043828	-0.16609	-0.23984	-0.30365	-0.43144	-0.50401	23.886
913.68	-0.66226	-0.67102	-0.60855	-0.66501	-0.68507	-0.73539	-0.6281	-0.53857	-0.9196	-2.1558	-3.0772	-3.5939	-3.3951	-2.5698	-1.6227	-1.2853	-0.52774	0.26248	0.79529	0.93249	0.81776	0.51805	0.2384	0.066598	-0.074166	-0.12248	-0.20241	-0.34886	-0.4821	-0.55199	24.014
910.48	-0.75756	-0.77161	-0.74641	-0.68425	-0.59557	-0.55712	-0.55036	-0.51499	-1.0289	-2.1113	-3.0786	-3.5368	-3.3743	-2.4765	-1.6193	-1.2384	-0.52106	0.28178	0.83786	0.96214	0.75472	0.50357	0.19666	0.042529	-0.058767	-0.18764	-0.23591	-0.39416	-0.54322	-0.59548	23.886
894.49	-0.65066	-0.59452	-0.66478	-0.61905	-0.60622	-0.54868	-0.48697	-0.50691	-1.2134	-2.2286	-3.2007	-3.6444	-3.468	-2.6249	-1.7128	-1.3651	-0.55642	0.27746	0.82855	0.94354	0.7766	0.51257	0.24352	0.051535	-0.091696	-0.15805	-0.22344	-0.34887	-0.47516	-0.52999	23.934
884.89	-0.62293	-0.66529	-0.68072	-0.66055	-0.68845	-0.56393	-0.52516	-0.6085	-1.3274	-2.2885	-3.2645	-3.7737	-3.5646	-2.6446	-1.7221	-1.3271	-0.53613	0.28047	0.82935	0.93569	0.7935	0.52652	0.21987	0.035424	-0.068522	-0.12647	-0.20057	-0.398	-0.49779	-0.54429	23.902
879.56	-0.65296	-0.63235	-0.64094	-0.61207	-0.61652	-0.61416	-0.56144	-0.5331	-1.082	-2.3203	-3.2551	-3.8056	-3.6116	-2.7313	-1.8169	-1.3883	-0.61884	0.21558	0.81791	0.95046	0.84096	0.56345	0.25647	0.077567	-0.077043	-0.11049	-0.21875	-0.32438	-0.51838	-0.57341	23.95
888.09	-0.60336	-0.61711	-0.55651	-0.53686	-0.53521	-0.54336	-0.49868	-0.54538	-0.92937	-2.2446	-3.2914	-3.8227	-3.6441	-2.7488	-1.8088	-1.4452	-0.63912	0.2135	0.84267	0.9864	0.82443	0.54133	0.254	0.11004	-0.020115	-0.15919	-0.22505	-0.34385	-0.44377	-0.47417	23.87
895.56	-0.55537	-0.57565	-0.56049	-0.48083	-0.56813	-0.5756	-0.57579	-0.57536	-1.1124	-2.27	-3.3501	-3.8352	-3.6137	-2.6998	-1.7753	-1.4071	-0.61645	0.23041	0.868	0.98711	0.78405	0.5451	0.26054	0.11736	-0.051786	-0.13319	-0.22317	-0.31112	-0.44007	-0.43641	23.934
901.96	-0.56849	-0.54453	-0.59077	-0.56274	-0.54554	-0.51675	-0.49908	-0.73411	-1.4917	-2.5605	-3.4024	-3.9049	-3.679	-2.7926	-1.8358	-1.4576	-0.62068	0.2195	0.81366	0.95348	0.78681	0.56591	0.2415	0.075641	-0.067226	-0.14858	-0.18022	-0.31632	-0.45409	-0.49205	23.886
898.76	-0.55339	-0.50123	-0.48116	-0.66749	-0.62197	-0.56439	-0.54945	-0.85713	-1.588	-2.3762	-3.3573	-3.8127	-3.6174	-2.6989	-1.7506	-1.3673	-0.5797	0.22028	0.79238	0.95688	0.83969	0.5349	0.27687	0.059497	-0.059533	-0.10813	-0.18917	-0.33233	-0.4643	-0.50222	23.998
897.69	-0.74264	-0.80978	-0.85169	-0.46254	-0.4922	-0.49169	-0.59064	-0.68593	-1.416	-2.3614	-3.3039	-3.7641	-3.5386	-2.6761	-1.6884	-1.3255	-0.54579	0.26715	0.82559	1.0204	0.83233	0.55207	0.25993	0.067784	-0.059604	-0.083635	-0.20602	-0.31038	-0.49069	-0.53653	23.966
900.89	-0.73146	-0.74373	-0.72864	-0.64882	-0.46259	-0.71842	-0.65317	-0.48615	-1.1471	-2.2741	-3.2256	-3.7155	-3.4682	-2.5977	-1.719	-1.3468	-0.59556	0.25691	0.81462	0.95461	0.77108	0.50893	0.21597	0.051169	-0.091044	-0.17328	-0.23842	-0.34639	-0.44605	-0.55143	23.95
881.69	-0.59901	-0.59393	-0.62187	-0.54949	-0.52961	-0.55664	-0.56834	-0.54057	-1.3069	-2.3147	-3.3834	-3.8144	-3.6282	-2.7071	-1.7471	-1.4115	-0.53808	0.25302	0.84058	0.93908	0.75384	0.53684	0.24705	0.043918	-0.093027	-0.1687	-0.22668	-0.30842	-0.42946	-0.49477	23.853
892.36	-0.6091	-0.5686	-0.70964	-0.68952	-0.53265	-0.46695	-0.50445	-0.70736	-1.3662	-2.2782	-3.391	-3.8756	-3.6601	-2.753	-1.7816	-1.3772	-0.59255	0.26875	0.82241	0.97271	0.82049	0.54705	0.25279	0.068189	-0.067949	-0.11716	-0.19052	-0.30474	-0.42433	-0.52278	23.982
913.68	-0.46013	-0.58203	-0.50711	-0.5471	-0.57517	-0.59122	-0.50861	-0.69085	-1.5214	-2.3201	-3.3775	-3.8548	-3.6481	-2.7483	-1.8123	-1.4218	-0.62972	0.20753	0.78736	0.94125	0.80955	0.50181	0.24689	0.04238	-0.074166	-0.13055	-0.20241	-0.29763	-0.42288	-0.43604	23.934
903.02	-0.4826	-0.55289	-0.90654	-0.64729	-0.52637	-0.56173	-0.61133	-0.62196	-1.457	-2.3125	-3.4649	-3.9618	-3.7572	-2.8581	-1.8519	-1.5164	-0.68874	0.17291	0.78864	0.99668	0.79418	0.50773	0.21546	0.034712	-0.035571	-0.13209	-0.18828	-0.29373	-0.38508	-0.36577	23.95
884.89	-0.66642	-0.82149	-0.65453	-0.62577	-0.64117	-0.57324	-0.59918	-0.56483	-1.3274	-2.5295	-3.5068	-4.0071	-3.8173	-2.8991	-1.9365	-1.5298	-0.65898	0.20482	0.81298	0.98996	0.82741	0.58521	0.25492	0.068764	-0.068522	-0.15144	-0.14154	-0.26196	-0.43664	-0.50154	23.902
887.03	-0.60409	-0.65452	-0.67908	-0.58089	-0.72453	-0.58114	-0.58133	-0.74647	-1.5168	-2.5413	-3.5467	-4.0154	-3.7409	-2.8134	-1.8202	-1.4382	-0.63113	0.22319	0.80286	0.96953	0.83388	0.55871	0.24557	0.085228	-0.052284	-0.10956	-0.17484	-0.29149	-0.43559	-0.55152	23.918
897.69	-0.58834	-0.60146	-0.73984	-0.70257	-0.63203	-0.70263	-0.61496	-0.7376	-1.5898	-2.6431	-3.5237	-4.0296	-3.7961	-2.8924	-1.8537	-1.4906	-0.66688	0.19258	0.78525	1.0026	0.82397	0.5438	0.25129	0.067784	-0.035782	-0.091841	-0.19771	-0.27313	-0.39597	-0.41009	23.966
893.43	-0.76341	-0.74084	-0.81253	-0.6887	-0.67251	-0.69677	-0.81341	-0.81033	-1.4727	-2.3993	-3.4061	-3.9688	-3.7308	-2.8627	-1.8995	-1.5239	-0.70483	0.21223	0.81332	0.98051	0.79432	0.5464	0.27853	0.084617	-0.035953	-0.1335	-0.19865	-0.2894	-0.45843	-0.51369	23.918
882.76	-0.78135	-0.74979	-0.83985	-0.62728	-0.54793	-0.68654	-0.49345	-0.49614	-1.2043	-2.294	-3.3404	-3.8728	-3.6154	-2.7566	-1.7823	-1.4186	-0.60779	0.30959	0.85597	1.0105	0.82091	0.51098	0.27311	0.068931	-0.068688	-0.15181	-0.22641	-0.3232	-0.46397	-0.54561	23.886
892.36	-0.80744	-0.77817	-0.6404	-0.4998	-0.67331	-0.64225	-0.52892	-0.68137	-1.2829	-2.2605	-3.2564	-3.751	-3.6099	-2.7617	-1.8001	-1.4121	-0.64476	0.21248	0.78994	0.95477	0.81208	0.5138	0.2441	0.035127	-0.099903	-0.14192	-0.21561	-0.36469	-0.48496	-0.5991	23.982
892.36	-0.56598	-0.60505	-0.64906	-0.6809	-0.68269	-0.56844	-0.65126	-0.56876	-1.0165	-2.1454	-3.2084	-3.7421	-3.5849	-2.7356	-1.7447	-1.4121	-0.60996	0.23124	0.83053	1.0086	0.82049	0.52211	0.21803	0.026862	-0.091915	-0.17494	-0.2407	-0.31972	-0.45031	-0.4719	23.95
887.03	-0.58673	-0.55369	-0.53976	-0.76307	-0.59246	-0.61827	-0.49107	-0.45889	-0.92211	-2.1761	-3.2277	-3.7288	-3.5644	-2.6383	-1.6901	-1.3239	-0.52609	0.2798	0.87635	1.0327	0.80005	0.52525	0.21934	0.035338	-0.068358	-0.1843	-0.25056	-0.35181	-0.46173	-0.48327	23.966
898.76	-0.61332	-0.5917	-0.59287	-0.60755	-0.58472	-0.59188	-0.47656	-0.47871	-1.1746	-2.2092	-3.2142	-3.7155	-3.4681	-2.6298	-1.668	-1.3413	-0.54514	0.29476	0.89715	0.9836	0.81465	0.51014	0.24236	0.043084	-0.099192	-0.14911	-0.24729	-0.33977	-0.3869	-0.47696	23.886
912.62	-0.56185	-0.52035	-0.55848	-0.64049	-0.57585	-0.55582	-0.46135	-0.49685	-1.2463	-2.2882	-3.2217	-3.6678	-3.4563	-2.5983	-1.6879	-1.3124	-0.52835	0.28112	0.82003	0.95989	0.76118	0.54304	0.23018	0.04243	-0.1055	-0.19527	-0.22718	-0.34194	-0.42338	-0.51118	23.918
896.63	-0.55471	-0.54776	-0.6029	-0.54034	-0.48346	-0.4831	-0.49393	-0.54019	-1.2934	-2.2761	-3.2601	-3.742	-3.5345	-2.6533	-1.718	-1.3184	-0.56376	0.2768	0.84273	0.97701	0.84169	0.53618	0.23429	0.051412	-0.067626	-0.1166	-0.19794	-0.29583	-0.39644	-0.49497	23.95
891.29	-0.56666	-0.59665	-0.64983	-0.48313	-0.45819	-0.40285	-0.48872	-0.48272	-1.1761	-2.2809	-3.2988	-3.8001	-3.6477	-2.7041	-1.756	-1.4313	-0.60197	0.22213	0.83152	1.0188	0.81305	0.54771	0.23569	0.059995	-0.052034	-0.12556	-0.22424	-0.35762	-0.44218	-0.46397	23.95
897.69	-0.59691	-0.61957	-0.57637	-0.59113	-0.52017	-0.52838	-0.50956	-0.46205	-1.2174	-2.2118	-3.3231	-3.7553	-3.5553	-2.6675	-1.7343	-1.369	-0.59768	0.27647	0.84173	0.96693	0.79054	0.51075	0.26856	0.059568	-0.067545	-0.14928	-0.23927	-0.34763	-0.43042	-0.49438	23.918
899.83	-0.60405	-0.64521	-0.63509	-0.53842	-0.46314	-0.38988	-0.49218	-0.52968	-1.2393	-2.2856	-3.2771	-3.7994	-3.5717	-2.6698	-1.7302	-1.3484	-0.53586	0.22932	0.81559	0.94685	0.81368	0.55076	0.24207	0.059426	-0.067385	-0.13256	-0.19724	-0.3245	-0.48953	-0.57731	23.918
888.09	-0.52537	-0.53471	-0.53042	-0.78815	-0.66712	-0.51555	-0.58063	-0.60631	-1.423	-2.4759	-3.3879	-3.8943	-3.6441	-2.6788	-1.7438	-1.3223	-0.52546	0.2983	0.85083	0.9864	0.84133	0.57474	0.24527	0.076822	-0.068275	-0.13431	-0.19144	-0.32879	-0.46118	-0.49121	23.918
887.03	-0.76024	-0.71869	-0.6965	-0.64161	-0.56416	-0.62755	-0.56492	-0.61575	-1.5419	-2.4967	-3.421	-3.8184	-3.5896	-2.6208	-1.6994	-1.3415	-0.55235	0.24206	0.87635	1.0056	0.84234	0.55034	0.25431	0.11017	-0.020139	-0.13447	-0.19167	-0.32919	-0.41816	-0.4918	23.934
883.83	-0.81524	-0.75809	-0.72523	-0.69618	-0.66088	-0.60188	-0.56697	-0.74917	-1.5559	-2.47	-3.3946	-3.8861	-3.6279	-2.7445	-1.7802	-1.4258	-0.6422	0.25241	0.80577	0.99116	0.81992	0.56073	0.29033	0.093882	-0.036344	-0.12662	-0.25146	-0.31525	-0.47215	-0.66482	23.934
877.42	-0.71594	-0.71729	-0.84496	-0.75388	-0.70385	-0.68133	-0.63746	-0.4463	-1.3556	-2.1639	-3.3705	-3.7877	-3.5694	-2.676	-1.718	-1.3473	-0.5407	0.33054	0.86943	0.98014	0.82591	0.52255	0.29244	0.094567	-0.052857	-0.13594	-0.21078	-0.26419	-0.4844	-0.54893	23.934
885.96	-0.78721	-0.72873	-0.84554	-0.72056	-0.6404	-0.56325	-0.52453	-0.49435	-1.2335	-2.2679	-3.2122	-3.7423	-3.5434	-2.6415	-1.7014	-1.2991	-0.50919	0.31791	0.89376	1.0068	0.81795	0.55101	0.22836	0.060356	-0.10063	-0.18452	-0.22559	-0.36733	-0.54081	-0.67176	23.886
899.83	-0.6468	-0.63618	-0.77242	-0.6667	-0.59333	-0.64607	-0.53262	-0.5984	-1.1897	-2.2154	-3.3056	-3.7464	-3.6214	-2.7302	-1.7577	-1.4177	-0.62216	0.21072	0.80754	0.99133	0.84703	0.54252	0.24207	0.034836	-0.08323	-0.12437	-0.20553	-0.3468	-0.47234	-0.5689	23.998
900.89	-0.52645	-0.61737	-0.62576	-0.74278	-0.62049	-0.5265	-0.67741	-0.47757	-1.312	-2.4057	-3.3779	-3.8919	-3.6751	-2.7701	-1.838	-1.4334	-0.63866	0.25691	0.81462	0.9635	0.79606	0.5007	0.26761	0.10029	-0.019829	-0.12422	-0.20529	-0.30185	-0.41173	-0.46743	23.902
900.89	-0.69729	-0.68958	-0.69435	-0.64882	-0.59263	-0.61789	-0.62086	-0.63202	-1.4028	-2.5109	-3.5302	-4.0594	-3.824	-2.9424	-1.9387	-1.5719	-0.7507	0.1919	0.80658	0.97238	0.81272	0.54187	0.27622	0.11666	-0.043568	-0.099692	-0.197	-0.3167	-0.45463	-0.50103	23.934
894.49	-0.40978	-0.42181	-0.67341	-0.68788	-0.58751	-0.5947	-0.56834	-0.64518	-1.5291	-2.5112	-3.5171	-4.0351	-3.8264	-2.9114	-1.8972	-1.4959	-0.66927	0.21198	0.84474	1.0062	0.86885	0.53746	0.26952	0.084516	-0.059817	-0.083934	-0.19841	-0.26663	-0.40603	-0.36926	23.95
881.69	-0.50301	-0.61237	-0.72699	-0.71532	-0.59604	-0.50995	-0.54357	-0.60194	-1.526	-2.5566	-3.5779	-4.0937	-3.8312	-2.9096	-1.8406	-1.5177	-0.62614	0.24353	0.86522	1.0753	0.86445	0.5705	0.24705	0.060649	-0.036432	-0.15199	-0.19283	-0.2705	-0.42069	-0.41753	23.95
867.82	-0.67953	-0.67838	-0.64071	-0.56714	-0.55736	-0.55606	-0.47678	-0.63829	-1.5162	-2.4974	-3.5165	-4.0493	-3.7722	-2.822	-1.8605	-1.47	-0.65405	0.26671	0.8874	1.0371	0.8437	0.56253	0.25994	0.095614	-0.069871	-0.17989	-0.23891	-0.35959	-0.47196	-0.58117	23.918
872.09	-0.6762	-0.67506	-0.74385	-0.61731	-0.50666	-0.44949	-0.52452	-0.77698	-1.5172	-2.4398	-3.4206	-3.8656	-3.6597	-2.7725	-1.7947	-1.3823	-0.56181	0.275	0.87475	0.98614	0.81376	0.58529	0.24977	0.061317	-0.094052	-0.17056	-0.20351	-0.35783	-0.49623	-0.54361	23.886
894.49	-0.60765	-0.58543	-0.58707	-0.49001	-0.49396	-0.47504	-0.48697	-0.63654	-1.3796	-2.3699	-3.2391	-3.7421	-3.518	-2.6423	-1.6852	-1.3128	-0.51302	0.30552	0.86094	0.97934	0.81853	0.57063	0.24352	0.076272	-0.099665	-0.14158	-0.19841	-0.34887	-0.4406	-0.57229	23.902
903.02	-0.64451	-0.66094	-0.59863	-0.48538	-0.4337	-0.52526	-0.46625	-0.40797	-1.3254	-2.1988	-3.2465	-3.7155	-3.4682	-2.5744	-1.5962	-1.2659	-0.49097	0.30264	0.86083	1.0233	0.8108	0.52416	0.2498	0.04288	-0.051358	-0.13209	-0.22133	-0.36039	-0.50491	-0.52499	23.966
920.07	-0.74967	-0.71939	-0.60432	-0.43457	-0.43476	-0.47973	-0.4497	-0.48442	-1.1716	-2.2353	-3.2049	-3.6812	-3.4526	-2.5351	-1.6383	-1.2848	-0.51563	0.28794	0.87636	0.98691	0.77131	0.49026	0.21146	0.066135	-0.10464	-0.16166	-0.24967	-0.36098	-0.50396	-0.56461	23.918
899.83	-0.74088	-0.72654	-0.68659	-0.65815	-0.57473	-0.50883	-0.46791	-0.60699	-1.3549	-2.2944	-3.3247	-3.7729	-3.5551	-2.6439	-1.721	-1.3571	-0.50998	0.27582	0.83169	0.96464	0.772	0.53427	0.22484	0.05123	-0.075308	-0.17349	-0.21382	-0.40626	-0.52389	-0.59413	23.902
881.69	-0.68629	-0.64004	-0.68319	-0.66295	-0.51063	-0.48194	-0.47753	-0.58441	-1.4249	-2.4581	-3.4223	-3.8685	-3.6029	-2.6719	-1.6535	-1.3054	-0.42359	0.35741	0.9063	1.0026	0.77936	0.54526	0.21187	0.069014	-0.11728	-0.19377	-0.21822	-0.37669	-0.42946	-0.58918	23.886
888.09	-0.63802	-0.72698	-0.62608	-0.5282	-0.53521	-0.51555	-0.51507	-0.5976	-1.423	-2.556	-3.4362	-3.93	-3.6189	-2.6701	-1.6602	-1.3135	-0.49049	0.33599	0.88345	1.0315	0.79064	0.53297	0.21908	0.051906	-0.068275	-0.1509	-0.25866	-0.34385	-0.5134	-0.55937	23.966
889.16	-0.69784	-0.72611	-0.6427	-0.5968	-0.54398	-0.50567	-0.51445	-0.68382	-1.4965	-2.4463	-3.3742	-3.8271	-3.5223	-2.5534	-1.6211	-1.2593	-0.48116	0.36382	0.91498	0.97621	0.79813	0.49896	0.21881	0.060139	-0.10828	-0.159	-0.24996	-0.33592	-0.4954	-0.51615	23.918
885.96	-0.74379	-0.7012	-0.7322	-0.66845	-0.59317	-0.61901	-0.61489	-0.61649	-1.3425	-2.3749	-3.2896	-3.7333	-3.434	-2.51	-1.5525	-1.2022	-0.40403	0.43125	0.91828	1.0068	0.77561	0.50914	0.21085	0.068682	-0.084532	-0.16789	-0.25928	-0.32958	-0.45356	-0.5778	23.95
882.76	-0.71161	-0.70374	-0.66486	-0.56626	-0.57636	-0.51866	-0.38627	-0.46111	-1.238	-2.2045	-3.1947	-3.6029	-3.3958	-2.5279	-1.6048	-1.2508	-0.43188	0.35698	0.88879	0.98329	0.78692	0.5446	0.23797	0.043865	-0.10099	-0.18519	-0.27713	-0.39138	-0.48148	-0.59704	23.886
889.16	-0.70649	-0.67124	-0.54716	-0.58815	-0.49693	-0.46863	-0.48171	-0.5795	-1.4463	-2.3752	-3.2006	-3.6752	-3.4384	-2.5359	-1.6211	-1.2154	-0.4637	0.345	0.85795	0.98521	0.83188	0.51565	0.21009	0.026958	-0.1163	-0.159	-0.24156	-0.35848	-0.47801	-0.57572	23.982
896.63	-0.58903	-0.60217	-0.59428	-0.51459	-0.49279	-0.51064	-0.45335	-0.69537	-1.4094	-2.2849	-3.2218	-3.68	-3.4514	-2.4975	-1.5708	-1.2488	-0.48582	0.29546	0.85889	0.98594	0.77475	0.48653	0.1997	0.018508	-0.059675	-0.16589	-0.23955	-0.34804	-0.46541	-0.50341	23.918
903.02	-0.55078	-0.53488	-0.58152	-0.55355	-0.49857	-0.47967	-0.51461	-0.60484	-1.4488	-2.3213	-3.3509	-3.7419	-3.5095	-2.6431	-1.6967	-1.3609	-0.53397	0.28411	0.82072	0.95236	0.77757	0.51595	0.25839	0.034712	-0.082935	-0.16472	-0.21307	-0.31595	-0.43643	-0.45795	23.918
910.48	-0.52091	-0.54836	-0.56827	-0.57437	-0.54962	-0.44861	-0.5104	-0.69328	-1.4859	-2.3717	-3.2764	-3.7462	-3.5544	-2.6982	-1.7824	-1.4011	-0.59781	0.20825	0.77422	0.95335	0.78768	0.52802	0.23072	0.042529	-0.058767	-0.13909	-0.17854	-0.29867	-0.41588	-0.47913	23.934
901.96	-0.5173	-0.58058	-0.56508	-0.63953	-0.59193	-0.4985	-0.53136	-0.64841	-1.327	-2.3415	-3.3168	-3.7816	-3.5798	-2.6721	-1.781	-1.3452	-0.56903	0.24733	0.80563	0.95348	0.81176	0.55768	0.2415	0.042931	-0.059322	-0.13224	-0.17195	-0.27183	-0.41124	-0.4501	23.918
887.03	-0.61276	-0.63619	-0.71391	-0.62426	-0.54529	-0.51617	-0.56492	-0.55475	-1.366	-2.5324	-3.4114	-3.9169	-3.6821	-2.7258	-1.7737	-1.403	-0.57861	0.22319	0.85185	1.0056	0.80851	0.55871	0.24557	0.093543	-0.028176	-0.14277	-0.22532	-0.33673	-0.46173	-0.4918	23.918
865.68	-0.65454	-0.6237	-0.65122	-0.71966	-0.61673	-0.54792	-0.57044	-0.56843	-1.4341	-2.6404	-3.4856	-3.9309	-3.6781	-2.7482	-1.7413	-1.4016	-0.56597	0.30603	0.87286	1.0119	0.84578	0.56391	0.29641	0.09585	-0.04534	-0.16331	-0.22226	-0.35276	-0.42847	-0.57386	23.934
872.09	-0.64973	-0.64709	-0.72614	-0.7232	-0.66018	-0.60998	-0.49114	-0.67062	-1.4917	-2.4761	-3.4305	-3.8838	-3.7109	-2.8348	-1.8514	-1.5254	-0.66865	0.17904	0.8	0.97696	0.82236	0.58529	0.24977	0.052859	-0.10223	-0.15367	-0.22918	-0.31949	-0.49623	-0.52626	23.886
892.36	-0.68671	-0.65061	-0.70099	-0.69814	-0.52328	-0.52231	-0.49629	-0.63806	-1.3412	-2.1985	-3.2564	-3.7243	-3.5264	-2.6573	-1.6707	-1.3684	-0.54035	0.23124	0.83053	1.0176	0.80367	0.53043	0.23541	0.059923	-0.05996	-0.15017	-0.21561	-0.34221	-0.46763	-0.5567	24.014
903.02	-0.65304	-0.66094	-0.69271	-0.61321	-0.6283	-0.51614	-0.44208	-0.54493	-1.0868	-2.1025	-3.066	-3.5044	-3.3031	-2.3938	-1.5049	-1.1622	-0.43938	0.30264	0.82072	0.97009	0.77757	0.51595	0.24122	0.067384	-0.019783	-0.13209	-0.22133	-0.33817	-0.45355	-0.48309	23.902
911.55	-0.73135	-0.72611	-0.61845	-0.5737	-0.50308	-0.45712	-0.46988	-0.40415	-0.99511	-2.1349	-3.0279	-3.4629	-3.2068	-2.3544	-1.4727	-1.1514	-0.42675	0.34571	0.85277	0.94345	0.73738	0.46229	0.18792	0.066753	-0.10562	-0.17934	-0.26019	-0.40103	-0.50867	-0.58649	23.95
896.63	-0.59762	-0.57497	-0.50814	-0.57467	-0.53945	-0.55655	-0.42088	-0.53157	-1.3017	-2.2321	-3.2122	-3.618	-3.4264	-2.5408	-1.626	-1.2662	-0.48582	0.3328	0.80234	0.95915	0.76638	0.51136	0.26023	0.03496	-0.059675	-0.16589	-0.23123	-0.29583	-0.45679	-0.47809	23.902
877.42	-0.53176	-0.53195	-0.61609	-0.60479	-0.55126	-0.50305	-0.52133	-0.64892	-1.6266	-2.389	-3.4878	-3.9235	-3.6714	-2.7645	-1.7556	-1.4362	-0.64689	0.17796	0.77037	0.95278	0.82591	0.53946	0.24825	0.06935	-0.044734	-0.085567	-0.15125	-0.24895	-0.3875	-0.42819	23.966
879.56	-0.67921	-0.71555	-0.6146	-0.53333	-0.56895	-0.52991	-0.56144	-0.911	-1.6649	-2.5988	-3.6256	-4.0856	-3.849	-2.8902	-1.892	-1.548	-0.68063	0.1585	0.82615	0.98687	0.80684	0.54658	0.23002	0.094337	-0.02031	-0.11886	-0.1933	-0.34719	-0.48323	-0.59061	23.918
887.03	-0.48263	-0.63619	-0.6965	-0.63294	-0.58302	-0.67396	-0.66338	-0.85975	-1.5587	-2.6392	-3.595	-4.1139	-3.8838	-2.9272	-1.9225	-1.5701	-0.70116	0.14773	0.80286	0.98758	0.81696	0.54198	0.24557	0.085228	-0.028176	-0.12616	-0.18326	-0.30657	-0.40945	-0.39796	23.902
896.63	-0.61478	-0.64751	-0.75795	-0.78065	-0.62345	-0.63919	-0.63193	-0.66951	-1.4426	-2.5052	-3.48	-3.9724	-3.7674	-2.8698	-1.8835	-1.5446	-0.65901	0.15548	0.78618	0.96808	0.79148	0.54445	0.27753	0.076091	-0.075576	-0.13303	-0.24788	-0.28837	-0.41369	-0.55405	23.934
922.2	-0.73959	-0.77944	-0.73693	-0.69224	-0.6606	-0.59468	-0.55126	-0.45815	-1.322	-2.2644	-3.3277	-3.8278	-3.6305	-2.7481	-1.7866	-1.4595	-0.666	0.16931	0.76438	0.97595	0.79394	0.51326	0.2362	0.041988	-0.034831	-0.1533	-0.20863	-0.34564	-0.50279	-0.53868	23.95
907.29	-0.68389	-0.65783	-0.88525	-0.66121	-0.53311	-0.47742	-0.56835	-0.58496	-1.2782	-2.3191	-3.3541	-3.8907	-3.6574	-2.7933	-1.7978	-1.4405	-0.64271	0.18132	0.79291	0.94788	0.81526	0.53805	0.22299	0.058938	-0.074688	-0.11523	-0.20384	-0.32184	-0.41734	-0.44745	23.998
874.22	-0.72737	-0.66411	-0.61835	-0.56299	-0.52456	-0.50489	-0.53157	-0.55404	-1.3436	-2.5695	-3.5104	-4.0015	-3.7786	-2.9079	-1.9035	-1.5485	-0.71143	0.20732	0.80633	0.99289	0.83751	0.54992	0.2669	0.078041	-0.061205	-0.13644	-0.21155	-0.28811	-0.38008	-0.46438	23.918
862.48	-0.64805	-0.52232	-0.56408	-0.59742	-0.52201	-0.53086	-0.47974	-0.63328	-1.4739	-2.3846	-3.5582	-4.0468	-3.8215	-2.9115	-1.8912	-1.5424	-0.6401	0.22955	0.81732	0.98785	0.80543	0.5402	0.28852	0.079104	-0.037243	-0.12976	-0.21443	-0.33856	-0.41214	-0.52335	23.902
878.49	-0.53112	-0.57758	-0.61534	-0.56025	-0.54106	-0.51181	-0.61183	-0.64813	-1.3962	-2.476	-3.3664	-3.8826	-3.6754	-2.7611	-1.8004	-1.4078	-0.60191	0.22536	0.83539	0.97895	0.83344	0.58103	0.25678	0.086056	-0.052792	-0.11062	-0.16805	-0.33239	-0.43102	-0.50519	23.918
905.16	-0.73651	-0.77616	-0.71668	-0.57776	-0.49739	-0.51493	-0.59381	-0.54364	-1.3633	-2.246	-3.2672	-3.7156	-3.5012	-2.6369	-1.6562	-1.3232	-0.55844	0.24646	0.81078	0.97665	0.76745	0.53112	0.24065	0.042779	-0.043363	-0.12364	-0.22081	-0.34476	-0.48664	-0.50703	23.95
908.35	-0.72545	-0.66601	-0.68014	-0.62655	-0.47722	-0.4406	-0.48756	-0.44812	-1.2604	-2.2555	-3.1991	-3.6675	-3.3822	-2.5763	-1.6231	-1.31	-0.51374	0.26402	0.78401	0.94677	0.79778	0.52926	0.26541	0.091347	-0.066753	-0.13942	-0.23646	-0.32146	-0.46791	-0.55523	23.918
898.76	-0.60476	-0.60074	-0.6874	-0.68461	-0.53817	-0.53691	-0.41178	-0.57331	-1.3647	-2.3586	-3.3096	-3.7685	-3.6174	-2.7594	-1.8515	-1.5149	-0.67473	0.16442	0.76014	0.94797	0.77291	0.55967	0.25962	0.07591	-0.051602	-0.14091	-0.15596	-0.28024	-0.4299	-0.48538	23.902
898.76	-0.76744	-0.66407	-0.74756	-0.60755	-0.53817	-0.52775	-0.46037	-0.59051	-1.2903	-2.4114	-3.4145	-3.9188	-3.7252	-2.9062	-1.9341	-1.593	-0.70929	0.11787	0.7682	0.96578	0.82299	0.57618	0.23373	0.10053	-0.043672	-0.11632	-0.18087	-0.26536	-0.44711	-0.56958	23.886
888.09	-0.66401	-0.72698	-0.69566	-0.66684	-0.54464	-0.57117	-0.53146	-0.67594	-1.423	-2.4137	-3.5135	-4.0463	-3.8623	-3.0111	-1.9945	-1.656	-0.82272	0.091018	0.73665	0.96837	0.81598	0.54968	0.26273	0.068517	-0.020115	-0.13431	-0.18304	-0.35891	-0.46118	-0.49973	23.966
882.76	-0.48496	-0.56558	-0.77861	-0.71446	-0.67115	-0.55597	-0.60063	-0.68002	-1.541	-2.473	-3.5736	-4.0618	-3.8772	-2.9853	-1.9505	-1.613	-0.75732	0.11053	0.75751	1.0014	0.84641	0.56981	0.28189	0.11071	-0.0040858	-0.11008	-0.1926	-0.2929	-0.4377	-0.46846	23.966
894.49	-0.70228	-0.66724	-0.66478	-0.7395	-0.62493	-0.62231	-0.64157	-0.58469	-1.2134	-2.3081	-3.3445	-3.8842	-3.668	-2.7465	-1.8235	-1.4436	-0.6519	0.21198	0.82045	0.95249	0.80176	0.52916	0.26086	0.12574	-0.03591	-0.11688	-0.12333	-0.34887	-0.45788	-0.58075	23.918
898.76	-0.82738	-0.77263	-0.67881	-0.71886	-0.62197	-0.55523	-0.47656	-0.49591	-1.1085	-2.2532	-3.2332	-3.795	-3.6091	-2.7594	-1.824	-1.4368	-0.67473	0.19235	0.78432	0.96578	0.83969	0.55141	0.25962	0.059497	-0.067465	-0.12452	-0.21408	-0.3993	-0.51591	-0.62009	23.966
887.03	-0.75157	-0.72785	-0.67908	-0.68499	-0.59246	-0.54401	-0.49928	-0.51118	-1.2739	-2.3008	-3.2857	-3.7915	-3.5728	-2.6996	-1.6994	-1.3942	-0.5611	0.26093	0.81102	0.98758	0.84234	0.50853	0.26305	0.076914	-0.068358	-0.14277	-0.24214	-0.38196	-0.5663	-0.63683	23.982
866.75	-0.6271	-0.66045	-0.61477	-0.55896	-0.53874	-0.53775	-0.55295	-0.62124	-1.4237	-2.5005	-3.4417	-3.9627	-3.7596	-2.7359	-1.8153	-1.4089	-0.58319	0.27669	0.89686	1.0292	0.81877	0.53754	0.23342	0.078714	-0.03706	-0.14611	-0.2392	-0.36004	-0.46362	-0.52077	23.934
874.22	-0.56012	-0.5525	-0.54767	-0.56299	-0.49585	-0.49548	-0.54822	-0.83698	-1.5645	-2.5062	-3.4319	-3.847	-3.5995	-2.6414	-1.696	-1.3254	-0.4805	0.31261	0.88919	1.002	0.79461	0.54143	0.2669	0.05273	-0.061205	-0.17014	-0.22862	-0.39521	-0.43313	-0.46438	23.886
897.69	-0.57119	-0.54711	-0.6366	-0.68542	-0.60406	-0.58341	-0.57442	-0.74621	-1.4657	-2.291	-3.3326	-3.7641	-3.5386	-2.6502	-1.7067	-1.3603	-0.56309	0.24851	0.80946	0.95801	0.76547	0.5438	0.23401	0.059568	-0.075486	-0.15749	-0.18939	-0.29548	-0.42181	-0.49438	23.886
901.96	-0.705	-0.76088	-0.74491	-0.6054	-0.53626	-0.61716	-0.55557	-0.47701	-1.1952	-2.2452	-3.2218	-3.6759	-3.4806	-2.5602	-1.6255	-1.2501	-0.50877	0.29372	0.81366	0.96236	0.77017	0.49188	0.20711	0.0020449	-0.07513	-0.18941	-0.25468	-0.39047	-0.50551	-0.52561	23.966
901.96	-0.66234	-0.67073	-0.59077	-0.51155	-0.48988	-0.53501	-0.47487	-0.57128	-1.327	-2.2977	-3.2788	-3.7287	-3.4971	-2.586	-1.6712	-1.3279	-0.54321	0.25661	0.85381	0.95348	0.77017	0.50011	0.21571	0.083817	-0.09884	-0.16491	-0.24641	-0.3534	-0.45409	-0.51722	23.918
898.76	-0.6647	-0.7093	-0.62725	-0.54762	-0.53817	-0.54607	-0.58184	-0.61632	-1.4226	-2.3323	-3.2523	-3.7066	-3.4681	-2.552	-1.6497	-1.3153	-0.51922	0.29476	0.86491	0.96578	0.78126	0.49363	0.23373	0.059497	-0.067465	-0.1655	-0.24729	-0.3621	-0.47291	-0.56116	23.918
888.09	-0.72467	-0.6812	-0.60869	-0.51087	-0.51637	-0.58971	-0.49868	-0.53668	-1.356	-2.3781	-3.2914	-3.6707	-3.4594	-2.5739	-1.6509	-1.2784	-0.49923	0.36426	0.84267	0.97738	0.7653	0.53297	0.254	0.076822	-0.060248	-0.13431	-0.22505	-0.3062	-0.45248	-0.58494	23.902
875.29	-0.67373	-0.70975	-0.59112	-0.59747	-0.51436	-0.58893	-0.5725	-0.58869	-1.3674	-2.2414	-3.2709	-3.7697	-3.527	-2.5583	-1.675	-1.2169	-0.5154	0.35047	0.83845	0.9551	0.80221	0.5323	0.24	0.069519	-0.085563	-0.11102	-0.19424	-0.34888	-0.49442	-0.60214	23.918
872.09	-0.79092	-0.75897	-0.56672	-0.51142	-0.46828	-0.52501	-0.58294	-0.58198	-1.398	-2.4127	-3.4403	-3.902	-3.6938	-2.7369	-1.7663	-1.3734	-0.59743	0.2558	0.84153	0.99532	0.80515	0.52575	0.2231	0.035944	-0.028659	-0.17056	-0.22062	-0.34249	-0.5051	-0.54361	23.966
894.49	-0.57323	-0.6127	-0.57843	-0.63626	-0.60622	-0.53947	-0.69039	-0.74888	-1.554	-2.4847	-3.5171	-3.9819	-3.718	-2.8593	-1.8604	-1.5221	-0.69531	0.20262	0.79616	0.97039	0.80176	0.54575	0.27819	0.084516	-0.051848	-0.13335	-0.22344	-0.25167	-0.39739	-0.46231	23.886
904.09	-0.54161	-0.54324	-0.57229	-0.62099	-0.72011	-0.51553	-0.56231	-0.78368	-1.6361	-2.6069	-3.5651	-4.0099	-3.794	-2.8633	-1.8771	-1.5405	-0.64498	0.20047	0.80373	0.95124	0.80155	0.57278	0.25809	0.075463	-0.043414	-0.13193	-0.1798	-0.27859	-0.41882	-0.39882	23.902
903.02	-0.68712	-0.76898	-0.8039	-0.80068	-0.67463	-0.51614	-0.61939	-0.72468	-1.5146	-2.4962	-3.4364	-3.9266	-3.7242	-2.8323	-1.8793	-1.4991	-0.63715	0.21924	0.79666	0.97009	0.78588	0.55703	0.2498	0.083718	-0.075041	-0.1484	-0.2048	-0.36779	-0.50491	-0.48309	23.918
893.43	-0.77202	-0.76814	-0.76931	-0.64563	-0.48519	-0.50326	-0.48756	-0.54213	-1.3563	-2.3727	-3.4253	-3.951	-3.7224	-2.8019	-1.7887	-1.4541	-0.64399	0.20286	0.789	1.0074	0.80271	0.5464	0.23513	0.051596	-0.043932	-0.15824	-0.22371	-0.36426	-0.55359	-0.57297	23.966
877.42	-0.60193	-0.62462	-0.59849	-0.58725	-0.5608	-0.5875	-0.54622	-0.7194	-1.4572	-2.506	-3.566	-4.0412	-3.7988	-2.8884	-1.8966	-1.5073	-0.65574	0.28286	0.8199	0.98014	0.81736	0.52255	0.27477	0.060944	-0.052857	-0.15273	-0.22779	-0.30992	-0.40512	-0.46268	23.902
874.22	-0.45449	-0.5618	-0.51233	-0.50137	-0.51499	-0.59907	-0.58152	-0.61593	-1.4371	-2.4881	-3.4613	-3.9742	-3.7445	-2.7924	-1.8563	-1.4593	-0.66702	0.25518	0.84776	1.0204	0.82893	0.53295	0.24029	0.094913	-0.036743	-0.12801	-0.18594	-0.32636	-0.38892	-0.47303	23.918
883.83	-0.53662	-0.57409	-0.60289	-0.66135	-0.5946	-0.6764	-0.58344	-0.56551	-1.2449	-2.4164	-3.3267	-3.8322	-3.6363	-2.7006	-1.6962	-1.3287	-0.54556	0.28081	0.82216	0.9821	0.81992	0.56073	0.25523	0.060502	-0.060539	-0.12662	-0.21769	-0.25471	-0.39344	-0.46789	23.966
901.96	-0.6794	-0.6527	-0.56508	-0.5798	-0.60121	-0.58065	-0.48294	-0.49415	-1.2775	-2.3328	-3.2693	-3.8256	-3.5632	-2.7237	-1.7078	-1.4144	-0.60347	0.21022	0.78154	0.97123	0.82008	0.53301	0.21571	0.083817	-0.051419	-0.099574	-0.22986	-0.32374	-0.43695	-0.49205	23.982
913.68	-0.60331	-0.58203	-0.58319	-0.66501	-0.68507	-0.61825	-0.55641	-0.62317	-1.253	-2.2942	-3.218	-3.6896	-3.5094	-2.6463	-1.7401	-1.4218	-0.61272	0.19837	0.79529	0.98505	0.77671	0.52617	0.24689	0.10696	-0.01175	-0.12248	-0.20241	-0.34886	-0.4398	-0.43604	23.918
900.89	-0.77417	-0.75275	-0.78865	-0.64028	-0.71338	-0.65445	-0.5643	-0.60628	-1.0069	-2.204	-3.2065	-3.6802	-3.5344	-2.6666	-1.7831	-1.4247	-0.60418	0.21047	0.7905	0.93684	0.78774	0.57481	0.28483	0.083916	-0.05148	-0.10787	-0.17215	-0.29443	-0.49753	-0.57663	23.918
891.29	-0.7048	-0.66051	-0.79715	-0.68171	-0.59901	-0.60607	-0.50505	-0.54342	-1.1594	-2.1657	-3.2507	-3.6842	-3.5473	-2.7128	-1.8115	-1.4751	-0.65424	0.18457	0.78276	0.98285	0.82989	0.55603	0.27049	0.076546	-0.052034	-0.15035	-0.18238	-0.35012	-0.50288	-0.57435	23.918
874.22	-0.70976	-0.71061	-0.7067	-0.76545	-0.65857	-0.58023	-0.53989	-0.56288	-1.1651	-2.2351	-3.324	-3.8289	-3.6678	-2.8013	-1.8375	-1.5039	-0.70255	0.15946	0.77319	1.0204	0.8461	0.55841	0.25803	0.069604	-0.020434	-0.11116	-0.22009	-0.33401	-0.45966	-0.50766	23.966
873.15	-0.68419	-0.68355	-0.67218	-0.72232	-0.66895	-0.67524	-0.55722	-0.60783	-1.2091	-2.3554	-3.3575	-3.8972	-3.7149	-2.8225	-1.8964	-1.5504	-0.74787	0.13091	0.81562	0.98494	0.85572	0.57608	0.26723	0.11192	-0.085772	-0.1366	-0.23745	-0.33442	-0.50448	-0.56028	23.902
891.29	-0.59256	-0.6149	-0.58051	-0.56084	-0.58962	-0.59683	-0.64387	-0.53475	-1.0594	-2.3429	-3.2603	-3.7644	-3.5641	-2.7215	-1.8208	-1.4663	-0.68038	0.17519	0.81527	0.98285	0.84672	0.54771	0.25309	0.10965	-0.052034	-0.12556	-0.2075	-0.33511	-0.39882	-0.45548	23.934
896.63	-0.58045	-0.48428	-0.68042	-0.68624	-0.62345	-0.59328	-0.59946	-0.59192	-1.3597	-2.2321	-3.3174	-3.7863	-3.5678	-2.714	-1.7548	-1.4141	-0.58107	0.25814	0.83465	0.97701	0.79985	0.53618	0.26888	0.084315	-0.067626	-0.13303	-0.21459	-0.28837	-0.42231	-0.46965	23.918
904.09	-0.55864	-0.54324	-0.62355	-0.70611	-0.69234	-0.64302	-0.58646	-0.53573	-1.2006	-2.3972	-3.2331	-3.7111	-3.5219	-2.6228	-1.7494	-1.3334	-0.56769	0.25601	0.81174	0.96894	0.80984	0.55637	0.23235	0.075463	-0.043414	-0.16452	-0.14678	-0.32297	-0.44447	-0.49089	23.95
892.36	-0.72983	-0.73261	-0.77023	-0.65503	-0.62643	-0.58689	-0.55339	-0.5601	-1.2496	-2.287	-3.1988	-3.6887	-3.493	-2.6399	-1.68	-1.3597	-0.55775	0.24062	0.81429	0.98168	0.79527	0.49717	0.20934	0.026862	-0.043985	-0.13366	-0.25742	-0.40966	-0.55425	-0.5567	23.95
871.02	-0.88023	-0.81591	-0.71816	-0.56506	-0.48807	-0.55401	-0.44161	-0.4762	-1.2461	-2.2614	-3.2476	-3.7517	-3.5272	-2.6511	-1.7117	-1.3393	-0.57142	0.31376	0.85919	1.0149	0.7803	0.51787	0.22337	0.052924	-0.13509	-0.19614	-0.30657	-0.38898	-0.53234	-0.61378	23.95
874.22	-0.73617	-0.71061	-0.65369	-0.63341	-0.52456	-0.55198	-0.49827	-0.59825	-1.2246	-2.1808	-3.2259	-3.638	-3.4972	-2.597	-1.6865	-1.3344	-0.50715	0.28389	0.83947	0.99289	0.77744	0.55841	0.24029	0.027419	-0.093822	-0.20385	-0.23716	-0.37226	-0.53039	-0.62884	23.902
889.16	-0.76707	-0.6621	-0.59927	-0.61411	-0.52516	-0.46863	-0.49808	-0.50126	-1.1622	-2.1531	-3.1524	-3.6931	-3.5223	-2.7018	-1.7417	-1.3558	-0.58595	0.25089	0.81722	0.9492	0.815	0.48227	0.21881	0.043549	-0.10828	-0.14243	-0.21639	-0.37353	-0.54755	-0.60125	23.95
907.29	-0.67541	-0.66679	-0.57879	-0.47462	-0.47778	-0.50464	-0.49615	-0.57644	-1.0735	-2.2407	-3.1839	-3.7068	-3.5177	-2.6393	-1.7341	-1.3975	-0.59992	0.20899	0.8488	0.98317	0.79045	0.53805	0.22299	0.10771	-0.043261	-0.12335	-0.22029	-0.34395	-0.43438	-0.54754	23.934
914.75	-0.50165	-0.53691	-0.57407	-0.53805	-0.48303	-0.50053	-0.49211	-0.53794	-1.1053	-2.2656	-3.2799	-3.7374	-3.5297	-2.6857	-1.72	-1.3946	-0.56956	0.28046	0.83396	0.97516	0.80861	0.50123	0.26356	0.058457	-0.058493	-0.11429	-0.21034	-0.27535	-0.38014	-0.45208	23.918
906.22	-0.53185	-0.46121	-0.61356	-0.54311	-0.49681	-0.55975	-0.48067	-0.543	-1.3043	-2.409	-3.4337	-3.8953	-3.7028	-2.8652	-1.8727	-1.554	-0.68631	0.18153	0.77786	0.9755	0.79138	0.54687	0.27459	0.091561	-0.043312	-0.12349	-0.19585	-0.26318	-0.37519	-0.44798	23.918
881.69	-0.59901	-0.68615	-0.62187	-0.54949	-0.57706	-0.63134	-0.61787	-0.54934	-1.4923	-2.4133	-3.4514	-3.9856	-3.8312	-2.9625	-1.9622	-1.5796	-0.6966	0.13913	0.81593	0.9754	0.88147	0.57892	0.27344	0.052283	-0.052601	-0.13528	-0.16744	-0.28567	-0.42069	-0.47761	23.918
871.02	-0.60635	-0.60121	-0.71816	-0.67991	-0.54571	-0.56346	-0.48339	-0.49395	-1.1694	-2.3612	-3.4051	-3.9615	-3.7583	-2.8651	-1.8253	-1.5004	-0.64273	0.20808	0.83425	1.0333	0.89227	0.62008	0.26789	0.078328	-0.0041409	-0.086196	-0.19519	-0.29685	-0.41697	-0.47477	23.95
882.76	-0.5547	-0.62084	-0.65611	-0.56626	-0.51001	-0.51866	-0.50169	-0.48738	-0.96865	-2.1329	-3.2821	-3.7828	-3.6323	-2.7214	-1.7917	-1.4275	-0.63418	0.20532	0.86418	1.0014	0.82091	0.5446	0.25554	0.10235	-0.052537	-0.13512	-0.20105	-0.33078	-0.48148	-0.50275	23.934
885.96	-0.63956	-0.62778	-0.68862	-0.64239	-0.54595	-0.47962	-0.47523	-0.45072	-1.0742	-2.1163	-3.2315	-3.7243	-3.5519	-2.6853	-1.7666	-1.4135	-0.55301	0.23291	0.85288	0.9707	0.79254	0.56775	0.25461	0.060356	-0.084532	-0.19283	-0.22559	-0.33713	-0.51464	-0.55218	23.886
888.09	-0.56004	-0.57134	-0.61739	-0.58885	-0.5729	-0.45992	-0.53965	-0.52797	-1.2556	-2.2535	-3.2141	-3.7601	-3.5517	-2.6876	-1.7345	-1.3662	-0.56043	0.25119	0.82636	0.97738	0.83288	0.52462	0.23654	0.060211	-0.060248	-0.084539	-0.22505	-0.32126	-0.46118	-0.51677	23.998
901.96	-0.53436	-0.58058	-0.59933	-0.6054	-0.50843	-0.40722	-0.47487	-0.49415	-1.2199	-2.1225	-3.1552	-3.6407	-3.4393	-2.5602	-1.6712	-1.2587	-0.50016	0.27516	0.83775	0.95348	0.82008	0.50833	0.2415	0.042931	-0.07513	-0.12408	-0.25468	-0.34598	-0.42838	-0.43332	23.934
903.02	-0.47408	-0.46285	-0.42757	-0.43425	-0.52637	-0.50703	-0.57103	-0.46789	-1.1937	-2.1988	-3.161	-3.6803	-3.4269	-2.5486	-1.651	-1.3263	-0.52537	0.26557	0.85281	0.97009	0.79418	0.52416	0.23263	0.10822	-0.035571	-0.12393	-0.2048	-0.33817	-0.38508	-0.43281	23.918
888.09	-0.58603	-0.61711	-0.56521	-0.59752	-0.55406	-0.50628	-0.54785	-0.47575	-1.3393	-2.4048	-3.359	-3.8764	-3.6021	-2.6876	-1.7252	-1.375	-0.56917	0.27946	0.8753	0.9864	0.82443	0.52462	0.23654	0.085125	-0.068275	-0.15919	-0.19984	-0.29867	-0.41766	-0.50825	23.918
871.02	-0.62402	-0.58254	-0.63836	-0.6004	-0.56492	-0.53511	-0.47503	-0.45846	-1.4509	-2.4973	-3.5134	-4.0436	-3.7925	-2.8472	-1.8632	-1.4825	-0.61599	0.29454	0.85088	1.0057	0.81475	0.55194	0.22337	0.061392	-0.094167	-0.16231	-0.25516	-0.29685	-0.45247	-0.50084	23.918
873.15	-0.5608	-0.54386	-0.6368	-0.67825	-0.54437	-0.51494	-0.50721	-0.62554	-1.5154	-2.4459	-3.5147	-4.0155	-3.8089	-2.8492	-1.8114	-1.4164	-0.60559	0.26508	0.8488	1.0399	0.85572	0.55059	0.24947	0.061242	-0.053115	-0.1113	-0.19472	-0.33442	-0.42481	-0.49961	23.966
894.49	-0.60765	-0.57634	-0.5957	-0.62766	-0.54074	-0.47504	-0.53579	-0.61061	-1.2716	-2.3699	-3.4212	-3.8842	-3.6763	-2.7725	-1.7497	-1.4175	-0.59982	0.23069	0.83664	1.0241	0.82692	0.53746	0.24352	0.018552	-0.067787	-0.11688	-0.22344	-0.33392	-0.45788	-0.48769	23.982
906.22	-0.5828	-0.55093	-0.5539	-0.58557	-0.59838	-0.54158	-0.52083	-0.50035	-1.1567	-2.2782	-3.3107	-3.8251	-3.6041	-2.7366	-1.7817	-1.4336	-0.60063	0.2554	0.8498	0.99316	0.79138	0.51413	0.24036	0.03459	-0.090509	-0.16414	-0.27819	-0.31483	-0.43489	-0.44798	23.918
895.56	-0.6327	-0.59381	-0.51737	-0.49802	-0.42797	-0.40093	-0.44576	-0.35958	-1.0875	-2.2083	-3.3118	-3.8175	-3.6137	-2.7172	-1.7753	-1.4158	-0.60778	0.26779	0.85991	0.99605	0.81756	0.52025	0.27786	0.043238	-0.083626	-0.15786	-0.23984	-0.29618	-0.50049	-0.52091	23.918
900.89	-0.62896	-0.57225	-0.5486	-0.52924	-0.48117	-0.41684	-0.49159	-0.54622	-1.1883	-2.2303	-3.3113	-3.8566	-3.6419	-2.7701	-1.8014	-1.4161	-0.57832	0.23834	0.82266	0.99015	0.84603	0.59128	0.25039	0.092103	-0.067306	-0.1324	-0.18044	-0.30185	-0.46321	-0.55143	23.918
904.09	-0.66078	-0.56123	-0.56375	-0.64653	-0.51649	-0.49732	-0.50596	-0.52718	-1.2992	-2.3535	-3.3754	-3.8781	-3.6785	-2.7946	-1.8041	-1.4714	-0.67075	0.20047	0.78771	0.9955	0.80155	0.51534	0.22378	0.010197	-0.074952	-0.14008	-0.22107	-0.32297	-0.44447	-0.46578	23.966
879.56	-0.59172	-0.59537	-0.63216	-0.54207	-0.54041	-0.50183	-0.56144	-0.47158	-1.3523	-2.5628	-3.4988	-4.0224	-3.7642	-2.8372	-1.8545	-1.5036	-0.66297	0.19655	0.85085	0.98687	0.83243	0.52128	0.23883	0.085951	-0.085148	-0.14399	-0.21875	-0.33198	-0.42171	-0.43575	23.918
882.76	-0.65931	-0.584	-0.55112	-0.57498	-0.52897	-0.55597	-0.47696	-0.55743	-1.6167	-2.4998	-3.5444	-4.0258	-3.7843	-2.8709	-1.8664	-1.4893	-0.64298	0.26219	0.83956	1.0014	0.81242	0.553	0.27311	0.060575	-0.068688	-0.14346	-0.22641	-0.3232	-0.41143	-0.52847	23.918
893.43	-0.67728	-0.64983	-0.65693	-0.57673	-0.49455	-0.52169	-0.56087	-0.64595	-1.4727	-2.4877	-3.4349	-3.951	-3.6807	-2.6976	-1.7057	-1.2882	-0.52232	0.35272	0.87818	1.0163	0.86149	0.5464	0.26985	0.059852	-0.059889	-0.10053	-0.17359	-0.32683	-0.51033	-0.53909	23.966
889.16	-0.59398	-0.65295	-0.70351	-0.57949	-0.54398	-0.52419	-0.57175	-0.55342	-1.2374	-2.3752	-3.3357	-3.8449	-3.6145	-2.6931	-1.7324	-1.3997	-0.58595	0.23207	0.84166	1.0032	0.79813	0.52399	0.24498	0.060139	-0.044143	-0.13415	-0.22478	-0.35096	-0.52148	-0.5587	23.934
879.56	-0.54797	-0.55839	-0.57069	-0.55082	-0.58798	-0.44567	-0.52834	-0.54189	-1.327	-2.3023	-3.3428	-3.8508	-3.5692	-2.6342	-1.7044	-1.3617	-0.55704	0.28217	0.86732	0.98687	0.79831	0.52128	0.24765	0.077567	-0.044625	-0.11886	-0.21027	-0.34719	-0.42171	-0.48737	23.934
885.96	-0.56138	-0.54518	-0.60144	-0.56421	-0.56484	-0.4982	-0.47523	-0.57287	-1.4264	-2.4195	-3.3767	-3.823	-3.5939	-2.7466	-1.7666	-1.4399	-0.58807	0.23291	0.8447	0.9707	0.79254	0.52588	0.28087	0.08533	-0.060394	-0.15126	-0.28455	-0.29939	-0.46229	-0.44968	23.902
904.09	-0.54161	-0.49827	-0.58938	-0.48481	-0.40542	-0.50643	-0.48181	-0.47588	-1.3731	-2.3098	-3.2616	-3.7024	-3.4476	-2.5885	-1.6126	-1.3334	-0.5591	0.22824	0.81174	1.0221	0.86793	0.57278	0.28382	0.091777	-0.011874	-0.066747	-0.17155	-0.2564	-0.37607	-0.42393	23.998
910.48	-0.54626	-0.54836	-0.57675	-0.55747	-0.50367	-0.48479	-0.49441	-0.62536	-1.4043	-2.2675	-3.2669	-3.7113	-3.5053	-2.6044	-1.6918	-1.3412	-0.55518	0.23583	0.82991	0.96214	0.82888	0.55246	0.25627	0.099234	-0.011791	-0.131	-0.19493	-0.31336	-0.3989	-0.44588	23.934
905.16	-0.63449	-0.5965	-0.58868	-0.61176	-0.5621	-0.55131	-0.56969	-0.68028	-1.3469	-2.5427	-3.2957	-3.7682	-3.5424	-2.6627	-1.7382	-1.4008	-0.60991	0.24646	0.79478	0.9678	0.79231	0.52293	0.27492	0.091669	-0.066988	-0.13178	-0.2373	-0.30782	-0.41833	-0.49031	23.902
892.36	-0.69533	-0.65972	-0.63175	-0.63778	-0.60767	-0.6238	-0.53707	-0.5601	-1.2996	-2.3136	-3.2564	-3.6976	-3.4595	-2.6051	-1.7077	-1.3597	-0.58385	0.25937	0.79806	0.96374	0.8289	0.53874	0.27886	0.084718	-0.051972	-0.13366	-0.22397	-0.30474	-0.48496	-0.5567	23.902
881.69	-0.74739	-0.77837	-0.71823	-0.67168	-0.59604	-0.5473	-0.51881	-0.57564	-1.2479	-2.3953	-3.2472	-3.7243	-3.5268	-2.6542	-1.7096	-1.3584	-0.53808	0.25302	0.82415	0.9754	0.79638	0.56209	0.24705	0.085743	-0.060686	-0.1687	-0.18437	-0.33876	-0.53466	-0.58918	23.886
880.63	-0.76577	-0.82548	-0.82435	-0.68997	-0.57776	-0.64146	-0.49464	-0.55001	-1.1566	-2.2906	-3.2803	-3.774	-3.5734	-2.6663	-1.7117	-1.3512	-0.574	0.25332	0.81692	1.0039	0.80586	0.52065	0.23855	0.069098	-0.060759	-0.16054	-0.22696	-0.37715	-0.51775	-0.56412	23.918
880.63	-0.63469	-0.66851	-0.84189	-0.82105	-0.72029	-0.56667	-0.45332	-0.48856	-0.99631	-2.0753	-3.1635	-3.6657	-3.4887	-2.5957	-1.6368	-1.3335	-0.52991	0.27233	0.84982	1.0039	0.80586	0.52065	0.22974	0.035595	-0.07695	-0.14381	-0.26085	-0.36955	-0.5002	-0.51256	23.902
889.16	-0.69784	-0.69867	-0.68614	-0.57084	-0.4687	-0.49641	-0.46534	-0.45779	-1.0703	-2.2952	-3.162	-3.6216	-3.4049	-2.5534	-1.6025	-1.2768	-0.4637	0.35441	0.84981	0.99421	0.73907	0.52399	0.23626	0.035254	-0.10828	-0.25013	-0.27513	-0.32087	-0.52148	-0.57572	23.902
906.22	-0.54034	-0.54196	-0.51129	-0.58557	-0.58914	-0.48707	-0.44052	-0.4577	-1.0912	-2.1736	-3.1025	-3.5885	-3.3326	-2.4539	-1.5724	-1.1753	-0.4207	0.35697	0.86578	0.95783	0.77482	0.48957	0.19758	0.03459	-0.090509	-0.14788	-0.20408	-0.32959	-0.45195	-0.48973	23.918
905.16	-0.56648	-0.53362	-0.51189	-0.45873	-0.57135	-0.49673	-0.50536	-0.51802	-1.2074	-2.3071	-3.182	-3.7068	-3.4601	-2.6112	-1.6744	-1.2887	-0.52413	0.29268	0.8508	0.9678	0.80889	0.49834	0.20638	0.050928	-0.10637	-0.13178	-0.20432	-0.32259	-0.4781	-0.50703	23.966
901.96	-0.66234	-0.6527	-0.64215	-0.51155	-0.46205	-0.46198	-0.49908	-0.54557	-1.2528	-2.2714	-3.3073	-3.7375	-3.5137	-2.5946	-1.6438	-1.276	-0.50016	0.303	0.84578	0.98898	0.77849	0.50011	0.22431	0.026576	-0.07513	-0.17308	-0.21332	-0.30891	-0.4798	-0.51722	23.998
878.49	-0.63623	-0.62386	-0.64172	-0.62157	-0.63632	-0.58679	-0.49585	-0.53375	-1.3455	-2.4221	-3.3859	-3.8826	-3.6245	-2.6728	-1.7159	-1.3634	-0.5312	0.28251	0.88487	0.99718	0.79928	0.52191	0.22147	0.077661	-0.044679	-0.1777	-0.25299	-0.37806	-0.46622	-0.53103	23.918
874.22	-0.54251	-0.506	-0.53	-0.56299	-0.51499	-0.50489	-0.46497	-0.64246	-1.3436	-2.452	-3.4221	-3.9015	-3.6934	-2.7658	-1.8375	-1.4057	-0.59597	0.32218	0.85605	1.0204	0.79461	0.55841	0.2669	0.069604	-0.069359	-0.13644	-0.22009	-0.28811	-0.4066	-0.44707	23.902
893.43	-0.50501	-0.54973	-0.51861	-0.51643	-0.47582	-0.48483	-0.60975	-0.53347	-1.3812	-2.3197	-3.4349	-3.9066	-3.7058	-2.7758	-1.798	-1.393	-0.62661	0.23096	0.79711	0.98947	0.8363	0.52979	0.22645	0.051596	-0.075847	-0.11702	-0.18194	-0.31934	-0.41517	-0.42052	23.982
906.22	-0.56581	-0.55991	-0.51981	-0.52612	-0.52451	-0.53249	-0.47264	-0.53447	-1.4109	-2.4962	-3.4148	-3.904	-3.7275	-2.7709	-1.809	-1.4594	-0.6349	0.21847	0.8498	1.0197	0.80794	0.53869	0.20614	0.091561	-0.027579	-0.13162	-0.17938	-0.32221	-0.41784	-0.43128	23.934
897.69	-0.55405	-0.56523	-0.49893	-0.53112	-0.51085	-0.55589	-0.53388	-0.47066	-1.4409	-2.5287	-3.4759	-3.9765	-3.738	-2.8405	-1.8354	-1.4645	-0.64958	0.24851	0.84173	0.99368	0.80726	0.51075	0.2772	0.092431	-0.059604	-0.15749	-0.23927	-0.33273	-0.43042	-0.50281	23.918
885.96	-0.58744	-0.59107	-0.59272	-0.56421	-0.5365	-0.53538	-0.50809	-0.59904	-1.5438	-2.4462	-3.4445	-3.9305	-3.7117	-2.7466	-1.7945	-1.3783	-0.56178	0.2518	0.86105	0.98877	0.84335	0.52588	0.24586	0.060356	-0.076486	-0.14294	-0.20875	-0.36733	-0.45356	-0.54364	23.934
887.03	-0.61276	-0.68202	-0.7052	-0.67632	-0.57359	-0.62755	-0.57312	-0.8249	-1.4247	-2.3008	-3.363	-3.8004	-3.6064	-2.6645	-1.6622	-1.3151	-0.51733	0.29866	0.82735	1.0056	0.78314	0.55871	0.21934	0.035338	-0.068358	-0.15108	-0.25056	-0.36688	-0.45302	-0.54298	23.982
882.76	-0.8075	-0.77743	-0.77861	-0.70574	-0.4721	-0.58395	-0.64185	-0.51365	-0.96023	-2.1329	-3.2044	-3.6478	-3.438	-2.5279	-1.6142	-1.2596	-0.47586	0.30011	0.84777	1.0196	0.80392	0.52779	0.20283	0.035509	-0.068688	-0.1685	-0.26868	-0.37623	-0.55152	-0.54561	23.902
887.03	-0.75157	-0.71869	-0.60942	-0.56354	-0.53586	-0.48832	-0.41723	-0.43275	-1.0226	-2.1404	-3.1213	-3.6393	-3.3963	-2.4895	-1.6064	-1.236	-0.48232	0.3647	0.87635	0.98758	0.78314	0.4918	0.20186	0.060284	-0.052284	-0.16769	-0.28421	-0.38196	-0.48787	-0.67095	23.95
896.63	-0.66628	-0.5659	-0.59428	-0.5575	-0.51146	-0.428	-0.40464	-0.43674	-1.1857	-2.2585	-3.1644	-3.6003	-3.4431	-2.5494	-1.6536	-1.301	-0.5118	0.28613	0.83465	0.95022	0.77475	0.47826	0.25159	0.051412	-0.083527	-0.17411	-0.24788	-0.37042	-0.48265	-0.56249	23.902
907.29	-0.58211	-0.63991	-0.61284	-0.54247	-0.52389	-0.52279	-0.44	-0.57644	-1.3192	-2.3278	-3.2312	-3.6893	-3.493	-2.6136	-1.6978	-1.3459	-0.50578	0.2551	0.83283	0.95671	0.75738	0.52988	0.23154	0.034549	-0.082545	-0.16394	-0.21206	-0.34395	-0.4429	-0.48916	23.902
897.69	-0.5369	-0.53805	-0.57637	-0.49683	-0.46424	-0.48252	-0.50956	-0.66871	-1.3829	-2.4055	-3.3899	-3.8615	-3.6466	-2.7021	-1.7343	-1.4037	-0.58038	0.23919	0.80139	1.0026	0.7989	0.51075	0.22537	0.051351	-0.035782	-0.13287	-0.19771	-0.25823	-0.43903	-0.44381	23.95
889.16	-0.44685	-0.40605	-0.66008	-0.67469	-0.57221	-0.57975	-0.53082	-0.8403	-1.5633	-2.5441	-3.5189	-3.97	-3.7655	-2.8852	-1.9086	-1.5488	-0.67328	0.18502	0.82537	0.9492	0.815	0.55737	0.2973	0.07673	-0.052159	-0.12586	-0.17443	-0.24566	-0.32154	-0.33743	23.902
892.36	-0.52286	-0.5686	-0.62309	-0.78438	-0.55141	-0.54076	-0.67573	-0.66405	-1.4495	-2.4641	-3.4967	-4.0003	-3.7603	-2.8226	-1.8925	-1.5083	-0.71437	0.21248	0.78994	0.96374	0.81208	0.53874	0.26148	0.11778	-0.051972	-0.13366	-0.19889	-0.26726	-0.35503	-0.44646	23.902
887.03	-0.78627	-0.79202	-0.84452	-0.78042	-0.61133	-0.57186	-0.48287	-0.53732	-1.2488	-2.47	-3.4017	-3.8721	-3.6568	-2.7258	-1.7459	-1.3591	-0.60487	0.2515	0.80286	1.0147	0.81696	0.56707	0.28928	0.068599	-0.036213	-0.10956	-0.2085	-0.36688	-0.52273	-0.54298	23.966
899.83	-0.67246	-0.56389	-0.65225	-0.58973	-0.57473	-0.51798	-0.50027	-0.52968	-1.2888	-2.2241	-3.2675	-3.7729	-3.5551	-2.6698	-1.7669	-1.4004	-0.61353	0.20142	0.83169	0.96464	0.80534	0.51778	0.25069	0.092212	-0.035698	-0.14893	-0.2387	-0.33937	-0.5153	-0.52685	23.918
912.62	-0.54499	-0.60053	-0.57541	-0.5646	-0.58501	-0.49267	-0.46135	-0.47144	-1.2382	-2.2363	-3.2593	-3.7635	-3.5707	-2.6834	-1.7692	-1.4235	-0.63045	0.21694	0.81209	0.96866	0.79406	0.53491	0.25568	0.066676	-0.050818	-0.15491	-0.219	-0.37125	-0.42338	-0.47801	23.95
900.89	-0.65458	-0.6264	-0.59147	-0.54632	-0.46259	-0.45339	-0.41889	-0.58912	-1.4357	-2.3881	-3.3493	-3.7772	-3.584	-2.6839	-1.7465	-1.3901	-0.52661	0.23834	0.82266	0.94573	0.7461	0.51717	0.24179	0.051169	-0.067306	-0.17328	-0.197	-0.29443	-0.50611	-0.54303	23.886
871.02	-0.63286	-0.58254	-0.58515	-0.6269	-0.49767	-0.48785	-0.45832	-0.85781	-1.5276	-2.5426	-3.4248	-3.8338	-3.5443	-2.5976	-1.6548	-1.2945	-0.45553	0.35219	0.90909	1.0149	0.78892	0.54342	0.20557	0.052924	-0.077798	-0.17923	-0.2209	-0.31988	-0.47909	-0.5964	23.902
875.29	-0.64735	-0.64472	-0.62642	-0.60626	-0.54304	-0.5419	-0.63902	-0.71232	-1.4523	-2.3497	-3.3395	-3.7879	-3.527	-2.5672	-1.6091	-1.1901	-0.46218	0.34091	0.86328	0.97339	0.80221	0.49839	0.21342	0.018959	-0.11	-0.11102	-0.22834	-0.32596	-0.47676	-0.49839	23.95
891.29	-0.76524	-0.76086	-0.66716	-0.5263	-0.46757	-0.58759	-0.51322	-0.56077	-1.3345	-2.2277	-3.2411	-3.6842	-3.3968	-2.4863	-1.5247	-1.1863	-0.41032	0.39112	0.87216	1.0367	0.77939	0.51441	0.22699	0.068271	-0.036039	-0.15862	-0.24936	-0.37263	-0.5289	-0.57435	23.902
894.49	-0.59044	-0.59452	-0.55253	-0.4642	-0.48461	-0.55788	-0.49511	-0.61925	-1.5208	-2.3611	-3.3062	-3.7598	-3.468	-2.5121	-1.6114	-1.2082	-0.49566	0.37101	0.89333	0.97934	0.79337	0.51257	0.22618	0.068026	-0.075756	-0.12511	-0.25681	-0.31896	-0.40603	-0.47923	23.918
900.89	-0.61187	-0.65347	-0.70292	-0.58049	-0.60192	-0.5722	-0.53199	-0.7264	-1.5595	-2.4145	-3.3113	-3.742	-3.5261	-2.6408	-1.6641	-1.2862	-0.48352	0.30335	0.86286	0.97238	0.78774	0.51717	0.22457	0.042982	-0.091044	-0.16511	-0.22185	-0.33897	-0.45463	-0.53463	23.902
903.02	-0.72121	-0.73297	-0.71837	-0.67286	-0.5449	-0.50703	-0.54685	-0.53637	-1.3254	-2.26	-3.2844	-3.7595	-3.5343	-2.6431	-1.7241	-1.3263	-0.59416	0.25631	0.8127	0.98781	0.82742	0.53238	0.24122	0.059216	-0.059252	-0.11577	-0.2048	-0.33817	-0.53059	-0.56689	23.95
892.36	-0.79019	-0.75084	-0.77888	-0.62916	-0.59829	-0.52231	-0.52892	-0.49946	-1.2746	-2.473	-3.3621	-3.8578	-3.6684	-2.7095	-1.7539	-1.4209	-0.60996	0.18435	0.85488	0.99065	0.81208	0.53874	0.21803	0.043393	-0.035996	-0.14192	-0.21561	-0.33471	-0.55425	-0.53974	23.934
880.63	-0.67838	-0.62235	-0.68402	-0.65502	-0.54926	-0.51057	-0.42026	-0.46223	-1.3507	-2.461	-3.3875	-3.8642	-3.6496	-2.7633	-1.8054	-1.4398	-0.60045	0.21532	0.81692	0.99476	0.8229	0.57962	0.28257	0.085847	-0.060759	-0.15218	-0.21001	-0.26323	-0.46509	-0.50397	23.886
889.16	-0.63725	-0.64381	-0.6427	-0.64008	-0.57221	-0.49641	-0.53901	-0.62297	-1.4798	-2.4907	-3.3453	-3.8717	-3.6565	-2.7542	-1.8066	-1.4084	-0.62088	0.24148	0.80908	0.9582	0.82344	0.54068	0.24498	0.051844	-0.076211	-0.12586	-0.18282	-0.35096	-0.54755	-0.5587	23.966
899.83	-0.47577	-0.52774	-0.62651	-0.64959	-0.52824	-0.52713	-0.50835	-0.58122	-1.3879	-2.3734	-3.258	-3.7905	-3.522	-2.6612	-1.721	-1.3484	-0.57901	0.22932	0.81559	0.95574	0.83036	0.54252	0.24207	0.07582	-0.067385	-0.11618	-0.23041	-0.31707	-0.48953	-0.47639	23.966
895.56	-0.64129	-0.67552	-0.62086	-0.56676	-0.65222	-0.60318	-0.53516	-0.59262	-1.212	-2.3494	-3.2831	-3.7642	-3.5554	-2.6305	-1.7016	-1.3548	-0.53842	0.27713	0.85182	1.0139	0.8008	0.53682	0.24323	0.043238	-0.059746	-0.18254	-0.24817	-0.37086	-0.47459	-0.53781	23.918
887.03	-0.70819	-0.70035	-0.64425	-0.61559	-0.59246	-0.56258	-0.50748	-0.57218	-1.3325	-2.2562	-3.2857	-3.7378	-3.5056	-2.612	-1.6715	-1.3415	-0.53484	0.31753	0.90085	1.0147	0.80851	0.50853	0.22808	0.060284	-0.076394	-0.17599	-0.25897	-0.38196	-0.51402	-0.56858	23.902
888.09	-0.69001	-0.67205	-0.63478	-0.60618	-0.58232	-0.59898	-0.50687	-0.50186	-1.2222	-2.2268	-3.2238	-3.6885	-3.5097	-2.6613	-1.7623	-1.375	-0.5954	0.22293	0.78558	0.96837	0.79909	0.55804	0.254	0.035296	-0.084329	-0.1509	-0.21665	-0.35138	-0.46988	-0.55937	23.902
