40261	27	10	88	21	760	4	9	9.11	0	256	8192	1	0	0	0	0	100	1027.9	1.5291e+006	0.12039	0	41.39	0	0	0	0	0	0	8	0	0
1018.1	0.066486	0.097867	0.013869	-0.19111	-0.42468	-0.60136	-0.99424	-1.3672	-1.7856	-2.1188	-2.179	-2.0246	-1.3554	-0.49223	0.13254	0.33442	0.7256	0.93071	0.84098	0.57677	0.17581	-0.038869	-0.19572	-0.2736	-0.19963	-0.22853	-0.089847	-0.068619	0.048894	0.079815	9.1314
1019.1	0.043764	0.065853	0.013854	-0.23622	-0.47351	-0.65728	-1.0432	-1.3809	-1.7911	-2.1244	-2.1599	-1.9679	-1.3613	-0.49172	0.10812	0.36468	0.67913	0.88047	0.81878	0.55261	0.17562	-0.053388	-0.23356	-0.26608	-0.2274	-0.19938	-0.14101	-0.07511	-0.011831	0.094583	9.1641
1019.1	0.10417	0.097765	-0.016461	-0.21357	-0.36677	-0.72998	-0.98607	-1.3885	-1.7765	-2.0933	-2.1683	-2.0303	-1.3906	-0.49172	0.067656	0.34172	0.65627	0.88047	0.84011	0.56046	0.16826	-0.053388	-0.1803	-0.22266	-0.27636	-0.19938	-0.15565	-0.094796	0.0033365	0.050032	9.0986
1022.3	0.073738	0.065648	-0.0088545	-0.19032	-0.39018	-0.60691	-1.0186	-1.3993	-1.771	-2.1023	-2.1531	-2.024	-1.3935	-0.49779	0.10778	0.33303	0.6998	0.92685	0.86583	0.59787	0.19709	-0.053222	-0.17974	-0.27247	-0.24064	-0.20597	-0.16977	-0.068335	0.018448	0.049876	9.0986
1019.1	0.10417	0.089787	0.036589	-0.16826	-0.3914	-0.65728	-0.97178	-1.3809	-1.7182	-2.0933	-2.1599	-2.0069	-1.3467	-0.4841	0.10003	0.36468	0.67913	0.92974	0.84721	0.59188	0.17562	-0.0097102	-0.1803	-0.22266	-0.2204	-0.19215	-0.13368	-0.035738	0.033675	0.050032	9.0986
1011.7	0.051692	0.034188	0.029223	-0.26077	-0.47698	-0.68651	-1.0652	-1.4063	-1.694	-2.1321	-2.2096	-2.0609	-1.3787	-0.52603	0.10891	0.31339	0.67644	0.92002	0.83911	0.57249	0.19174	-0.031781	-0.18162	-0.22429	-0.22202	-0.20084	-0.16417	-0.088882	-0.0042778	0.013	9.0986
1006.4	0.074904	0.066686	0.090772	-0.32332	-0.42129	-0.69831	-0.99853	-1.5443	-1.8211	-2.1434	-2.2468	-2.0559	-1.4452	-0.52108	0.068511	0.33829	0.70315	0.92486	0.87232	0.59937	0.21512	-0.017205	-0.19029	-0.2328	-0.23027	-0.20922	-0.17986	-0.08935	-0.0043003	0.043145	9.1477
1013.8	0.097125	0.082236	0.0063082	-0.16914	-0.51725	-0.62823	-1.0487	-1.4415	-1.9543	-2.1277	-2.1796	-2.0487	-1.3979	-0.52493	0.10055	0.37428	0.71332	0.91809	0.86593	0.61867	0.22094	-0.04635	-0.19654	-0.25292	-0.1864	-0.21496	-0.15647	-0.11508	0.026226	0.042829	9.1641
1020.2	0.073891	0.10563	-0.001302	-0.19826	-0.37459	-0.60011	-0.99931	-1.4022	-1.811	-2.1299	-2.1996	-2.0671	-1.4403	-0.51404	0.091838	0.32608	0.67842	0.91237	0.88893	0.61481	0.19015	-0.060605	-0.18011	-0.25857	-0.2062	-0.17029	-0.12623	-0.042255	0.03364	0.042562	9.0822
1021.3	0.066279	0.057754	-0.0088636	-0.22066	-0.43975	-0.66398	-1.0339	-1.3478	-1.7873	-2.0967	-2.1722	-2.0261	-1.3877	-0.50591	0.083668	0.34101	0.67012	0.91142	0.83127	0.57498	0.16791	-0.038748	-0.17993	-0.22219	-0.22693	-0.19175	-0.11879	-0.094599	0.026036	0.049928	9.1314
1013.8	0.051584	0.042137	0.021545	-0.20709	-0.45122	-0.68508	-1.0487	-1.3576	-1.6539	-2.1121	-2.1627	-1.9625	-1.3758	-0.49429	0.13309	0.3512	0.72863	0.89333	0.8445	0.57129	0.19134	-0.039032	-0.20419	-0.24565	-0.22156	-0.16409	-0.10494	-0.088696	-0.011893	0.072684	9.1641
1020.2	0.066348	0.10563	0.01384	-0.23597	-0.48942	-0.71309	-0.96364	-1.4325	-1.811	-2.0989	-2.1156	-2.0126	-1.3599	-0.52165	0.099922	0.37195	0.70126	0.89596	0.83923	0.56773	0.20486	-0.060605	-0.21052	-0.24411	-0.22017	-0.17029	-0.17743	-0.081588	0.003333	0.057396	9.1641
1023.4	0.11878	0.081469	0.021344	-0.09237	-0.43066	-0.67065	-1.046	-1.3223	-1.7328	-2.0692	-2.1425	-1.9753	-1.3775	-0.47451	0.13185	0.35555	0.67632	0.90135	0.8437	0.58943	0.18223	-0.074914	-0.21744	-0.25777	-0.24039	-0.22735	-0.1623	-0.094403	0.071299	0.086796	9.0986
1014.9	0.059112	0.034081	0.0063016	-0.22962	-0.40952	-0.7087	-0.92564	-1.4019	-1.6594	-2.1254	-2.2027	-2.0622	-1.4111	-0.50143	0.15733	0.37389	0.71257	0.92538	0.85789	0.61013	0.16897	-0.053611	-0.2269	-0.23085	-0.2424	-0.19296	-0.14895	-0.088603	0.041431	0.065152	9.115
1007.5	0.097739	0.050474	0.060012	-0.23896	-0.38763	-0.70575	-1.0336	-1.3432	-1.7675	-2.0705	-2.1678	-1.9986	-1.3623	-0.44346	0.1503	0.39213	0.71011	0.9405	0.88578	0.56695	0.1851	-0.039278	-0.20548	-0.25452	-0.21588	-0.22362	-0.15005	-0.029513	0.049409	0.073144	9.115
1007.5	0.082463	0.066615	0.0063481	-0.25423	-0.44577	-0.68123	-1.0986	-1.3585	-1.6717	-2.1254	-2.1849	-1.9907	-1.3401	-0.49741	0.12574	0.36116	0.71782	0.91558	0.84983	0.56695	0.17021	-0.046642	-0.22087	-0.2838	-0.25126	-0.13588	-0.15745	-0.056065	0.026392	0.028077	9.1477
1021.3	0.14917	0.10552	-0.016427	-0.22066	-0.44794	-0.66398	-1.0197	-1.3402	-1.6055	-2.0348	-2.0798	-1.9716	-1.3439	-0.4983	0.1402	0.35629	0.70053	0.90323	0.87383	0.63768	0.1973	-0.0096901	-0.20271	-0.20775	-0.22693	-0.15569	-0.11879	-0.0029203	0.041173	0.072156	9.115
1021.3	0.10395	0.16126	-0.0088636	-0.28848	-0.48891	-0.68816	-1.0054	-1.2948	-1.8019	-2.0735	-2.0714	-1.9483	-1.322	-0.47549	0.15635	0.36392	0.70813	0.90323	0.83127	0.57498	0.15322	-0.082334	-0.21789	-0.25108	-0.199	-0.22061	-0.19186	-0.074954	0.056311	0.079566	9.115
1020.2	0.088978	0.097663	0.0062689	-0.24352	-0.4156	-0.68081	-1.0064	-1.3567	-1.7382	-2.0912	-2.1492	-1.997	-1.3453	-0.44554	0.1646	0.38724	0.71648	0.90416	0.88183	0.58342	0.1975	-0.046061	-0.22572	-0.22243	-0.19921	-0.17751	-0.14818	-0.10125	0.086675	0.04998	9.0986
1017	0.074123	0.073985	0.013883	-0.22158	-0.53209	-0.67484	-1.0024	-1.3762	-1.824	-2.1055	-2.1981	-2.0501	-1.3788	-0.50802	0.11645	0.35777	0.72635	0.94813	0.87035	0.60099	0.19074	-0.082677	-0.18068	-0.27389	-0.22086	-0.22153	-0.14864	-0.081843	0.018544	0.10966	9.0986
1013.8	0.10472	0.13036	-0.0089285	-0.23746	-0.43471	-0.63635	-0.9984	-1.4796	-1.7784	-2.0809	-2.0443	-1.8842	-1.2434	-0.41771	0.17376	0.40506	0.75161	0.90984	0.83736	0.56339	0.19874	-0.04635	-0.18889	-0.24565	-0.22859	-0.16409	-0.1123	-0.022731	0.079594	0.12493	9.1314
1012.8	0.11242	0.098379	-0.024191	-0.27569	-0.48474	-0.77522	-0.99945	-1.3819	-1.795	-2.0831	-2.148	-1.9489	-1.3331	-0.45648	0.12509	0.38237	0.72173	0.91079	0.82393	0.55608	0.17673	-0.061049	-0.23503	-0.26775	-0.22179	-0.19336	-0.1861	-0.088789	0.072045	0.10265	9.1477
1008.5	0.097636	0.11492	-0.024292	-0.2387	-0.4287	-0.74582	-1.0758	-1.3801	-1.7141	-2.0997	-2.1571	-1.9807	-1.3535	-0.443	0.15015	0.38398	0.70937	0.93122	0.84894	0.56636	0.17747	-0.053949	-0.1822	-0.26156	-0.25806	-0.21609	-0.090697	-0.069269	0.041693	0.08057	9.0822
1011.7	0.089724	0.082408	-0.047118	-0.30641	-0.46044	-0.71093	-1.058	-1.4598	-1.6206	-2.1243	-2.1418	-1.9509	-1.3197	-0.40323	0.19043	0.41361	0.71481	0.8952	0.83911	0.55667	0.14725	-0.061113	-0.21995	-0.217	-0.22202	-0.20813	-0.13467	-0.05583	0.064482	0.087797	9.0986
1026.6	0.10342	0.097059	-0.0088179	-0.28699	-0.50269	-0.75679	-0.97185	-1.4161	-1.6334	-2.0705	-2.1526	-1.915	-1.3297	-0.44278	0.13948	0.41523	0.7423	0.91487	0.8552	0.57201	0.19628	-0.038548	-0.179	-0.21386	-0.19798	-0.14053	-0.11091	-0.041993	0.11626	0.086527	9.1641
1028.7	0.13313	0.08105	0.013726	-0.19663	-0.45285	-0.6752	-1.0194	-1.338	-1.7239	-2.097	-2.1648	-1.9497	-1.3487	-0.47207	0.11513	0.33855	0.71812	0.88858	0.83232	0.57861	0.1667	-0.038469	-0.24647	-0.24927	-0.22529	-0.16889	-0.14695	-0.054909	0.040877	0.078992	9.1314
1014.9	0.13494	0.10619	0.029131	-0.19171	-0.459	-0.6438	-1.0189	-1.44	-1.8059	-2.0787	-2.1266	-1.9683	-1.345	-0.42492	0.18171	0.41232	0.72022	0.92538	0.82221	0.56281	0.19114	-0.060921	-0.21162	-0.25266	-0.22835	-0.20747	-0.13424	-0.10837	0.06428	0.057696	9.115
1016	0.11965	0.098071	0.044306	-0.28241	-0.45028	-0.65934	-1.068	-1.507	-1.6577	-2.1155	-2.1919	-1.9975	-1.3656	-0.45505	0.16528	0.3735	0.71183	0.87499	0.83561	0.53858	0.14664	-0.097368	-0.21903	-0.25965	-0.17899	-0.23626	-0.17083	-0.068762	0.03378	0.072533	9.115
1023.4	0.11878	0.073525	0.013797	-0.19012	-0.37343	-0.71087	-0.98909	-1.3601	-1.7619	-2.0538	-2.1425	-1.9442	-1.3411	-0.41381	0.18826	0.38604	0.70667	0.90135	0.85078	0.57379	0.18956	-0.053167	-0.20229	-0.21453	-0.22646	-0.16976	-0.16959	-0.029055	0.063747	0.10159	9.1314
1012.8	0.10483	0.090351	0.021568	-0.21491	-0.44343	-0.65328	-1.0929	-1.3972	-1.8757	-2.1377	-2.1904	-2.0038	-1.3404	-0.46414	0.14137	0.35157	0.71406	0.91079	0.83823	0.55608	0.16191	-0.039073	-0.18143	-0.22406	-0.20771	-0.19336	-0.090317	-0.088789	0.056783	0.057817	9.1477
1009.6	0.10516	0.074529	0.059886	-0.28419	-0.51113	-0.71242	-1.0026	-1.3633	-1.7491	-2.0975	-2.1803	-1.955	-1.3373	-0.45791	0.13365	0.3604	0.724	0.8888	0.8337	0.56576	0.18471	-0.024499	-0.20505	-0.22476	-0.21543	-0.19397	-0.11278	-0.0095784	0.049305	0.080485	9.115
1010.7	0.11266	0.11468	-0.0089566	-0.25343	-0.54372	-0.69538	-1.0376	-1.3925	-1.8429	-2.0953	-2.144	-1.9609	-1.358	-0.4728	0.11719	0.39861	0.7002	0.88786	0.82566	0.55725	0.1771	-0.061177	-0.23552	-0.28291	-0.2152	-0.22292	-0.15696	-0.049271	0.011013	0.095376	9.0986
1020.2	0.11915	0.097663	-0.0088729	-0.17563	-0.45661	-0.59204	-1.0492	-1.5083	-1.7091	-2.0447	-2.1072	-1.9269	-1.2868	-0.4151	0.22927	0.41782	0.72409	0.90416	0.86763	0.59127	0.1975	-0.046061	-0.21052	-0.22966	-0.22017	-0.19195	-0.14818	-0.10125	0.071521	0.079649	9.0822
1017	0.096821	0.081979	-0.0089006	-0.24428	-0.47449	-0.73151	-1.0382	-1.3686	-1.7144	-2.121	-2.1559	-2.0033	-1.3642	-0.47748	0.10023	0.34243	0.67291	0.92345	0.82761	0.57737	0.16861	-0.053499	-0.19593	-0.22312	-0.23488	-0.1998	-0.16331	-0.055539	0.079345	0.012932	9.115
1010.7	0.11266	0.14686	0.029254	-0.2382	-0.50232	-0.71167	-0.97274	-1.4154	-1.7987	-2.0718	-2.144	-1.9451	-1.3432	-0.4728	0.11719	0.37546	0.73093	0.92926	0.86149	0.59685	0.22164	-0.075857	-0.18949	-0.24642	-0.22931	-0.21563	-0.17911	-0.069123	0.033957	0.065426	9.1641
1016	0.089349	0.098071	0.036703	-0.25968	-0.45028	-0.69175	-0.99632	-1.4537	-1.7967	-2.131	-2.1582	-1.9897	-1.4096	-0.53147	0.075986	0.34279	0.68126	0.88323	0.82848	0.56222	0.20571	-0.031648	-0.1885	-0.24513	-0.22811	-0.17825	-0.17817	-0.06218	0.026172	0.079981	9.0658
1019.1	0.11172	0.073831	0.013854	-0.21357	-0.43245	-0.69767	-0.97178	-1.3809	-1.9296	-2.0391	-2.1599	-1.9991	-1.4052	-0.50696	0.11621	0.36468	0.67151	0.9051	0.88275	0.58403	0.20507	-0.031549	-0.19552	-0.22266	-0.2274	-0.18492	-0.14101	-0.048861	0.0033365	0.050032	9.0986
1012.8	0.097227	0.098379	0.0063148	-0.21491	-0.46822	-0.65328	-1.0426	-1.3972	-1.8317	-2.1065	-2.1988	-2.043	-1.4508	-0.56381	0.076225	0.28996	0.65273	0.84469	0.84538	0.5956	0.17673	-0.046398	-0.21206	-0.22406	-0.23586	-0.19336	-0.15663	-0.075582	0.033886	0.057817	9.0822
1011.7	0.10494	0.082408	0.029223	-0.19992	-0.47698	-0.68651	-1.0005	-1.3146	-1.7675	-2.0931	-2.1587	-1.9509	-1.2902	-0.4416	0.15782	0.3982	0.76086	0.93656	0.86059	0.56458	0.17691	0.0048832	-0.18929	-0.23887	-0.2502	-0.14259	-0.14204	-0.049219	0.041562	0.050399	9.1314
1017	0.081689	0.06599	-0.0089006	-0.19888	-0.46626	-0.66674	-1.0239	-1.3078	-1.7437	-2.0589	-2.1053	-1.933	-1.2542	-0.40113	0.16511	0.38845	0.69581	0.90699	0.82049	0.53015	0.14648	-0.046205	-0.2188	-0.26664	-0.22787	-0.23601	-0.12663	-0.1213	0.026144	0.035254	9.0986
1018.1	0.081604	0.097867	-0.046823	-0.21379	-0.42468	-0.65796	-1.0014	-1.3747	-1.771	-2.0334	-2.0358	-1.8607	-1.2602	-0.42359	0.17304	0.40337	0.74085	0.93071	0.84098	0.57677	0.19791	-0.017008	-0.19572	-0.25187	-0.22063	-0.19959	-0.14115	-0.10146	0.048894	0.050084	9.1477
1021.3	0.096419	0.12145	-0.02399	-0.26587	-0.45614	-0.64785	-1.0268	-1.4007	-1.7437	-2.0735	-2.063	-1.9016	-1.2782	-0.42988	0.16443	0.40975	0.70053	0.88684	0.80999	0.57498	0.16057	-0.075069	-0.19511	-0.25108	-0.18504	-0.25667	-0.11879	-0.088051	0.041173	0.13884	9.0986
1016	0.14994	0.090068	0.029101	-0.18394	-0.44204	-0.5864	-1.0465	-1.408	-1.7747	-2.0688	-2.0822	-1.9506	-1.3289	-0.46269	0.18152	0.36582	0.72711	0.89147	0.83561	0.59374	0.16879	-0.053555	-0.2343	-0.24513	-0.23513	-0.22176	-0.14879	-0.03585	0.056605	0.12467	9.0658
1017	0.089256	0.11396	-0.0013061	-0.20645	-0.46626	-0.69103	-1.0597	-1.4522	-1.8752	-2.0822	-2.1812	-2.0267	-1.4081	-0.50038	0.10023	0.31176	0.66528	0.86585	0.84898	0.58525	0.16124	-0.053499	-0.1883	-0.23037	-0.22086	-0.17082	-0.13396	-0.088419	0.026144	0.050136	9.0986
1021.3	0.096419	0.0896	0.0062624	-0.19805	-0.39878	-0.64785	-1.0125	-1.3553	-1.7291	-2.1122	-2.189	-2.0338	-1.3804	-0.52872	0.083668	0.32574	0.67772	0.91961	0.86673	0.59849	0.1973	-0.031484	-0.17993	-0.25108	-0.21995	-0.21339	-0.11879	-0.04876	0.026036	0.042518	9.0822
1019.1	0.10417	0.081808	-0.02404	-0.19847	-0.46529	-0.68959	-1.0432	-1.4037	-1.7254	-2.1321	-2.2608	-2.0537	-1.4637	-0.55267	0.035284	0.27284	0.64104	0.92974	0.85432	0.60759	0.17562	-0.0097102	-0.21835	-0.26608	-0.21341	-0.24275	-0.11904	-0.088235	0.02609	0.050032	9.1641
1021.3	0.036138	0.097562	-0.0013006	-0.26587	-0.43975	-0.67204	-1.0054	-1.4462	-1.7946	-2.1354	-2.2058	-2.0649	-1.468	-0.58194	0.051363	0.31046	0.67012	0.87865	0.86673	0.59849	0.24137	-0.016955	-0.18752	-0.24386	-0.17108	-0.19897	-0.14071	-0.088051	0.010898	0.072156	9.115
1014.9	0.097024	0.10619	-0.0013088	-0.25995	-0.50022	-0.62758	-1.0404	-1.4019	-1.7619	-2.1877	-2.2618	-2.1249	-1.4919	-0.60854	0.051685	0.29704	0.66667	0.90064	0.83648	0.61802	0.18375	-0.046301	-0.19634	-0.23085	-0.1862	-0.20021	-0.20777	-0.10178	0.026199	0.11735	9.0986
1021.3	0.08135	0.065716	-0.02399	-0.22819	-0.48891	-0.67204	-0.99827	-1.3932	-1.7655	-2.1277	-2.2393	-2.0883	-1.468	-0.57433	0.067515	0.29519	0.67772	0.92781	0.86673	0.61417	0.21199	-0.0024269	-0.18752	-0.23664	-0.199	-0.21339	-0.11149	-0.094599	0.086585	0.035108	9.0986
1020.2	0.088978	0.081723	0.051693	-0.13792	-0.35818	-0.62432	-1.0778	-1.3946	-1.7309	-2.1531	-2.2417	-2.106	-1.4549	-0.56732	0.059501	0.29549	0.68603	0.90416	0.86053	0.59911	0.19015	-0.0024294	-0.16491	-0.22243	-0.13633	-0.2064	-0.11892	-0.094697	0.01091	0.064814	9.115
1016	0.051476	0.066059	-0.0013074	-0.20666	-0.47499	-0.65934	-1.0035	-1.4233	-1.7674	-2.1543	-2.2004	-2.0835	-1.4463	-0.56969	0.084104	0.33511	0.6889	0.90794	0.84987	0.62525	0.19833	-0.017043	-0.2114	-0.25965	-0.21408	-0.20726	-0.17083	-0.095092	0.03378	0.10233	9.0986
1007.5	0.074825	0.050474	-0.0013184	-0.17021	-0.44577	-0.73844	-1.0336	-1.3662	-1.7012	-2.1646	-2.2189	-2.038	-1.3845	-0.50512	0.10937	0.3689	0.71782	0.88236	0.82826	0.53517	0.1851	-0.054006	-0.20548	-0.25452	-0.18758	-0.17244	-0.098199	-0.089256	-0.0042958	0.088166	9.0822
1012.8	0.082031	0.074295	-0.0089379	-0.2529	-0.41864	-0.65328	-1.0138	-1.4125	-1.8317	-2.0753	-2.1226	-1.9567	-1.3036	-0.44114	0.19023	0.42088	0.72173	0.91079	0.83823	0.5877	0.16932	-0.053723	-0.21972	-0.23862	-0.25698	-0.18609	-0.17137	-0.1086	0.026254	0.050346	9.0986
1018.1	0.089163	0.065921	0.02904	-0.16844	-0.41646	-0.67414	-1.03	-1.3899	-1.8148	-2.0955	-2.1705	-1.9934	-1.3847	-0.47698	0.10823	0.33442	0.67221	0.87317	0.8481	0.56105	0.16107	-0.089878	-0.21096	-0.24462	-0.19963	-0.19959	-0.12649	-0.10803	0.07167	0.057516	9.0986
1011.7	0.066905	0.026151	-0.0089472	-0.26838	-0.43563	-0.63769	-1.0221	-1.4445	-1.7234	-2.1243	-2.1757	-1.9902	-1.3639	-0.49533	0.12522	0.34423	0.72249	0.90347	0.86059	0.54875	0.20657	-0.024448	-0.20462	-0.24616	-0.22202	-0.20813	-0.14942	-0.10871	0.018641	0.072837	9.0822
1012.8	0.074433	0.13049	0.021568	-0.2453	-0.44343	-0.6858	-1.0282	-1.359	-1.7436	-2.1455	-2.1904	-2.0038	-1.4214	-0.52548	0.068081	0.35927	0.66806	0.87774	0.82393	0.56398	0.16191	-0.039073	-0.2044	-0.2459	-0.20771	-0.19336	-0.13452	-0.088789	0.01099	0.050346	9.1641
1022.3	0.058683	0.11337	0.02892	-0.22043	-0.45566	-0.6955	-0.97588	-1.422	-1.5675	-2.1023	-2.1867	-1.9851	-1.3863	-0.475	0.14812	0.36355	0.71499	0.92685	0.85875	0.58221	0.15306	-0.031451	-0.23284	-0.24361	-0.22669	-0.22758	-0.14787	-0.061793	0.026009	0.042474	9.1314
1019.1	0.12682	0.073831	0.036589	-0.23622	-0.41603	-0.6492	-1.0432	-1.4188	-1.7838	-2.1166	-2.2019	-2.0147	-1.3686	-0.49172	0.1324	0.34937	0.67913	0.88868	0.84011	0.58403	0.16826	-0.067946	-0.25639	-0.28055	-0.2274	-0.21384	-0.14833	-0.029175	0.048844	0.087157	9.115
1018.1	0.089163	0.081893	-0.0013047	-0.20623	-0.41646	-0.68222	-1.0085	-1.4203	-1.7053	-2.111	-2.1874	-2.0402	-1.3774	-0.48461	0.10823	0.3574	0.69509	0.93071	0.86233	0.57677	0.16844	-0.068017	-0.18811	-0.26636	-0.24164	-0.21406	-0.16314	-0.081757	0.094448	0.042651	9.115
1018.1	0.066486	0.041961	0.044214	-0.21379	-0.44934	-0.72266	-1.08	-1.5114	-1.7564	-2.1343	-2.1621	-2.0168	-1.3334	-0.46935	0.14064	0.34974	0.70272	0.91427	0.82675	0.55319	0.13896	-0.046156	-0.24142	-0.2736	-0.24864	-0.2213	-0.17047	-0.081757	-0.004251	0.020351	9.0986
1023.4	0.088701	0.1212	0.013797	-0.21268	-0.46337	-0.70283	-0.96065	-1.3525	-1.7619	-2.0383	-2.1174	-1.8899	-1.3047	-0.43657	0.15603	0.43939	0.72943	0.94224	0.85078	0.57379	0.20422	-0.045917	-0.20986	-0.26498	-0.22646	-0.16976	-0.13313	-0.055194	0.078852	0.11637	9.115
1020.2	0.081435	0.15345	0.044122	-0.18317	-0.4238	-0.68081	-1.035	-1.5083	-1.7674	-2.0912	-2.124	-1.9192	-1.2941	-0.43032	0.1646	0.40253	0.72409	0.89596	0.83213	0.55988	0.15338	-0.038788	-0.21812	-0.2658	-0.22017	-0.17751	-0.1628	-0.10781	0.026063	0.057396	9.1641
1009.6	0.1204	0.098689	-0.016616	-0.21559	-0.44483	-0.75319	-1.017	-1.3786	-1.4327	-2.074	-2.1293	-1.955	-1.3299	-0.40408	0.21534	0.41448	0.724	0.93024	0.87675	0.58955	0.17728	-0.061241	-0.19737	-0.21746	-0.22955	-0.21586	-0.14973	-0.069196	0.041649	0.057999	9.0822
1008.5	0.082376	0.090731	-0.024292	-0.20818	-0.437	-0.73766	-1.0253	-1.4261	-1.8173	-2.0762	-2.1571	-1.965	-1.3313	-0.4199	0.1665	0.39172	0.73246	0.89803	0.87049	0.54255	0.13284	-0.10544	-0.19757	-0.27619	-0.24393	-0.21609	-0.15729	-0.095792	0.049357	0.065563	9.0658
1021.3	0.088885	0.057754	-0.0013006	-0.20559	-0.44794	-0.6801	-0.99827	-1.3856	-1.7655	-2.0735	-2.105	-1.9405	-1.2563	-0.42227	0.19673	0.39447	0.74615	0.94419	0.83127	0.56714	0.16057	-0.024219	-0.2103	-0.25108	-0.23391	-0.18454	-0.08226	-0.029115	0.026036	0.049928	9.0986
1027.6	0.095823	0.089046	0.058836	-0.29418	-0.47774	-0.67589	-1.0204	-1.3695	-1.7763	-2.0761	-2.142	-1.9362	-1.2993	-0.44233	0.15538	0.37685	0.72642	0.90578	0.82613	0.53247	0.15957	-0.060167	-0.209	-0.27106	-0.2394	-0.1834	-0.10354	-0.10052	0.018353	0.079074	9.0658
1018.1	0.096721	0.11384	0.02904	-0.25158	-0.44934	-0.69031	-1.0371	-1.4431	-1.8513	-2.1033	-2.1284	-1.9388	-1.3041	-0.43885	0.16494	0.38038	0.7561	0.92249	0.84098	0.56891	0.17581	-0.031582	-0.21857	-0.2736	-0.24164	-0.19235	-0.14115	-0.048912	0.041302	0.057516	9.1805
1011.7	0.12015	0.090445	0.0063214	-0.27598	-0.45217	-0.69465	-1.0365	-1.4292	-1.7822	-2.1087	-2.1672	-1.9667	-1.3418	-0.40323	0.14967	0.4059	0.71481	0.90347	0.85343	0.56458	0.15467	-0.075777	-0.21995	-0.22429	-0.23611	-0.21541	-0.12729	-0.075661	0.0033609	0.087797	9.0658
1017	0.11952	0.14594	-0.031684	-0.23671	-0.49918	-0.69913	-1.0525	-1.4218	-1.7729	-2.1132	-2.1812	-2.0111	-1.3495	-0.47748	0.14078	0.37311	0.71108	0.97281	0.87747	0.59312	0.18337	-0.046205	-0.19593	-0.25213	-0.22787	-0.21428	-0.15598	-0.035812	0.041345	0.042695	9.115
1013.8	0.11231	0.098276	0.021545	-0.24505	-0.50074	-0.66884	-1.0487	-1.5025	-1.8004	-2.0965	-2.1796	-1.9782	-1.3464	-0.41771	0.15749	0.38967	0.72097	0.88508	0.83736	0.56339	0.13954	-0.068301	-0.18889	-0.25292	-0.15827	-0.18589	-0.18591	-0.082099	0.026226	0.050293	9.0658
1010.7	0.089818	0.10663	0.01397	-0.23059	-0.47748	-0.73611	-0.97274	-1.4613	-1.6738	-2.0875	-2.1356	-1.9137	-1.2842	-0.40365	0.18247	0.42948	0.76934	0.9127	0.82566	0.55725	0.19194	-0.053836	-0.19716	-0.28291	-0.16583	-0.20834	-0.14219	-0.082358	0.033957	0.11784	9.1969
1016	0.096922	0.12208	-0.084933	-0.24453	-0.47499	-0.67554	-1.068	-1.4689	-1.7455	-2.1543	-2.1497	-1.9428	-1.2995	-0.43212	0.18152	0.43492	0.72711	0.91617	0.81422	0.52282	0.15402	-0.053555	-0.21903	-0.32499	-0.22811	-0.16375	-0.17817	-0.055597	0.026172	0.027842	9.0658
1028.7	0.1032	0.12057	-0.031325	-0.25647	-0.46098	-0.66719	-1.0052	-1.4282	-1.76	-2.0586	-2.1398	-1.9419	-1.3342	-0.39658	0.19531	0.39921	0.74077	0.92112	0.83936	0.60974	0.18858	-0.052893	-0.21632	-0.23493	-0.18371	-0.21186	-0.11068	-0.080915	0.070932	0.071636	9.1477
1020.2	0.088978	0.073755	-0.016444	-0.2586	-0.48122	-0.69695	-1.0992	-1.3946	-1.2648	-2.1299	-2.1912	-2.0671	-1.4111	-0.51404	0.12418	0.32608	0.67842	0.87956	0.85343	0.56773	0.16809	-0.060605	-0.21052	-0.23688	-0.24812	-0.19917	-0.12623	-0.055366	0.01091	0.087067	9.0494
1013.8	0.089536	0.11432	0.029162	-0.19191	-0.40995	-0.66072	-1.0487	-1.4186	-1.7345	-2.1355	-2.1965	-2.0409	-1.3758	-0.50961	0.11682	0.32043	0.68268	0.88508	0.85164	0.57919	0.18394	-0.068301	-0.21184	-0.2602	-0.21452	-0.19316	-0.17119	-0.095291	0.041475	0.020437	9.1477
1008.5	0.10527	0.11492	0.0063414	-0.25396	-0.48678	-0.71317	-1.0902	-1.4261	-1.8909	-2.178	-2.2421	-2.0359	-1.3682	-0.47379	0.1665	0.37625	0.76326	0.93951	0.84894	0.55842	0.18491	-0.039237	-0.21295	-0.2835	-0.25099	-0.17956	-0.17949	-0.12232	0.034029	0.043054	9.1314
1020.2	0.11161	0.097663	0.021411	-0.22843	-0.46481	-0.60818	-1.0421	-1.4704	-1.6217	-2.1376	-2.2165	-2.0282	-1.4111	-0.52165	0.099922	0.31843	0.70887	0.90416	0.83213	0.57558	0.19015	-0.031516	-0.19532	-0.2152	-0.24812	-0.22806	-0.14818	-0.061921	0.03364	0.04998	9.1805
1021.3	0.11903	0.0896	-0.031553	-0.1001	-0.43156	-0.55917	-1.0054	-1.4234	-1.7146	-2.0967	-2.2393	-2.0649	-1.4534	-0.57433	0.11597	0.32574	0.70053	0.88684	0.83836	0.61417	0.17526	-0.046013	-0.18752	-0.24386	-0.17806	-0.20618	-0.11879	-0.088051	0.041173	0.079566	9.0986
1018.1	0.12696	0.073908	0.013869	-0.27426	-0.4329	-0.70649	-1.0014	-1.4203	-1.7418	-2.1421	-2.1958	-2.087	-1.4506	-0.57613	0.092029	0.32675	0.66458	0.90605	0.84098	0.63181	0.20528	-0.031582	-0.20334	-0.25911	-0.22063	-0.19959	-0.1778	-0.081757	0.026117	0.072382	9.115
1020.2	0.088978	0.033904	-0.031585	-0.19072	-0.44841	-0.66467	-1.0207	-1.4173	-2.0004	-2.1454	-2.2249	-2.0827	-1.4622	-0.52926	0.067585	0.31843	0.65559	0.87956	0.85343	0.57558	0.1828	-0.075147	-0.22572	-0.2658	-0.24812	-0.22806	-0.14086	-0.10125	0.041216	0.04998	9.0658
1019.1	0.043764	0.049896	0.02901	-0.19092	-0.45709	-0.59265	-1.0361	-1.3126	-1.8348	-2.0933	-2.1599	-2.0381	-1.3613	-0.51458	0.10812	0.33407	0.70199	0.93795	0.84011	0.58403	0.19771	-0.02427	-0.15747	-0.22989	-0.20641	-0.17047	-0.15565	-0.094796	0.033675	0.050032	9.0986
1018.1	0.051369	0.041961	0.02904	-0.21379	-0.37537	-0.65796	-1.0371	-1.4203	-1.7199	-2.1421	-2.1958	-2.0012	-1.4067	-0.50749	0.10013	0.3574	0.71034	0.91427	0.84098	0.54532	0.19054	-0.024295	-0.21857	-0.24462	-0.23464	-0.17065	-0.16314	-0.10803	0.0033399	-0.0019479	9.1314
1017	0.066556	0.081979	-0.0013061	-0.18375	-0.42513	-0.65865	-0.97381	-1.4674	-1.729	-2.0977	-2.1728	-2.0267	-1.3861	-0.50038	0.14889	0.36544	0.71872	0.91522	0.8561	0.60886	0.21287	-0.053499	-0.2188	-0.25938	-0.19983	-0.21428	-0.11929	-0.11472	0.033745	0.057575	9.1314
1018.1	0.074045	0.065921	0.021455	-0.22891	-0.45756	-0.66605	-1.0157	-1.4051	-1.8294	-2.1033	-2.1537	-2.0324	-1.3994	-0.51511	0.11633	0.37272	0.67984	0.89783	0.83387	0.5925	0.17581	-0.075304	-0.24904	-0.2736	-0.17862	-0.15618	-0.13382	-0.094894	0.0033399	0.035218	9.0986
1023.4	0.036063	0.041744	-0.0088453	-0.17509	-0.47972	-0.63847	-0.9962	-1.4432	-1.6602	-2.0692	-2.1425	-1.9753	-1.3702	-0.45933	0.11573	0.34793	0.67632	0.89318	0.85786	0.58161	0.18223	-0.074914	-0.19471	-0.26498	-0.21949	-0.19136	-0.10397	-0.03559	0.018429	-0.02412	9.0822
1025.5	0.058501	0.057516	0.043894	-0.18973	-0.41345	-0.74151	-1.0438	-1.4402	-1.9466	-2.0958	-2.1799	-2.0177	-1.3892	-0.52653	0.083322	0.32439	0.7052	0.88317	0.84196	0.56479	0.16722	-0.038588	-0.20943	-0.24285	-0.23989	-0.19096	-0.11103	-0.10725	-0.026833	0.020204	9.0822
1011.7	0.10494	0.090445	0.052126	-0.23795	-0.45217	-0.61327	-1.0221	-1.391	-1.8997	-2.1087	-2.1333	-1.9902	-1.3492	-0.48765	0.12522	0.3982	0.70714	0.92002	0.83911	0.59623	0.20657	-0.061113	-0.22761	-0.28261	-0.22907	-0.20084	-0.13467	-0.075661	-0.011918	0.072837	9.1477
1008.5	0.082376	0.082668	0.0063414	-0.20055	-0.50338	-0.60705	-1.0253	-1.4721	-1.8467	-2.1467	-2.1826	-2.028	-1.3756	-0.52769	0.11743	0.36078	0.68627	0.88973	0.83458	0.57429	0.19235	-0.076017	-0.21295	-0.27619	-0.2722	-0.14304	-0.15729	-0.089162	-0.050277	0.020544	9.1314
1012.8	0.097227	0.098379	0.044445	-0.2681	-0.42691	-0.65328	-0.96351	-1.4048	-1.7143	-2.0909	-2.1988	-2.043	-1.414	-0.47948	0.11694	0.36697	0.72173	0.91905	0.88114	0.6035	0.18413	-0.061049	-0.21972	-0.23134	-0.24994	-0.21518	-0.17873	-0.075582	0.026254	0.042874	9.0986
1016	0.051476	0.050052	0.013898	-0.13849	-0.49146	-0.61071	-0.9605	-1.3548	-1.7747	-2.131	-2.2173	-2.0601	-1.4316	-0.5009	0.10034	0.34279	0.68126	0.92441	0.87838	0.55434	0.1614	-0.090066	-0.2114	-0.24513	-0.21408	-0.1855	-0.18552	-0.06218	0.010955	0.035291	9.0822
1021.3	0.051209	0.11349	-0.02399	-0.2508	-0.48072	-0.72041	-1.0268	-1.3932	-1.7219	-2.1122	-2.1806	-1.9638	-1.3658	-0.4831	0.12405	0.35629	0.72334	0.91142	0.85255	0.58282	0.16791	-0.024219	-0.19511	-0.25108	-0.25485	-0.25667	-0.1261	-0.074954	0.041173	0.042518	9.115
1021.3	0.051209	0.097562	0.074328	-0.18298	-0.46433	-0.63979	-1.0054	-1.4689	-1.6855	-2.0813	-2.1722	-1.9716	-1.3731	-0.4983	0.11597	0.34101	0.71574	0.90323	0.83127	0.5593	0.16057	-0.067805	-0.22549	-0.30164	-0.24787	-0.23503	-0.14802	-0.074954	0.048742	0.035108	9.1477
1016	0.089349	0.098071	0.0062951	-0.20666	-0.40086	-0.69986	-1.0321	-1.4157	-1.7967	-2.0455	-2.116	-1.935	-1.3069	-0.42448	0.19776	0.39653	0.72711	0.89147	0.82848	0.57798	0.1614	-0.075461	-0.21903	-0.23787	-0.20004	-0.20726	-0.11207	-0.075345	0.0033469	0.020394	9.1314
1012.8	0.082031	0.074295	0.029192	-0.2605	-0.44343	-0.64515	-1.021	-1.4277	-1.8243	-2.0597	-2.1142	-1.9332	-1.3036	-0.41814	0.19838	0.39778	0.71406	0.91079	0.80247	0.57189	0.13969	-0.097674	-0.23503	-0.26775	-0.18659	-0.22245	-0.164	-0.12181	0.04915	0.057817	9.115
1011.7	0.097329	0.12259	0.029223	-0.26077	-0.47698	-0.57259	-0.98611	-1.4522	-1.8703	-2.0853	-2.1503	-1.9431	-1.3197	-0.41858	0.14967	0.3982	0.71481	0.93656	0.83911	0.56458	0.1695	-0.068444	-0.18162	-0.26074	-0.22907	-0.27366	-0.1863	-0.06244	0.011001	0.027959	9.0822
1008.5	0.082376	0.14717	0.014	-0.19292	-0.51167	-0.72133	-1.0686	-1.4337	-1.751	-2.131	-2.1486	-1.9256	-1.2943	-0.4276	0.15015	0.39172	0.72477	0.89803	0.81303	0.52667	0.15515	-0.061306	-0.2514	-0.26888	-0.2722	-0.19417	-0.16469	-0.095792	-0.0042913	0.043054	9.1314
1016	0.1045	0.082064	-0.016512	-0.19909	-0.4997	-0.70796	-0.98915	-1.3624	-1.8259	-2.0766	-2.1075	-1.9272	-1.3362	-0.42448	0.1734	0.43492	0.73475	0.93265	0.83561	0.5701	0.17617	-0.060858	-0.22666	-0.28143	-0.22109	-0.23626	-0.12676	-0.088511	0.056605	0.04274	9.115
1016	0.0742	0.10607	-0.016512	-0.24453	-0.48322	-0.67554	-1.0035	-1.4841	-1.7235	-2.131	-2.1751	-2.0054	-1.3949	-0.47033	0.12469	0.38886	0.7424	0.92441	0.84987	0.55434	0.19094	-0.053555	-0.24193	-0.27417	-0.24916	-0.17825	-0.17083	-0.081928	0.018563	0.079981	9.1477
1022.3	0.081266	0.073602	-0.0088545	-0.22043	-0.42292	-0.61497	-1.0044	-1.4068	-1.7564	-2.0791	-2.1867	-2.0317	-1.4373	-0.52057	0.12392	0.36355	0.69221	0.91866	0.87292	0.62919	0.19709	-0.053222	-0.23284	-0.26525	-0.19183	-0.19156	-0.10407	-0.094501	0.048692	0.094288	9.0986
1027.6	0.065869	0.10487	0.051319	-0.22678	-0.46146	-0.69192	-1.0346	-1.3469	-1.7763	-2.0684	-2.1587	-1.9826	-1.3211	-0.44988	0.14736	0.36167	0.70375	0.91392	0.86137	0.56363	0.17417	-0.081825	-0.17127	-0.26388	-0.21165	-0.1834	-0.18341	-0.080999	0.025875	0.064346	9.0986
1025.5	0.096021	0.065445	0.036362	-0.27978	-0.48689	-0.66123	-1.0651	-1.3196	-1.7655	-2.0341	-2.0712	-1.9015	-1.2584	-0.39024	0.17179	0.40805	0.71278	0.92397	0.84902	0.54918	0.14527	-0.074759	-0.18674	-0.24285	-0.27465	-0.21251	-0.16924	-0.05508	0.041003	0.020204	9.0986
1018.1	0.081604	0.12183	-0.031651	-0.24403	-0.46578	-0.66605	-1.0228	-1.4127	-1.7637	-2.0645	-2.0779	-1.8685	-1.2749	-0.41597	0.16494	0.41869	0.74848	0.91427	0.81252	0.5296	0.18318	-0.068017	-0.19572	-0.25187	-0.20663	-0.15618	-0.13382	-0.094894	0.0033399	0.042651	9.1477
1008.5	0.10527	0.082668	-0.001317	-0.35316	-0.47019	-0.66419	-1.0325	-1.4414	-1.7952	-2.037	-2.072	-1.8941	-1.2426	-0.38911	0.23192	0.43812	0.75556	0.89803	0.82739	0.58223	0.17003	-0.061306	-0.21295	-0.26156	-0.15911	-0.19417	-0.17949	-0.0759	0.026364	0.11058	9.0822
1009.6	0.097533	0.058422	0.029284	-0.21559	-0.42825	-0.78582	-1.0386	-1.348	-1.7565	-2.0818	-2.1038	-1.9078	-1.3151	-0.38101	0.16633	0.40676	0.724	0.90537	0.84805	0.57369	0.16985	-0.046544	-0.22041	-0.23937	-0.22955	-0.20856	-0.1793	-0.07582	0.049305	0.087981	9.0986
1018.1	0.066486	0.057935	0.021455	-0.30449	-0.5151	-0.64179	-1.0586	-1.3292	-1.8002	-2.0722	-2.1031	-1.931	-1.2602	-0.42359	0.18924	0.38805	0.71797	0.90605	0.82675	0.53746	0.14633	-0.060731	-0.18811	-0.25187	-0.21363	-0.21406	-0.12649	-0.075188	0.03371	0.050084	9.0822
1022.3	0.066211	0.017926	0.0062559	-0.25054	-0.46385	-0.75187	-1.0257	-1.3842	-1.7492	-2.0482	-2.1028	-1.9229	-1.2769	-0.42943	0.13199	0.37118	0.66942	0.91866	0.81624	0.55089	0.14572	-0.060479	-0.19491	-0.22918	-0.21274	-0.22038	-0.16247	-0.081418	0.041131	0.064679	9.0822
1024.4	0.10363	0.097259	-0.023915	-0.235	-0.47922	-0.68603	-0.99517	-1.336	-1.7528	-2.0517	-2.1152	-1.919	-1.3324	-0.45128	0.11561	0.37041	0.72109	0.89225	0.83576	0.54975	0.19669	-0.04587	-0.18694	-0.2719	-0.23318	-0.18397	-0.16941	-0.068193	0.056136	0.071932	9.1477
1026.6	0.1334	0.10498	-0.016342	-0.24201	-0.45378	-0.63649	-1.0215	-1.4387	-1.8505	-2.0782	-2.0941	-1.9382	-1.3297	-0.46548	0.13144	0.38484	0.69691	0.89856	0.81992	0.56421	0.20359	-0.031321	-0.19411	-0.24979	-0.21187	-0.14053	-0.14726	-0.074567	0.025901	0.086527	9.0986
1020.2	0.081435	0.081723	-0.0088729	-0.29632	-0.4156	-0.67274	-1.0136	-1.4325	-1.7746	-2.037	-2.1324	-1.9503	-1.3453	-0.45316	0.1646	0.37195	0.69365	0.90416	0.82503	0.61481	0.1975	-0.046061	-0.20292	-0.25857	-0.2062	-0.16307	-0.11892	-0.04881	0.048793	0.079649	9.115
1007.5	0.11302	0.090826	0.0063481	-0.28478	-0.4956	-0.67306	-1.0553	-1.3278	-1.7012	-2.1097	-2.1508	-2.0222	-1.3401	-0.45888	0.13393	0.35342	0.68699	0.91558	0.8714	0.56695	0.17766	-0.076097	-0.20548	-0.21791	-0.23003	-0.19438	-0.15745	-0.13572	0.034064	0.065632	9.0822
1006.4	0.074904	0.074765	-0.039693	-0.31567	-0.52107	-0.7474	-1.0058	-1.3446	-1.8137	-2.0963	-2.1701	-1.9612	-1.3193	-0.44393	0.15046	0.39254	0.71086	0.94149	0.82914	0.56755	0.15548	-0.076177	-0.19029	-0.24013	-0.25152	-0.20922	-0.12055	-0.062769	0.0341	0.0055488	9.0986
1011.7	0.074511	0.12259	0.02159	-0.22274	-0.4439	-0.63769	-1.0437	-1.4292	-1.65	-2.0775	-2.0909	-1.9117	-1.2755	-0.42625	0.16598	0.3982	0.75318	0.8952	0.83911	0.53293	0.15467	-0.046447	-0.21228	-0.26074	-0.25725	-0.17172	-0.097787	-0.075661	0.011001	0.035439	9.0494
1023.4	0.11126	0.089415	0.0062494	-0.2578	-0.41431	-0.67065	-0.98909	-1.4432	-1.7982	-2.0306	-2.0587	-1.9365	-1.2755	-0.45933	0.20438	0.4089	0.72943	0.91771	0.80831	0.58161	0.16757	-0.053167	-0.2326	-0.26498	-0.18466	-0.16976	-0.14042	-0.068264	-0.011782	0.072007	9.115
1029.7	0.11057	0.088863	0.028712	-0.24126	-0.44425	-0.59455	-1.0183	-1.3967	-1.8231	-2.0104	-2.0627	-1.9245	-1.3111	-0.47158	0.15506	0.40637	0.7023	0.88766	0.82443	0.56247	0.19567	-0.052839	-0.20104	-0.24902	-0.16275	-0.19018	-0.11782	-0.1198	0.040834	0.093609	9.115
1024.4	0.058562	0.033764	-0.031455	-0.1749	-0.42205	-0.64584	-1.0023	-1.3813	-1.3539	-2.0594	-2.1152	-1.9655	-1.3616	-0.47402	0.11561	0.32473	0.66046	0.85141	0.83576	0.54975	0.15275	-0.04587	-0.23236	-0.2503	-0.24014	-0.21273	-0.12571	-0.12042	0.048591	0.042386	9.0986
1021.3	0.066279	0.057754	0.051639	-0.22066	-0.44794	-0.72041	-0.96977	-1.3629	-1.7	-2.089	-2.1554	-1.9794	-1.4023	-0.50591	0.075591	0.3181	0.68532	0.90323	0.83127	0.5593	0.17526	-0.038748	-0.19511	-0.23664	-0.22693	-0.19175	-0.11879	-0.081503	0.033605	0.057336	9.0822
1014.9	0.043947	0.090162	0.036742	-0.22962	-0.52495	-0.71681	-1.0404	-1.3943	-1.7766	-2.1099	-2.152	-1.9448	-1.3303	-0.47082	0.1167	0.34315	0.71257	0.87591	0.82934	0.55492	0.17636	-0.024371	-0.23454	-0.26719	-0.22132	-0.20747	-0.090128	-0.082014	0.033815	0.027872	9.1477
1005.3	0.082637	0.042492	0.067821	-0.20119	-0.41341	-0.70724	-1.0865	-1.4075	-1.8008	-2.1378	-2.1554	-2.0423	-1.3874	-0.53708	0.11781	0.36968	0.673	0.90087	0.8156	0.58407	0.20042	-0.05412	-0.1982	-0.2844	-0.21633	-0.18013	-0.1281	-0.07614	-0.0043048	0.073298	9.1477
1008.5	0.067116	0.066545	-0.039609	-0.24633	-0.437	-0.6397	-1.0614	-1.4184	-1.751	-2.1075	-2.1996	-2.0516	-1.383	-0.48919	0.12561	0.33758	0.67857	0.89803	0.84894	0.57429	0.18491	-0.061306	-0.19757	-0.24694	-0.19445	-0.19417	-0.16469	-0.10242	-0.0042913	0.028047	9.115
1008.5	0.074746	0.11492	0.059949	-0.13188	-0.4287	-0.6397	-0.98922	-1.2958	-1.8541	-2.1702	-2.2336	-2.1068	-1.4126	-0.54309	0.076545	0.31438	0.67087	0.94781	0.87049	0.61398	0.20723	-0.046593	-0.18989	-0.24694	-0.28633	-0.17956	-0.23128	-0.049375	0.026364	0.073067	9.0658
1026.6	0.073434	-0.0059083	0.036325	-0.24201	-0.42118	-0.70065	-0.99312	-1.386	-1.7564	-2.1013	-2.186	-2.0465	-1.3951	-0.54868	0.075201	0.32406	0.65153	0.91487	0.83404	0.58761	0.21089	-0.053002	-0.16389	-0.2426	-0.21881	-0.19076	-0.1618	-0.094111	0.048491	0.034927	9.0986
1025.5	0.081014	0.065445	0.0062365	-0.19723	-0.43793	-0.61306	-1.0225	-1.3045	-1.9393	-2.1035	-2.1465	-2.0177	-1.3965	-0.5341	0.083322	0.35481	0.67492	0.89133	0.8349	0.56479	0.21111	-0.038588	-0.17918	-0.25005	-0.25379	-0.18378	-0.16924	-0.081166	-0.011758	0.042342	9.1314
1019.1	0.066417	0.025961	-0.0013033	-0.20602	-0.48993	-0.68151	-1.0718	-1.4264	-1.8421	-2.1166	-2.1599	-2.0147	-1.4198	-0.52982	0.075749	0.35703	0.67151	0.91332	0.84011	0.59188	0.20507	-0.046108	-0.21835	-0.25161	-0.20641	-0.19215	-0.14833	-0.12761	-0.034585	-0.0093712	9.1641
1020.2	0.066348	0.049844	0.02898	-0.19072	-0.4238	-0.68081	-0.99218	-1.4098	-1.7237	-2.1144	-2.1912	-2.0204	-1.3818	-0.44554	0.13226	0.37959	0.69365	0.91237	0.87473	0.55988	0.16809	-0.075147	-0.19532	-0.2658	-0.23415	-0.22084	-0.1628	-0.088143	0.03364	0.057396	9.0986
1011.7	0.051692	0.034188	0.02159	-0.18471	-0.42735	-0.62955	-1.0796	-1.4063	-1.8042	-2.1399	-2.2011	-2.0295	-1.3787	-0.4416	0.14152	0.3982	0.70714	0.92002	0.86775	0.5804	0.17691	-0.061113	-0.21228	-0.20971	-0.22907	-0.18628	-0.13467	-0.075661	0.026281	-0.0019601	9.1314
1009.6	0.01369	0.050368	-0.054867	-0.1851	-0.41996	-0.70427	-1.0386	-1.3633	-1.8227	-2.121	-2.1803	-1.9787	-1.3077	-0.42715	0.16633	0.39903	0.73169	0.9551	0.8624	0.57369	0.19215	-0.046544	-0.19737	-0.24668	-0.22249	-0.24504	-0.15712	-0.069196	-0.0042868	0.013027	9.0494
1013.8	0.043993	0.074217	0.03678	-0.20709	-0.48424	-0.6932	-1.0128	-1.4491	-1.7271	-2.1588	-2.2134	-2.0487	-1.4199	-0.52493	0.10055	0.34351	0.72097	0.91809	0.85879	0.57919	0.18394	-0.039032	-0.19654	-0.23837	-0.22156	-0.18589	-0.13438	-0.13487	0.0033539	0.020437	9.1477
1019.1	0.08907	0.089787	0.013854	-0.19847	-0.42424	-0.70575	-1.0075	-1.4416	-1.7838	-2.1166	-2.1599	-1.9991	-1.4125	-0.5222	0.083842	0.35703	0.68675	0.91332	0.84011	0.59974	0.21979	-0.031549	-0.20313	-0.23713	-0.20641	-0.19215	-0.14101	-0.094796	0.0033365	0.057456	9.1314
1023.4	0.058622	0.041744	0.02889	-0.19012	-0.44701	-0.64651	-0.98198	-1.4885	-1.682	-2.0924	-2.1844	-1.9986	-1.3848	-0.52003	0.14797	0.34793	0.6839	0.885	0.83663	0.58161	0.18956	-0.060416	-0.22502	-0.24336	-0.19163	-0.19136	-0.14042	-0.094403	0.033535	0.057218	9.0986
1014.9	0.089442	0.066128	0.029131	-0.19171	-0.459	-0.6438	-1.026	-1.28	-1.8644	-2.1177	-2.1773	-2.0466	-1.4331	-0.50908	0.076065	0.32778	0.64371	0.87591	0.85789	0.57858	0.16897	-0.06823	-0.21162	-0.22359	-0.23537	-0.20747	-0.17101	-0.095192	0.056664	0.050241	9.0986
1012.8	0.08963	0.10641	0.021568	-0.2377	-0.48474	-0.67767	-1.0426	-1.4583	-1.7436	-2.0987	-2.1819	-1.9567	-1.3404	-0.44881	0.13323	0.37467	0.71406	0.91905	0.81678	0.54027	0.1545	-0.061049	-0.2044	-0.26047	-0.25698	-0.237	-0.15663	-0.088789	0.0033574	0.050346	9.1314
1007.5	0.074825	0.082755	0.075345	-0.21604	-0.42915	-0.65672	-0.97581	-1.2588	-2.0552	-2.1254	-2.1934	-2.0065	-1.3697	-0.49741	0.13393	0.37665	0.71782	0.9405	0.83545	0.58284	0.17021	-0.039278	-0.19009	-0.23988	-0.23711	-0.20169	-0.14264	-0.056065	0.011047	0.035588	9.0986
1019.1	0.09662	0.049896	0.021433	-0.24377	-0.50635	-0.62497	-1.0003	-1.4416	-1.7911	-2.0856	-2.1514	-1.9913	-1.3467	-0.47648	0.15668	0.4106	0.70199	0.9051	0.82589	0.58403	0.20507	-0.038829	-0.20313	-0.26608	-0.20641	-0.22829	-0.14833	-0.11448	-0.019416	0.079732	9.0986
1019.1	0.073968	0.065853	0.089639	-0.28153	-0.39961	-0.62497	-1.0361	-1.3581	-1.7619	-2.0778	-2.143	-1.9835	-1.3394	-0.46125	0.16477	0.38764	0.72484	0.89689	0.833	0.58403	0.16826	-0.060668	-0.21835	-0.22989	-0.17844	-0.18492	-0.15565	-0.088235	0.064013	0.057456	9.0986
1007.5	0.067186	0.042403	0.037013	-0.23132	-0.52882	-0.68941	-1.0986	-1.3892	-1.797	-2.1176	-2.1849	-2.0301	-1.3549	-0.47429	0.1503	0.37665	0.74094	0.99034	0.89297	0.61463	0.17766	-0.068733	-0.19778	-0.25452	-0.23711	-0.16513	-0.13523	-0.062703	0.011047	0.050611	9.115
1011.7	0.089724	0.050262	0.044492	-0.16189	-0.42735	-0.74348	-1.0365	-1.3223	-1.7675	-2.1009	-2.1842	-2.0373	-1.3639	-0.503	0.11706	0.35194	0.69179	0.92002	0.84627	0.57249	0.1695	-0.061113	-0.17396	-0.26074	-0.22202	-0.25181	-0.15679	-0.075661	0.049202	0.12519	9.0494
1013.8	0.10472	0.066197	-0.031784	-0.22227	-0.46773	-0.64448	-0.98404	-1.4339	-1.7491	-2.1277	-2.1627	-2.0566	-1.3979	-0.52493	0.076145	0.3512	0.69034	0.90984	0.85164	0.58708	0.22094	-0.031714	-0.21949	-0.2602	-0.21452	-0.20042	-0.16383	-0.082099	-0.011893	0.06522	9.1641
1013.8	0.081946	0.058177	0.013927	-0.22987	-0.47598	-0.64448	-1.0415	-1.4339	-1.7858	-2.0887	-2.1373	-1.986	-1.3611	-0.47132	0.15749	0.41275	0.72863	0.94285	0.85879	0.59498	0.22834	-0.053667	-0.21184	-0.26747	-0.19343	-0.17863	-0.12702	-0.075503	0.07197	0.057756	9.1477
1019.1	0.073968	0.081808	-0.031618	-0.22112	-0.44887	-0.68151	-1.0289	-1.3506	-1.7546	-2.0468	-2.1262	-1.9523	-1.3028	-0.43839	0.16477	0.40295	0.70961	0.89689	0.84721	0.54476	0.16826	-0.089785	-0.21074	-0.22989	-0.29734	-0.25721	-0.1703	-0.042299	0.033675	0.064881	9.0822
1022.3	0.096319	0.089507	0.021366	-0.27312	-0.42292	-0.62302	-0.95452	-1.3464	-1.7855	-2.0946	-2.1448	-2.0162	-1.379	-0.49779	0.075513	0.33303	0.66183	0.91047	0.87292	0.58221	0.18975	-0.045965	-0.18732	-0.25804	-0.22669	-0.21317	-0.15517	-0.048709	0.078934	0.035072	9.0986
1027.6	0.043403	0.10487	-0.016325	-0.2792	-0.47774	-0.64385	-0.99918	-1.2792	-1.892	-2.1068	-2.1838	-1.9981	-1.3573	-0.49522	0.13933	0.3389	0.73397	0.93835	0.87547	0.61037	0.18878	-0.031289	-0.18636	-0.27106	-0.24633	-0.23358	-0.15437	-0.07449	0.025875	0.064346	9.0658
1016	0.051476	0.098071	0.0062951	-0.18394	-0.46675	-0.61071	-1.0321	-1.4157	-1.7674	-2.1077	-2.1497	-1.9897	-1.3803	-0.50855	0.10034	0.35815	0.71183	0.90794	0.84274	0.58586	0.20571	-0.0097406	-0.19613	-0.24513	-0.23513	-0.17825	-0.17083	-0.075345	-0.011868	0.012945	9.1641
1008.5	0.067116	0.082668	-0.001317	-0.26159	-0.437	-0.66419	-1.0181	-1.3801	-1.913	-2.084	-2.1741	-2.0122	-1.3978	-0.48149	0.15832	0.38398	0.70167	0.91462	0.87049	0.62192	0.19235	-0.061306	-0.24371	-0.23962	-0.25099	-0.238	-0.14249	-0.10905	0.026364	0.035551	9.115
1011.7	0.082117	0.098482	0.0063214	-0.23795	-0.50179	-0.68651	-1.0509	-1.4216	-1.8115	-2.1009	-2.1757	-2.0216	-1.3934	-0.503	0.11706	0.33652	0.68411	0.92829	0.86775	0.5804	0.1695	-0.075777	-0.20462	-0.25345	-0.21497	-0.18628	-0.11992	-0.06244	0.056842	0.057877	9.0658
1017	0.058989	0.05	-0.016495	-0.24428	-0.37576	-0.69913	-0.99528	-1.4066	-1.5975	-2.1132	-2.1981	-2.0267	-1.3935	-0.46221	0.13267	0.36544	0.70345	0.89876	0.86322	0.5695	0.15386	-0.060794	-0.23405	-0.25213	-0.26292	-0.22877	-0.1413	-0.081843	-0.011856	0.020373	9.0986
1022.3	0.066211	0.081554	-0.0088545	-0.19785	-0.39837	-0.62302	-0.99724	-1.3917	-1.5675	-2.1023	-2.128	-2.0084	-1.2987	-0.45981	0.15619	0.36355	0.69221	0.92685	0.82332	0.54306	0.15306	-0.074992	-0.16457	-0.25082	-0.23366	-0.19876	-0.14787	-0.048709	0.026009	0.072081	9.0822
1023.4	0.058622	0.073525	0.013797	-0.20516	-0.47154	-0.71892	-1.0318	-1.3223	-1.7909	-2.0461	-2.1341	-1.921	-1.3265	-0.45933	0.11573	0.36317	0.70667	0.90135	0.81539	0.55032	0.14557	-0.038668	-0.20986	-0.20732	-0.28218	-0.22735	-0.14042	-0.074799	0.025982	0.057218	9.0658
1019.1	0.09662	0.10574	0.051746	-0.19092	-0.44066	-0.62497	-1.0361	-1.3581	-1.8275	-2.0778	-2.1094	-1.9445	-1.3174	-0.45363	0.15668	0.40295	0.70199	0.88868	0.81878	0.56832	0.19035	-0.053388	-0.20313	-0.27332	-0.19242	-0.15601	-0.14833	-0.07511	-0.011831	0.050032	9.1314
1016	0.11965	0.058056	-0.0013074	-0.25968	-0.44204	-0.61071	-1.0465	-1.4157	-1.7601	-2.0688	-2.1329	-1.935	-1.3289	-0.4474	0.15717	0.3735	0.69654	0.90794	0.83561	0.60162	0.17617	-0.046253	-0.22666	-0.24513	-0.19303	-0.20001	-0.17083	-0.095092	0.026172	0.079981	9.0822
1016	0.1045	0.090068	0.013898	-0.23696	-0.44204	-0.65934	-1.068	-1.4461	-1.7967	-2.0455	-2.1244	-1.9115	-1.2775	-0.40155	0.1734	0.41189	0.70418	0.93265	0.81422	0.55434	0.1614	-0.053555	-0.15797	-0.24513	-0.22109	-0.22901	-0.17817	-0.075345	0.056605	0.065084	9.0986
1010.7	0.10505	0.09054	-0.0089566	-0.2382	-0.4692	-0.6465	-1.0376	-1.3084	-1.7987	-2.1031	-2.178	-1.9844	-1.3506	-0.50353	0.11719	0.35231	0.73093	0.92926	0.84716	0.55725	0.15483	-0.031814	-0.20483	-0.26831	-0.23636	-0.22292	-0.11266	-0.042654	0.026309	0.027989	9.0658
1017	0.096821	0.06599	0.036665	-0.25185	-0.47449	-0.67484	-1.0096	-1.3458	-1.7656	-2.0822	-2.0969	-1.933	-1.3055	-0.4393	0.14889	0.41913	0.70345	0.90699	0.80625	0.54589	0.17599	-0.075382	-0.2188	-0.27389	-0.19983	-0.15634	-0.1413	-0.042387	0.033745	0.10222	9.1477
1020.2	0.096519	0.017964	-0.024015	-0.24352	-0.44021	-0.60011	-1.0278	-1.3492	-1.8183	-2.0757	-2.1072	-1.9581	-1.3014	-0.45316	0.14034	0.40253	0.69365	0.87956	0.80373	0.53634	0.19015	-0.08242	-0.21052	-0.31641	-0.25511	-0.18473	-0.1628	-0.042255	0.01091	0.027727	9.1477
1016	0.059051	0.098071	-0.0089099	-0.17636	-0.44204	-0.69986	-1.025	-1.3396	-1.7162	-2.0532	-2.0906	-1.9115	-1.2702	-0.38626	0.18964	0.41956	0.71947	0.90794	0.83561	0.5701	0.15402	-0.060858	-0.22666	-0.21609	-0.21408	-0.19275	-0.15614	-0.10168	0.07182	0.04274	9.0822
1014.9	0.059112	0.058116	0.044352	-0.23721	-0.49197	-0.73304	-1.0476	-1.2953	-1.8132	-2.0554	-2.0675	-1.8822	-1.2568	-0.37901	0.17358	0.41232	0.69727	0.88415	0.82934	0.52337	0.1394	-0.09016	-0.2269	-0.23812	-0.2143	-0.20747	-0.18571	-0.12155	0.026199	0.050241	9.115
1012.8	0.066834	0.082322	0.021568	-0.23011	-0.44343	-0.67767	-1.0282	-1.3133	-1.773	-2.0831	-2.1311	-1.9332	-1.2742	-0.41814	0.17395	0.41318	0.73706	0.92731	0.83108	0.54818	0.13969	-0.068373	-0.21972	-0.27503	-0.22883	-0.21518	-0.11242	-0.035962	-0.011905	0.035402	9.0494
1021.3	0.073815	0.12941	-0.016427	-0.27341	-0.47252	-0.67204	-0.96977	-1.4386	-1.7582	-2.1045	-2.1638	-1.9405	-1.3293	-0.44508	0.13212	0.38684	0.72334	0.91961	0.82418	0.53579	0.14588	-0.053277	-0.22549	-0.25831	-0.21995	-0.22782	-0.14071	-0.068406	0.018467	0.035108	9.0986
1023.4	0.11878	0.11325	0.02889	-0.16757	-0.40613	-0.71892	-1.0033	-1.4205	-1.8199	-2.0461	-2.1509	-1.9675	-1.3411	-0.43657	0.19632	0.4089	0.73701	0.91771	0.85786	0.60507	0.18223	-0.074914	-0.2326	-0.27218	-0.1568	-0.19856	-0.13313	-0.094403	0.093958	0.079401	9.0986
1019.1	0.058866	0.057875	-0.02404	-0.30418	-0.38319	-0.75422	-1.0075	-1.4188	-1.8785	-2.1244	-2.2188	-2.0614	-1.4052	-0.47648	0.14049	0.37999	0.71722	0.92153	0.87564	0.58403	0.17562	-0.067946	-0.22595	-0.23713	-0.24838	-0.20661	-0.19226	-0.12104	0.041259	0.012905	9.1314
1016	0.12722	0.090068	-0.0013074	-0.23696	-0.41733	-0.64313	-1.0536	-1.4157	-1.7162	-2.0999	-2.1329	-1.9506	-1.3436	-0.42448	0.11658	0.35815	0.67361	0.88323	0.857	0.54646	0.1614	-0.075461	-0.2114	-0.25239	-0.22811	-0.20001	-0.17083	-0.10826	0.079428	0.10233	9.0822
1013.8	0.059174	0.082236	-0.0089285	-0.22227	-0.509	-0.70132	-1.1133	-1.3652	-1.903	-2.1043	-2.1542	-1.9469	-1.2802	-0.43302	0.1819	0.39736	0.73629	0.94285	0.8445	0.57919	0.13214	-0.053667	-0.19654	-0.25292	-0.25671	-0.16409	-0.16383	-0.082099	-0.011893	0.012972	9.0822
1014.9	0.089442	0.1142	-0.0013088	-0.23721	-0.39303	-0.56268	-1.0547	-1.4704	-1.8205	-2.1177	-2.1097	-1.9213	-1.2568	-0.37901	0.19796	0.45843	0.75082	0.91713	0.81507	0.54703	0.18375	-0.060921	-0.21162	-0.25992	-0.2424	-0.20747	-0.14895	-0.068834	-0.034729	0.027872	9.1314
1011.7	0.11254	0.074373	-0.062386	-0.19992	-0.48525	-0.6621	-1.0652	-1.5056	-1.7234	-2.0931	-2.1079	-1.9588	-1.2829	-0.42625	0.21489	0.44445	0.76086	0.93656	0.83911	0.57249	0.19916	-0.068444	-0.21228	-0.28261	-0.22907	-0.25909	-0.14204	-0.095491	-0.011918	0.10276	9.0822
1011.7	0.16578	0.11456	-0.0089472	-0.21513	-0.42735	-0.597	-0.97891	-1.4522	-1.7675	-2.0853	-2.1248	-1.9902	-1.3271	-0.46463	0.18228	0.3982	0.71481	0.92002	0.82479	0.58831	0.18433	-0.068444	-0.21995	-0.27532	-0.17974	-0.17172	-0.13467	-0.082272	0.049202	0.10276	9.1314
1016	0.089349	0.12208	-0.0089099	-0.21424	-0.44204	-0.66744	-1.0608	-1.3852	-1.7747	-2.0843	-2.1497	-1.9897	-1.3289	-0.46269	0.14905	0.3735	0.69654	0.91617	0.84987	0.56222	0.16879	-0.060858	-0.17323	-0.25239	-0.22109	-0.19275	-0.11207	-0.06218	0.0033469	0.065084	9.0986
1014.9	0.097024	0.08215	-0.0089192	-0.22962	-0.47548	-0.67625	-0.99736	-1.3943	-1.7619	-2.1254	-2.1689	-1.9996	-1.3229	-0.44787	0.16546	0.38926	0.72787	0.93362	0.82934	0.55492	0.13201	-0.06823	-0.21162	-0.25266	-0.23537	-0.19296	-0.18571	-0.075424	0.049048	0.050241	9.0658
1011.7	0.11254	0.058299	-0.03185	-0.23795	-0.45217	-0.65396	-1.0509	-1.3834	-1.8262	-2.1321	-2.1842	-2.053	-1.4082	-0.503	0.12522	0.39049	0.70714	0.92829	0.83911	0.61205	0.19916	-0.061113	-0.21228	-0.28261	-0.21497	-0.18628	-0.17155	-0.1021	0.033922	0.087797	9.1805
1008.5	0.12816	0.098793	-0.0089755	-0.23107	-0.39551	-0.59888	-1.0469	-1.4031	-1.7583	-2.1075	-2.1315	-2.0122	-1.3535	-0.49689	0.15015	0.39945	0.70937	0.89803	0.82739	0.58223	0.18491	-0.061306	-0.20526	-0.24694	-0.17324	-0.20878	-0.12029	-0.022851	0.041693	0.050558	9.0658
1019.1	0.073968	0.057875	-0.0013033	-0.17581	-0.48172	-0.69767	-1.0361	-1.3581	-1.6307	-2.0623	-2.1094	-1.9523	-1.3174	-0.44601	0.18095	0.42591	0.70961	0.9051	0.84011	0.58403	0.19771	-0.060668	-0.19552	-0.25161	-0.17844	-0.19215	-0.14833	-0.11448	0.02609	0.057456	9.1641
1023.4	0.066142	0.049689	-0.031487	-0.17509	-0.43066	-0.6626	-1.0389	-1.3978	-1.8127	-2.0306	-2.0587	-1.9054	-1.2901	-0.43657	0.18826	0.41652	0.72184	0.90135	0.80831	0.57379	0.1529	-0.045917	-0.20986	-0.24336	-0.20556	-0.19856	-0.18417	-0.087869	-0.004229	0.064612	9.0494
1020.2	0.081435	0.041874	-0.0088729	-0.16054	-0.46481	-0.6566	-1.0778	-1.3567	-1.8256	-2.0912	-2.1324	-1.9425	-1.2868	-0.36182	0.14034	0.41782	0.70887	0.93697	0.86763	0.55204	0.13867	-0.08242	-0.19532	-0.23688	-0.21319	-0.22084	-0.1628	-0.081588	0.063946	0.064814	9.0986
1014.9	0.08186	0.14624	0.074794	-0.17655	-0.42601	-0.65191	-0.99736	-1.4095	-1.7766	-2.1021	-2.1182	-1.9527	-1.3082	-0.42492	0.15733	0.43537	0.72022	0.91713	0.82934	0.56281	0.20593	-0.046301	-0.18869	-0.23812	-0.22132	-0.13489	-0.10483	-0.075424	0.049048	0.057696	9.1314
1011.7	0.11254	0.10652	-0.0089472	-0.28359	-0.46871	-0.61327	-1.1084	-1.4445	-1.8409	-2.1009	-2.1587	-1.9588	-1.3123	-0.46463	0.15782	0.36736	0.69946	0.8952	0.82479	0.58831	0.16208	-0.046447	-0.21995	-0.27532	-0.20793	-0.20813	-0.1863	-0.095491	-0.019558	0.11771	9.0822
1009.6	0.10516	0.10674	0.013985	-0.2537	-0.3951	-0.65534	-1.0386	-1.4322	-1.7565	-2.0583	-2.1208	-1.9236	-1.3151	-0.41177	0.19083	0.41448	0.71631	0.91366	0.8624	0.61334	0.18471	-0.046544	-0.19737	-0.21746	-0.24367	-0.17938	-0.15712	-0.049323	0.079929	0.087981	9.0986
1012.8	0.12002	0.12246	-0.016564	-0.2377	-0.51779	-0.65328	-1.0785	-1.3743	-1.839	-2.1143	-2.1734	-2.0038	-1.3699	-0.50248	0.11694	0.32847	0.69106	0.90253	0.84538	0.5877	0.20636	-0.053723	-0.16612	-0.25319	-0.22179	-0.22973	-0.19347	-0.055771	0.056783	0.057817	9.0986
1018.1	0.12696	0.12183	0.021455	-0.19111	-0.48222	-0.59327	-1.0371	-1.3899	-1.7126	-2.0722	-2.1368	-1.9466	-1.2895	-0.44647	0.13254	0.37272	0.67984	0.92249	0.81252	0.57677	0.18318	-0.038869	-0.16526	-0.22289	-0.22763	-0.18512	-0.11917	-0.016068	0.079263	0.072382	9.0822
1025.5	0.081014	0.12095	-0.076611	-0.21224	-0.51953	-0.62912	-0.97995	-1.4402	-1.8234	-2.065	-2.0963	-1.8705	-1.2874	-0.42053	0.1557	0.40045	0.73549	0.89133	0.82783	0.52577	0.16722	-0.060291	-0.21699	-0.24285	-0.22599	-0.16941	-0.1183	-0.10073	0.025928	0.049721	9.1314
1020.2	0.14932	0.1136	-0.0088729	-0.2058	-0.44021	-0.66467	-1.0421	-1.387	-1.8038	-2.0524	-2.0736	-1.888	-1.2576	-0.39988	0.20502	0.4484	0.73931	0.89596	0.80373	0.57558	0.20486	-0.038788	-0.20292	-0.23688	-0.22716	-0.17029	-0.15549	-0.075032	0.018486	0.072231	9.115
1010.7	0.11266	0.10663	-0.0089566	-0.2915	-0.4692	-0.7687	-1.0952	-1.3237	-1.7326	-2.064	-2.161	-1.9609	-1.3432	-0.4267	0.16615	0.37546	0.7002	0.87958	0.83282	0.57309	0.15483	-0.046495	-0.20483	-0.22453	-0.22931	-0.20834	-0.13481	-0.095591	0.033957	0.095376	9.115
1006.4	0.10549	0.13132	-0.0013198	-0.18568	-0.41298	-0.65741	-1.0419	-1.4214	-1.7842	-2.0963	-2.102	-1.9218	-1.3193	-0.42079	0.15866	0.38479	0.71086	0.89992	0.86512	0.58346	0.20021	-0.03932	-0.2057	-0.21082	-0.20902	-0.15067	-0.1502	-0.03619	0.064822	0.088259	9.0822
1011.7	0.097329	0.11456	0.0063214	-0.22274	-0.47698	-0.71907	-0.9933	-1.4904	-1.7308	-2.1243	-2.1672	-1.9588	-1.3492	-0.49533	0.10076	0.33652	0.69946	0.88693	0.83911	0.58831	0.1695	-0.031781	-0.21228	-0.26803	-0.2502	-0.20813	-0.083036	-0.049219	0.033922	0.065357	9.0986
1018.1	0.10428	0.08988	0.044214	-0.22135	-0.45756	-0.73075	-1.0085	-1.4583	-1.8221	-2.0645	-2.1537	-1.9544	-1.3188	-0.49223	0.13254	0.33442	0.71797	0.89783	0.85521	0.57677	0.18318	-0.031582	-0.20334	-0.24462	-0.17162	-0.19959	-0.14115	-0.06205	0.026117	0.072382	9.0494
1019.1	0.073968	0.089787	0.036589	-0.23622	-0.41603	-0.6492	-1.0146	-1.4037	-1.638	-2.1088	-2.1851	-2.0303	-1.4198	-0.52982	0.11621	0.32642	0.67913	0.88047	0.84011	0.60759	0.19035	-0.02427	-0.21835	-0.26608	-0.21341	-0.19938	-0.1044	-0.042299	0.048844	0.10943	9.0986
1023.4	0.11126	0.10531	0.043985	-0.20516	-0.44701	-0.6626	-0.98909	-1.4129	-1.8417	-2.0383	-2.1677	-1.9986	-1.4212	-0.51245	0.099612	0.33268	0.66114	0.90953	0.86494	0.62072	0.21155	-0.045917	-0.18713	-0.22173	-0.19163	-0.19136	-0.12584	-0.094403	0.13172	0.072007	9.0986
1022.3	0.073738	0.073602	-0.023965	-0.25054	-0.45566	-0.66329	-1.04	-1.4068	-1.6474	-2.0714	-2.1615	-1.9929	-1.3644	-0.4826	0.12392	0.3254	0.66942	0.86136	0.84458	0.55872	0.18242	-0.053222	-0.21767	-0.24361	-0.24761	-0.18435	-0.17707	-0.094501	0.041131	0.027669	9.0986
1008.5	0.067116	0.074608	0.082924	-0.21581	-0.4287	-0.73766	-1.0109	-1.3418	-1.7878	-2.1154	-2.1911	-1.9965	-1.3978	-0.51999	0.084723	0.33758	0.68627	0.90632	0.84176	0.57429	0.18491	-0.017168	-0.19757	-0.24694	-0.25099	-0.19417	-0.14249	-0.069269	0.026364	0.043054	9.1314
1008.5	0.10527	0.098793	-0.0089755	-0.25396	-0.437	-0.65603	-1.0036	-1.4031	-1.7804	-2.1467	-2.1996	-2.0516	-1.4348	-0.54309	0.060189	0.34531	0.67087	0.88973	0.83458	0.59017	0.21466	-0.061306	-0.20526	-0.26888	-0.21565	-0.22339	-0.15729	-0.11569	0.0187	0.088073	9.1477
1018.1	0.089163	0.097867	0.044214	-0.18356	-0.40003	-0.62562	-0.97994	-1.352	-1.771	-2.1033	-2.179	-2.0558	-1.4286	-0.55325	0.10013	0.31909	0.67984	0.90605	0.83387	0.63967	0.19054	-0.031582	-0.18049	-0.23738	-0.19963	-0.19235	-0.16314	-0.094894	-0.011843	0.11698	9.0822
1024.4	0.066074	0.049638	0.013782	-0.18993	-0.44655	-0.65388	-1.0591	-1.419	-1.6658	-2.1057	-2.2073	-2.0585	-1.4052	-0.51192	0.099509	0.33234	0.65288	0.90042	0.86404	0.60445	0.20401	-0.031386	-0.19451	-0.2215	-0.20535	-0.17678	-0.15485	-0.10736	0.025955	0.057158	9.1314
1016	0.089349	0.074062	0.036703	-0.22181	-0.39262	-0.63503	-1.025	-1.3852	-1.6723	-2.1155	-2.2004	-2.0366	-1.3949	-0.46269	0.10034	0.36582	0.70418	0.91617	0.86412	0.59374	0.1614	-0.053555	-0.21903	-0.22335	-0.22811	-0.21451	-0.17817	-0.055597	0.041388	0.035291	9.0986
1011.7	0.044085	0.058299	0.0063214	-0.30641	-0.46871	-0.71907	-1.058	-1.3757	-1.7454	-2.1556	-2.2096	-2.0373	-1.4008	-0.49533	0.084457	0.35965	0.71481	0.92829	0.84627	0.57249	0.1695	-0.05378	-0.21995	-0.23158	-0.21497	-0.21541	-0.13467	-0.1021	0.0033609	-0.00944	9.0986
1010.7	0.074589	0.1549	-0.0089566	-0.19252	-0.33673	-0.63021	-0.97274	-1.4384	-1.7179	-2.0953	-2.144	-1.9609	-1.3432	-0.45743	0.14983	0.40633	0.76166	0.9127	0.86149	0.55725	0.19937	-0.039155	-0.22018	-0.24642	-0.24341	-0.15732	-0.13481	-0.10883	0.0033645	0.065426	9.0986
1009.6	0.074667	0.098689	0.0063347	-0.15461	-0.46969	-0.61456	-1.0026	-1.3404	-1.7712	-2.1288	-2.1803	-1.9629	-1.389	-0.48099	0.11731	0.37585	0.69324	0.91366	0.8337	0.56576	0.16985	-0.068588	-0.22041	-0.26129	-0.24367	-0.17938	-0.16451	-0.07582	0.01868	0.050505	9.1641
1010.7	0.097431	0.10663	0.044538	-0.14683	-0.38641	-0.63836	-1.0231	-1.4078	-1.8355	-2.1031	-2.144	-1.9844	-1.3654	-0.49585	0.14983	0.36002	0.69251	0.9127	0.84716	0.59685	0.16967	-0.068516	-0.22785	-0.27561	-0.20109	-0.21563	-0.10527	-0.042654	0.041605	0.087889	9.0986
1020.2	0.028632	0.025934	0.01384	-0.2586	-0.46481	-0.72923	-1.0778	-1.3795	-1.7528	-2.1299	-2.1744	-2.0204	-1.3453	-0.49882	0.10801	0.33372	0.67842	0.90416	0.82503	0.54419	0.16073	-0.060605	-0.19532	-0.2658	-0.24812	-0.19917	-0.17743	-0.055366	0.041216	0.012891	9.0822
1026.6	0.088427	0.1129	0.021278	-0.16705	-0.47008	-0.67659	-0.99312	-1.386	-1.7419	-2.0628	-2.0941	-1.8608	-1.2716	-0.40497	0.14751	0.41523	0.7196	0.89856	0.81992	0.56421	0.19628	-0.031321	-0.19411	-0.23542	-0.22575	-0.16924	-0.1618	-0.041993	0.040961	0.086527	9.1314
1021.3	0.058744	0.057754	0.044076	-0.19805	-0.45614	-0.59948	-1.0054	-1.378	-1.6491	-2.1199	-2.1806	-1.9716	-1.3147	-0.46789	0.13212	0.34865	0.70813	0.90323	0.83127	0.55146	0.14588	-0.016955	-0.20271	-0.25108	-0.22693	-0.21339	-0.1261	-0.088051	0.018467	0.012878	9.0822
1006.4	0.15901	0.074765	0.060075	-0.24685	-0.37972	-0.66559	-1.0058	-1.3984	-1.6808	-2.112	-2.1531	-1.9928	-1.3563	-0.45936	0.16685	0.40029	0.71858	0.91655	0.85073	0.61527	0.1853	-0.054063	-0.22881	-0.25479	-0.22319	-0.18726	-0.098303	-0.056124	0.049461	0.11082	9.115
1003.2	0.06747	0.083105	-0.001324	-0.24764	-0.53106	-0.70053	-1.0742	-1.3566	-1.8121	-2.158	-2.2368	-2.0625	-1.4201	-0.48404	0.11805	0.36269	0.68216	0.90277	0.86787	0.56935	0.18589	-0.054235	-0.20635	-0.21148	-0.231	-0.20254	-0.15812	-0.12296	0.034209	0.013109	9.115
1009.6	0.089912	0.074529	0.036935	-0.1165	-0.37852	-0.64718	-1.0314	-1.4169	-1.8889	-2.1366	-2.1888	-2.0495	-1.389	-0.45791	0.14182	0.38358	0.70093	0.93853	0.86957	0.58162	0.16985	-0.068588	-0.21273	-0.23207	-0.18012	-0.11371	-0.12756	-0.069196	0.056962	0.020522	9.115
1017	0.066556	0.12195	-0.016495	-0.17618	-0.46626	-0.64246	-1.0382	-1.4142	-1.8094	-2.121	-2.1897	-2.0111	-1.3495	-0.46221	0.12456	0.35777	0.70345	0.89054	0.84898	0.54589	0.16861	-0.060794	-0.20355	-0.27389	-0.2489	-0.17807	-0.19266	-0.094993	0.018544	0.035254	9.0822
1022.3	0.096319	0.12928	0.0062559	-0.16021	-0.44748	-0.68745	-1.0115	-1.369	-1.6474	-2.1023	-2.1615	-1.954	-1.3279	-0.45222	0.14005	0.37118	0.73778	0.92685	0.85166	0.56655	0.17508	-0.045965	-0.22525	-0.26525	-0.24761	-0.22758	-0.13327	-0.11413	0.0033261	0.027669	9.1477
1023.4	0.081182	0.1212	0.043985	-0.19012	-0.47154	-0.63847	-0.98198	-1.3148	-1.7401	-2.1156	-2.176	-1.952	-1.3411	-0.45175	0.11573	0.38604	0.7446	0.92589	0.8437	0.55814	0.18956	-0.060416	-0.19471	-0.25056	-0.23342	-0.16976	-0.13313	-0.068264	0.010876	0.057218	9.1314
1022.3	0.11137	0.12928	0.013811	-0.17527	-0.43929	-0.63913	-1.04	-1.369	-1.691	-2.0559	-2.0525	-1.9463	-1.2769	-0.44462	0.21266	0.38644	0.73018	0.91047	0.80915	0.57438	0.16774	-0.074992	-0.2025	-0.24361	-0.14999	-0.19156	-0.14057	-0.074876	0.026009	0.064679	9.0986
1012.8	0.066834	0.10641	0.021568	-0.22251	-0.43517	-0.59637	-0.97789	-1.5041	-1.7656	-2.0675	-2.148	-1.9567	-1.3404	-0.44881	0.17395	0.39778	0.71406	0.90253	0.81678	0.55608	0.13228	-0.068373	-0.23503	-0.23862	-0.19363	-0.18609	-0.14926	-0.10199	0.01099	0.087705	9.0822
1005.3	0.1056	0.14763	0.075504	-0.20119	-0.42174	-0.67448	-1.0792	-1.3076	-1.4461	-2.1378	-2.198	-2.0265	-1.3355	-0.45985	0.16703	0.40072	0.73478	0.97578	0.86604	0.57611	0.17057	-0.039361	-0.17506	-0.24772	-0.20924	-0.2241	-0.11325	-0.062836	0.080266	0.088352	9.115
1012.8	0.082031	0.10641	0.052071	-0.21491	-0.51779	-0.72644	-1.0929	-1.3972	-1.883	-2.1221	-2.165	-2.0117	-1.3478	-0.46414	0.13323	0.40548	0.7064	0.94384	0.84538	0.57979	0.16191	-0.075698	-0.19675	-0.2459	-0.23586	-0.21518	-0.19347	-0.055771	0.072045	0.020458	9.115
1017	0.14979	0.10596	0.0062885	-0.17618	-0.40867	-0.5696	-0.95234	-1.4902	-1.8313	-2.0899	-2.1475	-2.0033	-1.3642	-0.47748	0.12456	0.41146	0.71108	0.92345	0.83474	0.5695	0.19812	-0.068088	-0.18068	-0.25938	-0.20684	-0.19255	-0.10462	-0.042387	0.033745	0.072457	9.1641
1021.3	0.096419	0.0896	0.02895	-0.22819	-0.48891	-0.72041	-1.0695	-1.4083	-1.7946	-2.1045	-2.147	-2.0027	-1.3804	-0.51351	0.15635	0.34865	0.70813	0.88684	0.83127	0.56714	0.16057	-0.053277	-0.19511	-0.24386	-0.26183	-0.21339	-0.16264	-0.068406	0.010898	0.064746	9.0658
1022.3	0.10385	0.12132	-0.01641	-0.20538	-0.39018	-0.67134	-1.04	-1.4144	-1.6983	-2.0791	-2.1531	-2.0006	-1.3717	-0.42943	0.14005	0.38644	0.68461	0.90229	0.84458	0.57438	0.18242	-0.067735	-0.19491	-0.21475	-0.24761	-0.19156	-0.12597	-0.081418	0.041131	0.049876	9.115
1018.1	0.066486	0.065921	-0.0088913	-0.22135	-0.49866	-0.69031	-1.0943	-1.4051	-1.7637	-2.1188	-2.179	-2.0012	-1.3334	-0.43122	0.14874	0.38038	0.70272	0.91427	0.8481	0.54532	0.16844	-0.068017	-0.17287	-0.25911	-0.24164	-0.19959	-0.19246	-0.068619	0.018525	0.027785	9.0494
1016	0.1045	0.10607	0.082318	-0.18394	-0.36792	-0.65934	-0.98915	-1.3852	-1.6504	-2.1155	-2.1835	-2.021	-1.3656	-0.49326	0.10846	0.34279	0.70418	0.93265	0.86412	0.60162	0.19094	-0.024345	-0.18086	-0.23787	-0.21408	-0.1855	-0.090034	0.0036472	0.07182	0.072533	9.0822
1013.8	0.11231	0.074217	0.013927	-0.22987	-0.46773	-0.63635	-1.0558	-1.3729	-1.903	-2.1277	-2.1796	-2.0409	-1.4052	-0.50961	0.11682	0.36659	0.68268	0.89333	0.83021	0.59498	0.16914	-0.04635	-0.21184	-0.26747	-0.23562	-0.22222	-0.1491	-0.10189	0.0033539	0.057756	9.0986
1014.9	0.10461	0.08215	-0.0089192	-0.25995	-0.37655	-0.62758	-1.0332	-1.4552	-1.74	-2.1332	-2.2027	-2.0701	-1.4331	-0.50908	0.1167	0.32778	0.68962	0.91713	0.89358	0.59436	0.19114	-0.07554	-0.21162	-0.23085	-0.15811	-0.1857	-0.16365	-0.055655	0.06428	0.057696	9.0986
1019.1	0.081519	0.081808	-0.02404	-0.17581	-0.38319	-0.72998	-1.0218	-1.4037	-1.8931	-2.1321	-2.2272	-2.0692	-1.4418	-0.5222	0.091933	0.31111	0.65627	0.86405	0.84011	0.59188	0.15354	-0.075226	-0.19552	-0.22989	-0.21341	-0.20661	-0.1703	-0.081672	-0.0042466	0.057456	9.115
1014.9	0.05153	0.10619	0.021522	-0.23721	-0.45075	-0.59513	-1.0045	-1.3791	-1.6302	-2.1177	-2.2365	-2.0701	-1.4258	-0.53968	0.10044	0.32778	0.70492	0.95011	0.86503	0.60224	0.20593	-0.0097508	-0.16577	-0.21632	-0.2143	-0.1857	-0.12689	-0.082014	0.033815	0.065152	9.0986
1014.9	0.066695	0.058116	0.059573	-0.18413	-0.40952	-0.66814	-1.0045	-1.4171	-1.8644	-2.1722	-2.2703	-2.117	-1.4919	-0.61619	0.043558	0.29704	0.68962	0.91713	0.84362	0.58647	0.18375	-0.024371	-0.19634	-0.26719	-0.23537	-0.17844	-0.1563	-0.088603	-0.011881	0.012959	9.115
1011.7	0.10494	0.058299	0.044492	-0.20753	-0.43563	-0.56445	-0.97891	-1.4063	-1.7822	-2.1321	-2.2266	-2.0844	-1.4229	-0.54138	0.13337	0.35194	0.69179	0.92002	0.83911	0.6437	0.20657	-0.031781	-0.20462	-0.26803	-0.21497	-0.18628	-0.16417	-0.069051	0.026281	0.057877	9.0986
1002.2	0.10593	0.075081	-0.039861	-0.20183	-0.47317	-0.69305	-1.0245	-1.3966	-1.851	-2.1367	-2.205	-2.0646	-1.3844	-0.51554	0.14287	0.34751	0.69063	0.88703	0.85433	0.59392	0.17111	-0.061695	-0.20657	-0.22643	-0.20991	-0.19541	-0.14339	-0.10307	0.018819	0.028226	9.0822
1012.8	0.066834	0.058238	-0.0089379	-0.16172	-0.45169	-0.66954	-0.99226	-1.2904	-1.9124	-2.1065	-2.148	-1.9881	-1.2963	-0.45648	0.14137	0.37467	0.68339	0.93558	0.82393	0.57979	0.16191	-0.031747	-0.16612	-0.23134	-0.21475	-0.14972	-0.14189	-0.068978	-0.02717	0.042874	9.0986
1017	0.043856	0.089974	-0.0013061	-0.10808	-0.43335	-0.66674	-1.0024	-1.4674	-1.6414	-2.0899	-2.1306	-1.9954	-1.3422	-0.48511	0.13267	0.3501	0.68054	0.92345	0.84898	0.57737	0.16861	-0.060794	-0.17305	-0.24488	-0.21385	-0.1998	-0.18533	-0.088419	-0.011856	0.027813	9.0658
1011.7	0.059298	0.058299	0.029223	-0.24556	-0.47698	-0.74348	-0.96452	-1.3452	-1.7087	-2.1009	-2.1672	-1.9824	-1.3934	-0.48765	0.10891	0.35965	0.71481	0.92002	0.87491	0.59623	0.19174	-0.031781	-0.20462	-0.24616	-0.2502	-0.20084	-0.11992	-0.075661	0.056842	0.042919	9.0986
1010.7	0.11266	0.066406	0.036896	-0.21536	-0.41952	-0.65465	-1.0159	-1.469	-1.8429	-2.1265	-2.161	-2.0237	-1.3801	-0.5189	0.12535	0.39089	0.7002	0.92926	0.83999	0.57309	0.20679	-0.053836	-0.20483	-0.26831	-0.20109	-0.19377	-0.16434	-0.10221	0.033957	0.065426	9.1477
1005.3	0.12856	0.091018	0.052456	-0.27008	-0.41341	-0.64991	-0.94167	-1.3691	-1.8378	-2.1063	-2.2065	-1.987	-1.3948	-0.47529	0.13421	0.39296	0.7425	0.95081	0.87324	0.6	0.19296	-0.0098434	-0.17506	-0.24772	-0.23761	-0.18013	-0.12067	-0.07614	0.026448	0.0055546	9.1477
1011.7	0.082117	0.090445	0.0063214	-0.23795	-0.39427	-0.62141	-1.0365	-1.4216	-1.8336	-2.1087	-2.1757	-2.0216	-1.4008	-0.51068	0.13337	0.37507	0.70714	0.8952	0.83911	0.58831	0.19916	-0.05378	-0.23528	-0.2899	-0.22202	-0.22269	-0.12729	-0.095491	0.018641	0.080317	9.0822
1014.9	0.074277	0.066128	0.036742	-0.19929	-0.45075	-0.65191	-1.0189	-1.2953	-1.8278	-2.0865	-2.152	-2.0153	-1.3597	-0.44787	0.14108	0.37389	0.70492	0.93362	0.88644	0.58647	0.19114	-0.038991	-0.18105	-0.21632	-0.2424	-0.1857	-0.17101	-0.068834	0.026199	0.050241	9.0986
1019.1	0.08907	0.12968	0.074483	-0.20602	-0.42424	-0.6492	-1.0146	-1.4188	-1.9004	-2.1011	-2.1767	-1.9835	-1.3906	-0.49172	0.10812	0.34172	0.72484	0.92974	0.84721	0.57617	0.16826	-0.046108	-0.21835	-0.26608	-0.23439	-0.19938	-0.13368	-0.10792	0.041259	0.0054795	9.1477
1014.9	0.11219	0.10619	0.067183	-0.18413	-0.3683	-0.60324	-0.99736	-1.4019	-2.2158	-2.1021	-2.1604	-1.984	-1.3744	-0.47082	0.1492	0.41232	0.72022	0.91713	0.86503	0.57069	0.2281	-0.046301	-0.19634	-0.25266	-0.2143	-0.1857	-0.11954	-0.075424	0.079511	0.10243	9.1314
1014.9	0.066695	0.042093	0.021522	-0.25995	-0.40952	-0.6438	-0.97584	-1.3638	-1.7912	-2.1332	-2.1773	-2.0231	-1.4037	-0.50908	0.12482	0.37389	0.68962	0.90064	0.82934	0.59436	0.19853	-0.060921	-0.2269	-0.26719	-0.20025	-0.21473	-0.20042	-0.068834	-0.011881	0.065152	9.0822
1009.6	0.10516	0.090635	0.013985	-0.12412	-0.41996	-0.60641	-0.98818	-1.348	-1.5504	-2.0897	-2.2058	-2.0416	-1.4111	-0.48099	0.11731	0.36813	0.69324	0.93024	0.88392	0.60541	0.21444	-0.046544	-0.19737	-0.21015	-0.22249	-0.17208	-0.12017	-0.095692	0.056962	0.11796	9.1314
1007.5	0.067186	0.066615	0.021681	-0.21604	-0.42085	-0.69758	-1.0625	-1.3969	-1.7528	-2.1803	-2.2445	-2.0853	-1.4733	-0.52824	0.060252	0.33019	0.68699	0.92389	0.89297	0.61463	0.17766	-0.054006	-0.21318	-0.23256	-0.23711	-0.209	-0.15745	-0.11581	0.034064	0.080655	9.0822
1007.5	0.090102	0.098897	0.044679	-0.22368	-0.37932	-0.68123	-1.0553	-1.4046	-1.797	-2.1019	-2.2274	-2.0222	-1.3697	-0.482	0.12574	0.38439	0.74094	0.95711	0.86421	0.60668	0.1851	0.012268	-0.19009	-0.23256	-0.21588	-0.20169	-0.11301	-0.049427	0.049409	0.10319	9.115
1012.8	0.051638	0.10641	0.0063148	-0.2605	-0.43517	-0.66141	-1.0282	-1.443	-1.7436	-2.1143	-2.165	-1.9724	-1.3331	-0.47181	0.14137	0.35927	0.71406	0.87774	0.81678	0.50866	0.13969	-0.046398	-0.21206	-0.25319	-0.22883	-0.20791	-0.11979	-0.095391	0.01099	-0.024373	9.1314
1018.1	0.1194	0.10585	0.02904	-0.15332	-0.474	-0.64179	-1.0514	-1.4279	-1.7345	-2.08	-2.1116	-1.9544	-1.3334	-0.46173	0.18114	0.41869	0.71034	0.90605	0.83387	0.58464	0.19054	-0.046156	-0.20334	-0.24462	-0.19263	-0.19235	-0.14848	-0.094894	0.048894	0.10955	9.1477
1014.9	0.089442	0.1142	-0.0089192	-0.25237	-0.43426	-0.6438	-1.026	-1.3943	-1.6741	-2.0865	-2.1435	-2.0153	-1.345	-0.48613	0.17358	0.37389	0.71257	0.90064	0.84362	0.58647	0.18375	-0.060921	-0.2269	-0.25266	-0.19323	-0.20747	-0.16365	-0.088603	0.026199	0.057696	9.0822
1010.7	0.10505	0.13077	0.021613	-0.2382	-0.43608	-0.6465	-1.0231	-1.446	-1.7252	-2.0953	-2.144	-2.0002	-1.3063	-0.4267	0.17431	0.39861	0.71556	0.9541	0.88299	0.60477	0.19194	-0.031814	-0.18181	-0.21723	-0.13056	-0.17919	-0.12004	-0.055888	0.056902	0.072913	9.1314
1013.8	0.097125	0.074217	0.029162	-0.13878	-0.36869	-0.66072	-1.0128	-1.3652	-1.7418	-2.1043	-2.1712	-2.0095	-1.3464	-0.48663	0.13309	0.35889	0.70566	0.9346	0.83021	0.56339	0.15434	-0.04635	-0.1736	-0.2602	-0.21452	-0.22222	-0.1123	-0.055713	0.026226	0.027901	9.0986
1011.7	0.11254	0.12259	-0.0089472	-0.23035	-0.43563	-0.60514	-0.96452	-1.3987	-1.8409	-2.0931	-2.1164	-1.9902	-1.3271	-0.49533	0.14967	0.4059	0.73016	0.93656	0.85343	0.59623	0.22882	-0.046447	-0.18929	-0.24616	-0.19384	-0.179	-0.11992	-0.049219	0.018641	0.057877	9.1641
1017	0.11952	0.073985	0.04426	-0.18375	-0.45804	-0.64246	-1.0024	-1.361	-1.7875	-2.1132	-2.1053	-1.9798	-1.3348	-0.44694	0.157	0.41146	0.70345	0.89876	0.81337	0.58525	0.16861	-0.046205	-0.23405	-0.28114	-0.22086	-0.13461	-0.1413	-0.081843	0.026144	0.087339	9.0986
1019.1	0.09662	0.11372	0.0062754	-0.23622	-0.44887	-0.70575	-1.0146	-1.4188	-1.7838	-2.0391	-2.1178	-1.9523	-1.3321	-0.42315	0.15668	0.3953	0.72484	0.91332	0.86854	0.58403	0.19035	-0.046108	-0.21074	-0.23713	-0.17844	-0.19215	-0.15565	-0.035738	0.071596	0.057456	9.1314
1020.2	0.073891	0.089693	-0.024015	-0.19826	-0.45661	-0.60818	-1.0564	-1.4628	-1.7018	-2.1299	-2.1912	-2.0437	-1.3672	-0.50643	0.10801	0.34137	0.69365	0.92877	0.83213	0.55988	0.13867	-0.038788	-0.20292	-0.25134	-0.22716	-0.22806	-0.13355	-0.10125	0.003333	0.04998	9.0822
1017	0.074123	0.11396	0.059449	-0.17618	-0.40044	-0.67484	-1.0096	-1.3078	-1.7948	-2.0822	-2.1559	-1.9564	-1.3202	-0.46984	0.14889	0.38078	0.74162	0.93168	0.86322	0.60099	0.19074	-0.017025	-0.18068	-0.25938	-0.20684	-0.19255	-0.11195	-0.029236	0.041345	0.0054909	9.115
1016	0.0742	0.098071	0.0062951	-0.19151	-0.50793	-0.69175	-1.0106	-1.4157	-1.7308	-2.1155	-2.1329	-1.9584	-1.3142	-0.46269	0.13281	0.38886	0.72711	0.90794	0.82848	0.55434	0.18356	-0.03895	-0.2114	-0.25239	-0.25618	-0.20001	-0.14879	-0.095092	0.018563	0.035291	9.115
1019.1	0.13437	0.081808	0.044168	-0.22112	-0.39961	-0.68959	-1.0003	-1.3961	-1.7036	-2.0468	-2.1178	-1.9601	-1.3247	-0.46886	0.17286	0.40295	0.71722	0.92153	0.84721	0.60759	0.17562	-0.067946	-0.21835	-0.22989	-0.21341	-0.19938	-0.14833	-0.061986	0.02609	0.087157	9.1477
1011.7	0.11254	0.090445	0.02159	-0.20753	-0.47698	-0.6621	-0.97172	-1.3757	-1.8042	-2.0853	-2.1757	-2.0059	-1.3566	-0.4723	0.18228	0.37507	0.71481	0.88693	0.85343	0.5804	0.16208	-0.05378	-0.20462	-0.18784	-0.24316	-0.23725	-0.11992	-0.088882	0.041562	0.095276	9.0986
1013.8	0.066765	0.098276	0.03678	-0.23746	-0.43471	-0.62823	-0.9984	-1.3729	-1.7711	-2.0965	-2.1627	-1.986	-1.317	-0.48663	0.13309	0.35889	0.70566	0.94285	0.8445	0.58708	0.14694	-0.060985	-0.18124	-0.22382	-0.22156	-0.20042	-0.16383	-0.029328	0.026226	0.072684	9.115
1010.7	0.066975	0.082495	0.01397	-0.24582	-0.40296	-0.65465	-1.0087	-1.3542	-1.7473	-2.1187	-2.178	-1.9844	-1.3506	-0.49585	0.12535	0.35231	0.71556	0.88786	0.82566	0.54933	0.15483	-0.053836	-0.22018	-0.26102	-0.23636	-0.22292	-0.13481	-0.088975	0.026309	0.035476	9.0822
1012.8	0.074433	0.082322	0.052071	-0.19971	-0.41864	-0.61263	-0.94196	-1.4125	-1.7143	-2.0987	-2.1565	-1.9646	-1.3404	-0.46414	0.13323	0.35157	0.7294	0.92731	0.85254	0.5877	0.19895	0.0048781	-0.2044	-0.22406	-0.20771	-0.17881	-0.090317	-0.075582	0.026254	0.0055139	9.1641
1023.4	0.081182	0.081469	0.021344	-0.20516	-0.42248	-0.64651	-1.0033	-1.4507	-1.9361	-2.0924	-2.109	-1.9287	-1.3193	-0.45175	0.13185	0.37841	0.72943	0.89318	0.81539	0.52686	0.14557	-0.038668	-0.19471	-0.25777	-0.22646	-0.17696	-0.11126	-0.087869	0.010876	0.064612	9.0986
1021.3	0.08135	0.065716	0.036513	-0.24327	-0.48072	-0.6801	-0.99827	-1.3856	-1.751	-2.0735	-2.1134	-1.9561	-1.3001	-0.42988	0.20481	0.40211	0.73854	0.91142	0.84546	0.58282	0.16057	-0.075069	-0.22549	-0.22219	-0.15712	-0.22061	-0.14802	-0.061857	0.026036	0.057336	9.115
1019.1	0.073968	0.041918	-0.0013033	-0.21357	-0.45709	-0.64112	-1.0575	-1.4188	-1.689	-2.1088	-2.1094	-1.9289	-1.2443	-0.42315	0.18905	0.43356	0.71722	0.94616	0.81878	0.55261	0.14618	-0.082505	-0.1803	-0.24437	-0.2204	-0.19938	-0.19226	-0.07511	0.041259	0.064881	9.0658
1013.8	0.089536	0.098276	0.052017	-0.19191	-0.47598	-0.6932	-1.0415	-1.3881	-1.8297	-2.0965	-2.1373	-1.9625	-1.2949	-0.43302	0.16563	0.39736	0.75161	0.9346	0.85164	0.56339	0.16914	-0.031714	-0.1736	-0.23837	-0.21452	-0.21496	-0.11966	-0.068906	0.064347	0.080149	9.115
1013.8	0.059174	0.12234	0.0063082	-0.23746	-0.46773	-0.59575	-1.0128	-1.4796	-1.8591	-2.1199	-2.1373	-1.9625	-1.3317	-0.456	0.14936	0.38197	0.74395	0.90984	0.81592	0.5555	0.13954	-0.039032	-0.21184	-0.2602	-0.21452	-0.21496	-0.14174	-0.10848	0.026226	0.057756	9.1314
1008.5	0.097636	0.16329	0.0063414	-0.17766	-0.45359	-0.67235	-1.0036	-1.3571	-1.8246	-2.1075	-2.1656	-1.9807	-1.3387	-0.4507	0.15832	0.44585	0.74016	0.94781	0.85612	0.56636	0.21466	-0.053949	-0.19757	-0.26156	-0.22272	-0.17956	-0.12769	-0.056006	0.049357	0.050558	9.1969
1008.5	0.1129	0.12298	-0.0089755	-0.25396	-0.41211	-0.67235	-1.0181	-1.3494	-1.8025	-2.0997	-2.1571	-2.0044	-1.3535	-0.48149	0.18286	0.39945	0.72477	0.92292	0.84176	0.59811	0.17003	-0.061306	-0.20526	-0.25425	-0.18031	-0.20878	-0.14989	-0.095792	0.026364	0.095577	9.0986
1019.1	0.11172	0.10574	0.021433	-0.19847	-0.41603	-0.67344	-1.0146	-1.3354	-1.74	-2.0546	-2.1599	-1.9757	-1.3467	-0.45363	0.18905	0.42591	0.7477	0.94616	0.86854	0.6233	0.20507	-0.060668	-0.19552	-0.23713	-0.2274	-0.22107	-0.12636	-0.088235	0.071596	0.064881	9.1477
