59391	26	10	88	27.7	746	5	0	17.4	1.875	128	4096	10	0	0	0	0	239.98	1005.9	1.456e+006	0.12021	0.077516	41.795	0	0	1	0	0	0	8	0	0
991.42	0.15889	0.096265	-0.090765	-0.28881	-0.42751	-0.51459	-0.68341	-0.86103	-0.84	-0.78231	-0.43428	-0.010888	0.50071	0.79664	0.89693	0.87018	0.72191	0.36176	-0.10297	-0.49187	-0.81019	-0.79098	-0.70549	-0.56523	-0.40928	-0.3151	-0.16008	0.014028	0.16769	0.19023	0.68823
994.18	0.18639	0.14993	-0.10605	-0.26631	-0.43472	-0.51982	-0.7343	-0.89911	-0.91089	-0.85639	-0.52451	-0.09559	0.40482	0.74597	0.87622	0.89752	0.73549	0.40109	-0.035669	-0.40349	-0.72645	-0.7649	-0.69256	-0.5636	-0.37226	-0.30827	-0.18674	-0.033024	0.1501	0.21405	1.3739
995.03	0.1738	0.13349	-0.11837	-0.28925	-0.43085	-0.52762	-0.76744	-0.93408	-0.97585	-0.94475	-0.61204	-0.19614	0.31464	0.70635	0.87547	0.9	0.77705	0.4832	0.06775	-0.31944	-0.64444	-0.71354	-0.67332	-0.52747	-0.35902	-0.32276	-0.16397	-0.027667	0.15626	0.20325	2.0824
994.82	0.21721	0.13032	-0.079487	-0.29084	-0.41921	-0.51623	-0.77463	-0.97316	-1.0209	-0.99893	-0.73292	-0.30962	0.23507	0.669	0.88724	0.91113	0.81467	0.549	0.1552	-0.23911	-0.59623	-0.65851	-0.60948	-0.52175	-0.34917	-0.28143	-0.17457	-0.024973	0.12973	0.18804	2.7289
993.54	0.19574	0.13545	-0.09515	-0.299	-0.4131	-0.58817	-0.7609	-1.0491	-1.076	-1.0892	-0.84768	-0.44736	0.10795	0.6043	0.83687	0.88712	0.8297	0.59838	0.22384	-0.16056	-0.53365	-0.60861	-0.59935	-0.47943	-0.37678	-0.27587	-0.16875	-0.043826	0.1673	0.18525	3.4209
990.78	0.17922	0.13748	-0.084594	-0.2937	-0.46154	-0.59644	-0.82675	-1.0614	-1.1464	-1.1784	-0.95913	-0.53842	0.041956	0.56057	0.82093	0.89286	0.87131	0.68295	0.32246	-0.070403	-0.45325	-0.54888	-0.55396	-0.44043	-0.34187	-0.26635	-0.16038	-0.038595	0.12252	0.16601	4.1356
987.81	0.18129	0.14779	-0.058183	-0.28666	-0.45272	-0.61819	-0.8041	-1.1006	-1.2237	-1.2971	-1.0853	-0.68158	-0.075541	0.48674	0.77	0.8607	0.90214	0.73565	0.38786	-0.0042739	-0.38788	-0.45747	-0.5133	-0.43738	-0.32992	-0.26276	-0.14566	-0.050874	0.089982	0.15872	4.7978
985.47	0.16462	0.1332	-0.075593	-0.29683	-0.49124	-0.63139	-0.8397	-1.1926	-1.2929	-1.3948	-1.2236	-0.81706	-0.22718	0.38063	0.7165	0.83739	0.89478	0.77654	0.46227	0.080233	-0.30512	-0.42086	-0.47363	-0.40252	-0.33219	-0.24381	-0.15047	-0.025257	0.10915	0.12534	5.476
983.78	0.18994	0.13675	-0.067883	-0.30825	-0.4648	-0.61567	-0.87808	-1.2275	-1.354	-1.4677	-1.339	-0.95887	-0.35022	0.31826	0.68266	0.81828	0.89798	0.81871	0.55443	0.16335	-0.22779	-0.37938	-0.43347	-0.38357	-0.29796	-0.24869	-0.17049	-0.057871	0.10145	0.15478	6.0886
983.35	0.18843	0.14671	-0.031801	-0.29741	-0.46674	-0.63442	-0.9392	-1.3006	-1.4241	-1.5681	-1.4739	-1.1209	-0.51268	0.21094	0.63085	0.77263	0.89045	0.84971	0.61355	0.24322	-0.15621	-0.32372	-0.40527	-0.37488	-0.2676	-0.21881	-0.12351	-0.02804	0.10775	0.14565	6.7723
983.35	0.15244	0.1351	-0.0616	-0.28176	-0.47862	-0.6562	-0.93913	-1.2424	-1.4724	-1.6564	-1.6099	-1.284	-0.65208	0.098943	0.54701	0.71714	0.87153	0.88719	0.6607	0.33439	-0.082974	-0.26336	-0.36423	-0.33134	-0.25603	-0.20235	-0.11439	-0.063367	0.087415	0.13646	7.4425
984.41	0.14135	0.1251	-0.044287	-0.28301	-0.47303	-0.67393	-0.99282	-1.3598	-1.5479	-1.7557	-1.7597	-1.4391	-0.79979	-0.0083718	0.46608	0.65304	0.84852	0.92017	0.73799	0.38929	-0.011252	-0.2134	-0.30568	-0.29513	-0.23549	-0.20804	-0.11282	-0.026609	0.1044	0.12247	8.0438
983.99	0.13669	0.12023	-0.027087	-0.291	-0.48683	-0.71259	-1.0066	-1.2805	-1.627	-1.8801	-1.9139	-1.6077	-0.96077	-0.16154	0.36064	0.57556	0.82202	0.92231	0.76628	0.44155	0.045144	-0.14858	-0.26783	-0.28316	-0.21241	-0.1768	-0.12341	-0.033577	0.071576	0.11172	8.7224
986.11	0.12704	0.11333	-0.0049618	-0.29192	-0.49256	-0.70599	-1.028	-1.3846	-1.6989	-1.9547	-2.028	-1.746	-1.1099	-0.26046	0.27612	0.50316	0.77622	0.91188	0.80581	0.49906	0.11969	-0.094111	-0.21851	-0.23625	-0.20738	-0.15699	-0.098958	-0.040157	0.088647	0.099192	9.3451
982.71	0.10383	0.11708	0.0058783	-0.27549	-0.51637	-0.67181	-1.0257	-1.4001	-1.7744	-2.0774	-2.1695	-1.9366	-1.2765	-0.41958	0.17631	0.40653	0.72986	0.91342	0.83817	0.55643	0.18279	-0.038475	-0.18772	-0.20403	-0.17328	-0.13807	-0.079473	-0.04028	0.06373	0.082731	9.9412
979.95	0.10108	0.092401	-0.022335	-0.26698	-0.50752	-0.70196	-1.0644	-1.4754	-1.8795	-2.1752	-2.3018	-2.0897	-1.4642	-0.56819	0.057301	0.3358	0.67161	0.90216	0.8626	0.62474	0.23827	-0.0099187	-0.16138	-0.19562	-0.14636	-0.12791	-0.078273	-0.051369	0.043413	0.10125	10.549
977.83	0.099665	0.074421	-0.022507	-0.28014	-0.51212	-0.72897	-1.1023	-1.4834	-1.9753	-2.2573	-2.4471	-2.2874	-1.6381	-0.71369	-0.038601	0.20269	0.60969	0.91443	0.9061	0.67527	0.31098	0.050755	-0.095036	-0.15066	-0.1349	-0.12673	-0.072317	-0.010315	0.075115	0.078288	11.157
974.64	0.054253	0.051264	-0.033577	-0.20976	-0.47239	-0.73628	-1.1538	-1.5531	-1.9689	-2.3847	-2.6239	-2.4823	-1.833	-0.85948	-0.16402	0.10412	0.52569	0.87799	0.91955	0.70378	0.34594	0.090597	-0.066712	-0.12083	-0.12663	-0.11654	-0.064977	-0.026784	0.046808	0.056859	11.708
974.43	0.027462	0.034566	-0.001932	-0.26224	-0.5173	-0.73832	-1.1524	-1.5725	-1.9314	-2.4857	-2.7653	-2.6425	-1.9787	-1.022	-0.29093	-0.0046353	0.46837	0.87129	0.92692	0.74326	0.389	0.14989	-0.015821	-0.087581	-0.088601	-0.078696	-0.020493	-0.036553	0.024654	0.039865	12.275
975.92	0.024284	0.042937	-0.00037066	-0.23816	-0.50798	-0.71865	-1.1716	-1.6002	-1.9771	-2.5629	-2.8613	-2.785	-2.1546	-1.1846	-0.4106	-0.09103	0.39281	0.81672	0.93146	0.77822	0.45149	0.19988	-0.0062586	-0.066318	-0.066574	-0.060421	-0.031171	-0.026897	0.043637	0.04591	12.848
976.98	0.011635	0.029452	-0.033599	-0.23788	-0.48518	-0.74308	-1.1539	-1.6682	-2.0694	-2.6653	-3.0058	-2.9433	-2.3371	-1.3424	-0.53522	-0.22367	0.30806	0.75413	0.91861	0.79871	0.48478	0.22097	0.019142	-0.039011	-0.060677	-0.051341	-0.050912	-0.031017	0.038822	0.027321	13.349
976.55	-0.0087716	-0.013803	-0.060461	-0.23949	-0.53002	-0.72662	-1.2142	-1.7323	-2.0794	-2.7444	-3.1128	-3.1043	-2.5079	-1.5023	-0.65046	-0.32923	0.21902	0.7133	0.92641	0.8515	0.52653	0.2484	0.038166	-0.027063	-0.035919	-0.042369	-0.051046	-0.0324	0.015052	0.031991	13.878
975.07	-0.002637	-0.017226	-0.035154	-0.22886	-0.4279	-0.73626	-1.1831	-1.7159	-2.1234	-2.8232	-3.2337	-3.2671	-2.6754	-1.6431	-0.77493	-0.42255	0.14775	0.7042	0.91903	0.86435	0.5596	0.27776	0.071723	0.001737	-0.024306	-0.037935	-0.026522	-0.0255	0.030885	0.028864	14.342
974.85	-0.068993	-0.067111	-0.060673	-0.20224	-0.48085	-0.72248	-1.2132	-1.7596	-2.143	-2.9292	-3.4105	-3.4588	-2.8492	-1.8189	-0.92253	-0.59722	0.050526	0.65637	0.91041	0.85161	0.55677	0.32791	0.097175	0.0077932	-0.031465	-0.048398	-0.014389	-0.040605	-0.0085271	-0.020815	14.79
972.73	-0.057987	-0.075729	-0.089421	-0.2104	-0.46664	-0.74453	-1.2458	-1.7773	-2.2621	-3.0198	-3.5324	-3.5953	-3.0484	-1.9874	-1.0467	-0.70768	-0.02295	0.58185	0.91078	0.86316	0.59957	0.31804	0.094214	0.010851	-0.032998	-0.02127	-0.054206	-0.036514	-0.024505	-0.017638	15.227
971.45	-0.11037	-0.089089	-0.09258	-0.21079	-0.47603	-0.73349	-1.1979	-1.7971	-2.2711	-3.0839	-3.6215	-3.7336	-3.1811	-2.1304	-1.1821	-0.8208	-0.12522	0.53088	0.88354	0.87581	0.61588	0.36266	0.12458	0.032049	-0.01547	-0.027314	-0.011316	-0.031118	-0.01991	-0.022461	15.625
968.27	-0.14717	-0.11795	-0.1569	-0.23038	-0.42543	-0.71407	-1.1912	-1.8125	-2.3655	-3.261	-3.731	-3.8692	-3.3565	-2.2884	-1.3037	-0.90266	-0.19629	0.4808	0.87742	0.88858	0.66111	0.38386	0.14581	0.048925	0.0079448	-0.021404	-0.01601	-0.053347	-0.032795	-0.03816	15.991
965.08	-0.14619	-0.15229	-0.16048	-0.20416	-0.41484	-0.66346	-1.2374	-1.817	-2.3705	-3.3046	-3.8535	-4.0054	-3.4927	-2.4036	-1.3985	-1.0236	-0.2902	0.43728	0.86536	0.89481	0.66956	0.38514	0.15117	0.064496	0.0094398	-0.0031244	-0.019247	-0.040949	-0.024896	-0.035201	16.316
964.23	-0.15883	-0.1928	-0.20224	-0.24768	-0.39611	-0.64338	-1.198	-1.8362	-2.4095	-3.3022	-3.928	-4.1193	-3.6132	-2.5154	-1.4767	-1.1102	-0.35326	0.39601	0.87199	0.91222	0.68252	0.40542	0.17851	0.088866	0.022806	-0.0062215	-0.02998	-0.028725	-0.02485	-0.05081	16.614
967.2	-0.19339	-0.22906	-0.23192	-0.26102	-0.38606	-0.62613	-1.1912	-1.8161	-2.4111	-3.2834	-3.9815	-4.1951	-3.6991	-2.6102	-1.5503	-1.184	-0.40023	0.3689	0.86943	0.91597	0.70372	0.43181	0.19088	0.10084	0.028722	-0.019841	-0.019081	-0.039562	-0.056645	-0.075769	16.887
968.69	-0.25688	-0.26068	-0.22834	-0.25742	-0.35998	-0.55575	-1.1505	-1.8053	-2.4168	-3.2395	-4.0423	-4.2751	-3.7836	-2.6984	-1.6719	-1.2784	-0.47778	0.32527	0.8218	0.91459	0.70878	0.45109	0.20333	0.090031	-0.014077	-0.028949	-0.02833	-0.058876	-0.070947	-0.10374	17.191
968.48	-0.28039	-0.29215	-0.25702	-0.3132	-0.36531	-0.55087	-1.1492	-1.7994	-2.4052	-3.3638	-4.0875	-4.3614	-3.8798	-2.8272	-1.7572	-1.3251	-0.5468	0.31172	0.80853	0.91645	0.73527	0.45572	0.2034	0.085455	0.028614	-0.0061186	-0.019105	-0.07273	-0.097831	-0.11311	17.431
967.41	-0.25715	-0.26579	-0.29258	-0.3437	-0.36564	-0.51075	-1.1	-1.7969	-2.4572	-3.4217	-4.1184	-4.4105	-3.9612	-2.8897	-1.8018	-1.3943	-0.57294	0.26885	0.8141	0.9209	0.75024	0.46853	0.22453	0.10996	0.028599	0.0014115	-0.025288	-0.058827	-0.082141	-0.11946	17.58
961.25	-0.3118	-0.31184	-0.32961	-0.36514	-0.38512	-0.48867	-1.0398	-1.7759	-2.4263	-3.4068	-4.1735	-4.4853	-4.0365	-2.9666	-1.8479	-1.4635	-0.61068	0.24279	0.82076	0.94345	0.74877	0.47298	0.21948	0.10302	0.013838	-0.026131	-0.054899	-0.078624	-0.10371	-0.13772	17.693
954.87	-0.27204	-0.40124	-0.36432	-0.38532	-0.38595	-0.48116	-1.0198	-1.7846	-2.4221	-3.3008	-4.2106	-4.547	-4.0683	-3.0208	-1.8707	-1.4933	-0.62969	0.22836	0.81406	0.94964	0.74888	0.48398	0.21446	0.10069	0.012539	-0.02627	-0.044419	-0.10999	-0.12378	-0.14481	17.788
955.08	-0.28139	-0.39068	-0.39663	-0.35781	-0.39472	-0.5188	-0.98143	-1.72	-2.3908	-3.2903	-4.1955	-4.5362	-4.0612	-2.9879	-1.8774	-1.4995	-0.65238	0.21781	0.82139	0.9345	0.74415	0.46683	0.23229	0.091278	0.015608	-0.038605	-0.074115	-0.096081	-0.12378	-0.15123	17.779
954.44	-0.3464	-0.41153	-0.38374	-0.3406	-0.38785	-0.47764	-0.91897	-1.6692	-2.3408	-3.2997	-4.1569	-4.4977	-4.0218	-2.9735	-1.8802	-1.4987	-0.64291	0.23906	0.79772	0.92852	0.73675	0.47481	0.2211	0.089819	-0.017323	-0.040182	-0.069534	-0.096343	-0.16098	-0.19396	17.807
954.23	-0.33546	-0.41336	-0.37904	-0.41776	-0.4126	-0.48629	-0.89056	-1.5977	-2.3525	-3.4258	-4.1342	-4.4466	-3.991	-2.9494	-1.8527	-1.4645	-0.62333	0.25668	0.82063	0.93177	0.73529	0.48279	0.22438	0.080562	-0.015821	-0.055718	-0.077346	-0.11026	-0.16601	-0.20538	17.747
955.51	-0.31967	-0.38858	-0.37544	-0.42536	-0.45392	-0.47025	-0.8209	-1.5507	-2.3086	-3.2911	-4.0712	-4.3907	-3.9529	-2.908	-1.8122	-1.42	-0.56232	0.29309	0.83165	0.93899	0.75164	0.48676	0.22241	0.077377	-0.020286	-0.037143	-0.069365	-0.13664	-0.14956	-0.19856	17.738
957.42	-0.34337	-0.38602	-0.43124	-0.48885	-0.42868	-0.46407	-0.79773	-1.4906	-2.2481	-3.2228	-3.9914	-4.3388	-3.8937	-2.8601	-1.7674	-1.3832	-0.55493	0.27142	0.81183	0.92539	0.70937	0.447	0.18794	0.066482	-0.039548	-0.07858	-0.11757	-0.14895	-0.1816	-0.22667	17.668
956.15	-0.30843	-0.38814	-0.45299	-0.46374	-0.42393	-0.44587	-0.74638	-1.4245	-2.215	-3.0457	-3.9303	-4.25	-3.8147	-2.7698	-1.7009	-1.3328	-0.53297	0.28414	0.83254	0.92832	0.70247	0.43681	0.19474	0.058746	-0.050074	-0.080245	-0.12706	-0.14635	-0.18824	-0.21423	17.539
959.12	-0.35243	-0.4414	-0.4709	-0.46564	-0.38614	-0.41701	-0.70437	-1.4067	-2.1178	-2.9416	-3.8125	-4.1473	-3.7144	-2.6756	-1.6201	-1.2557	-0.46832	0.33374	0.85565	0.94041	0.70824	0.42158	0.1683	0.040158	-0.042507	-0.081543	-0.1282	-0.16682	-0.20877	-0.23269	17.374
964.65	-0.37427	-0.454	-0.42799	-0.40369	-0.39789	-0.40599	-0.63543	-1.3298	-2.0536	-2.9055	-3.7089	-3.9967	-3.5523	-2.5169	-1.5063	-1.1514	-0.39305	0.36995	0.85526	0.92841	0.67609	0.38688	0.14317	0.0078058	-0.087982	-0.14518	-0.15836	-0.20327	-0.22671	-0.26412	17.15
964.23	-0.36966	-0.41531	-0.417	-0.41047	-0.41696	-0.41989	-0.5998	-1.2568	-1.9375	-2.9805	-3.5913	-3.8616	-3.4052	-2.3841	-1.4042	-1.011	-0.28037	0.45184	0.85865	0.90389	0.66388	0.36085	0.1159	-0.031938	-0.10873	-0.13457	-0.1569	-0.19233	-0.22362	-0.22361	16.839
965.29	-0.35979	-0.40646	-0.39381	-0.37623	-0.45645	-0.37674	-0.56305	-1.2364	-1.8909	-2.876	-3.4668	-3.7063	-3.2598	-2.2564	-1.2902	-0.91809	-0.20475	0.47717	0.86966	0.89139	0.63828	0.36202	0.09333	-0.040993	-0.1234	-0.14967	-0.17533	-0.22119	-0.25541	-0.26554	16.547
966.78	-0.34959	-0.39221	-0.40916	-0.37573	-0.40521	-0.42046	-0.58207	-1.2506	-1.8804	-2.8042	-3.3444	-3.5642	-3.0805	-2.0987	-1.1689	-0.8312	-0.14816	0.51971	0.89082	0.87169	0.60937	0.31384	0.075502	-0.051685	-0.1469	-0.18292	-0.20589	-0.21943	-0.25025	-0.24962	16.1
961.68	-0.33207	-0.35883	-0.36635	-0.38856	-0.37296	-0.32858	-0.50657	-1.1916	-1.8117	-2.662	-3.207	-3.4146	-2.9247	-1.9306	-1.0171	-0.67648	-0.040663	0.59044	0.9121	0.87807	0.58305	0.26929	0.035559	-0.091834	-0.16831	-0.20686	-0.224	-0.24141	-0.25781	-0.26306	15.622
963.16	-0.33966	-0.3668	-0.37543	-0.35454	-0.30788	-0.3228	-0.52707	-1.1388	-1.692	-2.5822	-3.0793	-3.2445	-2.7438	-1.7519	-0.89231	-0.55079	0.041565	0.64327	0.89718	0.84505	0.51976	0.2272	0.0032877	-0.12078	-0.2007	-0.22951	-0.23766	-0.24805	-0.2607	-0.27712	15.084
964.23	-0.37632	-0.35148	-0.32228	-0.30169	-0.32668	-0.30382	-0.51297	-1.1502	-1.7099	-2.5024	-2.9529	-3.0774	-2.5377	-1.5595	-0.72846	-0.42202	0.16259	0.69662	0.93073	0.81919	0.4973	0.18688	-0.024034	-0.16051	-0.21521	-0.26142	-0.2466	-0.23946	-0.25893	-0.29565	14.505
965.93	-0.2974	-0.3002	-0.2801	-0.28346	-0.29154	-0.2778	-0.49864	-1.1037	-1.6471	-2.4292	-2.8094	-2.8946	-2.3436	-1.3914	-0.59767	-0.29072	0.25363	0.74548	0.93797	0.80118	0.45298	0.15582	-0.062523	-0.18626	-0.24745	-0.27927	-0.25541	-0.26107	-0.25039	-0.24825	13.852
965.29	-0.2928	-0.2819	-0.28681	-0.29365	-0.29005	-0.26102	-0.48265	-1.1137	-1.5881	-2.3146	-2.6778	-2.7167	-2.1609	-1.244	-0.46779	-0.17905	0.34912	0.7738	0.9207	0.76018	0.40657	0.11132	-0.11247	-0.23205	-0.26824	-0.26564	-0.24947	-0.28218	-0.23604	-0.21847	13.201
964.65	-0.25624	-0.25524	-0.2966	-0.25547	-0.22979	-0.23391	-0.49777	-1.1017	-1.5369	-2.2226	-2.5052	-2.5538	-1.9831	-1.0693	-0.32617	-0.020684	0.43302	0.82816	0.90488	0.73429	0.3681	0.050015	-0.16546	-0.27805	-0.28592	-0.29326	-0.28357	-0.2753	-0.22153	-0.21526	12.514
962.74	-0.23937	-0.26085	-0.22178	-0.20336	-0.18654	-0.17778	-0.54521	-1.0971	-1.5627	-2.1186	-2.3944	-2.3592	-1.7919	-0.87788	-0.17791	0.097449	0.52089	0.84882	0.89759	0.69405	0.30638	0.0021724	-0.20453	-0.2986	-0.32366	-0.30765	-0.30284	-0.28571	-0.23037	-0.19706	11.783
960.61	-0.19347	-0.22924	-0.17902	-0.17325	-0.15905	-0.19709	-0.58091	-1.1413	-1.4779	-2.0459	-2.2336	-2.1923	-1.5923	-0.70182	-0.052726	0.21133	0.58193	0.87332	0.88149	0.64549	0.22421	-0.051858	-0.23408	-0.33613	-0.34678	-0.34682	-0.33157	-0.28629	-0.23569	-0.18816	10.96
963.16	-0.16738	-0.17797	-0.12404	-0.12333	-0.12207	-0.19636	-0.59631	-1.0758	-1.5375	-1.9257	-2.094	-1.9951	-1.3914	-0.54032	0.077553	0.32589	0.67069	0.91807	0.85054	0.59218	0.15811	-0.10726	-0.29621	-0.37664	-0.36812	-0.37805	-0.31376	-0.28973	-0.19831	-0.16422	10.171
967.63	-0.10283	-0.084527	-0.10728	-0.1161	-0.08317	-0.18512	-0.6234	-1.0722	-1.2738	-1.8352	-1.9265	-1.8005	-1.1802	-0.37423	0.20845	0.44697	0.75096	0.93096	0.81506	0.52003	0.095454	-0.16359	-0.32712	-0.3857	-0.37654	-0.37173	-0.33849	-0.26757	-0.13492	-0.12261	9.316
971.45	-0.072289	-0.074145	-0.056112	-0.093573	-0.079628	-0.2592	-0.62865	-1.0538	-1.3744	-1.745	-1.7761	-1.6104	-1.0053	-0.21467	0.31442	0.54938	0.78474	0.91871	0.76273	0.44387	0.019447	-0.22538	-0.36874	-0.42654	-0.3957	-0.38084	-0.31714	-0.24593	-0.12799	-0.073769	8.3784
979.53	-0.026031	-0.027043	-0.030319	-0.034665	-0.072244	-0.23365	-0.60857	-0.94882	-1.3311	-1.621	-1.604	-1.3929	-0.80084	-0.065623	0.42116	0.62438	0.84319	0.89404	0.72987	0.38476	-0.034268	-0.26745	-0.42744	-0.46818	-0.44475	-0.38669	-0.32208	-0.23709	-0.13479	-0.05768	7.4978
984.63	0.019478	-0.023583	-0.019309	-0.011078	-0.056691	-0.27743	-0.6439	-1.0036	-1.2744	-1.5003	-1.4303	-1.2148	-0.62566	0.081288	0.53792	0.71297	0.85937	0.88434	0.66579	0.32911	-0.11781	-0.35035	-0.47557	-0.48373	-0.45257	-0.40261	-0.34006	-0.23991	-0.087029	-0.048121	6.5119
986.54	0.025597	-0.0054917	0.023054	-0.004759	-0.083688	-0.32029	-0.64257	-0.98759	-1.1995	-1.3869	-1.2831	-1.019	-0.42174	0.24654	0.63388	0.77964	0.87818	0.84871	0.59101	0.2165	-0.2256	-0.42641	-0.51713	-0.51125	-0.44876	-0.42879	-0.32128	-0.2355	-0.053928	-0.012781	5.4792
989.08	0.07529	0.0505	0.060559	0.060637	-0.11878	-0.33282	-0.62911	-0.95685	-1.1094	-1.2747	-1.1256	-0.84304	-0.24898	0.37137	0.70388	0.83434	0.88845	0.81945	0.51045	0.10909	-0.32365	-0.5063	-0.57062	-0.54119	-0.48665	-0.44102	-0.3416	-0.21582	-0.046083	0.011649	4.4488
989.93	0.095444	0.11456	0.11984	0.010973	-0.17957	-0.36239	-0.60658	-0.96063	-1.0664	-1.1651	-0.97561	-0.64001	-0.089053	0.46206	0.76163	0.86357	0.89084	0.75787	0.40174	-0.0074207	-0.42645	-0.57176	-0.63601	-0.62266	-0.50204	-0.43167	-0.32919	-0.2008	-0.025681	0.025443	3.4079
988.87	0.12199	0.10807	0.13245	-0.0047023	-0.21191	-0.34946	-0.60272	-0.86642	-0.9819	-1.0464	-0.8032	-0.46565	0.084237	0.57721	0.83247	0.89918	0.87919	0.68761	0.31428	-0.098091	-0.53003	-0.66697	-0.67743	-0.62928	-0.52561	-0.46495	-0.31897	-0.17123	0.033616	0.083598	2.2783
989.51	0.16553	0.17044	0.13695	-0.046651	-0.22026	-0.32929	-0.56851	-0.82215	-0.88522	-0.92925	-0.64161	-0.29524	0.21369	0.66163	0.86027	0.93653	0.84107	0.58753	0.17073	-0.24356	-0.62509	-0.73836	-0.7412	-0.67214	-0.55106	-0.43178	-0.3066	-0.19676	0.042868	0.11112	1.1975
988.87	0.20292	0.16565	0.076191	-0.10281	-0.23055	-0.34282	-0.55274	-0.7664	-0.81961	-0.80842	-0.50312	-0.1524	0.34809	0.71697	0.8892	0.90392	0.79439	0.47269	0.033041	-0.37817	-0.75306	-0.84852	-0.81231	-0.73381	-0.55445	-0.46945	-0.33407	-0.16713	0.058821	0.13569	0.087583
987.17	0.21107	0.18239	0.046515	-0.099852	-0.24962	-0.32842	-0.4872	-0.70194	-0.72315	-0.67523	-0.32152	0.021213	0.48169	0.79535	0.90579	0.89293	0.72032	0.35661	-0.085773	-0.50524	-0.85768	-0.92209	-0.85451	-0.74242	-0.55104	-0.4836	-0.32859	-0.14037	0.12148	0.18343	-1.0545
986.54	0.19251	0.18745	0.0059041	-0.08586	-0.22096	-0.3302	-0.53191	-0.65056	-0.62116	-0.56343	-0.19292	0.13891	0.5849	0.83836	0.90639	0.85389	0.65141	0.23284	-0.2182	-0.65344	-0.98616	-1.0055	-0.91809	-0.74749	-0.6006	-0.47499	-0.32578	-0.099799	0.15765	0.19431	-2.1761
988.02	0.17976	0.16258	-0.01132	-0.10284	-0.22389	-0.31141	-0.4706	-0.5714	-0.53446	-0.45384	-0.05723	0.28981	0.70619	0.86849	0.87489	0.79409	0.54187	0.083291	-0.40707	-0.81622	-1.1275	-1.0746	-0.97792	-0.79567	-0.59823	-0.48924	-0.32237	-0.087434	0.1526	0.18627	-3.2736
989.93	0.14673	0.10797	-0.0019211	-0.0871	-0.2252	-0.28587	-0.39917	-0.51253	-0.46144	-0.34925	0.07622	0.41438	0.77711	0.86371	0.80496	0.69654	0.40447	-0.10943	-0.6212	-1.0004	-1.2464	-1.1759	-1.0308	-0.85812	-0.6129	-0.47933	-0.30663	-0.064342	0.13826	0.19667	-4.3339
990.36	0.13581	0.11281	-0.00036922	-0.12438	-0.20651	-0.25581	-0.38139	-0.45298	-0.37569	-0.22465	0.1974	0.5313	0.84152	0.85393	0.73631	0.58599	0.23024	-0.3122	-0.82867	-1.1794	-1.4156	-1.2818	-1.0867	-0.87711	-0.63564	-0.49842	-0.302	-0.062912	0.1507	0.17059	-5.4087
991.21	0.14817	0.10773	-0.022097	-0.11811	-0.17939	-0.21582	-0.33555	-0.3996	-0.27798	-0.1161	0.34427	0.6254	0.8679	0.82033	0.66417	0.47067	0.053095	-0.53978	-1.0311	-1.3431	-1.537	-1.3899	-1.1436	-0.88824	-0.64093	-0.49057	-0.31373	-0.066991	0.14902	0.17198	-6.5299
991.84	0.11541	0.074996	-0.033048	-0.08851	-0.13366	-0.20233	-0.28838	-0.337	-0.19538	0.00025098	0.44261	0.70345	0.88984	0.79473	0.55893	0.33349	-0.13013	-0.73343	-1.2246	-1.5327	-1.6691	-1.4877	-1.1913	-0.94128	-0.66488	-0.51854	-0.31656	-0.05474	0.13021	0.14899	-7.5515
991.42	0.11394	0.052005	-0.014349	-0.045112	-0.11512	-0.16425	-0.2635	-0.28407	-0.14301	0.094244	0.5362	0.76631	0.91438	0.72931	0.43282	0.19052	-0.31498	-0.9718	-1.478	-1.7143	-1.8136	-1.5138	-1.2185	-0.96097	-0.69245	-0.52901	-0.32112	-0.061556	0.11	0.12465	-8.5127
992.91	0.10293	0.056883	-0.012838	-0.05893	-0.1082	-0.15401	-0.20304	-0.21211	-0.03804	0.14669	0.59415	0.80992	0.90548	0.65633	0.28599	0.0064286	-0.53661	-1.2028	-1.7105	-1.9116	-1.9741	-1.5909	-1.3088	-1.0041	-0.70876	-0.52982	-0.29365	-0.046667	0.091184	0.10916	-9.5068
995.03	0.07484	0.035566	0.002721	-0.051133	-0.10971	-0.1504	-0.16316	-0.13085	0.015793	0.23685	0.66696	0.87841	0.87953	0.55655	0.12789	-0.17392	-0.73516	-1.4492	-1.9398	-2.1134	-2.1055	-1.6751	-1.3731	-1.0227	-0.7401	-0.51676	-0.26165	-0.038452	0.070792	0.075578	-10.383
995.24	0.050182	0.066483	-0.0050215	-0.046495	-0.091154	-0.13214	-0.11328	-0.099724	0.074034	0.31631	0.72896	0.91346	0.83449	0.43319	-0.041202	-0.37139	-0.98006	-1.7146	-2.2	-2.3125	-2.2379	-1.766	-1.4025	-1.0657	-0.74298	-0.50357	-0.25697	-0.047847	0.045947	0.067805	-11.269
996.51	0.049997	0.035417	0.0043859	-0.054096	-0.0793	-0.080741	-0.082529	-0.056159	0.13956	0.38084	0.78997	0.89946	0.79292	0.32038	-0.20674	-0.55249	-1.2266	-1.9711	-2.4226	-2.4606	-2.3569	-1.8754	-1.4582	-1.0863	-0.70753	-0.4894	-0.26719	-0.039667	0.061349	0.043468	-12.073
996.51	0.070078	0.041948	-0.0064699	-0.02021	-0.040635	-0.055875	-0.054762	-0.02665	0.20077	0.45233	0.81925	0.89472	0.73608	0.20665	-0.34909	-0.75298	-1.4573	-2.2298	-2.645	-2.6519	-2.4878	-1.9052	-1.4925	-1.1086	-0.73615	-0.53375	-0.27919	-0.037024	0.027266	0.03588	-12.874
995.45	0.022221	0.019115	-0.0065608	-0.0078106	-0.0256	-0.056017	-0.043149	0.007456	0.25465	0.50187	0.8494	0.87808	0.67996	0.10384	-0.53348	-0.94029	-1.6914	-2.4324	-2.8416	-2.8333	-2.6007	-2.0116	-1.5563	-1.1068	-0.7385	-0.51061	-0.23429	-0.050578	0.014755	0.0085204	-13.556
996.09	0.025246	0.0077325	0.0027513	0.0076619	-0.025653	-0.041103	-0.009453	0.069592	0.29779	0.54445	0.8764	0.87282	0.64214	-0.025631	-0.69538	-1.1432	-1.8977	-2.6628	-3.0492	-3.0019	-2.7165	-2.0822	-1.5539	-1.1063	-0.74369	-0.50907	-0.24028	-0.054547	-0.013231	-0.018872	-14.192
994.82	-0.010217	0.012507	-0.0081064	-0.012437	-0.032352	-0.039453	0.0095482	0.099155	0.31613	0.56746	0.88267	0.87077	0.55451	-0.18163	-0.88858	-1.3422	-2.1216	-2.9067	-3.2789	-3.1618	-2.8481	-2.1055	-1.5778	-1.1328	-0.72888	-0.47075	-0.188	-0.10172	-0.053442	-0.047706	-14.731
994.39	-0.039621	0.0012486	-0.0066127	-0.044851	-0.029038	-0.022842	0.021254	0.10702	0.34016	0.60897	0.90913	0.84078	0.49921	-0.29742	-1.045	-1.5029	-2.318	-3.0898	-3.442	-3.2904	-2.9038	-2.1616	-1.6394	-1.1747	-0.70896	-0.42239	-0.20499	-0.10312	-0.073811	-0.056844	-15.235
994.39	-0.0056333	0.0060068	-0.025292	-0.021772	-0.012213	0.010158	0.054834	0.1536	0.37895	0.64714	0.94183	0.8343	0.43472	-0.39738	-1.1461	-1.6378	-2.4726	-3.2714	-3.6036	-3.4014	-2.9851	-2.2063	-1.65	-1.1509	-0.67467	-0.41933	-0.18672	-0.13128	-0.084778	-0.066048	-15.633
996.09	-0.04267	-0.05601	-0.03603	-0.02784	-0.0088693	0.026689	0.047603	0.15655	0.39484	0.67294	0.9229	0.78814	0.37997	-0.49347	-1.2769	-1.7635	-2.6212	-3.4137	-3.727	-3.492	-3.0403	-2.2174	-1.6302	-1.1622	-0.65197	-0.36538	-0.21478	-0.11509	-0.16528	-0.11766	-16.05
997.58	-0.036505	-0.047821	-0.035938	-0.018593	0.0080624	0.020004	0.057662	0.16553	0.40309	0.6846	0.92494	0.7647	0.32115	-0.57828	-1.3642	-1.8937	-2.7541	-3.5495	-3.8157	-3.5702	-3.0959	-2.2556	-1.6649	-1.125	-0.6268	-0.36772	-0.23405	-0.17239	-0.13721	-0.097735	-16.332
1001	-0.068583	-0.047542	-0.023484	0.010688	0.0063201	0.019941	0.070572	0.18507	0.45219	0.69655	0.92182	0.74791	0.27986	-0.63368	-1.4715	-1.9964	-2.8704	-3.6461	-3.9011	-3.6253	-3.1229	-2.2448	-1.6438	-1.1064	-0.56469	-0.3312	-0.22707	-0.18122	-0.19219	-0.15326	-16.597
1004.2	-0.097488	-0.074951	-0.011111	-0.0092395	-0.003706	0.0067721	0.067415	0.20908	0.44486	0.7006	0.91548	0.72967	0.25379	-0.7306	-1.5555	-2.105	-2.9526	-3.7195	-3.9825	-3.6855	-3.1623	-2.2586	-1.6417	-1.0266	-0.52184	-0.31409	-0.26366	-0.19129	-0.20087	-0.16633	-16.766
1005.2	-0.092875	-0.050646	-0.037275	-0.032215	-0.012012	0.0034688	0.096269	0.2181	0.45619	0.70298	0.91103	0.71473	0.21646	-0.76529	-1.6277	-2.1462	-3.0235	-3.7954	-4.0373	-3.7294	-3.1352	-2.2459	-1.62	-1.021	-0.49144	-0.28886	-0.28693	-0.25605	-0.23163	-0.18599	-16.9
1006.1	-0.11267	-0.081252	-0.04797	-0.024546	-0.010366	0.028012	0.1121	0.21787	0.46168	0.71024	0.92218	0.71565	0.19405	-0.82023	-1.6574	-2.1878	-3.0688	-3.8504	-4.0815	-3.7231	-3.143	-2.2602	-1.5877	-1.0088	-0.45152	-0.31939	-0.28695	-0.25603	-0.28479	-0.25618	-17.009
1005.4	-0.10656	-0.087804	-0.071069	-0.041362	-0.012003	0.01491	0.084725	0.19804	0.45316	0.71537	0.91774	0.68768	0.16894	-0.84537	-1.6748	-2.2372	-3.1031	-3.8978	-4.1085	-3.7509	-3.1598	-2.2645	-1.564	-0.91843	-0.41637	-0.36952	-0.32859	-0.26949	-0.24684	-0.20828	-17.078
1002.7	-0.12368	-0.10907	-0.074246	-0.053775	-0.0036522	0.0035273	0.079157	0.19081	0.46626	0.71581	0.92023	0.67687	0.15744	-0.86341	-1.7157	-2.2668	-3.1443	-3.9036	-4.1053	-3.7565	-3.1715	-2.2339	-1.5391	-0.85905	-0.45314	-0.41608	-0.3655	-0.32094	-0.26453	-0.24677	-17.14
998.85	-0.11652	-0.099799	-0.066849	-0.021692	-0.0020852	-0.004689	0.082415	0.21017	0.47098	0.72491	0.91694	0.6923	0.16265	-0.86335	-1.7221	-2.2674	-3.1529	-3.9151	-4.1167	-3.774	-3.1641	-2.226	-1.5356	-0.81471	-0.4734	-0.39541	-0.39379	-0.34912	-0.30237	-0.22627	-17.134
998.21	-0.14408	-0.10959	-0.054416	-0.04312	-0.028849	-0.019542	0.077993	0.21349	0.4549	0.70479	0.89862	0.69263	0.15982	-0.84827	-1.71	-2.2422	-3.113	-3.8755	-4.0975	-3.7524	-3.1421	-2.1193	-1.4558	-0.72221	-0.49652	-0.46512	-0.39862	-0.42189	-0.32411	-0.25961	-17.078
995.67	-0.18806	-0.15083	-0.070131	-0.064939	-0.045775	-0.0031932	0.067942	0.20775	0.45156	0.70175	0.89909	0.69767	0.14518	-0.87079	-1.731	-2.2544	-3.1211	-3.8872	-4.0964	-3.7282	-3.0869	-2.16	-1.419	-0.67095	-0.51922	-0.47681	-0.41888	-0.38367	-0.3579	-0.23632	-17.065
993.54	-0.18219	-0.13139	-0.087373	-0.075933	-0.044182	-0.0031055	0.081358	0.19732	0.46006	0.70486	0.90282	0.70235	0.16194	-0.85247	-1.7165	-2.2435	-3.1246	-3.8636	-4.0804	-3.7056	-3.1101	-2.1035	-1.361	-0.63358	-0.52745	-0.52964	-0.43184	-0.41408	-0.33848	-0.27775	-17.037
993.97	-0.1929	-0.1804	-0.11378	-0.080521	-0.047474	-0.019665	0.06083	0.19568	0.4539	0.72688	0.91969	0.7196	0.17238	-0.81771	-1.6709	-2.1893	-3.0623	-3.8181	-4.0057	-3.6362	-2.9923	-2.0906	-1.2482	-0.61712	-0.55601	-0.49371	-0.44049	-0.44364	-0.32731	-0.27146	-16.944
990.57	-0.19526	-0.17128	-0.13132	-0.091551	-0.094955	-0.043	0.015455	0.16363	0.41646	0.71501	0.91586	0.72362	0.19994	-0.77222	-1.6121	-2.1751	-3.0232	-3.7708	-3.9598	-3.5892	-2.9709	-1.9885	-1.1884	-0.59865	-0.54483	-0.54886	-0.45236	-0.47048	-0.39729	-0.28006	-16.8
988.45	-0.20495	-0.19462	-0.17384	-0.11831	-0.086749	-0.071409	-0.0021641	0.13582	0.40233	0.68452	0.89534	0.73652	0.23514	-0.6983	-1.5454	-2.0534	-2.9195	-3.6586	-3.8672	-3.5402	-2.9319	-1.9749	-1.1159	-0.59519	-0.5314	-0.456	-0.44728	-0.43384	-0.31356	-0.29148	-16.635
986.32	-0.20388	-0.20654	-0.13504	-0.10769	-0.10719	-0.071568	0.0037486	0.1407	0.41078	0.66679	0.90599	0.76863	0.32168	-0.60071	-1.4318	-1.9268	-2.7782	-3.5022	-3.7451	-3.428	-2.8426	-1.8893	-0.99457	-0.62494	-0.53087	-0.55226	-0.4135	-0.42279	-0.34878	-0.28616	-16.363
984.84	-0.21521	-0.19529	-0.15421	-0.1423	-0.14138	-0.093459	-0.015458	0.10645	0.36313	0.63254	0.87947	0.79074	0.34187	-0.57185	-1.3604	-1.8555	-2.6673	-3.4261	-3.6553	-3.3537	-2.8076	-1.8308	-1.0354	-0.60349	-0.5797	-0.52453	-0.51257	-0.40025	-0.2836	-0.28051	-16.138
982.93	-0.2265	-0.18916	-0.17169	-0.15665	-0.15702	-0.1087	-0.04812	0.079974	0.3321	0.6194	0.91271	0.80198	0.37743	-0.50816	-1.2741	-1.7462	-2.5618	-3.3152	-3.5665	-3.2819	-2.735	-1.8143	-1.0299	-0.61341	-0.54278	-0.53643	-0.52254	-0.47702	-0.31241	-0.25789	-15.803
982.29	-0.20629	-0.19593	-0.19224	-0.17717	-0.17241	-0.12548	-0.065871	0.050091	0.3126	0.59714	0.91843	0.80413	0.42939	-0.42285	-1.1403	-1.6088	-2.4114	-3.1857	-3.4446	-3.1745	-2.6572	-1.7517	-1.0283	-0.50752	-0.5187	-0.4602	-0.50324	-0.5018	-0.35179	-0.27035	-15.458
980.38	-0.26627	-0.2576	-0.22255	-0.20728	-0.18298	-0.14762	-0.10757	0.0060588	0.2662	0.57738	0.87475	0.83648	0.48203	-0.29057	-0.99254	-1.4671	-2.2638	-3.0364	-3.3152	-3.0793	-2.6117	-1.7233	-0.95101	-0.49489	-0.44575	-0.51519	-0.5028	-0.4414	-0.36965	-0.26142	-15.065
978.68	-0.24287	-0.25951	-0.21651	-0.18873	-0.19695	-0.1832	-0.12856	0.0059906	0.25606	0.54771	0.8605	0.85256	0.56363	-0.17692	-0.87466	-1.3358	-2.1091	-2.8452	-3.17	-2.9816	-2.5441	-1.6684	-0.93969	-0.46569	-0.48471	-0.47392	-0.47016	-0.45345	-0.39243	-0.33445	-14.662
980.38	-0.26308	-0.24927	-0.21315	-0.18834	-0.21031	-0.20467	-0.13729	-0.023981	0.23594	0.52581	0.84851	0.87211	0.59605	-0.092646	-0.75375	-1.2047	-1.9425	-2.6816	-3.008	-2.8573	-2.4295	-1.5964	-0.92402	-0.44377	-0.47197	-0.45396	-0.4313	-0.41258	-0.34752	-0.26591	-14.211
984.2	-0.27611	-0.25157	-0.22157	-0.23299	-0.23836	-0.21724	-0.15745	-0.052096	0.1731	0.46114	0.82249	0.88006	0.6422	-0.027602	-0.65029	-1.059	-1.785	-2.5334	-2.8815	-2.7568	-2.3667	-1.5943	-0.8996	-0.53502	-0.39632	-0.45954	-0.44945	-0.40433	-0.29264	-0.20784	-13.771
983.78	-0.21856	-0.20703	-0.20451	-0.24408	-0.23178	-0.21572	-0.17084	-0.094594	0.155	0.43081	0.82632	0.87561	0.69406	0.071977	-0.52802	-0.90541	-1.645	-2.376	-2.7514	-2.6453	-2.262	-1.5793	-0.91659	-0.44796	-0.31961	-0.32368	-0.43139	-0.43188	-0.28195	-0.22365	-13.315
983.99	-0.26058	-0.22841	-0.23271	-0.25653	-0.25042	-0.23905	-0.20486	-0.12439	0.1156	0.40818	0.79653	0.88676	0.73335	0.16198	-0.39359	-0.79081	-1.4929	-2.2205	-2.6122	-2.5389	-2.2829	-1.5762	-0.91174	-0.45837	-0.48287	-0.3734	-0.25203	-0.33271	-0.31943	-0.30192	-12.833
982.29	-0.21716	-0.229	-0.23933	-0.26327	-0.28149	-0.27136	-0.25263	-0.17501	0.06441	0.36702	0.76128	0.89155	0.74827	0.23493	-0.30877	-0.67953	-1.3771	-2.0916	-2.4915	-2.4667	-2.1969	-1.5535	-0.97359	-0.43973	-0.32631	-0.44963	-0.37581	-0.20349	-0.2398	-0.21303	-12.369
977.62	-0.18991	-0.20003	-0.25165	-0.25981	-0.29825	-0.28776	-0.27314	-0.1869	0.055639	0.34455	0.73155	0.88766	0.8068	0.31876	-0.19537	-0.57262	-1.2517	-1.9509	-2.3715	-2.3721	-2.1937	-1.5261	-0.99454	-0.48276	-0.32316	-0.40258	-0.40359	-0.30602	-0.1747	-0.15226	-11.897
978.68	-0.18647	-0.18482	-0.20867	-0.25952	-0.28594	-0.30599	-0.2848	-0.20884	0.016066	0.28284	0.71324	0.8883	0.83787	0.35801	-0.1363	-0.48762	-1.1077	-1.8343	-2.2684	-2.2977	-2.1255	-1.4683	-1.0253	-0.50038	-0.3562	-0.31167	-0.28422	-0.32484	-0.23923	-0.17991	-11.393
981.23	-0.17193	-0.21263	-0.22391	-0.27453	-0.30736	-0.31861	-0.3063	-0.22873	-0.027848	0.24028	0.65372	0.87301	0.83414	0.42504	-0.041921	-0.36087	-0.98944	-1.6915	-2.1444	-2.2069	-2.048	-1.4948	-1.024	-0.53782	-0.30451	-0.2659	-0.244	-0.22292	-0.25114	-0.17181	-10.917
982.5	-0.10902	-0.14611	-0.22989	-0.26634	-0.31549	-0.3182	-0.3296	-0.26935	-0.056553	0.2078	0.64413	0.86219	0.86492	0.49247	0.055518	-0.24451	-0.8538	-1.5513	-2.0105	-2.0998	-1.9965	-1.4748	-1.0449	-0.55677	-0.25915	-0.25205	-0.17377	-0.27733	-0.11084	-0.14381	-10.357
982.5	-0.11521	-0.13282	-0.22673	-0.27253	-0.3308	-0.3115	-0.34144	-0.30554	-0.10495	0.15636	0.61617	0.85577	0.88164	0.54147	0.14444	-0.13499	-0.73053	-1.4407	-1.9029	-2.0102	-1.9431	-1.4143	-1.0795	-0.6242	-0.27656	-0.19513	-0.17385	-0.20241	-0.11238	-0.12523	-9.8343
984.63	-0.11188	-0.1325	-0.21681	-0.25329	-0.31305	-0.32256	-0.36731	-0.33626	-0.12884	0.12872	0.56784	0.82489	0.88274	0.60027	0.22956	-0.055439	-0.6296	-1.293	-1.7693	-1.9214	-1.8825	-1.449	-1.0426	-0.59606	-0.23681	-0.20078	-0.1157	-0.14639	-0.12005	-0.10501	-9.2882
984.84	-0.079114	-0.11939	-0.19336	-0.2501	-0.30625	-0.34586	-0.38791	-0.35503	-0.16502	0.0806	0.52595	0.7973	0.90224	0.64749	0.3066	0.028514	-0.52379	-1.1739	-1.6394	-1.8055	-1.8045	-1.3507	-1.0394	-0.63946	-0.26861	-0.15711	-0.12934	-0.12713	-0.068298	-0.066653	-8.7221
986.32	-0.080604	-0.11261	-0.20246	-0.2606	-0.32446	-0.37541	-0.43158	-0.37808	-0.22211	0.0276	0.46951	0.77354	0.90696	0.68577	0.35633	0.099615	-0.43642	-1.0617	-1.5577	-1.7475	-1.7515	-1.3397	-1.0251	-0.69526	-0.28831	-0.17198	-0.10202	-0.044266	-0.063582	-0.063558	-8.1388
991.84	-0.067669	-0.10702	-0.1888	-0.253	-0.33784	-0.38324	-0.41601	-0.43984	-0.26578	-0.018796	0.43924	0.74354	0.89736	0.69608	0.42754	0.18251	-0.30557	-0.94946	-1.4379	-1.636	-1.6766	-1.2574	-1.0241	-0.6988	-0.34289	-0.19322	-0.087917	-0.091292	-0.017937	-0.018921	-7.5225
990.78	-0.050732	-0.076066	-0.18591	-0.2844	-0.34326	-0.38199	-0.43123	-0.46526	-0.29759	-0.068205	0.37908	0.7203	0.88473	0.74538	0.50458	0.28816	-0.19148	-0.83229	-1.3181	-1.5522	-1.6088	-1.3244	-1.0206	-0.69207	-0.32023	-0.19171	-0.078876	-0.029334	-0.036595	0.008402	-6.8793
990.57	-0.039967	-0.05308	-0.17813	-0.28116	-0.35533	-0.39888	-0.47683	-0.49815	-0.34863	-0.11141	0.32896	0.67404	0.87143	0.77215	0.55616	0.3606	-0.10697	-0.711	-1.2074	-1.459	-1.5365	-1.2965	-1.0113	-0.70417	-0.35045	-0.18443	-0.073036	-0.047357	-0.0089472	-0.022399	-6.232
988.87	-0.0025562	-0.046665	-0.17538	-0.2678	-0.34573	-0.37787	-0.49673	-0.53964	-0.39132	-0.1546	0.28631	0.62217	0.87153	0.8097	0.62236	0.43556	-0.00024716	-0.59529	-1.082	-1.3561	-1.4722	-1.2867	-0.98639	-0.68749	-0.38415	-0.18925	-0.074256	0.023497	0.016122	0.028384	-5.6227
988.45	0.0035718	-0.041678	-0.17699	-0.26794	-0.35082	-0.42616	-0.51767	-0.56971	-0.42748	-0.22032	0.20299	0.58373	0.85216	0.832	0.69103	0.49876	0.10346	-0.48545	-0.96215	-1.2708	-1.4275	-1.1956	-0.96194	-0.6833	-0.42069	-0.24125	-0.089448	0.051648	0.071077	0.065159	-4.9576
988.66	0.045541	-0.025317	-0.16914	-0.26625	-0.37105	-0.44951	-0.54553	-0.59296	-0.46355	-0.29224	0.15947	0.5209	0.84449	0.83826	0.7093	0.55553	0.17102	-0.36844	-0.87248	-1.1848	-1.3573	-1.1789	-0.9379	-0.66522	-0.41484	-0.24587	-0.072806	-0.035544	0.11464	0.12612	-4.3014
991.63	0.056463	0.006079	-0.12341	-0.23582	-0.38672	-0.45311	-0.55852	-0.60989	-0.51004	-0.34232	0.091604	0.48732	0.81935	0.85917	0.74212	0.61522	0.25203	-0.25758	-0.78077	-1.1004	-1.2806	-1.138	-0.89143	-0.66773	-0.44649	-0.27934	-0.069648	0.064108	0.10221	0.097271	-3.6609
993.97	0.064136	0.027303	-0.12468	-0.26327	-0.36064	-0.43382	-0.566	-0.65044	-0.55677	-0.41148	0.013725	0.43505	0.77396	0.84303	0.78347	0.65293	0.33881	-0.16621	-0.66968	-1.0076	-1.2143	-1.0636	-0.89552	-0.65426	-0.43399	-0.28775	-0.092149	0.039613	0.10508	0.13195	-3.0035
993.33	0.11074	0.047094	-0.13871	-0.28207	-0.37773	-0.45598	-0.5824	-0.68512	-0.61395	-0.44992	-0.015667	0.37614	0.75189	0.85607	0.8371	0.73502	0.41729	-0.078697	-0.56798	-0.91005	-1.1349	-1.0256	-0.77695	-0.64143	-0.4257	-0.2775	-0.1404	0.034044	0.15658	0.17313	-2.3423
993.33	0.12467	0.063487	-0.13093	-0.27578	-0.36925	-0.47053	-0.62945	-0.73335	-0.66932	-0.51193	-0.12092	0.29939	0.68738	0.84829	0.84548	0.76326	0.47351	0.0088597	-0.47029	-0.8262	-1.0791	-0.99567	-0.85873	-0.6087	-0.42429	-0.30116	-0.15091	0.044951	0.16271	0.18688	-1.6676
991.63	0.13567	0.075034	-0.13578	-0.25925	-0.36658	-0.49286	-0.67295	-0.76729	-0.693	-0.59255	-0.20242	0.22464	0.65249	0.84816	0.86683	0.78036	0.52915	0.10681	-0.37907	-0.74369	-1.0023	-0.94948	-0.83684	-0.63789	-0.43509	-0.31526	-0.13761	0.012627	0.16141	0.18261	-0.99903
