13771	27	11	88	30.8	755	1	10	8	3.265	128	4096	10	0	0	0	0	417.89	1788	1.9274e+006	0.15931	0.10133	55.674	0	0	1	0	0	0	9	0	0
1742.9	-0.010794	-0.021343	-0.059969	-0.23886	-0.57108	-0.82518	-1.2692	-1.7317	-2.1979	-2.4299	-2.3947	-1.9899	-1.3368	-0.68172	-0.24796	0.29751	0.59639	0.87429	0.8698	0.608	0.19122	-0.14627	-0.29862	-0.35703	-0.29519	-0.2623	-0.20091	-0.15024	-0.044254	-0.017322	11.165
1742.3	-0.0036413	-0.032954	-0.04048	-0.2191	-0.54551	-0.79323	-1.2639	-1.7455	-2.2371	-2.4869	-2.4746	-2.0884	-1.4324	-0.77874	-0.31741	0.24255	0.56359	0.83713	0.86853	0.63208	0.22226	-0.12335	-0.2765	-0.31057	-0.27137	-0.2285	-0.19913	-0.13878	-0.04761	0.0036721	11.525
1740.8	-0.024025	-0.030576	-0.047578	-0.24014	-0.5639	-0.81746	-1.2425	-1.7763	-2.2867	-2.5479	-2.5525	-2.1756	-1.5318	-0.85712	-0.39359	0.19491	0.523	0.83024	0.88913	0.66758	0.25519	-0.085992	-0.25182	-0.29295	-0.26508	-0.22781	-0.20362	-0.12668	-0.045957	-0.025102	11.901
1737.5	-0.038328	-0.043844	-0.047729	-0.23535	-0.55548	-0.80982	-1.2974	-1.7915	-2.314	-2.6109	-2.6485	-2.262	-1.6163	-0.93154	-0.4583	0.15963	0.48892	0.83074	0.88916	0.68896	0.29358	-0.058898	-0.23533	-0.30468	-0.26313	-0.23426	-0.18697	-0.14142	-0.062204	-0.02007	12.247
1733	-0.067781	-0.055791	-0.066601	-0.18888	-0.54471	-0.8289	-1.2807	-1.8363	-2.3718	-2.678	-2.7319	-2.3635	-1.7282	-1.0231	-0.53114	0.096573	0.45421	0.81157	0.90137	0.7166	0.32196	-0.024087	-0.2137	-0.26637	-0.24661	-0.19242	-0.1918	-0.15042	-0.045143	-0.025169	12.64
1729.8	-0.0803	-0.069215	-0.097988	-0.20576	-0.51168	-0.83324	-1.3157	-1.8515	-2.4191	-2.747	-2.8186	-2.4607	-1.8306	-1.1189	-0.60589	0.038623	0.40909	0.79089	0.90309	0.73383	0.34603	-0.006968	-0.19265	-0.25652	-0.24457	-0.20876	-0.17748	-0.12347	-0.056092	-0.017278	12.976
1728.3	-0.072321	-0.066055	-0.079288	-0.18851	-0.51711	-0.79578	-1.3152	-1.8727	-2.3744	-2.784	-2.8946	-2.538	-1.909	-1.1884	-0.66876	-0.0079486	0.37512	0.77408	0.90472	0.74828	0.37318	0.023021	-0.16678	-0.24068	-0.22169	-0.20152	-0.19485	-0.1182	-0.074872	-0.03837	13.332
1726.3	-0.099484	-0.10058	-0.13482	-0.20278	-0.49085	-0.79213	-1.3076	-1.8948	-2.4665	-2.847	-2.9679	-2.6277	-1.9857	-1.2732	-0.73974	-0.050114	0.35117	0.7682	0.91002	0.77513	0.40321	0.051453	-0.15614	-0.22717	-0.22505	-0.1956	-0.17693	-0.14013	-0.078562	-0.050813	13.675
1724	-0.099127	-0.1341	-0.12155	-0.20744	-0.47877	-0.80642	-1.3352	-1.8973	-2.5456	-2.8974	-3.0617	-2.7226	-2.0992	-1.3592	-0.82821	-0.12572	0.28643	0.74002	0.90698	0.78544	0.41851	0.068637	-0.13933	-0.22243	-0.21567	-0.19352	-0.18751	-0.15199	-0.070545	-0.047089	13.969
1723.8	-0.1047	-0.11504	-0.11354	-0.19339	-0.5223	-0.79216	-1.3396	-1.9343	-2.4851	-2.96	-3.1357	-2.8085	-2.1937	-1.4453	-0.90419	-0.17512	0.234	0.71574	0.90205	0.80411	0.44298	0.087662	-0.11861	-0.20961	-0.20067	-0.19509	-0.17473	-0.14492	-0.098334	-0.062188	14.282
1724.6	-0.13317	-0.14849	-0.12957	-0.2142	-0.43398	-0.7393	-1.3339	-1.9387	-2.521	-3.0016	-3.189	-2.875	-2.2557	-1.516	-0.95942	-0.23158	0.20405	0.69397	0.90074	0.81111	0.46878	0.12281	-0.089843	-0.1941	-0.19816	-0.18311	-0.17034	-0.14255	-0.12418	-0.10772	14.579
1724.4	-0.12787	-0.15096	-0.15996	-0.22036	-0.43785	-0.76224	-1.3231	-1.9336	-2.5221	-3.0423	-3.2533	-2.9479	-2.3338	-1.5931	-1.0239	-0.26932	0.17153	0.68143	0.89918	0.81955	0.4888	0.13314	-0.091628	-0.18463	-0.18741	-0.1703	-0.17896	-0.1487	-0.10095	-0.084982	14.86
1722.6	-0.1279	-0.18144	-0.14944	-0.22152	-0.45194	-0.75927	-1.3295	-1.9591	-2.5508	-3.0942	-3.3147	-3.0173	-2.4185	-1.6663	-1.0914	-0.32437	0.1156	0.65883	0.88756	0.82875	0.49801	0.14615	-0.071938	-0.18489	-0.20082	-0.16011	-0.17055	-0.14425	-0.11456	-0.080553	15.111
1719.7	-0.14778	-0.19006	-0.16776	-0.25082	-0.42834	-0.73937	-1.3108	-1.9804	-2.6294	-3.1352	-3.3732	-3.0895	-2.4842	-1.7399	-1.1519	-0.37438	0.08775	0.63555	0.88829	0.84136	0.52419	0.16627	-0.049638	-0.16976	-0.1872	-0.16212	-0.16823	-0.16483	-0.11647	-0.11239	15.371
1720.1	-0.18831	-0.22973	-0.19004	-0.24729	-0.39222	-0.69424	-1.3191	-1.9529	-2.5758	-3.1648	-3.4336	-3.1486	-2.5556	-1.813	-1.2259	-0.43742	0.046013	0.61496	0.88554	0.83928	0.54229	0.18607	-0.045962	-0.16286	-0.18962	-0.15792	-0.14589	-0.15316	-0.11562	-0.10815	15.57
1720.3	-0.18368	-0.24568	-0.21638	-0.25072	-0.39022	-0.7104	-1.3037	-1.9743	-2.6188	-3.2058	-3.4671	-3.2043	-2.6142	-1.869	-1.2766	-0.47324	0.0079253	0.58862	0.87371	0.84859	0.5502	0.19804	-0.042376	-0.16542	-0.18877	-0.1852	-0.16991	-0.17023	-0.14152	-0.12039	15.782
1718.7	-0.21969	-0.2588	-0.21546	-0.25167	-0.39052	-0.72804	-1.2754	-1.9842	-2.6266	-3.229	-3.5164	-3.2614	-2.6566	-1.9125	-1.301	-0.51153	-0.010146	0.5881	0.87873	0.85763	0.5532	0.20773	-0.02888	-0.14413	-0.17733	-0.16323	-0.16145	-0.16422	-0.13811	-0.15405	16.019
1716	-0.1933	-0.2491	-0.24288	-0.26539	-0.41539	-0.64641	-1.2983	-1.9684	-2.6291	-3.2516	-3.5591	-3.2984	-2.7113	-1.9473	-1.3532	-0.53305	-0.03656	0.57437	0.87751	0.86922	0.57416	0.23213	-0.013706	-0.14012	-0.17432	-0.18915	-0.16683	-0.17524	-0.13653	-0.13907	16.178
1716.6	-0.23266	-0.27343	-0.22377	-0.28039	-0.36788	-0.63028	-1.3013	-1.9859	-2.6117	-3.2753	-3.5868	-3.3402	-2.7615	-1.9939	-1.3884	-0.55992	-0.067424	0.55852	0.87061	0.87272	0.58191	0.23992	-0.0045036	-0.14082	-0.18425	-0.15396	-0.17366	-0.18169	-0.14369	-0.16391	16.344
1717	-0.15872	-0.2522	-0.24819	-0.27415	-0.33494	-0.63458	-1.2603	-1.9643	-2.6232	-3.2708	-3.608	-3.3684	-2.7956	-2.0407	-1.4171	-0.60043	-0.075618	0.53691	0.86944	0.86503	0.58523	0.24589	-0.0018415	-0.12717	-0.17068	-0.17708	-0.1721	-0.18075	-0.16446	-0.18053	16.497
1717	-0.25909	-0.3317	-0.26876	-0.29608	-0.39111	-0.61843	-1.2552	-1.9437	-2.6198	-3.2727	-3.6291	-3.389	-2.813	-2.0562	-1.4432	-0.61304	-0.088344	0.53688	0.86942	0.87522	0.60433	0.25619	0.0062119	-0.12107	-0.17331	-0.18554	-0.17367	-0.16271	-0.15867	-0.16612	16.611
1716	-0.24286	-0.31651	-0.28224	-0.30855	-0.37782	-0.55932	-1.2113	-1.9142	-2.615	-3.2883	-3.6441	-3.4247	-2.852	-2.0801	-1.473	-0.63237	-0.1084	0.52844	0.86571	0.8739	0.59247	0.25634	0.016156	-0.11516	-0.18418	-0.19511	-0.19701	-0.20031	-0.1698	-0.21322	16.744
1714.4	-0.18024	-0.35828	-0.33581	-0.32571	-0.38801	-0.58793	-1.1879	-1.9549	-2.5984	-3.2906	-3.6556	-3.4447	-2.873	-2.103	-1.4859	-0.65094	-0.13481	0.51722	0.86994	0.88215	0.60443	0.25316	0.0098633	-0.12383	-0.17525	-0.16097	-0.17662	-0.19497	-0.15179	-0.11626	16.842
1713.3	-0.3208	-0.36256	-0.35325	-0.33028	-0.41256	-0.51555	-1.2048	-1.8881	-2.5931	-3.2989	-3.6769	-3.4655	-2.9077	-2.1379	-1.5119	-0.6766	-0.14035	0.52148	0.87217	0.87994	0.61353	0.2628	0.011717	-0.12046	-0.18533	-0.19289	-0.2181	-0.19905	-0.20227	-0.20718	16.952
1713.3	-0.28315	-0.37874	-0.33879	-0.33819	-0.39419	-0.53377	-1.1787	-1.8728	-2.6235	-3.3026	-3.6829	-3.4758	-2.9121	-2.1534	-1.539	-0.69198	-0.16492	0.49893	0.85534	0.87624	0.60307	0.25765	0.013456	-0.12306	-0.19119	-0.19807	-0.20522	-0.22015	-0.21589	-0.24437	16.981
1713.1	-0.28423	-0.34598	-0.38648	-0.37022	-0.41938	-0.50985	-1.1629	-1.8794	-2.5691	-3.2948	-3.6814	-3.4913	-2.9351	-2.1756	-1.5508	-0.70294	-0.16862	0.49504	0.87143	0.88657	0.62063	0.26455	0.017986	-0.11616	-0.17543	-0.2024	-0.22344	-0.22559	-0.19789	-0.18432	17.023
1709.4	-0.34583	-0.41516	-0.37752	-0.35216	-0.41753	-0.49569	-1.1162	-1.8809	-2.5783	-3.2919	-3.6875	-3.5036	-2.9416	-2.1803	-1.5591	-0.70902	-0.17996	0.50014	0.8632	0.89323	0.61495	0.24776	0.004396	-0.1398	-0.20163	-0.20982	-0.21086	-0.20659	-0.19829	-0.22455	17.053
1704.9	-0.34299	-0.44092	-0.35684	-0.34434	-0.41796	-0.48748	-1.109	-1.8548	-2.5997	-3.2978	-3.6964	-3.5101	-2.9617	-2.1981	-1.5652	-0.71082	-0.17755	0.50461	0.86725	0.88537	0.60701	0.25638	0.0090506	-0.1298	-0.20301	-0.21806	-0.23824	-0.2424	-0.22223	-0.26297	17.079
1703.5	-0.37778	-0.44373	-0.39801	-0.36418	-0.45257	-0.50636	-1.0478	-1.829	-2.5524	-3.2503	-3.6721	-3.481	-2.9248	-2.1578	-1.5334	-0.68327	-0.15853	0.503	0.87649	0.88515	0.61279	0.24436	-3.0318e-005	-0.1385	-0.20732	-0.21995	-0.23765	-0.25055	-0.23536	-0.24433	17.049
1702.5	-0.3228	-0.38269	-0.35536	-0.39186	-0.44779	-0.45435	-1.0285	-1.8218	-2.5521	-3.257	-3.643	-3.4474	-2.9013	-2.128	-1.5121	-0.6729	-0.14685	0.51192	0.87265	0.88547	0.59977	0.24348	-0.0046851	-0.14215	-0.23189	-0.2453	-0.25182	-0.23578	-0.24619	-0.2742	17.069
1698.8	-0.34633	-0.3743	-0.40795	-0.38668	-0.46173	-0.4862	-1.0043	-1.806	-2.5271	-3.227	-3.6085	-3.4236	-2.8662	-2.1096	-1.4773	-0.64603	-0.11956	0.52799	0.88398	0.89692	0.6091	0.24494	-0.012897	-0.15808	-0.22221	-0.22569	-0.25833	-0.24955	-0.24402	-0.26237	17.049
1694.9	-0.34373	-0.40771	-0.39992	-0.41983	-0.45462	-0.48263	-1.0174	-1.7579	-2.5355	-3.1944	-3.5811	-3.3974	-2.856	-2.0878	-1.4679	-0.62557	-0.10599	0.53418	0.88949	0.89532	0.608	0.23779	-0.010131	-0.16535	-0.21596	-0.2279	-0.24491	-0.24919	-0.24117	-0.2393	17.027
1695.9	-0.31948	-0.41709	-0.42446	-0.42503	-0.43785	-0.48416	-0.9909	-1.7586	-2.4806	-3.17	-3.5577	-3.3651	-2.8192	-2.0682	-1.4486	-0.62168	-0.10604	0.54258	0.88968	0.89179	0.59427	0.22704	-0.02745	-0.1757	-0.25682	-0.26257	-0.26313	-0.29514	-0.25175	-0.28497	16.975
1699.8	-0.33808	-0.41602	-0.41415	-0.40586	-0.41825	-0.52266	-0.93891	-1.7124	-2.4502	-3.1264	-3.5039	-3.3252	-2.7907	-2.0369	-1.4228	-0.60024	-0.09852	0.54516	0.87734	0.88507	0.59375	0.21516	-0.029391	-0.18305	-0.23885	-0.24901	-0.26085	-0.28261	-0.26391	-0.26203	16.945
1701.2	-0.32004	-0.4002	-0.36669	-0.41639	-0.4781	-0.51663	-0.83745	-1.6854	-2.4245	-3.1034	-3.4616	-3.2828	-2.748	-2.0085	-1.404	-0.57607	-0.078156	0.54584	0.86824	0.88066	0.56428	0.20205	-0.044675	-0.18976	-0.25531	-0.26616	-0.27175	-0.27665	-0.27812	-0.28344	16.897
1702.7	-0.31942	-0.37853	-0.38951	-0.46382	-0.48948	-0.53419	-0.88143	-1.6733	-2.4002	-3.0906	-3.4233	-3.2517	-2.6993	-1.9664	-1.3581	-0.54358	-0.046072	0.57102	0.8819	0.87614	0.56642	0.19569	-0.061068	-0.20703	-0.26271	-0.27536	-0.27086	-0.27031	-0.26351	-0.25845	16.806
1706.6	-0.37473	-0.44988	-0.44626	-0.43429	-0.49306	-0.52171	-0.85057	-1.6368	-2.3521	-3.0252	-3.3702	-3.2049	-2.6494	-1.9171	-1.3288	-0.51345	-0.027781	0.58444	0.88581	0.86194	0.55365	0.18577	-0.059915	-0.20392	-0.2655	-0.28173	-0.27713	-0.30186	-0.29278	-0.30111	16.679
1711.1	-0.31325	-0.40644	-0.41771	-0.39942	-0.50433	-0.51091	-0.79058	-1.5734	-2.3187	-2.9868	-3.3352	-3.1475	-2.5927	-1.8619	-1.2731	-0.49227	0.0060248	0.5916	0.89017	0.85681	0.54343	0.17747	-0.065254	-0.21199	-0.27227	-0.29127	-0.27126	-0.28631	-0.27362	-0.2755	16.559
1712.9	-0.33079	-0.37621	-0.37309	-0.43237	-0.51137	-0.48839	-0.74254	-1.5583	-2.3121	-2.9513	-3.2783	-3.0926	-2.5464	-1.8244	-1.2446	-0.45732	0.02967	0.6057	0.89002	0.85772	0.5411	0.15394	-0.084126	-0.2419	-0.29443	-0.30475	-0.29252	-0.29215	-0.28691	-0.29012	16.5
1712.7	-0.33451	-0.3536	-0.39553	-0.4668	-0.55618	-0.51249	-0.76744	-1.5243	-2.2532	-2.9193	-3.2415	-3.0301	-2.4874	-1.7644	-1.1847	-0.41034	0.078925	0.63519	0.9011	0.84383	0.51921	0.14961	-0.09681	-0.24883	-0.31528	-0.30047	-0.32629	-0.30781	-0.31222	-0.29652	16.312
1712.3	-0.32194	-0.4228	-0.45049	-0.46936	-0.49391	-0.48252	-0.75069	-1.521	-2.2331	-2.8786	-3.181	-2.9689	-2.4253	-1.7055	-1.1424	-0.36339	0.10446	0.65791	0.91063	0.8506	0.51244	0.14535	-0.10949	-0.25925	-0.31117	-0.31254	-0.30637	-0.32592	-0.28268	-0.27365	16.178
1712.3	-0.35055	-0.43025	-0.46956	-0.42394	-0.47791	-0.47563	-0.734	-1.4998	-2.2187	-2.8512	-3.1361	-2.9194	-2.3583	-1.6418	-1.0805	-0.32816	0.13363	0.66963	0.90125	0.82439	0.48176	0.10125	-0.13577	-0.26521	-0.32445	-0.32371	-0.31434	-0.31414	-0.29442	-0.28065	16.029
1713.7	-0.39566	-0.42178	-0.40302	-0.42019	-0.43882	-0.46187	-0.76924	-1.5012	-2.1786	-2.8063	-3.0802	-2.8625	-2.2944	-1.5764	-1.0166	-0.28437	0.16999	0.68375	0.92083	0.82186	0.4699	0.082091	-0.13372	-0.27609	-0.33751	-0.33031	-0.3286	-0.32572	-0.30194	-0.28824	15.762
1714.4	-0.34135	-0.44464	-0.36341	-0.4021	-0.44453	-0.40513	-0.73907	-1.4833	-2.1796	-2.7489	-3.0037	-2.7724	-2.2134	-1.4903	-0.9582	-0.22195	0.21	0.708	0.91032	0.81401	0.44878	0.069891	-0.16008	-0.30381	-0.33829	-0.33007	-0.33811	-0.32482	-0.31212	-0.28295	15.554
1715.4	-0.32525	-0.3997	-0.36152	-0.47584	-0.35039	-0.39263	-0.72117	-1.4555	-2.1327	-2.7096	-2.9418	-2.7071	-2.133	-1.4339	-0.89973	-0.18396	0.24082	0.71741	0.90479	0.7911	0.42576	0.042322	-0.18425	-0.31638	-0.34536	-0.3482	-0.33966	-0.32138	-0.30195	-0.28635	15.391
1718.1	-0.29115	-0.31357	-0.41805	-0.33946	-0.37359	-0.38194	-0.72634	-1.4613	-2.1135	-2.678	-2.8844	-2.6321	-2.0595	-1.3647	-0.84542	-0.13775	0.27302	0.74254	0.91091	0.78247	0.41033	0.037104	-0.18844	-0.33318	-0.36819	-0.35614	-0.32669	-0.3162	-0.27633	-0.26282	15.068
1720.5	-0.27873	-0.35173	-0.33515	-0.34919	-0.36731	-0.36265	-0.75962	-1.4789	-2.0932	-2.6382	-2.8353	-2.5799	-1.9969	-1.3014	-0.77801	-0.09827	0.30859	0.7442	0.90353	0.76175	0.38001	0.0041458	-0.21621	-0.33097	-0.36537	-0.35486	-0.34627	-0.33699	-0.25984	-0.25306	14.837
1722	-0.30768	-0.31879	-0.31803	-0.34558	-0.32249	-0.3637	-0.75453	-1.4564	-2.0943	-2.5907	-2.7546	-2.4869	-1.9136	-1.203	-0.70024	-0.029727	0.35195	0.7769	0.9122	0.75563	0.37282	-0.0086327	-0.23137	-0.35558	-0.37324	-0.34605	-0.35972	-0.32566	-0.2866	-0.28261	14.605
1724.2	-0.26435	-0.28551	-0.31653	-0.30685	-0.29895	-0.31842	-0.78452	-1.4861	-2.0784	-2.5562	-2.702	-2.4222	-1.833	-1.1442	-0.64345	0.0063967	0.3805	0.7719	0.89757	0.73679	0.33654	-0.038971	-0.24716	-0.35939	-0.37536	-0.36171	-0.34986	-0.32517	-0.2898	-0.27796	14.279
1725.2	-0.25857	-0.26593	-0.28424	-0.33112	-0.27059	-0.30494	-0.78198	-1.4801	-2.028	-2.5264	-2.6525	-2.3769	-1.7887	-1.0865	-0.5979	0.045031	0.41013	0.79689	0.89374	0.71709	0.30864	-0.072279	-0.28108	-0.37962	-0.40628	-0.38029	-0.37178	-0.328	-0.28216	-0.27737	14.034
1722.6	-0.24292	-0.25374	-0.32332	-0.29171	-0.28845	-0.3349	-0.80898	-1.4867	-2.0647	-2.4888	-2.6066	-2.3163	-1.7075	-1.0311	-0.5363	0.084524	0.4523	0.81352	0.91103	0.71446	0.29869	-0.076726	-0.27794	-0.38953	-0.39626	-0.39282	-0.37756	-0.33709	-0.26107	-0.24108	13.721
1720.3	-0.21961	-0.24502	-0.29164	-0.27784	-0.26474	-0.33284	-0.85663	-1.4893	-2.0452	-2.4588	-2.5599	-2.265	-1.661	-0.97255	-0.49268	0.13056	0.47649	0.82333	0.90288	0.70328	0.27205	-0.10438	-0.29989	-0.39778	-0.41005	-0.36512	-0.36688	-0.33454	-0.26688	-0.23193	13.437
1720.7	-0.22659	-0.23383	-0.27801	-0.26987	-0.27708	-0.33942	-0.85748	-1.4683	-2.077	-2.4371	-2.5083	-2.2038	-1.5981	-0.91149	-0.45398	0.17202	0.50092	0.84177	0.89687	0.69205	0.25807	-0.1266	-0.3232	-0.42774	-0.41417	-0.37879	-0.34707	-0.33359	-0.24174	-0.2283	13.14
1720.3	-0.21305	-0.23634	-0.2483	-0.28651	-0.27509	-0.31664	-0.84496	-1.4752	-2.0392	-2.4012	-2.461	-2.1522	-1.5458	-0.87469	-0.39743	0.19437	0.52454	0.83706	0.90221	0.6727	0.23639	-0.15172	-0.33867	-0.43724	-0.41666	-0.41052	-0.37293	-0.33451	-0.24351	-0.22298	12.829
1717.7	-0.20439	-0.22149	-0.24693	-0.25528	-0.22705	-0.34072	-0.90603	-1.4772	-2.0097	-2.3754	-2.4028	-2.0724	-1.4675	-0.7898	-0.34322	0.24149	0.54611	0.8539	0.88839	0.65317	0.20793	-0.1735	-0.36437	-0.43794	-0.42646	-0.39221	-0.35892	-0.32558	-0.23226	-0.2251	12.493
1716.4	-0.16958	-0.20997	-0.23457	-0.25293	-0.21484	-0.33044	-0.90739	-1.4801	-2.0646	-2.3385	-2.3474	-2.0074	-1.3965	-0.74131	-0.30394	0.26601	0.57556	0.85354	0.87051	0.62857	0.17407	-0.19173	-0.37094	-0.45805	-0.43912	-0.39254	-0.36599	-0.31501	-0.24059	-0.19099	12.208
1718.7	-0.19006	-0.20392	-0.24058	-0.19709	-0.24352	-0.377	-0.90639	-1.4386	-1.9849	-2.3023	-2.2882	-1.9572	-1.3348	-0.69128	-0.23116	0.31258	0.62383	0.86807	0.8703	0.60908	0.15647	-0.22079	-0.40385	-0.46764	-0.45265	-0.41179	-0.38024	-0.3052	-0.22864	-0.17316	11.858
1722	-0.18878	-0.19087	-0.16116	-0.21409	-0.21094	-0.36409	-0.90461	-1.4727	-2.0133	-2.2658	-2.2241	-1.8826	-1.2595	-0.61204	-0.18752	0.36228	0.6399	0.88594	0.86863	0.5968	0.13603	-0.23929	-0.412	-0.51221	-0.45581	-0.4066	-0.37348	-0.32792	-0.23719	-0.17276	11.521
1722.6	-0.15654	-0.20902	-0.16371	-0.15209	-0.21094	-0.37539	-0.90593	-1.4551	-1.9521	-2.2128	-2.1504	-1.799	-1.1811	-0.54468	-0.11132	0.39636	0.6741	0.8856	0.8583	0.58539	0.11073	-0.25303	-0.4344	-0.50781	-0.4582	-0.41247	-0.36823	-0.30373	-0.22622	-0.16317	11.23
1724.4	-0.16437	-0.16441	-0.13614	-0.16588	-0.19825	-0.40711	-0.91248	-1.4426	-1.944	-2.1791	-2.098	-1.7281	-1.1053	-0.48885	-0.076561	0.42741	0.69689	0.89529	0.83972	0.53923	0.070609	-0.28453	-0.45098	-0.51588	-0.48679	-0.43764	-0.37636	-0.30417	-0.21817	-0.15159	10.831
1729.5	-0.10357	-0.11048	-0.14222	-0.14694	-0.22755	-0.41166	-0.91304	-1.4393	-1.8953	-2.1297	-2.0451	-1.6914	-1.0632	-0.44231	-0.033293	0.46282	0.71286	0.89657	0.82728	0.53119	0.036632	-0.31969	-0.47465	-0.5313	-0.4829	-0.41936	-0.38727	-0.29783	-0.20765	-0.14504	10.52
1733.9	-0.076377	-0.065511	-0.13569	-0.13792	-0.2251	-0.42703	-0.92328	-1.4195	-1.8983	-2.1054	-1.9975	-1.6141	-0.99094	-0.37552	0.017444	0.49822	0.73897	0.90209	0.81515	0.49284	0.022651	-0.3309	-0.47531	-0.52145	-0.47258	-0.4192	-0.38275	-0.30024	-0.17078	-0.11243	10.193
1735.1	-0.095012	-0.097302	-0.11177	-0.096068	-0.27106	-0.46368	-0.9319	-1.3909	-1.8764	-2.0747	-1.9464	-1.5435	-0.92738	-0.3212	0.057643	0.53103	0.75199	0.90144	0.80631	0.47134	-0.010221	-0.35626	-0.49018	-0.54663	-0.47643	-0.41973	-0.36899	-0.26833	-0.13488	-0.074816	9.7937
1736.7	-0.096897	-0.10075	-0.083997	-0.12306	-0.26123	-0.48473	-0.94498	-1.4145	-1.854	-2.0435	-1.8948	-1.4901	-0.8628	-0.25706	0.10338	0.55984	0.78085	0.89955	0.78556	0.43673	-0.04397	-0.37989	-0.5058	-0.55797	-0.50134	-0.42871	-0.35666	-0.2897	-0.14103	-0.097402	9.5058
1738.6	-0.078066	-0.06132	-0.092946	-0.091746	-0.24365	-0.49944	-0.94414	-1.3961	-1.8102	-2.0013	-1.8255	-1.4247	-0.78553	-0.20017	0.16051	0.60743	0.8016	0.90733	0.77813	0.41239	-0.065402	-0.39401	-0.53377	-0.57775	-0.49761	-0.42904	-0.36753	-0.26629	-0.14194	-0.093803	9.159
1740.2	-0.043538	-0.04053	-0.06798	-0.094134	-0.25979	-0.5104	-0.94907	-1.3894	-1.7897	-1.9514	-1.7765	-1.3672	-0.73687	-0.157	0.19836	0.61926	0.81432	0.89114	0.74343	0.37612	-0.096393	-0.43702	-0.54042	-0.57224	-0.51429	-0.4304	-0.37294	-0.25836	-0.13997	-0.094643	8.7926
1739.4	-0.020619	-0.007311	-0.05127	-0.11177	-0.29518	-0.54553	-0.97592	-1.3695	-1.7658	-1.925	-1.7337	-1.318	-0.68399	-0.11039	0.2347	0.64182	0.82631	0.90119	0.73714	0.36071	-0.13597	-0.461	-0.58866	-0.59189	-0.51193	-0.43801	-0.35014	-0.24218	-0.11337	-0.04167	8.4589
1738.2	-0.037519	-0.044899	-0.018525	-0.083061	-0.32487	-0.56206	-0.95256	-1.3649	-1.7438	-1.8881	-1.6805	-1.2542	-0.63044	-0.064686	0.27868	0.67702	0.8521	0.90073	0.72855	0.33144	-0.15509	-0.48618	-0.57933	-0.6059	-0.52471	-0.40805	-0.36142	-0.25475	-0.10825	-0.032282	8.0893
1737.8	-0.018454	-0.0085405	-0.033732	-0.093688	-0.31462	-0.58002	-0.95362	-1.3475	-1.7075	-1.8385	-1.6135	-1.1935	-0.57643	-0.016178	0.3122	0.6879	0.84689	0.88466	0.7113	0.30668	-0.18276	-0.50246	-0.60971	-0.62048	-0.53068	-0.45306	-0.36755	-0.25719	-0.082573	-0.04358	7.7362
1738.2	0.027188	-0.012874	-0.0070127	-0.095235	-0.34123	-0.5864	-0.98331	-1.3508	-1.6882	-1.8117	-1.5785	-1.1563	-0.52744	0.016159	0.32916	0.69836	0.84652	0.88343	0.67788	0.27438	-0.21895	-0.52451	-0.59892	-0.62372	-0.52387	-0.43341	-0.33853	-0.23075	-0.069226	5.4091e-006	7.4256
1738.4	0.017142	0.024637	0.021702	-0.092485	-0.3497	-0.58748	-0.96481	-1.3347	-1.6718	-1.7769	-1.5367	-1.1127	-0.49294	0.04843	0.35876	0.7241	0.86361	0.87366	0.65876	0.24674	-0.24473	-0.55334	-0.61581	-0.64237	-0.53383	-0.42912	-0.34783	-0.21635	-0.054285	-0.00024669	7.0433
1738	0.041046	0.024058	0.030307	-0.12105	-0.37291	-0.57797	-0.95668	-1.3481	-1.6532	-1.7382	-1.4887	-1.0502	-0.4288	0.10412	0.40835	0.74924	0.87007	0.87879	0.64812	0.23121	-0.27243	-0.56631	-0.64453	-0.63909	-0.52737	-0.43777	-0.36076	-0.23414	-0.050652	0.0076604	6.7296
1738	0.085547	0.054736	0.024846	-0.13124	-0.35552	-0.59602	-0.9534	-1.3297	-1.6269	-1.7072	-1.4332	-1.0012	-0.38515	0.13362	0.44624	0.77764	0.89686	0.87767	0.6423	0.21651	-0.28693	-0.58923	-0.6571	-0.63058	-0.53063	-0.43266	-0.34376	-0.23328	-0.035489	0.037422	6.4324
1737.3	0.079133	0.069914	0.042929	-0.11912	-0.41434	-0.59995	-0.95637	-1.3245	-1.6154	-1.6688	-1.3921	-0.95639	-0.34664	0.16871	0.46458	0.77605	0.88642	0.85973	0.60937	0.17241	-0.31897	-0.62608	-0.6883	-0.65881	-0.5284	-0.4447	-0.33704	-0.20492	-0.01091	0.061533	6.1092
1736.7	0.079324	0.075041	0.032233	-0.141	-0.40004	-0.62491	-0.96836	-1.3394	-1.5921	-1.6514	-1.3551	-0.91607	-0.30133	0.19839	0.49045	0.79416	0.88044	0.83498	0.57889	0.14666	-0.35362	-0.64516	-0.67786	-0.67693	-0.54907	-0.43472	-0.36541	-0.22028	-0.015298	0.055585	5.8319
1736.7	0.092446	0.096679	0.0073746	-0.18376	-0.402	-0.60498	-0.96429	-1.3198	-1.5751	-1.6058	-1.2977	-0.85873	-0.24801	0.24147	0.53436	0.81198	0.8921	0.83393	0.56059	0.12183	-0.37428	-0.65446	-0.70109	-0.6634	-0.54419	-0.4517	-0.34069	-0.19271	-0.0029566	0.068418	5.535
1736.5	0.10784	0.12531	0.039411	-0.17066	-0.4193	-0.61271	-0.93843	-1.3254	-1.5426	-1.5805	-1.2651	-0.82467	-0.22574	0.26586	0.53727	0.8104	0.88331	0.80812	0.54159	0.086773	-0.4072	-0.69039	-0.72067	-0.68124	-0.5531	-0.43726	-0.34582	-0.18707	0.00095364	0.073215	5.2154
1737.3	0.11748	0.10441	0.030576	-0.21529	-0.4336	-0.61908	-0.95969	-1.3025	-1.53	-1.5497	-1.2297	-0.78716	-0.18174	0.29178	0.56856	0.84025	0.89451	0.81342	0.52557	0.05642	-0.42768	-0.69773	-0.73738	-0.703	-0.54967	-0.4395	-0.34973	-0.19697	0.018488	0.086974	4.9971
1737.3	0.1148	0.12692	0.029823	-0.20659	-0.44604	-0.62767	-0.96567	-1.2845	-1.506	-1.5279	-1.1843	-0.74943	-0.15009	0.31153	0.5818	0.82962	0.88738	0.78645	0.4965	0.033329	-0.45876	-0.73444	-0.73824	-0.70041	-0.55624	-0.42668	-0.34809	-0.17476	0.019374	0.093965	4.7657
1738	0.15204	0.14281	0.017216	-0.20295	-0.43065	-0.63695	-0.93111	-1.2537	-1.4885	-1.4911	-1.1483	-0.7076	-0.11482	0.33921	0.60641	0.84352	0.90588	0.78324	0.4797	0.013085	-0.47937	-0.72224	-0.75853	-0.68997	-0.56007	-0.42423	-0.29763	-0.17855	0.040705	0.091379	4.4987
1740.8	0.15177	0.12251	0.047288	-0.22802	-0.45869	-0.63021	-0.92123	-1.2901	-1.4723	-1.4695	-1.1068	-0.66303	-0.07259	0.36652	0.61879	0.84301	0.88821	0.75686	0.4465	-0.027424	-0.49923	-0.74238	-0.76796	-0.70159	-0.54282	-0.43527	-0.31924	-0.15968	0.04848	0.10694	4.3359
1741.6	0.13851	0.14661	0.039418	-0.23045	-0.47283	-0.62518	-0.91577	-1.2511	-1.4494	-1.4434	-1.0756	-0.61571	-0.037382	0.39771	0.64516	0.86395	0.8941	0.75653	0.4273	-0.04018	-0.51958	-0.7683	-0.79686	-0.70806	-0.52945	-0.44521	-0.32587	-0.14269	0.048666	0.11975	4.1537
1741	0.14648	0.14758	0.0038516	-0.25635	-0.46363	-0.63111	-0.91777	-1.265	-1.4577	-1.4276	-1.0543	-0.60022	-0.010074	0.40318	0.66342	0.85891	0.88995	0.73747	0.40261	-0.065922	-0.54553	-0.79155	-0.78023	-0.72443	-0.53936	-0.43521	-0.31586	-0.13816	0.068981	0.12675	3.9552
1742.9	0.15255	0.14157	-0.0059507	-0.23716	-0.46488	-0.62665	-0.92766	-1.2414	-1.4297	-1.418	-1.0365	-0.59144	-0.010997	0.41606	0.6532	0.86059	0.88363	0.73674	0.39556	-0.082427	-0.55276	-0.78481	-0.78655	-0.72525	-0.55442	-0.43477	-0.31804	-0.13657	0.050243	0.12046	3.7991
1745.3	0.15948	0.15885	-0.022698	-0.23679	-0.47192	-0.64468	-0.90972	-1.2227	-1.4056	-1.3906	-1.0044	-0.55282	0.017284	0.43613	0.67321	0.8728	0.89224	0.72328	0.39338	-0.088686	-0.55543	-0.77179	-0.78629	-0.71327	-0.55933	-0.42905	-0.30663	-0.13695	0.078605	0.14214	3.643
1746.4	0.13456	0.13296	-0.032516	-0.25827	-0.47817	-0.63668	-0.91903	-1.2228	-1.4158	-1.3789	-0.99204	-0.52485	0.032689	0.45201	0.67471	0.86697	0.88992	0.71515	0.37246	-0.11159	-0.56713	-0.80106	-0.77431	-0.71617	-0.53937	-0.41949	-0.31066	-0.14451	0.06888	0.12216	3.5325
1747.2	0.15392	0.14289	-0.020066	-0.27455	-0.48944	-0.6581	-0.92774	-1.24	-1.4015	-1.3702	-0.98079	-0.50815	0.055644	0.46334	0.68288	0.87275	0.8904	0.7158	0.35087	-0.12247	-0.58315	-0.79985	-0.78365	-0.71334	-0.55543	-0.43708	-0.31131	-0.11533	0.08373	0.13328	3.4448
1750.3	0.15802	0.15261	-0.01472	-0.26632	-0.48571	-0.66166	-0.92378	-1.2113	-1.383	-1.3507	-0.96345	-0.49818	0.071702	0.47321	0.68829	0.86146	0.88082	0.69825	0.33788	-0.14516	-0.59841	-0.81537	-0.80614	-0.72301	-0.55709	-0.41775	-0.293	-0.096148	0.090699	0.13735	3.2921
1751.3	0.14919	0.13097	-0.019108	-0.27734	-0.48836	-0.63497	-0.91577	-1.1919	-1.3881	-1.349	-0.95888	-0.4941	0.076854	0.48011	0.68982	0.85834	0.86959	0.70071	0.32775	-0.14973	-0.6161	-0.81071	-0.79065	-0.72176	-0.55667	-0.44361	-0.30976	-0.11736	0.11183	0.13304	3.2434
1752.1	0.13244	0.13266	-0.019101	-0.2885	-0.47375	-0.64402	-0.9218	-1.1949	-1.3628	-1.3257	-0.93964	-0.48186	0.088809	0.48263	0.69808	0.86682	0.87012	0.70033	0.33499	-0.15325	-0.60723	-0.82637	-0.77181	-0.70797	-0.55556	-0.41144	-0.27336	-0.11211	0.082659	0.1407	3.2012
1751.1	0.1536	0.14247	-0.049071	-0.26193	-0.5026	-0.65756	-0.92421	-1.1957	-1.3764	-1.3384	-0.958	-0.4914	0.091376	0.48644	0.70322	0.85759	0.87336	0.69411	0.32287	-0.16612	-0.63152	-0.83445	-0.77045	-0.71349	-0.56482	-0.39906	-0.28529	-0.12136	0.08794	0.13892	3.1297
1752.3	0.15608	0.13584	-0.055264	-0.29198	-0.50513	-0.66463	-0.94151	-1.2196	-1.3823	-1.3366	-0.93974	-0.47652	0.10656	0.49489	0.71307	0.87552	0.87984	0.70508	0.3251	-0.1459	-0.62002	-0.82042	-0.79015	-0.70455	-0.54979	-0.44164	-0.29177	-0.11432	0.09845	0.16564	3.0745
1751.9	0.15802	0.13178	-0.027944	-0.26779	-0.49096	-0.66662	-0.92617	-1.2209	-1.3546	-1.3089	-0.91742	-0.47024	0.11677	0.49589	0.71699	0.87745	0.87645	0.70999	0.33417	-0.14242	-0.62187	-0.82059	-0.77282	-0.72166	-0.54021	-0.41997	-0.28522	-0.096669	0.11598	0.16396	3.0745
1751.9	0.15786	0.13577	-0.044669	-0.25656	-0.48614	-0.67515	-0.91527	-1.218	-1.3613	-1.3106	-0.91433	-0.4472	0.12544	0.5165	0.72751	0.87309	0.87738	0.70145	0.33091	-0.14053	-0.59623	-0.81388	-0.76582	-0.70562	-0.52227	-0.40723	-0.30636	-0.068486	0.12838	0.14146	3.0291
1751.7	0.17723	0.13751	-0.046403	-0.28854	-0.50161	-0.68	-0.94029	-1.228	-1.3734	-1.3297	-0.94486	-0.47928	0.089691	0.49872	0.70007	0.86258	0.86048	0.68332	0.33258	-0.15149	-0.61942	-0.82833	-0.77001	-0.7131	-0.54346	-0.41571	-0.29871	-0.11201	0.10906	0.14242	3.0908
1752.7	0.16489	0.14747	-0.05452	-0.28847	-0.48687	-0.68146	-0.93983	-1.2258	-1.3591	-1.3208	-0.92366	-0.47255	0.09639	0.49578	0.69684	0.85944	0.86267	0.68575	0.33483	-0.13867	-0.60877	-0.83283	-0.78569	-0.71539	-0.55609	-0.42486	-0.28002	-0.089084	0.1329	0.15539	3.0778
1753.5	0.15872	0.14743	-0.091151	-0.29074	-0.48191	-0.65196	-0.93088	-1.2012	-1.354	-1.3048	-0.91825	-0.45948	0.095531	0.50181	0.72294	0.87406	0.8801	0.70277	0.36766	-0.12209	-0.58022	-0.81397	-0.79648	-0.71579	-0.54266	-0.41675	-0.29252	-0.094366	0.11788	0.16036	3.0973
1755.2	0.16285	0.13727	-0.072704	-0.27932	-0.48342	-0.66258	-0.90282	-1.2193	-1.3595	-1.2991	-0.92037	-0.46733	0.099672	0.49859	0.71563	0.8864	0.88185	0.71915	0.35491	-0.10929	-0.58399	-0.81484	-0.78625	-0.71773	-0.54075	-0.40815	-0.3006	-0.099697	0.1115	0.16281	3.1784
1756.6	0.16448	0.1347	-0.055951	-0.28165	-0.50959	-0.67426	-0.93351	-1.2095	-1.372	-1.3322	-0.9382	-0.48156	0.074964	0.48756	0.70185	0.87777	0.87939	0.71094	0.35546	-0.12193	-0.57753	-0.78885	-0.77953	-0.68853	-0.52166	-0.39525	-0.28517	-0.094255	0.12191	0.17044	3.1817
1757.2	0.14699	0.12974	-0.080588	-0.3005	-0.50467	-0.66836	-0.93734	-1.2435	-1.3842	-1.3353	-0.95353	-0.48777	0.070704	0.47849	0.69126	0.85719	0.86133	0.68873	0.34222	-0.13187	-0.58498	-0.82141	-0.7995	-0.72102	-0.519	-0.37331	-0.27916	-0.082714	0.09471	0.14808	3.2337
1757	0.16975	0.1396	-0.073576	-0.32896	-0.50658	-0.68344	-0.93655	-1.2339	-1.4012	-1.3337	-0.95267	-0.4988	0.065624	0.46969	0.68665	0.86434	0.87032	0.69552	0.34721	-0.12458	-0.57051	-0.80383	-0.77929	-0.6951	-0.51585	-0.42453	-0.286	-0.097269	0.11668	0.1506	3.3376
1756.6	0.15924	0.14122	-0.063933	-0.31009	-0.4963	-0.67802	-0.94671	-1.2298	-1.3897	-1.3537	-0.95976	-0.50529	0.053761	0.46538	0.68584	0.86011	0.87137	0.70994	0.35872	-0.10465	-0.57411	-0.78545	-0.78041	-0.68518	-0.51762	-0.38694	-0.25911	-0.11172	0.096526	0.14894	3.3798
1756.8	0.18029	0.1347	-0.05156	-0.31259	-0.51797	-0.67421	-0.95482	-1.2473	-1.4124	-1.359	-0.9802	-0.51444	0.041837	0.45373	0.68109	0.85473	0.87039	0.69843	0.36609	-0.10458	-0.55615	-0.78383	-0.77328	-0.68003	-0.50942	-0.40874	-0.27091	-0.12008	0.11682	0.16187	3.4773
1755.8	0.1778	0.15215	-0.048021	-0.30766	-0.52116	-0.69148	-0.95546	-1.264	-1.4251	-1.3752	-0.99552	-0.52754	0.048651	0.44871	0.6796	0.8588	0.87092	0.71412	0.37863	-0.085513	-0.55988	-0.77571	-0.74639	-0.67876	-0.50641	-0.39543	-0.27688	-0.09122	0.082532	0.15679	3.6203
1754.2	0.1753	0.14814	-0.067517	-0.30532	-0.54635	-0.68266	-0.96614	-1.2801	-1.434	-1.3962	-1.0062	-0.54168	0.023251	0.43492	0.66324	0.85076	0.87705	0.71859	0.38393	-0.079238	-0.54586	-0.76033	-0.74971	-0.67853	-0.51585	-0.3849	-0.25184	-0.090536	0.095796	0.15517	3.7698
1754.2	0.16471	0.14891	-0.051658	-0.30278	-0.53498	-0.70238	-0.96457	-1.2731	-1.4433	-1.416	-1.0297	-0.56641	0.0028512	0.426	0.64624	0.86401	0.8753	0.72915	0.3979	-0.060977	-0.51424	-0.72824	-0.72496	-0.66679	-0.49228	-0.38324	-0.27551	-0.10733	0.078202	0.15173	3.9747
1755.4	0.16111	0.14139	-0.052434	-0.2879	-0.54123	-0.7207	-0.96477	-1.2705	-1.4577	-1.4277	-1.0634	-0.58615	-0.022662	0.40438	0.63353	0.85191	0.88355	0.75059	0.42554	-0.030899	-0.5045	-0.73785	-0.72529	-0.66128	-0.50092	-0.37541	-0.26098	-0.094996	0.085202	0.14644	4.1829
1755	0.13661	0.14222	-0.069144	-0.31633	-0.529	-0.70399	-0.99052	-1.3079	-1.4766	-1.4541	-1.096	-0.6449	-0.064302	0.3707	0.61387	0.83275	0.88109	0.76223	0.45521	-0.00084191	-0.46536	-0.71454	-0.70704	-0.65813	-0.49616	-0.39146	-0.27706	-0.10571	0.068491	0.12071	4.3424
1755	0.12954	0.13563	-0.055144	-0.31812	-0.54903	-0.70588	-0.99461	-1.3237	-1.5003	-1.4946	-1.1518	-0.68695	-0.10937	0.34222	0.58647	0.82833	0.8811	0.7708	0.46671	0.0256	-0.4483	-0.6883	-0.71143	-0.66145	-0.49455	-0.37627	-0.28635	-0.1126	0.068441	0.10779	4.6094
1756	0.14881	0.15214	-0.019962	-0.29552	-0.54207	-0.71957	-0.9966	-1.331	-1.5333	-1.5334	-1.207	-0.72857	-0.13395	0.31716	0.57484	0.81553	0.88419	0.78661	0.48537	0.034706	-0.44036	-0.66936	-0.68019	-0.63253	-0.47393	-0.38035	-0.24819	-0.09047	0.080732	0.14383	4.8504
1759.1	0.13107	0.13209	-0.037434	-0.30104	-0.52954	-0.73407	-1.0162	-1.355	-1.5585	-1.5595	-1.2421	-0.76391	-0.16178	0.30331	0.56156	0.80885	0.88706	0.79101	0.50421	0.061946	-0.39099	-0.64207	-0.68515	-0.60799	-0.47236	-0.35958	-0.24955	-0.10998	0.067524	0.12896	5.0916
1760.9	0.12913	0.12448	-0.031227	-0.30073	-0.55944	-0.73157	-1.0309	-1.3792	-1.5712	-1.5776	-1.2585	-0.79414	-0.20062	0.26748	0.53076	0.79651	0.86932	0.80066	0.52257	0.083717	-0.3804	-0.62368	-0.65279	-0.58891	-0.46453	-0.35923	-0.26183	-0.13207	0.063869	0.1167	5.3948
1760.9	0.12561	0.14918	-0.048894	-0.30247	-0.52358	-0.74548	-1.0431	-1.3925	-1.6033	-1.6269	-1.3209	-0.85431	-0.25059	0.22841	0.49692	0.77361	0.86924	0.81399	0.54959	0.11921	-0.33434	-0.5959	-0.64224	-0.59809	-0.46212	-0.36342	-0.26863	-0.10924	0.070038	0.11761	5.6524
1761.3	0.11866	0.12867	-0.025999	-0.28605	-0.5432	-0.73602	-1.0561	-1.3894	-1.6273	-1.6534	-1.3625	-0.88416	-0.28438	0.20183	0.48179	0.77435	0.87348	0.8328	0.57401	0.15913	-0.30873	-0.5781	-0.59983	-0.56943	-0.43281	-0.35486	-0.25424	-0.10841	0.036694	0.13307	5.933
1763.4	0.12119	0.12027	-0.031229	-0.29598	-0.53032	-0.74636	-1.0556	-1.4126	-1.6499	-1.6819	-1.401	-0.94778	-0.33056	0.16794	0.45211	0.76028	0.86189	0.82996	0.59874	0.18439	-0.27014	-0.54466	-0.57182	-0.54708	-0.44932	-0.35363	-0.25219	-0.1455	0.049819	0.10369	6.2366
1764.4	0.1236	0.1078	-0.028536	-0.29421	-0.5517	-0.72821	-1.0566	-1.4274	-1.6767	-1.7195	-1.4548	-0.98911	-0.37689	0.12897	0.41804	0.73617	0.84549	0.84374	0.61314	0.21063	-0.24358	-0.51662	-0.56365	-0.55349	-0.44173	-0.35253	-0.26219	-0.14097	0.030554	0.10971	6.5729
1762.1	0.10981	0.10554	-0.044384	-0.29625	-0.57136	-0.74693	-1.105	-1.4337	-1.727	-1.7694	-1.5183	-1.057	-0.44852	0.082979	0.38467	0.71154	0.83679	0.84476	0.64416	0.24528	-0.21246	-0.50214	-0.56787	-0.54913	-0.41969	-0.30632	-0.24914	-0.12275	0.052422	0.087391	6.8668
1760.1	0.10735	0.0917	-0.031173	-0.30086	-0.55879	-0.78888	-1.1301	-1.4654	-1.7509	-1.8253	-1.5934	-1.1413	-0.52537	0.021897	0.33328	0.6851	0.8173	0.8505	0.66537	0.27922	-0.19487	-0.4843	-0.54487	-0.52803	-0.41122	-0.31659	-0.25693	-0.12824	0.050804	0.11079	7.1936
1759.3	0.09861	0.10315	-0.035669	-0.28807	-0.54763	-0.77237	-1.1075	-1.4995	-1.7737	-1.8799	-1.6439	-1.1956	-0.57311	-0.010025	0.30338	0.66875	0.81781	0.87477	0.69199	0.3085	-0.15229	-0.45072	-0.51861	-0.50974	-0.41789	-0.30756	-0.24862	-0.13435	0.029889	0.097152	7.5074
1758.2	0.097006	0.087595	-0.040206	-0.28742	-0.56302	-0.7701	-1.1205	-1.5757	-1.8389	-1.9286	-1.7201	-1.2638	-0.64886	-0.076536	0.25181	0.6454	0.80852	0.87243	0.70549	0.33233	-0.10893	-0.42402	-0.50926	-0.4849	-0.37361	-0.2835	-0.23362	-0.12689	0.0079195	0.090355	7.8702
1753.7	0.087603	0.081214	-0.012888	-0.3141	-0.54269	-0.78629	-1.13	-1.4961	-1.8632	-1.9751	-1.7765	-1.3247	-0.70062	-0.11228	0.2185	0.62416	0.78843	0.87668	0.73201	0.3652	-0.087829	-0.39384	-0.48138	-0.48867	-0.40467	-0.3061	-0.25189	-0.12861	0.029079	0.081126	8.1645
1748.6	0.089574	0.082377	-0.029469	-0.29147	-0.55769	-0.7771	-1.1482	-1.5396	-1.8942	-2.0315	-1.8438	-1.4058	-0.77779	-0.18043	0.16798	0.5897	0.78714	0.88114	0.75972	0.40376	-0.043573	-0.35944	-0.46684	-0.46985	-0.37973	-0.29614	-0.22044	-0.13069	0.011492	0.060705	8.5112
1746.2	0.077317	0.072378	-0.012098	-0.29465	-0.54886	-0.76125	-1.1655	-1.5702	-1.9393	-2.0886	-1.935	-1.4923	-0.87107	-0.25305	0.10946	0.54976	0.76053	0.88222	0.78051	0.44084	-0.010191	-0.32691	-0.43894	-0.46457	-0.35829	-0.29994	-0.23604	-0.13928	0.017511	0.083101	8.8449
1745.1	0.067784	0.070876	-0.020061	-0.26965	-0.54818	-0.78623	-1.1645	-1.5871	-1.9856	-2.1296	-2.01	-1.5658	-0.9314	-0.32116	0.072466	0.52257	0.7494	0.89718	0.79426	0.47862	0.025023	-0.28974	-0.42349	-0.4192	-0.34041	-0.27955	-0.22684	-0.12931	0.0054387	0.051372	9.2211
1740.4	0.049293	0.050199	-0.028157	-0.28953	-0.56314	-0.79219	-1.1837	-1.6289	-2.0328	-2.2053	-2.0906	-1.6614	-1.0214	-0.39646	-0.0072822	0.48397	0.71917	0.89105	0.82043	0.50215	0.051037	-0.27513	-0.40407	-0.41438	-0.3513	-0.28211	-0.22921	-0.13219	-0.026512	0.075443	9.532
1736.7	0.048581	0.041282	-0.045757	-0.26757	-0.56245	-0.78921	-1.2096	-1.6386	-2.079	-2.2692	-2.1733	-1.7445	-1.1112	-0.45851	-0.061753	0.45288	0.70003	0.8919	0.8305	0.53454	0.089032	-0.23734	-0.36492	-0.40169	-0.3265	-0.26068	-0.21352	-0.14783	-0.015951	0.024455	9.9312
1737.8	0.031584	0.016087	-0.043148	-0.24558	-0.55527	-0.80858	-1.2122	-1.6867	-2.1223	-2.3242	-2.2413	-1.811	-1.169	-0.52197	-0.10268	0.41154	0.66819	0.87491	0.83412	0.55633	0.11833	-0.2151	-0.37007	-0.39381	-0.31074	-0.2775	-0.21939	-0.14534	-0.015062	0.028763	10.239
1737.1	0.0237	0.021151	-0.038705	-0.26674	-0.55073	-0.79837	-1.2435	-1.691	-2.1513	-2.365	-2.3045	-1.8882	-1.2475	-0.59215	-0.16279	0.3699	0.64514	0.86759	0.84111	0.56854	0.14521	-0.19203	-0.34249	-0.38289	-0.30994	-0.25212	-0.20743	-0.13836	-0.045162	0.0228	10.615
