13911	27	11	88	29.1	755	1	20	10	0.245	128	4096	10	0	0	0	0	31.36	1008.6	1.458e+006	0.11965	0.010152	41.698	0	0	1	0	0	0	9	0	0
948.01	-0.3738	-0.44528	-0.42235	-0.46058	-0.49957	-0.55487	-0.80213	-1.5407	-2.2822	-2.9831	-3.3747	-3.2062	-2.7181	-1.9871	-1.4225	-0.61483	-0.082941	0.55156	0.89021	0.88601	0.61605	0.25575	0.0037408	-0.1557	-0.21811	-0.23555	-0.22953	-0.25189	-0.27585	-0.29979	18.676
950.78	-0.3749	-0.46034	-0.48446	-0.48427	-0.46147	-0.50974	-0.79913	-1.4965	-2.2538	-2.9817	-3.3586	-3.2352	-2.724	-2.0125	-1.4463	-0.62145	-0.10268	0.53552	0.8722	0.89156	0.633	0.28923	0.01998	-0.13817	-0.19512	-0.22257	-0.24768	-0.27401	-0.28707	-0.28218	19.173
945.67	-0.44496	-0.4772	-0.47689	-0.51867	-0.51668	-0.54444	-0.81284	-1.4998	-2.2534	-3.0138	-3.4249	-3.2909	-2.8306	-2.0977	-1.5348	-0.68048	-0.16901	0.51032	0.87104	0.9033	0.65372	0.2876	0.042962	-0.1171	-0.20524	-0.22231	-0.25546	-0.28669	-0.30815	-0.33969	19.654
948.01	-0.43406	-0.48452	-0.5067	-0.53323	-0.5627	-0.58068	-0.7821	-1.4426	-2.2614	-3.0011	-3.4361	-3.34	-2.8691	-2.1551	-1.5782	-0.74905	-0.20988	0.48245	0.86567	0.92628	0.67276	0.33071	0.038068	-0.11047	-0.18663	-0.23877	-0.24849	-0.28307	-0.30237	-0.31772	20.137
943.76	-0.4575	-0.46862	-0.55172	-0.56761	-0.5722	-0.56239	-0.7268	-1.3247	-2.1963	-3.0053	-3.4635	-3.3765	-2.9385	-2.2488	-1.6658	-0.8244	-0.26868	0.43123	0.8282	0.90161	0.69171	0.33844	0.074298	-0.098532	-0.19353	-0.21182	-0.2496	-0.30008	-0.33325	-0.38371	20.655
945.03	-0.49267	-0.48327	-0.59683	-0.55121	-0.5031	-0.50955	-0.62575	-1.2846	-2.1563	-2.936	-3.4481	-3.399	-2.9737	-2.2685	-1.6895	-0.82464	-0.28776	0.43083	0.84552	0.92918	0.70331	0.36301	0.082353	-0.098416	-0.17516	-0.22548	-0.26817	-0.29968	-0.36859	-0.38917	21.133
936.95	-0.52826	-0.62693	-0.55232	-0.59601	-0.58732	-0.57838	-0.62566	-1.2136	-2.1109	-3.172	-3.4888	-3.4508	-3.0312	-2.3098	-1.713	-0.85317	-0.27019	0.44717	0.87291	0.94238	0.70963	0.37568	0.068173	-0.11349	-0.19506	-0.22923	-0.26577	-0.33674	-0.39182	-0.40274	21.623
939.07	-0.4965	-0.56031	-0.60409	-0.58072	-0.55783	-0.56082	-0.62481	-1.1367	-2.0767	-2.9859	-3.4913	-3.5123	-3.1031	-2.4095	-1.7954	-0.92669	-0.37181	0.37785	0.83701	0.95902	0.72874	0.37494	0.081308	-0.097374	-0.18672	-0.23621	-0.27422	-0.32971	-0.3818	-0.41003	22.093
940.78	-0.5708	-0.64324	-0.59773	-0.59397	-0.60814	-0.59224	-0.64543	-1.1634	-2.0941	-3.001	-3.5419	-3.5712	-3.179	-2.4644	-1.8696	-0.98785	-0.41989	0.34384	0.8373	0.9573	0.75608	0.41349	0.12051	-0.069185	-0.1609	-0.22671	-0.25833	-0.33247	-0.40796	-0.45518	22.543
942.27	-0.57068	-0.59709	-0.66074	-0.66505	-0.62129	-0.61626	-0.59906	-0.97363	-1.9972	-2.9048	-3.498	-3.5449	-3.191	-2.5047	-1.9239	-1.0282	-0.46122	0.31262	0.7975	0.93715	0.75817	0.42391	0.13705	-0.065784	-0.17562	-0.22925	-0.27199	-0.36147	-0.42667	-0.48489	23.053
933.11	-0.60608	-0.61654	-0.63535	-0.59535	-0.6099	-0.59045	-0.59032	-0.93607	-1.9113	-2.9471	-3.4917	-3.5592	-3.2162	-2.5129	-1.9199	-1.0682	-0.48585	0.29227	0.80831	0.96698	0.78645	0.44884	0.14317	-0.036387	-0.15292	-0.20937	-0.28099	-0.34516	-0.44921	-0.46391	23.51
934.18	-0.58401	-0.58365	-0.65186	-0.63064	-0.61267	-0.59845	-0.56841	-0.90706	-1.8446	-2.7411	-3.5175	-3.5981	-3.2794	-2.5932	-1.9973	-1.128	-0.53342	0.26163	0.80278	0.96564	0.78217	0.46405	0.15293	-0.01439	-0.15431	-0.21399	-0.27266	-0.3633	-0.4288	-0.49234	23.977
935.67	-0.5995	-0.68719	-0.73686	-0.59664	-0.58951	-0.58464	-0.6333	-0.86143	-1.7617	-2.4431	-3.4292	-3.5274	-3.1998	-2.5465	-1.9597	-1.1042	-0.52576	0.26835	0.78	0.94027	0.78596	0.46005	0.16589	-0.037955	-0.1556	-0.22136	-0.27074	-0.35978	-0.45442	-0.54794	24.442
937.8	-0.56365	-0.57033	-0.61615	-0.58595	-0.58154	-0.60853	-0.58292	-0.79817	-1.7195	-2.6373	-3.4575	-3.5838	-3.2759	-2.6595	-2.0793	-1.2043	-0.61442	0.21054	0.74133	0.92954	0.80645	0.47955	0.20018	-0.0080413	-0.14009	-0.19896	-0.24796	-0.36199	-0.43867	-0.49047	24.881
935.88	-0.62445	-0.63101	-0.6724	-0.6068	-0.60077	-0.58498	-0.59473	-0.65699	-1.5136	-2.3549	-3.3901	-3.5611	-3.3042	-2.6826	-2.1162	-1.2472	-0.66593	0.18047	0.73375	0.92492	0.81478	0.50463	0.20075	-4.3412e-005	-0.13727	-0.2058	-0.2802	-0.37126	-0.47447	-0.5337	25.3
932.69	-0.61766	-0.61688	-0.65575	-0.64894	-0.58812	-0.58672	-0.53906	-0.67517	-1.4264	-2.3179	-3.4054	-3.5835	-3.3713	-2.7487	-2.1912	-1.2867	-0.69718	0.13849	0.72254	0.94173	0.83668	0.52055	0.2264	0.015776	-0.12544	-0.18728	-0.26514	-0.36837	-0.47921	-0.54507	25.755
931.2	-0.61954	-0.65769	-0.69397	-0.66034	-0.59283	-0.593	-0.58205	-0.72398	-1.5553	-2.5726	-3.4492	-3.6358	-3.4283	-2.7986	-2.2504	-1.3589	-0.76259	0.10595	0.6955	0.94489	0.82821	0.52763	0.21837	0.029935	-0.13179	-0.18768	-0.2546	-0.3574	-0.46849	-0.52524	26.172
929.92	-0.57417	-0.56636	-0.65302	-0.64467	-0.61173	-0.65461	-0.56627	-0.70655	-1.4589	-2.363	-3.458	-3.6703	-3.4729	-2.8574	-2.2954	-1.3982	-0.78948	0.067827	0.68695	0.94597	0.86805	0.55864	0.24198	0.038044	-0.096732	-0.16897	-0.26609	-0.35935	-0.45905	-0.51121	26.576
929.49	-0.60351	-0.61306	-0.65505	-0.64013	-0.65691	-0.64781	-0.59774	-0.67541	-1.4156	-2.4716	-3.4196	-3.6536	-3.4476	-2.8489	-2.2752	-1.389	-0.77303	0.069726	0.69042	0.93972	0.85236	0.56053	0.2322	0.036512	-0.11048	-0.18006	-0.26921	-0.3737	-0.4708	-0.49654	26.938
927.36	-0.63419	-0.63407	-0.68007	-0.71917	-0.65315	-0.62214	-0.57999	-0.67622	-1.4273	-2.3086	-3.4451	-3.6857	-3.5023	-2.9097	-2.3347	-1.4364	-0.8364	0.03945	0.66422	0.95593	0.87073	0.58262	0.26774	0.053891	-0.089199	-0.17564	-0.25074	-0.38623	-0.48835	-0.5458	27.308
922.68	-0.61134	-0.65381	-0.67171	-0.6711	-0.63466	-0.63978	-0.5612	-0.64766	-1.3302	-2.16	-3.4298	-3.6702	-3.5024	-2.9162	-2.3772	-1.4688	-0.85929	0.036299	0.65214	0.94339	0.89141	0.59677	0.29603	0.068687	-0.081956	-0.1639	-0.25688	-0.3752	-0.49123	-0.52634	27.678
926.51	-0.62813	-0.65991	-0.68983	-0.6678	-0.63192	-0.61613	-0.59342	-0.63566	-1.322	-2.2796	-3.4137	-3.6965	-3.5507	-2.9542	-2.3828	-1.4806	-0.88668	0.02269	0.66783	0.95118	0.88448	0.588	0.28478	0.079587	-0.078594	-0.16153	-0.27176	-0.35914	-0.48378	-0.56475	28.028
918.2	-0.64008	-0.65845	-0.69361	-0.697	-0.69753	-0.67545	-0.64753	-0.69473	-1.3059	-2.4442	-3.468	-3.7485	-3.6018	-3.0147	-2.4513	-1.5359	-0.93221	-0.0060634	0.63763	0.93913	0.88754	0.61293	0.28422	0.080208	-0.072995	-0.18075	-0.2372	-0.38285	-0.49519	-0.55237	28.319
920.33	-0.59259	-0.62999	-0.66651	-0.71528	-0.6868	-0.7237	-0.66273	-0.7328	-1.2218	-2.3836	-3.491	-3.8017	-3.6783	-3.1017	-2.5416	-1.6276	-0.99341	-0.07313	0.61918	0.93878	0.90978	0.63384	0.32373	0.11527	-0.068421	-0.12754	-0.24152	-0.35273	-0.47382	-0.52437	28.625
916.92	-0.66109	-0.6884	-0.70958	-0.69827	-0.64362	-0.65464	-0.61148	-0.69326	-1.2141	-2.2749	-3.46	-3.7572	-3.6572	-3.0749	-2.5128	-1.6178	-1.009	-0.06773	0.60914	0.95089	0.90365	0.62962	0.31807	0.10944	-0.043779	-0.14413	-0.24409	-0.37903	-0.49621	-0.57635	28.893
919.48	-0.61583	-0.63918	-0.66728	-0.6826	-0.6137	-0.66585	-0.60307	-0.6443	-1.016	-2.0911	-3.3826	-3.7207	-3.6439	-3.0575	-2.5223	-1.6367	-1.0205	-0.098137	0.60215	0.93807	0.91103	0.64272	0.34431	0.15065	-0.023274	-0.11957	-0.23053	-0.37379	-0.46464	-0.53535	29.212
910.31	-0.60619	-0.64171	-0.7484	-0.73224	-0.66205	-0.67395	-0.6538	-0.69857	-1.2071	-2.2692	-3.4769	-3.8088	-3.7406	-3.1718	-2.6151	-1.716	-1.0653	-0.10346	0.58858	0.94573	0.91349	0.63744	0.34407	0.11658	-0.044675	-0.13426	-0.23958	-0.37338	-0.50131	-0.56211	29.433
915.43	-0.67031	-0.70161	-0.67204	-0.65501	-0.62517	-0.63592	-0.61106	-0.62577	-1.0253	-2.0687	-3.3442	-3.659	-3.5758	-3.0228	-2.5042	-1.5985	-0.99645	-0.050339	0.60303	0.93298	0.90804	0.64858	0.36421	0.12718	-0.042304	-0.13636	-0.23141	-0.37404	-0.50852	-0.57031	29.648
900.72	-0.6846	-0.68637	-0.71728	-0.69102	-0.69075	-0.72925	-0.64202	-0.6704	-1.1742	-2.2503	-3.5252	-3.851	-3.7859	-3.2238	-2.6741	-1.7436	-1.1141	-0.11357	0.56389	0.94706	0.93157	0.67218	0.36837	0.14255	-0.041256	-0.14184	-0.23871	-0.36366	-0.51163	-0.57661	29.85
911.81	-0.7199	-0.70434	-0.69865	-0.69478	-0.67892	-0.70735	-0.64563	-0.66225	-1.1045	-2.1878	-3.4579	-3.7833	-3.7575	-3.1979	-2.6567	-1.7466	-1.1144	-0.14413	0.57423	0.93513	0.92651	0.65265	0.36557	0.14398	-0.037614	-0.13519	-0.23722	-0.37519	-0.52402	-0.61557	30.048
885.37	-0.7664	-0.76323	-0.73157	-0.72878	-0.69153	-0.69238	-0.67672	-0.64103	-1.1425	-2.3184	-3.5456	-3.8809	-3.8424	-3.2971	-2.7371	-1.7997	-1.1558	-0.16112	0.57196	0.94662	0.981	0.70368	0.37821	0.15126	-0.032681	-0.11428	-0.22265	-0.39125	-0.5698	-0.62301	30.201
903.92	-0.72601	-0.69437	-0.73846	-0.76015	-0.67864	-0.66947	-0.59957	-0.64029	-0.98502	-2.0967	-3.4494	-3.793	-3.7578	-3.2254	-2.687	-1.7773	-1.1398	-0.16569	0.56495	0.94187	0.94827	0.69628	0.36425	0.13884	-0.02684	-0.11338	-0.22806	-0.36205	-0.51504	-0.60758	30.408
896.03	-0.73286	-0.69061	-0.76354	-0.74461	-0.67904	-0.67885	-0.64225	-0.68079	-0.85651	-2.1509	-3.3999	-3.7361	-3.7212	-3.1734	-2.6367	-1.7047	-1.0856	-0.12869	0.57831	0.94091	0.94607	0.67879	0.35983	0.14301	-0.028809	-0.11965	-0.23666	-0.40289	-0.54021	-0.63162	30.514
898.81	-0.66501	-0.68332	-0.71123	-0.67043	-0.64013	-0.65687	-0.60308	-0.61979	-0.89373	-2.097	-3.4168	-3.7831	-3.7611	-3.2191	-2.669	-1.7683	-1.1478	-0.18519	0.54082	0.93817	0.94828	0.69841	0.37974	0.16417	-0.0065849	-0.10441	-0.2209	-0.35874	-0.50761	-0.57253	30.59
893.9	-0.70538	-0.6714	-0.71069	-0.7081	-0.66693	-0.69977	-0.64491	-0.66941	-0.90081	-2.1848	-3.4917	-3.8801	-3.8574	-3.3186	-2.7584	-1.8123	-1.1953	-0.18696	0.54995	0.9559	0.96535	0.70401	0.38849	0.17153	-0.0062351	-0.09669	-0.22038	-0.36326	-0.53109	-0.60096	30.7
888.14	-0.68393	-0.67608	-0.77727	-0.7771	-0.68525	-0.65704	-0.61446	-0.62547	-0.87302	-2.0514	-3.4007	-3.7802	-3.7783	-3.2459	-2.6976	-1.7812	-1.1405	-0.1573	0.57487	0.95645	0.98521	0.70035	0.39649	0.15444	-0.0066075	-0.10855	-0.22534	-0.35357	-0.54147	-0.57136	30.733
888.35	-0.67495	-0.69186	-0.69021	-0.66611	-0.61189	-0.61602	-0.63736	-0.63889	-0.85663	-1.9767	-3.3315	-3.7234	-3.702	-3.17	-2.6235	-1.7308	-1.1122	-0.15791	0.57523	0.96373	0.97486	0.70643	0.39408	0.16228	0.0013355	-0.11589	-0.22393	-0.37821	-0.53854	-0.59951	30.791
897.73	-0.68122	-0.68877	-0.72816	-0.70349	-0.66792	-0.6713	-0.64517	-0.68609	-0.99439	-2.1894	-3.4943	-3.869	-3.8424	-3.3022	-2.7276	-1.8195	-1.1669	-0.18411	0.55112	0.95048	0.95856	0.7211	0.39953	0.19419	-0.0062871	-0.099542	-0.20452	-0.36191	-0.51478	-0.59147	30.824
887.69	-0.66424	-0.65614	-0.73169	-0.73716	-0.69013	-0.70127	-0.65498	-0.66314	-0.84175	-1.939	-3.4147	-3.7717	-3.7978	-3.2888	-2.7405	-1.8416	-1.2009	-0.22684	0.54691	0.94016	0.98984	0.72445	0.4072	0.19449	-0.0022788	-0.092081	-0.20929	-0.35845	-0.50894	-0.57549	30.827
877.89	-0.70036	-0.69832	-0.71876	-0.68824	-0.63413	-0.68738	-0.64173	-0.64162	-0.91172	-2.1114	-3.4617	-3.8394	-3.8317	-3.3036	-2.7576	-1.847	-1.2047	-0.21649	0.54858	0.93922	0.98348	0.72072	0.41934	0.17486	0.0097026	-0.11177	-0.21947	-0.3562	-0.53051	-0.55901	30.785
897.95	-0.6746	-0.66495	-0.71054	-0.69925	-0.65017	-0.62816	-0.63201	-0.62393	-0.83073	-1.9706	-3.2875	-3.6346	-3.6415	-3.1211	-2.6177	-1.7297	-1.1118	-0.15273	0.55972	0.93408	0.95264	0.69915	0.3782	0.15763	-0.012764	-0.10648	-0.20832	-0.36345	-0.51221	-0.59654	30.818
881.95	-0.66936	-0.65468	-0.67078	-0.65588	-0.63598	-0.64725	-0.6183	-0.60734	-0.86568	-1.9112	-3.2965	-3.6696	-3.6639	-3.1319	-2.622	-1.7381	-1.1194	-0.14923	0.57352	0.94493	0.95459	0.69513	0.40115	0.15221	-0.043763	-0.14484	-0.24357	-0.37882	-0.52785	-0.5971	30.754
892.4	-0.68376	-0.66434	-0.69637	-0.70705	-0.66392	-0.65644	-0.63539	-0.62958	-0.84697	-2.0534	-3.3058	-3.6731	-3.6574	-3.1318	-2.6168	-1.7246	-1.1145	-0.1267	0.57896	0.95211	0.9622	0.70344	0.39266	0.16847	-0.0098117	-0.11831	-0.21756	-0.37757	-0.4974	-0.58467	30.636
881.74	-0.62227	-0.64422	-0.70766	-0.70064	-0.69216	-0.68477	-0.61016	-0.59986	-0.80431	-2.0635	-3.357	-3.733	-3.7059	-3.1577	-2.6176	-1.732	-1.1006	-0.12189	0.59224	0.97943	0.97681	0.71547	0.40273	0.17233	-0.00024842	-0.11317	-0.21312	-0.35773	-0.47023	-0.55762	30.493
884.51	-0.66459	-0.63825	-0.68524	-0.70167	-0.66952	-0.67705	-0.65834	-0.6546	-1.0005	-2.125	-3.4158	-3.7411	-3.6935	-3.1511	-2.6219	-1.7057	-1.0939	-0.13093	0.59527	0.95501	0.95184	0.71644	0.40689	0.17533	0.0080871	-0.097703	-0.21458	-0.36081	-0.47411	-0.55143	30.371
873.84	-0.68767	-0.67576	-0.68485	-0.6814	-0.6645	-0.68912	-0.63636	-0.61586	-1.0342	-2.2259	-3.4467	-3.7819	-3.755	-3.1953	-2.6464	-1.7188	-1.0868	-0.12555	0.59898	0.95018	0.97417	0.70481	0.39412	0.15849	-0.014624	-0.11564	-0.21554	-0.3736	-0.50818	-0.57168	30.186
885.36	-0.65979	-0.62202	-0.65219	-0.68061	-0.66641	-0.6344	-0.61587	-0.6266	-1.0114	-2.134	-3.3878	-3.7163	-3.664	-3.1107	-2.5695	-1.6673	-1.0405	-0.10737	0.59825	0.93998	0.93927	0.66381	0.35229	0.1346	-0.033837	-0.12607	-0.22929	-0.37337	-0.50875	-0.56286	30.002
893.48	-0.65856	-0.60368	-0.66046	-0.64354	-0.61385	-0.58883	-0.59061	-0.59033	-1.09	-2.2084	-3.3285	-3.6413	-3.5924	-3.0312	-2.4907	-1.6215	-0.98904	-0.07744	0.61502	0.95442	0.94722	0.66775	0.35245	0.13366	-0.022373	-0.12808	-0.22379	-0.36043	-0.48113	-0.55029	29.782
866.58	-0.71457	-0.70754	-0.72179	-0.66006	-0.64039	-0.63538	-0.58189	-0.57818	-0.99985	-2.0544	-3.3728	-3.7214	-3.6422	-3.0699	-2.5188	-1.6048	-0.97927	-0.037003	0.66098	0.97856	0.95063	0.6781	0.35428	0.13272	-0.047915	-0.13877	-0.2479	-0.38563	-0.52446	-0.60748	29.538
892.62	-0.66024	-0.64251	-0.68508	-0.65021	-0.60974	-0.61212	-0.5461	-0.60399	-1.0413	-2.0157	-3.2478	-3.5773	-3.4947	-2.9348	-2.389	-1.51	-0.916	-0.027465	0.65734	0.94958	0.93974	0.63186	0.31651	0.11078	-0.065685	-0.14791	-0.25896	-0.38201	-0.50776	-0.58361	29.301
879.17	-0.65884	-0.64935	-0.68182	-0.6442	-0.68996	-0.65765	-0.60926	-0.67315	-1.1561	-2.1673	-3.3465	-3.6611	-3.5482	-2.9728	-2.4208	-1.534	-0.91366	-0.022453	0.66023	0.96182	0.93435	0.63537	0.31414	0.099041	-0.056684	-0.1554	-0.25777	-0.38309	-0.519	-0.58427	29.04
887.71	-0.59571	-0.53703	-0.6737	-0.65174	-0.60509	-0.59131	-0.60022	-0.56906	-1.1385	-2.0665	-3.2575	-3.5697	-3.4497	-2.8874	-2.3512	-1.46	-0.87962	0.017428	0.67073	0.95726	0.90783	0.62383	0.31134	0.093402	-0.057977	-0.14404	-0.24053	-0.35684	-0.47378	-0.50592	28.733
875.33	-0.62675	-0.60179	-0.66769	-0.65405	-0.61939	-0.60309	-0.59338	-0.62282	-1.2129	-2.2279	-3.4	-3.6627	-3.5124	-2.922	-2.3603	-1.4724	-0.86336	0.044589	0.69118	0.98768	0.94167	0.64113	0.32962	0.09921	-0.044071	-0.14443	-0.22895	-0.3528	-0.47413	-0.52728	28.412
877.04	-0.63527	-0.60945	-0.65335	-0.63393	-0.57699	-0.59302	-0.55168	-0.59595	-1.3019	-2.2445	-3.4225	-3.6859	-3.5115	-2.9007	-2.3515	-1.455	-0.85177	0.052689	0.68533	0.94827	0.91352	0.61261	0.31658	0.089068	-0.071657	-0.16072	-0.24506	-0.35629	-0.46726	-0.53978	28.099
887.72	-0.60766	-0.60254	-0.66148	-0.65153	-0.56148	-0.56445	-0.57537	-0.60488	-1.3084	-2.1884	-3.4002	-3.6467	-3.4671	-2.8762	-2.3232	-1.4498	-0.82975	0.045183	0.69238	0.96791	0.88755	0.5919	0.29875	0.091468	-0.078822	-0.16861	-0.25201	-0.34617	-0.46302	-0.52145	27.721
876.83	-0.56926	-0.56856	-0.68526	-0.68858	-0.64862	-0.63383	-0.60839	-0.68309	-1.3511	-2.3224	-3.4075	-3.6628	-3.4731	-2.8783	-2.3091	-1.4295	-0.79241	0.081803	0.72544	0.98508	0.89159	0.58733	0.27065	0.060509	-0.10098	-0.18593	-0.25691	-0.35809	-0.45336	-0.48315	27.367
884.73	-0.60686	-0.60213	-0.63275	-0.63711	-0.61353	-0.57676	-0.59234	-0.64059	-1.3337	-2.267	-3.343	-3.5619	-3.3586	-2.7562	-2.2175	-1.3258	-0.72877	0.13226	0.72404	0.97814	0.88223	0.57073	0.25456	0.058171	-0.11447	-0.19251	-0.26958	-0.38373	-0.47588	-0.51891	27.019
888.13	-0.56059	-0.52124	-0.60723	-0.6211	-0.60713	-0.58894	-0.54337	-0.6902	-1.5162	-2.2546	-3.3812	-3.5764	-3.3485	-2.7374	-2.1759	-1.2961	-0.69206	0.16959	0.7505	0.96933	0.88052	0.55845	0.24625	0.042633	-0.11264	-0.17197	-0.26007	-0.34608	-0.45323	-0.47885	26.626
897.95	-0.53575	-0.55181	-0.60569	-0.59463	-0.56446	-0.57686	-0.55104	-0.60391	-1.3956	-2.2567	-3.2496	-3.4261	-3.1949	-2.583	-2.0245	-1.188	-0.59267	0.22222	0.77144	0.9872	0.84922	0.5259	0.22827	0.036217	-0.10327	-0.18149	-0.2508	-0.35869	-0.4358	-0.46675	26.21
879.18	-0.64026	-0.59098	-0.62246	-0.60086	-0.52948	-0.5646	-0.5407	-0.62999	-1.5761	-2.7364	-3.3822	-3.5334	-3.2698	-2.6111	-2.05	-1.1717	-0.56443	0.23262	0.7911	0.98064	0.85527	0.5218	0.21004	-0.0034866	-0.13337	-0.16477	-0.2699	-0.3758	-0.48417	-0.50657	25.84
883.66	-0.58532	-0.5899	-0.61963	-0.57311	-0.52764	-0.57332	-0.55232	-0.74542	-1.6761	-2.292	-3.3489	-3.4788	-3.185	-2.5503	-1.9816	-1.1231	-0.5294	0.26346	0.79319	0.96852	0.81881	0.49406	0.19881	-0.0065987	-0.14857	-0.20959	-0.28331	-0.37351	-0.47308	-0.50924	25.378
887.93	-0.56083	-0.53611	-0.60925	-0.59488	-0.49221	-0.5161	-0.53053	-0.58284	-1.5758	-2.3912	-3.295	-3.4161	-3.1274	-2.4878	-1.9413	-1.0864	-0.5006	0.26076	0.80903	0.96559	0.81794	0.4834	0.16968	-0.021835	-0.15115	-0.20174	-0.28867	-0.36261	-0.44461	-0.47049	24.966
898.81	-0.55015	-0.51439	-0.55349	-0.56729	-0.50266	-0.53739	-0.47579	-0.69954	-1.6366	-2.2769	-3.2533	-3.375	-3.088	-2.4384	-1.8934	-1.0572	-0.47666	0.28289	0.81346	0.95742	0.80974	0.46916	0.17448	-0.029658	-0.14141	-0.21744	-0.2754	-0.35537	-0.4182	-0.45122	24.508
888.78	-0.50678	-0.52651	-0.56778	-0.58594	-0.51302	-0.53957	-0.59502	-0.77623	-1.7643	-2.4505	-3.284	-3.3694	-3.0402	-2.394	-1.8236	-0.98232	-0.41786	0.3413	0.81821	0.9576	0.76334	0.43273	0.13289	-0.059807	-0.17019	-0.22469	-0.29011	-0.35947	-0.41285	-0.44815	24.068
901.36	-0.51277	-0.50384	-0.55465	-0.54849	-0.49795	-0.52777	-0.48182	-0.6901	-1.7189	-2.4318	-3.2238	-3.2733	-2.9473	-2.3051	-1.7572	-0.91229	-0.35283	0.36965	0.83732	0.96039	0.77983	0.44993	0.15177	-0.035976	-0.16957	-0.19568	-0.27152	-0.32479	-0.41587	-0.44165	23.583
881.09	-0.49567	-0.4855	-0.54317	-0.54316	-0.48151	-0.49189	-0.453	-0.75697	-1.7624	-2.8829	-3.2949	-3.3593	-3.0066	-2.3362	-1.765	-0.91696	-0.35465	0.37775	0.86155	0.97359	0.76719	0.41849	0.1186	-0.063545	-0.17797	-0.2217	-0.28907	-0.33359	-0.39578	-0.42869	23.139
899.87	-0.5089	-0.57779	-0.5837	-0.53048	-0.50754	-0.5235	-0.45676	-0.70603	-1.6751	-2.4572	-3.1504	-3.2232	-2.8675	-2.2189	-1.6769	-0.85576	-0.32415	0.41446	0.84307	0.95489	0.73745	0.39136	0.093176	-0.086823	-0.18529	-0.24634	-0.29619	-0.35155	-0.41862	-0.45639	22.648
892.19	-0.35323	-0.41119	-0.47633	-0.51279	-0.46009	-0.47353	-0.45664	-0.81355	-1.8146	-2.6864	-3.1902	-3.205	-2.809	-2.1437	-1.5966	-0.79827	-0.26607	0.42289	0.86523	0.93942	0.71483	0.3644	0.083672	-0.078015	-0.19516	-0.22269	-0.29388	-0.33427	-0.34545	-0.38188	22.211
900.5	-0.44843	-0.4447	-0.49168	-0.4505	-0.44518	-0.42377	-0.46217	-0.97268	-1.8917	-2.7121	-3.1718	-3.1646	-2.7467	-2.0826	-1.531	-0.73514	-0.21897	0.46143	0.84916	0.9368	0.70526	0.35272	0.075825	-0.10874	-0.18542	-0.22677	-0.29513	-0.30564	-0.37003	-0.37517	21.738
895.39	-0.45644	-0.43769	-0.49342	-0.51749	-0.44536	-0.43555	-0.44938	-0.92374	-1.8202	-2.6054	-3.1265	-3.1014	-2.6914	-1.9905	-1.4673	-0.6471	-0.14002	0.50749	0.89763	0.93284	0.67593	0.32514	0.050474	-0.11419	-0.20527	-0.24143	-0.28456	-0.32574	-0.37709	-0.38206	21.242
897.1	-0.49291	-0.48644	-0.49843	-0.4468	-0.42596	-0.42855	-0.50811	-1.0423	-1.8644	-2.6946	-3.1531	-3.1051	-2.6845	-1.9885	-1.4386	-0.64252	-0.13952	0.52887	0.88454	0.93103	0.66124	0.30842	0.031207	-0.12212	-0.21349	-0.26386	-0.29884	-0.34568	-0.36459	-0.42694	20.764
903.07	-0.37704	-0.39605	-0.45305	-0.43847	-0.43143	-0.45689	-0.51132	-1.1126	-1.9831	-2.7559	-3.1584	-3.0978	-2.6259	-1.9445	-1.3928	-0.60961	-0.099438	0.55673	0.89288	0.91572	0.64471	0.29927	0.029562	-0.13903	-0.23542	-0.25077	-0.27561	-0.30597	-0.32406	-0.35192	20.275
905.42	-0.3801	-0.40565	-0.45418	-0.40988	-0.35798	-0.38476	-0.52781	-1.2485	-2.0286	-2.7621	-3.142	-3.0681	-2.5824	-1.8894	-1.3524	-0.56874	-0.090546	0.55341	0.88263	0.9064	0.64151	0.2808	0.019342	-0.13686	-0.21739	-0.23852	-0.26986	-0.26977	-0.32156	-0.31927	19.757
901.57	-0.37028	-0.41607	-0.46628	-0.37798	-0.39095	-0.42265	-0.58332	-1.2747	-2.0301	-2.7377	-3.1046	-3.0014	-2.4995	-1.8129	-1.2809	-0.49896	-0.00074327	0.59113	0.90438	0.89986	0.60981	0.26036	-0.0047858	-0.16721	-0.23614	-0.28228	-0.27983	-0.30075	-0.30622	-0.29354	19.28
909.47	-0.32869	-0.386	-0.40127	-0.42768	-0.41317	-0.37075	-0.56719	-1.3536	-2.0821	-2.7483	-3.102	-2.9682	-2.4891	-1.7798	-1.2533	-0.47081	0.021472	0.60994	0.91369	0.89695	0.59076	0.24668	-0.013445	-0.15592	-0.24169	-0.23762	-0.24778	-0.26415	-0.26055	-0.31109	18.847
910.53	-0.2817	-0.32331	-0.32103	-0.35804	-0.32066	-0.4087	-0.68228	-1.445	-2.0562	-2.7607	-3.068	-2.9174	-2.416	-1.7114	-1.1854	-0.40286	0.065462	0.63646	0.92029	0.88703	0.5854	0.22405	-0.029839	-0.17811	-0.22392	-0.24678	-0.25872	-0.2726	-0.2538	-0.25783	18.365
904.14	-0.25468	-0.3426	-0.38334	-0.36376	-0.32819	-0.39217	-0.69712	-1.5024	-2.1675	-2.7719	-3.0331	-2.8654	-2.3294	-1.6133	-1.097	-0.34129	0.10109	0.6506	0.9094	0.867	0.56611	0.19762	-0.04942	-0.18619	-0.24464	-0.26505	-0.27364	-0.26006	-0.27278	-0.28138	17.902
912.23	-0.25401	-0.27937	-0.342	-0.31923	-0.3076	-0.36031	-0.77712	-1.544	-2.1843	-2.776	-3.0397	-2.8709	-2.3277	-1.6186	-1.1027	-0.3522	0.10007	0.64694	0.90754	0.86259	0.5232	0.17793	-0.07117	-0.20096	-0.25205	-0.2678	-0.271	-0.27812	-0.21967	-0.22772	17.442
911.38	-0.2404	-0.29919	-0.324	-0.33808	-0.30235	-0.3805	-0.79427	-1.5692	-2.2416	-2.7977	-3.0555	-2.8401	-2.2938	-1.5721	-1.0382	-0.29844	0.14291	0.67311	0.915	0.84774	0.52719	0.16989	-0.067342	-0.20875	-0.26769	-0.26615	-0.2698	-0.26083	-0.21637	-0.21958	17.001
917.14	-0.27452	-0.29741	-0.29011	-0.27358	-0.26382	-0.39967	-0.89073	-1.5764	-2.2498	-2.7454	-2.9496	-2.7223	-2.1767	-1.4735	-0.96641	-0.24751	0.19963	0.70331	0.90742	0.83345	0.49268	0.16889	-0.08402	-0.20746	-0.26125	-0.26931	-0.25207	-0.23877	-0.22348	-0.22982	16.556
918.2	-0.20534	-0.25093	-0.24756	-0.27944	-0.28695	-0.43295	-0.97134	-1.609	-2.2541	-2.736	-2.9132	-2.6917	-2.1243	-1.4096	-0.91523	-0.19014	0.22295	0.72808	0.90153	0.82049	0.46771	0.10754	-0.1158	-0.23793	-0.25652	-0.26441	-0.24857	-0.23986	-0.19481	-0.18683	16.156
916.71	-0.2221	-0.24649	-0.26651	-0.28777	-0.29457	-0.47071	-1.0176	-1.6533	-2.1911	-2.7246	-2.9047	-2.6612	-2.1117	-1.4	-0.90048	-0.18691	0.25055	0.72061	0.92552	0.81212	0.45725	0.096421	-0.13128	-0.2512	-0.28144	-0.25972	-0.24563	-0.24174	-0.1816	-0.14412	15.733
923.96	-0.19731	-0.23224	-0.22748	-0.23342	-0.28348	-0.51577	-1.0935	-1.6757	-2.3685	-2.7199	-2.8663	-2.6203	-2.0475	-1.3443	-0.84431	-0.13978	0.26593	0.74188	0.90233	0.7929	0.44705	0.09064	-0.12863	-0.24284	-0.27327	-0.25288	-0.2421	-0.20777	-0.15999	-0.1458	15.316
919.7	-0.1714	-0.19722	-0.16984	-0.20841	-0.3067	-0.61499	-1.108	-1.714	-2.3361	-2.7276	-2.8685	-2.6012	-2.0277	-1.3115	-0.8085	-0.10673	0.29761	0.75273	0.91754	0.80872	0.44393	0.073219	-0.15126	-0.22945	-0.27917	-0.25287	-0.25137	-0.20609	-0.13062	-0.14029	14.935
925.66	-0.12542	-0.16487	-0.19538	-0.2118	-0.30311	-0.63061	-1.113	-1.6794	-2.279	-2.6744	-2.7854	-2.5102	-1.9444	-1.2312	-0.74858	-0.054709	0.34425	0.78747	0.92247	0.78448	0.41392	0.066631	-0.15345	-0.25655	-0.27422	-0.25394	-0.22251	-0.19173	-0.10995	-0.11464	14.553
915.65	-0.1154	-0.16471	-0.19966	-0.2326	-0.3589	-0.59948	-1.1317	-1.6825	-2.3236	-2.6741	-2.7632	-2.4904	-1.8889	-1.1728	-0.68021	-0.019628	0.38917	0.789	0.92165	0.75994	0.38222	0.021797	-0.19226	-0.29001	-0.28342	-0.28444	-0.25563	-0.18034	-0.13661	-0.071536	14.201
930.77	-0.11644	-0.13863	-0.14135	-0.1669	-0.36903	-0.61994	-1.1027	-1.6872	-2.2159	-2.6155	-2.6868	-2.4187	-1.8278	-1.1321	-0.67305	0.00056385	0.37251	0.78682	0.90805	0.74573	0.38084	0.013538	-0.18261	-0.28227	-0.28351	-0.26225	-0.23702	-0.20489	-0.10925	-0.09806	13.855
927.57	-0.14074	-0.16504	-0.14035	-0.18599	-0.32226	-0.64207	-1.1565	-1.6681	-2.272	-2.6014	-2.6914	-2.3898	-1.7949	-1.0931	-0.62074	0.038476	0.40879	0.80414	0.90675	0.73674	0.35026	0.01864	-0.2034	-0.28974	-0.29669	-0.26821	-0.25879	-0.19579	-0.11149	-0.1004	13.545
930.56	-0.10815	-0.16663	-0.11462	-0.18129	-0.34257	-0.62192	-1.134	-1.6622	-2.2351	-2.5717	-2.6297	-2.3257	-1.7138	-1.0346	-0.5731	0.063992	0.42654	0.80508	0.89281	0.72182	0.34385	-0.0039119	-0.19762	-0.31868	-0.30497	-0.28749	-0.24041	-0.20204	-0.12082	-0.093047	13.208
929.07	-0.093602	-0.10789	-0.12161	-0.17692	-0.35924	-0.64228	-1.1186	-1.6463	-2.2501	-2.5522	-2.6288	-2.3176	-1.7089	-1.0115	-0.56915	0.067212	0.44045	0.82075	0.90506	0.72126	0.32993	-0.031069	-0.22305	-0.31617	-0.29333	-0.30385	-0.26964	-0.19947	-0.12924	-0.12253	12.931
933.54	-0.1111	-0.11189	-0.084634	-0.1663	-0.33929	-0.60924	-1.1315	-1.672	-2.2091	-2.5062	-2.5219	-2.1928	-1.5776	-0.896	-0.45421	0.15846	0.50212	0.84392	0.89468	0.68536	0.27869	-0.062445	-0.23688	-0.3383	-0.31941	-0.28182	-0.23828	-0.1974	-0.092443	-0.088279	12.692
935.67	-0.10275	-0.063762	-0.077662	-0.14951	-0.3621	-0.66441	-1.1263	-1.6631	-2.1979	-2.4939	-2.5237	-2.1811	-1.5643	-0.8806	-0.42829	0.17137	0.51912	0.84205	0.90493	0.68717	0.29867	-0.062342	-0.24121	-0.32796	-0.30938	-0.30335	-0.22166	-0.18233	-0.098552	-0.10054	12.447
935.46	-0.087909	-0.066825	-0.090912	-0.15157	-0.39591	-0.69264	-1.1142	-1.68	-2.1887	-2.4875	-2.4837	-2.1575	-1.5584	-0.8625	-0.42341	0.19433	0.51908	0.84579	0.87738	0.66338	0.2861	-0.091029	-0.2678	-0.347	-0.31877	-0.29078	-0.23593	-0.17945	-0.088995	-0.065088	12.215
942.05	-0.062645	-0.030728	-0.042788	-0.14573	-0.40745	-0.68083	-1.131	-1.6502	-2.2205	-2.4834	-2.4772	-2.1491	-1.5175	-0.83833	-0.39391	0.20957	0.53873	0.85574	0.89266	0.65708	0.27143	-0.073087	-0.25433	-0.34454	-0.33153	-0.28868	-0.22496	-0.19253	-0.097988	-0.050037	12.012
940.35	-0.039861	-0.030703	-0.072443	-0.16021	-0.39728	-0.70287	-1.1559	-1.63	-2.1553	-2.4525	-2.4395	-2.1051	-1.5025	-0.82819	-0.38751	0.20174	0.54474	0.84133	0.90035	0.6719	0.27023	-0.084235	-0.25999	-0.34061	-0.3216	-0.28924	-0.23942	-0.17439	-0.060592	-0.042231	11.819
943.33	-0.043263	-0.0447	-0.059197	-0.14372	-0.42782	-0.69379	-1.1293	-1.6446	-2.1767	-2.4499	-2.4321	-2.1119	-1.4962	-0.82198	-0.3844	0.20593	0.54796	0.84744	0.90216	0.66965	0.25809	-0.08557	-0.28034	-0.36284	-0.32657	-0.30251	-0.23543	-0.16969	-0.063601	-0.034042	11.678
939.07	-0.040069	-0.055629	-0.044452	-0.13787	-0.3997	-0.70047	-1.1469	-1.639	-2.1532	-2.4205	-2.3914	-2.0583	-1.438	-0.76278	-0.34051	0.23147	0.54372	0.84239	0.88315	0.65571	0.23545	-0.11599	-0.28318	-0.35358	-0.32807	-0.26599	-0.25391	-0.15458	-0.086955	-0.00064883	11.534
946.1	-0.046149	-0.01237	-0.060509	-0.14009	-0.42513	-0.71973	-1.1337	-1.6448	-2.1247	-2.3892	-2.334	-1.9822	-1.3675	-0.69135	-0.26625	0.287	0.5974	0.84855	0.87208	0.63389	0.20993	-0.12131	-0.28764	-0.35237	-0.33619	-0.27807	-0.25674	-0.16049	-0.060329	-0.0053086	11.413
948.43	-0.008732	-0.0091779	-0.074666	-0.15114	-0.41559	-0.70427	-1.1162	-1.6332	-2.123	-2.4021	-2.3704	-2.0201	-1.3864	-0.7159	-0.30032	0.25056	0.57155	0.85213	0.8761	0.61887	0.20786	-0.12096	-0.27873	-0.34566	-0.3263	-0.27303	-0.22641	-0.1556	-0.071584	-0.016394	11.371
944.39	-0.046173	-0.029177	-0.05902	-0.13718	-0.40812	-0.69819	-1.1526	-1.6478	-2.1318	-2.4121	-2.3728	-2.0078	-1.3811	-0.70749	-0.30365	0.27283	0.57541	0.84295	0.87812	0.61479	0.21993	-0.13395	-0.27354	-0.36396	-0.32012	-0.29741	-0.22263	-0.15657	-0.057052	-0.040361	11.296
948.86	-0.054275	-0.036954	-0.057015	-0.13504	-0.36578	-0.67948	-1.1334	-1.6369	-2.1469	-2.4124	-2.3727	-2.0376	-1.4059	-0.74509	-0.30915	0.26482	0.58079	0.86558	0.8741	0.62713	0.22499	-0.12252	-0.27863	-0.36388	-0.33969	-0.29614	-0.23246	-0.17134	-0.077751	-0.046611	11.266
945.03	-0.067224	-0.053664	-0.070367	-0.13883	-0.40967	-0.68024	-1.1409	-1.6352	-2.1461	-2.4254	-2.3804	-2.0404	-1.3928	-0.73002	-0.29806	0.26787	0.58168	0.86908	0.89447	0.63989	0.22604	-0.13086	-0.2863	-0.3529	-0.35752	-0.29708	-0.23786	-0.19327	-0.10422	-0.065971	11.237
954.6	-0.047442	-0.044254	-0.074428	-0.11526	-0.36759	-0.67065	-1.1226	-1.6145	-2.1459	-2.3821	-2.3595	-2.0111	-1.3796	-0.71202	-0.27816	0.27435	0.59364	0.86218	0.8705	0.62682	0.22098	-0.11536	-0.29153	-0.36011	-0.32857	-0.28342	-0.23737	-0.1943	-0.080286	-0.046342	11.224
949.29	-0.075232	-0.044396	-0.078326	-0.12213	-0.39005	-0.68762	-1.1604	-1.6554	-2.1315	-2.4176	-2.3747	-2.0225	-1.4018	-0.71667	-0.28959	0.26987	0.579	0.8669	0.88275	0.62835	0.21076	-0.1381	-0.30464	-0.35745	-0.34104	-0.29119	-0.25116	-0.19378	-0.08271	-0.048215	11.227
953.33	-0.058893	-0.036614	-0.053744	-0.085072	-0.3694	-0.68827	-1.1344	-1.6386	-2.1291	-2.4112	-2.3814	-2.0261	-1.3915	-0.72037	-0.29713	0.26544	0.58645	0.87912	0.88367	0.62073	0.20208	-0.12959	-0.28557	-0.36217	-0.35008	-0.29775	-0.24081	-0.14961	-0.075847	-0.043281	11.224
947.8	-0.038063	-0.039843	-0.071771	-0.15074	-0.38876	-0.68878	-1.1257	-1.645	-2.1444	-2.4316	-2.4021	-2.0462	-1.4215	-0.72774	-0.31113	0.25389	0.57649	0.85767	0.88571	0.62775	0.21278	-0.12889	-0.30346	-0.36575	-0.35212	-0.31805	-0.24543	-0.17865	-0.06981	-0.043334	11.237
953.54	-0.044527	-0.030659	-0.099508	-0.11372	-0.35021	-0.64485	-1.0885	-1.6399	-2.136	-2.417	-2.3625	-2.0051	-1.3957	-0.73965	-0.31094	0.25565	0.57967	0.84375	0.87425	0.61875	0.2272	-0.11588	-0.29022	-0.36518	-0.34096	-0.28684	-0.23615	-0.17631	-0.087208	-0.057525	11.286
952.69	-0.053913	-0.047346	-0.086155	-0.12496	-0.35567	-0.64215	-1.1365	-1.6707	-2.099	-2.4306	-2.3897	-2.0642	-1.4266	-0.76152	-0.33375	0.25269	0.55239	0.84092	0.87501	0.63451	0.23673	-0.11272	-0.28244	-0.34073	-0.33835	-0.29481	-0.26429	-0.18186	-0.10343	-0.070285	11.387
956.31	-0.098783	-0.059107	-0.09699	-0.11497	-0.34914	-0.6706	-1.1229	-1.6483	-2.158	-2.4548	-2.4332	-2.0954	-1.4764	-0.80335	-0.3641	0.23044	0.54851	0.84819	0.87645	0.65223	0.24539	-0.11062	-0.2797	-0.34411	-0.33704	-0.27817	-0.23066	-0.19671	-0.10469	-0.068248	11.574
955.46	-0.066665	-0.071434	-0.068025	-0.11345	-0.33701	-0.67298	-1.1347	-1.6642	-2.1972	-2.4682	-2.4496	-2.1323	-1.51	-0.83625	-0.3901	0.19996	0.53443	0.84901	0.89366	0.67626	0.26745	-0.078224	-0.26216	-0.34437	-0.32838	-0.28624	-0.22322	-0.15751	-0.13543	-0.089023	11.731
954.82	-0.0652	-0.057823	-0.092469	-0.11691	-0.36532	-0.65268	-1.1353	-1.6704	-2.2142	-2.5164	-2.4765	-2.1523	-1.522	-0.84993	-0.39732	0.19539	0.53318	0.8338	0.8715	0.64978	0.25974	-0.078409	-0.27051	-0.34624	-0.32119	-0.28347	-0.27155	-0.18583	-0.097002	-0.055883	11.914
951.63	-0.052395	-0.076309	-0.071603	-0.13141	-0.35569	-0.63056	-1.1545	-1.7101	-2.2325	-2.5412	-2.5461	-2.2269	-1.6007	-0.90683	-0.45607	0.16014	0.49235	0.83826	0.88963	0.69242	0.29057	-0.063003	-0.24537	-0.3225	-0.31172	-0.28117	-0.25676	-0.17506	-0.080971	-0.067182	12.146
959.07	-0.084111	-0.077242	-0.085597	-0.14306	-0.33227	-0.67378	-1.1653	-1.7049	-2.2785	-2.5627	-2.5641	-2.2515	-1.6412	-0.96003	-0.49397	0.12344	0.48364	0.82317	0.89184	0.6988	0.31342	-0.033036	-0.21912	-0.31071	-0.29142	-0.26214	-0.25469	-0.16529	-0.10593	-0.06819	12.372
948.65	-0.073551	-0.0811	-0.061946	-0.1446	-0.39733	-0.65333	-1.1795	-1.7334	-2.3274	-2.626	-2.6667	-2.3322	-1.7176	-1.0119	-0.52924	0.093611	0.47251	0.81807	0.91539	0.70138	0.32	-0.035051	-0.22318	-0.30328	-0.31715	-0.26976	-0.24201	-0.1771	-0.097301	-0.072206	12.682
958.43	-0.097031	-0.096995	-0.13078	-0.16667	-0.37599	-0.65529	-1.1508	-1.7334	-2.291	-2.6239	-2.6574	-2.3638	-1.7405	-1.0422	-0.57568	0.068449	0.42529	0.80961	0.89543	0.72251	0.33391	-0.006891	-0.20801	-0.28944	-0.28725	-0.24393	-0.23957	-0.16267	-0.12385	-0.095128	12.963
953.97	-0.12158	-0.13811	-0.15069	-0.15465	-0.33068	-0.69163	-1.17	-1.745	-2.3298	-2.686	-2.7584	-2.4809	-1.8549	-1.1371	-0.66182	-0.013998	0.37499	0.77826	0.91333	0.7445	0.35898	0.0085707	-0.19442	-0.28768	-0.27207	-0.24827	-0.23912	-0.17748	-0.11302	-0.087737	13.261
956.73	-0.15362	-0.15301	-0.14729	-0.16081	-0.31556	-0.63551	-1.1694	-1.7608	-2.3758	-2.7293	-2.8349	-2.5661	-1.9496	-1.2465	-0.74142	-0.075503	0.32164	0.77769	0.91356	0.76399	0.38311	0.030237	-0.17118	-0.26674	-0.27423	-0.24889	-0.22299	-0.18109	-0.12879	-0.081045	13.59
949.71	-0.17729	-0.19396	-0.17249	-0.16025	-0.32002	-0.6059	-1.1555	-1.7823	-2.4091	-2.7943	-2.9083	-2.6186	-2.0266	-1.2998	-0.80766	-0.10528	0.32427	0.77301	0.92194	0.77805	0.4206	0.058584	-0.16427	-0.25792	-0.28389	-0.2632	-0.20742	-0.20221	-0.14443	-0.107	13.933
957.58	-0.17891	-0.18314	-0.16631	-0.17463	-0.28917	-0.59555	-1.1322	-1.7397	-2.3578	-2.7846	-2.9166	-2.6357	-2.0301	-1.312	-0.8131	-0.12212	0.28739	0.76667	0.90972	0.78002	0.41406	0.084491	-0.13053	-0.24032	-0.26808	-0.24707	-0.22569	-0.18518	-0.12373	-0.1029	14.292
949.71	-0.20172	-0.2075	-0.19358	-0.21738	-0.25152	-0.60394	-1.1384	-1.7739	-2.312	-2.8245	-2.9698	-2.7183	-2.1097	-1.3917	-0.87738	-0.15731	0.26357	0.73608	0.9021	0.78984	0.44258	0.091339	-0.1447	-0.23458	-0.2299	-0.21947	-0.22298	-0.20087	-0.15399	-0.13425	14.693
952.27	-0.18651	-0.25283	-0.22229	-0.2345	-0.32068	-0.5731	-1.1402	-1.7692	-2.4761	-2.8599	-3.0467	-2.7719	-2.1731	-1.4357	-0.92729	-0.20417	0.23813	0.72499	0.91333	0.79615	0.44627	0.091025	-0.11504	-0.23093	-0.25767	-0.26713	-0.24267	-0.203	-0.15046	-0.13841	15.039
955.03	-0.21817	-0.2535	-0.23627	-0.256	-0.32154	-0.55784	-1.161	-1.7707	-2.4498	-2.9079	-3.0866	-2.8597	-2.259	-1.5443	-1.0114	-0.25542	0.18523	0.70014	0.90912	0.82396	0.49674	0.13575	-0.095273	-0.20858	-0.25089	-0.2247	-0.23892	-0.21777	-0.16945	-0.17917	15.492
950.99	-0.21746	-0.28665	-0.25834	-0.24746	-0.28445	-0.52206	-1.1174	-1.7732	-2.3576	-2.9252	-3.1394	-2.8937	-2.325	-1.5836	-1.0679	-0.30531	0.14509	0.67843	0.91305	0.83254	0.49884	0.13637	-0.089166	-0.20642	-0.23548	-0.23803	-0.22737	-0.23577	-0.17005	-0.18477	15.895
955.88	-0.24232	-0.29578	-0.30707	-0.29514	-0.31774	-0.53642	-1.1266	-1.7675	-2.4122	-2.95	-3.1846	-2.9613	-2.4084	-1.6703	-1.1318	-0.35245	0.1084	0.65218	0.90838	0.84178	0.52454	0.16359	-0.072503	-0.1991	-0.23431	-0.22601	-0.23404	-0.22339	-0.22568	-0.20296	16.315
951.84	-0.24807	-0.32137	-0.33122	-0.34885	-0.34886	-0.44533	-1.0338	-1.7389	-2.3631	-2.9656	-3.2341	-3.0378	-2.4873	-1.746	-1.2061	-0.42376	0.0532	0.63025	0.89853	0.86202	0.55507	0.21101	-0.03862	-0.17519	-0.23079	-0.22234	-0.22102	-0.22715	-0.20231	-0.226	16.754
950.56	-0.2769	-0.3074	-0.3444	-0.3411	-0.36133	-0.42003	-0.96652	-1.7111	-2.4063	-3.0138	-3.3135	-3.1239	-2.6061	-1.8542	-1.3094	-0.49287	-0.0075124	0.59408	0.87861	0.85664	0.56716	0.2145	-0.042023	-0.18169	-0.23563	-0.23029	-0.23064	-0.24288	-0.21034	-0.18787	17.205
950.57	-0.34233	-0.3554	-0.40139	-0.46708	-0.4003	-0.47372	-0.86131	-1.6564	-2.313	-2.9912	-3.3198	-3.1464	-2.624	-1.8763	-1.3209	-0.52848	-0.033555	0.58708	0.89375	0.87331	0.60002	0.22377	-0.022324	-0.16455	-0.21763	-0.23818	-0.24465	-0.2542	-0.22533	-0.25813	17.679
950.99	-0.29487	-0.42728	-0.44029	-0.40178	-0.41934	-0.46134	-0.79923	-1.6048	-2.3316	-3.009	-3.3447	-3.1849	-2.6535	-1.932	-1.3592	-0.56285	-0.048674	0.55673	0.87812	0.87461	0.61864	0.24854	-0.0027883	-0.14437	-0.22495	-0.21184	-0.24447	-0.26103	-0.25396	-0.25287	18.158
