12951	27	11	88	27.3	755	1	5	8	2.448	128	4096	10	0	0	0	0	313.38	1023.4	1.4799e+006	0.12053	0.10101	41.877	0	0	1	0	0	0	9	0	0
1018.9	0.1328	0.11742	-0.031221	-0.29699	-0.53592	-0.73435	-1.0441	-1.466	-1.6765	-1.7063	-1.4927	-1.0147	-0.42124	0.11495	0.39331	0.72934	0.82818	0.83269	0.61344	0.23165	-0.21653	-0.50342	-0.54652	-0.53288	-0.41378	-0.32415	-0.24622	-0.15046	0.048096	0.10642	6.9355
1017.9	0.12235	0.11751	-0.040528	-0.29166	-0.52171	-0.76572	-1.0781	-1.49	-1.7031	-1.7671	-1.5635	-1.09	-0.4803	0.053674	0.37415	0.71188	0.83665	0.85663	0.64381	0.27599	-0.18573	-0.48355	-0.53188	-0.52465	-0.39601	-0.29547	-0.22168	-0.11092	0.040866	0.13026	7.3341
1017.9	0.11188	0.091961	-0.010004	-0.29737	-0.51839	-0.74288	-1.078	-1.4518	-1.7645	-1.8215	-1.6479	-1.1749	-0.56222	0.0017433	0.31254	0.67558	0.81381	0.85017	0.67649	0.30606	-0.14734	-0.4457	-0.51966	-0.48983	-0.41987	-0.30838	-0.24193	-0.13329	0.044092	0.11246	7.7002
1016.4	0.10431	0.093432	-0.014852	-0.3069	-0.53383	-0.7539	-1.0926	-1.5181	-1.7875	-1.8801	-1.7163	-1.2447	-0.62769	-0.053653	0.26722	0.64147	0.81959	0.86947	0.72423	0.35199	-0.11078	-0.38804	-0.47939	-0.48783	-0.38955	-0.31894	-0.22052	-0.10865	0.037725	0.10214	8.0697
1016.6	0.10132	0.086379	-0.029824	-0.2815	-0.54038	-0.74069	-1.0993	-1.4507	-1.8412	-1.9434	-1.7786	-1.3092	-0.69215	-0.12123	0.22309	0.60471	0.7825	0.86267	0.72265	0.37394	-0.070917	-0.36474	-0.48694	-0.46742	-0.36557	-0.30606	-0.22186	-0.12716	0.021175	0.072489	8.4164
1017.6	0.095268	0.093469	-0.035932	-0.27948	-0.55937	-0.74162	-1.1038	-1.5284	-1.8801	-1.9912	-1.841	-1.3821	-0.77211	-0.17781	0.17236	0.58747	0.78174	0.87174	0.73893	0.40975	-0.035507	-0.35116	-0.43614	-0.46683	-0.35123	-0.3013	-0.24061	-0.14533	0.043981	0.094706	8.7664
1016.2	0.077178	0.08791	-0.025393	-0.30383	-0.53891	-0.74751	-1.1383	-1.529	-1.9194	-2.036	-1.9368	-1.4662	-0.85101	-0.25333	0.11396	0.55478	0.76299	0.87625	0.76705	0.44821	-0.017812	-0.32542	-0.4292	-0.43561	-0.33487	-0.28575	-0.22488	-0.13113	0.0045041	0.084303	9.1034
1015.3	0.071201	0.052206	-0.010144	-0.2847	-0.54261	-0.7561	-1.1351	-1.5229	-1.9562	-2.1032	-1.9978	-1.5451	-0.93111	-0.31671	0.057044	0.51857	0.73749	0.87865	0.77197	0.4691	0.029313	-0.28778	-0.41582	-0.44183	-0.34785	-0.28466	-0.21349	-0.12071	0.004524	0.065029	9.4731
1015.3	0.046844	0.079354	-0.0086314	-0.23123	-0.53595	-0.77413	-1.165	-1.6312	-1.9854	-2.1591	-2.0554	-1.6083	-0.99583	-0.37206	-0.00026945	0.48498	0.70673	0.87533	0.79616	0.49427	0.058905	-0.25858	-0.39438	-0.41715	-0.35617	-0.26002	-0.2092	-0.14838	-0.018289	0.04413	9.7414
1014	0.039381	0.042293	-0.0070859	-0.25375	-0.54499	-0.7766	-1.1565	-1.5797	-2.0158	-2.1993	-2.1343	-1.7006	-1.0662	-0.43724	-0.05408	0.43816	0.68604	0.88295	0.81553	0.51703	0.088588	-0.2341	-0.37664	-0.39292	-0.31164	-0.25306	-0.21223	-0.15654	-0.012206	0.021806	10.085
1011.9	0.033369	0.032343	-0.011721	-0.25287	-0.56415	-0.78482	-1.1789	-1.6536	-2.0537	-2.2647	-2.2017	-1.7692	-1.1437	-0.50288	-0.10998	0.39476	0.66747	0.87653	0.83013	0.55449	0.11252	-0.20663	-0.36971	-0.38202	-0.34334	-0.27817	-0.22444	-0.16605	-0.01077	0.026416	10.357
1011.5	0.0075351	0.023793	-0.020862	-0.22313	-0.51505	-0.77862	-1.198	-1.639	-2.0781	-2.2923	-2.2672	-1.8271	-1.1884	-0.54783	-0.14278	0.36434	0.64148	0.86695	0.8461	0.56254	0.13326	-0.19215	-0.32093	-0.38366	-0.32654	-0.25068	-0.21426	-0.13043	-0.041188	0.036968	10.635
1010.2	0.0045611	0.025288	-0.048425	-0.21753	-0.5436	-0.77953	-1.2123	-1.6674	-2.1204	-2.3327	-2.3059	-1.8898	-1.2549	-0.59017	-0.17242	0.33881	0.62691	0.87303	0.86013	0.58394	0.15572	-0.17336	-0.32439	-0.36219	-0.32257	-0.27284	-0.20722	-0.12798	-0.03202	0.019069	10.906
1010	-9.6986e-005	-0.019167	-0.043793	-0.20395	-0.52907	-0.75693	-1.1998	-1.6813	-2.1416	-2.3692	-2.3643	-1.9379	-1.3157	-0.63054	-0.22498	0.30353	0.59769	0.85	0.85877	0.60139	0.18241	-0.1616	-0.31069	-0.35945	-0.32568	-0.25555	-0.21899	-0.14257	-0.033629	0.027956	11.132
1009.6	0.0060351	0.0022971	-0.073051	-0.22052	-0.51437	-0.78822	-1.2276	-1.7205	-2.1762	-2.392	-2.4026	-1.9943	-1.3885	-0.6972	-0.28412	0.28072	0.58098	0.84367	0.85056	0.61427	0.20333	-0.14261	-0.2985	-0.3537	-0.3102	-0.24966	-0.22053	-0.15444	-0.047381	0.025065	11.364
1008.5	-0.010796	-0.014928	-0.039347	-0.20875	-0.52806	-0.77926	-1.2202	-1.7085	-2.1902	-2.4384	-2.458	-2.0489	-1.4269	-0.73654	-0.31557	0.25036	0.55845	0.83296	0.86864	0.63241	0.21842	-0.13245	-0.29571	-0.34814	-0.30343	-0.27326	-0.231	-0.13348	-0.038265	-0.01094	11.567
1008.3	-0.01386	-0.029272	-0.034811	-0.20126	-0.51162	-0.74665	-1.2046	-1.7302	-2.2276	-2.4531	-2.4893	-2.0812	-1.4687	-0.78942	-0.35354	0.22113	0.53681	0.81975	0.87018	0.63894	0.24515	-0.098648	-0.27275	-0.32493	-0.31341	-0.25593	-0.21191	-0.15876	-0.070409	-0.013871	11.78
1008.5	0.0014114	-0.016544	-0.036361	-0.19367	-0.49323	-0.74491	-1.1956	-1.7407	-2.2477	-2.5042	-2.5229	-2.1382	-1.5158	-0.83572	-0.37642	0.2026	0.51503	0.82463	0.85724	0.64204	0.24812	-0.10308	-0.28038	-0.33061	-0.30918	-0.22657	-0.21482	-0.14407	-0.041404	0.008593	11.946
1008.5	-0.029266	-0.010647	-0.051687	-0.2163	-0.49016	-0.71575	-1.2132	-1.7531	-2.2493	-2.5153	-2.5571	-2.1701	-1.5543	-0.86528	-0.4045	0.17961	0.49796	0.80461	0.85848	0.65778	0.26154	-0.089757	-0.26041	-0.31902	-0.29639	-0.24559	-0.20189	-0.13748	-0.058368	-0.0034276	12.074
1008.1	-0.046021	-0.020875	-0.050208	-0.17896	-0.48689	-0.77152	-1.1874	-1.746	-2.2798	-2.5509	-2.6008	-2.2093	-1.5966	-0.90905	-0.4507	0.14268	0.50592	0.81829	0.86471	0.67089	0.28546	-0.058898	-0.24497	-0.31896	-0.30488	-0.25	-0.20754	-0.1602	-0.079585	-0.040932	12.241
1008.7	-0.042678	-0.013451	-0.045479	-0.17574	-0.48636	-0.75801	-1.2085	-1.742	-2.2989	-2.5758	-2.6231	-2.2334	-1.6207	-0.93631	-0.47012	0.14267	0.4655	0.80945	0.86842	0.66565	0.30008	-0.061869	-0.22966	-0.31007	-0.29083	-0.24545	-0.1899	-0.14274	-0.075095	-0.034918	12.293
1010.4	-0.051889	-0.045038	-0.060794	-0.16499	-0.47584	-0.74807	-1.2037	-1.7466	-2.2848	-2.5841	-2.6495	-2.2551	-1.6401	-0.95328	-0.50383	0.13166	0.46004	0.79641	0.86849	0.67873	0.30862	-0.04999	-0.24295	-0.32121	-0.30153	-0.25227	-0.23711	-0.16243	-0.091565	-0.024593	12.44
1010	-0.044191	-0.047876	-0.054736	-0.13064	-0.44955	-0.74882	-1.2242	-1.7274	-2.2989	-2.5881	-2.6674	-2.2924	-1.6836	-0.99687	-0.5301	0.076605	0.44322	0.78515	0.87309	0.6806	0.29233	-0.034023	-0.21549	-0.30679	-0.29883	-0.27449	-0.2175	-0.15966	-0.084016	-0.040754	12.522
1008.3	-0.077959	-0.072472	-0.050096	-0.14432	-0.45699	-0.75157	-1.2162	-1.741	-2.2985	-2.5941	-2.701	-2.3233	-1.7084	-1.0185	-0.53921	0.076785	0.42546	0.78485	0.86159	0.696	0.29723	-0.054555	-0.23283	-0.30146	-0.28939	-0.26017	-0.21783	-0.1826	-0.064252	-0.031923	12.571
1006.4	-0.061351	-0.063952	-0.060965	-0.13424	-0.45466	-0.75638	-1.2198	-1.7382	-2.3205	-2.6037	-2.6957	-2.3261	-1.6969	-1.005	-0.53198	0.080077	0.42164	0.80468	0.87044	0.70212	0.31271	-0.035502	-0.22089	-0.29326	-0.29704	-0.25924	-0.20505	-0.16702	-0.087393	-0.020033	12.6
1004.7	-0.058283	-0.071269	-0.071833	-0.17496	-0.44386	-0.74288	-1.2537	-1.7704	-2.3081	-2.6144	-2.7157	-2.3524	-1.7324	-1.0253	-0.57082	0.05399	0.41456	0.78934	0.88485	0.70015	0.30876	-0.038574	-0.21822	-0.30108	-0.30745	-0.27872	-0.24078	-0.16992	-0.099752	-0.041065	12.617
1003.2	-0.07984	-0.080034	-0.076504	-0.14064	-0.4346	-0.71942	-1.2051	-1.7654	-2.3041	-2.6215	-2.7283	-2.3671	-1.7617	-1.0579	-0.57328	0.054098	0.40591	0.77552	0.8718	0.70274	0.31217	-0.037137	-0.23087	-0.29711	-0.28949	-0.27475	-0.2175	-0.17423	-0.096836	-0.051667	12.604
1001.7	-0.075427	-0.083042	-0.092091	-0.16489	-0.42711	-0.7584	-1.2314	-1.7572	-2.3522	-2.6365	-2.7325	-2.3803	-1.7569	-1.0532	-0.56917	0.051167	0.40344	0.78846	0.8875	0.7022	0.32014	-0.040142	-0.20954	-0.29321	-0.30266	-0.27668	-0.23109	-0.16914	-0.087762	-0.065369	12.571
1000.7	-0.076997	-0.09326	-0.10751	-0.1411	-0.41241	-0.68994	-1.2037	-1.7714	-2.2936	-2.6282	-2.737	-2.3732	-1.7498	-1.0387	-0.57639	0.052713	0.4116	0.78418	0.87398	0.70135	0.32345	-0.040192	-0.22217	-0.30672	-0.30876	-0.26517	-0.22835	-0.18393	-0.095465	-0.054827	12.61
1000.7	-0.0785	-0.10046	-0.10296	-0.17116	-0.40745	-0.68342	-1.208	-1.7683	-2.3338	-2.6108	-2.7198	-2.349	-1.7512	-1.0231	-0.56145	0.066678	0.40229	0.77077	0.8783	0.70775	0.31746	-0.037214	-0.22991	-0.30523	-0.28596	-0.26959	-0.22841	-0.18807	-0.08943	-0.041172	12.578
999.82	-0.077035	-0.092002	-0.10609	-0.16378	-0.41287	-0.65948	-1.212	-1.7171	-2.3685	-2.64	-2.7239	-2.3382	-1.7468	-1.0412	-0.5603	0.069885	0.41972	0.77809	0.85739	0.69874	0.31769	-0.05061	-0.23946	-0.31588	-0.3004	-0.28016	-0.23756	-0.1989	-0.11405	-0.078948	12.568
997.49	-0.085062	-0.081915	-0.10639	-0.15659	-0.37023	-0.68886	-1.1784	-1.7693	-2.3515	-2.6319	-2.6889	-2.3293	-1.7286	-1.0218	-0.56	0.093145	0.41762	0.79347	0.86818	0.71813	0.32457	-0.038791	-0.24464	-0.32836	-0.31828	-0.28224	-0.24397	-0.19942	-0.09599	-0.054895	12.509
996.64	-0.11119	-0.10095	-0.080218	-0.13542	-0.41384	-0.66313	-1.1984	-1.7242	-2.315	-2.6089	-2.6896	-2.3057	-1.7077	-1.0056	-0.55054	0.091758	0.44929	0.79922	0.87036	0.68335	0.30076	-0.046271	-0.24341	-0.33021	-0.33143	-0.26756	-0.22946	-0.17132	-0.11599	-0.077709	12.473
997.06	-0.085107	-0.067496	-0.073944	-0.14431	-0.38229	-0.68251	-1.1951	-1.7235	-2.305	-2.6013	-2.6643	-2.2869	-1.6859	-0.99247	-0.52871	0.093206	0.45848	0.7921	0.87286	0.67658	0.29458	-0.043318	-0.25253	-0.33301	-0.32848	-0.27493	-0.25751	-0.19418	-0.11601	-0.070144	12.365
997.27	-0.066412	-0.049913	-0.10945	-0.1491	-0.35868	-0.67094	-1.1686	-1.72	-2.3105	-2.5833	-2.6378	-2.2767	-1.6557	-0.97666	-0.49214	0.1071	0.45992	0.79025	0.86687	0.6748	0.28095	-0.06413	-0.25408	-0.33295	-0.33557	-0.29268	-0.23511	-0.1941	-0.12212	-0.044352	12.283
998.34	-0.089447	-0.11963	-0.066092	-0.10799	-0.40658	-0.68994	-1.1847	-1.7057	-2.2722	-2.5631	-2.6246	-2.271	-1.6314	-0.94589	-0.48988	0.11944	0.4641	0.81118	0.87023	0.67097	0.26718	-0.081871	-0.26926	-0.35029	-0.33516	-0.31447	-0.25708	-0.19251	-0.12508	-0.076206	12.143
1001.1	-0.086206	-0.091798	-0.051974	-0.1288	-0.30069	-0.6535	-1.1511	-1.6622	-2.2422	-2.5291	-2.5915	-2.2133	-1.5941	-0.91675	-0.46202	0.1377	0.48461	0.81729	0.87647	0.66264	0.27091	-0.086107	-0.28401	-0.35228	-0.35131	-0.30919	-0.27121	-0.21208	-0.114	-0.092549	12.005
1003	-0.082845	-0.075672	-0.070246	-0.10897	-0.34	-0.63913	-1.1791	-1.6667	-2.229	-2.5023	-2.5523	-2.1755	-1.5553	-0.8683	-0.42147	0.17605	0.51484	0.82255	0.87769	0.65661	0.2539	-0.099223	-0.28653	-0.36192	-0.35208	-0.30274	-0.26474	-0.19283	-0.10461	-0.077248	11.773
1004.5	-0.053741	-0.072727	-0.065612	-0.10884	-0.31606	-0.60863	-1.1355	-1.6318	-2.1992	-2.456	-2.5074	-2.1324	-1.5012	-0.81888	-0.37468	0.20503	0.50781	0.83623	0.85923	0.63336	0.21477	-0.13601	-0.28311	-0.3702	-0.36431	-0.31842	-0.27184	-0.18205	-0.11219	-0.080299	11.554
1006	-0.055166	-0.069743	-0.08246	-0.099657	-0.30902	-0.63719	-1.1455	-1.6649	-2.1382	-2.4304	-2.4626	-2.0908	-1.4795	-0.76644	-0.34939	0.21706	0.52102	0.83835	0.86362	0.6324	0.19507	-0.15492	-0.32572	-0.37844	-0.37508	-0.32673	-0.28606	-0.21239	-0.10575	-0.054503	11.351
1006	-0.039909	-0.075521	-0.059452	-0.11319	-0.30563	-0.61595	-1.1137	-1.6279	-2.1088	-2.3958	-2.4027	-2.0397	-1.4306	-0.75862	-0.31312	0.2479	0.54582	0.83336	0.85927	0.63087	0.19355	-0.16372	-0.33651	-0.39014	-0.37368	-0.3267	-0.27578	-0.22171	-0.082812	-0.032013	11.099
1006.4	-0.029131	-0.043851	-0.054848	-0.099747	-0.34336	-0.6319	-1.0744	-1.6056	-2.1063	-2.3604	-2.3675	-1.9926	-1.3752	-0.70879	-0.28016	0.28153	0.57188	0.83795	0.83743	0.61936	0.17115	-0.18282	-0.34869	-0.41342	-0.38201	-0.33093	-0.28017	-0.21628	-0.11186	-0.071063	10.874
1007.7	-0.010826	-0.020752	-0.030141	-0.13397	-0.36458	-0.63921	-1.0731	-1.5991	-2.0887	-2.3197	-2.3047	-1.9407	-1.3097	-0.6551	-0.22869	0.31508	0.5914	0.83863	0.82789	0.57417	0.1338	-0.20166	-0.38048	-0.43341	-0.39153	-0.3541	-0.28263	-0.21205	-0.10252	-0.042453	10.582
1007	-0.00015531	0.013764	-0.054977	-0.13871	-0.39142	-0.62703	-1.0997	-1.5693	-2.0563	-2.2914	-2.2448	-1.8654	-1.2438	-0.61055	-0.19094	0.35066	0.62737	0.84581	0.8326	0.55382	0.14273	-0.22246	-0.37928	-0.44406	-0.40032	-0.30314	-0.29316	-0.19347	-0.09811	-0.0034202	10.301
1006.6	-0.027919	-0.032501	-0.037996	-0.11897	-0.38647	-0.63015	-1.0827	-1.5391	-2.0027	-2.2282	-2.1961	-1.8151	-1.2043	-0.5673	-0.14496	0.36937	0.6386	0.86118	0.82014	0.55407	0.10712	-0.22983	-0.39166	-0.43389	-0.39483	-0.33836	-0.27554	-0.21086	-0.07681	-0.036339	10.049
1008.3	-0.050667	-0.0092536	-0.013413	-0.12337	-0.3941	-0.63239	-1.0423	-1.5058	-1.983	-2.2008	-2.1464	-1.7643	-1.1268	-0.50452	-0.10197	0.39466	0.67301	0.86804	0.83155	0.52934	0.081589	-0.24433	-0.39411	-0.44928	-0.38557	-0.34782	-0.28551	-0.1933	-0.10727	-0.030629	9.7414
1009.4	-0.026075	-0.019336	0.0096421	-0.12465	-0.38384	-0.67411	-1.0626	-1.5179	-1.9647	-2.1608	-2.1135	-1.6987	-1.0754	-0.45603	-0.062468	0.42954	0.68466	0.86884	0.79645	0.49866	0.050325	-0.2924	-0.42127	-0.48238	-0.41483	-0.36806	-0.28223	-0.20496	-0.081089	-0.048444	9.4502
1007	0.012195	-0.00066874	0.0019588	-0.10098	-0.39794	-0.64959	-1.0235	-1.4907	-1.9323	-2.1376	-2.0431	-1.6389	-1.0127	-0.38588	-0.016627	0.46286	0.6924	0.88079	0.78827	0.48557	0.02363	-0.30779	-0.43927	-0.48793	-0.42994	-0.37326	-0.29769	-0.2188	-0.065839	-0.021558	9.1557
1007	-0.0046616	-0.012091	0.014237	-0.11599	-0.35014	-0.64632	-1.0451	-1.4584	-1.8792	-2.0779	-1.9834	-1.5688	-0.94462	-0.32701	0.032696	0.50591	0.71557	0.8858	0.77676	0.44582	-0.0091112	-0.34601	-0.4561	-0.52155	-0.44836	-0.38065	-0.31959	-0.19492	-0.08428	-0.01396	8.8122
1009.2	0.018198	0.025279	0.015717	-0.096503	-0.37091	-0.62372	-1.0371	-1.4645	-1.8561	-2.0203	-1.9024	-1.4954	-0.86576	-0.26593	0.098326	0.53402	0.74035	0.87892	0.76368	0.4338	-0.038745	-0.36146	-0.47822	-0.519	-0.44883	-0.36941	-0.30715	-0.21035	-0.047383	-0.010898	8.4949
1007.9	0.053389	0.029622	-0.0086698	-0.098126	-0.42273	-0.64747	-1.0283	-1.4002	-1.8305	-1.9915	-1.8468	-1.424	-0.80901	-0.22128	0.13303	0.56081	0.76142	0.8734	0.73739	0.3946	-0.059684	-0.38249	-0.50486	-0.53439	-0.45785	-0.37432	-0.31931	-0.21067	-0.044413	0.014503	8.1613
1006.8	0.03657	0.013772	0.0080474	-0.12376	-0.3899	-0.63179	-1.0108	-1.4232	-1.7955	-1.934	-1.7804	-1.3633	-0.73579	-0.15182	0.20395	0.58905	0.78081	0.86761	0.75396	0.37434	-0.086529	-0.42555	-0.50391	-0.53494	-0.4612	-0.407	-0.32118	-0.2016	-0.033711	0.029499	7.7722
1008.1	0.045682	0.06699	0.020446	-0.12963	-0.40124	-0.63756	-1.011	-1.3938	-1.7608	-1.8829	-1.7063	-1.2962	-0.6801	-0.10675	0.22495	0.62825	0.7938	0.85663	0.71151	0.33265	-0.11313	-0.4573	-0.51871	-0.565	-0.45065	-0.41362	-0.32208	-0.19058	-0.029133	0.0085397	7.4256
1008.7	0.089979	0.056902	0.037225	-0.11877	-0.39425	-0.64699	-1.0289	-1.4422	-1.7376	-1.8285	-1.6372	-1.208	-0.60144	-0.032386	0.2806	0.6708	0.80866	0.86938	0.69248	0.31179	-0.15324	-0.47771	-0.54138	-0.56168	-0.46314	-0.39305	-0.31168	-0.21046	-0.010916	0.022073	7.0204
1009.8	0.085198	0.065426	0.040216	-0.15173	-0.42179	-0.63164	-0.99773	-1.3009	-1.6872	-1.7859	-1.5624	-1.1448	-0.53886	0.006127	0.32946	0.68227	0.8248	0.8568	0.66327	0.28933	-0.19309	-0.50945	-0.5775	-0.60047	-0.49237	-0.41159	-0.33187	-0.20081	-0.023008	0.042993	6.648
1011.1	0.085121	0.092591	0.049352	-0.165	-0.42791	-0.63558	-0.95057	-1.3865	-1.666	-1.7352	-1.5076	-1.0639	-0.4555	0.046265	0.3651	0.70903	0.83611	0.8491	0.63671	0.2319	-0.21807	-0.52789	-0.60434	-0.59102	-0.49163	-0.38331	-0.31822	-0.21792	-0.024416	0.057877	6.2463
1012.3	0.097231	0.10245	0.040128	-0.19753	-0.4338	-0.64293	-0.9579	-1.3466	-1.6052	-1.6738	-1.4173	-0.99751	-0.3813	0.10629	0.42528	0.72806	0.83356	0.83643	0.5946	0.19533	-0.27264	-0.57694	-0.64346	-0.64555	-0.51219	-0.44685	-0.33991	-0.21623	-0.010601	0.056254	5.8775
1013.2	0.10611	0.11506	0.06618	-0.18967	-0.4104	-0.61165	-0.92279	-1.3609	-1.5701	-1.6303	-1.3518	-0.90484	-0.30738	0.17097	0.4575	0.76553	0.86521	0.82257	0.57422	0.15884	-0.30794	-0.59396	-0.65519	-0.65241	-0.52587	-0.39569	-0.33217	-0.18834	0.031861	0.069615	5.4502
1014.2	0.10302	0.13519	0.061273	-0.17767	-0.43642	-0.62058	-0.93184	-1.3136	-1.5334	-1.5927	-1.2857	-0.86421	-0.25845	0.21232	0.50122	0.78622	0.87192	0.81991	0.54078	0.12391	-0.35475	-0.63726	-0.6683	-0.65751	-0.53233	-0.43454	-0.32034	-0.16972	-0.003154	0.084448	5.0394
1014.5	0.11074	0.1122	0.055292	-0.20446	-0.42969	-0.63016	-0.90734	-1.2675	-1.5051	-1.5347	-1.2447	-0.79287	-0.19359	0.25692	0.52412	0.79058	0.87945	0.7984	0.52363	0.071897	-0.38446	-0.65757	-0.66491	-0.6704	-0.53368	-0.42132	-0.31139	-0.16706	0.022796	0.11574	4.6745
1014.7	0.13188	0.12376	0.040109	-0.17478	-0.44109	-0.61715	-0.92444	-1.2181	-1.4609	-1.4706	-1.1751	-0.72162	-0.13928	0.30907	0.56638	0.81788	0.8915	0.79319	0.49224	0.035551	-0.42726	-0.66764	-0.69696	-0.69064	-0.55318	-0.43867	-0.31576	-0.1669	0.031824	0.10221	4.3131
1015.5	0.1499	0.12639	0.041491	-0.18504	-0.4473	-0.61664	-0.91216	-1.2096	-1.4128	-1.4211	-1.1232	-0.67821	-0.098013	0.35956	0.60666	0.82785	0.87541	0.77927	0.46627	-0.0038505	-0.46518	-0.72256	-0.70554	-0.67418	-0.54565	-0.43097	-0.3154	-0.17216	0.048426	0.099241	3.8836
1017	0.14673	0.13768	0.011009	-0.20411	-0.42038	-0.60924	-0.89651	-1.2062	-1.3756	-1.3691	-1.0469	-0.60752	-0.034679	0.40364	0.64004	0.83426	0.86646	0.74017	0.42863	-0.043209	-0.51315	-0.76086	-0.75929	-0.70208	-0.56165	-0.44055	-0.32076	-0.15077	0.084855	0.13188	3.5033
1017.4	0.1542	0.14183	-0.0086995	-0.21737	-0.42683	-0.60252	-0.87058	-1.1813	-1.3444	-1.3174	-0.98579	-0.53799	0.025313	0.44172	0.65918	0.84906	0.87373	0.72671	0.38314	-0.091907	-0.54091	-0.78089	-0.75742	-0.72214	-0.54887	-0.43888	-0.31343	-0.14941	0.086264	0.13324	3.1492
1017.2	0.17234	0.15325	-0.0086186	-0.2292	-0.42534	-0.60267	-0.86795	-1.1647	-1.3287	-1.2758	-0.92343	-0.47339	0.084021	0.4817	0.71471	0.85991	0.86169	0.689	0.34354	-0.12022	-0.59109	-0.80143	-0.77885	-0.72665	-0.55037	-0.44623	-0.3324	-0.14545	0.081687	0.14811	2.7695
1016.6	0.17247	0.15621	-0.016251	-0.25471	-0.40262	-0.59334	-0.84989	-1.1487	-1.2813	-1.23	-0.84619	-0.42633	0.11332	0.50037	0.69555	0.86809	0.84842	0.66472	0.31113	-0.17695	-0.6239	-0.85006	-0.81902	-0.73732	-0.57038	-0.43785	-0.29617	-0.12455	0.084846	0.14667	2.4192
1016.2	0.17406	0.13635	-0.054268	-0.25183	-0.43725	-0.56767	-0.84476	-1.1141	-1.2555	-1.1933	-0.80601	-0.36498	0.17206	0.52357	0.72682	0.87616	0.85191	0.63871	0.26735	-0.21942	-0.66683	-0.85471	-0.83299	-0.7536	-0.57748	-0.451	-0.31083	-0.13388	0.11513	0.15579	2.011
1014.7	0.1804	0.1552	-0.043531	-0.23135	-0.45094	-0.57985	-0.84028	-1.1082	-1.2281	-1.1405	-0.7513	-0.3165	0.19288	0.5521	0.75741	0.87282	0.83938	0.62311	0.24653	-0.25592	-0.69735	-0.91593	-0.85249	-0.77354	-0.5982	-0.41692	-0.33183	-0.11418	0.11695	0.1663	1.6583
1014	0.16841	0.14812	-0.031496	-0.22991	-0.4596	-0.57858	-0.80213	-1.069	-1.2025	-1.0914	-0.70425	-0.26126	0.23717	0.58009	0.76753	0.87027	0.83059	0.58044	0.201	-0.29251	-0.72304	-0.92533	-0.86219	-0.78138	-0.5704	-0.44047	-0.29263	-0.097218	0.13059	0.16788	1.3155
1014.9	0.16072	0.14939	-0.048264	-0.25523	-0.4426	-0.56354	-0.82849	-1.0498	-1.1634	-1.0546	-0.67308	-0.21509	0.28404	0.60885	0.76859	0.86042	0.80839	0.56507	0.16958	-0.33957	-0.78148	-0.97848	-0.88593	-0.79812	-0.58815	-0.44152	-0.29516	-0.105	0.1153	0.16044	0.96342
1016.8	0.16794	0.15336	-0.038965	-0.27101	-0.43198	-0.58502	-0.82981	-1.0264	-1.1202	-1.0137	-0.60917	-0.16102	0.33926	0.64307	0.79976	0.86337	0.80839	0.54256	0.11964	-0.38143	-0.80506	-0.98249	-0.90111	-0.81545	-0.6039	-0.46675	-0.30344	-0.10335	0.12263	0.16908	0.60847
1017.2	0.15273	0.12197	-0.046602	-0.27828	-0.44818	-0.58804	-0.77823	-0.99243	-1.0861	-0.98057	-0.56996	-0.11821	0.37	0.67351	0.79289	0.85993	0.78045	0.51425	0.065578	-0.42386	-0.85051	-1.0024	-0.94643	-0.82666	-0.63444	-0.44911	-0.3018	-0.084896	0.13631	0.16894	0.2797
1018.5	0.1404	0.11456	-0.066266	-0.2616	-0.44273	-0.57927	-0.76035	-0.98966	-1.0731	-0.94524	-0.52533	-0.086508	0.39596	0.6804	0.80494	0.85885	0.78705	0.48389	0.034212	-0.46433	-0.87903	-1.0362	-0.93456	-0.80828	-0.61263	-0.4139	-0.27527	-0.050547	0.14369	0.16869	-0.042292
1020.4	0.13868	0.091732	-0.054103	-0.27302	-0.43044	-0.57818	-0.77863	-0.95901	-1.0289	-0.91712	-0.49226	-0.072151	0.43614	0.68977	0.82291	0.8375	0.76117	0.45832	0.0059208	-0.49948	-0.93902	-1.0502	-0.97385	-0.81688	-0.58777	-0.45203	-0.31243	-0.076785	0.14496	0.16102	-0.36393
1021.7	0.13107	0.12275	-0.076696	-0.24009	-0.42661	-0.56287	-0.84719	-0.95928	-0.99702	-0.86797	-0.43602	-0.026432	0.4532	0.7195	0.83811	0.83648	0.73424	0.41017	-0.035071	-0.54127	-0.95555	-1.0896	-0.97266	-0.83171	-0.6136	-0.44294	-0.29477	-0.031935	0.13585	0.16673	-0.68842
1021.9	0.1309	0.084408	-0.12506	-0.26814	-0.44293	-0.56767	-0.76957	-0.94234	-0.98801	-0.83992	-0.41065	0.01443	0.4939	0.72997	0.83799	0.83025	0.71885	0.38549	-0.077416	-0.58958	-0.9905	-1.1067	-0.99513	-0.84461	-0.62589	-0.45722	-0.29469	-0.059538	0.13123	0.15635	-0.91951
1022.7	0.13832	0.097171	-0.12189	-0.2901	-0.40833	-0.54789	-0.8093	-0.92796	-0.96987	-0.80995	-0.36667	0.063044	0.51822	0.76296	0.85662	0.84012	0.69081	0.35889	-0.10555	-0.61414	-1.0116	-1.1363	-1.0049	-0.85254	-0.613	-0.43659	-0.27275	-0.031972	0.15061	0.14882	-1.1953
1024.6	0.14418	0.091313	-0.10801	-0.2674	-0.42704	-0.53565	-0.76392	-0.9186	-0.94339	-0.76981	-0.32397	0.088001	0.53475	0.76766	0.85187	0.83263	0.68354	0.34193	-0.14753	-0.64261	-1.0433	-1.1558	-0.99692	-0.85382	-0.62992	-0.44586	-0.29231	-0.051616	0.12631	0.1516	-1.4483
1025.1	0.1291	0.071396	-0.11257	-0.29979	-0.41548	-0.54183	-0.72259	-0.90315	-0.91987	-0.73885	-0.29707	0.11609	0.54036	0.77795	0.85623	0.82918	0.67254	0.29599	-0.17282	-0.68298	-1.0649	-1.1655	-1.0117	-0.84338	-0.58373	-0.44703	-0.27646	-0.011004	0.13821	0.15444	-1.666
1024.8	0.16055	0.06444	-0.077972	-0.29836	-0.43842	-0.54196	-0.75825	-0.87614	-0.90698	-0.73432	-0.27365	0.13332	0.55787	0.77658	0.84682	0.82183	0.65752	0.2683	-0.21358	-0.71419	-1.103	-1.1888	-1.0255	-0.85364	-0.62698	-0.43999	-0.27797	-0.037241	0.12468	0.15138	-1.893
1025.1	0.12002	0.081408	-0.12308	-0.28646	-0.43342	-0.55147	-0.74404	-0.87137	-0.88795	-0.708	-0.25351	0.15205	0.58249	0.77945	0.85628	0.81253	0.63302	0.25844	-0.24166	-0.74527	-1.1233	-1.1827	-1.0495	-0.8693	-0.63235	-0.46861	-0.26337	-0.034513	0.1337	0.14552	-2.0432
1025.1	0.11243	0.05878	-0.12619	-0.27917	-0.42859	-0.51294	-0.71577	-0.85024	-0.8618	-0.69868	-0.20972	0.18185	0.61019	0.78552	0.85626	0.80195	0.63605	0.23061	-0.2755	-0.77808	-1.1409	-1.2319	-1.0464	-0.89377	-0.64215	-0.41257	-0.26192	-0.015022	0.11865	0.1499	-2.2028
1023.2	0.084168	0.087234	-0.099056	-0.27379	-0.43895	-0.54935	-0.78923	-0.85938	-0.8634	-0.67843	-0.19685	0.21672	0.62886	0.80231	0.85785	0.80057	0.6099	0.19016	-0.30408	-0.81548	-1.1619	-1.2138	-1.0575	-0.87947	-0.59595	-0.44646	-0.22762	0.012436	0.11432	0.13402	-2.3624
1022.3	0.10075	0.063213	-0.11599	-0.2813	-0.43949	-0.52237	-0.72895	-0.82822	-0.84234	-0.65279	-0.19865	0.22311	0.63808	0.80749	0.86024	0.7875	0.60278	0.18864	-0.31704	-0.83964	-1.1909	-1.2498	-1.0386	-0.87458	-0.62014	-0.45693	-0.25838	-0.0071952	0.13253	0.13259	-2.49
1022.5	0.096294	0.050562	-0.13855	-0.27388	-0.43772	-0.5479	-0.71322	-0.8145	-0.8277	-0.63404	-0.16661	0.23571	0.65832	0.82259	0.86005	0.78585	0.59495	0.18032	-0.33964	-0.83947	-1.1979	-1.251	-1.0733	-0.89312	-0.60739	-0.4395	-0.25255	-0.0045903	0.13259	0.13412	-2.6302
1021.7	0.096265	0.034846	-0.11906	-0.27555	-0.43482	-0.53563	-0.73074	-0.83023	-0.8241	-0.633	-0.16343	0.25162	0.66038	0.82484	0.86401	0.78195	0.57722	0.17066	-0.36113	-0.86683	-1.2254	-1.2491	-1.0317	-0.86787	-0.61072	-0.44578	-0.21939	-0.011176	0.11306	0.12083	-2.729
1021	0.10397	0.039311	-0.13414	-0.28156	-0.42532	-0.5538	-0.69044	-0.83234	-0.8173	-0.62256	-0.15169	0.24858	0.655	0.84217	0.86135	0.77789	0.55459	0.15278	-0.37553	-0.8721	-1.2438	-1.3107	-1.0807	-0.89565	-0.61812	-0.43878	-0.24415	0.011327	0.1222	0.13128	-2.8277
1022.3	0.090219	0.02778	-0.13848	-0.28279	-0.43299	-0.55294	-0.7205	-0.81308	-0.80464	-0.60789	-0.13474	0.25611	0.66875	0.82893	0.86996	0.76939	0.54632	0.11645	-0.38765	-0.90075	-1.2539	-1.2831	-1.0781	-0.88607	-0.61595	-0.43831	-0.26568	0.021593	0.11295	0.12675	-2.885
1022.3	0.10227	0.05904	-0.12344	-0.30793	-0.42322	-0.54486	-0.71906	-0.8313	-0.81187	-0.58629	-0.12127	0.27186	0.66431	0.82736	0.87161	0.76029	0.54784	0.10498	-0.38483	-0.90537	-1.2627	-1.2845	-1.0962	-0.87021	-0.61172	-0.39941	-0.22215	0.030931	0.12958	0.12967	-2.955
1022.5	0.066225	0.049074	-0.17166	-0.29012	-0.43783	-0.54149	-0.72596	-0.8236	-0.78996	-0.59241	-0.11456	0.28273	0.67153	0.83485	0.86826	0.77077	0.55234	0.11157	-0.40876	-0.91304	-1.2655	-1.3002	-1.0855	-0.88597	-0.62025	-0.3964	-0.22207	0.019065	0.11454	0.13257	-2.9709
1023.6	0.10807	0.038991	-0.143	-0.28679	-0.44383	-0.51216	-0.72246	-0.81966	-0.80223	-0.58099	-0.11455	0.28078	0.66928	0.83092	0.86884	0.7503	0.5365	0.083559	-0.40969	-0.92465	-1.2597	-1.2989	-1.0691	-0.87356	-0.60956	-0.42332	-0.22772	0.03077	0.12644	0.12807	-2.9995
1023.8	0.094572	0.055994	-0.14291	-0.3061	-0.4453	-0.52812	-0.71514	-0.81652	-0.7846	-0.59015	-0.10603	0.29181	0.67357	0.82928	0.86216	0.76375	0.53787	0.11305	-0.41809	-0.91823	-1.2683	-1.3059	-1.0794	-0.90356	-0.59978	-0.442	-0.22612	0.03473	0.11586	0.13398	-2.9804
1024	0.10214	0.033333	-0.13225	-0.30449	-0.41756	-0.52311	-0.71937	-0.81789	-0.80913	-0.59305	-0.12104	0.27774	0.66031	0.82156	0.85408	0.76219	0.5378	0.10312	-0.42509	-0.91639	-1.2767	-1.3186	-1.102	-0.89894	-0.6232	-0.39725	-0.20605	0.024118	0.13703	0.12655	-2.9645
1024.2	0.087131	0.024846	-0.14426	-0.30885	-0.43863	-0.54374	-0.71062	-0.79499	-0.79005	-0.57436	-0.094169	0.30118	0.68198	0.82733	0.85375	0.76642	0.54373	0.10303	-0.42507	-0.92877	-1.2677	-1.3082	-1.0958	-0.88587	-0.61767	-0.43885	-0.21749	0.013723	0.11729	0.13242	-2.9582
1025.1	0.083974	0.057381	-0.12763	-0.31006	-0.43504	-0.52577	-0.7171	-0.80637	-0.78937	-0.57385	-0.097405	0.32284	0.68441	0.82667	0.84986	0.77332	0.55546	0.10302	-0.42748	-0.93108	-1.2739	-1.2955	-1.1054	-0.90097	-0.62266	-0.40405	-0.21861	0.039874	0.13227	0.1411	-2.9454
1025.5	0.07341	0.037598	-0.12758	-0.30254	-0.4202	-0.5416	-0.68427	-0.81204	-0.78466	-0.57979	-0.090661	0.30706	0.68266	0.82479	0.85595	0.75943	0.55524	0.10132	-0.42306	-0.92914	-1.2778	-1.2921	-1.0853	-0.90059	-0.60847	-0.41675	-0.23152	0.020258	0.10815	0.13073	-2.9072
1025.9	0.068923	0.036084	-0.14854	-0.28483	-0.43629	-0.52209	-0.71655	-0.80871	-0.78723	-0.57636	-0.11569	0.28815	0.6838	0.82909	0.87021	0.75915	0.55648	0.1062	-0.41723	-0.91776	-1.2714	-1.319	-1.0818	-0.90023	-0.64292	-0.42228	-0.22554	0.043827	0.11567	0.12185	-2.8627
1025.9	0.071999	0.023362	-0.12605	-0.30838	-0.45413	-0.56222	-0.72511	-0.80559	-0.80024	-0.60099	-0.12574	0.29134	0.67664	0.82756	0.854	0.76052	0.55338	0.10274	-0.41172	-0.92579	-1.2584	-1.2873	-1.0907	-0.88873	-0.5987	-0.39792	-0.24168	0.017694	0.12324	0.12327	-2.7799
1026.8	0.079364	0.036127	-0.13049	-0.29044	-0.46194	-0.55224	-0.73428	-0.82312	-0.80973	-0.59596	-0.13743	0.26909	0.6775	0.8222	0.85805	0.76439	0.562	0.12065	-0.40157	-0.90632	-1.2529	-1.2832	-1.0508	-0.88943	-0.60648	-0.41058	-0.24717	0.029367	0.11693	0.11723	-2.6939
1027.4	0.091368	0.037542	-0.17396	-0.29324	-0.45193	-0.55188	-0.73097	-0.81508	-0.80928	-0.60328	-0.14895	0.26909	0.66256	0.8293	0.85118	0.77311	0.57698	0.14841	-0.36772	-0.87929	-1.2244	-1.2668	-1.0577	-0.88029	-0.56014	-0.40742	-0.20524	0.013725	0.11838	0.11878	-2.5665
1026.5	0.091513	0.037585	-0.1681	-0.32578	-0.44906	-0.56358	-0.76691	-0.84754	-0.84032	-0.62377	-0.17755	0.23805	0.63847	0.82413	0.86007	0.77526	0.58195	0.16642	-0.34964	-0.85344	-1.2181	-1.2546	-1.0478	-0.86943	-0.57576	-0.42621	-0.22985	0.025557	0.1321	0.141	-2.4358
1027.2	0.12277	0.045953	-0.16353	-0.32703	-0.44545	-0.54071	-0.74808	-0.84998	-0.84557	-0.64961	-0.1893	0.22062	0.61476	0.82805	0.86262	0.7898	0.58313	0.16803	-0.33397	-0.82175	-1.1896	-1.2163	-1.0111	-0.84598	-0.57288	-0.39889	-0.23839	0.029402	0.13041	0.1526	-2.2731
1026.1	0.094372	0.041766	-0.16066	-0.32591	-0.44109	-0.57175	-0.75729	-0.88109	-0.8624	-0.67025	-0.19956	0.20674	0.61102	0.81824	0.85223	0.79968	0.59438	0.19276	-0.30755	-0.82408	-1.1748	-1.2335	-1.0439	-0.86119	-0.59149	-0.41077	-0.26457	0.028133	0.13509	0.14094	-2.0879
1026.3	0.10788	0.053084	-0.15153	-0.31404	-0.46368	-0.57327	-0.74577	-0.89145	-0.87525	-0.68395	-0.22297	0.19258	0.60216	0.80434	0.86333	0.79949	0.61095	0.20741	-0.27798	-0.79119	-1.1526	-1.1899	-1.027	-0.84236	-0.58155	-0.4021	-0.22846	0.021598	0.13508	0.1424	-1.8578
1025.9	0.11393	0.067222	-0.14713	-0.32003	-0.50283	-0.56868	-0.81659	-0.90547	-0.9162	-0.72436	-0.23823	0.16137	0.59658	0.77428	0.85401	0.80587	0.64013	0.23045	-0.25979	-0.76338	-1.1268	-1.1918	-0.97169	-0.84272	-0.57901	-0.39503	-0.20112	0.012444	0.13211	0.13947	-1.602
1024.8	0.11403	0.070256	-0.15929	-0.32776	-0.48874	-0.57245	-0.79084	-0.91699	-0.91572	-0.74673	-0.28043	0.15049	0.57394	0.76748	0.84198	0.81886	0.65596	0.26835	-0.22629	-0.72512	-1.0914	-1.1715	-1.0239	-0.83783	-0.60599	-0.4026	-0.23882	0.0072424	0.11721	0.14255	-1.3523
1024.6	0.12889	0.09118	-0.1323	-0.32795	-0.4758	-0.59504	-0.81655	-0.92023	-0.94788	-0.74996	-0.2974	0.12851	0.56235	0.75843	0.85026	0.8145	0.66537	0.28981	-0.18957	-0.69393	-1.0682	-1.1457	-0.98041	-0.8308	-0.58956	-0.39983	-0.2275	0.0058669	0.14726	0.15002	-1.0735
1023.6	0.12757	0.088715	-0.13383	-0.30749	-0.46345	-0.57961	-0.81294	-0.93483	-0.96911	-0.79114	-0.35339	0.098813	0.5352	0.75934	0.84149	0.83353	0.68442	0.32945	-0.1516	-0.66661	-1.0312	-1.1381	-0.98588	-0.80568	-0.55523	-0.38289	-0.21449	-0.0096606	0.15647	0.16474	-0.80078
1023.8	0.12314	0.070141	-0.13231	-0.34737	-0.49426	-0.63269	-0.80304	-0.94679	-0.98646	-0.82021	-0.40361	0.057916	0.51469	0.76365	0.84768	0.83639	0.71013	0.36208	-0.11366	-0.62732	-1.006	-1.1074	-0.94029	-0.82003	-0.55945	-0.36578	-0.23751	0.0018511	0.14574	0.15302	-0.4957
1022.7	0.13679	0.075986	-0.12493	-0.32395	-0.49461	-0.60902	-0.71442	-0.97663	-1.0179	-0.86109	-0.43244	0.023654	0.48022	0.75075	0.83559	0.84784	0.71995	0.37063	-0.081318	-0.5764	-0.98802	-1.0723	-0.93068	-0.7948	-0.57656	-0.38761	-0.21629	0.011368	0.13696	0.15472	-0.19029
1023.4	0.1052	0.094276	-0.12023	-0.35333	-0.50749	-0.63121	-0.8474	-0.99255	-1.0376	-0.89303	-0.46416	0.0031103	0.47263	0.7213	0.83512	0.8473	0.74391	0.39503	-0.053092	-0.55881	-0.93767	-1.0485	-0.94834	-0.80874	-0.56244	-0.38741	-0.25521	-0.009682	0.13396	0.16489	0.10578
1022.9	0.1293	0.07446	-0.10975	-0.3137	-0.51901	-0.63802	-0.86599	-1.0157	-1.0642	-0.92426	-0.49964	-0.047	0.45394	0.73379	0.83064	0.83857	0.73816	0.41639	-0.01933	-0.52473	-0.92189	-1.0403	-0.90335	-0.76582	-0.54466	-0.38888	-0.22336	0.0033555	0.14306	0.14722	0.37636
1022.7	0.13534	0.073058	-0.13696	-0.31818	-0.50122	-0.64775	-0.85191	-1.0447	-1.0949	-0.94289	-0.53159	-0.068875	0.4176	0.69889	0.81938	0.83863	0.76251	0.45079	0.028459	-0.47798	-0.88262	-0.99855	-0.89133	-0.77465	-0.55442	-0.3949	-0.21481	0.0098565	0.15515	0.16656	0.74395
1022.7	0.15341	0.099997	-0.13998	-0.32105	-0.52079	-0.63648	-0.94692	-1.0523	-1.1181	-0.98614	-0.56862	-0.11913	0.37385	0.68365	0.81453	0.85531	0.77011	0.48194	0.055273	-0.43421	-0.84745	-0.97107	-0.87169	-0.74727	-0.51529	-0.41501	-0.22207	-0.029445	0.17318	0.16506	1.028
1021.5	0.1551	0.11434	-0.122	-0.3348	-0.51159	-0.63888	-0.90828	-1.0734	-1.1325	-1.0106	-0.6231	-0.1585	0.33353	0.67081	0.79936	0.86246	0.78635	0.50888	0.10759	-0.40331	-0.80306	-0.97083	-0.8454	-0.73807	-0.54386	-0.36939	-0.22659	-0.013837	0.14484	0.1727	1.4028
1021.9	0.16406	0.10002	-0.10995	-0.35535	-0.50968	-0.65476	-0.97422	-1.0987	-1.196	-1.0596	-0.67161	-0.20551	0.30711	0.62783	0.7845	0.85302	0.78908	0.54623	0.13433	-0.34227	-0.77052	-0.93714	-0.84656	-0.71614	-0.50039	-0.39237	-0.23534	-0.053035	0.15373	0.17395	1.7618
1021.7	0.15354	0.094252	-0.12833	-0.33783	-0.52126	-0.66609	-0.94896	-1.1369	-1.2167	-1.1094	-0.71891	-0.24818	0.24435	0.61249	0.75053	0.86986	0.81511	0.57911	0.18365	-0.29846	-0.72221	-0.9039	-0.80458	-0.72637	-0.5215	-0.37641	-0.23246	-0.054264	0.13117	0.1727	2.1697
1021.5	0.16438	0.12411	-0.10549	-0.35252	-0.52614	-0.67737	-0.88825	-1.1417	-1.2591	-1.1653	-0.77963	-0.3078	0.2095	0.56856	0.73631	0.87169	0.82916	0.61554	0.22898	-0.24523	-0.66509	-0.84878	-0.78021	-0.69901	-0.49631	-0.34914	-0.22802	-0.051531	0.1162	0.16535	2.5522
1021.7	0.1626	0.144	-0.11148	-0.33326	-0.52778	-0.68208	-0.78177	-1.1764	-1.2982	-1.2144	-0.83673	-0.35021	0.16124	0.54079	0.71822	0.8607	0.83961	0.63338	0.25855	-0.20134	-0.6386	-0.84163	-0.80447	-0.673	-0.54662	-0.35055	-0.22954	-0.055628	0.12654	0.17992	2.9058
1020.4	0.15224	0.13576	-0.099481	-0.32628	-0.53339	-0.68954	-0.9007	-1.1809	-1.307	-1.2578	-0.87327	-0.41048	0.13349	0.51234	0.706	0.86025	0.8712	0.67363	0.29859	-0.15912	-0.59957	-0.7757	-0.74314	-0.64776	-0.48716	-0.36689	-0.22689	-0.045214	0.12078	0.15805	3.3149
1019.3	0.14184	0.16434	-0.06474	-0.32657	-0.53716	-0.67573	-0.87035	-1.2065	-1.3594	-1.3072	-0.94678	-0.48023	0.082423	0.46696	0.68075	0.8536	0.87673	0.68753	0.34422	-0.10901	-0.54433	-0.76489	-0.7302	-0.63684	-0.50447	-0.34982	-0.23872	-0.050557	0.1088	0.16415	3.7016
1019.1	0.14333	0.14727	-0.073856	-0.30142	-0.55204	-0.69686	-0.95297	-1.2356	-1.4121	-1.3632	-1.033	-0.53226	0.018079	0.43492	0.65002	0.84619	0.88148	0.7255	0.39095	-0.077697	-0.49741	-0.72879	-0.69845	-0.63987	-0.4612	-0.34418	-0.24318	-0.079415	0.095178	0.1286	4.1276
1018.7	0.14801	0.14018	-0.063196	-0.30016	-0.53424	-0.69068	-0.9804	-1.265	-1.4405	-1.4104	-1.0994	-0.60196	-0.049351	0.39677	0.61286	0.81911	0.87267	0.74559	0.42376	-0.039963	-0.46666	-0.69844	-0.66374	-0.63577	-0.44598	-0.33857	-0.24911	-0.06915	0.11186	0.1331	4.4987
1017.4	0.15873	0.13043	-0.049633	-0.2931	-0.53819	-0.69157	-1.0015	-1.2804	-1.4817	-1.4619	-1.1786	-0.67215	-0.091978	0.3558	0.58428	0.81407	0.8768	0.77448	0.46396	0.0087473	-0.43479	-0.66293	-0.67518	-0.61631	-0.45216	-0.34911	-0.23776	-0.071746	0.090748	0.15108	4.8993
1018.3	0.15257	0.12608	-0.03905	-0.30612	-0.54427	-0.70871	-1.0134	-1.3004	-1.5169	-1.5134	-1.2315	-0.73613	-0.15329	0.30966	0.54644	0.80736	0.85317	0.787	0.50177	0.063657	-0.39183	-0.62168	-0.6352	-0.59554	-0.45461	-0.3445	-0.25787	-0.099303	0.089256	0.12282	5.2904
1019.3	0.14632	0.11028	-0.04055	-0.3117	-0.52582	-0.71925	-0.9969	-1.354	-1.5431	-1.5661	-1.2759	-0.81574	-0.23073	0.26026	0.52151	0.7792	0.86144	0.80596	0.54798	0.11857	-0.34581	-0.59336	-0.63597	-0.56736	-0.4304	-0.32684	-0.25619	-0.092695	0.084652	0.13001	5.6687
1018.9	0.14192	0.12602	-0.04351	-0.31343	-0.52423	-0.71014	-1.0301	-1.3273	-1.5817	-1.6134	-1.3457	-0.88712	-0.28357	0.20829	0.49079	0.76733	0.86789	0.82111	0.56248	0.1532	-0.30916	-0.56021	-0.61799	-0.56906	-0.42922	-0.34721	-0.2302	-0.1084	0.075511	0.12861	6.0733
1018.1	0.1556	0.1232	-0.028312	-0.33004	-0.53949	-0.69772	-1.0366	-1.4092	-1.6357	-1.6582	-1.4195	-0.95575	-0.35133	0.15166	0.44886	0.75427	0.84564	0.81685	0.5869	0.19735	-0.26529	-0.54898	-0.57892	-0.54054	-0.41826	-0.32139	-0.2464	-0.12299	0.048344	0.1391	6.4455
