19021	2	11	88	15.1	751	1	0	32.8	0.607	128	4096	10	0	0	0	0	77.694	265.25	7.9254e+005	0.061524	0.050092	20.938	0	0	1	0	0	0	9	0	0
247.9	0.089816	0.1104	-0.16153	-0.41758	-0.55413	-0.73434	-0.936	-1.0903	-1.2196	-1.1123	-0.72789	-0.23615	0.35424	0.63592	0.79335	0.88554	0.83188	0.60638	0.16522	-0.2975	-0.69844	-0.76964	-0.68302	-0.61255	-0.36077	-0.23764	-0.11396	0.10628	0.15802	0.099968	1.2403
248.12	0.21351	0.11662	-0.1744	-0.39936	-0.53379	-0.69171	-0.96485	-1.2399	-1.3809	-1.2772	-0.85247	-0.41755	0.14302	0.51601	0.73275	0.89149	0.90088	0.65365	0.31656	-0.091413	-0.48632	-0.69663	-0.69486	-0.57625	-0.34751	-0.1724	-0.11346	0.047246	0.12078	0.21501	2.7288
247.9	0.22594	0.13946	-0.14933	-0.38161	-0.51384	-0.72167	-1.0881	-1.3159	-1.5014	-1.3995	-1.117	-0.61221	-0.067032	0.4029	0.6321	0.86715	0.92689	0.78912	0.43859	-0.00068027	-0.36637	-0.60209	-0.60204	-0.55864	-0.33814	-0.2554	-0.084164	0.00411	0.15825	0.20266	4.1695
248.56	0.18871	0.12165	-0.018603	-0.32564	-0.49925	-0.78472	-1.1031	-1.3373	-1.5808	-1.5418	-1.3347	-0.77807	-0.241	0.32025	0.48498	0.81483	0.91131	0.80728	0.57672	0.14113	-0.2743	-0.46904	-0.51293	-0.49824	-0.42262	-0.25525	-0.1439	0.0044263	0.13269	0.16631	5.63
249.22	0.14565	0.19679	-0.00018595	-0.3799	-0.6381	-0.76931	-1.1653	-1.3972	-1.7087	-1.7479	-1.5658	-1.0213	-0.41414	0.080988	0.35625	0.72055	0.90937	0.87274	0.6444	0.23031	-0.12903	-0.36717	-0.45607	-0.46785	-0.38144	-0.23027	-0.10691	-0.033568	0.076514	0.14766	7.0302
249.22	0.18795	0.19164	-0.049253	-0.32515	-0.59861	-0.69697	-0.96568	-1.5821	-1.8335	-1.8999	-1.7257	-1.2794	-0.62362	-0.15063	0.27667	0.63867	0.84039	0.8661	0.71413	0.44242	-0.020659	-0.29578	-0.40636	-0.40239	-0.2732	-0.17775	-0.13063	-0.077353	0.052967	0.12269	8.4082
247.9	0.12098	0.12189	-0.061839	-0.30275	-0.5201	-0.84003	-1.1404	-1.6107	-1.9937	-2.043	-2.0466	-1.5834	-0.9342	-0.28343	0.084647	0.49906	0.71897	0.87698	0.79879	0.52916	0.087521	-0.22542	-0.29639	-0.33877	-0.2338	-0.28531	-0.084737	-0.088287	0.10801	0.063048	9.7727
248.12	0.052321	0.063439	-0.031096	-0.2224	-0.56095	-0.80028	-1.2446	-1.5364	-2.0688	-2.2849	-2.3084	-1.8805	-1.221	-0.51611	-0.1357	0.33013	0.63025	0.87757	0.89079	0.60561	0.17783	-0.12363	-0.25233	-0.24983	-0.22827	-0.22572	-0.16786	-0.039745	0.052419	0.069554	11.142
247.9	0.0027401	0.093032	-0.018826	-0.29641	-0.58176	-0.79981	-1.1987	-1.7299	-2.2688	-2.5216	-2.5807	-2.1214	-1.5301	-0.86302	-0.46348	0.18022	0.53004	0.85653	0.86301	0.65122	0.30561	0.038001	-0.13347	-0.2378	-0.22246	-0.17831	-0.10212	-0.055511	-0.0036342	0.0083922	12.466
246.8	0.065071	0.011234	-0.062283	-0.2662	-0.52369	-0.73783	-1.2873	-1.7874	-2.4237	-2.6551	-2.7745	-2.4626	-1.8397	-1.1453	-0.58681	0.049505	0.37371	0.75222	0.86048	0.8104	0.44056	0.073992	-0.1218	-0.16788	-0.10775	-0.16095	-0.12687	-0.088872	0.014693	0.081101	13.76
246.58	-0.03479	-0.047638	-0.14385	-0.23666	-0.48334	-0.86498	-1.3458	-1.8828	-2.558	-2.8552	-3.0621	-2.7836	-2.167	-1.3984	-0.88934	-0.18917	0.21035	0.69804	0.88555	0.84308	0.46495	0.12825	-0.052979	-0.12469	-0.12562	-0.12565	-0.14468	-0.088156	0.052543	0.0017114	14.999
244.38	-0.11666	-0.13132	-0.10088	-0.21381	-0.50758	-0.85223	-1.346	-1.9568	-2.7648	-3.043	-3.4275	-3.078	-2.4979	-1.6674	-1.2024	-0.41257	0.09774	0.62264	0.91064	0.8179	0.58015	0.26337	0.035698	-0.0118	-0.1382	-0.071874	-0.10313	-0.078491	-0.022699	-0.03495	16.201
245.04	-0.16672	-0.17281	-0.15694	-0.18889	-0.47291	-0.81686	-1.3611	-2.0021	-3.0795	-3.2483	-3.6654	-3.3656	-2.809	-2.0266	-1.4911	-0.65826	-0.11968	0.4563	0.84969	0.9067	0.63993	0.34663	0.092503	-0.005934	-0.079691	-0.065244	-0.079605	-0.07795	-0.066676	-0.065731	17.366
243.28	-0.12349	-0.20981	-0.22766	-0.29526	-0.39512	-0.69994	-1.3346	-2.0928	-2.2593	-3.3973	-3.9096	-3.7279	-3.2094	-2.3617	-1.8086	-0.89145	-0.31189	0.36308	0.80891	0.95309	0.7441	0.41702	0.15099	-0.01803	0.0023872	-0.0064199	-0.042736	-0.079005	-0.092473	-0.091002	18.44
243.72	-0.19964	-0.29851	-0.33557	-0.29476	-0.32399	-0.63135	-1.3564	-2.0763	-2.3687	-3.5313	-4.1928	-4.0226	-3.5457	-2.6838	-2.0482	-1.138	-0.56165	0.21771	0.7714	0.9714	0.75411	0.42747	0.1886	0.084617	0.049011	-0.024347	-0.085205	-0.089916	-0.073248	-0.13525	19.447
244.6	-0.28122	-0.41003	-0.41652	-0.29402	-0.32334	-0.5547	-1.2804	-2.1197	-2.6637	-3.7388	-4.3683	-4.2643	-3.7589	-2.9044	-2.3467	-1.3935	-0.75108	0.16312	0.68535	0.94841	0.76978	0.53019	0.21297	0.15671	0.018984	-0.0060454	-0.072935	-0.066474	-0.10469	-0.19078	20.416
244.16	-0.36861	-0.41482	-0.43009	-0.42499	-0.42623	-0.57045	-1.2053	-1.9782	-2.8198	-3.888	-4.6009	-4.4501	-4.1022	-3.2546	-2.6901	-1.5921	-0.87984	-0.015815	0.59866	0.87129	0.88205	0.55988	0.30264	0.11503	0.025702	0.072662	-0.036829	-0.073025	-0.15513	-0.18305	21.374
241.74	-0.36637	-0.47428	-0.54951	-0.47255	-0.50673	-0.46636	-1.0794	-2.0422	-3.0459	-3.9847	-4.7316	-4.7126	-4.3516	-3.5703	-2.8807	-1.8068	-1.0884	-0.13416	0.56886	0.93921	0.86512	0.63342	0.29247	0.16517	0.078465	0.0061556	-0.018972	-0.11788	-0.17596	-0.24797	22.178
241.08	-0.41343	-0.55513	-0.69825	-0.53036	-0.53536	-0.52906	-0.93342	-1.9774	-3.0488	-3.9701	-4.8662	-4.9254	-4.6055	-3.7681	-3.0949	-2.0364	-1.3377	-0.27403	0.49827	0.94187	0.86746	0.63486	0.31831	0.20806	0.11419	0.00013874	-0.037682	-0.17393	-0.15131	-0.33748	22.973
242.4	-0.49164	-0.62251	-0.78461	-0.59524	-0.58053	-0.61441	-0.81904	-1.7806	-2.8095	-4.1577	-4.9196	-5.0261	-4.6746	-3.8648	-3.2574	-2.1861	-1.3747	-0.25141	0.47793	0.87096	0.86313	0.65009	0.42539	0.17716	0.048844	-0.023804	-0.031389	-0.11156	-0.2393	-0.34033	23.696
241.3	-0.73779	-0.62546	-0.80041	-0.71811	-0.66625	-0.66579	-0.75822	-1.6163	-2.7445	-4.266	-4.9408	-5.0608	-4.8048	-4.0362	-3.3805	-2.3296	-1.4713	-0.39796	0.43244	0.8884	0.91657	0.71496	0.42185	0.25719	0.078903	-0.0058432	-0.042867	-0.12911	-0.27844	-0.46739	24.366
241.3	-0.70482	-0.71503	-0.85139	-0.77412	-0.73568	-0.69288	-0.69758	-1.4095	-2.6631	-3.6604	-4.812	-5.0271	-4.8356	-4.1073	-3.4486	-2.3234	-1.5037	-0.44009	0.37884	0.8747	0.92289	0.7145	0.38914	0.18384	0.078493	0.00027278	-0.11101	-0.22913	-0.44418	-0.5177	24.959
238.43	-0.62008	-0.73908	-1.0624	-0.85919	-0.79996	-0.75101	-0.79765	-1.3057	-2.6333	-3.5777	-4.8219	-5.1041	-4.9225	-4.1458	-3.4299	-2.3274	-1.6018	-0.49577	0.37152	0.93165	0.91553	0.6984	0.38153	0.20526	0.10849	-0.012227	-0.10012	-0.17536	-0.32041	-0.36109	25.486
239.97	-0.85009	-0.84672	-0.97098	-0.80489	-0.7464	-0.76585	-0.79745	-1.1113	-2.4275	-3.4926	-4.7517	-5.0077	-4.7628	-4.0071	-3.4886	-2.3685	-1.6033	-0.44346	0.38104	0.79914	0.91522	0.68759	0.42987	0.24039	0.02527	-0.018048	-0.13712	-0.21979	-0.44069	-0.59598	26.021
242.62	-0.80863	-0.83647	-0.83937	-0.8137	-0.77896	-0.72948	-0.75277	-1.0254	-2.1704	-3.4046	-4.5726	-4.7946	-4.6866	-3.9885	-3.3763	-2.2531	-1.47	-0.45819	0.38832	0.84325	0.9367	0.68603	0.39992	0.14013	0.013361	-0.035946	-0.14082	-0.31611	-0.55654	-0.646	26.407
242.4	-0.60715	-0.7239	-0.93048	-0.96371	-0.78704	-0.73728	-0.7772	-1.0625	-2.2939	-2.0821	-4.4343	-4.7457	-4.6289	-3.8951	-3.297	-2.2299	-1.5356	-0.44486	0.41251	0.88428	0.93729	0.66859	0.32996	0.17651	0.025181	-0.072607	-0.1285	-0.29474	-0.43671	-0.57191	26.743
243.06	-0.68205	-0.78815	-0.95364	-0.83112	-0.71762	-0.70116	-0.75822	-1.0227	-2.0447	-3.8152	-4.3376	-4.7004	-4.5859	-3.7886	-3.2127	-2.2109	-1.4863	-0.42963	0.4827	0.91446	0.91006	0.63611	0.36752	0.16431	0.031013	-0.073104	-0.18951	-0.28814	-0.40365	-0.46513	27.045
240.85	-0.70013	-0.7772	-0.82749	-0.7691	-0.76431	-0.72096	-0.68649	-0.8585	-1.9209	-2.6207	-4.3627	-4.6227	-4.485	-3.771	-3.2349	-2.186	-1.4548	-0.32964	0.46317	0.88963	0.92442	0.65399	0.42836	0.21484	-0.02198	-0.091639	-0.19745	-0.30772	-0.47735	-0.61301	27.281
241.52	-0.80863	-0.70918	-0.73559	-0.78591	-0.71397	-0.74006	-0.67191	-0.80524	-1.9185	-2.4345	-4.2334	-4.5476	-4.395	-3.7507	-3.2007	-2.15	-1.4	-0.32934	0.46787	0.90084	0.92815	0.68373	0.3566	0.15267	-0.0163	-0.12763	-0.19669	-0.34613	-0.50923	-0.66898	27.468
242.4	-0.60582	-0.71076	-0.78823	-0.80817	-0.71939	-0.60687	-0.67029	-0.82029	-1.7861	-2.3976	-4.0246	-4.4568	-4.3229	-3.6849	-3.0934	-2.0204	-1.3956	-0.35514	0.43027	0.95718	0.87535	0.64973	0.33037	0.12181	0.043547	-0.09709	-0.23325	-0.35496	-0.46899	-0.51506	27.592
243.5	-0.5788	-0.66781	-0.76769	-0.73592	-0.7014	-0.62568	-0.63755	-0.70989	-1.6516	-2.6753	-3.9857	-4.318	-4.2175	-3.5393	-2.9972	-2.0047	-1.299	-0.31964	0.49983	0.91925	0.90842	0.65936	0.38601	0.14626	-0.02162	-0.10868	-0.21953	-0.30912	-0.47185	-0.55656	27.652
241.74	-0.704	-0.74475	-0.77308	-0.67996	-0.58271	-0.65782	-0.65384	-0.70302	-1.7093	-2.1952	-3.9738	-4.3175	-4.1882	-3.5082	-2.9996	-1.994	-1.3604	-0.27298	0.50805	0.91291	0.93375	0.61529	0.35044	0.1403	-0.0097665	-0.11552	-0.24531	-0.35074	-0.4446	-0.57319	27.676
240.85	-0.71353	-0.68074	-0.68043	-0.71916	-0.70247	-0.63912	-0.57824	-0.62663	-1.6929	-2.2025	-3.9278	-4.2173	-4.1022	-3.4999	-2.9675	-1.9621	-1.1771	-0.28818	0.48704	0.86301	0.93036	0.6975	0.33858	0.092298	-0.075257	-0.048851	-0.23448	-0.37431	-0.50934	-0.56932	27.705
240.85	-0.61708	-0.63227	-0.69278	-0.70599	-0.70912	-0.61775	-0.54218	-0.69704	-1.5425	-2.4451	-3.8035	-4.1689	-4.0812	-3.4531	-2.8898	-1.8771	-1.2406	-0.24607	0.47507	0.96314	0.89262	0.64105	0.33165	0.12886	-0.028042	-0.10444	-0.23464	-0.36893	-0.4906	-0.60708	27.692
240.85	-0.59772	-0.632	-0.69243	-0.65563	-0.56412	-0.58464	-0.60813	-0.71086	-1.5156	-3.1721	-3.8005	-4.1913	-4.0654	-3.3124	-2.8301	-1.8464	-1.2094	-0.19045	0.54087	0.96265	0.91228	0.62352	0.36499	0.11655	-0.068986	-0.14651	-0.2585	-0.31264	-0.44483	-0.51863	27.626
242.62	-0.61922	-0.64604	-0.5923	-0.57624	-0.64214	-0.60011	-0.60403	-0.53837	-1.5746	-2.2609	-3.7839	-4.0459	-3.8731	-3.1835	-2.7324	-1.8059	-1.0643	-0.043368	0.56723	0.92943	0.83132	0.60692	0.3234	0.073078	-0.074766	-0.20628	-0.24422	-0.36047	-0.45514	-0.59005	27.405
243.5	-0.62325	-0.53136	-0.55832	-0.61844	-0.59148	-0.58456	-0.49504	-0.6062	-1.6733	-1.5219	-3.7213	-3.8729	-3.7981	-3.1199	-2.6754	-1.6151	-0.99706	-0.05599	0.58293	0.90012	0.93899	0.56163	0.29068	0.024572	-0.091891	-0.12109	-0.25003	-0.381	-0.49745	-0.48326	27.116
244.16	-0.48382	-0.53574	-0.59472	-0.61068	-0.56396	-0.46885	-0.48816	-0.6062	-1.6355	-1.929	-3.5655	-3.8783	-3.7293	-3.0569	-2.5479	-1.5558	-0.976	-0.029474	0.58105	0.96259	0.88763	0.56653	0.25809	-0.0055725	-0.074518	-0.2051	-0.26741	-0.39116	-0.47214	-0.41982	26.77
242.84	-0.47332	-0.50186	-0.59174	-0.58247	-0.49032	-0.4443	-0.50772	-0.59695	-1.5177	-3.0819	-3.572	-3.8338	-3.6766	-2.8802	-2.4256	-1.5002	-0.86589	-0.0023113	0.70349	0.92761	0.84292	0.52056	0.23432	0.030577	-0.075101	-0.23689	-0.29955	-0.35999	-0.40417	-0.47186	26.399
243.72	-0.52788	-0.56565	-0.55755	-0.51791	-0.48214	-0.46217	-0.50624	-0.58051	-1.5568	-2.5958	-3.5635	-3.7188	-3.5263	-2.8116	-2.3474	-1.4302	-0.79141	0.073272	0.68853	0.93837	0.80894	0.49477	0.20761	-0.0059131	-0.17935	-0.26564	-0.2796	-0.35856	-0.43366	-0.47556	25.969
244.6	-0.50695	-0.45722	-0.50518	-0.50419	-0.51441	-0.48124	-0.45088	-0.54776	-1.5888	-2.3724	-3.481	-3.5549	-3.3743	-2.6805	-2.2173	-1.2924	-0.69991	0.16915	0.70364	0.92199	0.81206	0.44399	0.21949	-0.04184	-0.19042	-0.24095	-0.27902	-0.35186	-0.42572	-0.48613	25.411
242.4	-0.44213	-0.43109	-0.54167	-0.48332	-0.43667	-0.37692	-0.44338	-0.62985	-1.6579	-2.2925	-3.3925	-3.6076	-3.3068	-2.6016	-2.0671	-1.1637	-0.61641	0.18433	0.71015	1.0024	0.80095	0.4237	0.099803	-0.018052	-0.19239	-0.24906	-0.33646	-0.42166	-0.3917	-0.44075	24.804
244.82	-0.36838	-0.42116	-0.492	-0.49126	-0.37803	-0.39331	-0.40328	-0.6608	-1.7444	-2.3607	-3.2661	-3.4143	-3.1572	-2.461	-1.9507	-1.0945	-0.50221	0.23053	0.7502	0.9475	0.76845	0.43141	0.066919	-0.065495	-0.17877	-0.25291	-0.32124	-0.42332	-0.40652	-0.43616	24.228
243.28	-0.4468	-0.40045	-0.47637	-0.39479	-0.42804	-0.41617	-0.44774	-0.65756	-1.6517	-2.8336	-3.3577	-3.3693	-3.0426	-2.3864	-1.8614	-1.0124	-0.44727	0.308	0.81459	0.90748	0.71779	0.3977	0.12526	-0.12089	-0.25583	-0.29135	-0.34757	-0.398	-0.43473	-0.44549	23.548
243.06	-0.41506	-0.3462	-0.34307	-0.3703	-0.36004	-0.37565	-0.33431	-0.73739	-1.5929	-2.7152	-3.2207	-3.2411	-2.8622	-2.2096	-1.734	-0.85445	-0.3193	0.44653	0.81536	0.9149	0.68846	0.40436	0.081332	-0.12095	-0.26751	-0.28475	-0.32287	-0.36505	-0.39646	-0.40175	22.801
243.72	-0.35116	-0.29827	-0.34866	-0.37587	-0.33143	-0.36115	-0.34583	-0.77923	-1.6806	-2.6754	-3.1408	-3.0543	-2.7622	-2.0754	-1.5863	-0.74485	-0.21618	0.44445	0.82453	0.89246	0.69229	0.33615	0.06755	-0.17514	-0.30267	-0.30812	-0.3231	-0.36958	-0.38342	-0.39476	22.007
245.7	-0.28506	-0.32521	-0.35816	-0.39111	-0.21348	-0.28435	-0.32474	-0.88567	-1.9002	-2.5186	-3.0166	-2.9898	-2.6179	-1.8867	-1.4319	-0.57402	-0.13803	0.4757	0.87662	0.93729	0.64399	0.24955	-0.027304	-0.19189	-0.25333	-0.30557	-0.37384	-0.38855	-0.34258	-0.32991	21.178
243.72	-0.30077	-0.3041	-0.3611	-0.25816	-0.25667	-0.28628	-0.34588	-1.0011	-1.7126	-2.5392	-3.0209	-2.9688	-2.5296	-1.7164	-1.3486	-0.50907	-0.10104	0.62379	0.83689	0.91147	0.56884	0.21484	-0.034015	-0.21787	-0.31998	-0.39378	-0.34055	-0.32609	-0.33318	-0.33362	20.25
246.58	-0.29651	-0.22948	-0.20066	-0.26085	-0.26714	-0.2897	-0.30699	-1.0018	-1.6181	-2.4775	-2.9088	-2.7446	-2.2946	-1.6331	-1.1849	-0.36444	0.090629	0.62357	0.91504	0.86924	0.5508	0.18227	-0.10264	-0.2869	-0.31578	-0.33419	-0.36075	-0.3386	-0.26671	-0.29747	19.351
247.9	-0.28283	-0.2404	-0.28025	-0.21087	-0.21175	-0.16252	-0.33395	-1.1345	-1.7534	-2.4068	-2.7263	-2.6393	-2.1133	-1.4418	-0.98472	-0.23815	0.13989	0.69434	0.8689	0.85133	0.49296	0.12141	-0.16468	-0.30306	-0.33747	-0.38027	-0.37082	-0.34728	-0.32076	-0.26619	18.342
247.02	-0.19691	-0.22955	-0.2564	-0.19924	-0.14489	-0.19656	-0.48201	-1.1887	-2.019	-2.3068	-2.6249	-2.4929	-1.9457	-1.2573	-0.80061	-0.1202	0.23486	0.76507	0.89529	0.84114	0.42761	0.091933	-0.19673	-0.29215	-0.3794	-0.35793	-0.37213	-0.32686	-0.2532	-0.28569	17.354
244.38	-0.21176	-0.20246	-0.1701	-0.2016	-0.1743	-0.2121	-0.55226	-1.2263	-1.8668	-2.2947	-2.5909	-2.2904	-1.8024	-1.1501	-0.70848	-0.026902	0.39764	0.74578	0.91731	0.77813	0.37813	-0.040642	-0.21074	-0.38634	-0.39554	-0.39743	-0.3517	-0.3852	-0.21934	-0.18333	16.229
245.7	-0.17893	-0.16015	-0.12569	-0.15127	-0.15289	-0.18393	-0.64421	-1.2252	-1.9843	-2.2096	-2.4433	-2.1074	-1.5499	-0.93405	-0.54176	0.080868	0.5098	0.85061	0.89443	0.6898	0.35135	-0.015792	-0.29234	-0.42035	-0.44502	-0.40748	-0.33188	-0.30191	-0.22353	-0.23226	15.065
246.58	-0.10407	-0.082844	-0.11857	-0.12007	-0.11135	-0.15055	-0.68808	-1.2538	-1.8585	-2.157	-2.1913	-1.9308	-1.3991	-0.7344	-0.35877	0.24993	0.56496	0.82771	0.90343	0.63549	0.26425	-0.14802	-0.31598	-0.45422	-0.46613	-0.38258	-0.42651	-0.31708	-0.25971	-0.23704	13.911
248.34	-0.052789	-0.052965	-0.11788	-0.095198	-0.0035556	-0.15531	-0.72975	-1.3077	-1.8037	-1.9826	-1.9869	-1.7811	-1.2022	-0.56589	-0.15565	0.39214	0.6484	0.85522	0.82063	0.63085	0.18447	-0.18946	-0.40171	-0.50456	-0.45194	-0.42714	-0.40004	-0.34138	-0.19105	-0.10753	12.673
246.58	-0.041099	-0.0301	-0.024346	-0.0023629	-0.03763	-0.25735	-0.79968	-1.2156	-1.7077	-1.8818	-1.8829	-1.5793	-0.96893	-0.38579	0.024586	0.45718	0.73548	0.88923	0.85633	0.53801	0.063737	-0.3109	-0.39741	-0.55	-0.47854	-0.48359	-0.41503	-0.25642	-0.084808	-0.028533	11.411
247.68	-0.034802	0.0050471	0.037162	-0.0097566	-0.11784	-0.37542	-0.79034	-1.1221	-1.623	-1.8604	-1.7495	-1.3322	-0.73567	-0.22694	0.077648	0.57424	0.79459	0.91145	0.74122	0.4127	-0.045491	-0.32136	-0.49035	-0.57743	-0.53959	-0.45223	-0.38336	-0.26692	-0.14656	-0.078082	10.115
248.78	0.06402	0.080876	-0.018387	-0.003821	-0.17702	-0.38721	-0.79204	-1.1732	-1.5678	-1.7065	-1.4513	-1.1654	-0.55287	-0.069189	0.28984	0.64631	0.84794	0.86747	0.66332	0.34614	-0.093384	-0.46842	-0.5875	-0.65162	-0.53147	-0.46103	-0.41091	-0.26017	-0.10927	0.026128	8.8076
248.34	0.10791	0.098418	0.031169	0.032739	-0.12417	-0.36747	-0.81147	-1.064	-1.427	-1.486	-1.357	-0.92144	-0.38555	0.13168	0.43787	0.73475	0.90603	0.86167	0.66394	0.21808	-0.19606	-0.54128	-0.62612	-0.63541	-0.54364	-0.49215	-0.4179	-0.21214	-0.02874	0.038588	7.4511
249.66	0.10154	0.098071	0.068101	0.0086269	-0.15691	-0.37274	-0.74376	-1.1761	-1.3599	-1.3832	-1.15	-0.78787	-0.23985	0.25587	0.50244	0.79255	0.86968	0.7834	0.56823	0.19116	-0.36315	-0.65698	-0.74068	-0.65514	-0.55811	-0.49555	-0.43933	-0.22692	0.0024404	0.044297	6.0951
248.78	0.15739	0.1856	0.11826	-0.052124	-0.27135	-0.42006	-0.65308	-1.0743	-1.2331	-1.3311	-0.96716	-0.56465	-0.049075	0.37625	0.62387	0.88256	0.89788	0.73906	0.44262	0.018624	-0.43075	-0.7546	-0.80526	-0.72299	-0.58857	-0.44987	-0.41717	-0.24376	-0.009951	0.093153	4.7016
250.76	0.19915	0.17806	0.086744	-0.12992	-0.23609	-0.42332	-0.69865	-1.0039	-1.1943	-1.1251	-0.81696	-0.35477	0.081672	0.45448	0.71787	0.88114	0.90991	0.66676	0.29538	-0.096689	-0.57669	-0.85457	-0.81181	-0.80554	-0.59569	-0.48067	-0.3127	-0.20976	0.034314	0.15823	3.2783
251.2	0.2479	0.23558	0.080098	-0.1058	-0.29455	-0.416	-0.75052	-0.91571	-1.0672	-0.97197	-0.54712	-0.21399	0.31359	0.59039	0.78261	0.92974	0.82696	0.59201	0.19728	-0.22971	-0.70702	-0.92432	-0.90264	-0.79197	-0.61682	-0.35118	-0.35965	-0.15594	0.070298	0.15874	1.8595
252.53	0.19749	0.20018	0.062202	-0.11724	-0.29395	-0.50607	-0.72341	-0.86165	-0.95044	-0.84803	-0.49673	-0.059538	0.44191	0.68028	0.80465	0.83887	0.73627	0.54225	0.087422	-0.45091	-0.89381	-1.0721	-0.88528	-0.85905	-0.64163	-0.50806	-0.32286	-0.1022	0.10615	0.16378	0.36749
249.44	0.16943	0.22566	0.050232	-0.15555	-0.34403	-0.47852	-0.67479	-0.77274	-0.84925	-0.70711	-0.30971	0.13916	0.59727	0.80091	0.83469	0.82437	0.76422	0.42117	-0.096729	-0.62966	-1.0551	-1.145	-1.0083	-0.89868	-0.6618	-0.46665	-0.33336	-0.071849	0.11398	0.17136	-1.0381
249.22	0.15061	0.18483	-0.061989	-0.19782	-0.3381	-0.4655	-0.59407	-0.7242	-0.77804	-0.56807	-0.13003	0.23506	0.65114	0.82012	0.88829	0.83152	0.67094	0.1995	-0.2704	-0.7903	-1.1642	-1.2412	-1.0963	-0.96422	-0.62076	-0.51475	-0.30345	-0.060795	0.13229	0.17793	-2.4612
249.44	0.1942	0.1333	-0.11117	-0.14908	-0.28368	-0.31962	-0.59893	-0.69825	-0.62837	-0.42175	0.083772	0.35771	0.7584	0.86936	0.9012	0.77518	0.52055	0.085204	-0.47221	-0.96263	-1.3609	-1.3999	-1.151	-1.0286	-0.64376	-0.56093	-0.27938	-0.055313	0.16955	0.18401	-3.9034
252.74	0.14983	0.092018	-0.048879	-0.14795	-0.25188	-0.43942	-0.54468	-0.58633	-0.51985	-0.28472	0.17092	0.48598	0.80811	0.9082	0.86485	0.66241	0.35412	-0.12035	-0.66501	-1.1711	-1.5152	-1.4818	-1.1983	-1.0266	-0.68122	-0.49532	-0.28311	-0.017903	0.1735	0.1459	-5.3435
252.53	0.10656	0.08547	-0.042215	-0.17689	-0.24786	-0.40092	-0.44792	-0.46258	-0.40867	-0.1972	0.32743	0.64594	0.85576	0.8282	0.72574	0.53232	0.18702	-0.354	-0.91766	-1.4208	-1.677	-1.6295	-1.3023	-0.95239	-0.73245	-0.51893	-0.33479	-0.01689	0.10604	0.12126	-6.7151
252.08	0.08306	0.056105	-0.091538	-0.21348	-0.23427	-0.30284	-0.37488	-0.41421	-0.33916	-0.0085673	0.41023	0.72423	0.88631	0.81115	0.71487	0.44223	0.0067564	-0.54943	-1.1949	-1.6075	-1.876	-1.7104	-1.397	-1.1636	-0.70434	-0.56056	-0.2363	-0.022923	0.075789	0.068025	-8.1144
252.53	0.081584	0.022293	-0.091757	-0.17077	-0.18823	-0.29003	-0.29896	-0.40126	-0.19709	0.096682	0.52535	0.74089	0.88512	0.75974	0.6268	0.25039	-0.17818	-0.87924	-1.4217	-1.8453	-2.0574	-1.8648	-1.536	-1.1277	-0.78825	-0.54266	-0.24106	-0.065224	0.075046	0.073835	-9.4786
255.17	0.063193	-0.01191	-0.078647	-0.17565	-0.17264	-0.24185	-0.30156	-0.25795	-0.10767	0.15773	0.65511	0.80233	0.87573	0.65429	0.45344	0.059796	-0.39551	-1.067	-1.6996	-2.0633	-2.2414	-1.938	-1.86	-1.1673	-0.74787	-0.52559	-0.23888	-0.038229	0.032538	0.031688	-10.832
252.75	-0.0095729	0.028082	0.036552	-0.093255	-0.155	-0.24403	-0.23551	-0.10009	0.038506	0.26525	0.69526	0.89324	0.86651	0.59883	0.31229	-0.16017	-0.61565	-1.3958	-1.9449	-2.3945	-2.4644	-2.1034	-1.4781	-1.2427	-0.79388	-0.56538	-0.22864	-0.023138	0.0083442	-0.028073	-12.139
254.51	-0.0091855	-0.017596	-0.048162	-0.11003	-0.13431	-0.14483	-0.14274	-0.10511	0.10267	0.36313	0.81263	0.86817	0.76746	0.46555	0.076212	-0.32996	-0.91729	-1.6564	-2.3056	-2.6671	-2.6246	-2.2984	-1.609	-1.2287	-0.81049	-0.47473	-0.20412	-0.053603	-0.076495	-0.098953	-13.421
250.54	0.0026983	-0.012303	-0.061454	-0.094066	-0.10326	-0.088557	-0.11053	-0.026969	0.17519	0.46958	0.86589	0.88796	0.74935	0.36735	-0.022037	-0.52629	-1.2308	-1.9968	-2.6642	-2.926	-2.7915	-2.441	-1.6464	-1.3069	-0.79501	-0.4116	-0.24286	-0.10306	-0.12662	-0.06446	-14.674
254.51	-0.088049	-0.06879	-0.1031	-0.027068	-0.075187	-0.10032	-0.069056	0.028414	0.28384	0.59291	0.83933	0.87446	0.59677	0.25222	-0.22983	-0.85185	-1.5181	-2.2558	-2.8611	-3.1572	-3.0011	-2.5431	-1.7726	-1.2684	-0.74326	-0.44012	-0.20452	-0.12195	-0.094094	-0.19372	-15.857
251.64	-0.11992	-0.064242	-0.086348	-0.021833	-0.062914	-0.075016	0.010487	0.15833	0.35719	0.61182	0.86883	0.8652	0.57962	0.043259	-0.44972	-1.1516	-1.814	-2.5747	-3.2144	-3.441	-3.2209	-2.7643	-1.801	-1.2841	-0.72931	-0.42792	-0.22904	-0.19324	-0.22429	-0.20252	-16.97
254.29	-0.058659	-0.063516	-0.084776	-0.06254	-0.04187	-0.02298	0.079341	0.16288	0.40717	0.66191	0.97476	0.87532	0.38058	-0.14078	-0.74383	-1.3586	-2.1135	-2.9694	-3.5097	-3.6888	-3.346	-2.4872	-1.8234	-1.2987	-0.63699	-0.42226	-0.26225	-0.31218	-0.26992	-0.25355	-18.059
252.3	-0.11936	-0.064138	-0.085154	-0.015956	-0.0028032	0.010618	0.08004	0.21357	0.49784	0.72309	0.94926	0.78018	0.29489	-0.2915	-0.9675	-1.6265	-2.4644	-3.2462	-3.7954	-3.8952	-3.4736	-2.8992	-1.7717	-1.2687	-0.56302	-0.44913	-0.3877	-0.35218	-0.36347	-0.29661	-19.087
253.19	-0.16754	-0.16674	-0.06674	-0.045173	0.035943	0.02945	0.11376	0.27994	0.54917	0.77035	0.9048	0.75803	0.18145	-0.48662	-1.1479	-1.8966	-2.7395	-3.4991	-4.0385	-4.084	-3.5915	-2.8935	-1.7452	-1.1296	-0.61269	-0.5073	-0.43344	-0.46111	-0.35046	-0.2729	-20.053
251.86	-0.25372	-0.15006	-0.092021	-0.0038157	-0.023477	0.049721	0.17764	0.33039	0.58114	0.79295	0.9301	0.70438	0.0283	-0.63293	-1.3775	-2.1031	-2.9334	-3.778	-4.2772	-4.2448	-3.5974	-2.6275	-1.6509	-0.98323	-0.62127	-0.59113	-0.45969	-0.53393	-0.46962	-0.31616	-20.933
253.41	-0.19818	-0.17818	-0.060207	-0.039104	-0.0094295	0.081225	0.19989	0.41455	0.57845	0.86341	0.87741	0.63662	-0.047319	-0.81922	-1.4994	-2.3591	-3.1613	-3.9926	-4.399	-4.3269	-3.7665	-2.6825	-1.6651	-0.87829	-0.7405	-0.64527	-0.54392	-0.636	-0.44119	-0.36745	-21.788
250.98	-0.3895	-0.22623	-0.14191	-0.039837	0.029971	0.09539	0.20704	0.34394	0.67238	0.90346	0.90599	0.60515	-0.1374	-0.86416	-1.6914	-2.4432	-3.3346	-4.1846	-4.5566	-4.4515	-3.7859	-2.7376	-1.3965	-0.9284	-0.73705	-0.74519	-0.69039	-0.72669	-0.47687	-0.58228	-22.578
251.86	-0.32684	-0.29412	-0.18365	-0.05757	0.036219	0.075616	0.18907	0.34914	0.69923	0.95611	0.9023	0.58379	-0.20815	-0.93572	-1.7451	-2.5824	-3.4405	-4.2429	-4.5464	-4.3845	-3.0903	-2.3854	-1.2125	-0.9088	-0.8138	-0.84844	-0.80628	-0.85816	-0.49302	-0.51994	-23.283
250.32	-0.39051	-0.30656	-0.1478	-0.046047	0.0030372	0.042961	0.20225	0.41329	0.69138	0.86737	0.90768	0.54861	-0.17416	-1.0173	-1.8163	-2.6298	-3.4307	-4.1902	-4.5862	-4.3676	-3.8456	-2.0692	-0.9183	-1.0018	-0.94364	-0.91803	-0.91313	-0.99194	-0.56395	-0.49918	-23.941
249.88	-0.58267	-0.46458	-0.21612	-0.16086	-0.043448	0.023186	0.20774	0.41448	0.65162	0.89454	0.90931	0.58836	-0.19794	-1.0434	-1.7992	-2.6035	-3.387	-4.1428	-4.4378	-4.1637	-3.8559	-1.8245	-0.75199	-0.84344	-1.0078	-0.96723	-0.98336	-1.009	-0.79314	-0.86273	-24.556
246.58	-0.62091	-0.50045	-0.28779	-0.13845	-0.057074	0.063839	0.18721	0.40054	0.69009	0.89405	0.91494	0.58312	-0.18853	-1.0317	-1.8025	-2.5429	-3.3685	-4.0889	-4.3913	-4.0235	-2.5851	-1.4997	-0.61152	-0.87976	-0.94667	-0.92626	-1.0216	-0.95316	-0.67215	-0.90515	-25.092
247.02	-0.58306	-0.51149	-0.33778	-0.15064	-0.070939	-0.010033	0.14006	0.38056	0.66537	0.87311	0.95491	0.54989	-0.14014	-1.0045	-1.699	-2.5071	-3.2492	-3.9663	-4.2668	-3.8739	-3.3024	-1.2868	-0.64797	-0.80597	-0.85798	-0.97291	-0.99551	-0.97783	-0.77197	-0.75711	-25.53
246.8	-0.63333	-0.54693	-0.28739	-0.13849	-0.11835	-0.056371	0.134	0.38098	0.70193	0.91837	0.9423	0.55642	-0.12737	-0.99872	-1.6524	-2.5093	-3.2452	-3.9081	-4.2002	-3.8121	-3.0257	-1.3112	-0.59844	-0.65728	-0.77208	-0.95548	-0.96639	-1.027	-0.70885	-0.84294	-25.953
250.54	-0.58078	-0.41688	-0.28342	-0.20232	-0.10995	0.029678	0.21366	0.38801	0.66196	0.82232	0.95526	0.58685	-0.1799	-0.99116	-1.7024	-2.4062	-3.1546	-3.8792	-4.0931	-3.7643	-2.3971	-1.1193	-0.57189	-0.68238	-0.73862	-0.7522	-0.86973	-0.7458	-0.79798	-0.70387	-26.301
249.44	-0.48514	-0.42007	-0.29734	-0.19793	-0.090783	0.023205	0.16722	0.38324	0.63449	0.87676	0.96031	0.58941	-0.16815	-0.9756	-1.6554	-2.4016	-3.1423	-3.8871	-4.0863	-3.7077	-2.4188	-1.1787	-0.61686	-0.68649	-0.71823	-0.75055	-0.79557	-0.88242	-0.72159	-0.69598	-26.564
251.64	-0.56471	-0.507	-0.31308	-0.20172	-0.11576	-0.061594	0.15526	0.35577	0.67106	0.86982	0.87627	0.565	-0.15598	-0.91259	-1.6553	-2.4135	-3.1356	-3.8007	-3.9951	-3.6832	-1.5962	-1.2758	-0.50052	-0.6622	-0.70618	-0.76111	-0.75417	-0.69886	-0.71987	-0.72466	-26.808
249.44	-0.54652	-0.48858	-0.2973	-0.21565	-0.05047	-0.062567	0.15611	0.40836	0.6527	0.90869	0.90433	0.60818	-0.15626	-0.91979	-1.6362	-2.4277	-3.1556	-3.807	-4.0233	-3.7022	-2.5047	-1.2515	-0.59838	-0.63243	-0.6612	-0.65587	-0.72415	-0.81196	-0.62742	-0.70034	-26.949
250.1	-0.4772	-0.42375	-0.29002	-0.18467	-0.10982	-0.0027133	0.13276	0.39479	0.65726	0.8812	0.97796	0.59372	-0.12682	-0.96814	-1.692	-2.3597	-3.1354	-3.8453	-4.0197	-3.6678	-2.0698	-1.1548	-0.61547	-0.66015	-0.61924	-0.6831	-0.6577	-0.69822	-0.56444	-0.54157	-27.063
245.04	-0.44952	-0.46779	-0.32771	-0.24415	-0.08442	0.0032098	0.12352	0.35892	0.69499	0.93198	0.9627	0.60591	-0.17787	-0.94952	-1.6934	-2.4725	-3.2458	-3.8975	-4.1264	-3.7443	-2.7493	-1.2271	-0.60353	-0.59567	-0.6326	-0.69181	-0.69611	-0.71285	-0.60205	-0.6027	-27.151
247.46	-0.52566	-0.46924	-0.31235	-0.18715	-0.10409	0.010979	0.11091	0.39194	0.65743	0.89139	0.94017	0.56894	-0.14006	-0.95203	-1.6547	-2.4392	-3.1735	-3.7967	-4.0494	-3.6663	-3.3458	-1.1756	-0.59026	-0.59597	-0.57934	-0.68454	-0.67683	-0.717	-0.5833	-0.65193	-27.166
247.46	-0.58197	-0.45813	-0.31739	-0.21743	-0.118	-0.056543	0.16891	0.37457	0.72372	0.85881	0.95316	0.59436	-0.15718	-0.86394	-1.595	-2.3346	-3.0728	-3.8104	-3.9972	-3.6608	-2.8943	-1.3444	-0.60268	-0.55447	-0.56854	-0.62466	-0.67581	-0.69983	-0.64546	-0.6397	-27.186
250.32	-0.5569	-0.45283	-0.32722	-0.23892	-0.12941	-0.088416	0.17327	0.35766	0.6327	0.86119	0.8875	0.65697	-0.11466	-0.8736	-1.6374	-2.2594	-3.0399	-3.7344	-3.9643	-3.6582	-1.7845	-1.2828	-0.47823	-0.54785	-0.5449	-0.58889	-0.63402	-0.69212	-0.65652	-0.66225	-27.138
248.12	-0.50103	-0.43302	-0.343	-0.25268	-0.11206	-0.023731	0.16914	0.32284	0.6509	0.83693	0.97772	0.59863	-0.097018	-0.86089	-1.5919	-2.2787	-3.122	-3.7329	-3.9749	-3.6326	-1.6705	-1.2644	-0.53193	-0.55239	-0.56168	-0.59954	-0.60289	-0.64947	-0.595	-0.55872	-27.146
248.56	-0.47407	-0.43812	-0.39143	-0.17383	-0.12412	-0.049636	0.10375	0.33484	0.6789	0.88614	0.96287	0.5847	-0.10887	-0.83493	-1.5619	-2.3364	-3.0853	-3.747	-3.899	-3.6005	-1.6626	-1.3702	-0.53221	-0.46847	-0.53755	-0.61062	-0.6617	-0.61587	-0.53721	-0.5271	-27.048
247.24	-0.51391	-0.45821	-0.33691	-0.2234	-0.13833	-0.089627	0.11085	0.33728	0.66392	0.85977	0.92655	0.64022	-0.067078	-0.80919	-1.5178	-2.2684	-3.0141	-3.6321	-3.875	-3.5945	-3.5042	-1.3644	-0.54824	-0.51312	-0.54635	-0.56583	-0.5691	-0.6095	-0.56524	-0.5793	-26.808
249.66	-0.47231	-0.41864	-0.33991	-0.29424	-0.21689	-0.089255	0.069153	0.29596	0.56874	0.8128	0.95189	0.6793	-0.030811	-0.76255	-1.4358	-2.103	-2.89	-3.5819	-3.7831	-3.5005	-2.3191	-1.2919	-0.52956	-0.50188	-0.56931	-0.57838	-0.56348	-0.5862	-0.52236	-0.57935	-26.396
251.42	-0.43233	-0.38093	-0.3628	-0.2681	-0.15639	-0.10802	0.056772	0.24456	0.54098	0.813	0.99361	0.71334	0.017675	-0.67686	-1.2476	-2.0077	-2.7267	-3.4436	-3.6481	-3.3801	-3.1839	-1.3423	-0.54427	-0.50473	-0.48576	-0.53964	-0.56018	-0.59346	-0.49997	-0.53939	-26.013
251.64	-0.42546	-0.40977	-0.38061	-0.2737	-0.16228	-0.13369	0.027971	0.25064	0.51133	0.86297	0.97925	0.76298	0.087758	-0.57698	-1.1808	-1.8958	-2.6134	-3.3408	-3.5702	-3.3138	-3.0889	-1.4444	-0.48806	-0.42181	-0.46853	-0.49747	-0.536	-0.56598	-0.48759	-0.48487	-25.603
247.46	-0.45754	-0.43415	-0.37494	-0.31485	-0.19255	-0.18945	0.0049949	0.18587	0.57374	0.82636	0.92568	0.78215	0.12622	-0.47297	-1.1601	-1.8463	-2.5628	-3.3025	-3.525	-3.3635	-2.4105	-1.4468	-0.47153	-0.45819	-0.52807	-0.43443	-0.54482	-0.49973	-0.47689	-0.46198	-25.173
248.34	-0.39417	-0.39217	-0.41054	-0.28341	-0.218	-0.18878	-0.053111	0.1724	0.48845	0.78538	0.95697	0.78606	0.20976	-0.41449	-1.0159	-1.7273	-2.4155	-3.1414	-3.4372	-3.2549	-2.5232	-1.3935	-0.49475	-0.49273	-0.40602	-0.48704	-0.48902	-0.49235	-0.43254	-0.45478	-24.567
248.56	-0.40632	-0.3971	-0.36664	-0.32583	-0.25117	-0.18187	-0.041532	0.1041	0.44566	0.74645	0.96999	0.83682	0.2871	-0.30764	-0.87566	-1.5766	-2.2381	-2.9845	-3.3242	-3.1494	-2.8228	-1.5066	-0.51339	-0.39731	-0.44013	-0.41511	-0.47717	-0.45435	-0.50018	-0.44248	-23.922
249.44	-0.37391	-0.41395	-0.38996	-0.2874	-0.21102	-0.18761	-0.070305	0.078948	0.44536	0.78866	0.99391	0.82147	0.35224	-0.2314	-0.72722	-1.4551	-2.1627	-2.8469	-3.2266	-3.0819	-3.4321	-1.4661	-0.5528	-0.37888	-0.36442	-0.44342	-0.44511	-0.45165	-0.41791	-0.422	-23.324
247.68	-0.41358	-0.35749	-0.34293	-0.33916	-0.25888	-0.26889	-0.07661	0.047986	0.39316	0.65987	0.97341	0.87888	0.4508	-0.16392	-0.67115	-1.3385	-1.9815	-2.7174	-3.161	-3.1084	-2.666	-1.5297	-0.57145	-0.41043	-0.3896	-0.32095	-0.47271	-0.41272	-0.42691	-0.40696	-22.605
249.66	-0.32356	-0.37277	-0.32753	-0.31808	-0.31674	-0.22106	-0.15157	0.078278	0.31267	0.68723	0.93782	0.90372	0.50671	-0.024729	-0.51241	-1.1363	-1.8161	-2.5817	-2.9741	-2.9883	-2.4948	-1.5085	-0.61006	-0.34715	-0.3356	-0.38404	-0.37427	-0.37166	-0.38025	-0.39185	-21.813
247.68	-0.28998	-0.29989	-0.34324	-0.35179	-0.29829	-0.27039	-0.14645	-0.015019	0.28538	0.60953	0.97367	0.9301	0.55248	0.080641	-0.4711	-0.97101	-1.6739	-2.4271	-2.8651	-2.9345	-2.4012	-1.3922	-0.68388	-0.4042	-0.34351	-0.3093	-0.38972	-0.41759	-0.34643	-0.32793	-20.962
251.64	-0.31053	-0.32949	-0.35566	-0.33998	-0.32803	-0.27083	-0.20852	-0.038961	0.26376	0.5868	0.8764	0.89735	0.6403	0.16025	-0.25859	-0.85674	-1.5172	-2.1881	-2.6421	-2.7609	-2.363	-1.5043	-0.701	-0.38822	-0.27044	-0.34705	-0.3654	-0.36963	-0.32235	-0.33558	-20.122
249.66	-0.35506	-0.30193	-0.35315	-0.35458	-0.31715	-0.31913	-0.21459	-0.064536	0.22953	0.528	0.88347	0.87884	0.7219	0.24974	-0.14091	-0.75688	-1.3782	-2.0249	-2.5242	-2.6098	-2.2847	-1.657	-0.78358	-0.43773	-0.30066	-0.36571	-0.33261	-0.2869	-0.31913	-0.27652	-19.245
251.42	-0.26101	-0.27183	-0.36874	-0.36411	-0.38114	-0.31744	-0.23125	-0.11331	0.12146	0.39867	0.86338	0.92368	0.74036	0.31004	-0.088074	-0.59797	-1.1399	-1.8503	-2.3738	-2.5597	-2.2029	-1.5859	-0.79095	-0.46963	-0.33235	-0.29878	-0.28981	-0.36964	-0.27992	-0.29871	-18.234
246.36	-0.25888	-0.24767	-0.35685	-0.39026	-0.36862	-0.33112	-0.27166	-0.24146	0.088143	0.38888	0.81055	0.92248	0.80415	0.44278	0.08672	-0.42961	-0.9669	-1.7389	-2.2301	-2.4253	-2.1897	-1.4032	-0.79045	-0.4002	-0.42161	-0.3279	-0.33228	-0.29436	-0.27163	-0.27411	-17.216
254.07	-0.20976	-0.22903	-0.33948	-0.36081	-0.38329	-0.41166	-0.36509	-0.2457	0.014792	0.31405	0.71891	0.87633	0.82693	0.48508	0.16711	-0.28075	-0.85151	-1.481	-2.0652	-2.237	-2.0506	-1.4142	-0.78275	-0.44624	-0.40796	-0.3595	-0.32677	-0.32316	-0.25848	-0.24835	-16.085
247.24	-0.27098	-0.21777	-0.33775	-0.37041	-0.39485	-0.41613	-0.39926	-0.32874	0.0094175	0.2584	0.74537	0.93196	0.86769	0.61852	0.27929	-0.16351	-0.64803	-1.3729	-1.8592	-2.1821	-1.979	-1.4698	-0.74798	-0.3751	-0.40731	-0.298	-0.33663	-0.31644	-0.24068	-0.21796	-15.021
250.76	-0.24952	-0.23816	-0.30264	-0.37754	-0.41533	-0.45676	-0.41082	-0.30565	-0.12762	0.2233	0.65246	0.86168	0.89172	0.61655	0.40124	0.0059186	-0.45808	-1.1655	-1.688	-1.9336	-1.9033	-1.5336	-0.87307	-0.29759	-0.39033	-0.30948	-0.31458	-0.25886	-0.18805	-0.25282	-13.849
245.92	-0.17884	-0.19617	-0.35182	-0.3789	-0.44338	-0.42483	-0.48987	-0.41251	-0.21397	0.13806	0.61618	0.85211	0.89701	0.70448	0.51709	0.1124	-0.3342	-1.0115	-1.558	-1.8811	-1.8504	-1.5835	-0.88379	-0.35849	-0.26509	-0.34824	-0.31936	-0.23102	-0.14268	-0.20787	-12.635
251.2	-0.11357	-0.17879	-0.32511	-0.39467	-0.40757	-0.50814	-0.51933	-0.48974	-0.2458	0.072322	0.51503	0.77083	0.88377	0.75748	0.57143	0.2145	-0.21643	-0.83808	-1.3426	-1.7791	-1.7278	-1.4855	-0.8605	-0.41706	-0.23698	-0.28087	-0.49525	-0.31607	-0.19364	-0.12331	-11.389
248.56	-0.17128	-0.15879	-0.31048	-0.36861	-0.47276	-0.46641	-0.55507	-0.48254	-0.34979	-0.022331	0.50642	0.76578	0.92973	0.78491	0.65758	0.35416	-0.036343	-0.60353	-1.206	-1.5726	-1.6439	-1.4176	-0.86792	-0.4696	-0.14855	-0.29781	-0.21479	-0.31399	-0.15231	-0.17328	-10.117
250.98	-0.16273	-0.16201	-0.30194	-0.40735	-0.46784	-0.56075	-0.58387	-0.55878	-0.41726	-0.11037	0.35031	0.68196	0.90793	0.81508	0.71096	0.38226	0.10766	-0.48286	-1.0378	-1.4664	-1.6153	-1.3152	-0.71846	-0.52276	-0.27054	-0.21	-0.21293	-0.18739	-0.1323	-0.13072	-8.7993
247.02	-0.089648	-0.08164	-0.28182	-0.41333	-0.50297	-0.54895	-0.65832	-0.64911	-0.53825	-0.22781	0.29381	0.62088	0.91095	0.85936	0.77611	0.57593	0.22893	-0.33484	-0.89154	-1.342	-1.4293	-1.3002	-1.0695	-0.56168	-0.16544	-0.11871	-0.15666	-0.23495	-0.084323	-0.057655	-7.4563
249.88	-0.10808	-0.087016	-0.37052	-0.4141	-0.4898	-0.57612	-0.70789	-0.75919	-0.63937	-0.34564	0.16663	0.47881	0.82316	0.86737	0.81316	0.6621	0.3445	-0.18395	-0.67474	-1.1349	-1.3349	-1.2499	-0.9066	-0.61434	-0.17507	-0.099922	-0.16617	-0.11997	-0.13948	-0.1246	-6.0692
250.54	-0.039999	-0.058933	-0.22779	-0.37743	-0.49603	-0.55545	-0.75818	-0.75759	-0.72065	-0.43324	0.0072659	0.43313	0.77312	0.85373	0.87085	0.7344	0.51207	0.025047	-0.4471	-0.92107	-1.1941	-1.1452	-0.9539	-0.61753	-0.22465	-0.065102	-0.036151	-0.17769	-0.065225	-0.004135	-4.6977
253.41	-0.075241	-0.029222	-0.24945	-0.4091	-0.52261	-0.67221	-0.81244	-0.86551	-0.8059	-0.62085	-0.13418	0.24443	0.71138	0.80679	0.86099	0.77561	0.56727	0.20305	-0.28862	-0.78364	-1.0914	-1.0689	-0.87601	-0.62899	-0.31337	-0.081975	-0.070669	-0.058944	-0.069522	-0.0089793	-3.3074
248.34	0.0026649	-0.047573	-0.19845	-0.3807	-0.6476	-0.66619	-0.8527	-0.96342	-0.95986	-0.77328	-0.31775	0.19719	0.60589	0.81681	0.83164	0.89042	0.67983	0.34887	-0.10855	-0.6645	-0.98108	-1.0242	-0.85063	-0.75344	-0.34841	-0.13661	0.0056984	0.030864	0.01491	0.044342	-1.8732
250.54	0.11351	0.010988	-0.23376	-0.41401	-0.52971	-0.68617	-0.90285	-1.0541	-1.0756	-0.91228	-0.42514	-0.067399	0.47538	0.71027	0.83058	0.85796	0.74227	0.46658	-0.0036343	-0.42286	-0.84109	-0.92727	-0.76222	-0.67158	-0.36275	-0.24737	-0.0066274	0.079543	0.1254	0.10501	-0.4326
