11481	2	11	88	27.5	751	1	0	17.4	1.494	128	4096	10	0	0	0	0	191.24	1019.1	1.4717e+006	0.12059	0.061589	41.914	0	0	1	0	0	0	9	0	0
993.69	0.15273	0.080144	-0.16013	-0.35878	-0.5263	-0.63754	-0.91614	-1.075	-1.1309	-0.95871	-0.56157	-0.086861	0.39789	0.71238	0.8503	0.87761	0.79634	0.50412	0.076999	-0.38283	-0.80435	-0.92462	-0.84535	-0.6823	-0.45447	-0.29821	-0.12339	0.044284	0.17017	0.16955	0.70341
992.42	0.14975	0.11527	-0.10105	-0.35161	-0.53716	-0.69808	-1.0136	-1.1185	-1.2057	-1.0809	-0.69403	-0.18729	0.33983	0.64412	0.80133	0.89738	0.83822	0.58591	0.16584	-0.30436	-0.70869	-0.84664	-0.79801	-0.67424	-0.44942	-0.315	-0.15334	0.052433	0.15176	0.18186	1.6026
993.48	0.1898	0.12971	-0.13999	-0.30556	-0.53311	-0.68403	-0.87836	-1.1641	-1.2597	-1.164	-0.81959	-0.31634	0.22985	0.58687	0.76208	0.87145	0.86234	0.6594	0.27736	-0.19617	-0.62196	-0.78471	-0.74735	-0.61133	-0.43603	-0.31329	-0.14882	0.045543	0.15471	0.18775	2.5082
995.39	0.18016	0.15577	-0.09928	-0.36876	-0.5304	-0.67618	-0.89398	-1.2226	-1.3602	-1.2696	-0.91648	-0.42366	0.11564	0.50589	0.71901	0.87141	0.86228	0.69188	0.3449	-0.092944	-0.51535	-0.73261	-0.71948	-0.59976	-0.41238	-0.30227	-0.16775	-0.008226	0.1807	0.20719	3.4165
996.87	0.17686	0.15968	-0.069697	-0.31369	-0.52657	-0.69845	-0.98448	-1.2599	-1.4179	-1.3676	-1.0669	-0.5374	0.012287	0.43157	0.63657	0.84369	0.88916	0.74637	0.4225	-0.023812	-0.45605	-0.65277	-0.67664	-0.63767	-0.40621	-0.29735	-0.17044	-0.015207	0.14793	0.18722	4.3403
997.09	0.18602	0.167	-0.052737	-0.29694	-0.5145	-0.70128	-0.96672	-1.3169	-1.4667	-1.456	-1.1788	-0.6902	-0.099931	0.36586	0.59829	0.81727	0.87649	0.79845	0.50641	0.075691	-0.3763	-0.59916	-0.62031	-0.55726	-0.38592	-0.28705	-0.17197	-0.051295	0.1558	0.19611	5.1545
995.18	0.17097	0.17897	-0.013979	-0.30364	-0.55402	-0.71927	-1.0241	-1.3399	-1.5772	-1.5718	-1.3161	-0.82089	-0.23975	0.23616	0.51941	0.80004	0.89073	0.83025	0.56978	0.16921	-0.27895	-0.53012	-0.59043	-0.53606	-0.3794	-0.27584	-0.19175	-0.082323	0.10622	0.15856	6.0722
994.96	0.16174	0.13244	-0.034135	-0.29143	-0.53407	-0.72605	-1.0607	-1.4277	-1.6552	-1.6897	-1.4757	-0.96991	-0.35997	0.13404	0.4228	0.741	0.87357	0.87268	0.62657	0.22411	-0.20817	-0.45129	-0.53755	-0.50203	-0.34223	-0.24616	-0.15293	-0.058177	0.075471	0.13721	6.9355
995.18	0.15717	0.1411	-0.027979	-0.27601	-0.53386	-0.73249	-1.0793	-1.4115	-1.7281	-1.7719	-1.6034	-1.1342	-0.51585	0.019652	0.34284	0.68794	0.84369	0.86235	0.68605	0.31565	-0.13713	-0.41257	-0.50153	-0.46184	-0.34085	-0.27431	-0.1978	-0.071512	0.049183	0.11605	7.7509
995.39	0.11522	0.10908	0.031053	-0.26861	-0.564	-0.75057	-1.088	-1.4958	-1.8082	-1.9049	-1.7411	-1.2596	-0.65799	-0.097967	0.22459	0.63811	0.80272	0.86885	0.71318	0.37669	-0.05141	-0.3514	-0.45648	-0.44705	-0.34916	-0.25938	-0.18273	-0.11068	0.05059	0.10232	8.5479
992.84	0.10632	0.10498	0.01086	-0.26469	-0.53513	-0.76739	-1.1141	-1.5649	-1.8832	-2.0115	-1.9014	-1.4294	-0.78724	-0.20812	0.13354	0.55715	0.77653	0.88795	0.77021	0.44368	0.0072523	-0.27921	-0.4062	-0.39321	-0.3155	-0.23474	-0.19075	-0.097465	0.013422	0.079691	9.336
991.14	0.084711	0.077343	-0.014006	-0.24702	-0.55962	-0.76708	-1.1758	-1.6079	-1.9794	-2.1106	-2.047	-1.5873	-0.96775	-0.35025	0.050167	0.49557	0.72444	0.86915	0.81961	0.51226	0.087488	-0.23189	-0.36941	-0.36265	-0.30194	-0.22483	-0.18351	-0.1016	0.035176	0.046258	10.109
990.08	0.046003	0.043824	0.0031697	-0.23492	-0.53834	-0.76114	-1.1947	-1.608	-2.055	-2.2357	-2.2212	-1.7528	-1.1133	-0.4971	-0.10361	0.39613	0.67969	0.88368	0.83075	0.5564	0.14061	-0.1468	-0.30103	-0.32578	-0.28353	-0.19383	-0.15538	-0.10977	0.01983	0.03577	10.894
987.11	0.02892	0.018943	0.001515	-0.23885	-0.51978	-0.79196	-1.2041	-1.7184	-2.1064	-2.3465	-2.3639	-1.9419	-1.2997	-0.62523	-0.21653	0.31884	0.60572	0.87103	0.86382	0.62455	0.20175	-0.1232	-0.27049	-0.2954	-0.2627	-0.20341	-0.14529	-0.11702	0.0011596	0.046442	11.562
984.99	-0.0038462	0.016156	-0.015677	-0.24516	-0.52589	-0.76022	-1.223	-1.7207	-2.2136	-2.4722	-2.493	-2.1044	-1.4722	-0.79935	-0.33316	0.23468	0.55162	0.83209	0.88474	0.66822	0.28138	-0.052798	-0.23645	-0.29013	-0.23709	-0.20222	-0.16806	-0.11177	-0.0021014	0.036044	12.217
984.99	-0.024173	-0.010444	-0.054962	-0.19783	-0.48015	-0.77182	-1.239	-1.7693	-2.2573	-2.5684	-2.6643	-2.2724	-1.6374	-0.94205	-0.4778	0.12138	0.4629	0.82174	0.89205	0.71377	0.31341	-0.0090781	-0.18294	-0.24798	-0.2428	-0.19466	-0.13795	-0.12673	-0.034765	0.0053479	12.866
984.56	-0.02104	-0.044252	-0.080063	-0.20102	-0.49591	-0.7723	-1.2601	-1.786	-2.332	-2.6674	-2.807	-2.4365	-1.82	-1.1105	-0.61115	0.01594	0.4013	0.77778	0.90278	0.7415	0.37896	0.03607	-0.15778	-0.22421	-0.22581	-0.17988	-0.15778	-0.11721	-0.052218	-0.0068992	13.45
984.35	-0.071066	-0.088452	-0.070665	-0.20403	-0.50937	-0.79562	-1.2694	-1.8319	-2.4082	-2.7674	-2.9507	-2.5707	-1.9748	-1.2645	-0.76419	-0.07675	0.32378	0.75592	0.89705	0.75805	0.43075	0.088823	-0.12006	-0.19721	-0.20248	-0.15158	-0.126	-0.11309	-0.053684	-0.022373	14.047
981.8	-0.077461	-0.11524	-0.13847	-0.19241	-0.4563	-0.73581	-1.3021	-1.8714	-2.5234	-2.8662	-3.0986	-2.762	-2.147	-1.39	-0.88762	-0.17301	0.23096	0.71854	0.91399	0.78925	0.44714	0.10703	-0.095191	-0.17527	-0.20456	-0.18342	-0.13543	-0.1094	-0.05229	-0.028607	14.541
978.4	-0.11242	-0.11273	-0.13583	-0.19311	-0.46313	-0.72314	-1.2799	-1.8859	-2.5807	-2.9408	-3.2008	-2.8963	-2.3084	-1.5751	-1.0092	-0.28124	0.16008	0.65591	0.90237	0.82629	0.49619	0.15134	-0.067034	-0.13817	-0.17321	-0.15995	-0.15265	-0.10574	-0.061934	-0.061117	15.027
975.64	-0.14423	-0.17242	-0.14101	-0.19661	-0.425	-0.75562	-1.3	-1.9309	-2.5788	-3.0333	-3.3419	-3.018	-2.4371	-1.701	-1.141	-0.39148	0.083785	0.64227	0.88573	0.83849	0.53446	0.19278	-0.035491	-0.13855	-0.17511	-0.14382	-0.11202	-0.11971	-0.084174	-0.10937	15.527
975.22	-0.14109	-0.20227	-0.17589	-0.22618	-0.3637	-0.67478	-1.311	-1.9302	-2.5632	-3.0994	-3.4369	-3.1592	-2.5835	-1.8026	-1.2537	-0.45509	0.016729	0.61688	0.89948	0.86356	0.56705	0.22333	0.010587	-0.11289	-0.15032	-0.14991	-0.12414	-0.12807	-0.096886	-0.087799	15.912
971.6	-0.20508	-0.24755	-0.19554	-0.23475	-0.39094	-0.69289	-1.286	-1.9598	-2.6109	-3.1793	-3.5489	-3.2719	-2.7129	-1.9683	-1.3691	-0.55868	-0.044142	0.55879	0.87612	0.87663	0.60465	0.24849	0.012105	-0.11945	-0.15677	-0.14134	-0.13997	-0.13819	-0.10041	-0.070941	16.325
971.39	-0.21463	-0.26704	-0.22729	-0.23335	-0.34293	-0.60995	-1.2415	-1.9379	-2.6344	-3.1996	-3.6117	-3.3603	-2.7857	-2.0235	-1.4326	-0.61469	-0.10353	0.54498	0.88817	0.87845	0.59245	0.25775	0.02969	-0.095215	-0.14514	-0.13987	-0.15066	-0.13401	-0.10993	-0.10048	16.612
969.05	-0.14039	-0.29313	-0.24569	-0.27115	-0.29387	-0.54	-1.2101	-1.9264	-2.6363	-3.2301	-3.6453	-3.4363	-2.8787	-2.1089	-1.4993	-0.66562	-0.1537	0.5014	0.87101	0.88552	0.62938	0.27054	0.031394	-0.095367	-0.13071	-0.14934	-0.13264	-0.13426	-0.134	-0.11628	16.85
968.41	-0.26116	-0.36511	-0.26951	-0.26062	-0.36983	-0.56432	-1.2065	-1.9134	-2.5627	-3.2698	-3.7028	-3.4767	-2.9237	-2.1747	-1.567	-0.72207	-0.16668	0.4948	0.87155	0.90593	0.64374	0.31662	0.05537	-0.075675	-0.13668	-0.12965	-0.14195	-0.14824	-0.14369	-0.16168	17.17
967.14	-0.16772	-0.33753	-0.31934	-0.32016	-0.34091	-0.48515	-1.1752	-1.8824	-2.6172	-3.2759	-3.7417	-3.543	-3.0112	-2.2344	-1.6258	-0.77283	-0.23311	0.47974	0.85487	0.90719	0.6555	0.30021	0.065035	-0.077297	-0.14132	-0.16183	-0.15902	-0.14682	-0.18369	-0.19294	17.317
965.23	-0.30351	-0.36361	-0.35681	-0.31792	-0.38475	-0.48952	-1.1071	-1.8894	-2.6101	-3.2923	-3.7618	-3.575	-3.0464	-2.271	-1.6512	-0.79025	-0.24793	0.44619	0.85368	0.90894	0.65541	0.30545	0.044418	-0.081979	-0.1459	-0.159	-0.17453	-0.18753	-0.15535	-0.19494	17.476
966.29	-0.30493	-0.40478	-0.36268	-0.34381	-0.41022	-0.45264	-1.056	-1.8262	-2.5608	-3.2723	-3.7433	-3.5445	-3.0153	-2.2605	-1.6581	-0.78795	-0.23162	0.45415	0.8467	0.89311	0.6545	0.32358	0.052352	-0.098652	-0.15759	-0.1559	-0.17295	-0.18469	-0.22057	-0.22306	17.596
966.93	-0.31437	-0.43908	-0.38978	-0.36076	-0.38212	-0.43014	-1.0194	-1.7957	-2.4993	-3.2405	-3.7209	-3.5402	-3.0178	-2.2475	-1.6312	-0.76807	-0.238	0.46242	0.85047	0.90067	0.6432	0.3003	0.047521	-0.095564	-0.15751	-0.17407	-0.19113	-0.1998	-0.2173	-0.23868	17.62
969.69	-0.26107	-0.36302	-0.39019	-0.40477	-0.38095	-0.41846	-0.96088	-1.7443	-2.4798	-3.1825	-3.6554	-3.4623	-2.9616	-2.2091	-1.6028	-0.73728	-0.20839	0.46465	0.85543	0.89648	0.66618	0.3072	0.042589	-0.09688	-0.17478	-0.17355	-0.19672	-0.21854	-0.21823	-0.24089	17.681
970.96	-0.35899	-0.41891	-0.41676	-0.42593	-0.45078	-0.48096	-0.91081	-1.6589	-2.4167	-3.1326	-3.6063	-3.4346	-2.8963	-2.1531	-1.5545	-0.7252	-0.19043	0.48629	0.85889	0.88708	0.62826	0.30361	0.044152	-0.098202	-0.1744	-0.18847	-0.20111	-0.22515	-0.26414	-0.29386	17.675
971.18	-0.36496	-0.4059	-0.42947	-0.4462	-0.47512	-0.46926	-0.80731	-1.6284	-2.3908	-3.0897	-3.5472	-3.371	-2.8743	-2.1352	-1.5459	-0.69958	-0.18094	0.49139	0.85867	0.89345	0.63276	0.27015	0.026477	-0.12246	-0.18918	-0.20504	-0.20865	-0.24569	-0.23355	-0.26397	17.648
973.94	-0.40185	-0.42701	-0.44914	-0.42642	-0.44626	-0.47469	-0.78507	-1.5969	-2.3363	-3.0356	-3.4982	-3.3384	-2.7941	-2.0714	-1.4852	-0.6753	-0.14663	0.51603	0.86959	0.89431	0.61864	0.2844	0.020139	-0.12212	-0.19446	-0.21359	-0.20504	-0.22995	-0.25994	-0.30185	17.608
972.24	-0.39162	-0.50799	-0.43688	-0.47517	-0.42614	-0.48179	-0.72931	-1.5757	-2.2916	-2.9953	-3.4299	-3.2633	-2.762	-2.017	-1.4417	-0.63176	-0.12921	0.5273	0.8725	0.88923	0.60423	0.24226	0.012146	-0.13299	-0.2095	-0.22923	-0.24798	-0.26218	-0.2589	-0.28245	17.544
972.03	-0.40777	-0.50116	-0.46526	-0.54973	-0.48787	-0.55107	-0.72669	-1.5061	-2.2676	-2.9359	-3.3529	-3.1814	-2.6751	-1.9517	-1.384	-0.56027	-0.089176	0.54461	0.86975	0.88609	0.60587	0.23925	-0.010173	-0.17099	-0.20669	-0.23229	-0.25724	-0.28145	-0.28749	-0.32127	17.473
970.54	-0.44594	-0.47014	-0.43615	-0.47777	-0.51802	-0.50645	-0.65151	-1.4618	-2.1944	-2.8736	-3.2924	-3.102	-2.5871	-1.8808	-1.3265	-0.52451	-0.042854	0.56615	0.86658	0.86112	0.58824	0.22288	-0.034135	-0.17878	-0.23922	-0.25389	-0.25748	-0.28459	-0.30523	-0.29668	17.372
970.33	-0.40077	-0.49454	-0.53841	-0.47802	-0.49111	-0.47978	-0.62467	-1.4169	-2.1562	-2.7712	-3.1792	-2.9848	-2.4889	-1.7475	-1.1986	-0.42875	0.044043	0.60597	0.91432	0.87279	0.56064	0.18625	-0.054892	-0.19399	-0.27159	-0.27216	-0.29577	-0.29171	-0.30882	-0.32212	17.087
970.12	-0.41931	-0.46467	-0.46501	-0.50446	-0.49438	-0.4372	-0.54992	-1.325	-2.0699	-2.7022	-3.0882	-2.87	-2.3745	-1.6643	-1.1409	-0.35388	0.095494	0.6391	0.90127	0.84836	0.55299	0.16032	-0.086803	-0.24123	-0.27312	-0.28131	-0.30496	-0.32058	-0.29263	-0.31863	16.807
969.27	-0.47236	-0.49788	-0.53518	-0.43306	-0.5086	-0.4666	-0.59841	-1.2909	-2.0225	-2.6409	-2.9949	-2.7928	-2.2548	-1.5546	-1.0376	-0.30783	0.13907	0.67076	0.8946	0.83086	0.48546	0.13448	-0.11082	-0.25818	-0.31453	-0.29674	-0.31432	-0.31677	-0.34862	-0.38604	16.517
970.33	-0.40679	-0.40479	-0.4474	-0.47504	-0.48737	-0.47826	-0.60395	-1.2908	-1.9793	-2.5744	-2.8942	-2.6706	-2.1355	-1.4548	-0.90499	-0.20372	0.22732	0.71671	0.91305	0.83167	0.47105	0.097626	-0.13939	-0.2625	-0.30099	-0.32227	-0.30949	-0.32886	-0.28488	-0.29714	16.108
971.81	-0.36875	-0.38021	-0.49953	-0.49293	-0.48809	-0.44664	-0.5951	-1.3253	-2.0167	-2.5313	-2.8242	-2.5788	-2.0508	-1.3434	-0.85072	-0.14922	0.26714	0.71914	0.91893	0.7875	0.45029	0.051714	-0.16163	-0.28202	-0.32262	-0.31879	-0.3167	-0.30238	-0.2861	-0.27948	15.692
971.17	-0.31169	-0.38397	-0.43416	-0.47918	-0.40933	-0.39078	-0.59829	-1.3153	-2.0289	-2.4796	-2.7395	-2.5016	-1.9649	-1.2527	-0.76105	-0.088846	0.30737	0.76102	0.92424	0.80613	0.41353	0.030421	-0.18702	-0.30488	-0.32883	-0.34651	-0.32452	-0.29815	-0.27058	-0.2581	15.28
971.81	-0.35971	-0.33997	-0.3815	-0.37605	-0.42463	-0.38254	-0.58587	-1.3287	-1.9619	-2.4633	-2.6881	-2.4156	-1.867	-1.1893	-0.70763	-0.024937	0.36326	0.77274	0.90573	0.758	0.39172	-0.0031448	-0.21731	-0.34404	-0.36067	-0.32163	-0.34098	-0.32695	-0.30319	-0.26046	14.861
973.09	-0.32661	-0.33823	-0.35732	-0.36329	-0.34909	-0.29053	-0.65684	-1.338	-1.901	-2.416	-2.6225	-2.3396	-1.7692	-1.0801	-0.61464	0.033867	0.4158	0.82503	0.93408	0.74704	0.34489	-0.036584	-0.2314	-0.36635	-0.37477	-0.34241	-0.32838	-0.31132	-0.29344	-0.29611	14.4
977.34	-0.27952	-0.29528	-0.33516	-0.33878	-0.34084	-0.28248	-0.6971	-1.3419	-2.0651	-2.3442	-2.5125	-2.2243	-1.6622	-0.97641	-0.517	0.10187	0.44428	0.80762	0.89007	0.70443	0.30185	-0.072895	-0.27796	-0.37978	-0.39073	-0.37267	-0.33005	-0.332	-0.26694	-0.24387	13.915
979.68	-0.23932	-0.23372	-0.22248	-0.28865	-0.2242	-0.26171	-0.66276	-1.3466	-1.8629	-2.2933	-2.4009	-2.109	-1.5286	-0.87197	-0.42774	0.17276	0.50369	0.83306	0.88068	0.67166	0.25833	-0.10594	-0.30879	-0.41501	-0.41599	-0.3748	-0.35179	-0.32429	-0.25994	-0.24157	13.314
981.37	-0.15117	-0.19794	-0.33764	-0.27435	-0.22243	-0.24777	-0.72215	-1.3333	-1.9749	-2.2136	-2.318	-2.0006	-1.4167	-0.74805	-0.34098	0.23081	0.54892	0.85554	0.89235	0.65264	0.20442	-0.16167	-0.33523	-0.42785	-0.41804	-0.39805	-0.36933	-0.27735	-0.22188	-0.19664	12.717
982.44	-0.19979	-0.19628	-0.23418	-0.22618	-0.2019	-0.251	-0.77199	-1.3367	-1.9017	-2.1615	-2.2018	-1.8826	-1.2906	-0.65682	-0.22606	0.31709	0.59744	0.87352	0.86054	0.61611	0.18123	-0.18252	-0.37259	-0.46186	-0.44674	-0.37224	-0.3478	-0.30841	-0.2278	-0.19795	12.14
984.14	-0.13028	-0.14726	-0.17775	-0.14899	-0.16074	-0.25395	-0.82505	-1.3219	-1.8395	-2.0919	-2.1018	-1.7505	-1.1566	-0.54153	-0.13297	0.36845	0.65347	0.87702	0.862	0.58418	0.13382	-0.22745	-0.4034	-0.47607	-0.44154	-0.36247	-0.35617	-0.27542	-0.17261	-0.1406	11.44
983.29	-0.11967	-0.16375	-0.15713	-0.13212	-0.13541	-0.31945	-0.84193	-1.3387	-1.8123	-2.0279	-2.0196	-1.6604	-1.0604	-0.43081	-0.042122	0.43812	0.68577	0.888	0.83779	0.52768	0.068382	-0.28191	-0.42585	-0.49307	-0.45215	-0.40337	-0.32642	-0.26176	-0.17129	-0.12227	10.746
981.8	-0.093184	-0.11103	-0.069324	-0.078512	-0.1478	-0.37194	-0.85376	-1.3313	-1.7728	-1.9715	-1.9088	-1.5306	-0.91938	-0.34091	0.037111	0.49878	0.75512	0.89118	0.81278	0.4798	0.02118	-0.32007	-0.49119	-0.53133	-0.49489	-0.35258	-0.37676	-0.2691	-0.15267	-0.1195	10.038
979.89	-0.061828	-0.048752	-0.058287	-0.061778	-0.15646	-0.39783	-0.87876	-1.3007	-1.7216	-1.8978	-1.8001	-1.4088	-0.80529	-0.21887	0.1302	0.56923	0.78521	0.8962	0.7936	0.43316	-0.030815	-0.37061	-0.50796	-0.55501	-0.5032	-0.43186	-0.34575	-0.26129	-0.15146	-0.08259	9.3166
979.89	-0.013099	-0.016135	-0.020523	-0.053873	-0.20388	-0.45681	-0.85979	-1.2864	-1.6853	-1.8076	-1.6845	-1.2845	-0.69586	-0.12502	0.22309	0.63236	0.80749	0.88432	0.73772	0.38256	-0.099703	-0.43108	-0.54747	-0.56854	-0.50606	-0.42288	-0.36388	-0.24224	-0.10722	-0.042402	8.5772
980.74	0.0088078	-0.010404	0.015674	-0.02921	-0.24943	-0.50491	-0.86915	-1.2395	-1.6247	-1.7464	-1.5847	-1.1475	-0.55829	-0.029342	0.29557	0.66663	0.85289	0.87162	0.69885	0.31543	-0.14999	-0.47752	-0.58643	-0.60859	-0.51295	-0.44061	-0.35448	-0.25016	-0.078936	-0.011613	7.878
982.22	0.01969	0.028133	0.026573	-0.064594	-0.2866	-0.50265	-0.85924	-1.2916	-1.5785	-1.6716	-1.4686	-1.0609	-0.47093	0.064336	0.37608	0.71125	0.85481	0.87712	0.66695	0.26289	-0.21689	-0.53267	-0.62039	-0.62882	-0.50457	-0.45046	-0.3659	-0.25001	-0.08209	0.0036519	7.0759
983.07	0.066705	0.079542	0.048842	-0.08897	-0.32512	-0.50532	-0.86153	-1.2963	-1.5226	-1.5944	-1.3501	-0.94237	-0.34614	0.14206	0.44835	0.76425	0.87957	0.85425	0.61808	0.19926	-0.28079	-0.59706	-0.67495	-0.66273	-0.55239	-0.43798	-0.36282	-0.21677	-0.033358	0.038862	6.2784
984.35	0.10395	0.089752	0.069187	-0.052313	-0.33497	-0.53495	-0.85291	-1.153	-1.4513	-1.4961	-1.268	-0.83013	-0.22597	0.22902	0.51651	0.78368	0.90375	0.83271	0.56304	0.111	-0.35498	-0.64001	-0.70701	-0.69042	-0.6011	-0.44342	-0.36366	-0.21801	-0.022427	0.069857	5.4726
986.26	0.14599	0.11593	0.072135	-0.10708	-0.34947	-0.52386	-0.81594	-1.1962	-1.3971	-1.3922	-1.1258	-0.70461	-0.13467	0.30794	0.58463	0.82455	0.88449	0.79356	0.50044	0.062062	-0.43798	-0.70486	-0.75282	-0.70396	-0.54471	-0.47847	-0.37954	-0.20418	0.0057277	0.081864	4.6557
989.66	0.13914	0.14631	0.081189	-0.12202	-0.35834	-0.5186	-0.78813	-1.1262	-1.3171	-1.3249	-1.0052	-0.57882	-0.019512	0.39515	0.62942	0.85766	0.89097	0.77387	0.44325	-0.014197	-0.48953	-0.7533	-0.78781	-0.74179	-0.56451	-0.44997	-0.3334	-0.1952	0.027527	0.1212	3.8112
993.9	0.16187	0.15436	0.046725	-0.14883	-0.36356	-0.52956	-0.78321	-1.1027	-1.2516	-1.2095	-0.89883	-0.46315	0.075187	0.47999	0.70021	0.85407	0.873	0.71316	0.37459	-0.10751	-0.59156	-0.82164	-0.82346	-0.76976	-0.58646	-0.47161	-0.34382	-0.15393	0.041392	0.12838	2.89
994.75	0.20516	0.16013	0.058962	-0.1822	-0.36172	-0.51424	-0.77223	-1.0489	-1.1938	-1.1116	-0.76489	-0.33842	0.18327	0.55018	0.75628	0.87669	0.8598	0.64686	0.29447	-0.18471	-0.66336	-0.88349	-0.86787	-0.77798	-0.60197	-0.45508	-0.3347	-0.14026	0.10334	0.14493	2.0242
999	0.18413	0.17103	0.043293	-0.17998	-0.35179	-0.52192	-0.7357	-0.97913	-1.107	-1.0216	-0.65487	-0.21167	0.28986	0.6087	0.76784	0.87291	0.84671	0.60044	0.19641	-0.29922	-0.74908	-0.93465	-0.91376	-0.80868	-0.59499	-0.44282	-0.31688	-0.13965	0.10593	0.1777	1.1547
998.79	0.19819	0.1668	0.012343	-0.20862	-0.34676	-0.48744	-0.6895	-0.95601	-1.0432	-0.94101	-0.54312	-0.14104	0.35113	0.6619	0.81617	0.88241	0.79539	0.53514	0.11572	-0.38254	-0.82869	-1.0105	-0.94491	-0.8337	-0.62348	-0.47384	-0.3287	-0.11687	0.11837	0.18834	0.27198
1000.3	0.19163	0.18385	-0.030934	-0.19182	-0.37962	-0.48182	-0.68415	-0.89885	-0.9674	-0.83539	-0.41503	-0.014042	0.45348	0.7124	0.83476	0.89191	0.77233	0.46388	5.0042e-005	-0.47955	-0.9115	-1.0727	-0.99927	-0.87404	-0.62404	-0.4687	-0.32386	-0.12347	0.12893	0.19855	-0.60046
996.45	0.17385	0.13079	-0.012468	-0.17276	-0.35604	-0.492	-0.68829	-0.85713	-0.89206	-0.75451	-0.32856	0.087473	0.53459	0.75117	0.85458	0.84403	0.73926	0.39157	-0.085422	-0.60029	-1.0383	-1.1467	-1.0482	-0.91592	-0.64792	-0.44833	-0.29095	-0.066162	0.15578	0.17965	-1.4788
995.6	0.17247	0.11191	-0.074452	-0.22768	-0.37297	-0.46926	-0.70044	-0.81584	-0.84653	-0.65674	-0.22683	0.17306	0.59499	0.79729	0.87863	0.8432	0.67573	0.27908	-0.20717	-0.71811	-1.1235	-1.237	-1.1035	-0.94038	-0.64705	-0.47987	-0.32835	-0.064827	0.14043	0.16908	-2.4021
993.69	0.13561	0.088872	-0.040404	-0.20822	-0.35196	-0.46017	-0.62158	-0.74248	-0.76743	-0.58333	-0.13561	0.28157	0.66214	0.82392	0.86363	0.79657	0.62058	0.18353	-0.32364	-0.84827	-1.2147	-1.3079	-1.143	-0.95112	-0.66117	-0.45849	-0.31257	-0.056849	0.14532	0.17556	-3.2386
994.97	0.11993	0.069785	-0.10403	-0.23079	-0.34646	-0.4414	-0.631	-0.72907	-0.69029	-0.48249	-0.0213	0.34576	0.72575	0.85421	0.85751	0.74571	0.51943	0.072	-0.45518	-0.97424	-1.3351	-1.3599	-1.1898	-0.94086	-0.67181	-0.49345	-0.27652	-0.056767	0.13429	0.13889	-4.1259
996.66	0.1199	0.081306	-0.10228	-0.2394	-0.34265	-0.39765	-0.57042	-0.66871	-0.61763	-0.39773	0.077053	0.43054	0.76041	0.84333	0.85439	0.69782	0.42942	-0.052585	-0.60494	-1.101	-1.4216	-1.4393	-1.236	-0.98079	-0.66919	-0.48073	-0.26124	-0.011048	0.10473	0.12345	-4.9816
1000.5	0.097769	0.02307	-0.089543	-0.20229	-0.31625	-0.47335	-0.53919	-0.59328	-0.54685	-0.31403	0.15416	0.51238	0.79928	0.84014	0.8031	0.61009	0.34207	-0.17812	-0.75545	-1.2536	-1.5376	-1.5108	-1.2948	-1.0154	-0.70227	-0.47603	-0.27799	-0.0015752	0.08582	0.12603	-5.8449
1001.1	0.085343	0.028836	-0.089467	-0.21419	-0.30436	-0.40905	-0.49839	-0.55888	-0.46493	-0.19866	0.25538	0.58896	0.83301	0.85993	0.78276	0.54637	0.22197	-0.32022	-0.88889	-1.3838	-1.6563	-1.6002	-1.3853	-1.0397	-0.69755	-0.49624	-0.27633	0.0064878	0.074947	0.091157	-6.686
1003	0.043833	0.027339	-0.086232	-0.20633	-0.29386	-0.38203	-0.46129	-0.50055	-0.39438	-0.13363	0.33386	0.63593	0.8538	0.81935	0.74989	0.47738	0.14534	-0.44839	-1.044	-1.5184	-1.7594	-1.6621	-1.4026	-1.0554	-0.7062	-0.4527	-0.22699	0.014445	0.06868	0.068462	-7.4854
1004.3	0.013136	0.0028077	-0.10921	-0.20152	-0.27025	-0.37499	-0.44194	-0.44284	-0.33325	-0.057998	0.39673	0.67344	0.87649	0.7966	0.6913	0.38596	0.024137	-0.58798	-1.1748	-1.6598	-1.8751	-1.7354	-1.4582	-1.0922	-0.72792	-0.4448	-0.22093	-0.020268	0.019515	0.024698	-8.2626
1006.4	0.023785	-0.018811	-0.095188	-0.2026	-0.2697	-0.31363	-0.39783	-0.40946	-0.27636	0.022269	0.45754	0.7168	0.84948	0.76235	0.64039	0.28041	-0.12477	-0.75521	-1.3359	-1.7948	-1.9918	-1.8318	-1.4744	-1.0885	-0.72215	-0.47731	-0.2174	-0.021529	0.02255	0.024695	-9.1041
1008.3	-0.00072174	-0.014461	-0.079675	-0.17822	-0.26585	-0.30652	-0.36259	-0.33341	-0.19929	0.086433	0.54024	0.76795	0.87447	0.7284	0.5439	0.17401	-0.24821	-0.91671	-1.5221	-1.9707	-2.0906	-1.8916	-1.4123	-1.1582	-0.76187	-0.46366	-0.17307	-0.040061	-0.018745	0.015667	-9.8683
1006.8	0.0085085	-0.03608	-0.095127	-0.14707	-0.17373	-0.32165	-0.32138	-0.29995	-0.12131	0.18083	0.59577	0.79306	0.84172	0.67054	0.46238	0.0558	-0.41742	-1.0896	-1.6921	-2.0975	-2.1994	-1.9678	-1.4727	-1.1584	-0.69785	-0.44367	-0.16146	-0.056169	-0.029478	-0.01436	-10.591
1006.8	-0.025073	-0.03026	-0.11503	-0.18148	-0.24808	-0.25623	-0.28395	-0.25377	-0.075574	0.21218	0.66235	0.81376	0.82532	0.6085	0.36031	-0.074946	-0.57236	-1.2779	-1.8984	-2.2724	-2.3335	-2.043	-1.5466	-1.1774	-0.74182	-0.45846	-0.16156	-0.066773	-0.073867	-0.054885	-11.291
1007.9	-0.04648	-0.064763	-0.093542	-0.16783	-0.22134	-0.24615	-0.25923	-0.20583	-0.019453	0.27623	0.68387	0.8416	0.81566	0.55679	0.2762	-0.1962	-0.70784	-1.4412	-2.0539	-2.4209	-2.4277	-2.1202	-1.6018	-1.1967	-0.75939	-0.44325	-0.18336	-0.10135	-0.044741	-0.044459	-11.963
1007.5	-0.040341	-0.067688	-0.10423	-0.14841	-0.19338	-0.21851	-0.22338	-0.17811	0.027784	0.34227	0.73027	0.84195	0.75521	0.48576	0.19068	-0.33153	-0.88152	-1.6282	-2.2265	-2.5632	-2.5521	-2.2285	-1.6116	-1.2059	-0.71434	-0.39656	-0.18638	-0.12265	-0.075394	-0.05784	-12.663
1007.9	-0.069426	-0.049037	-0.099656	-0.13338	-0.18995	-0.18575	-0.18591	-0.11652	0.070506	0.38599	0.76581	0.86229	0.75197	0.42363	0.095366	-0.43881	-1.0048	-1.7656	-2.3858	-2.6923	-2.6239	-2.2392	-1.634	-1.2157	-0.68867	-0.35696	-0.22303	-0.13317	-0.11205	-0.11337	-13.272
1006.6	-0.075549	-0.066379	-0.11053	-0.12771	-0.17534	-0.18603	-0.17752	-0.088978	0.14294	0.42257	0.78385	0.8522	0.71287	0.37291	-0.0016985	-0.56865	-1.1503	-1.9079	-2.5466	-2.8404	-2.7315	-2.2422	-1.6576	-1.1865	-0.65421	-0.35896	-0.20565	-0.17992	-0.13667	-0.12095	-13.874
1004.5	-0.10482	-0.080918	-0.12157	-0.15637	-0.18729	-0.16182	-0.14906	-0.067538	0.16096	0.46122	0.8249	0.85724	0.67426	0.29758	-0.09078	-0.68079	-1.2971	-2.0821	-2.6928	-2.9547	-2.806	-2.1072	-1.6519	-1.1699	-0.58038	-0.30399	-0.21641	-0.16964	-0.14306	-0.15274	-14.39
1007.1	-0.098432	-0.096449	-0.1043	-0.14246	-0.16365	-0.17771	-0.11407	-0.025693	0.20788	0.50408	0.83319	0.87421	0.63402	0.22859	-0.19097	-0.78525	-1.4177	-2.2102	-2.8263	-3.0649	-2.8793	-2.204	-1.6862	-1.1714	-0.55917	-0.31486	-0.23353	-0.20112	-0.24689	-0.16585	-14.892
1006.8	-0.1321	-0.12248	-0.13348	-0.1485	-0.15544	-0.14664	-0.10983	-0.0087772	0.23001	0.54189	0.84864	0.84569	0.5868	0.165	-0.27166	-0.90233	-1.5559	-2.3389	-2.9316	-3.1547	-2.944	-2.3473	-1.6881	-1.0924	-0.51357	-0.33249	-0.30101	-0.22387	-0.21918	-0.17475	-15.358
1007.7	-0.14121	-0.12376	-0.14711	-0.14985	-0.15685	-0.13024	-0.09101	-0.0010902	0.23131	0.54446	0.85136	0.84335	0.53743	0.095316	-0.34203	-0.97973	-1.6519	-2.4532	-3.0206	-3.2376	-2.9845	-2.347	-1.6836	-1.0769	-0.46803	-0.37752	-0.36111	-0.26741	-0.23758	-0.17039	-15.763
1004.5	-0.15084	-0.15161	-0.13075	-0.1278	-0.1541	-0.15199	-0.091354	0.015842	0.26008	0.56976	0.854	0.83165	0.55255	0.087931	-0.37432	-1.0351	-1.6974	-2.5177	-3.089	-3.294	-3.0268	-2.3264	-1.6565	-1.0069	-0.40712	-0.35672	-0.34016	-0.32165	-0.27505	-0.19193	-16.079
1001.5	-0.19273	-0.18236	-0.15734	-0.15681	-0.13462	-0.13757	-0.094516	0.0097188	0.27571	0.5841	0.86	0.82612	0.50348	0.041399	-0.42516	-1.1048	-1.7929	-2.5939	-3.1674	-3.3422	-3.0463	-2.3393	-1.6738	-0.92591	-0.40684	-0.40492	-0.36928	-0.35741	-0.31434	-0.23008	-16.412
998.57	-0.19331	-0.18739	-0.14856	-0.13325	-0.15999	-0.13474	-0.072998	0.045361	0.29437	0.58108	0.87982	0.83342	0.5005	0.0024208	-0.47121	-1.1483	-1.8295	-2.6386	-3.226	-3.3827	-3.066	-2.3034	-1.6215	-0.83853	-0.43101	-0.41042	-0.38076	-0.3882	-0.30588	-0.22929	-16.657
999.42	-0.18856	-0.19297	-0.15777	-0.1602	-0.13485	-0.13134	-0.070064	0.048345	0.31344	0.59632	0.88078	0.81332	0.48813	-0.00075833	-0.5007	-1.1847	-1.8732	-2.6566	-3.2435	-3.391	-3.0573	-2.3104	-1.5439	-0.76994	-0.42062	-0.48873	-0.36396	-0.40773	-0.30124	-0.24425	-16.922
998.36	-0.1933	-0.17855	-0.17035	-0.16033	-0.16011	-0.13312	-0.052756	0.051709	0.31088	0.61135	0.88697	0.83368	0.47688	-0.039675	-0.51946	-1.206	-1.8845	-2.7081	-3.2744	-3.4042	-3.0305	-2.283	-1.5072	-0.68519	-0.461	-0.45029	-0.49539	-0.38928	-0.36933	-0.25227	-17.135
999.42	-0.2409	-0.23801	-0.17166	-0.16018	-0.16153	-0.14782	-0.059877	0.065573	0.33291	0.61689	0.87911	0.82145	0.46584	-0.047445	-0.56024	-1.231	-1.9043	-2.7033	-3.2591	-3.3859	-3.0121	-2.2107	-1.426	-0.67659	-0.51187	-0.49422	-0.44464	-0.43605	-0.34098	-0.30007	-17.308
997.72	-0.25052	-0.23111	-0.20595	-0.20435	-0.1568	-0.15301	-0.071642	0.047063	0.32292	0.63071	0.88572	0.81316	0.44265	-0.04916	-0.5563	-1.2346	-1.9356	-2.7181	-3.2705	-3.3581	-2.9811	-2.173	-1.2858	-0.60883	-0.48838	-0.54532	-0.5312	-0.48374	-0.36672	-0.33724	-17.458
998.79	-0.26416	-0.21197	-0.23048	-0.1951	-0.20002	-0.14789	-0.067218	0.062479	0.31809	0.60307	0.89507	0.80587	0.44526	-0.063117	-0.54561	-1.2085	-1.9038	-2.6815	-3.228	-3.2888	-2.8969	-2.0608	-1.1911	-0.59904	-0.54802	-0.52547	-0.52467	-0.53529	-0.33818	-0.28382	-17.521
998.15	-0.28145	-0.27165	-0.22914	-0.20129	-0.19678	-0.16119	-0.093419	0.050066	0.31086	0.6177	0.87146	0.82244	0.46652	-0.028662	-0.53261	-1.1983	-1.8629	-2.6311	-3.1464	-3.2318	-2.8256	-1.9453	-0.99235	-0.55933	-0.56827	-0.53462	-0.59448	-0.5234	-0.40496	-0.36741	-17.568
996.24	-0.28963	-0.2925	-0.24021	-0.21981	-0.20221	-0.16156	-0.10229	0.029972	0.29061	0.61269	0.87839	0.83224	0.48997	-0.0051695	-0.45709	-1.1199	-1.7976	-2.5623	-3.0626	-3.1336	-2.7403	-1.7954	-0.84123	-0.57796	-0.60504	-0.55784	-0.6193	-0.58498	-0.42578	-0.36051	-17.577
994.12	-0.35679	-0.31059	-0.24245	-0.23857	-0.21771	-0.18999	-0.092279	0.028543	0.29122	0.59165	0.87337	0.84843	0.51176	0.030688	-0.45502	-1.0757	-1.728	-2.4785	-2.9925	-3.0599	-2.641	-1.6773	-0.75308	-0.68921	-0.56517	-0.51336	-0.58525	-0.63204	-0.42668	-0.40074	-17.545
989.23	-0.36641	-0.34591	-0.30918	-0.25958	-0.22388	-0.21258	-0.12941	-0.013684	0.27765	0.58018	0.86551	0.82822	0.5037	0.057614	-0.40878	-1.0513	-1.6987	-2.4365	-2.9079	-2.9745	-2.4974	-1.5816	-0.78348	-0.59606	-0.61364	-0.64547	-0.56823	-0.55962	-0.50836	-0.47767	-17.559
988.38	-0.38844	-0.3433	-0.29388	-0.26899	-0.24763	-0.20101	-0.12512	-0.0026521	0.26436	0.58558	0.88188	0.85175	0.5374	0.076798	-0.36872	-0.98007	-1.6306	-2.3587	-2.8345	-2.8929	-2.4575	-1.4413	-0.69508	-0.61489	-0.78846	-0.60624	-0.55369	-0.55805	-0.49643	-0.44641	-17.533
987.96	-0.39133	-0.36363	-0.29382	-0.26453	-0.24601	-0.21621	-0.13245	0.01612	0.25997	0.57776	0.86492	0.85542	0.57994	0.11779	-0.31864	-0.92882	-1.5446	-2.258	-2.7497	-2.8052	-2.3478	-1.3412	-0.61225	-0.67049	-0.72	-0.71328	-0.69175	-0.53308	-0.44598	-0.45464	-17.473
989.66	-0.34983	-0.35537	-0.31977	-0.27465	-0.23543	-0.20574	-0.15118	-0.030853	0.2416	0.57511	0.87901	0.86526	0.58644	0.15856	-0.26136	-0.87111	-1.4822	-2.1883	-2.6404	-2.7023	-2.3367	-1.3071	-0.55221	-0.55751	-0.64416	-0.66647	-0.73164	-0.70803	-0.47933	-0.44744	-17.419
986.9	-0.39974	-0.36558	-0.31936	-0.29683	-0.30199	-0.28643	-0.1796	-0.041892	0.22116	0.54007	0.87632	0.90027	0.63336	0.20324	-0.20499	-0.78101	-1.3885	-2.1026	-2.5892	-2.6496	-2.2243	-1.3008	-0.58294	-0.55899	-0.64181	-0.62592	-0.70673	-0.64809	-0.50021	-0.4527	-17.27
984.35	-0.3881	-0.38402	-0.3468	-0.33141	-0.31131	-0.27383	-0.20653	-0.081459	0.1886	0.50125	0.84178	0.86829	0.63514	0.22756	-0.18357	-0.77671	-1.3555	-2.0604	-2.549	-2.6323	-2.296	-1.3364	-0.58964	-0.49439	-0.63663	-0.57071	-0.62058	-0.60853	-0.55641	-0.47233	-16.964
981.8	-0.41921	-0.409	-0.36656	-0.34774	-0.34942	-0.29465	-0.24695	-0.1275	0.13745	0.48636	0.83524	0.87866	0.66558	0.26315	-0.1114	-0.68868	-1.2922	-1.992	-2.4891	-2.5733	-2.2205	-1.3723	-0.57018	-0.4443	-0.48352	-0.51371	-0.59237	-0.62375	-0.49323	-0.47667	-16.711
982.01	-0.44426	-0.41632	-0.36343	-0.36926	-0.37984	-0.35995	-0.27782	-0.15589	0.10415	0.4332	0.80527	0.8949	0.69584	0.32358	-0.050569	-0.58274	-1.1853	-1.8889	-2.4075	-2.5383	-2.1709	-1.3931	-0.61096	-0.4293	-0.41186	-0.45934	-0.49428	-0.53242	-0.56212	-0.46876	-16.285
983.71	-0.37612	-0.36546	-0.37692	-0.37775	-0.36397	-0.37612	-0.31271	-0.20609	0.057196	0.39062	0.77941	0.87537	0.71895	0.40395	0.045503	-0.49048	-1.066	-1.7681	-2.27	-2.4364	-2.1505	-1.3993	-0.59092	-0.4462	-0.51031	-0.46881	-0.47034	-0.42767	-0.42194	-0.41406	-15.839
987.32	-0.30925	-0.32146	-0.36468	-0.37792	-0.38635	-0.35641	-0.31901	-0.2211	0.020754	0.37316	0.76615	0.87065	0.7466	0.42942	0.11252	-0.40086	-0.94521	-1.6376	-2.1654	-2.3496	-2.091	-1.3913	-0.57472	-0.44041	-0.44156	-0.54196	-0.46728	-0.4585	-0.36692	-0.3191	-15.351
990.51	-0.33301	-0.3336	-0.35093	-0.34168	-0.38673	-0.39353	-0.35755	-0.26111	-0.00034549	0.32572	0.72537	0.8597	0.78946	0.48949	0.17741	-0.3059	-0.86348	-1.5291	-2.0783	-2.2923	-2.077	-1.378	-0.66334	-0.39141	-0.41394	-0.4259	-0.53167	-0.45932	-0.37166	-0.37725	-14.926
991.35	-0.33725	-0.34493	-0.36622	-0.39792	-0.39994	-0.40317	-0.39074	-0.3031	-0.057395	0.28399	0.70571	0.84769	0.78879	0.52999	0.23592	-0.24479	-0.76516	-1.4469	-1.9866	-2.2178	-2.0347	-1.385	-0.67119	-0.39599	-0.39546	-0.36203	-0.43565	-0.4608	-0.42705	-0.36001	-14.446
992.84	-0.31997	-0.34455	-0.35632	-0.39267	-0.42441	-0.42419	-0.39452	-0.32456	-0.094663	0.25799	0.67693	0.8643	0.82226	0.5766	0.28721	-0.16298	-0.68225	-1.3446	-1.8846	-2.1498	-1.9784	-1.3823	-0.74336	-0.3401	-0.38764	-0.37564	-0.36134	-0.37076	-0.34338	-0.31099	-13.933
994.12	-0.2964	-0.31492	-0.3559	-0.3678	-0.42386	-0.45504	-0.43921	-0.3382	-0.11685	0.21797	0.64651	0.83708	0.85095	0.61807	0.35513	-0.089612	-0.56841	-1.2265	-1.7875	-2.0711	-1.9665	-1.3508	-0.767	-0.34536	-0.35264	-0.35143	-0.34842	-0.32234	-0.30565	-0.26382	-13.381
994.12	-0.23917	-0.28148	-0.33878	-0.39817	-0.42895	-0.45171	-0.43775	-0.38494	-0.1633	0.1767	0.60684	0.83063	0.85253	0.6556	0.40681	-0.018085	-0.48371	-1.1506	-1.6946	-2.0003	-1.9152	-1.3756	-0.81708	-0.36303	-0.31951	-0.43318	-0.36757	-0.31288	-0.26104	-0.25489	-12.8
992.2	-0.28923	-0.29082	-0.33932	-0.39881	-0.4549	-0.49069	-0.47507	-0.42309	-0.20995	0.11658	0.5682	0.80631	0.84807	0.66628	0.43741	0.041014	-0.41727	-1.0551	-1.6125	-1.9334	-1.8708	-1.3963	-0.79505	-0.37429	-0.42929	-0.38846	-0.42423	-0.29749	-0.27539	-0.24782	-12.224
989.66	-0.26203	-0.25036	-0.35422	-0.41052	-0.45442	-0.48368	-0.51295	-0.47117	-0.24656	0.073821	0.55067	0.79071	0.86552	0.71058	0.52396	0.12243	-0.32242	-0.94952	-1.5031	-1.8463	-1.8271	-1.4612	-0.80645	-0.29345	-0.40406	-0.40051	-0.36741	-0.37653	-0.25616	-0.24252	-11.582
992.41	-0.23997	-0.24866	-0.33619	-0.39129	-0.475	-0.50727	-0.52317	-0.47609	-0.29207	0.02914	0.51453	0.77075	0.89623	0.73687	0.57928	0.2075	-0.20073	-0.83752	-1.3975	-1.74	-1.7591	-1.4655	-0.84848	-0.30919	-0.31737	-0.2934	-0.29716	-0.33848	-0.23543	-0.18902	-10.892
993.48	-0.23128	-0.25388	-0.33116	-0.41078	-0.52319	-0.51676	-0.5621	-0.5084	-0.34432	-0.029811	0.42735	0.73106	0.87109	0.77836	0.61186	0.28675	-0.11255	-0.71494	-1.2912	-1.6687	-1.7238	-1.4502	-0.86037	-0.37317	-0.28694	-0.36676	-0.42101	-0.29202	-0.26214	-0.22573	-10.177
994.54	-0.19547	-0.2491	-0.32764	-0.41317	-0.49082	-0.51441	-0.58911	-0.57809	-0.41713	-0.064734	0.37842	0.6948	0.85059	0.78065	0.66951	0.34258	-0.046665	-0.63313	-1.1768	-1.5736	-1.6632	-1.4279	-0.9027	-0.36934	-0.26923	-0.32001	-0.43743	-0.34172	-0.24164	-0.17963	-9.4562
991.14	-0.19637	-0.21366	-0.3087	-0.40865	-0.50593	-0.56604	-0.60281	-0.60671	-0.45757	-0.14953	0.33963	0.69224	0.86551	0.81817	0.69535	0.42056	0.066818	-0.51136	-1.0828	-1.4866	-1.5944	-1.3875	-0.90538	-0.34596	-0.23859	-0.30778	-0.43439	-0.30552	-0.22742	-0.19905	-8.6998
991.14	-0.173	-0.19758	-0.318	-0.39325	-0.49405	-0.55943	-0.63348	-0.64112	-0.50101	-0.19576	0.27026	0.61122	0.85653	0.85129	0.77225	0.5049	0.15171	-0.39467	-0.96209	-1.3784	-1.5566	-1.374	-0.9333	-0.44252	-0.18229	-0.2439	-0.26572	-0.299	-0.21037	-0.15938	-7.9856
991.57	-0.13897	-0.16388	-0.28356	-0.40381	-0.5139	-0.55758	-0.64492	-0.6925	-0.56229	-0.27387	0.21965	0.58173	0.84262	0.83825	0.79531	0.56882	0.23043	-0.31322	-0.87126	-1.2841	-1.4893	-1.3554	-0.97057	-0.53022	-0.17497	-0.19768	-0.19113	-0.27475	-0.13595	-0.1062	-7.1685
992.63	-0.14668	-0.19471	-0.29913	-0.40794	-0.53878	-0.60189	-0.70119	-0.73395	-0.61983	-0.34659	0.13651	0.52467	0.83132	0.8453	0.80438	0.59613	0.30064	-0.2116	-0.77165	-1.2184	-1.4486	-1.3317	-0.99738	-0.60078	-0.21746	-0.16769	-0.23512	-0.15463	-0.14021	-0.11499	-6.407
991.78	-0.081329	-0.13746	-0.28515	-0.41593	-0.52074	-0.61375	-0.72072	-0.77677	-0.68496	-0.39964	0.07758	0.47651	0.78837	0.85546	0.85357	0.6592	0.3638	-0.13067	-0.6575	-1.1193	-1.3818	-1.3029	-1.016	-0.62828	-0.2293	-0.1783	-0.18057	-0.18982	-0.076938	-0.046703	-5.6301
993.27	-0.056694	-0.089261	-0.26762	-0.41378	-0.51852	-0.63699	-0.73424	-0.80036	-0.72575	-0.46251	0.0099297	0.43865	0.76167	0.85581	0.86412	0.71271	0.4576	-0.034231	-0.55617	-1.0179	-1.3012	-1.2473	-1.002	-0.68244	-0.25756	-0.12751	-0.21293	-0.098818	-0.059691	-0.048246	-4.8054
994.33	-0.022359	-0.080274	-0.23926	-0.38743	-0.54262	-0.64869	-0.77275	-0.84958	-0.79076	-0.55102	-0.097354	0.338	0.71123	0.85804	0.87311	0.76176	0.53381	0.098836	-0.42221	-0.91871	-1.2246	-1.2163	-1.0007	-0.69233	-0.3109	-0.12924	-0.14002	-0.12049	-0.043973	-0.0038603	-3.9525
998.57	-0.030034	-0.091497	-0.24128	-0.40392	-0.52204	-0.64905	-0.7839	-0.90179	-0.87362	-0.6151	-0.18641	0.26108	0.66052	0.83402	0.90088	0.79569	0.60029	0.17064	-0.31067	-0.80272	-1.1384	-1.1518	-0.98392	-0.65406	-0.34373	-0.10507	-0.12587	-0.034314	-0.031472	-0.0054786	-3.078
996.87	-0.011667	-0.045209	-0.21693	-0.38959	-0.53297	-0.7181	-0.81298	-0.94379	-0.94385	-0.73348	-0.2971	0.18269	0.60192	0.79327	0.86597	0.83905	0.64979	0.26517	-0.22008	-0.71437	-1.0471	-1.1122	-0.96711	-0.70403	-0.37458	-0.12434	-0.014661	-0.020783	-0.023944	0.046163	-2.228
997.94	0.014441	-0.048166	-0.22757	-0.39362	-0.52245	-0.62954	-0.834	-0.99108	-0.98293	-0.80093	-0.38666	0.084137	0.55472	0.79224	0.87496	0.86762	0.72103	0.3792	-0.095367	-0.60741	-0.97377	-1.0381	-0.90855	-0.69864	-0.4282	-0.23218	-0.01909	0.0077285	0.011901	0.021697	-1.3374
993.69	0.087535	0.010119	-0.20532	-0.38137	-0.54319	-0.68388	-0.91171	-1.0517	-1.0876	-0.90627	-0.49075	-0.0094972	0.46394	0.73276	0.86211	0.88078	0.7697	0.44678	0.014609	-0.49236	-0.88142	-0.98893	-0.88608	-0.66033	-0.42315	-0.23902	-0.0577	0.015628	0.064834	0.087314	-0.45893
