25021	27	11	88	30.4	755	2	-0	4	85.92	256	8192	5	0	0	0	0	550.05	1018.5	1.4571e+006	0.12024	0.0098207	41.992	0	0	1	0	0	0	9	0	0
1021.8	0.14924	0.11135	-0.14065	-0.27836	-0.42492	-0.56434	-0.76002	-0.944	-0.96737	-0.83899	-0.40028	0.034493	0.48447	0.72235	0.83228	0.83869	0.71193	0.38801	-0.072071	-0.56019	-0.96523	-1.0725	-0.98149	-0.80364	-0.58385	-0.40615	-0.26125	-0.040096	0.1455	0.18257	-0.30285
1021.6	0.15376	0.084486	-0.10288	-0.29892	-0.43804	-0.57574	-0.79557	-0.93964	-0.97774	-0.8206	-0.41383	0.037573	0.48313	0.73768	0.83579	0.82972	0.70905	0.37326	-0.053738	-0.56821	-0.96399	-1.0844	-0.97563	-0.80525	-0.5576	-0.40459	-0.22369	-0.036167	0.16365	0.16936	-0.31892
1021.8	0.15677	0.10844	-0.10895	-0.30938	-0.45252	-0.56924	-0.80263	-0.94097	-0.96587	-0.81719	-0.4053	0.042334	0.4757	0.73153	0.84046	0.82955	0.71343	0.38462	-0.062231	-0.54774	-0.95204	-1.0681	-0.97241	-0.80363	-0.59501	-0.41329	-0.25693	-0.04141	0.16806	0.16935	-0.30606
1021.6	0.15682	0.10009	-0.092335	-0.26494	-0.4527	-0.56277	-0.77423	-0.93055	-0.99225	-0.82355	-0.41713	0.036031	0.49916	0.72705	0.8455	0.83732	0.71203	0.37648	-0.069325	-0.56506	-0.96401	-1.08	-0.97871	-0.7923	-0.57562	-0.41487	-0.22795	-0.0072388	0.15457	0.18861	-0.30928
1020.7	0.14791	0.087372	-0.10301	-0.3052	-0.43188	-0.55193	-0.82893	-0.93586	-0.98142	-0.83819	-0.42591	0.050303	0.4894	0.73221	0.82834	0.8395	0.71571	0.39316	-0.079375	-0.5703	-0.95895	-1.0751	-0.97348	-0.82899	-0.56918	-0.38339	-0.23108	-0.038865	0.14109	0.18136	-0.28677
1021.4	0.15227	0.091575	-0.11195	-0.2841	-0.46433	-0.56781	-0.80993	-0.9398	-0.98219	-0.84383	-0.40373	0.031463	0.49648	0.7211	0.83593	0.83289	0.72435	0.37814	-0.06385	-0.56218	-0.96864	-1.0758	-0.98039	-0.76356	-0.5743	-0.40048	-0.25119	-0.029615	0.15312	0.17824	-0.30928
1021.8	0.13129	0.11272	-0.12555	-0.30196	-0.46082	-0.59165	-0.82331	-0.94552	-0.99778	-0.84032	-0.40514	0.028297	0.48609	0.72849	0.8389	0.83253	0.71339	0.38613	-0.063745	-0.56667	-0.95799	-1.087	-0.97698	-0.79208	-0.54622	-0.42642	-0.26553	-0.038775	0.13193	0.17384	-0.31249
1022	0.14023	0.091594	-0.11199	-0.28412	-0.45421	-0.57376	-0.77651	-0.95135	-0.98598	-0.82783	-0.41851	0.023519	0.47276	0.71456	0.83058	0.83544	0.70252	0.37614	-0.077946	-0.56022	-0.96068	-1.0825	-0.98591	-0.82788	-0.53633	-0.41609	-0.27286	-0.020411	0.15441	0.16784	-0.2932
1022.6	0.1219	0.094248	-0.11036	-0.31352	-0.44418	-0.56709	-0.75919	-0.9402	-0.97816	-0.84434	-0.41504	0.02662	0.49284	0.73083	0.8349	0.84093	0.71886	0.39405	-0.06663	-0.55521	-0.95576	-1.0731	-0.97623	-0.8131	-0.56659	-0.38844	-0.2451	0.0031225	0.13179	0.16916	-0.26748
1022.4	0.14011	0.097145	-0.12857	-0.28392	-0.43767	-0.56389	-0.80604	-0.95097	-0.97829	-0.81516	-0.40665	0.040733	0.49006	0.74325	0.84481	0.84269	0.72518	0.39248	-0.042612	-0.54592	-0.94417	-1.0617	-0.95824	-0.74968	-0.53746	-0.40155	-0.22481	0.0032147	0.16352	0.17367	-0.25461
1023.3	0.15054	0.084297	-0.086073	-0.28674	-0.44046	-0.58111	-0.81967	-0.93652	-0.98335	-0.82991	-0.41806	0.043892	0.48531	0.74417	0.83278	0.86167	0.71848	0.39546	-0.052438	-0.54392	-0.94493	-1.0609	-0.97865	-0.74774	-0.54116	-0.40676	-0.2479	-0.022941	0.14525	0.1691	-0.23853
1024.3	0.14735	0.089849	-0.11791	-0.29089	-0.44826	-0.56136	-0.82177	-0.94921	-0.99243	-0.83057	-0.41082	0.028222	0.49068	0.72065	0.84489	0.84728	0.73146	0.40007	-0.048116	-0.53234	-0.95558	-1.0713	-0.96854	-0.77175	-0.57681	-0.4124	-0.22011	-0.0061177	0.15853	0.16879	-0.20959
1025	0.14876	0.089757	-0.12063	-0.31129	-0.46104	-0.57878	-0.73358	-0.9441	-1.0093	-0.83019	-0.4259	0.021916	0.47277	0.72317	0.83934	0.84952	0.72645	0.39965	-0.046717	-0.53836	-0.93748	-1.0591	-0.95735	-0.791	-0.53472	-0.39779	-0.2416	-0.00082782	0.14651	0.15843	-0.16134
1025.2	0.12463	0.096688	-0.12833	-0.32592	-0.49338	-0.6107	-0.91289	-0.96512	-0.99601	-0.84999	-0.43584	0.020295	0.48294	0.72151	0.84088	0.85392	0.73838	0.42086	-0.039599	-0.51948	-0.93144	-1.0387	-0.9511	-0.79248	-0.56255	-0.39047	-0.23745	0.0044481	0.15248	0.16573	-0.09056
1024.3	0.14289	0.092729	-0.11927	-0.31884	-0.48732	-0.62084	-0.89499	-0.97345	-1.0128	-0.86458	-0.45636	-0.00017098	0.46289	0.7236	0.82055	0.8471	0.73746	0.40654	-0.025597	-0.54492	-0.92787	-1.0569	-0.94585	-0.77559	-0.549	-0.39071	-0.2548	0.0032357	0.13915	0.1718	-0.010108
1023.3	0.15786	0.092779	-0.12087	-0.3236	-0.45847	-0.60202	-0.89171	-0.98052	-1.0327	-0.86547	-0.47015	-0.0047547	0.45027	0.70447	0.82792	0.85564	0.73067	0.41677	-0.0284	-0.50786	-0.91995	-1.0377	-0.94534	-0.7794	-0.53424	-0.36946	-0.22902	-0.012509	0.16027	0.15426	0.099341
1023.1	0.13998	0.092748	-0.14192	-0.32371	-0.45852	-0.61353	-0.91742	-0.98372	-1.0228	-0.88725	-0.46698	-0.015775	0.44894	0.71375	0.82157	0.83605	0.74762	0.43488	-0.0087004	-0.50494	-0.89525	-1.0161	-0.92739	-0.77529	-0.55109	-0.37244	-0.23346	0.0032207	0.15586	0.16469	0.21528
1024.3	0.16537	0.11108	-0.1253	-0.31885	-0.5101	-0.61608	-0.83429	-1.0098	-1.0606	-0.92005	-0.49671	-0.026702	0.43238	0.7038	0.81572	0.84711	0.74519	0.41976	0.00132	-0.48552	-0.87067	-1.0178	-0.91705	-0.76115	-0.51431	-0.36483	-0.20869	-0.012456	0.14067	0.16154	0.32803
1024.5	0.14586	0.095433	-0.11935	-0.31888	-0.48863	-0.64161	-0.85852	-1.0065	-1.0546	-0.92755	-0.49316	-0.047117	0.42502	0.70069	0.81727	0.85907	0.7527	0.46059	0.022458	-0.46339	-0.87488	-1.0031	-0.9214	-0.78559	-0.54484	-0.37769	-0.25047	0.0018822	0.14212	0.15551	0.46339
1023.9	0.13226	0.10545	-0.12537	-0.31178	-0.499	-0.62425	-0.84322	-1.0148	-1.077	-0.9483	-0.5237	-0.073805	0.40485	0.69491	0.81456	0.84752	0.76992	0.47062	0.036493	-0.45127	-0.85349	-0.9922	-0.89185	-0.75584	-0.53273	-0.38951	-0.22015	0.00055021	0.17253	0.18663	0.61493
1022.8	0.14755	0.10562	-0.12557	-0.32823	-0.50432	-0.63467	-0.92875	-1.0203	-1.0898	-0.94307	-0.53939	-0.077039	0.39644	0.67577	0.81852	0.88319	0.77677	0.48265	0.049252	-0.42508	-0.82062	-0.96275	-0.89577	-0.7307	-0.50658	-0.3582	-0.22184	-0.029559	0.13932	0.17063	0.81494
1021.8	0.1643	0.11274	-0.081713	-0.31966	-0.48191	-0.61752	-0.78397	-1.0214	-1.104	-0.96416	-0.58375	-0.10386	0.38086	0.65972	0.79833	0.85228	0.77453	0.49796	0.063455	-0.42081	-0.82735	-0.95788	-0.89059	-0.76327	-0.5198	-0.34258	-0.22067	-0.037447	0.16059	0.1678	0.95373
1021.4	0.14633	0.12129	-0.14698	-0.29476	-0.50505	-0.64516	-0.88221	-1.04	-1.1147	-0.99545	-0.59747	-0.13065	0.35178	0.66611	0.79706	0.85872	0.79008	0.5113	0.087502	-0.40377	-0.80422	-0.95978	-0.87878	-0.74761	-0.53523	-0.36584	-0.23666	-0.046589	0.15465	0.17828	1.1023
1021.8	0.1689	0.10293	-0.095381	-0.30635	-0.48843	-0.62228	-0.92299	-1.0426	-1.1302	-0.99964	-0.6207	-0.1588	0.33712	0.64598	0.80003	0.85086	0.79288	0.5127	0.10728	-0.38319	-0.80969	-0.94634	-0.8664	-0.72694	-0.50866	-0.38013	-0.22059	-0.040159	0.15912	0.19597	1.2476
1022.2	0.16128	0.11122	-0.089272	-0.31369	-0.49962	-0.63162	-0.89753	-1.0757	-1.1443	-1.0349	-0.6475	-0.18395	0.31495	0.63042	0.79474	0.86097	0.79559	0.53213	0.12123	-0.35808	-0.7596	-0.92712	-0.85995	-0.69791	-0.52794	-0.35984	-0.23797	-0.028188	0.14848	0.18562	1.4448
1021.8	0.15834	0.11698	-0.12562	-0.29751	-0.48368	-0.63535	-0.95165	-1.0669	-1.1652	-1.0586	-0.67129	-0.1966	0.30927	0.61699	0.77897	0.86611	0.81124	0.55702	0.13265	-0.33618	-0.75991	-0.9232	-0.86795	-0.73857	-0.51126	-0.37433	-0.22075	-0.03619	0.17117	0.17672	1.6097
1020.5	0.17052	0.11855	-0.10756	-0.31708	-0.48591	-0.62319	-0.90431	-1.082	-1.1812	-1.0815	-0.69748	-0.22515	0.28041	0.6039	0.75708	0.84736	0.79999	0.55273	0.15542	-0.32884	-0.74908	-0.92144	-0.85541	-0.71087	-0.5121	-0.36761	-0.23992	-0.024301	0.13658	0.17694	1.7585
1020.5	0.16596	0.13707	-0.11825	-0.27857	-0.47132	-0.62146	-0.82891	-1.0866	-1.1754	-1.077	-0.70091	-0.23941	0.28179	0.60533	0.77983	0.85942	0.82292	0.5692	0.18651	-0.30537	-0.72557	-0.89677	-0.83419	-0.73115	-0.52338	-0.3705	-0.24416	-0.05861	0.13808	0.17697	1.888
1021.6	0.15679	0.13125	-0.086476	-0.31088	-0.48515	-0.63221	-0.82679	-1.093	-1.2018	-1.1052	-0.73379	-0.24537	0.26109	0.59411	0.75798	0.85708	0.81132	0.57838	0.18631	-0.29876	-0.71452	-0.89437	-0.84232	-0.75326	-0.5059	-0.38028	-0.22507	-0.05454	0.15155	0.17236	2.0078
1022	0.16128	0.12693	-0.089344	-0.30187	-0.47866	-0.65764	-0.83098	-1.0957	-1.2159	-1.1078	-0.74367	-0.27515	0.25219	0.57858	0.75765	0.84611	0.82012	0.59465	0.1876	-0.27196	-0.72304	-0.88246	-0.8435	-0.68051	-0.54761	-0.39465	-0.25534	-0.05583	0.138	0.17221	2.0758
1022.6	0.16267	0.14244	-0.078728	-0.28426	-0.47019	-0.62987	-0.93035	-1.0843	-1.1861	-1.1103	-0.74482	-0.27646	0.24045	0.58432	0.741	0.85018	0.82128	0.60738	0.22009	-0.27654	-0.70048	-0.88186	-0.83847	-0.75699	-0.50116	-0.38108	-0.24083	-0.03868	0.13937	0.17808	2.1989
1022.8	0.18221	0.13543	-0.058962	-0.26742	-0.44722	-0.62665	-0.81429	-1.0841	-1.1944	-1.093	-0.74303	-0.27643	0.23164	0.60259	0.7618	0.87415	0.83782	0.6122	0.24114	-0.24045	-0.67546	-0.86571	-0.81994	-0.74796	-0.522	-0.36368	-0.25071	-0.049146	0.15284	0.17949	2.2961
1022.8	0.17014	0.15649	-0.072664	-0.27489	-0.47013	-0.59923	-0.84973	-1.0857	-1.1886	-1.1131	-0.72619	-0.27325	0.23894	0.58739	0.76676	0.87565	0.83471	0.61714	0.23552	-0.23886	-0.68278	-0.86863	-0.82911	-0.71918	-0.52912	-0.39422	-0.25664	-0.064959	0.1468	0.18235	2.3155
1022.8	0.18812	0.13813	-0.065081	-0.25736	-0.45544	-0.58793	-0.81602	-1.0629	-1.1959	-1.1054	-0.74639	-0.27021	0.23163	0.57654	0.75697	0.86347	0.85443	0.60552	0.23402	-0.24045	-0.67707	-0.86719	-0.83824	-0.70754	-0.52881	-0.37539	-0.23929	-0.068825	0.171	0.21348	2.4322
1023.7	0.17894	0.14084	-0.056011	-0.26006	-0.44692	-0.59059	-0.82211	-1.0756	-1.192	-1.1013	-0.7491	-0.2683	0.23869	0.58375	0.76929	0.85827	0.84769	0.62309	0.24089	-0.23089	-0.67348	-0.85047	-0.84504	-0.72282	-0.54522	-0.39237	-0.23767	-0.050476	0.14521	0.169	2.4452
1024.1	0.16993	0.13938	-0.064966	-0.27765	-0.44347	-0.60168	-0.76389	-1.0782	-1.2002	-1.1116	-0.76052	-0.29804	0.22265	0.56373	0.75603	0.85035	0.83514	0.60314	0.2464	-0.24492	-0.68495	-0.86606	-0.84926	-0.72546	-0.51581	-0.38645	-0.28078	-0.046412	0.14067	0.18072	2.4776
1023.3	0.16255	0.15082	-0.060559	-0.3251	-0.4797	-0.61819	-0.87455	-1.0927	-1.2302	-1.1234	-0.76788	-0.29672	0.21113	0.55804	0.7421	0.8571	0.82519	0.61187	0.2311	-0.24039	-0.68255	-0.8653	-0.84842	-0.70877	-0.52596	-0.40259	-0.23627	-0.055655	0.15585	0.17644	2.5165
1021.4	0.16128	0.13546	-0.060645	-0.29012	-0.47734	-0.62257	-0.8043	-1.1084	-1.2296	-1.1425	-0.77604	-0.31616	0.19981	0.54836	0.73699	0.85865	0.82371	0.60639	0.23007	-0.23459	-0.68389	-0.87415	-0.84697	-0.76064	-0.51148	-0.40198	-0.28299	-0.078117	0.13804	0.18861	2.5165
1021.6	0.16581	0.14398	-0.071269	-0.27237	-0.50002	-0.62072	-0.83663	-1.1006	-1.2191	-1.1376	-0.78938	-0.32243	0.20127	0.55137	0.74017	0.84787	0.84791	0.60625	0.24283	-0.25023	-0.67495	-0.86669	-0.84977	-0.74716	-0.52111	-0.41767	-0.27432	-0.079269	0.12144	0.16349	2.5489
1022.8	0.14309	0.1268	-0.083175	-0.30172	-0.4797	-0.64257	-0.87376	-1.0977	-1.2235	-1.1455	-0.79179	-0.32521	0.19807	0.54614	0.72142	0.84386	0.81036	0.61869	0.23694	-0.23739	-0.69019	-0.86426	-0.84868	-0.7235	-0.55397	-0.4085	-0.27683	-0.085862	0.12887	0.15881	2.536
1023.1	0.17759	0.14521	-0.075577	-0.27349	-0.45702	-0.63267	-0.80713	-1.1157	-1.2349	-1.15	-0.79663	-0.32982	0.18925	0.53832	0.73099	0.83465	0.82542	0.59727	0.23818	-0.22638	-0.67842	-0.87274	-0.85315	-0.72903	-0.55397	-0.40271	-0.27114	-0.093675	0.13179	0.17643	2.4841
1022.4	0.1611	0.15521	-0.087702	-0.28544	-0.4638	-0.61861	-0.86293	-1.0905	-1.2299	-1.1275	-0.79048	-0.30948	0.19956	0.54783	0.73297	0.85028	0.82744	0.60912	0.23686	-0.23129	-0.66705	-0.86028	-0.84616	-0.66893	-0.5388	-0.38424	-0.24652	-0.075367	0.14688	0.17803	2.5133
1022.2	0.16118	0.14673	-0.059097	-0.26648	-0.45739	-0.61568	-0.82886	-1.0923	-1.1995	-1.1261	-0.76034	-0.28615	0.21418	0.57384	0.73801	0.87004	0.83668	0.63709	0.24972	-0.2047	-0.65839	-0.84164	-0.82052	-0.69198	-0.52928	-0.3784	-0.25244	-0.062266	0.12887	0.1795	2.4938
1020.7	0.18107	0.14979	-0.071219	-0.29936	-0.50699	-0.65523	-0.84872	-1.1	-1.2086	-1.1354	-0.77646	-0.31634	0.21604	0.55629	0.74566	0.84714	0.83949	0.63146	0.25569	-0.21748	-0.65192	-0.85005	-0.81264	-0.74215	-0.51046	-0.39638	-0.24265	-0.051934	0.13821	0.1844	2.5068
1019.9	0.18719	0.15133	-0.069772	-0.29946	-0.48139	-0.60729	-0.85085	-1.0888	-1.2271	-1.1334	-0.77712	-0.31032	0.20754	0.56142	0.74632	0.8676	0.85084	0.64846	0.26434	-0.19882	-0.66285	-0.83921	-0.8148	-0.72391	-0.4995	-0.38806	-0.25583	-0.071631	0.13962	0.1726	2.5197
1020.1	0.18566	0.17824	-0.051667	-0.29209	-0.48769	-0.63451	-0.84368	-1.1128	-1.2108	-1.1455	-0.77706	-0.30546	0.2162	0.56127	0.74604	0.87047	0.85834	0.63516	0.27983	-0.20038	-0.64949	-0.84333	-0.82677	-0.71811	-0.5443	-0.37212	-0.26314	-0.057179	0.13661	0.18578	2.536
1020.5	0.1765	0.13411	-0.059122	-0.27877	-0.43041	-0.61336	-0.84609	-1.1002	-1.2293	-1.1373	-0.79869	-0.31954	0.18823	0.55951	0.73913	0.86239	0.84117	0.63978	0.27689	-0.20193	-0.64632	-0.84156	-0.81589	-0.72215	-0.52464	-0.38784	-0.2369	-0.086147	0.13204	0.17104	2.5489
1019.4	0.18276	0.13859	-0.059156	-0.29662	-0.47982	-0.67223	-0.83142	-1.1196	-1.2232	-1.1586	-0.79608	-0.33096	0.19281	0.55702	0.71559	0.85572	0.83438	0.63552	0.26452	-0.20518	-0.65282	-0.83662	-0.82277	-0.70857	-0.51941	-0.3925	-0.26044	-0.058559	0.12611	0.19191	2.5943
1017.5	0.18614	0.1574	-0.036529	-0.30018	-0.44792	-0.6168	-0.89393	-1.1156	-1.2415	-1.1545	-0.81108	-0.3426	0.17562	0.53511	0.72342	0.85279	0.84818	0.62519	0.26787	-0.20713	-0.65695	-0.84251	-0.83188	-0.70837	-0.52604	-0.35271	-0.26663	-0.058643	0.1188	0.18786	2.6138
1016.7	0.18023	0.16745	-0.066998	-0.28121	-0.49751	-0.66264	-0.87627	-1.1104	-1.2309	-1.1508	-0.79654	-0.33654	0.19197	0.55704	0.74367	0.85654	0.83819	0.62737	0.27802	-0.20733	-0.63831	-0.84467	-0.81887	-0.70599	-0.5209	-0.38059	-0.27559	-0.069257	0.12649	0.1642	2.6332
1017.1	0.18014	0.14888	-0.066988	-0.28245	-0.46289	-0.64628	-0.88321	-1.1175	-1.2567	-1.1845	-0.81481	-0.34586	0.19041	0.54608	0.70912	0.86072	0.82407	0.63368	0.24669	-0.21196	-0.64984	-0.83992	-0.82616	-0.72025	-0.52773	-0.3775	-0.25076	-0.084976	0.12339	0.18496	2.6722
1016.5	0.17122	0.14325	-0.094352	-0.30499	-0.49104	-0.64016	-0.89083	-1.1366	-1.2647	-1.1837	-0.82718	-0.35397	0.16707	0.54026	0.7096	0.84146	0.82609	0.62092	0.2667	-0.22152	-0.6429	-0.84193	-0.81449	-0.73094	-0.52388	-0.38497	-0.27277	-0.066571	0.10992	0.17171	2.7046
1016.7	0.16964	0.14892	-0.054925	-0.28554	-0.48273	-0.62865	-1.013	-1.1242	-1.2616	-1.1726	-0.83375	-0.33969	0.16994	0.54175	0.72404	0.85505	0.8336	0.6422	0.27092	-0.18686	-0.63535	-0.82573	-0.80364	-0.72775	-0.48868	-0.38065	-0.24798	-0.091673	0.12508	0.16124	2.7695
1016.9	0.18326	0.16316	-0.076072	-0.30937	-0.45635	-0.64313	-0.95454	-1.1438	-1.2627	-1.1879	-0.81838	-0.3712	0.16843	0.53238	0.73532	0.86093	0.85485	0.65028	0.29352	-0.17896	-0.61316	-0.82264	-0.79132	-0.68412	-0.52926	-0.38631	-0.26245	-0.071836	0.1219	0.16715	2.8149
1017.1	0.16954	0.15459	-0.062453	-0.27515	-0.48908	-0.65112	-0.93175	-1.1374	-1.2829	-1.2	-0.84184	-0.35682	0.16109	0.53844	0.72053	0.87758	0.86388	0.66333	0.30486	-0.17256	-0.58643	-0.80788	-0.78201	-0.74058	-0.49673	-0.37749	-0.24206	-0.095542	0.085534	0.15971	2.8701
1018.4	0.16785	0.16861	-0.038127	-0.27628	-0.46886	-0.63253	-0.87072	-1.139	-1.2697	-1.2156	-0.86448	-0.38011	0.14183	0.51165	0.70495	0.84748	0.84598	0.66582	0.30019	-0.17083	-0.59314	-0.81859	-0.78561	-0.69195	-0.50896	-0.35537	-0.24611	-0.054706	0.11724	0.19659	2.9415
1020.1	0.19175	0.16546	-0.063701	-0.2639	-0.47291	-0.61046	-0.89188	-1.1204	-1.2632	-1.195	-0.8411	-0.38895	0.15177	0.52305	0.73469	0.8583	0.85837	0.6713	0.32803	-0.14385	-0.58034	-0.78376	-0.78424	-0.65172	-0.50654	-0.39523	-0.25002	-0.068992	0.095901	0.17258	2.9869
1021.6	0.19897	0.16953	-0.036445	-0.2414	-0.46734	-0.64328	-0.90365	-1.131	-1.2731	-1.1903	-0.87029	-0.38841	0.13398	0.52527	0.70762	0.85398	0.84181	0.67851	0.33028	-0.13271	-0.57659	-0.79715	-0.76656	-0.66954	-0.50317	-0.36431	-0.27285	-0.079433	0.13197	0.19007	3.0291
1022	0.16423	0.15381	-0.030471	-0.26196	-0.47214	-0.63031	-0.90575	-1.1365	-1.2798	-1.2129	-0.85471	-0.39766	0.13983	0.51287	0.70895	0.87027	0.85982	0.69139	0.32459	-0.11697	-0.57337	-0.77069	-0.77978	-0.67197	-0.50012	-0.34683	-0.25105	-0.057058	0.11665	0.18401	3.0778
1021.4	0.17187	0.17097	-0.045566	-0.25767	-0.45112	-0.6081	-0.85403	-1.1312	-1.2704	-1.2075	-0.86704	-0.40262	0.12976	0.5056	0.70294	0.85415	0.85427	0.67865	0.33893	-0.13899	-0.56792	-0.79146	-0.77724	-0.69992	-0.49625	-0.37451	-0.25115	-0.07282	0.1244	0.18266	3.1103
1022.6	0.19125	0.17213	-0.054585	-0.29729	-0.4571	-0.61053	-0.85709	-1.1435	-1.2789	-1.2183	-0.88454	-0.42259	0.11925	0.50801	0.70041	0.84097	0.84398	0.68118	0.32724	-0.13097	-0.57896	-0.78912	-0.7838	-0.69911	-0.50535	-0.3625	-0.2654	-0.075376	0.1122	0.18987	3.1265
1024.3	0.15632	0.14506	-0.053026	-0.28787	-0.4515	-0.64653	-0.88522	-1.1612	-1.2812	-1.238	-0.88133	-0.42496	0.11331	0.4996	0.68311	0.84568	0.83354	0.67187	0.32104	-0.12298	-0.57648	-0.80371	-0.79007	-0.69512	-0.48642	-0.37776	-0.26486	-0.054314	0.10751	0.17336	3.1297
1023.7	0.16546	0.14798	-0.051366	-0.27459	-0.47782	-0.62294	-0.88314	-1.1574	-1.3081	-1.2495	-0.90204	-0.43932	0.10032	0.47254	0.68516	0.82964	0.83405	0.65429	0.3001	-0.13864	-0.59296	-0.81001	-0.79519	-0.69555	-0.51038	-0.38672	-0.24195	-0.12903	0.10906	0.1646	3.159
1024.3	0.16247	0.13799	-0.048349	-0.2526	-0.46783	-0.62718	-0.86857	-1.1432	-1.2798	-1.2426	-0.89981	-0.43442	0.097366	0.49055	0.67834	0.84573	0.83809	0.66694	0.3225	-0.14177	-0.57804	-0.79656	-0.78261	-0.68645	-0.49896	-0.39073	-0.2736	-0.098736	0.09405	0.16744	3.1622
1022	0.16569	0.14962	-0.062143	-0.29891	-0.45748	-0.63677	-0.82927	-1.1594	-1.2958	-1.2331	-0.90014	-0.43847	0.099029	0.49159	0.69446	0.83705	0.84614	0.67337	0.32596	-0.14834	-0.59693	-0.80266	-0.78901	-0.69087	-0.51684	-0.38147	-0.25685	-0.11209	0.12135	0.17227	3.1687
1019.9	0.17064	0.15847	-0.06376	-0.30243	-0.47636	-0.62829	-0.8337	-1.1556	-1.3014	-1.2449	-0.90877	-0.43627	0.087557	0.49105	0.68292	0.85545	0.84023	0.66489	0.33091	-0.14387	-0.58929	-0.81298	-0.78903	-0.71392	-0.50673	-0.38954	-0.26904	-0.093918	0.10951	0.18149	3.1784
1020.3	0.18417	0.16545	-0.031961	-0.25212	-0.42554	-0.62322	-0.90025	-1.1445	-1.2994	-1.2459	-0.92358	-0.43291	0.10066	0.48631	0.68582	0.83992	0.86131	0.68108	0.32658	-0.1313	-0.57725	-0.78211	-0.79775	-0.68044	-0.50228	-0.38068	-0.27165	-0.08609	0.11553	0.16076	3.1655
1020.9	0.16289	0.16391	-0.047033	-0.27553	-0.46769	-0.62117	-0.874	-1.1407	-1.2883	-1.242	-0.89946	-0.44209	0.1079	0.48444	0.70161	0.85148	0.84239	0.67902	0.33201	-0.12338	-0.57843	-0.78454	-0.77299	-0.68144	-0.49923	-0.3891	-0.25849	-0.076736	0.10792	0.20203	3.1557
1022	0.18083	0.1581	-0.045473	-0.29441	-0.4835	-0.62059	-0.89177	-1.1578	-1.2972	-1.2408	-0.9002	-0.42914	0.10482	0.48848	0.69762	0.85364	0.84303	0.67668	0.33446	-0.12483	-0.57196	-0.78227	-0.78436	-0.69518	-0.49871	-0.39014	-0.26839	-0.099029	0.11225	0.15299	3.1752
1021.6	0.17034	0.17235	-0.040995	-0.27537	-0.49511	-0.65472	-0.90475	-1.1628	-1.2934	-1.2537	-0.90055	-0.43712	0.10781	0.48717	0.68498	0.84035	0.85101	0.68182	0.33882	-0.12487	-0.57071	-0.78697	-0.771	-0.70268	-0.49605	-0.39466	-0.25401	-0.06369	0.12741	0.17824	3.1557
1020.9	0.17049	0.16533	-0.054566	-0.27396	-0.46113	-0.59383	-0.81448	-1.1377	-1.3131	-1.242	-0.90113	-0.43579	0.096169	0.4829	0.7032	0.84689	0.85459	0.67894	0.33338	-0.11715	-0.55934	-0.79038	-0.76995	-0.69012	-0.48805	-0.34587	-0.25563	-0.080709	0.11092	0.17832	3.1687
1020.7	0.17351	0.13843	-0.068158	-0.30221	-0.48093	-0.63918	-0.87148	-1.1471	-1.293	-1.2439	-0.91141	-0.44063	0.10932	0.49369	0.69687	0.85168	0.86391	0.70703	0.3391	-0.11712	-0.57703	-0.77307	-0.77618	-0.70037	-0.48669	-0.38772	-0.27021	-0.088681	0.11845	0.1502	3.1427
1021.8	0.16879	0.15531	-0.053035	-0.28711	-0.49501	-0.63521	-0.90457	-1.1641	-1.3076	-1.2503	-0.91549	-0.43544	0.097553	0.47485	0.69452	0.84923	0.85693	0.67838	0.33875	-0.12486	-0.56911	-0.78099	-0.78295	-0.69675	-0.51693	-0.35416	-0.26267	-0.099031	0.1183	0.16488	3.1719
1023.7	0.185	0.15071	-0.018255	-0.26747	-0.46642	-0.63401	-0.89582	-1.1559	-1.3154	-1.2449	-0.92385	-0.4378	0.072594	0.47699	0.6722	0.83405	0.8416	0.67218	0.33671	-0.12302	-0.58122	-0.79114	-0.79059	-0.70414	-0.49227	-0.38231	-0.27086	-0.081925	0.11204	0.15865	3.1362
1025.4	0.17423	0.14344	-0.04074	-0.28614	-0.44776	-0.62011	-0.84061	-1.1479	-1.2973	-1.2397	-0.91227	-0.44334	0.089897	0.48079	0.69048	0.84023	0.85237	0.67601	0.34459	-0.12751	-0.56566	-0.76524	-0.78021	-0.71014	-0.51512	-0.39171	-0.2776	-0.084344	0.13297	0.1805	3.1784
1025.6	0.15321	0.16326	-0.045283	-0.28608	-0.49318	-0.63609	-0.87858	-1.1356	-1.3013	-1.2471	-0.91878	-0.44634	0.088466	0.48219	0.67257	0.84459	0.85221	0.67589	0.3347	-0.13213	-0.55235	-0.78237	-0.76947	-0.69846	-0.4927	-0.3614	-0.24731	-0.093484	0.11493	0.1731	3.1687
1025.6	0.18622	0.14764	-0.027213	-0.2816	-0.46393	-0.63284	-0.85603	-1.1461	-1.297	-1.241	-0.9289	-0.44795	0.081144	0.47304	0.67419	0.8295	0.83853	0.67098	0.32062	-0.12589	-0.56696	-0.78384	-0.77252	-0.65534	-0.52052	-0.36578	-0.26601	-0.088233	0.12241	0.14802	3.1849
1025.8	0.19212	0.14479	-0.049759	-0.28312	-0.44921	-0.60223	-0.88411	-1.1459	-1.291	-1.2408	-0.9136	-0.46041	0.086909	0.46532	0.68529	0.82935	0.84135	0.67411	0.32059	-0.11965	-0.57123	-0.78663	-0.77392	-0.6927	-0.48149	-0.35425	-0.24436	-0.083113	0.12839	0.1701	3.1622
1026.4	0.17103	0.1602	-0.070857	-0.28136	-0.45701	-0.62759	-0.84686	-1.1497	-1.3003	-1.24	-0.90971	-0.43191	0.094182	0.48789	0.6897	0.84388	0.85608	0.68192	0.33581	-0.12118	-0.56364	-0.77458	-0.77037	-0.68789	-0.50346	-0.38841	-0.27297	-0.10249	0.099818	0.17143	3.2077
1027.3	0.17091	0.17274	-0.049805	-0.26499	-0.47284	-0.64628	-0.86864	-1.1669	-1.3035	-1.2528	-0.91728	-0.44875	0.082487	0.47535	0.6827	0.84019	0.84169	0.66989	0.33415	-0.12259	-0.56608	-0.7595	-0.77578	-0.66866	-0.49756	-0.38812	-0.26419	-0.10898	0.093743	0.17134	3.2239
1025.6	0.16667	0.14765	-0.060441	-0.28907	-0.46718	-0.63287	-0.87581	-1.1673	-1.3043	-1.2549	-0.93058	-0.46049	0.076742	0.47159	0.6774	0.84008	0.84611	0.67593	0.34599	-0.12435	-0.55529	-0.77382	-0.75588	-0.68844	-0.51504	-0.35	-0.25734	-0.079063	0.13141	0.17014	3.2272
1023.9	0.18955	0.15928	-0.03636	-0.23054	-0.46797	-0.60975	-0.8417	-1.1375	-1.2977	-1.2415	-0.92032	-0.45341	0.089946	0.47993	0.68821	0.84749	0.85514	0.70315	0.34648	-0.097963	-0.54452	-0.76199	-0.75419	-0.67083	-0.49219	-0.39226	-0.27084	-0.087075	0.13617	0.17793	3.2401
1023.1	0.17014	0.16784	-0.034758	-0.28232	-0.47486	-0.61994	-0.88649	-1.1566	-1.3003	-1.2673	-0.91606	-0.45374	0.087177	0.48184	0.6823	0.86031	0.86505	0.68904	0.35394	-0.10427	-0.54634	-0.76263	-0.76083	-0.67436	-0.47171	-0.36111	-0.24631	-0.08067	0.10314	0.17368	3.2531
1022.4	0.17175	0.15374	-0.039358	-0.27951	-0.467	-0.6428	-0.90243	-1.1588	-1.3083	-1.2665	-0.94518	-0.47277	0.072733	0.45775	0.6746	0.83511	0.85187	0.69447	0.35269	-0.10285	-0.54965	-0.77469	-0.77037	-0.69633	-0.50557	-0.3827	-0.27111	-0.093794	0.098694	0.15893	3.2726
1022	0.17936	0.16518	-0.033426	-0.27384	-0.45573	-0.6286	-0.8733	-1.1715	-1.3001	-1.2608	-0.94554	-0.46368	0.068354	0.48393	0.67334	0.86113	0.85821	0.70449	0.35423	-0.10447	-0.54265	-0.76351	-0.7662	-0.66331	-0.50297	-0.37283	-0.24826	-0.063581	0.12125	0.16776	3.3019
1022.4	0.16415	0.14674	-0.015235	-0.25298	-0.44747	-0.62671	-0.88279	-1.1573	-1.3025	-1.2526	-0.93173	-0.47128	0.074113	0.47908	0.68271	0.85175	0.84874	0.7058	0.35965	-0.090416	-0.53651	-0.75884	-0.76133	-0.68188	-0.49424	-0.36551	-0.25381	-0.067586	0.12727	0.18102	3.2824
1022.4	0.18827	0.15378	-0.039398	-0.25889	-0.47026	-0.63001	-0.86435	-1.1452	-1.3083	-1.268	-0.94015	-0.46344	0.09311	0.47151	0.68113	0.85631	0.86399	0.70584	0.34698	-0.10441	-0.53945	-0.7544	-0.7537	-0.69199	-0.48872	-0.36694	-0.26104	-0.085922	0.13035	0.16777	3.3051
1021.8	0.18386	0.14252	-0.039464	-0.24572	-0.47219	-0.61107	-0.89606	-1.1595	-1.3077	-1.2596	-0.94241	-0.45117	0.091719	0.49164	0.68156	0.84318	0.86911	0.703	0.33731	-0.10762	-0.54712	-0.76795	-0.75871	-0.70254	-0.48483	-0.36426	-0.26558	-0.087228	0.11531	0.15895	3.3116
1021.8	0.17636	0.15812	-0.045495	-0.25159	-0.47874	-0.61427	-0.88046	-1.1474	-1.3106	-1.258	-0.93064	-0.46843	0.085891	0.47789	0.69126	0.85225	0.85844	0.68825	0.3472	-0.12326	-0.56033	-0.77081	-0.76023	-0.69958	-0.4932	-0.38011	-0.27568	-0.061064	0.11535	0.17376	3.2921
1020.7	0.16447	0.13699	-0.04706	-0.25633	-0.47429	-0.61813	-0.8572	-1.1547	-1.3177	-1.2547	-0.93326	-0.45636	0.084517	0.47534	0.68233	0.85165	0.85165	0.69714	0.3518	-0.11085	-0.55507	-0.77313	-0.75954	-0.71908	-0.48677	-0.39351	-0.25863	-0.096552	0.10345	0.15026	3.3051
1020.3	0.16605	0.13846	-0.053083	-0.28012	-0.46303	-0.63295	-0.89022	-1.1871	-1.33	-1.263	-0.93375	-0.47386	0.077179	0.46639	0.68905	0.85052	0.84289	0.68105	0.33497	-0.1109	-0.56998	-0.77488	-0.7902	-0.67611	-0.54007	-0.40953	-0.26745	-0.11228	0.12602	0.16665	3.3181
1019.7	0.17067	0.14709	-0.036478	-0.26996	-0.47151	-0.64296	-0.92489	-1.159	-1.3323	-1.2746	-0.94778	-0.46321	0.081637	0.47735	0.68629	0.84041	0.85565	0.68806	0.35077	-0.11569	-0.56883	-0.77974	-0.7649	-0.69671	-0.49979	-0.37802	-0.26319	-0.091365	0.1171	0.15038	3.3376
1018	0.16489	0.1559	-0.057732	-0.24517	-0.47071	-0.63436	-0.87948	-1.1669	-1.3155	-1.2705	-0.93418	-0.45446	0.086158	0.49191	0.67272	0.84182	0.84485	0.69246	0.34143	-0.11276	-0.55652	-0.76938	-0.75396	-0.70077	-0.5035	-0.37432	-0.26364	-0.074441	0.10668	0.15211	3.3278
1017.1	0.18169	0.16028	-0.054789	-0.27508	-0.48253	-0.63488	-0.88308	-1.1648	-1.3136	-1.2638	-0.92983	-0.46271	0.081872	0.47242	0.6912	0.84249	0.85165	0.67492	0.34881	-0.11754	-0.56437	-0.77729	-0.77589	-0.68687	-0.50387	-0.39055	-0.27989	-0.094242	0.10068	0.15969	3.3116
1016.5	0.15911	0.15753	-0.063912	-0.29458	-0.4763	-0.61907	-0.89785	-1.1763	-1.3189	-1.2708	-0.93547	-0.46298	0.078997	0.48193	0.69166	0.83847	0.85526	0.68523	0.34477	-0.10501	-0.56027	-0.77923	-0.77335	-0.64959	-0.52522	-0.39951	-0.26987	-0.10613	0.093189	0.15386	3.3213
1014.6	0.17763	0.14641	-0.030572	-0.28468	-0.46409	-0.6479	-0.88669	-1.1708	-1.3257	-1.2763	-0.95082	-0.47017	0.071766	0.47051	0.67662	0.84771	0.86458	0.68986	0.33692	-0.10835	-0.55687	-0.77485	-0.78393	-0.71334	-0.5248	-0.38135	-0.24552	-0.1077	0.096371	0.1482	3.3246
1013.3	0.17169	0.1566	-0.041345	-0.26571	-0.4778	-0.62103	-0.91061	-1.1692	-1.3171	-1.2686	-0.92488	-0.47556	0.085098	0.47266	0.69053	0.85635	0.87334	0.69734	0.36013	-0.092731	-0.54726	-0.76707	-0.76202	-0.7113	-0.47907	-0.3906	-0.25611	-0.085335	0.11019	0.18414	3.3149
1012.5	0.19018	0.16391	-0.029139	-0.27634	-0.48145	-0.63617	-0.88719	-1.1702	-1.3241	-1.2696	-0.94772	-0.46168	0.064576	0.48544	0.68297	0.86018	0.8679	0.70785	0.36613	-0.095958	-0.53587	-0.75747	-0.76262	-0.67259	-0.50325	-0.40253	-0.25192	-0.091981	0.1148	0.17994	3.3311
1011.8	0.16892	0.16692	-0.055251	-0.26911	-0.46375	-0.63492	-0.87049	-1.1847	-1.3264	-1.2766	-0.9466	-0.4651	0.067563	0.47186	0.68996	0.85012	0.87009	0.70501	0.36781	-0.091292	-0.54801	-0.77261	-0.76622	-0.67884	-0.50786	-0.36643	-0.24916	-0.077468	0.099741	0.18144	3.3278
1013.3	0.17333	0.1795	-0.039649	-0.27307	-0.44652	-0.6275	-0.89761	-1.1631	-1.3186	-1.2779	-0.95722	-0.47881	0.071829	0.48336	0.67903	0.85949	0.86878	0.7139	0.37288	-0.10061	-0.55911	-0.78607	-0.76668	-0.68952	-0.46923	-0.37746	-0.25611	-0.069541	0.12389	0.17381	3.3311
1013.9	0.17619	0.15216	-0.026072	-0.29975	-0.47416	-0.64344	-0.89161	-1.1731	-1.3192	-1.2818	-0.95146	-0.46588	0.065917	0.48472	0.66727	0.8604	0.85742	0.70357	0.35989	-0.099015	-0.54994	-0.77102	-0.77834	-0.67447	-0.5223	-0.37585	-0.29262	-0.10376	0.10719	0.1438	3.3181
1015.8	0.16833	0.14912	-0.042829	-0.28593	-0.46351	-0.62436	-0.88562	-1.174	-1.3299	-1.2794	-0.95305	-0.48703	0.068736	0.45768	0.67911	0.84058	0.84974	0.70221	0.36495	-0.095583	-0.55481	-0.77976	-0.76927	-0.69198	-0.51005	-0.38523	-0.2569	-0.11163	0.099298	0.1659	3.3343
1017.8	0.17252	0.16598	-0.050207	-0.29001	-0.47419	-0.64259	-0.90951	-1.1824	-1.3406	-1.291	-0.95795	-0.48766	0.04081	0.45524	0.6566	0.83746	0.84348	0.68272	0.34996	-0.10488	-0.55523	-0.78411	-0.76185	-0.67773	-0.49804	-0.38007	-0.2609	-0.10622	0.12788	0.14028	3.3636
1018.8	0.16475	0.15013	-0.066914	-0.29386	-0.45389	-0.65482	-0.88727	-1.1736	-1.3377	-1.2804	-0.96718	-0.48247	0.052413	0.45166	0.65913	0.84267	0.84873	0.69198	0.3624	-0.095431	-0.54282	-0.76587	-0.77769	-0.68293	-0.49463	-0.374	-0.28812	-0.084858	0.10346	0.17272	3.3571
1019.2	0.15263	0.14435	-0.051662	-0.27015	-0.46688	-0.64645	-0.91537	-1.1776	-1.3371	-1.2953	-0.97022	-0.50126	0.055354	0.45003	0.65884	0.81806	0.85297	0.68354	0.35948	-0.093756	-0.53964	-0.76987	-0.76663	-0.69554	-0.50705	-0.39698	-0.26606	-0.10467	0.094501	0.1624	3.3733
1019.7	0.15721	0.14854	-0.033524	-0.28634	-0.47479	-0.62676	-0.8937	-1.1603	-1.338	-1.2776	-0.98152	-0.49782	0.036365	0.44834	0.65715	0.85107	0.85419	0.69637	0.36078	-0.10305	-0.54239	-0.76368	-0.78308	-0.68653	-0.50546	-0.36802	-0.26902	-0.11905	0.10357	0.14884	3.3831
1019.7	0.17225	0.16001	-0.022902	-0.30111	-0.46837	-0.64312	-0.95064	-1.1848	-1.3468	-1.2933	-0.97312	-0.50574	0.053858	0.44371	0.66837	0.84646	0.85717	0.69466	0.35927	-0.08428	-0.5365	-0.76816	-0.78164	-0.67377	-0.48862	-0.38949	-0.28509	-0.092498	0.10961	0.16381	3.3668
1019.2	0.16317	0.15856	-0.045706	-0.26397	-0.48644	-0.61746	-0.92381	-1.1609	-1.3299	-1.2767	-0.93637	-0.47275	0.070056	0.46994	0.6849	0.86055	0.86673	0.70646	0.37492	-0.081278	-0.51029	-0.75248	-0.76674	-0.66821	-0.49728	-0.35515	-0.26619	-0.11507	0.098894	0.15194	3.3896
1019.7	0.17671	0.16833	-0.025929	-0.26695	-0.45687	-0.61226	-0.93518	-1.1711	-1.3338	-1.2731	-0.95963	-0.48676	0.059762	0.4652	0.68465	0.8601	0.87558	0.70447	0.37482	-0.076524	-0.5498	-0.73907	-0.76191	-0.66793	-0.48452	-0.38249	-0.25888	-0.080868	0.089764	0.17266	3.3896
1019.2	0.16924	0.17276	-0.035023	-0.25378	-0.46353	-0.62384	-0.88564	-1.1594	-1.3211	-1.2813	-0.94995	-0.50116	0.065637	0.45155	0.68006	0.8544	0.87591	0.71305	0.39481	-0.092149	-0.52209	-0.76408	-0.74846	-0.67101	-0.49168	-0.37098	-0.25026	-0.10728	0.1156	0.18895	3.3863
1018.8	0.18896	0.1714	-0.018367	-0.27614	-0.47188	-0.64664	-0.89016	-1.1493	-1.3216	-1.274	-0.95013	-0.47927	0.061252	0.46558	0.6853	0.86244	0.8687	0.71666	0.39223	-0.055998	-0.52368	-0.7469	-0.7533	-0.66541	-0.48073	-0.3769	-0.24447	-0.063868	0.13228	0.1847	3.4058
1018.6	0.18454	0.16291	-0.013775	-0.25837	-0.45892	-0.66151	-0.89327	-1.1785	-1.3264	-1.2806	-0.95047	-0.47306	0.065616	0.45647	0.67727	0.83069	0.86426	0.71178	0.38377	-0.074966	-0.51932	-0.7544	-0.76263	-0.65697	-0.50588	-0.36681	-0.27365	-0.089989	0.079426	0.14912	3.4123
1019.9	0.17067	0.16273	-0.033367	-0.27278	-0.47959	-0.63319	-0.88641	-1.1708	-1.3232	-1.296	-0.95434	-0.50387	0.042157	0.44061	0.65527	0.82963	0.86011	0.70929	0.37333	-0.081209	-0.53206	-0.75633	-0.74954	-0.67205	-0.50259	-0.36772	-0.26022	-0.097946	0.11246	0.16519	3.4156
1020.9	0.17798	0.15828	-0.035	-0.27549	-0.45953	-0.64222	-0.91953	-1.1772	-1.3349	-1.2746	-0.96344	-0.47834	0.043598	0.44617	0.65131	0.83629	0.84694	0.70198	0.37014	-0.085822	-0.52996	-0.76286	-0.75781	-0.67714	-0.52016	-0.38331	-0.27014	-0.11748	0.097241	0.1651	3.4058
1021.1	0.17343	0.1355	-0.041007	-0.25482	-0.46437	-0.61464	-0.87675	-1.1694	-1.3259	-1.2681	-0.95309	-0.49862	0.043569	0.45072	0.66414	0.83922	0.84371	0.70838	0.3813	-0.085773	-0.52984	-0.76699	-0.75163	-0.65809	-0.50746	-0.36884	-0.29327	-0.09912	0.098755	0.1591	3.4156
1023.3	0.16704	0.15368	-0.048375	-0.23803	-0.48617	-0.6423	-0.9103	-1.17	-1.3232	-1.2855	-0.97463	-0.49601	0.0362	0.44213	0.63846	0.82537	0.83893	0.69049	0.36359	-0.10595	-0.5317	-0.77409	-0.75462	-0.68712	-0.52031	-0.39397	-0.28689	-0.10291	0.068449	0.15138	3.4123
1025.6	0.16068	0.12369	-0.05129	-0.2905	-0.46718	-0.63285	-0.89403	-1.187	-1.3318	-1.2842	-0.9658	-0.48859	0.041918	0.44266	0.65155	0.82045	0.83703	0.69062	0.35013	-0.091634	-0.5495	-0.76508	-0.77552	-0.6999	-0.50248	-0.37438	-0.27317	-0.11038	0.095388	0.15398	3.4221
1026.4	0.17253	0.15319	-0.024241	-0.28144	-0.47973	-0.62429	-0.88484	-1.1693	-1.3249	-1.2908	-0.95321	-0.49132	0.046321	0.43928	0.65429	0.83338	0.8379	0.67863	0.35132	-0.099328	-0.53585	-0.75577	-0.75828	-0.66764	-0.47431	-0.37699	-0.27448	-0.12603	0.098287	0.16263	3.4286
1027.7	0.14691	0.14876	-0.049723	-0.30017	-0.47754	-0.62033	-0.91904	-1.1574	-1.3218	-1.2722	-0.937	-0.47983	0.060688	0.45236	0.6712	0.82934	0.84135	0.69732	0.34941	-0.085198	-0.53376	-0.75057	-0.74382	-0.68267	-0.50011	-0.3923	-0.26689	-0.10758	0.096712	0.14776	3.4351
1027.3	0.16942	0.16715	-0.031699	-0.25766	-0.46153	-0.62056	-0.87009	-1.1548	-1.3136	-1.2666	-0.93063	-0.47841	0.063669	0.45261	0.66021	0.84173	0.84172	0.6862	0.35095	-0.089932	-0.53252	-0.75085	-0.75918	-0.67728	-0.49331	-0.36519	-0.25118	-0.090702	0.10123	0.14635	3.4286
1025.4	0.17122	0.16746	-0.033306	-0.27439	-0.47211	-0.62979	-0.86613	-1.1631	-1.3117	-1.2721	-0.93067	-0.46361	0.0769	0.46108	0.67761	0.83271	0.85235	0.67269	0.353	-0.10888	-0.53938	-0.7494	-0.75455	-0.65551	-0.50401	-0.37739	-0.27191	-0.098727	0.08936	0.14367	3.4286
1024.3	0.16987	0.15631	-0.033311	-0.2643	-0.47424	-0.64814	-0.89388	-1.1794	-1.3145	-1.2563	-0.93666	-0.45469	0.071147	0.47069	0.66212	0.83806	0.84105	0.69303	0.35614	-0.10271	-0.53852	-0.76753	-0.74021	-0.6676	-0.48373	-0.36197	-0.2534	-0.093615	0.10302	0.17184	3.4578
1022.8	0.16715	0.1481	-0.043963	-0.25433	-0.46676	-0.63615	-0.8781	-1.178	-1.3164	-1.2814	-0.93631	-0.47258	0.078558	0.47749	0.66633	0.83027	0.84079	0.68582	0.33696	-0.1029	-0.54953	-0.75999	-0.7519	-0.70036	-0.48714	-0.38258	-0.26528	-0.10809	0.09571	0.16181	3.4156
1022.2	0.18087	0.16512	-0.040981	-0.26935	-0.49155	-0.63008	-0.89992	-1.1606	-1.326	-1.2682	-0.93856	-0.46499	0.077189	0.46557	0.66676	0.83835	0.83822	0.68132	0.33143	-0.11079	-0.55286	-0.76194	-0.75544	-0.68065	-0.49859	-0.37415	-0.25826	-0.097719	0.10475	0.1323	3.4481
1021.6	0.17638	0.14534	-0.010663	-0.29614	-0.48205	-0.63222	-0.89757	-1.1734	-1.3268	-1.2706	-0.94422	-0.459	0.074324	0.47042	0.66557	0.84485	0.85556	0.68997	0.3486	-0.099926	-0.54582	-0.7508	-0.7498	-0.67383	-0.46266	-0.38174	-0.25107	-0.076787	0.10028	0.16047	3.4578
1020.1	0.15097	0.14422	-0.02734	-0.27724	-0.47464	-0.63786	-0.87176	-1.1797	-1.3258	-1.2786	-0.93541	-0.48015	0.077342	0.47267	0.673	0.84157	0.8506	0.68106	0.34485	-0.11426	-0.5482	-0.76212	-0.75544	-0.68058	-0.48696	-0.39812	-0.26743	-0.11229	0.10491	0.1712	3.4481
1019.7	0.17077	0.14418	-0.031964	-0.2922	-0.47626	-0.64782	-0.88078	-1.1878	-1.3322	-1.2759	-0.95593	-0.47391	0.068741	0.4729	0.67018	0.84048	0.84345	0.68958	0.3493	-0.12052	-0.55704	-0.78128	-0.75573	-0.70395	-0.553	-0.39386	-0.2776	-0.10443	0.10798	0.13853	3.448
1020.5	0.15692	0.1284	-0.034904	-0.27703	-0.45637	-0.62955	-0.92547	-1.1852	-1.3238	-1.2765	-0.95188	-0.47193	0.061283	0.47097	0.66292	0.8306	0.84733	0.68077	0.35459	-0.1126	-0.55375	-0.7587	-0.77783	-0.67451	-0.50243	-0.35602	-0.27889	-0.096465	0.088197	0.15906	3.4416
1019.9	0.15852	0.15553	-0.04712	-0.27573	-0.47149	-0.65254	-0.85071	-1.1754	-1.3349	-1.2851	-0.95586	-0.46755	0.068659	0.45601	0.67316	0.82666	0.84474	0.67304	0.34913	-0.11891	-0.54378	-0.76215	-0.76318	-0.67786	-0.50796	-0.38221	-0.26165	-0.096609	0.083772	0.15338	3.4545
1020.7	0.1675	0.14409	-0.022804	-0.25786	-0.50207	-0.62946	-0.8658	-1.1577	-1.3367	-1.267	-0.94501	-0.45777	0.0642	0.4571	0.67094	0.83499	0.85934	0.6856	0.34466	-0.093751	-0.51692	-0.74991	-0.7565	-0.69032	-0.50078	-0.38192	-0.26589	-0.10958	0.10183	0.15762	3.4838
1020.3	0.18123	0.15834	-0.060681	-0.28907	-0.45485	-0.63451	-0.90436	-1.1855	-1.3226	-1.2783	-0.94025	-0.48783	0.071576	0.46344	0.69243	0.85361	0.85818	0.69088	0.37032	-0.090597	-0.53471	-0.75888	-0.7583	-0.67323	-0.48545	-0.38786	-0.27457	-0.082157	0.12455	0.17104	3.4416
1020.5	0.17799	0.16251	-0.060697	-0.26086	-0.4727	-0.6216	-0.87166	-1.1715	-1.3194	-1.2688	-0.94856	-0.47672	0.062783	0.47254	0.67764	0.84888	0.85349	0.68581	0.36451	-0.10004	-0.5346	-0.76604	-0.75663	-0.6832	-0.47708	-0.36773	-0.26732	-0.088655	0.12904	0.16955	3.461
1021.4	0.17796	0.16529	-0.044025	-0.27543	-0.47897	-0.62588	-0.87087	-1.1661	-1.3198	-1.2693	-0.94774	-0.47641	0.067037	0.46438	0.67221	0.83902	0.85569	0.70157	0.36274	-0.088967	-0.54448	-0.74512	-0.74236	-0.6595	-0.49896	-0.36301	-0.27	-0.078144	0.095767	0.16049	3.4838
1021.4	0.16432	0.15537	-0.041014	-0.27539	-0.47081	-0.63067	-0.89637	-1.1737	-1.3198	-1.2817	-0.94613	-0.47958	0.062628	0.44605	0.66729	0.83594	0.86033	0.68517	0.3572	-0.095231	-0.54157	-0.75235	-0.75754	-0.66375	-0.48371	-0.37596	-0.27148	-0.078156	0.10334	0.15603	3.4643
1020.9	0.17195	0.15964	-0.048702	-0.2681	-0.4628	-0.63739	-0.89973	-1.162	-1.3203	-1.2761	-0.96168	-0.49553	0.058289	0.44475	0.65462	0.81818	0.84085	0.69872	0.36305	-0.090537	-0.53732	-0.75409	-0.75326	-0.64395	-0.48807	-0.34439	-0.26145	-0.096402	0.13666	0.14139	3.4675
1019	0.17988	0.15856	-0.035035	-0.27457	-0.47346	-0.62559	-0.86578	-1.1657	-1.3272	-1.2893	-0.95501	-0.49961	0.056899	0.45012	0.65093	0.82727	0.85157	0.69831	0.36792	-0.082813	-0.5295	-0.74241	-0.74557	-0.65229	-0.48618	-0.36525	-0.26334	-0.083501	0.11111	0.18014	3.4903
1016.3	0.16215	0.1504	-0.030569	-0.27088	-0.49274	-0.65478	-0.88808	-1.152	-1.3279	-1.2928	-0.96269	-0.48195	0.060024	0.46832	0.67713	0.84475	0.86768	0.70844	0.36609	-0.092549	-0.52651	-0.75171	-0.7415	-0.67584	-0.47486	-0.39226	-0.2538	-0.096882	0.10996	0.15989	3.513
1014.1	0.16248	0.15213	-0.041283	-0.26692	-0.45937	-0.63509	-0.90431	-1.182	-1.3466	-1.2877	-0.97311	-0.48923	0.04546	0.45399	0.67032	0.84804	0.85413	0.69833	0.36968	-0.088032	-0.53203	-0.75622	-0.76436	-0.66996	-0.51531	-0.3714	-0.26604	-0.093092	0.11325	0.15129	3.4838
1013.5	0.17933	0.14369	-0.041303	-0.26261	-0.47437	-0.64854	-0.90771	-1.1828	-1.3271	-1.2947	-0.96532	-0.51023	0.048296	0.4464	0.66918	0.83787	0.85156	0.70373	0.37707	-0.084843	-0.53832	-0.7611	-0.77559	-0.67771	-0.5199	-0.39766	-0.27065	-0.098414	0.10703	0.16626	3.4805
1013.7	0.17469	0.16366	-0.041449	-0.25813	-0.47923	-0.63385	-0.89321	-1.2129	-1.3459	-1.2992	-0.96679	-0.50543	0.049726	0.45089	0.67061	0.84693	0.86065	0.71517	0.38271	-0.075398	-0.52928	-0.76533	-0.76324	-0.67467	-0.4944	-0.37157	-0.26479	-0.098498	0.11928	0.17227	3.4805
1013.7	0.16703	0.1565	-0.053438	-0.28341	-0.47439	-0.66144	-0.91755	-1.1824	-1.3502	-1.3024	-0.97195	-0.50866	0.049785	0.45855	0.67389	0.8499	0.86375	0.71686	0.37269	-0.069025	-0.53971	-0.76971	-0.77239	-0.68492	-0.49994	-0.37306	-0.25445	-0.098518	0.1315	0.16924	3.4838
1013.5	0.17316	0.16939	-0.045936	-0.26856	-0.48433	-0.6372	-0.90628	-1.1767	-1.3491	-1.315	-0.97554	-0.5118	0.045428	0.4511	0.66104	0.85007	0.8655	0.71707	0.37995	-0.081671	-0.53533	-0.76256	-0.75723	-0.68497	-0.49311	-0.37889	-0.23998	-0.079927	0.11779	0.19006	3.461
1013.9	0.18981	0.14788	-0.024511	-0.27149	-0.4742	-0.61741	-0.89162	-1.1838	-1.3573	-1.2879	-0.99207	-0.49416	0.048259	0.45238	0.68686	0.84361	0.87273	0.71501	0.38972	-0.062743	-0.52334	-0.74328	-0.76307	-0.69049	-0.49711	-0.38745	-0.28804	-0.077249	0.13145	0.1736	3.5
1014.8	0.17303	0.15068	-0.0107	-0.28461	-0.47383	-0.63948	-0.87643	-1.1797	-1.3401	-1.3072	-0.96579	-0.49541	0.043856	0.44736	0.67644	0.85822	0.86896	0.7178	0.38087	-0.070492	-0.51098	-0.7543	-0.75633	-0.6611	-0.48684	-0.36819	-0.25272	-0.10774	0.10689	0.1527	3.5065
1016.3	0.17429	0.15764	-0.045809	-0.2782	-0.47139	-0.63708	-0.86096	-1.1887	-1.3426	-1.3038	-0.98989	-0.51042	0.039454	0.45439	0.65762	0.84024	0.85859	0.71679	0.38173	-0.079888	-0.53537	-0.75903	-0.75979	-0.71522	-0.50848	-0.38511	-0.27002	-0.10892	0.090032	0.15232	3.487
1017.1	0.17409	0.12887	-0.045628	-0.29139	-0.46447	-0.62689	-0.9014	-1.1861	-1.3356	-1.2965	-0.97561	-0.51327	0.036439	0.44484	0.6635	0.84715	0.85016	0.72612	0.37863	-0.070476	-0.53204	-0.74678	-0.76535	-0.66977	-0.53205	-0.40222	-0.24928	-0.10611	0.11273	0.16103	3.4805
1017.3	0.17257	0.15318	-0.050276	-0.26748	-0.46108	-0.62998	-0.88705	-1.1754	-1.3368	-1.3009	-0.98216	-0.52426	0.030462	0.45394	0.64875	0.84542	0.85768	0.71779	0.4026	-0.073514	-0.51872	-0.76125	-0.74082	-0.67238	-0.50809	-0.37467	-0.27696	-0.10606	0.13236	0.16106	3.4903
1017.3	0.16346	0.1432	-0.050328	-0.26762	-0.4873	-0.64776	-0.87724	-1.1632	-1.3544	-1.3133	-0.99729	-0.50688	0.032038	0.44627	0.64877	0.85757	0.86679	0.71771	0.38424	-0.079745	-0.51422	-0.75538	-0.76057	-0.69267	-0.50374	-0.3775	-0.26099	-0.11405	0.11127	0.17008	3.5098
1019	0.17991	0.15855	-0.051547	-0.27611	-0.45539	-0.65481	-0.86872	-1.1992	-1.3434	-1.3065	-0.98384	-0.52178	0.026096	0.45315	0.65748	0.84394	0.84395	0.72145	0.36795	-0.076495	-0.53686	-0.75696	-0.7624	-0.67552	-0.50025	-0.3783	-0.25611	-0.1151	0.1186	0.18603	3.4805
1020.1	0.16748	0.15841	-0.037889	-0.28159	-0.46807	-0.64274	-0.87625	-1.189	-1.3522	-1.3115	-1.0031	-0.51808	0.029001	0.4451	0.64705	0.83262	0.86003	0.70101	0.38745	-0.092121	-0.53778	-0.7648	-0.754	-0.66895	-0.49121	-0.38645	-0.30382	-0.10058	0.094227	0.15193	3.5
1020.7	0.17039	0.15683	-0.028855	-0.26694	-0.4596	-0.6455	-0.82926	-1.1914	-1.3384	-1.2983	-0.99593	-0.51637	0.028825	0.45861	0.65478	0.85024	0.85034	0.72036	0.37463	-0.081074	-0.53305	-0.76016	-0.74883	-0.692	-0.51054	-0.36476	-0.24698	-0.08468	0.08965	0.15464	3.487
1020.5	0.16608	0.13996	-0.054659	-0.26973	-0.46122	-0.64428	-0.92266	-1.1915	-1.3518	-1.3033	-0.98614	-0.51181	0.020039	0.44641	0.66786	0.83378	0.86124	0.70409	0.38584	-0.074774	-0.52728	-0.75304	-0.76435	-0.682	-0.49276	-0.40525	-0.27602	-0.10174	0.10771	0.16511	3.513
1019.4	0.16482	0.16151	-0.048646	-0.28621	-0.48314	-0.63345	-0.87401	-1.1549	-1.3533	-1.3015	-0.98186	-0.51075	0.036154	0.43457	0.66855	0.84221	0.86368	0.71127	0.38638	-0.079503	-0.53075	-0.76264	-0.76076	-0.64804	-0.4986	-0.38824	-0.25749	-0.1098	0.11717	0.16688	3.5
1019.4	0.17371	0.15716	-0.012247	-0.27456	-0.46849	-0.6464	-0.89658	-1.1837	-1.3473	-1.3108	-0.99212	-0.51058	0.027344	0.44387	0.65548	0.8468	0.85902	0.71293	0.37219	-0.073251	-0.53659	-0.74502	-0.75895	-0.65202	-0.49843	-0.36362	-0.2647	-0.078416	0.10341	0.15483	3.5195
1021.8	0.16129	0.16093	-0.031713	-0.27519	-0.46565	-0.64006	-0.91755	-1.1763	-1.3326	-1.2985	-0.97463	-0.52032	0.033318	0.4382	0.67195	0.83274	0.86633	0.71312	0.38542	-0.073062	-0.5251	-0.75342	-0.76488	-0.68376	-0.50853	-0.37302	-0.25243	-0.12137	0.11686	0.13831	3.5228
1023.5	0.15644	0.1423	-0.034774	-0.28217	-0.48574	-0.6295	-0.91025	-1.1792	-1.3392	-1.3073	-0.98504	-0.5245	0.028719	0.44509	0.65288	0.83437	0.8526	0.71194	0.37072	-0.079323	-0.54337	-0.75813	-0.74991	-0.68717	-0.47842	-0.38389	-0.24478	-0.090782	0.1092	0.14538	3.5098
1025	0.16836	0.15754	-0.054187	-0.26557	-0.4544	-0.63474	-0.87092	-1.191	-1.3402	-1.3131	-0.9836	-0.52371	0.025727	0.44446	0.64881	0.83766	0.84678	0.7108	0.36884	-0.075936	-0.52953	-0.76132	-0.7656	-0.67745	-0.51401	-0.38773	-0.28643	-0.10141	0.092365	0.16869	3.526
1025.4	0.17574	0.15898	-0.040909	-0.23757	-0.47392	-0.61875	-0.86339	-1.1603	-1.3353	-1.2956	-0.9764	-0.5046	0.043246	0.4412	0.66305	0.83282	0.86476	0.71211	0.38266	-0.07604	-0.51896	-0.74509	-0.75319	-0.67859	-0.49022	-0.34713	-0.27913	-0.092182	0.10275	0.17615	3.5293
1025	0.16224	0.15899	-0.058983	-0.25669	-0.47247	-0.63814	-0.89344	-1.1908	-1.3429	-1.2915	-0.98003	-0.50954	0.033192	0.44745	0.66333	0.84219	0.85891	0.72227	0.38417	-0.074457	-0.52939	-0.75406	-0.74285	-0.68336	-0.48629	-0.38189	-0.26341	-0.093586	0.12542	0.15249	3.5683
1025.4	0.17278	0.15756	-0.049732	-0.2862	-0.46728	-0.64746	-0.88869	-1.1903	-1.3278	-1.3062	-0.96277	-0.51394	0.043306	0.45032	0.65653	0.8448	0.86613	0.71533	0.38686	-0.077585	-0.52331	-0.75083	-0.76216	-0.67995	-0.51364	-0.37302	-0.28203	-0.10394	0.090892	0.15845	3.5163
1025.6	0.17118	0.16884	-0.018146	-0.25806	-0.47046	-0.61199	-0.87008	-1.1705	-1.3435	-1.3105	-0.9776	-0.51385	0.040381	0.44264	0.65486	0.83113	0.86145	0.70215	0.36432	-0.079081	-0.5363	-0.75787	-0.75891	-0.68561	-0.49546	-0.40022	-0.25298	-0.094762	0.11497	0.17311	3.5423
1025.8	0.18017	0.14485	-0.045229	-0.28902	-0.48665	-0.6328	-0.85859	-1.1731	-1.3316	-1.2932	-0.96569	-0.49324	0.047667	0.45622	0.67566	0.85053	0.86433	0.72323	0.37971	-0.063474	-0.52445	-0.74469	-0.73767	-0.65808	-0.50243	-0.38437	-0.27595	-0.10384	0.10436	0.14361	3.539
1025.6	0.18471	0.15899	-0.051264	-0.27724	-0.47855	-0.6168	-0.89565	-1.1734	-1.3304	-1.2889	-0.95246	-0.49807	0.052023	0.45324	0.67745	0.83556	0.86289	0.71027	0.38257	-0.075975	-0.52463	-0.74344	-0.75295	-0.66394	-0.52751	-0.36718	-0.26746	-0.11691	0.11494	0.16132	3.5423
1024.3	0.17597	0.15487	-0.013638	-0.25691	-0.45808	-0.62233	-0.85703	-1.1748	-1.3349	-1.3027	-0.96355	-0.49858	0.050773	0.45997	0.65887	0.84264	0.87464	0.69801	0.39282	-0.079246	-0.52234	-0.75159	-0.74927	-0.68642	-0.49627	-0.35906	-0.25034	-0.088355	0.11057	0.15867	3.5195
1022.8	0.17915	0.16364	-0.010762	-0.24264	-0.4538	-0.61854	-0.86526	-1.1781	-1.3238	-1.2876	-0.96834	-0.49924	0.050842	0.45457	0.67448	0.83937	0.87589	0.71206	0.38349	-0.068461	-0.52162	-0.73826	-0.75347	-0.68169	-0.47598	-0.34223	-0.25229	-0.097606	0.10922	0.16334	3.539
1023.1	0.17309	0.16933	-0.031771	-0.2647	-0.46355	-0.61197	-0.8796	-1.1915	-1.3395	-1.2951	-0.96977	-0.50852	0.049352	0.44378	0.67746	0.84811	0.86958	0.7118	0.38612	-0.077966	-0.52161	-0.75395	-0.74425	-0.68143	-0.51079	-0.36095	-0.26966	-0.098959	0.10764	0.16768	3.5325
1022.2	0.15519	0.15663	-0.051573	-0.28258	-0.46055	-0.61893	-0.88874	-1.1834	-1.3332	-1.2961	-0.96389	-0.49488	0.040598	0.46404	0.66186	0.86855	0.86112	0.72076	0.38232	-0.071631	-0.52642	-0.75607	-0.75689	-0.7096	-0.4986	-0.39586	-0.2711	-0.1056	0.098713	0.17222	3.526
1022.2	0.18378	0.17926	-0.027348	-0.2738	-0.47047	-0.63647	-0.88576	-1.197	-1.3493	-1.3177	-0.98077	-0.49971	0.043528	0.43799	0.65871	0.84132	0.87485	0.7093	0.37532	-0.082456	-0.5235	-0.75755	-0.76455	-0.69649	-0.51825	-0.38561	-0.26675	-0.093786	0.095842	0.19139	3.526
1021.8	0.16124	0.16953	-0.039436	-0.25473	-0.46892	-0.63198	-0.87206	-1.1685	-1.3367	-1.292	-0.96778	-0.49203	0.05228	0.44582	0.67179	0.82962	0.87381	0.70144	0.39104	-0.076289	-0.51478	-0.74917	-0.74662	-0.67083	-0.50301	-0.3629	-0.26559	-0.095168	0.089691	0.17673	3.5358
1020.7	0.17655	0.16117	-0.027457	-0.27386	-0.47921	-0.639	-0.86603	-1.188	-1.3424	-1.3026	-0.96542	-0.50046	0.058225	0.46165	0.6677	0.85173	0.86702	0.72038	0.38442	-0.070091	-0.52424	-0.7411	-0.75788	-0.66128	-0.50758	-0.38472	-0.27144	-0.11217	0.079244	0.1697	3.5455
1019	0.16778	0.15856	-0.045794	-0.2822	-0.472	-0.65152	-0.90966	-1.1978	-1.3419	-1.3032	-0.96683	-0.48705	0.043697	0.45631	0.67385	0.84104	0.85789	0.70168	0.38651	-0.070141	-0.5191	-0.76855	-0.75466	-0.67519	-0.49311	-0.36946	-0.28075	-0.10589	0.099109	0.16677	3.513
1018.8	0.17086	0.16567	-0.021351	-0.25392	-0.4866	-0.61926	-0.9142	-1.1937	-1.3406	-1.2943	-0.9687	-0.49038	0.061189	0.45177	0.65427	0.84872	0.85477	0.70676	0.3752	-0.076446	-0.52811	-0.747	-0.75788	-0.68853	-0.51004	-0.38425	-0.25622	-0.083374	0.10509	0.17131	3.5325
1019.9	0.16611	0.15126	-0.018293	-0.2714	-0.47152	-0.638	-0.87203	-1.177	-1.3407	-1.2976	-0.95426	-0.4992	0.064042	0.45885	0.66497	0.84634	0.86161	0.71914	0.38325	-0.065343	-0.529	-0.74325	-0.74202	-0.68793	-0.51223	-0.38807	-0.26902	-0.10057	0.099047	0.15778	3.5195
1018.6	0.15419	0.15718	-0.053295	-0.28063	-0.49016	-0.65012	-0.92304	-1.1814	-1.3307	-1.296	-0.96227	-0.48876	0.045109	0.45179	0.65603	0.83827	0.86738	0.71018	0.38517	-0.082764	-0.51494	-0.74706	-0.7444	-0.69597	-0.48493	-0.38703	-0.24313	-0.088952	0.096074	0.16099	3.539
1017.3	0.1862	0.15888	-0.041164	-0.25719	-0.46772	-0.63967	-0.86444	-1.1844	-1.3279	-1.2868	-0.97187	-0.50355	0.049605	0.47082	0.66176	0.83325	0.84535	0.7094	0.37287	-0.081352	-0.54801	-0.75822	-0.74983	-0.6766	-0.50787	-0.39335	-0.26088	-0.084883	0.11433	0.17014	3.5325
1016.1	0.18492	0.16327	-0.038121	-0.29321	-0.45678	-0.6404	-0.86984	-1.1935	-1.3325	-1.2945	-0.95275	-0.49791	0.049681	0.45917	0.66914	0.85258	0.85563	0.69873	0.38182	-0.083027	-0.5119	-0.75191	-0.74773	-0.66739	-0.4932	-0.3504	-0.27432	-0.090322	0.10367	0.1733	3.5163
1015.2	0.17147	0.14775	-0.03659	-0.2666	-0.46537	-0.64087	-0.88769	-1.1808	-1.3484	-1.291	-0.97232	-0.48895	0.04528	0.45176	0.66806	0.84557	0.86861	0.70923	0.39351	-0.086248	-0.51677	-0.74813	-0.75146	-0.67221	-0.53147	-0.36222	-0.27894	-0.091795	0.11005	0.15855	3.5618
1014.6	0.18357	0.1607	-0.048844	-0.27726	-0.46241	-0.66085	-0.87241	-1.1937	-1.3433	-1.3091	-0.98142	-0.5098	0.036478	0.45358	0.65704	0.83703	0.8554	0.70478	0.37815	-0.079969	-0.53912	-0.75291	-0.75955	-0.66824	-0.52336	-0.37989	-0.28933	-0.11562	0.09941	0.15713	3.552
1014.1	0.18065	0.15931	-0.050362	-0.25648	-0.47411	-0.63188	-0.88857	-1.2066	-1.3424	-1.3019	-0.97334	-0.51006	0.042339	0.44915	0.66541	0.83734	0.85108	0.71331	0.37833	-0.073701	-0.5187	-0.7591	-0.74609	-0.69764	-0.51524	-0.36557	-0.26025	-0.090512	0.12377	0.17059	3.526
1013.9	0.17619	0.15792	-0.042831	-0.25807	-0.48901	-0.65313	-0.90441	-1.1899	-1.3486	-1.3099	-0.9871	-0.50383	0.035021	0.44464	0.65579	0.84668	0.8743	0.72833	0.37838	-0.070547	-0.52916	-0.74611	-0.75238	-0.68908	-0.51812	-0.37581	-0.27636	-0.12097	0.10554	0.14673	3.5618
1012.7	0.16577	0.15813	-0.042811	-0.27336	-0.46159	-0.6377	-0.88415	-1.2114	-1.3503	-1.3178	-0.96626	-0.51553	0.036524	0.44828	0.65334	0.8508	0.85695	0.71102	0.38312	-0.072208	-0.52243	-0.75875	-0.7671	-0.68116	-0.52016	-0.38354	-0.27679	-0.10131	0.10872	0.16043	3.5455
1012.2	0.16433	0.16254	-0.036636	-0.24656	-0.48153	-0.65902	-0.92452	-1.1965	-1.3597	-1.323	-0.98531	-0.50777	0.049817	0.44849	0.66509	0.84206	0.85893	0.71132	0.38046	-0.080144	-0.5285	-0.76783	-0.77351	-0.69742	-0.49914	-0.41136	-0.27245	-0.10657	0.084473	0.13802	3.552
1013.1	0.18239	0.1438	-0.065543	-0.2716	-0.46308	-0.65695	-0.89104	-1.2186	-1.3615	-1.3126	-1.0015	-0.51054	0.030612	0.45274	0.65633	0.8582	0.84592	0.7042	0.36454	-0.079981	-0.53249	-0.75253	-0.7621	-0.67945	-0.48891	-0.38197	-0.27209	-0.12632	0.07231	0.15735	3.5455
1013.7	0.164	0.14653	-0.039772	-0.25226	-0.4875	-0.66633	-0.90739	-1.1933	-1.3577	-1.3181	-0.97887	-0.50083	0.06003	0.4601	0.66731	0.84842	0.85912	0.72529	0.37428	-0.076822	-0.53666	-0.75065	-0.7555	-0.6718	-0.49574	-0.37152	-0.24429	-0.073476	0.10564	0.13774	3.5423
1015	0.15932	0.16644	-0.048908	-0.27728	-0.47196	-0.65405	-0.89221	-1.1887	-1.3414	-1.304	-0.96406	-0.50649	0.046636	0.44873	0.66155	0.84727	0.85496	0.71925	0.37797	-0.067284	-0.5212	-0.75263	-0.7471	-0.67673	-0.50631	-0.37397	-0.26881	-0.10506	0.10526	0.16742	3.565
1014.8	0.17905	0.15065	-0.054851	-0.27862	-0.46885	-0.6574	-0.9034	-1.1874	-1.3358	-1.2963	-0.97103	-0.50495	0.056991	0.44277	0.65191	0.83225	0.84441	0.73596	0.37807	-0.073645	-0.53169	-0.74547	-0.74722	-0.6812	-0.49666	-0.40011	-0.26738	-0.090568	0.11304	0.16895	3.578
1014.6	0.17452	0.15213	-0.045876	-0.2564	-0.46413	-0.64308	-0.88818	-1.1816	-1.3301	-1.2904	-0.96784	-0.50346	0.062886	0.45204	0.66843	0.837	0.8723	0.70813	0.39233	-0.072112	-0.5185	-0.73682	-0.74583	-0.66093	-0.48547	-0.3974	-0.26149	-0.091842	0.10236	0.16903	3.5715
1016.5	0.18022	0.14744	-0.045768	-0.27533	-0.47799	-0.64352	-0.92778	-1.1901	-1.3379	-1.2942	-0.95756	-0.49626	0.057013	0.44664	0.66066	0.82937	0.84612	0.70349	0.36903	-0.086075	-0.5352	-0.74712	-0.75195	-0.66278	-0.48304	-0.37478	-0.25232	-0.098137	0.11573	0.15831	3.552
1018.6	0.18448	0.16309	-0.031765	-0.28502	-0.48511	-0.64051	-0.88877	-1.186	-1.3337	-1.2915	-0.95213	-0.48578	0.056784	0.45651	0.66095	0.84141	0.84135	0.69713	0.36961	-0.068574	-0.52971	-0.75285	-0.76111	-0.67716	-0.49305	-0.37849	-0.28535	-0.10336	0.10664	0.16098	3.552
1020.5	0.16454	0.16683	-0.022653	-0.26965	-0.46611	-0.65366	-0.87706	-1.1717	-1.3429	-1.286	-0.96225	-0.48797	0.052364	0.46023	0.65328	0.82912	0.83362	0.69073	0.37027	-0.096797	-0.51988	-0.75873	-0.73994	-0.68175	-0.49509	-0.38221	-0.25436	-0.10323	0.097163	0.14719	3.5553
1022	0.16875	0.1496	-0.043998	-0.29736	-0.45738	-0.62707	-0.88737	-1.176	-1.3234	-1.2717	-0.93544	-0.47616	0.065549	0.46724	0.66687	0.8522	0.83838	0.70617	0.3754	-0.07314	-0.50886	-0.74459	-0.7479	-0.67511	-0.50285	-0.37007	-0.26261	-0.10432	0.10616	0.15745	3.5553
1021.1	0.16741	0.14546	-0.046895	-0.26515	-0.46927	-0.66311	-0.86406	-1.1861	-1.3304	-1.2867	-0.94298	-0.46715	0.072754	0.45837	0.66737	0.82855	0.85435	0.6902	0.36713	-0.098362	-0.52401	-0.74818	-0.75013	-0.66846	-0.49212	-0.3761	-0.2788	-0.095246	0.10478	0.16642	3.578
1021.4	0.16428	0.14973	-0.05172	-0.26206	-0.48545	-0.62578	-0.87508	-1.1708	-1.3359	-1.2787	-0.95115	-0.47963	0.061115	0.45372	0.66893	0.83597	0.84959	0.70331	0.36575	-0.085732	-0.5327	-0.7509	-0.74843	-0.68977	-0.49892	-0.36721	-0.26279	-0.08984	0.092505	0.1621	3.552
1022.8	0.17317	0.16926	-0.034835	-0.28549	-0.46994	-0.64905	-0.88415	-1.172	-1.3209	-1.2721	-0.9481	-0.48365	0.053724	0.43774	0.64361	0.81813	0.84229	0.71202	0.35949	-0.074594	-0.54068	-0.73241	-0.75938	-0.67002	-0.50923	-0.36803	-0.24356	-0.11339	0.11217	0.14837	3.5748
1023.5	0.16541	0.16222	-0.031714	-0.27033	-0.46328	-0.65503	-0.88068	-1.1744	-1.323	-1.287	-0.94427	-0.49737	0.059564	0.44668	0.65139	0.83589	0.85262	0.70185	0.37061	-0.084017	-0.52119	-0.75082	-0.75601	-0.69124	-0.51736	-0.39529	-0.26649	-0.11323	0.098549	0.15872	3.5455
1023.9	0.16108	0.14509	-0.046798	-0.2807	-0.47597	-0.61951	-0.88007	-1.18	-1.3224	-1.2879	-0.95736	-0.48946	0.059473	0.46023	0.65597	0.83691	0.85971	0.70644	0.36195	-0.085572	-0.52554	-0.73608	-0.74203	-0.67657	-0.49487	-0.38217	-0.25205	-0.1094	0.089437	0.1674	3.565
1023.3	0.18204	0.17627	-0.062184	-0.27055	-0.46663	-0.6504	-0.88932	-1.1822	-1.3363	-1.2871	-0.94275	-0.49763	0.047842	0.43606	0.65958	0.82836	0.84345	0.67898	0.37061	-0.084069	-0.52442	-0.75242	-0.75473	-0.66843	-0.50365	-0.37392	-0.25939	-0.10672	0.10006	0.17641	3.5715
1022	0.15672	0.16232	-0.037927	-0.27983	-0.46062	-0.65126	-0.88883	-1.17	-1.319	-1.2794	-0.95739	-0.49189	0.06104	0.45346	0.66362	0.83701	0.85677	0.69301	0.38246	-0.087245	-0.51765	-0.75038	-0.73279	-0.672	-0.47503	-0.36712	-0.26407	-0.08202	0.089606	0.15595	3.539
1022.6	0.17472	0.15525	-0.043904	-0.2706	-0.47347	-0.65082	-0.90805	-1.1799	-1.3299	-1.2895	-0.95679	-0.49626	0.043573	0.45011	0.65187	0.82901	0.84259	0.69099	0.35961	-0.082564	-0.54082	-0.74991	-0.7413	-0.67018	-0.49713	-0.34078	-0.2624	-0.091165	0.10315	0.14991	3.578
1023.1	0.1716	0.14663	-0.046919	-0.28086	-0.4684	-0.64579	-0.8962	-1.1808	-1.3308	-1.292	-0.94301	-0.49606	0.055151	0.44529	0.66453	0.83466	0.84679	0.6989	0.36227	-0.08404	-0.52736	-0.76263	-0.74565	-0.70304	-0.51086	-0.3825	-0.27098	-0.095069	0.10921	0.16038	3.5488
1023.7	0.18048	0.15641	-0.068077	-0.26874	-0.47791	-0.62765	-0.86475	-1.1726	-1.3386	-1.2866	-0.96925	-0.48959	0.04349	0.45722	0.66085	0.83863	0.84618	0.69528	0.37192	-0.093364	-0.52265	-0.75203	-0.74969	-0.67958	-0.49917	-0.36507	-0.25776	-0.11595	0.10165	0.15863	3.5715
1023.7	0.17606	0.14078	-0.049929	-0.25564	-0.46964	-0.63243	-0.88569	-1.1847	-1.3241	-1.2881	-0.94414	-0.50526	0.052171	0.4496	0.66408	0.83865	0.85075	0.70666	0.36349	-0.084	-0.52705	-0.7477	-0.75122	-0.68396	-0.50484	-0.36206	-0.26792	-0.10927	0.098576	0.16023	3.578
1022.2	0.1718	0.16941	-0.051617	-0.27073	-0.47364	-0.64464	-0.88012	-1.1804	-1.3319	-1.3024	-0.95548	-0.4951	0.043446	0.45021	0.66023	0.83832	0.85199	0.69783	0.35841	-0.079338	-0.52789	-0.75176	-0.74782	-0.67773	-0.48883	-0.39019	-0.26842	-0.11607	0.11828	0.17226	3.5553
1021.1	0.17942	0.15259	-0.03497	-0.2843	-0.48241	-0.61141	-0.87256	-1.174	-1.342	-1.2806	-0.96666	-0.49401	0.044981	0.44762	0.66252	0.82555	0.84984	0.69034	0.36437	-0.077903	-0.54308	-0.74376	-0.76079	-0.68281	-0.48931	-0.36166	-0.25999	-0.11366	0.10631	0.165	3.578
1021.1	0.18248	0.15257	-0.03343	-0.29179	-0.47413	-0.65337	-0.8654	-1.1846	-1.3245	-1.2898	-0.94979	-0.48138	0.063955	0.45831	0.65923	0.85586	0.85134	0.71331	0.37005	-0.081052	-0.52252	-0.73945	-0.74864	-0.69583	-0.50056	-0.36164	-0.26136	-0.095219	0.086683	0.17088	3.5715
1020.9	0.17797	0.1498	-0.050136	-0.28589	-0.47424	-0.63094	-0.86549	-1.1651	-1.3248	-1.2886	-0.95341	-0.47992	0.059595	0.45384	0.66591	0.83032	0.85461	0.69382	0.36591	-0.084147	-0.52555	-0.74975	-0.75024	-0.69157	-0.48107	-0.38905	-0.2672	-0.10308	0.11394	0.1665	3.578
1020.9	0.15689	0.14266	-0.063666	-0.26668	-0.47754	-0.64217	-0.88549	-1.1787	-1.3379	-1.2932	-0.96015	-0.49878	0.052318	0.45078	0.65941	0.84093	0.847	0.7234	0.37302	-0.071604	-0.52846	-0.74683	-0.73961	-0.68001	-0.49781	-0.38473	-0.27012	-0.089927	0.11241	0.17979	3.578
1019.9	0.17375	0.17404	-0.054603	-0.2729	-0.44189	-0.63153	-0.89499	-1.177	-1.3349	-1.2899	-0.95266	-0.50088	0.058207	0.45281	0.6829	0.8327	0.857	0.69616	0.38897	-0.081118	-0.51874	-0.7433	-0.75414	-0.66618	-0.50805	-0.36495	-0.26041	-0.091288	0.111	0.17557	3.565
1018.8	0.18898	0.15438	-0.031901	-0.28047	-0.46205	-0.6209	-0.88453	-1.1692	-1.3363	-1.2866	-0.95541	-0.48881	0.052345	0.45631	0.66401	0.84268	0.85484	0.71011	0.37655	-0.071743	-0.52663	-0.73535	-0.75189	-0.66259	-0.48483	-0.3712	-0.26359	-0.084899	0.10055	0.15054	3.591
1018.2	0.17391	0.1459	-0.063805	-0.26736	-0.47391	-0.64564	-0.89929	-1.1865	-1.3386	-1.3029	-0.96444	-0.48917	0.043621	0.45966	0.65788	0.84162	0.85844	0.70388	0.37541	-0.079701	-0.52549	-0.74595	-0.75681	-0.62851	-0.50332	-0.38011	-0.27817	-0.095428	0.11114	0.17882	3.5813
1016.9	0.17416	0.16034	-0.051792	-0.28257	-0.47611	-0.61718	-0.93181	-1.1895	-1.3373	-1.3029	-0.96733	-0.5023	0.040748	0.44026	0.66035	0.82287	0.8503	0.69651	0.37016	-0.078275	-0.52471	-0.75415	-0.76235	-0.69289	-0.5026	-0.38339	-0.27701	-0.095658	0.099181	0.15517	3.5683
1018	0.1725	0.15445	-0.059346	-0.24813	-0.469	-0.63604	-0.90084	-1.1715	-1.3345	-1.2938	-0.95619	-0.50028	0.05534	0.45209	0.6597	0.83875	0.85247	0.71558	0.37689	-0.062427	-0.52856	-0.733	-0.7418	-0.68057	-0.49786	-0.38443	-0.2622	-0.084882	0.094478	0.1491	3.5748
1017.8	0.14831	0.14739	-0.068444	-0.28822	-0.47079	-0.63127	-0.90533	-1.1931	-1.3479	-1.308	-0.96312	-0.50033	0.048055	0.44451	0.65982	0.83439	0.84806	0.69265	0.3699	-0.084428	-0.52715	-0.74334	-0.76323	-0.66761	-0.49515	-0.37728	-0.29428	-0.09811	0.096101	0.15812	3.5845
1016.1	0.17734	0.15478	-0.057879	-0.23816	-0.48961	-0.64201	-0.90395	-1.1783	-1.3457	-1.3055	-0.95618	-0.50901	0.054096	0.44687	0.67237	0.84036	0.85102	0.70537	0.37615	-0.078312	-0.52953	-0.76497	-0.75989	-0.68327	-0.517	-0.37649	-0.26412	-0.10357	0.11744	0.15837	3.5813
1015.8	0.18191	0.16053	-0.048814	-0.28874	-0.45855	-0.64539	-0.87417	-1.18	-1.3329	-1.2856	-0.97837	-0.51222	0.036483	0.44692	0.65783	0.8405	0.84655	0.71038	0.37901	-0.084664	-0.54001	-0.75055	-0.76464	-0.67612	-0.50302	-0.40407	-0.26568	-0.12726	0.093239	0.15693	3.591
1015.4	0.17898	0.15769	-0.045775	-0.26364	-0.4538	-0.62788	-0.92461	-1.179	-1.3349	-1.2985	-0.97199	-0.51085	0.054132	0.44708	0.66462	0.84696	0.8546	0.70571	0.37068	-0.0831	-0.53135	-0.74646	-0.74974	-0.6735	-0.50049	-0.37089	-0.26862	-0.081218	0.10543	0.16295	3.5715
1014.8	0.15934	0.16345	-0.045788	-0.26684	-0.49845	-0.64936	-0.90934	-1.1874	-1.3489	-1.3149	-0.97262	-0.50328	0.043916	0.43817	0.66176	0.83226	0.86282	0.69958	0.36096	-0.089469	-0.53464	-0.75572	-0.75781	-0.69283	-0.50781	-0.41042	-0.27023	-0.12611	0.1009	0.15716	3.5845
1014.4	0.16702	0.16646	-0.042848	-0.28175	-0.47235	-0.66097	-0.85262	-1.1894	-1.3421	-1.3046	-0.98147	-0.49403	0.043856	0.4537	0.66862	0.84931	0.85396	0.71141	0.37249	-0.081643	-0.51715	-0.74876	-0.75664	-0.68145	-0.48274	-0.37712	-0.25294	-0.11433	0.097948	0.17657	3.578
1012.7	0.1688	0.16673	-0.047457	-0.26584	-0.46984	-0.61813	-0.92412	-1.1899	-1.3312	-1.3021	-0.96783	-0.51382	0.055731	0.43908	0.65827	0.84009	0.85385	0.71923	0.38879	-0.08493	-0.52096	-0.76171	-0.73956	-0.68987	-0.4962	-0.37187	-0.27523	-0.085381	0.098106	0.17832	3.5553
1011.2	0.17208	0.16265	-0.021517	-0.28567	-0.45078	-0.64025	-0.85961	-1.1901	-1.3405	-1.3024	-0.98118	-0.50348	0.042531	0.46133	0.67563	0.84438	0.86898	0.72028	0.38933	-0.069209	-0.53506	-0.7496	-0.74829	-0.68067	-0.49274	-0.371	-0.28449	-0.085567	0.11809	0.16208	3.578
1011.6	0.17661	0.16402	-0.0016154	-0.29003	-0.48351	-0.65138	-0.89785	-1.1942	-1.3443	-1.3112	-0.97736	-0.50005	0.049925	0.45189	0.66881	0.84405	0.86551	0.70508	0.36636	-0.083407	-0.52742	-0.74783	-0.76635	-0.70661	-0.48127	-0.40577	-0.2536	-0.094721	0.10279	0.16205	3.5975
1011.6	0.17357	0.15972	-0.044381	-0.27653	-0.46867	-0.6286	-0.8979	-1.1881	-1.3414	-1.2925	-0.97565	-0.51117	0.03964	0.45503	0.67213	0.84862	0.85943	0.71171	0.36642	-0.075456	-0.53632	-0.75809	-0.75106	-0.67311	-0.5095	-0.37802	-0.26235	-0.11326	0.081478	0.16359	3.578
1011.8	0.18876	0.15259	-0.016835	-0.2915	-0.47518	-0.65279	-0.90774	-1.1924	-1.3558	-1.3078	-0.98903	-0.51268	0.042556	0.4364	0.65563	0.83474	0.86075	0.70162	0.36061	-0.091255	-0.55101	-0.75356	-0.75854	-0.67289	-0.51772	-0.39112	-0.27115	-0.10935	0.1074	0.16804	3.5715
1012.9	0.17176	0.15236	-0.045865	-0.25539	-0.4912	-0.65541	-0.88963	-1.1896	-1.3412	-1.3097	-0.9745	-0.50742	0.057232	0.45592	0.67775	0.85367	0.87064	0.70922	0.38015	-0.083359	-0.53272	-0.74689	-0.75778	-0.66647	-0.4934	-0.37763	-0.25623	-0.11579	0.10719	0.17821	3.5748
1012.7	0.17331	0.14529	-0.05049	-0.27781	-0.46822	-0.60348	-0.87263	-1.1854	-1.3473	-1.3022	-0.98833	-0.50285	0.038023	0.45452	0.6763	0.85084	0.85083	0.69778	0.37746	-0.075454	-0.53429	-0.77053	-0.77475	-0.69142	-0.51158	-0.38211	-0.2636	-0.097363	0.11791	0.17096	3.5943
1013.1	0.17938	0.16099	-0.022944	-0.27174	-0.4697	-0.61628	-0.87795	-1.1956	-1.3497	-1.3031	-0.97253	-0.50569	0.043897	0.44363	0.681	0.83679	0.86279	0.69913	0.38011	-0.080097	-0.54442	-0.76292	-0.77287	-0.66924	-0.49598	-0.38344	-0.27654	-0.098436	0.11327	0.16785	3.5715
1015	0.16542	0.15633	-0.047325	-0.2594	-0.48195	-0.61364	-0.86202	-1.1826	-1.3487	-1.2991	-0.9588	-0.50626	0.054149	0.4519	0.66985	0.85661	0.86121	0.71265	0.35806	-0.084715	-0.53155	-0.75414	-0.75468	-0.68546	-0.50076	-0.38399	-0.29225	-0.11423	0.10551	0.16303	3.5878
1016.9	0.15752	0.15893	-0.048737	-0.26038	-0.46477	-0.65114	-0.88477	-1.2002	-1.3389	-1.2967	-0.98076	-0.50687	0.054071	0.46335	0.67028	0.8443	0.84123	0.70636	0.35599	-0.095624	-0.54832	-0.76003	-0.75627	-0.73592	-0.51228	-0.37037	-0.26827	-0.11283	0.084187	0.12867	3.5683
1019	0.16316	0.15279	-0.036488	-0.27597	-0.45874	-0.62572	-0.90832	-1.187	-1.3389	-1.2909	-0.95856	-0.5044	0.049522	0.4471	0.66386	0.83486	0.84546	0.68851	0.36366	-0.09072	-0.54868	-0.75987	-0.76687	-0.67117	-0.50004	-0.38989	-0.26912	-0.096741	0.11258	0.14308	3.5943
1020.1	0.16309	0.16973	-0.048599	-0.25804	-0.47952	-0.62006	-0.92734	-1.1661	-1.3375	-1.288	-0.94909	-0.48973	0.056732	0.4542	0.67626	0.84161	0.86295	0.69269	0.3619	-0.093665	-0.52896	-0.75179	-0.75393	-0.67761	-0.47721	-0.38225	-0.2515	-0.08742	0.091397	0.16816	3.5943
1021.6	0.15831	0.14688	-0.03639	-0.26352	-0.4691	-0.6289	-0.9162	-1.1856	-1.3298	-1.2938	-0.94254	-0.48416	0.052346	0.44753	0.64933	0.83128	0.8343	0.69497	0.35719	-0.077902	-0.54579	-0.75072	-0.75893	-0.67667	-0.49327	-0.36005	-0.25981	-0.095125	0.10035	0.15163	3.5813
1022.2	0.17028	0.16664	-0.043934	-0.25451	-0.46389	-0.64628	-0.90414	-1.1848	-1.342	-1.2977	-0.95549	-0.4981	0.05092	0.4426	0.65859	0.81716	0.84138	0.69132	0.36401	-0.080949	-0.5308	-0.74587	-0.7524	-0.68353	-0.48481	-0.37988	-0.2639	-0.11235	0.11529	0.14708	3.5878
1022.8	0.17313	0.16503	-0.022975	-0.27645	-0.46847	-0.62011	-0.90251	-1.1448	-1.3382	-1.2783	-0.96841	-0.49781	0.039084	0.4485	0.64849	0.82716	0.83627	0.69734	0.3737	-0.080951	-0.52607	-0.7455	-0.75341	-0.66709	-0.49136	-0.35818	-0.27826	-0.092285	0.10164	0.16177	3.5748
1024.3	0.17741	0.16058	-0.021381	-0.25544	-0.46444	-0.62073	-0.86972	-1.1779	-1.3335	-1.2796	-0.94184	-0.48923	0.041936	0.44171	0.6557	0.84409	0.85328	0.71106	0.37593	-0.065174	-0.52239	-0.73862	-0.74933	-0.64896	-0.49622	-0.35331	-0.27367	-0.08706	0.09849	0.17188	3.5813
1025.4	0.14724	0.14494	-0.037784	-0.26545	-0.46738	-0.63625	-0.88733	-1.1736	-1.3278	-1.286	-0.97107	-0.51539	0.025866	0.43813	0.65009	0.81915	0.8494	0.70388	0.38544	-0.08384	-0.52177	-0.74937	-0.74399	-0.68284	-0.49294	-0.39177	-0.24293	-0.08036	0.10741	0.13622	3.5683
1025	0.16975	0.15619	-0.022841	-0.23764	-0.47729	-0.63165	-0.89344	-1.1924	-1.3298	-1.2974	-0.97153	-0.50472	0.033165	0.44588	0.63738	0.82392	0.84371	0.70738	0.38562	-0.076065	-0.52498	-0.73811	-0.7489	-0.66869	-0.4695	-0.37027	-0.24306	-0.096107	0.092354	0.14078	3.5878
1024.7	0.17894	0.13792	-0.05462	-0.27006	-0.46911	-0.63507	-0.86386	-1.1759	-1.3285	-1.2884	-0.95667	-0.49394	0.031574	0.44603	0.63594	0.82564	0.83324	0.69287	0.37875	-0.074451	-0.5221	-0.74407	-0.75502	-0.65453	-0.50144	-0.36763	-0.26917	-0.080516	0.10151	0.16585	3.5553
1025.4	0.15627	0.15056	-0.049885	-0.26247	-0.48021	-0.62964	-0.87731	-1.1752	-1.3336	-1.2876	-0.95271	-0.4968	0.035952	0.42897	0.65179	0.8343	0.8434	0.70066	0.38416	-0.060303	-0.52317	-0.73926	-0.74999	-0.66406	-0.48181	-0.37576	-0.25308	-0.11175	0.10605	0.13191	3.565
1025.8	0.16223	0.12928	-0.045275	-0.28156	-0.45901	-0.65354	-0.87973	-1.1792	-1.3315	-1.2917	-0.96568	-0.49494	0.041708	0.42568	0.64013	0.82187	0.84299	0.68736	0.36574	-0.08367	-0.51567	-0.73466	-0.75878	-0.69404	-0.46205	-0.3685	-0.26466	-0.12479	0.092271	0.1554	3.578
1025.4	0.16074	0.14925	-0.037701	-0.29354	-0.47691	-0.64111	-0.86885	-1.1661	-1.3336	-1.2877	-0.96958	-0.49203	0.031565	0.43506	0.64516	0.82065	0.84644	0.69253	0.37562	-0.08688	-0.51588	-0.75224	-0.75159	-0.69582	-0.49147	-0.38162	-0.28197	-0.10281	0.093801	0.15851	3.5813
1024.5	0.1788	0.15488	-0.048247	-0.24656	-0.45627	-0.62396	-0.86675	-1.1716	-1.3347	-1.2733	-0.96026	-0.48142	0.041865	0.45672	0.65219	0.83942	0.84551	0.70284	0.37875	-0.065135	-0.51052	-0.7355	-0.73855	-0.66895	-0.49747	-0.38202	-0.2431	-0.094909	0.1285	0.16294	3.5845
1023.9	0.16549	0.1479	-0.025861	-0.28067	-0.47611	-0.62581	-0.89426	-1.1769	-1.3297	-1.2864	-0.94227	-0.47864	0.05209	0.4662	0.65425	0.84448	0.84904	0.69835	0.37902	-0.069817	-0.5123	-0.73454	-0.73142	-0.67085	-0.49359	-0.37368	-0.27218	-0.067422	0.082027	0.15423	3.578
1022.8	0.14755	0.15517	-0.01521	-0.28092	-0.4733	-0.64258	-0.87384	-1.1887	-1.3513	-1.2923	-0.97178	-0.49631	0.055086	0.43773	0.65171	0.82724	0.84844	0.68272	0.36392	-0.099571	-0.52012	-0.74542	-0.74426	-0.66735	-0.45786	-0.36525	-0.25517	-0.072723	0.10312	0.16626	3.591
1022.2	0.15977	0.15522	-0.037895	-0.27968	-0.45405	-0.622	-0.88579	-1.1712	-1.3406	-1.287	-0.96062	-0.49505	0.044884	0.45928	0.65042	0.84288	0.84745	0.69621	0.37675	-0.082408	-0.5336	-0.74295	-0.74628	-0.68352	-0.50682	-0.37854	-0.28142	-0.092497	0.098612	0.1574	3.5845
1022.2	0.17025	0.15099	-0.043963	-0.25452	-0.49644	-0.63011	-0.90139	-1.194	-1.3304	-1.3024	-0.95051	-0.48562	0.040518	0.44862	0.64235	0.84585	0.8474	0.69948	0.37394	-0.073092	-0.50579	-0.74876	-0.75234	-0.67915	-0.47898	-0.40155	-0.24953	-0.088526	0.077587	0.15739	3.5845
1021.1	0.15687	0.15112	-0.048529	-0.29325	-0.48063	-0.63076	-0.88814	-1.18	-1.3376	-1.2913	-0.98179	-0.49862	0.045011	0.45221	0.65278	0.83618	0.84827	0.69526	0.38276	-0.081029	-0.52541	-0.74378	-0.74101	-0.64079	-0.49909	-0.38179	-0.26856	-0.099178	0.12297	0.14425	3.5878
1018.4	0.16179	0.15443	-0.02745	-0.28511	-0.47867	-0.64058	-0.90614	-1.1969	-1.3426	-1.3088	-0.95736	-0.49838	0.048093	0.45039	0.65294	0.83385	0.86436	0.70865	0.38379	-0.073408	-0.51948	-0.74141	-0.75819	-0.66863	-0.50324	-0.37561	-0.27664	-0.10068	0.091399	0.16097	3.6138
1016.5	0.17121	0.15323	-0.03355	-0.2723	-0.45665	-0.6418	-0.90938	-1.1793	-1.3379	-1.3097	-0.96766	-0.50412	0.049631	0.44964	0.6623	0.83234	0.85062	0.69019	0.38876	-0.076702	-0.52195	-0.75302	-0.73827	-0.67572	-0.46631	-0.3792	-0.28153	-0.094239	0.081041	0.16273	3.5748
1016.3	0.17427	0.16046	-0.041147	-0.27675	-0.48295	-0.64518	-0.9094	-1.1826	-1.3498	-1.2804	-0.97465	-0.48366	0.049624	0.45748	0.6706	0.83103	0.85084	0.70852	0.38889	-0.073513	-0.51613	-0.73273	-0.73687	-0.66715	-0.50704	-0.37203	-0.2714	-0.086357	0.093223	0.14045	3.5813
1015.8	0.16224	0.14476	-0.044231	-0.28287	-0.48146	-0.6438	-0.92132	-1.2075	-1.3534	-1.3074	-0.97337	-0.4981	0.042318	0.43764	0.64968	0.83135	0.84661	0.69888	0.37055	-0.079856	-0.52227	-0.74619	-0.76315	-0.67466	-0.48205	-0.38531	-0.28751	-0.098316	0.088641	0.13307	3.5845
1016.3	0.17425	0.15188	-0.032032	-0.28422	-0.47799	-0.63699	-0.918	-1.1856	-1.3513	-1.3006	-0.96445	-0.48836	0.040868	0.44675	0.66084	0.84017	0.86004	0.69692	0.38314	-0.070417	-0.49994	-0.7444	-0.74606	-0.68309	-0.49312	-0.3779	-0.26114	-0.10882	0.10991	0.15983	3.591
1015	0.18965	0.15776	-0.035155	-0.26517	-0.46057	-0.63294	-0.9134	-1.1765	-1.3398	-1.2851	-0.97577	-0.49366	0.043907	0.4627	0.6682	0.84122	0.86109	0.70767	0.39071	-0.065794	-0.5183	-0.74096	-0.75616	-0.68106	-0.52031	-0.36378	-0.25125	-0.086537	0.1283	0.15705	3.591
1013.7	0.16711	0.14943	-0.041283	-0.28497	-0.48408	-0.64508	-0.91035	-1.1825	-1.3429	-1.2992	-0.97361	-0.50065	0.063088	0.45098	0.67232	0.83314	0.86836	0.71518	0.3827	-0.064314	-0.52337	-0.74046	-0.75711	-0.6848	-0.50974	-0.38026	-0.2779	-0.10113	0.081241	0.15424	3.5715
1013.1	0.18547	0.15378	-0.050482	-0.27024	-0.46805	-0.63249	-0.87373	-1.2032	-1.3643	-1.3062	-0.97087	-0.50254	0.051278	0.45896	0.66458	0.84131	0.84428	0.70408	0.37297	-0.057981	-0.51928	-0.75699	-0.74695	-0.66342	-0.51016	-0.37324	-0.262	-0.090661	0.10718	0.15439	3.5813
1013.3	0.1778	0.16237	-0.013875	-0.28506	-0.46305	-0.66166	-0.8821	-1.183	-1.3509	-1.3123	-0.97579	-0.4977	0.054204	0.45266	0.65947	0.8503	0.84565	0.7122	0.36434	-0.064319	-0.52362	-0.73931	-0.75438	-0.67056	-0.49307	-0.38761	-0.26632	-0.10646	0.10103	0.16774	3.5813
1013.3	0.16264	0.15517	-0.068757	-0.27313	-0.4778	-0.63402	-0.88491	-1.1922	-1.3377	-1.2982	-0.95709	-0.50086	0.058688	0.45576	0.66603	0.83344	0.85948	0.70059	0.38568	-0.062762	-0.51028	-0.74365	-0.74824	-0.7171	-0.5044	-0.37603	-0.27363	-0.095904	0.10107	0.16774	3.578
