36541	30	11	88	28.6	742	3	39	-40	-193.66	256	8192	5	0	0	0	0	550.05	1017.3	1.4547e+006	0.12122	-0.022022	42.207	0	0	1	0	0	0	9	0	0
764.42	-0.72293	-0.73663	-0.78837	-0.80867	-0.81895	-0.8024	-0.74621	-0.70495	-0.73864	-0.9365	-2.5847	-3.8967	-4.347	-4.0568	-3.6255	-2.7355	-2.0382	-0.88491	0.12775	0.81429	1.1412	1.0247	0.75992	0.51557	0.28358	0.14223	-0.014848	-0.2365	-0.46764	-0.6012	38.55
767.21	-0.76463	-0.74643	-0.77966	-0.79081	-0.786	-0.78498	-0.72484	-0.66096	-0.71307	-0.93888	-3.0242	-3.8783	-4.3058	-4.0401	-3.5736	-2.7094	-2.0104	-0.8533	0.15036	0.83046	1.1294	1.0427	0.76558	0.51207	0.27186	0.12866	-0.013018	-0.2344	-0.51355	-0.59283	38.533
772.79	-0.78695	-0.77151	-0.80591	-0.81792	-0.7514	-0.75514	-0.74678	-0.72569	-0.66866	-0.96557	-2.5109	-3.8522	-4.279	-3.973	-3.5286	-2.6557	-2.0162	-0.85138	0.16005	0.82797	1.1466	1.0145	0.76419	0.52004	0.28643	0.13186	-0.035735	-0.2305	-0.4804	-0.60834	38.547
777.08	-0.75225	-0.7766	-0.79735	-0.81116	-0.75995	-0.73339	-0.74444	-0.70023	-0.66329	-1.0483	-2.9736	-3.8352	-4.2607	-3.9846	-3.5204	-2.6488	-2.0091	-0.87015	0.12611	0.81354	1.1306	1.02	0.72586	0.49263	0.27196	0.13322	-0.035103	-0.27222	-0.5074	-0.6279	38.581
782.44	-0.79482	-0.76117	-0.77152	-0.77973	-0.76654	-0.75734	-0.70504	-0.66214	-0.66651	-1.0044	-2.8513	-3.7841	-4.2084	-3.9495	-3.4959	-2.6434	-1.9739	-0.84758	0.14526	0.80817	1.1187	1.0263	0.73889	0.50643	0.25953	0.1454	-0.029379	-0.2378	-0.48604	-0.61244	38.567
786.52	-0.78414	-0.79059	-0.77988	-0.7703	-0.76746	-0.77562	-0.74275	-0.68794	-0.6109	-1.0818	-2.553	-3.8214	-4.1869	-3.9058	-3.4845	-2.6415	-1.9958	-0.85628	0.1312	0.79534	1.1071	1.0075	0.72336	0.49377	0.26341	0.12189	-0.038923	-0.23639	-0.48605	-0.60695	38.527
789.95	-0.74178	-0.75027	-0.76657	-0.77908	-0.73743	-0.75975	-0.69697	-0.63865	-0.65745	-1.0262	-2.7997	-3.7957	-4.2032	-3.9209	-3.455	-2.6206	-1.9875	-0.86582	0.11599	0.80139	1.1022	0.98785	0.72539	0.5009	0.26924	0.11933	-0.044593	-0.26106	-0.49347	-0.60421	38.553
792.1	-0.7574	-0.72999	-0.74862	-0.77907	-0.77755	-0.74589	-0.65541	-0.68344	-0.65413	-1.1813	-2.714	-3.7432	-4.1699	-3.9025	-3.4562	-2.6429	-1.9722	-0.85877	0.11379	0.79389	1.0841	1.0025	0.73164	0.50152	0.25964	0.10978	-0.036737	-0.24697	-0.47646	-0.57049	38.544
795.74	-0.76173	-0.754	-0.73218	-0.76092	-0.7539	-0.74919	-0.67457	-0.61773	-0.66689	-1.076	-3.3257	-3.7065	-4.1412	-3.8869	-3.4698	-2.6326	-1.9906	-0.85514	0.11494	0.78807	1.0871	1.0166	0.75766	0.49571	0.27481	0.11501	-0.027019	-0.23559	-0.48424	-0.60185	38.522
796.6	-0.77047	-0.7484	-0.79556	-0.77317	-0.74067	-0.71165	-0.68392	-0.68814	-0.64927	-1.0905	-2.6581	-3.7105	-4.1224	-3.8634	-3.4371	-2.6184	-1.9945	-0.8818	0.10938	0.78905	1.0893	0.96854	0.72141	0.47815	0.24923	0.10154	-0.051873	-0.2405	-0.5187	-0.60553	38.508
797.67	-0.71353	-0.73072	-0.76172	-0.7104	-0.71486	-0.72058	-0.70697	-0.68481	-0.66873	-1.0539	-2.5106	-3.6874	-4.1519	-3.8738	-3.4512	-2.6109	-1.9841	-0.88054	0.10204	0.79818	1.1163	0.97694	0.71292	0.45731	0.25106	0.10723	-0.049432	-0.25353	-0.4809	-0.56099	38.485
797.67	-0.74311	-0.7548	-0.75416	-0.72929	-0.71039	-0.73548	-0.69454	-0.69807	-0.63315	-1.1362	-3.2134	-3.6801	-4.1197	-3.859	-3.4481	-2.5983	-1.975	-0.84075	0.11272	0.80818	1.0939	0.99158	0.7208	0.46628	0.24333	0.094424	-0.0625	-0.26221	-0.4986	-0.59915	38.418
796.17	-0.754	-0.73993	-0.7404	-0.71717	-0.69928	-0.712	-0.71434	-0.67285	-0.60429	-1.0132	-2.6243	-3.7039	-4.1129	-3.851	-3.4382	-2.6132	-1.9633	-0.85477	0.13291	0.79392	1.0809	0.97687	0.70466	0.4881	0.23854	0.12192	-0.051789	-0.24101	-0.47824	-0.58113	38.32
795.74	-0.7218	-0.69858	-0.73707	-0.72124	-0.69344	-0.70598	-0.69793	-0.65707	-0.64849	-1.0294	-2.2316	-3.6721	-4.1154	-3.8303	-3.4174	-2.574	-1.9604	-0.85583	0.14021	0.80045	1.1004	0.96447	0.69144	0.45299	0.23503	0.10354	-0.072309	-0.26113	-0.48901	-0.58542	38.263
794.45	-0.70749	-0.69041	-0.70255	-0.73573	-0.70681	-0.70657	-0.65503	-0.64497	-0.65329	-1.1149	-3.4105	-3.6657	-4.0827	-3.8145	-3.4105	-2.5314	-1.9246	-0.8235	0.14233	0.83426	1.0964	0.98071	0.69245	0.44614	0.22161	0.093192	-0.059307	-0.2671	-0.46789	-0.57696	38.179
794.88	-0.70903	-0.67941	-0.6933	-0.72627	-0.71349	-0.71786	-0.63742	-0.67199	-0.62419	-1.1017	-2.5366	-3.6365	-4.053	-3.7953	-3.3652	-2.5166	-1.8822	-0.77256	0.18934	0.83358	1.1147	0.98018	0.70737	0.46796	0.21371	0.088883	-0.080204	-0.25163	-0.47758	-0.55002	38.035
797.02	-0.65689	-0.67528	-0.68344	-0.6881	-0.69891	-0.68022	-0.6518	-0.64913	-0.6005	-1.0525	-3.2566	-3.6266	-4.0404	-3.7438	-3.323	-2.4823	-1.8539	-0.74067	0.21271	0.83939	1.099	0.96047	0.68626	0.45406	0.21371	0.064307	-0.079776	-0.27106	-0.45474	-0.55209	37.908
798.74	-0.62223	-0.63763	-0.66428	-0.69615	-0.6167	-0.65204	-0.62087	-0.66233	-0.62169	-1.0727	-2.31	-3.6227	-3.9922	-3.7084	-3.2488	-2.4289	-1.7949	-0.70358	0.22115	0.88545	1.1015	0.95862	0.67309	0.45133	0.20249	0.079299	-0.092073	-0.27329	-0.46336	-0.52607	37.742
798.96	-0.63312	-0.59592	-0.65277	-0.6829	-0.67251	-0.65559	-0.65533	-0.64711	-0.65867	-1.1434	-3.1642	-3.5949	-3.9736	-3.6696	-3.2458	-2.4181	-1.7744	-0.70529	0.2371	0.85674	1.1014	0.9625	0.67108	0.4327	0.19286	0.062902	-0.088505	-0.26808	-0.4516	-0.53002	37.574
799.6	-0.65243	-0.64776	-0.62514	-0.67979	-0.65672	-0.65335	-0.63131	-0.61721	-0.62156	-1.0575	-2.4439	-3.5354	-3.9197	-3.6098	-3.1888	-2.35	-1.7202	-0.64356	0.25868	0.86432	1.0926	0.96141	0.67431	0.39906	0.17898	0.040444	-0.082583	-0.29485	-0.47023	-0.52167	37.364
798.1	-0.6534	-0.65059	-0.67401	-0.65069	-0.64104	-0.65621	-0.6362	-0.63108	-0.63555	-1.0549	-3.1454	-3.5384	-3.8769	-3.5696	-3.1431	-2.2881	-1.6823	-0.61322	0.27562	0.88194	1.0913	0.93344	0.64858	0.38864	0.17197	0.035315	-0.11623	-0.30894	-0.47111	-0.52231	37.174
798.1	-0.61647	-0.61547	-0.68343	-0.64668	-0.64931	-0.62529	-0.60498	-0.611	-0.61051	-0.98596	-2.8434	-3.4918	-3.8617	-3.5325	-3.0933	-2.2552	-1.6393	-0.6051	0.30258	0.88564	1.0932	0.91099	0.61737	0.36258	0.17185	0.018513	-0.13111	-0.31718	-0.45931	-0.48822	36.962
798.53	-0.65433	-0.64812	-0.68712	-0.67865	-0.66586	-0.6665	-0.59282	-0.60092	-0.58834	-1.0484	-2.9967	-3.5007	-3.8283	-3.5034	-3.0648	-2.2407	-1.6291	-0.58793	0.30643	0.86958	1.0566	0.89335	0.60119	0.34954	0.12714	-0.016976	-0.1573	-0.32727	-0.4917	-0.56338	36.733
796.6	-0.65967	-0.6472	-0.68648	-0.65567	-0.66534	-0.65336	-0.59166	-0.57715	-0.5373	-1.0307	-3.2265	-3.5023	-3.7885	-3.4822	-3.0428	-2.2205	-1.5897	-0.53634	0.34495	0.87962	1.0632	0.88476	0.61441	0.32988	0.10576	-0.028062	-0.15753	-0.33837	-0.49677	-0.55527	36.435
794.67	-0.64593	-0.64878	-0.67651	-0.68015	-0.63761	-0.6199	-0.57515	-0.56054	-0.57421	-1.1136	-2.8419	-3.486	-3.7915	-3.4337	-2.9938	-2.15	-1.5484	-0.50645	0.35298	0.91609	1.0602	0.86473	0.57303	0.31016	0.1169	-0.046564	-0.18572	-0.36602	-0.49201	-0.5527	36.205
791.24	-0.63337	-0.64046	-0.69071	-0.68245	-0.60866	-0.59304	-0.5495	-0.54652	-0.49904	-1.135	-2.8364	-3.4681	-3.757	-3.4032	-2.9539	-2.1108	-1.4923	-0.47295	0.3746	0.91814	1.0629	0.8738	0.55181	0.30409	0.103	-0.04123	-0.17179	-0.359	-0.50019	-0.57247	35.902
790.59	-0.6641	-0.65905	-0.67221	-0.6563	-0.63018	-0.60813	-0.53284	-0.53176	-0.48945	-1.1392	-2.9746	-3.4257	-3.7069	-3.3402	-2.8959	-2.0529	-1.4141	-0.41292	0.42255	0.91943	1.0735	0.86541	0.57031	0.28217	0.070908	-0.056052	-0.19408	-0.36258	-0.51208	-0.5533	35.597
790.59	-0.61735	-0.64079	-0.66793	-0.62044	-0.58533	-0.57681	-0.55476	-0.5182	-0.52345	-1.2696	-2.6504	-3.4385	-3.6655	-3.2832	-2.8435	-1.9982	-1.4082	-0.37491	0.44843	0.94123	1.0469	0.83567	0.52749	0.26731	0.038514	-0.081903	-0.21647	-0.37558	-0.5124	-0.55286	35.283
789.74	-0.60314	-0.614	-0.65508	-0.62569	-0.56263	-0.55417	-0.51569	-0.52229	-0.56135	-1.3112	-2.9901	-3.415	-3.6309	-3.2345	-2.7765	-1.9491	-1.3461	-0.34572	0.46496	0.95823	1.0515	0.81952	0.51601	0.26367	0.041845	-0.082153	-0.22047	-0.37293	-0.49133	-0.55392	34.884
786.74	-0.61645	-0.57046	-0.61179	-0.59206	-0.5692	-0.54554	-0.48631	-0.49953	-0.50468	-1.3067	-3.2642	-3.4115	-3.6046	-3.219	-2.7639	-1.8917	-1.2997	-0.30218	0.49021	0.97375	1.0707	0.82266	0.51583	0.23483	0.051519	-0.086352	-0.20995	-0.36794	-0.48513	-0.5269	34.547
783.74	-0.59567	-0.59449	-0.57484	-0.55753	-0.54131	-0.53533	-0.49813	-0.51631	-0.49334	-1.2905	-3.059	-3.3633	-3.5559	-3.1655	-2.6961	-1.8493	-1.259	-0.25862	0.50715	0.98402	1.0594	0.82019	0.49044	0.22827	0.022891	-0.091855	-0.23517	-0.38075	-0.49655	-0.50623	34.227
781.81	-0.60448	-0.61214	-0.59758	-0.53941	-0.53608	-0.51959	-0.52207	-0.49354	-0.47587	-1.2623	-3.0217	-3.3844	-3.5248	-3.1218	-2.6396	-1.8184	-1.1904	-0.21814	0.5602	0.99859	1.045	0.78415	0.48769	0.19295	0.0059675	-0.11288	-0.24727	-0.36972	-0.51918	-0.51451	33.87
781.16	-0.56121	-0.54729	-0.58795	-0.55745	-0.54537	-0.54068	-0.51555	-0.4702	-0.52974	-1.3658	-2.9336	-3.3449	-3.5012	-3.0768	-2.5933	-1.7368	-1.1355	-0.19044	0.58084	0.99543	1.0611	0.79813	0.47012	0.17629	-0.0084162	-0.12812	-0.24356	-0.38518	-0.50167	-0.48923	33.518
781.59	-0.55851	-0.57146	-0.56463	-0.56691	-0.54958	-0.56376	-0.46548	-0.46784	-0.5443	-1.3703	-2.9838	-3.3206	-3.4272	-3.0012	-2.5369	-1.6922	-1.0952	-0.12641	0.60624	0.99246	1.0278	0.75571	0.44971	0.17218	-0.035776	-0.13532	-0.26268	-0.41222	-0.48808	-0.51233	33.153
779.88	-0.58444	-0.60151	-0.59742	-0.55269	-0.5572	-0.53591	-0.49981	-0.48677	-0.57604	-1.4353	-2.9698	-3.3209	-3.4209	-2.9632	-2.4974	-1.666	-1.0591	-0.12625	0.60964	0.98037	1.0107	0.74011	0.43308	0.14836	-0.059687	-0.17368	-0.27834	-0.4133	-0.51072	-0.52595	32.762
779.23	-0.58018	-0.59011	-0.60088	-0.59245	-0.56656	-0.54507	-0.53744	-0.54702	-0.60092	-1.5162	-2.9518	-3.33	-3.3867	-2.9338	-2.4418	-1.5977	-1.03	-0.083124	0.61725	1.0018	1.0096	0.73006	0.40394	0.14074	-0.052472	-0.18132	-0.28587	-0.41924	-0.51789	-0.53858	32.407
777.52	-0.56729	-0.54643	-0.57809	-0.58216	-0.55428	-0.54431	-0.48688	-0.50472	-0.49402	-1.5353	-2.9167	-3.2778	-3.3394	-2.8601	-2.3919	-1.538	-0.95432	-0.05153	0.6596	1.0369	1.0042	0.71219	0.38072	0.12216	-0.078215	-0.18562	-0.30361	-0.41991	-0.51468	-0.50465	32.035
778.37	-0.57458	-0.55344	-0.57316	-0.55036	-0.54155	-0.5352	-0.48317	-0.4868	-0.51317	-1.5229	-2.8976	-3.2311	-3.2673	-2.809	-2.3238	-1.4942	-0.89118	0.0089829	0.69034	1.0012	0.99208	0.69061	0.37607	0.11644	-0.085361	-0.18319	-0.30698	-0.41297	-0.49841	-0.52947	31.653
779.23	-0.54839	-0.5601	-0.56879	-0.53535	-0.49164	-0.49691	-0.47323	-0.53227	-0.50763	-1.5414	-2.8378	-3.205	-3.2099	-2.7383	-2.2317	-1.4213	-0.83439	0.021647	0.70794	1.0429	0.9809	0.68785	0.35796	0.096765	-0.087099	-0.18142	-0.29559	-0.43294	-0.4981	-0.52707	31.306
780.52	-0.53344	-0.5423	-0.54442	-0.53399	-0.43803	-0.48976	-0.48155	-0.46957	-0.55795	-1.6198	-2.8084	-3.1665	-3.1719	-2.6613	-2.1727	-1.3714	-0.79492	0.05828	0.74931	1.0206	0.9792	0.66379	0.34559	0.10448	-0.097958	-0.19074	-0.30661	-0.41325	-0.49306	-0.49332	30.906
782.88	-0.52262	-0.49962	-0.51524	-0.52276	-0.5138	-0.50348	-0.4725	-0.43435	-0.53192	-1.5198	-2.7827	-3.1223	-3.1067	-2.6253	-2.135	-1.3036	-0.74069	0.11825	0.74527	1.0403	0.96688	0.66022	0.34275	0.070665	-0.090284	-0.21978	-0.29028	-0.42055	-0.47962	-0.49335	30.539
787.17	-0.51535	-0.50802	-0.47518	-0.47344	-0.48042	-0.51075	-0.4187	-0.42097	-0.54968	-1.5878	-2.7542	-3.075	-3.0109	-2.5141	-2.062	-1.2279	-0.68098	0.17518	0.78591	1.0472	0.9565	0.6399	0.33304	0.077565	-0.10216	-0.2017	-0.28469	-0.38928	-0.47531	-0.49256	30.179
789.53	-0.50432	-0.4924	-0.48761	-0.45914	-0.44575	-0.46346	-0.40758	-0.42288	-0.61671	-1.581	-2.7447	-3.0717	-2.9867	-2.4732	-1.9784	-1.1892	-0.63	0.19364	0.80106	1.0438	0.95104	0.62284	0.32186	0.077102	-0.10041	-0.20135	-0.29179	-0.38507	-0.4564	-0.46103	29.798
793.81	-0.4728	-0.46404	-0.47725	-0.48864	-0.47901	-0.4046	-0.41703	-0.3974	-0.62349	-1.5921	-2.725	-3.0309	-2.9404	-2.4204	-1.9302	-1.0911	-0.55786	0.23263	0.80228	1.0313	0.94603	0.60782	0.29682	0.035684	-0.10228	-0.20063	-0.28483	-0.3966	-0.44292	-0.46827	29.449
798.75	-0.48126	-0.45012	-0.43713	-0.44936	-0.42518	-0.43039	-0.4168	-0.36925	-0.60139	-1.6097	-2.6928	-2.9671	-2.8488	-2.3346	-1.8639	-1.0531	-0.49753	0.28983	0.82408	1.0351	0.9212	0.61337	0.28701	0.033661	-0.14074	-0.19909	-0.28874	-0.38404	-0.44934	-0.45772	29.102
801.96	-0.47754	-0.4504	-0.45472	-0.43053	-0.40283	-0.40038	-0.41052	-0.36962	-0.64335	-1.6357	-2.703	-2.9569	-2.8167	-2.2939	-1.7861	-1.0199	-0.46237	0.30969	0.82807	1.039	0.90043	0.57401	0.26269	0.018821	-0.12408	-0.20768	-0.28554	-0.35594	-0.44392	-0.4371	28.736
807.96	-0.44751	-0.44348	-0.44189	-0.43487	-0.38766	-0.41989	-0.40043	-0.40319	-0.69929	-1.617	-2.6807	-2.9171	-2.7774	-2.2209	-1.748	-0.94129	-0.43583	0.30741	0.83965	1.0273	0.89192	0.54574	0.24925	0.0057384	-0.14454	-0.21699	-0.30009	-0.3864	-0.42935	-0.44326	28.424
812.67	-0.45222	-0.43918	-0.43737	-0.41007	-0.39568	-0.40297	-0.36227	-0.38006	-0.81676	-1.7742	-2.6503	-2.9022	-2.7356	-2.2041	-1.7157	-0.91671	-0.38913	0.33461	0.84223	1.0155	0.8613	0.54445	0.22884	-0.0050455	-0.15414	-0.23027	-0.28368	-0.3875	-0.43223	-0.44078	28.078
818.02	-0.42104	-0.40598	-0.39693	-0.40573	-0.41126	-0.41257	-0.33699	-0.3529	-0.84292	-1.7354	-2.6717	-2.8546	-2.6854	-2.1426	-1.6579	-0.87717	-0.34273	0.36956	0.858	0.99532	0.83553	0.52285	0.22164	-0.02293	-0.16711	-0.24166	-0.30385	-0.37219	-0.40488	-0.39147	27.74
822.08	-0.43046	-0.42352	-0.412	-0.4001	-0.38462	-0.40237	-0.36217	-0.37901	-0.89651	-1.6244	-2.6313	-2.8347	-2.6293	-2.0886	-1.5983	-0.82945	-0.32615	0.40012	0.85368	1.0119	0.82583	0.48237	0.19426	-0.040794	-0.17325	-0.25641	-0.3201	-0.39806	-0.39734	-0.41009	27.371
825.08	-0.38222	-0.39576	-0.39355	-0.41459	-0.34881	-0.35922	-0.34463	-0.37026	-0.91806	-1.7834	-2.6176	-2.7991	-2.5905	-2.0545	-1.5698	-0.79838	-0.29649	0.39492	0.84377	1.001	0.82075	0.48407	0.17811	-0.04115	-0.17587	-0.2401	-0.30821	-0.39183	-0.42582	-0.38471	27.05
827.43	-0.39088	-0.3444	-0.38548	-0.38801	-0.37268	-0.35502	-0.33105	-0.34702	-0.92135	-1.6803	-2.602	-2.7646	-2.5367	-1.9923	-1.5177	-0.76227	-0.24485	0.42205	0.86747	0.98204	0.80592	0.47542	0.19073	-0.066018	-0.18797	-0.25173	-0.29	-0.37918	-0.37479	-0.37117	26.726
830	-0.36764	-0.38683	-0.38814	-0.37405	-0.34385	-0.35534	-0.32466	-0.3133	-0.94147	-1.6761	-2.5923	-2.735	-2.4857	-1.9336	-1.4792	-0.73029	-0.2366	0.45112	0.87704	0.96952	0.77758	0.4735	0.17121	-0.052058	-0.18588	-0.24957	-0.31045	-0.35737	-0.40351	-0.36637	26.391
831.71	-0.36992	-0.35804	-0.39384	-0.38279	-0.32488	-0.32807	-0.31251	-0.34546	-0.99681	-1.6358	-2.5541	-2.7118	-2.4642	-1.9072	-1.4223	-0.69129	-0.19479	0.46429	0.88701	0.98659	0.78148	0.43348	0.14101	-0.069452	-0.20084	-0.23236	-0.31854	-0.36614	-0.35597	-0.35105	26.016
832.35	-0.34767	-0.32784	-0.3565	-0.34441	-0.33615	-0.31427	-0.2944	-0.31628	-0.99496	-1.6409	-2.5474	-2.6511	-2.4028	-1.8525	-1.3887	-0.63872	-0.16046	0.50884	0.89752	0.98267	0.78323	0.43371	0.15086	-0.084714	-0.20877	-0.25154	-0.30336	-0.3431	-0.36063	-0.34328	25.689
830.65	-0.35906	-0.35273	-0.32752	-0.33949	-0.31468	-0.327	-0.30157	-0.29695	-1.0021	-1.6599	-2.5296	-2.6312	-2.3788	-1.8225	-1.3694	-0.61328	-0.13628	0.50346	0.89895	0.98218	0.76654	0.4057	0.13964	-0.08321	-0.20749	-0.26606	-0.31323	-0.37251	-0.33748	-0.35836	25.328
826.8	-0.35517	-0.34388	-0.34236	-0.31	-0.29808	-0.30254	-0.27994	-0.29852	-1.0066	-1.6581	-2.522	-2.6372	-2.3586	-1.785	-1.3253	-0.58983	-0.12572	0.52593	0.93613	0.98298	0.76646	0.40248	0.1217	-0.090999	-0.20153	-0.27118	-0.30939	-0.34675	-0.34696	-0.33441	24.981
824.23	-0.32251	-0.34314	-0.34132	-0.32195	-0.2911	-0.27793	-0.26575	-0.31456	-1.0653	-1.9611	-2.5338	-2.6315	-2.3621	-1.7564	-1.2851	-0.5466	-0.074848	0.54575	0.93013	0.98755	0.75599	0.38738	0.10691	-0.10912	-0.22467	-0.27189	-0.3264	-0.34797	-0.36078	-0.34274	24.65
822.09	-0.35548	-0.32116	-0.32143	-0.3062	-0.26349	-0.28267	-0.26835	-0.30589	-1.0532	-1.5381	-2.5151	-2.5893	-2.3045	-1.7114	-1.2421	-0.51045	-0.041113	0.56757	0.93937	0.98223	0.73953	0.38831	0.095773	-0.11472	-0.24443	-0.29233	-0.31466	-0.35377	-0.35239	-0.3602	24.306
820.59	-0.35985	-0.33963	-0.2995	-0.28089	-0.26605	-0.27507	-0.2478	-0.32907	-1.0971	-1.8656	-2.5112	-2.5492	-2.2577	-1.6841	-1.216	-0.47945	0.0044594	0.60118	0.94466	0.98597	0.72639	0.37813	0.094183	-0.12561	-0.24129	-0.28748	-0.28276	-0.37879	-0.35115	-0.34793	23.964
819.95	-0.34132	-0.33092	-0.30904	-0.28495	-0.21342	-0.26527	-0.25486	-0.33915	-1.1049	-2.1008	-2.5026	-2.5468	-2.2342	-1.6166	-1.1584	-0.42095	0.033063	0.62625	0.96655	0.98485	0.71427	0.34775	0.069781	-0.14732	-0.24334	-0.29477	-0.3318	-0.35148	-0.36642	-0.34102	23.606
819.09	-0.28883	-0.28507	-0.28077	-0.28148	-0.24832	-0.24142	-0.23609	-0.35633	-1.1694	-1.9151	-2.457	-2.5185	-2.1855	-1.5976	-1.1113	-0.37412	0.063595	0.65162	0.96769	0.98596	0.715	0.341	0.039645	-0.15652	-0.25221	-0.27712	-0.3357	-0.35	-0.32746	-0.31549	23.256
818.66	-0.30589	-0.27306	-0.2792	-0.2835	-0.29329	-0.2518	-0.2181	-0.33602	-1.1739	-1.9604	-2.4667	-2.4821	-2.1537	-1.5562	-1.0792	-0.33826	0.094176	0.66058	0.96819	0.97311	0.69534	0.31212	0.035847	-0.16755	-0.27664	-0.28452	-0.33249	-0.365	-0.34413	-0.30634	22.916
819.3	-0.29253	-0.29725	-0.26982	-0.27587	-0.24206	-0.22941	-0.22939	-0.23892	-1.1602	-1.9765	-2.4458	-2.4552	-2.0774	-1.4844	-1.0379	-0.31352	0.12201	0.69467	0.99376	0.95853	0.66339	0.28825	0.033899	-0.16168	-0.27838	-0.2953	-0.32502	-0.34643	-0.3269	-0.30595	22.54
818.87	-0.26101	-0.26394	-0.28485	-0.29046	-0.20154	-0.20141	-0.22212	-0.31155	-1.1877	-2.0068	-2.4346	-2.4348	-2.0711	-1.4588	-0.96341	-0.29877	0.17194	0.68637	0.97699	0.96126	0.63293	0.25766	-0.0057322	-0.18887	-0.28523	-0.30074	-0.30862	-0.36334	-0.31561	-0.31209	22.205
819.3	-0.26998	-0.2604	-0.28282	-0.26106	-0.21566	-0.21796	-0.19511	-0.32516	-1.2303	-1.8885	-2.3705	-2.3592	-1.9961	-1.3879	-0.92907	-0.2099	0.21356	0.72929	0.99402	0.94284	0.66576	0.26863	-0.0019898	-0.21405	-0.28019	-0.30024	-0.3538	-0.35849	-0.31464	-0.28002	21.837
818.87	-0.27987	-0.26943	-0.25678	-0.2321	-0.21031	-0.21944	-0.18417	-0.35382	-1.224	-2.0589	-2.3762	-2.3332	-1.9554	-1.3394	-0.8815	-0.19161	0.23836	0.76865	0.99988	0.95356	0.61641	0.2295	-0.017217	-0.21591	-0.30783	-0.32392	-0.35406	-0.34208	-0.2741	-0.2878	21.472
816.95	-0.27307	-0.25952	-0.25548	-0.20318	-0.21284	-0.21552	-0.20951	-0.37078	-1.2584	-2.0214	-2.3816	-2.3464	-1.9142	-1.3025	-0.85312	-0.17484	0.26581	0.77428	1.0114	0.93058	0.60924	0.20441	-0.022833	-0.23064	-0.30333	-0.32834	-0.35647	-0.36063	-0.28726	-0.26819	21.097
815.45	-0.23933	-0.24588	-0.24428	-0.23525	-0.19797	-0.18331	-0.17762	-0.41088	-1.3046	-2.0124	-2.3671	-2.3035	-1.8919	-1.2681	-0.80356	-0.11196	0.29482	0.78426	1.0113	0.94	0.60793	0.20456	-0.053352	-0.24045	-0.31618	-0.32738	-0.32486	-0.34746	-0.28875	-0.26325	20.735
812.45	-0.26674	-0.2305	-0.22284	-0.22287	-0.19667	-0.19675	-0.15674	-0.46252	-1.3016	-1.9955	-2.3373	-2.2604	-1.8457	-1.2267	-0.78411	-0.099267	0.3228	0.81377	1.0132	0.92344	0.57357	0.19063	-0.06493	-0.24327	-0.31543	-0.33583	-0.34252	-0.33662	-0.2905	-0.25668	20.381
809.03	-0.24494	-0.2261	-0.22946	-0.20837	-0.18926	-0.16478	-0.15943	-0.52983	-1.3418	-2.0018	-2.345	-2.2359	-1.7944	-1.1722	-0.73636	-0.065477	0.34356	0.83371	1.0244	0.9193	0.56278	0.17864	-0.048075	-0.25658	-0.3206	-0.34997	-0.3495	-0.34132	-0.28588	-0.25018	19.995
805.39	-0.23668	-0.21461	-0.25733	-0.22993	-0.17376	-0.15726	-0.17813	-0.55126	-1.3311	-2.0033	-2.3386	-2.2381	-1.7779	-1.1345	-0.68583	-0.033078	0.3622	0.83139	1.011	0.90562	0.54096	0.13703	-0.10003	-0.27253	-0.34673	-0.35337	-0.3639	-0.33968	-0.29673	-0.27615	19.618
801.75	-0.22056	-0.21563	-0.25668	-0.21028	-0.15997	-0.14786	-0.1541	-0.58824	-1.3891	-2.0299	-2.3148	-2.2043	-1.7491	-1.1125	-0.64371	-0.010097	0.3892	0.8243	1.0173	0.89159	0.52856	0.12112	-0.1256	-0.29413	-0.34487	-0.35851	-0.36892	-0.36097	-0.27292	-0.23165	19.234
799.6	-0.24018	-0.20326	-0.23964	-0.18396	-0.16843	-0.17908	-0.13412	-0.63404	-1.3987	-2.0097	-2.3124	-2.1379	-1.6959	-1.0727	-0.62658	0.028613	0.42549	0.85809	1.0055	0.8661	0.51882	0.11789	-0.12569	-0.31496	-0.37571	-0.37616	-0.38448	-0.3334	-0.29669	-0.24916	18.908
797.89	-0.22746	-0.22019	-0.21112	-0.1522	-0.14203	-0.15909	-0.17313	-0.66259	-1.3836	-2.0183	-2.2917	-2.1588	-1.6472	-1.0205	-0.58655	0.055811	0.43832	0.87493	1.0062	0.86221	0.46956	0.081166	-0.147	-0.30635	-0.38363	-0.37647	-0.376	-0.31065	-0.25306	-0.24785	18.517
796.81	-0.21365	-0.1838	-0.21279	-0.16969	-0.13605	-0.13804	-0.14544	-0.73366	-1.3971	-1.9856	-2.2475	-2.0955	-1.605	-0.95159	-0.5062	0.11616	0.48591	0.87595	1.0167	0.85562	0.46639	0.05715	-0.16513	-0.33103	-0.38779	-0.38655	-0.38965	-0.35142	-0.26248	-0.22901	18.174
798.53	-0.17078	-0.17073	-0.18004	-0.1547	-0.13144	-0.10737	-0.13294	-0.77086	-1.4099	-1.9776	-2.1978	-2.0492	-1.5588	-0.92813	-0.47219	0.14492	0.49655	0.88483	0.99464	0.85965	0.44866	0.045708	-0.18985	-0.33608	-0.38549	-0.36734	-0.38084	-0.33826	-0.26575	-0.20601	17.782
800.24	-0.18787	-0.17387	-0.15093	-0.13914	-0.10836	-0.12355	-0.13601	-0.77681	-1.3797	-1.9851	-2.1845	-1.9925	-1.4865	-0.86149	-0.42983	0.18523	0.54964	0.92051	1.0176	0.84172	0.42109	0.041954	-0.1818	-0.34995	-0.38811	-0.37956	-0.34358	-0.34334	-0.24434	-0.23193	17.416
801.74	-0.19924	-0.17557	-0.20283	-0.13342	-0.11631	-0.14373	-0.132	-0.81646	-1.4436	-1.9696	-2.1717	-1.9848	-1.4576	-0.80937	-0.39403	0.21744	0.56416	0.93315	1.0212	0.81783	0.40716	0.0064939	-0.19874	-0.37324	-0.41213	-0.40103	-0.39281	-0.30745	-0.26121	-0.23529	17.066
803.67	-0.13359	-0.15013	-0.15422	-0.13095	-0.10142	-0.077962	-0.18565	-0.81852	-1.4622	-1.9724	-2.1277	-1.9357	-1.4298	-0.79956	-0.37034	0.24796	0.59398	0.92668	1.0113	0.79804	0.3893	-0.01727	-0.23129	-0.37784	-0.39889	-0.3814	-0.36067	-0.34838	-0.25484	-0.15009	16.705
804.96	-0.14841	-0.11707	-0.13056	-0.10044	-0.10142	-0.11229	-0.18332	-0.86522	-1.5571	-1.9613	-2.1136	-1.9104	-1.3809	-0.76327	-0.32428	0.27274	0.60849	0.93578	1.0062	0.7848	0.35728	-0.02646	-0.24612	-0.39352	-0.43	-0.39722	-0.36201	-0.33774	-0.25239	-0.19677	16.331
805.82	-0.13144	-0.12626	-0.10564	-0.066758	-0.076556	-0.10224	-0.19965	-0.91442	-1.4612	-1.9337	-2.0772	-1.8508	-1.3055	-0.66976	-0.25829	0.30676	0.64071	0.96996	1.0159	0.78194	0.34372	-0.052294	-0.23064	-0.39886	-0.39604	-0.40047	-0.36508	-0.30905	-0.20095	-0.16694	15.951
806.89	-0.093088	-0.090349	-0.092115	-0.074282	-0.057778	-0.071352	-0.19455	-0.92107	-1.6002	-1.9077	-2.0319	-1.7987	-1.28	-0.63978	-0.21301	0.35226	0.66681	0.97073	1.0038	0.77874	0.32814	-0.063401	-0.26705	-0.41102	-0.39392	-0.3819	-0.36284	-0.32066	-0.20056	-0.16092	15.616
807.53	-0.070351	-0.049043	-0.074848	-0.10225	-0.082669	-0.077574	-0.24424	-0.92983	-1.5622	-1.9141	-2.0069	-1.7435	-1.203	-0.59491	-0.18192	0.39232	0.68949	0.97646	0.9993	0.74855	0.30192	-0.085315	-0.27629	-0.40718	-0.41292	-0.37216	-0.38084	-0.28739	-0.2099	-0.12904	15.247
809.88	-0.081384	-0.066743	-0.043696	-0.09795	-0.035151	-0.058801	-0.24893	-0.91925	-1.5738	-1.8654	-1.9626	-1.6808	-1.1332	-0.52547	-0.13413	0.42766	0.73573	0.99224	1.0035	0.74236	0.2883	-0.096079	-0.30606	-0.42596	-0.40992	-0.37859	-0.34475	-0.27462	-0.18479	-0.093404	14.86
813.74	-0.069699	-0.078695	-0.085122	-0.064581	-0.016508	-0.04663	-0.33534	-0.95136	-1.5764	-1.8528	-1.9089	-1.6552	-1.0983	-0.48477	-0.090831	0.43508	0.70733	0.98541	0.98984	0.71709	0.24799	-0.13023	-0.31417	-0.42777	-0.44671	-0.38779	-0.35236	-0.267	-0.17238	-0.079643	14.449
816.31	-0.057834	-0.056867	-0.092424	-0.05145	0.01249	-0.04232	-0.35884	-0.9922	-1.52	-1.8162	-1.8756	-1.6029	-1.0695	-0.44505	-0.072311	0.45651	0.72996	0.97608	0.98138	0.68934	0.24906	-0.15358	-0.3245	-0.44438	-0.43826	-0.39359	-0.34401	-0.28383	-0.16567	-0.079069	14.103
819.95	-0.044557	-0.04769	-0.066145	-0.02893	-0.036539	-0.035963	-0.3663	-0.96511	-1.5523	-1.8059	-1.8355	-1.529	-1.0064	-0.4201	-0.053668	0.48667	0.76857	0.98812	0.96312	0.67285	0.2334	-0.14367	-0.33056	-0.44589	-0.42909	-0.38107	-0.33516	-0.28898	-0.15393	-0.078638	13.747
824.66	-0.057316	-0.069058	-0.019413	-0.047038	-0.034496	-0.070546	-0.44864	-0.98214	-1.5152	-1.7919	-1.8087	-1.5317	-0.96089	-0.3759	-0.011013	0.50458	0.77404	0.97654	0.95943	0.65736	0.20675	-0.17332	-0.34751	-0.44701	-0.44581	-0.41652	-0.32956	-0.26637	-0.1511	-0.074898	13.323
830.86	-0.064681	-0.060137	-0.04337	-0.021148	-0.018473	-0.059374	-0.49071	-1.0086	-1.4625	-1.7369	-1.7518	-1.4702	-0.91983	-0.33548	0.036937	0.5249	0.76796	0.98311	0.94706	0.63339	0.17994	-0.19884	-0.37505	-0.46166	-0.42874	-0.39198	-0.3527	-0.26744	-0.14885	-0.088665	12.95
836.85	-0.022203	-0.045968	-0.020705	-0.028248	0.029602	-0.019272	-0.47986	-1.0032	-1.4581	-1.7056	-1.7146	-1.4234	-0.89195	-0.30551	0.044385	0.55468	0.7736	0.96041	0.90577	0.60584	0.13544	-0.22582	-0.38168	-0.47948	-0.44307	-0.40889	-0.38551	-0.26127	-0.14203	-0.087102	12.578
841.77	-0.020167	-0.00089838	-0.0077784	-0.0035758	0.013888	-0.054828	-0.47539	-0.97665	-1.4546	-1.7052	-1.6681	-1.3657	-0.81227	-0.25518	0.095115	0.56801	0.78948	0.97268	0.88356	0.56988	0.1118	-0.25085	-0.39742	-0.49577	-0.45902	-0.4015	-0.33556	-0.26261	-0.10854	-0.077175	12.195
843.69	-0.018145	-0.012689	-0.022691	0.025022	0.013213	-0.04083	-0.50565	-1.0059	-1.4355	-1.6546	-1.6177	-1.3131	-0.77506	-0.20677	0.13622	0.59432	0.80999	0.96885	0.88823	0.54403	0.10809	-0.26429	-0.40225	-0.49278	-0.50607	-0.38992	-0.35768	-0.25575	-0.10963	-0.069614	11.796
844.33	-0.0018553	-0.0094564	0.00087953	0.00775	0.041228	-0.058894	-0.52599	-0.98752	-1.4381	-1.6178	-1.5635	-1.2651	-0.72176	-0.17139	0.16983	0.61785	0.8332	0.96995	0.87222	0.52483	0.064027	-0.28328	-0.435	-0.50673	-0.46271	-0.39396	-0.35233	-0.26204	-0.1113	-0.0645	11.397
842.62	-0.0058726	0.00074014	0.017629	0.01312	0.025304	-0.071759	-0.55085	-1.0021	-1.4151	-1.631	-1.5257	-1.2184	-0.6649	-0.13881	0.199	0.65193	0.85911	0.9834	0.8589	0.50849	0.049658	-0.27683	-0.45059	-0.51441	-0.48046	-0.39517	-0.32853	-0.27828	-0.13739	-0.041603	11.014
840.91	-0.010157	0.010733	0.022746	0.049018	0.017434	-0.098142	-0.58346	-0.97691	-1.4216	-1.6082	-1.523	-1.1811	-0.62214	-0.081692	0.23728	0.66803	0.86129	0.98016	0.84508	0.47177	0.0028897	-0.32872	-0.45053	-0.53355	-0.47043	-0.41375	-0.36424	-0.22652	-0.11732	-0.065311	10.622
838.77	0.013734	0.019171	0.021132	0.052545	0.061437	-0.13378	-0.5281	-1.0104	-1.3777	-1.5767	-1.4493	-1.1243	-0.55766	-0.027682	0.29725	0.71244	0.87679	0.97889	0.83181	0.48254	-0.016352	-0.35411	-0.48054	-0.53657	-0.47558	-0.42762	-0.34684	-0.24783	-0.10338	-0.042226	10.235
834.49	0.043845	0.04908	0.048059	0.053436	0.017774	-0.13212	-0.59902	-0.98361	-1.3986	-1.5428	-1.4076	-1.0878	-0.51723	0.004581	0.32899	0.73289	0.89982	0.97206	0.82599	0.45074	-0.040097	-0.39155	-0.50903	-0.55184	-0.49945	-0.40272	-0.3469	-0.23275	-0.096203	-0.0041741	9.8199
830.64	0.039033	0.060174	0.06302	0.053332	0.056711	-0.20168	-0.57462	-1.0219	-1.384	-1.5353	-1.3863	-1.0254	-0.47656	0.04224	0.34615	0.75926	0.9244	0.98037	0.81975	0.41825	-0.059872	-0.4058	-0.50611	-0.58082	-0.49143	-0.43464	-0.34135	-0.24762	-0.055308	-0.0057938	9.4436
826.36	0.072616	0.0747	0.098268	0.071381	0.03784	-0.1788	-0.60611	-1.0223	-1.3603	-1.522	-1.3542	-0.98371	-0.43225	0.091171	0.41002	0.77546	0.94769	0.98906	0.81293	0.40274	-0.091117	-0.42084	-0.5495	-0.57689	-0.50909	-0.40358	-0.33508	-0.21254	-0.065769	0.036313	9.0347
823.15	0.072854	0.092651	0.084216	0.0953	0.030503	-0.21695	-0.62021	-0.98786	-1.3418	-1.4621	-1.2983	-0.9499	-0.3739	0.12991	0.43607	0.79349	0.94241	0.993	0.78263	0.3809	-0.13149	-0.46508	-0.55369	-0.59498	-0.5283	-0.43774	-0.34896	-0.23039	-0.032132	0.043946	8.6715
822.73	0.10862	0.087661	0.078256	0.050124	0.0305	-0.23426	-0.62195	-0.99769	-1.3562	-1.4642	-1.2422	-0.88958	-0.33941	0.15818	0.46032	0.8089	0.95017	0.95877	0.74097	0.3399	-0.16072	-0.48727	-0.58937	-0.61131	-0.51454	-0.40665	-0.34878	-0.2101	-0.031485	0.071944	8.2888
822.3	0.077066	0.13703	0.089711	0.10363	-0.030355	-0.25431	-0.5925	-0.97382	-1.3297	-1.4261	-1.1712	-0.83509	-0.27209	0.20029	0.50284	0.85277	0.96962	0.95297	0.72905	0.29937	-0.17175	-0.51612	-0.61009	-0.64527	-0.49536	-0.41002	-0.35011	-0.21312	-0.050439	0.070387	7.8833
824.44	0.11424	0.11044	0.13845	0.092287	-0.026314	-0.26536	-0.65036	-1.0424	-1.2828	-1.3781	-1.145	-0.78209	-0.20973	0.26414	0.54395	0.86559	0.97087	0.95061	0.70442	0.27151	-0.23846	-0.53828	-0.61226	-0.64374	-0.55977	-0.42515	-0.33889	-0.20473	-0.02052	0.04234	7.4975
826.16	0.12879	0.11363	0.13621	0.10115	-0.012161	-0.28908	-0.6123	-0.98023	-1.2659	-1.3082	-1.0803	-0.7027	-0.15694	0.32781	0.61286	0.89734	0.97057	0.93	0.67638	0.26863	-0.24005	-0.55697	-0.64678	-0.66405	-0.51555	-0.41553	-0.32199	-0.19946	-0.0073215	0.046041	7.0629
828.08	0.11563	0.13794	0.11172	0.091763	-0.048362	-0.28643	-0.6339	-1.0471	-1.2397	-1.2977	-1.034	-0.64873	-0.093481	0.35709	0.64137	0.90824	0.99082	0.91151	0.64677	0.20011	-0.29035	-0.57549	-0.65098	-0.64467	-0.51957	-0.41477	-0.33909	-0.19555	0.017091	0.091498	6.7035
830.65	0.12269	0.14954	0.15806	0.12387	-0.086467	-0.34116	-0.64397	-1.0069	-1.2306	-1.2728	-1.006	-0.60794	-0.033873	0.38814	0.64149	0.89246	0.97476	0.91045	0.61528	0.16678	-0.32042	-0.61851	-0.64711	-0.66594	-0.53401	-0.44007	-0.32028	-0.1741	-0.001925	0.096489	6.2627
834.71	0.15927	0.15983	0.14994	0.096871	-0.11364	-0.31985	-0.63606	-1.0113	-1.1836	-1.2213	-0.93521	-0.54919	0.00029698	0.42748	0.6703	0.90852	0.96451	0.88821	0.58657	0.12925	-0.36201	-0.64204	-0.66267	-0.67132	-0.54488	-0.41223	-0.34327	-0.15702	0.024076	0.13777	5.8971
836.42	0.17739	0.16119	0.14731	0.050879	-0.1341	-0.30347	-0.64387	-1.0088	-1.1742	-1.1869	-0.89857	-0.50967	0.028914	0.45082	0.71635	0.9308	0.97739	0.85431	0.57843	0.088817	-0.36495	-0.66924	-0.68405	-0.65264	-0.51946	-0.39738	-0.31122	-0.19017	0.060915	0.14653	5.5513
838.98	0.13455	0.15493	0.15251	0.012319	-0.18742	-0.36177	-0.63145	-0.91037	-1.1637	-1.1795	-0.8673	-0.44482	0.062438	0.47569	0.68676	0.93365	0.97491	0.84576	0.52662	0.054219	-0.41225	-0.67954	-0.70975	-0.68773	-0.55365	-0.42208	-0.32	-0.1774	0.027212	0.10905	5.2089
840.9	0.15198	0.1597	0.15828	0.057519	-0.15784	-0.35288	-0.64515	-0.95466	-1.1172	-1.1507	-0.83037	-0.44042	0.11441	0.49936	0.72498	0.93007	0.96476	0.83397	0.50459	0.029218	-0.4487	-0.71194	-0.73363	-0.69527	-0.57848	-0.43009	-0.30574	-0.15628	0.035257	0.1388	4.8537
842.83	0.17202	0.17517	0.15216	0.03263	-0.16599	-0.35575	-0.65674	-0.94406	-1.1182	-1.1065	-0.78172	-0.39172	0.14413	0.53484	0.75073	0.94808	0.96982	0.81623	0.47768	0.0062268	-0.47293	-0.7173	-0.73572	-0.69352	-0.53594	-0.42415	-0.31906	-0.12113	0.077136	0.13482	4.5215
845.18	0.20849	0.17813	0.1606	0.024508	-0.19075	-0.36598	-0.63479	-0.97819	-1.1061	-1.0811	-0.72827	-0.34053	0.16855	0.55017	0.75478	0.96197	0.96952	0.78803	0.44276	-0.014077	-0.49075	-0.73091	-0.74841	-0.69252	-0.47786	-0.40728	-0.31388	-0.14335	0.084323	0.13665	4.2545
846.68	0.16798	0.1933	0.1695	-0.010276	-0.22584	-0.40701	-0.62575	-0.91683	-1.0827	-1.0676	-0.70415	-0.29966	0.2037	0.5569	0.76132	0.94967	0.93849	0.76858	0.41759	-0.074977	-0.51603	-0.76296	-0.75265	-0.70934	-0.51435	-0.41771	-0.30866	-0.11708	0.076632	0.17403	3.9422
849.46	0.18884	0.19292	0.17566	-0.027688	-0.21518	-0.37966	-0.64372	-0.91146	-1.0582	-1.0159	-0.67149	-0.26878	0.26654	0.61402	0.79797	0.95197	0.94786	0.78989	0.41627	-0.076881	-0.53777	-0.77983	-0.76597	-0.70719	-0.54912	-0.42321	-0.28365	-0.12912	0.11679	0.16732	3.643
851.17	0.21284	0.20085	0.15051	-0.058539	-0.18813	-0.39605	-0.63418	-0.92269	-1.0617	-0.99013	-0.64627	-0.24746	0.26038	0.61788	0.80159	0.94613	0.92763	0.73302	0.38116	-0.11637	-0.5686	-0.80238	-0.77389	-0.71795	-0.52207	-0.42784	-0.28102	-0.11093	0.10679	0.15838	3.3863
850.32	0.20832	0.19896	0.13065	-0.086247	-0.26245	-0.4336	-0.61947	-0.9235	-1.0536	-1.0093	-0.60619	-0.22524	0.28332	0.6146	0.80444	0.94317	0.92659	0.72218	0.33963	-0.14021	-0.58659	-0.80293	-0.79477	-0.72	-0.54059	-0.40752	-0.27967	-0.12113	0.11981	0.1691	3.159
849.25	0.19788	0.21317	0.15123	-0.061677	-0.23951	-0.41895	-0.63881	-0.89766	-1.0376	-0.96999	-0.61938	-0.18034	0.30577	0.63342	0.80135	0.9353	0.92431	0.70899	0.32658	-0.16526	-0.61019	-0.79541	-0.7856	-0.71922	-0.52633	-0.39243	-0.26488	-0.10062	0.11412	0.19969	2.883
849.89	0.21577	0.23261	0.14564	-0.054021	-0.25404	-0.43456	-0.69229	-0.90599	-1.0198	-0.95098	-0.56286	-0.17689	0.34463	0.64364	0.83736	0.93949	0.91413	0.7108	0.3197	-0.15906	-0.61875	-0.81565	-0.79532	-0.69456	-0.51012	-0.37833	-0.2485	-0.060767	0.13803	0.20972	2.7273
850.53	0.24968	0.25344	0.12503	-0.10683	-0.26245	-0.41308	-0.66019	-0.88898	-1.0176	-0.92772	-0.52408	-0.15638	0.3541	0.67043	0.83308	0.95948	0.92159	0.68104	0.29943	-0.17548	-0.62862	-0.8096	-0.79294	-0.70075	-0.52498	-0.37655	-0.24189	-0.088538	0.14832	0.19302	2.5489
852.88	0.20057	0.24079	0.12298	-0.094349	-0.2991	-0.46891	-0.63118	-0.91367	-1.0195	-0.95302	-0.54471	-0.14106	0.33745	0.6615	0.81126	0.96234	0.89153	0.66368	0.2721	-0.19889	-0.62299	-0.82647	-0.79261	-0.65854	-0.49305	-0.36005	-0.2254	-0.099306	0.15469	0.22688	2.4095
854.16	0.23144	0.23064	0.1316	-0.11598	-0.29203	-0.45327	-0.66021	-0.90323	-0.98637	-0.93687	-0.53174	-0.1392	0.37661	0.69182	0.83904	0.93704	0.89189	0.69032	0.28007	-0.19831	-0.65318	-0.82166	-0.78892	-0.6807	-0.51261	-0.36594	-0.24758	-0.025234	0.15578	0.22884	2.2118
854.16	0.23842	0.23404	0.090321	-0.12511	-0.28517	-0.42794	-0.6915	-0.91264	-1.0041	-0.91282	-0.50774	-0.1162	0.37198	0.68389	0.84921	0.94616	0.90084	0.65079	0.28504	-0.21701	-0.65491	-0.84782	-0.80026	-0.69299	-0.48882	-0.3726	-0.23899	-0.015921	0.16931	0.22515	2.1114
854.37	0.26515	0.24353	0.092116	-0.15499	-0.31458	-0.47819	-0.70238	-0.92839	-1.0227	-0.92554	-0.51087	-0.11982	0.35789	0.67503	0.82533	0.93164	0.888	0.64881	0.25471	-0.22084	-0.67079	-0.84391	-0.80496	-0.70649	-0.53916	-0.38698	-0.24408	-0.036313	0.17163	0.23363	2.0175
854.38	0.22194	0.25725	0.094204	-0.12621	-0.33162	-0.4958	-0.71139	-0.91734	-1.0019	-0.91065	-0.49767	-0.097736	0.37333	0.67665	0.83124	0.94373	0.89829	0.64825	0.27142	-0.22095	-0.64779	-0.83181	-0.81087	-0.70439	-0.50878	-0.35963	-0.23749	-0.03942	0.16785	0.22461	1.8783
855.66	0.23632	0.23531	0.063232	-0.1388	-0.30619	-0.4624	-0.74751	-0.89783	-0.99689	-0.89283	-0.5046	-0.10657	0.38398	0.69786	0.84914	0.91928	0.87357	0.6421	0.24532	-0.2341	-0.67346	-0.86157	-0.79429	-0.74028	-0.50202	-0.38458	-0.25445	-0.059504	0.18917	0.24568	1.7715
857.16	0.23588	0.22668	0.050459	-0.12965	-0.29135	-0.45003	-0.68573	-0.92301	-0.99676	-0.88512	-0.50133	-0.10389	0.37311	0.67886	0.86579	0.9271	0.87957	0.62715	0.24332	-0.24821	-0.66996	-0.86135	-0.82725	-0.66952	-0.48034	-0.35363	-0.22	-0.043936	0.17686	0.22967	1.6744
857.58	0.25719	0.2551	0.050421	-0.1544	-0.32475	-0.44757	-0.61591	-0.90847	-1.0084	-0.88492	-0.47535	-0.096651	0.39509	0.68873	0.86138	0.92967	0.88266	0.61806	0.23464	-0.26356	-0.68907	-0.87219	-0.8239	-0.72847	-0.51877	-0.35711	-0.20671	-0.034119	0.17618	0.2346	1.5709
857.16	0.24115	0.21945	0.054504	-0.12635	-0.31514	-0.46699	-0.67722	-0.88574	-0.97918	-0.88707	-0.48517	-0.086996	0.41968	0.70579	0.82659	0.92289	0.86842	0.61676	0.2264	-0.25053	-0.68075	-0.87916	-0.78962	-0.70994	-0.48923	-0.33719	-0.21869	-0.031677	0.20464	0.2543	1.503
857.16	0.24105	0.24489	0.048753	-0.14336	-0.27388	-0.44805	-0.69509	-0.90883	-0.95837	-0.84844	-0.4591	-0.072202	0.41971	0.70757	0.8751	0.93011	0.86652	0.62276	0.2078	-0.25998	-0.71035	-0.88066	-0.82733	-0.72418	-0.47073	-0.34738	-0.23117	-0.040671	0.20478	0.24184	1.4092
854.38	0.25456	0.23228	0.0088143	-0.1781	-0.32354	-0.43959	-0.70036	-0.90619	-0.98753	-0.8641	-0.43435	-0.047867	0.4281	0.71361	0.8856	0.93507	0.87508	0.59139	0.20851	-0.2701	-0.70752	-0.89217	-0.84118	-0.71947	-0.48177	-0.38469	-0.20037	-0.028379	0.2003	0.25491	1.3026
852.46	0.23153	0.229	0.057427	-0.16073	-0.32823	-0.46353	-0.60432	-0.90821	-0.98287	-0.88252	-0.44729	-0.038548	0.42399	0.72246	0.84497	0.95522	0.8678	0.59453	0.17338	-0.29149	-0.72173	-0.88222	-0.81223	-0.72742	-0.4867	-0.37177	-0.21821	-0.023647	0.21405	0.24683	1.238
850.32	0.24129	0.20954	0.041783	-0.15049	-0.32951	-0.48048	-0.7164	-0.88328	-0.98029	-0.88294	-0.47103	-0.046126	0.44586	0.71514	0.87026	0.91209	0.87371	0.58619	0.16539	-0.32613	-0.76015	-0.91395	-0.8525	-0.78211	-0.49282	-0.35883	-0.21359	-0.026946	0.21753	0.26536	1.1216
849.04	0.26341	0.24215	0.036527	-0.17363	-0.31409	-0.47725	-0.81147	-0.90632	-0.98314	-0.8599	-0.45528	-0.046169	0.4239	0.72354	0.86393	0.9318	0.8473	0.56946	0.18087	-0.33036	-0.75287	-0.9277	-0.86459	-0.75249	-0.52142	-0.37125	-0.19818	-0.0079142	0.19763	0.24968	1.0377
847.97	0.24021	0.22352	0.016391	-0.15615	-0.3219	-0.4603	-0.67649	-0.89677	-0.97041	-0.87597	-0.44147	-0.04241	0.4492	0.73547	0.86896	0.94198	0.86654	0.59785	0.17259	-0.32316	-0.75558	-0.91333	-0.8565	-0.75637	-0.51229	-0.35933	-0.19814	-0.034464	0.19512	0.26078	0.96665
845.4	0.23336	0.24313	0.049327	-0.18874	-0.35279	-0.49476	-0.67764	-0.86623	-0.94723	-0.86191	-0.43888	-0.033291	0.4697	0.73779	0.87719	0.9263	0.86169	0.59521	0.15056	-0.33783	-0.77382	-0.89997	-0.82767	-0.74513	-0.51225	-0.36616	-0.23733	-0.0013545	0.21537	0.26125	0.84721
843.69	0.25555	0.21762	-0.023896	-0.13752	-0.33335	-0.46866	-0.70975	-0.89742	-0.93856	-0.83364	-0.4174	-0.0064708	0.47089	0.76725	0.87916	0.94681	0.85069	0.59056	0.15754	-0.36136	-0.77916	-0.94603	-0.85929	-0.71168	-0.51738	-0.36734	-0.19118	0.011213	0.23014	0.26693	0.74395
842.2	0.27231	0.22519	0.017573	-0.17716	-0.32298	-0.4595	-0.67371	-0.89005	-0.95956	-0.83525	-0.38343	-0.0065326	0.46811	0.74636	0.88461	0.94485	0.83925	0.5479	0.10823	-0.35622	-0.78785	-0.9443	-0.88684	-0.77588	-0.52804	-0.35899	-0.19662	-0.033082	0.22138	0.2785	0.64395
840.7	0.24008	0.23041	-0.00060585	-0.19018	-0.31918	-0.46453	-0.69873	-0.88951	-0.95784	-0.84218	-0.39411	0.01248	0.49532	0.75862	0.8902	0.92962	0.85176	0.54671	0.11191	-0.38153	-0.81065	-0.96886	-0.88292	-0.74045	-0.52731	-0.36149	-0.22124	0.0044004	0.24205	0.26261	0.56978
840.7	0.2383	0.20657	-0.0022243	-0.15388	-0.34089	-0.49389	-0.64189	-0.88582	-0.95399	-0.8251	-0.38583	0.027725	0.49024	0.75864	0.87261	0.92967	0.85185	0.54467	0.093081	-0.40061	-0.82664	-0.94931	-0.88271	-0.7268	-0.52864	-0.35072	-0.19308	0.014582	0.19649	0.2484	0.50207
840.49	0.22582	0.20989	-0.012854	-0.17875	-0.35872	-0.47793	-0.71774	-0.9118	-0.9366	-0.81387	-0.37183	0.039653	0.51525	0.76998	0.89253	0.93015	0.83918	0.52525	0.10517	-0.39686	-0.82479	-0.94772	-0.87526	-0.74932	-0.53449	-0.37685	-0.20841	0.0030063	0.20202	0.25912	0.36347
840.06	0.22585	0.19292	-0.027715	-0.20785	-0.35269	-0.49031	-0.73855	-0.88459	-0.93682	-0.80672	-0.36808	0.044952	0.51521	0.77036	0.90875	0.92326	0.82659	0.51933	0.093332	-0.41033	-0.83771	-0.98026	-0.89615	-0.76734	-0.54259	-0.38756	-0.21123	-0.020657	0.23337	0.2379	0.31836
840.06	0.21678	0.19975	-2.5455e-005	-0.19176	-0.35311	-0.48591	-0.64907	-0.92131	-0.93525	-0.80874	-0.35798	0.056358	0.517	0.78524	0.90106	0.93413	0.83764	0.50146	0.077965	-0.42364	-0.83952	-0.96262	-0.88702	-0.70545	-0.52191	-0.33671	-0.21985	0.025426	0.20935	0.24866	0.23138
840.06	0.23117	0.16695	-0.049919	-0.19182	-0.37094	-0.49014	-0.72328	-0.87906	-0.93716	-0.82017	-0.36	0.042988	0.54345	0.79249	0.90258	0.9231	0.83573	0.50328	0.057254	-0.4426	-0.84463	-0.97471	-0.88874	-0.7249	-0.53092	-0.35262	-0.20196	1.8525e-005	0.22195	0.25023	0.18306
839.85	0.24041	0.19291	-0.04247	-0.22409	-0.37499	-0.50983	-0.7405	-0.90508	-0.95679	-0.79397	-0.36212	0.069618	0.53128	0.78138	0.92638	0.92136	0.81929	0.48156	0.055587	-0.44461	-0.83243	-0.98021	-0.87609	-0.72863	-0.49034	-0.36143	-0.2058	0.0079978	0.22378	0.23229	0.099341
840.92	0.22925	0.16334	-0.047787	-0.24899	-0.37829	-0.50496	-0.76677	-0.9096	-0.95924	-0.80243	-0.3555	0.061844	0.52878	0.77117	0.89168	0.91476	0.82187	0.48888	0.036599	-0.45736	-0.8726	-0.99468	-0.90254	-0.74146	-0.51848	-0.37661	-0.20713	0.011292	0.23493	0.24468	0.01564
841.34	0.18322	0.16998	-0.016537	-0.22558	-0.37813	-0.52248	-0.71343	-0.86849	-0.94793	-0.80014	-0.36557	0.086749	0.54281	0.78194	0.89921	0.91609	0.8345	0.50862	0.055465	-0.45721	-0.86158	-0.98205	-0.88387	-0.71054	-0.54373	-0.35943	-0.1912	0.043022	0.2052	0.23005	0.02208
842.2	0.19764	0.17001	-0.051691	-0.195	-0.35625	-0.51971	-0.72616	-0.89165	-0.9367	-0.7845	-0.36121	0.05984	0.519	0.79028	0.90407	0.92806	0.81509	0.48407	0.062099	-0.45132	-0.85158	-1.0023	-0.89955	-0.75082	-0.50088	-0.37102	-0.21561	0.0081974	0.22303	0.22781	-0.051947
843.05	0.2426	0.17824	-0.062811	-0.25626	-0.35612	-0.51838	-0.69159	-0.91132	-0.93953	-0.80091	-0.34261	0.053805	0.53254	0.78203	0.88917	0.93632	0.80862	0.48951	0.041405	-0.45283	-0.87223	-0.98737	-0.91712	-0.74129	-0.49536	-0.36573	-0.20677	0.00444	0.21369	0.24572	-0.096997
844.12	0.2243	0.21454	-0.020277	-0.20714	-0.37347	-0.49442	-0.90035	-0.89183	-0.9472	-0.79268	-0.34858	0.078642	0.53368	0.78285	0.88233	0.92787	0.82822	0.48115	0.036227	-0.4749	-0.86584	-0.97383	-0.88079	-0.69928	-0.48993	-0.31576	-0.16813	0.039718	0.21544	0.24193	-0.07447
845.18	0.2062	0.16943	-0.022283	-0.23971	-0.36445	-0.52413	-0.76827	-0.89385	-0.94747	-0.80581	-0.37216	0.080744	0.54204	0.79378	0.88581	0.92343	0.82721	0.48859	0.041895	-0.46483	-0.86652	-0.96763	-0.88153	-0.7721	-0.49476	-0.3444	-0.16605	0.01122	0.21739	0.22176	-0.09056
846.47	0.20948	0.19316	-0.051576	-0.21779	-0.36395	-0.52758	-0.72363	-0.90119	-0.95338	-0.78996	-0.34932	0.059447	0.52872	0.78864	0.90617	0.91113	0.8117	0.47153	0.041422	-0.46807	-0.87078	-0.99058	-0.89252	-0.72616	-0.5059	-0.35173	-0.20196	0.044423	0.19832	0.25356	-0.16134
846.25	0.23867	0.20607	-0.032983	-0.20898	-0.36844	-0.48791	-0.73526	-0.89321	-0.95022	-0.79968	-0.3251	0.070633	0.53774	0.77724	0.89954	0.9235	0.79652	0.47959	0.025617	-0.45939	-0.85352	-0.98939	-0.87213	-0.75158	-0.47818	-0.34301	-0.19542	0.019384	0.2128	0.25404	-0.12595
847.54	0.20376	0.19129	-0.027138	-0.2115	-0.38532	-0.53027	-0.79227	-0.87872	-0.93946	-0.79768	-0.34091	0.073217	0.54795	0.78601	0.88909	0.92226	0.79702	0.4993	0.039614	-0.45431	-0.85576	-0.99094	-0.89553	-0.73614	-0.494	-0.36199	-0.19332	0.036869	0.20743	0.25125	-0.12917
847.54	0.20377	0.17076	-0.023603	-0.19756	-0.37144	-0.48553	-0.7999	-0.87865	-0.93075	-0.78316	-0.34654	0.057638	0.55684	0.77842	0.906	0.90597	0.81929	0.48126	0.03295	-0.45442	-0.88039	-0.98043	-0.87784	-0.69013	-0.49924	-0.35817	-0.18323	0.022695	0.23123	0.23592	-0.12595
848.6	0.23655	0.18629	-0.050934	-0.21656	-0.35934	-0.48666	-0.74933	-0.88664	-0.93164	-0.77976	-0.3462	0.077023	0.52795	0.80506	0.89985	0.91772	0.80912	0.48376	0.05298	-0.45015	-0.84406	-0.97408	-0.88571	-0.68928	-0.49545	-0.32488	-0.16523	0.030645	0.2269	0.26951	-0.14525
850.1	0.20997	0.16712	-0.069287	-0.25518	-0.38469	-0.50597	-0.7566	-0.90742	-0.93159	-0.80699	-0.33345	0.067479	0.5251	0.78345	0.86484	0.92118	0.81335	0.47965	0.023905	-0.47217	-0.86346	-0.98456	-0.89676	-0.68875	-0.51782	-0.33641	-0.19476	0.0019456	0.19974	0.24187	-0.13882
852.03	0.20114	0.19542	-0.022521	-0.21556	-0.37544	-0.50457	-0.70431	-0.87966	-0.93621	-0.79565	-0.34861	0.074524	0.54681	0.77255	0.89424	0.91219	0.81897	0.48656	0.05133	-0.46694	-0.85604	-0.9699	-0.88548	-0.75456	-0.51036	-0.33861	-0.16781	0.049114	0.225	0.24887	-0.19029
855.66	0.21793	0.15744	-0.070563	-0.20024	-0.36784	-0.53637	-0.75217	-0.87069	-0.89931	-0.7776	-0.3492	0.07811	0.53939	0.80431	0.88095	0.91395	0.80424	0.49625	0.039067	-0.44607	-0.84749	-0.99552	-0.87114	-0.69552	-0.4823	-0.35491	-0.17257	0.03155	0.23851	0.25845	-0.18064
856.94	0.22336	0.18051	-0.021592	-0.2123	-0.3151	-0.47615	-0.7204	-0.88912	-0.92244	-0.75787	-0.33258	0.07441	0.5368	0.78984	0.92373	0.91423	0.80106	0.4736	0.047182	-0.44238	-0.8516	-0.99074	-0.90088	-0.73815	-0.51948	-0.3349	-0.1892	0.029506	0.22891	0.24042	-0.19994
857.58	0.2116	0.1806	-0.039876	-0.22115	-0.36921	-0.49562	-0.68223	-0.8707	-0.92697	-0.78685	-0.32641	0.085826	0.54675	0.78207	0.89605	0.90991	0.80668	0.45963	0.015376	-0.46218	-0.84556	-0.97785	-0.8858	-0.72461	-0.46377	-0.32134	-0.18898	0.045415	0.22992	0.26107	-0.20958
858.43	0.21003	0.16874	-0.025174	-0.19706	-0.37293	-0.50675	-0.71367	-0.87509	-0.89854	-0.75339	-0.33061	0.088595	0.54412	0.80312	0.87781	0.91067	0.77811	0.47277	0.028784	-0.46722	-0.85855	-0.97327	-0.85489	-0.72376	-0.51155	-0.36253	-0.14971	0.049389	0.22426	0.24012	-0.23532
860.78	0.21171	0.16805	-0.050226	-0.21036	-0.35288	-0.52037	-0.65557	-0.87273	-0.90467	-0.76792	-0.31558	0.096132	0.53604	0.7812	0.89847	0.89779	0.80716	0.4703	0.025426	-0.46774	-0.86166	-0.98634	-0.88579	-0.73182	-0.46893	-0.33495	-0.18641	0.035526	0.21896	0.23633	-0.23532
863.13	0.22046	0.17006	-0.057069	-0.22339	-0.38248	-0.48664	-0.72148	-0.87221	-0.91756	-0.76377	-0.32841	0.099615	0.5329	0.76507	0.87542	0.89233	0.80906	0.4675	0.021113	-0.46791	-0.87121	-0.97513	-0.87147	-0.79087	-0.52297	-0.35068	-0.21872	0.038655	0.20261	0.21618	-0.2932
867.19	0.20996	0.16583	-0.029602	-0.20977	-0.36132	-0.4881	-0.66523	-0.84511	-0.89674	-0.74964	-0.33103	0.095037	0.54588	0.76991	0.86934	0.88069	0.78014	0.47118	0.017207	-0.46757	-0.86383	-0.98897	-0.88605	-0.71937	-0.49357	-0.35199	-0.18745	0.024773	0.23281	0.22707	-0.30606
868.47	0.18002	0.15176	-0.056725	-0.19434	-0.36244	-0.48989	-0.63547	-0.84725	-0.87958	-0.74483	-0.30895	0.078204	0.54176	0.77209	0.88102	0.87905	0.78392	0.47229	0.022197	-0.45961	-0.87637	-0.99112	-0.89439	-0.74635	-0.49881	-0.35035	-0.22444	0.047405	0.19727	0.22161	-0.36072
867.62	0.21117	0.1607	-0.053398	-0.21246	-0.33472	-0.49588	-0.70732	-0.87134	-0.89972	-0.72376	-0.31683	0.095316	0.52691	0.77292	0.87836	0.8871	0.77035	0.44525	0.012497	-0.48221	-0.87176	-0.99031	-0.85125	-0.75352	-0.5261	-0.36545	-0.20998	0.02281	0.21882	0.23556	-0.38322
865.49	0.19378	0.17034	-0.05085	-0.23329	-0.39501	-0.50635	-0.73277	-0.87906	-0.91531	-0.76932	-0.29002	0.089657	0.53093	0.76401	0.86465	0.88213	0.75759	0.42906	-0.015967	-0.49053	-0.88462	-0.99446	-0.89517	-0.74009	-0.51843	-0.34466	-0.20371	0.043059	0.20125	0.22038	-0.41857
862.71	0.16636	0.1377	-0.048845	-0.21714	-0.37712	-0.50648	-0.64243	-0.87096	-0.89597	-0.74245	-0.3151	0.10127	0.53931	0.77162	0.87712	0.86299	0.76713	0.42429	-0.0048278	-0.49614	-0.88902	-0.99435	-0.85819	-0.72137	-0.51237	-0.35578	-0.20899	0.03408	0.21086	0.2246	-0.48606
862.07	0.19526	0.15499	-0.06281	-0.21193	-0.36768	-0.503	-0.75891	-0.86084	-0.8963	-0.73173	-0.30709	0.1032	0.53684	0.7872	0.87785	0.89626	0.76052	0.43479	-0.004157	-0.50944	-0.89472	-1.0154	-0.90394	-0.76496	-0.52263	-0.36755	-0.19054	0.038726	0.22225	0.22133	-0.50534
860.79	0.19362	0.1485	-0.051822	-0.23427	-0.38366	-0.50484	-0.6973	-0.87227	-0.89394	-0.74564	-0.29356	0.092106	0.54609	0.76625	0.88252	0.89205	0.76863	0.4292	-0.011035	-0.49339	-0.88881	-1.0048	-0.91242	-0.74098	-0.52145	-0.33388	-0.19008	0.028179	0.20442	0.21968	-0.55353
857.8	0.1673	0.14675	-0.038156	-0.2442	-0.41003	-0.53188	-0.63734	-0.8663	-0.90909	-0.75903	-0.30232	0.11867	0.5672	0.77057	0.87621	0.88409	0.76045	0.43843	-0.026201	-0.52477	-0.90078	-1.0132	-0.9064	-0.77888	-0.5118	-0.35042	-0.19807	0.053113	0.19602	0.22231	-0.59529
853.53	0.18421	0.1422	-0.049035	-0.20482	-0.36705	-0.52299	-0.73556	-0.85617	-0.88397	-0.74617	-0.29994	0.11367	0.55572	0.80904	0.87851	0.89573	0.77149	0.45032	-0.0044712	-0.5162	-0.91041	-1.0287	-0.89842	-0.78439	-0.51239	-0.35403	-0.18531	0.031247	0.20407	0.22146	-0.58244
850.11	0.20117	0.16836	-0.067473	-0.25535	-0.36855	-0.51903	-0.69572	-0.89228	-0.91015	-0.73789	-0.303	0.09537	0.5477	0.78853	0.9074	0.89938	0.79098	0.43818	-0.016452	-0.49009	-0.90705	-1.0223	-0.93099	-0.73352	-0.50936	-0.32583	-0.17358	0.019044	0.1941	0.23486	-0.63062
847.97	0.21448	0.14988	-0.08225	-0.28639	-0.39881	-0.4953	-0.77377	-0.88365	-0.9318	-0.75652	-0.31198	0.11263	0.55078	0.79612	0.90574	0.89975	0.78918	0.43718	-0.014951	-0.50856	-0.90415	-1.0373	-0.92435	-0.77023	-0.5006	-0.37524	-0.20003	0.0017322	0.20186	0.21601	-0.68521
847.76	0.17084	0.14645	-0.044135	-0.21006	-0.38369	-0.54414	-0.70954	-0.88782	-0.91304	-0.76826	-0.31836	0.1089	0.55074	0.78506	0.88051	0.89448	0.77849	0.4371	-0.042339	-0.54098	-0.92737	-1.0394	-0.90837	-0.76721	-0.50439	-0.37348	-0.19352	0.017403	0.19599	0.2262	-0.64347
847.54	0.1781	0.15364	-0.082763	-0.23649	-0.39495	-0.53616	-0.78463	-0.87338	-0.9045	-0.77389	-0.32252	0.085965	0.57747	0.78732	0.88483	0.87293	0.75654	0.42765	-0.030162	-0.54467	-0.94165	-1.0484	-0.92082	-0.75845	-0.52125	-0.35305	-0.19014	0.023773	0.16559	0.21577	-0.66594
847.76	0.18703	0.1341	-0.091773	-0.25768	-0.38339	-0.49945	-0.76441	-0.89851	-0.92857	-0.7403	-0.32244	0.10503	0.5491	0.7854	0.9042	0.89479	0.76216	0.41985	-0.048504	-0.52178	-0.92753	-1.0515	-0.9282	-0.75516	-0.51438	-0.3495	-0.1743	0.037983	0.19469	0.22119	-0.68842
848.61	0.1654	0.14958	-0.07654	-0.27718	-0.40433	-0.54689	-0.76739	-0.88867	-0.92265	-0.78229	-0.3122	0.10656	0.56282	0.78806	0.88385	0.90283	0.76486	0.4294	-0.048561	-0.54388	-0.92692	-1.0315	-0.93642	-0.78558	-0.5361	-0.36355	-0.18618	0.034652	0.19242	0.21544	-0.70127
849.89	0.16305	0.13041	-0.073011	-0.2396	-0.40616	-0.5197	-0.6744	-0.87865	-0.9124	-0.78119	-0.32381	0.095189	0.56707	0.80546	0.90615	0.9088	0.77827	0.46004	-0.035488	-0.5338	-0.92384	-1.046	-0.94448	-0.78812	-0.57705	-0.37668	-0.1917	0.034274	0.18653	0.19743	-0.68521
853.31	0.16807	0.12536	-0.05811	-0.23857	-0.37348	-0.53727	-0.82519	-0.90182	-0.90708	-0.75982	-0.34241	0.089413	0.53189	0.79699	0.89434	0.89587	0.76777	0.42652	-0.028388	-0.52454	-0.93061	-1.0484	-0.92393	-0.74128	-0.51646	-0.32986	-0.16258	0.023828	0.19987	0.22493	-0.66916
856.51	0.18725	0.14675	-0.06913	-0.26598	-0.40111	-0.51885	-0.6839	-0.89317	-0.92623	-0.76403	-0.3345	0.091383	0.55101	0.79586	0.89318	0.90218	0.77253	0.44251	-0.028444	-0.54105	-0.93191	-1.0262	-0.92657	-0.78795	-0.53235	-0.3666	-0.21674	0.025071	0.1924	0.21384	-0.67237
860.36	0.1759	0.15974	-0.084965	-0.25423	-0.3994	-0.54916	-0.74792	-0.88048	-0.92591	-0.76399	-0.32315	0.08552	0.55174	0.77599	0.87944	0.89642	0.77075	0.43872	-0.035056	-0.53646	-0.92443	-1.0397	-0.87699	-0.74319	-0.53873	-0.38558	-0.20454	0.041291	0.18633	0.22695	-0.68842
863.99	0.18055	0.13088	-0.078534	-0.23876	-0.40296	-0.509	-0.66301	-0.88707	-0.89892	-0.74613	-0.32583	0.085125	0.54634	0.80557	0.87069	0.89611	0.75683	0.43913	-0.01837	-0.51584	-0.91709	-1.0251	-0.91298	-0.75616	-0.52494	-0.35868	-0.18791	0.027097	0.20197	0.19281	-0.67879
866.34	0.16962	0.14349	-0.085779	-0.25199	-0.38076	-0.51897	-0.73822	-0.88837	-0.91887	-0.77182	-0.31896	0.080865	0.53799	0.77763	0.90022	0.88634	0.76537	0.4374	-0.02632	-0.51284	-0.91327	-1.0344	-0.92326	-0.7578	-0.53447	-0.34388	-0.21468	0.012036	0.20756	0.22374	-0.66595
867.41	0.16883	0.1483	-0.10205	-0.24694	-0.41121	-0.51866	-0.7208	-0.88379	-0.9251	-0.77418	-0.31859	0.076943	0.54724	0.77298	0.86681	0.88856	0.77002	0.44064	-0.031542	-0.51783	-0.92582	-1.0162	-0.90063	-0.77373	-0.50828	-0.36421	-0.19932	0.043952	0.20088	0.2144	-0.70127
868.69	0.1899	0.12949	-0.071423	-0.24154	-0.40494	-0.54585	-0.7248	-0.87917	-0.90984	-0.77509	-0.34603	0.089669	0.53434	0.76463	0.84803	0.88213	0.77764	0.42674	-0.026292	-0.52243	-0.92065	-1.0335	-0.87942	-0.759	-0.52	-0.35824	-0.17366	0.035475	0.19682	0.20895	-0.67237
870.4	0.17173	0.13136	-0.092519	-0.22019	-0.38716	-0.52057	-0.72877	-0.85963	-0.90109	-0.76988	-0.35121	0.065572	0.54544	0.76846	0.87706	0.87157	0.77071	0.43372	-0.01276	-0.52105	-0.92393	-1.0211	-0.90224	-0.76599	-0.52876	-0.34909	-0.17027	-0.0029801	0.18977	0.21541	-0.69806
872.54	0.17871	0.12074	-0.08871	-0.23886	-0.39932	-0.49409	-0.71788	-0.88016	-0.9148	-0.76454	-0.32703	0.072747	0.52144	0.75398	0.86539	0.86566	0.76726	0.42493	-0.019571	-0.52544	-0.91307	-1.0236	-0.90369	-0.74902	-0.51253	-0.35961	-0.20819	0.041239	0.19606	0.21696	-0.70448
873.18	0.17829	0.14767	-0.055003	-0.24885	-0.42932	-0.53199	-0.74587	-0.86887	-0.91521	-0.77324	-0.34066	0.083524	0.52468	0.75893	0.85658	0.86526	0.77574	0.42311	-0.024323	-0.52645	-0.91244	-1.026	-0.87242	-0.75868	-0.53916	-0.35591	-0.18729	0.028955	0.18195	0.20756	-0.67558
871.26	0.16129	0.15414	-0.060819	-0.23904	-0.38441	-0.51251	-0.65417	-0.87476	-0.91415	-0.76211	-0.33942	0.077611	0.52376	0.75672	0.86643	0.86886	0.77187	0.428	-0.01729	-0.50915	-0.90066	-1.0335	-0.90555	-0.74665	-0.5333	-0.35692	-0.16984	0.017933	0.19104	0.20855	-0.7109
870.61	0.18068	0.12888	-0.065873	-0.23876	-0.37345	-0.51042	-0.73332	-0.87859	-0.8961	-0.74281	-0.33219	0.083279	0.51401	0.77858	0.87091	0.88532	0.7584	0.44017	-0.015547	-0.50052	-0.91174	-1.0224	-0.92002	-0.74723	-0.50979	-0.34344	-0.16622	0.023522	0.18756	0.2174	-0.69485
869.76	0.19883	0.15154	-0.10338	-0.24749	-0.3928	-0.49623	-0.7705	-0.88856	-0.92088	-0.76395	-0.3165	0.083613	0.52121	0.76884	0.8866	0.88679	0.77191	0.41533	-0.015819	-0.52306	-0.91077	-1.0299	-0.92098	-0.74503	-0.50809	-0.34114	-0.20236	0.030435	0.18469	0.21727	-0.72053
869.97	0.17559	0.14172	-0.069516	-0.22529	-0.4212	-0.52654	-0.70533	-0.87761	-0.93268	-0.77638	-0.35263	0.092453	0.51252	0.75637	0.84315	0.88282	0.75931	0.43072	-0.032123	-0.54152	-0.91403	-1.0417	-0.92077	-0.79347	-0.55073	-0.35766	-0.1901	0.022795	0.18284	0.19329	-0.72374
869.76	0.18642	0.12831	-0.063983	-0.22506	-0.37553	-0.49829	-0.70184	-0.87802	-0.9246	-0.77447	-0.34442	0.068565	0.54198	0.76183	0.86848	0.87614	0.76685	0.43468	-0.020583	-0.51949	-0.91057	-1.0144	-0.91904	-0.75354	-0.52504	-0.37155	-0.19564	0.012028	0.19469	0.20518	-0.74621
868.69	0.17035	0.12669	-0.099691	-0.25546	-0.38356	-0.52411	-0.7853	-0.90046	-0.92072	-0.76445	-0.34667	0.063358	0.53072	0.76804	0.86945	0.87529	0.76041	0.43328	-0.010547	-0.51242	-0.91882	-1.033	-0.92412	-0.76692	-0.53828	-0.36654	-0.2006	0.03806	0.19331	0.20908	-0.743
865.92	0.16409	0.15257	-0.071378	-0.25091	-0.40463	-0.50999	-0.68999	-0.88022	-0.92864	-0.78541	-0.32802	0.09721	0.52552	0.77441	0.87378	0.89599	0.76109	0.42304	-0.030537	-0.53113	-0.91825	-1.0207	-0.94189	-0.75467	-0.52645	-0.34036	-0.19337	0.021162	0.20287	0.196	-0.72374
865.49	0.17111	0.11211	-0.028923	-0.25561	-0.40853	-0.54052	-0.74339	-0.87508	-0.9152	-0.77448	-0.34789	0.10821	0.54837	0.77699	0.87837	0.87002	0.78274	0.42946	-0.030488	-0.52906	-0.92546	-1.0356	-0.90559	-0.73608	-0.52165	-0.35583	-0.18791	0.025546	0.20647	0.219	-0.75585
865.49	0.18186	0.16379	-0.082175	-0.2316	-0.36	-0.5209	-0.75737	-0.88588	-0.90001	-0.74905	-0.32402	0.076704	0.53092	0.76369	0.88008	0.86765	0.7593	0.41525	-0.029122	-0.52403	-0.94142	-1.0336	-0.9526	-0.75641	-0.52715	-0.35422	-0.19174	0.033691	0.19411	0.21327	-0.76868
866.99	0.19734	0.14345	-0.096427	-0.22595	-0.39244	-0.51117	-0.73245	-0.89361	-0.91886	-0.76256	-0.32317	0.082335	0.5352	0.77872	0.87095	0.89468	0.76501	0.43776	-0.029213	-0.53211	-0.91735	-1.0523	-0.94362	-0.77946	-0.52251	-0.36074	-0.20483	0.0026962	0.19728	0.20942	-0.74942
868.69	0.17063	0.15302	-0.062637	-0.26386	-0.40505	-0.55002	-0.78261	-0.89689	-0.92905	-0.77899	-0.33064	0.083858	0.52902	0.76093	0.84828	0.87328	0.75093	0.414	-0.030516	-0.54409	-0.93252	-1.0503	-0.9468	-0.77776	-0.53466	-0.36987	-0.2328	0.02428	0.1741	0.20399	-0.79436
867.41	0.15488	0.12339	-0.080286	-0.25022	-0.41672	-0.54506	-0.84324	-0.88202	-0.92504	-0.76	-0.35098	0.078447	0.55217	0.78732	0.87829	0.86754	0.75423	0.4299	-0.022457	-0.53563	-0.92705	-1.0481	-0.91442	-0.75311	-0.52882	-0.36165	-0.20921	0.018608	0.17966	0.18863	-0.81683
866.77	0.17807	0.11537	-0.085292	-0.2454	-0.39591	-0.52242	-0.74951	-0.90224	-0.91875	-0.78074	-0.32528	0.089618	0.54074	0.78276	0.8712	0.88255	0.74014	0.42237	-0.044269	-0.5435	-0.94348	-1.0561	-0.94034	-0.77256	-0.52942	-0.35198	-0.21182	0.030583	0.19742	0.21302	-0.77511
865.71	0.18726	0.10882	-0.10921	-0.23146	-0.39068	-0.52897	-0.74907	-0.90528	-0.93023	-0.78007	-0.33176	0.10109	0.53437	0.76545	0.85854	0.87439	0.75872	0.40504	-0.051269	-0.55734	-0.9465	-1.0505	-0.9453	-0.78064	-0.54228	-0.35918	-0.21346	0.022867	0.18525	0.20472	-0.81041
866.77	0.17457	0.14864	-0.062809	-0.2452	-0.41351	-0.52077	-0.71786	-0.88982	-0.92563	-0.76776	-0.3273	0.099232	0.54073	0.78069	0.86718	0.87866	0.76869	0.42405	-0.036073	-0.54552	-0.92448	-1.0526	-0.90237	-0.77552	-0.51133	-0.35029	-0.18893	0.029371	0.17413	0.20597	-0.8072
867.84	0.18639	0.12825	-0.078479	-0.22759	-0.39189	-0.52389	-0.75786	-0.88325	-0.90709	-0.7667	-0.32274	0.097261	0.55707	0.76901	0.87564	0.87577	0.74274	0.42722	-0.034363	-0.53941	-0.93369	-1.0462	-0.92475	-0.75792	-0.53055	-0.35992	-0.21966	0.040009	0.19549	0.20223	-0.82646
869.34	0.17232	0.15302	-0.069322	-0.21168	-0.3912	-0.5227	-0.7355	-0.88517	-0.90388	-0.75085	-0.3102	0.089666	0.54261	0.78198	0.87981	0.89055	0.76664	0.41134	-0.029487	-0.5438	-0.92167	-1.0439	-0.91065	-0.74617	-0.5065	-0.39831	-0.18525	0.058666	0.19516	0.22119	-0.8393
868.91	0.16526	0.14309	-0.071366	-0.27777	-0.41245	-0.53816	-0.75283	-0.8909	-0.93328	-0.76012	-0.31224	0.098872	0.53425	0.78258	0.87096	0.88182	0.75976	0.43076	-0.039188	-0.52564	-0.93409	-1.0362	-0.94311	-0.76355	-0.55285	-0.34916	-0.19562	0.032487	0.18819	0.20904	-0.8393
869.98	0.17723	0.11477	-0.040971	-0.25474	-0.38701	-0.53177	-0.71014	-0.88984	-0.92885	-0.76095	-0.33156	0.085941	0.54378	0.77418	0.86778	0.86817	0.74606	0.43196	-0.0409	-0.5415	-0.94659	-1.0366	-0.94564	-0.75787	-0.51913	-0.35249	-0.21561	0.050643	0.18253	0.19989	-0.81362
869.77	0.16836	0.13445	-0.064096	-0.2444	-0.39094	-0.53771	-0.75326	-0.89363	-0.91703	-0.76306	-0.33383	0.085924	0.54219	0.77432	0.87733	0.85942	0.75351	0.39752	-0.042561	-0.549	-0.94177	-1.0366	-0.9456	-0.76971	-0.55055	-0.36087	-0.23924	0.020089	0.18801	0.21906	-0.81683
869.77	0.19481	0.1193	-0.083829	-0.26005	-0.41975	-0.50548	-0.73853	-0.89186	-0.9239	-0.75925	-0.31977	0.10608	0.52845	0.77422	0.86597	0.89332	0.77136	0.40909	-0.045854	-0.54894	-0.92616	-1.0504	-0.94209	-0.80191	-0.51626	-0.36125	-0.24612	0.00028946	0.19152	0.20701	-0.81362
869.76	0.17714	0.1362	-0.064221	-0.25664	-0.43485	-0.55294	-0.7336	-0.88298	-0.92898	-0.78502	-0.32785	0.076468	0.53362	0.75826	0.85657	0.85774	0.7461	0.41275	-0.045821	-0.54523	-0.95381	-1.0435	-0.92619	-0.7681	-0.51945	-0.3949	-0.20898	0.035512	0.19144	0.21197	-0.84892
869.76	0.1823	0.12111	-0.069638	-0.23415	-0.4045	-0.52468	-0.75213	-0.89002	-0.92586	-0.765	-0.34388	0.08751	0.52835	0.77059	0.86396	0.85946	0.75161	0.40334	-0.046088	-0.56014	-0.94355	-1.0573	-0.91786	-0.77177	-0.53286	-0.35255	-0.2037	0.015397	0.18257	0.20674	-0.8072
870.4	0.1915	0.11122	-0.096023	-0.24619	-0.36004	-0.54721	-0.77995	-0.9108	-0.90974	-0.76063	-0.32187	0.085614	0.51777	0.7917	0.87308	0.87133	0.73326	0.4164	-0.052329	-0.53555	-0.94452	-1.0532	-0.95203	-0.76416	-0.5334	-0.3607	-0.21075	0.034133	0.19283	0.19817	-0.82967
870.19	0.18243	0.13457	-0.1033	-0.27183	-0.41949	-0.51645	-0.74675	-0.89674	-0.9218	-0.76056	-0.30187	0.093275	0.53689	0.76865	0.87525	0.88606	0.75147	0.40732	-0.070581	-0.55419	-0.93262	-1.0602	-0.92408	-0.78128	-0.52041	-0.36875	-0.22746	0.027974	0.17379	0.21219	-0.82967
869.97	0.15089	0.14283	-0.074768	-0.23061	-0.41196	-0.52977	-0.79282	-0.87923	-0.91019	-0.77039	-0.334	0.098631	0.54891	0.77597	0.85842	0.87018	0.73531	0.40351	-0.052488	-0.57257	-0.94987	-1.0605	-0.92642	-0.78481	-0.54245	-0.41104	-0.20016	0.029627	0.15958	0.18944	-0.85213
870.19	0.16472	0.099282	-0.091058	-0.24109	-0.37158	-0.54143	-0.74623	-0.88286	-0.89137	-0.76859	-0.32619	0.083443	0.5505	0.77924	0.8752	0.88585	0.73882	0.42462	-0.049097	-0.55976	-0.95717	-1.0638	-0.93652	-0.77607	-0.55059	-0.38308	-0.20555	0.017099	0.18596	0.20828	-0.84571
870.83	0.15541	0.13582	-0.093082	-0.25318	-0.41686	-0.53303	-0.654	-0.90351	-0.92183	-0.78414	-0.33157	0.068941	0.53967	0.76786	0.87852	0.87797	0.75786	0.39309	-0.035872	-0.55754	-0.94608	-1.0565	-0.94149	-0.7574	-0.52068	-0.37756	-0.25776	-0.0062724	0.17357	0.18931	-0.83288
870.19	0.15223	0.12674	-0.0924	-0.27713	-0.40201	-0.54142	-0.71048	-0.88447	-0.9322	-0.79026	-0.34795	0.094935	0.53479	0.76859	0.86152	0.87868	0.76563	0.403	-0.057647	-0.56731	-0.95517	-1.0585	-0.94193	-0.78341	-0.52469	-0.37399	-0.20734	0.011152	0.19117	0.20861	-0.83609
871.26	0.16609	0.10233	-0.081576	-0.25971	-0.40361	-0.5499	-0.80295	-0.89583	-0.91903	-0.78195	-0.3452	0.076428	0.53088	0.76963	0.86062	0.87408	0.73603	0.41204	-0.050645	-0.55175	-0.96262	-1.0743	-0.92816	-0.78702	-0.54564	-0.3877	-0.22383	0.014108	0.18034	0.21202	-0.82967
872.11	0.16448	0.074683	-0.085435	-0.25913	-0.38569	-0.5326	-0.69303	-0.8878	-0.91461	-0.78075	-0.33654	0.076348	0.52379	0.76888	0.86402	0.85378	0.74977	0.38677	-0.052057	-0.56946	-0.95964	-1.0832	-0.92909	-0.75861	-0.51301	-0.36789	-0.22832	0.00033994	0.1789	0.18899	-0.8425
873.18	0.20122	0.11418	-0.078282	-0.24323	-0.37969	-0.5148	-0.73502	-0.90073	-0.9356	-0.78008	-0.32857	0.07999	0.51627	0.7607	0.86075	0.88083	0.75442	0.40396	-0.061993	-0.55956	-0.9398	-1.0426	-0.94544	-0.78209	-0.54026	-0.38284	-0.19762	-0.016644	0.18194	0.20609	-0.85213
874.25	0.1554	0.1623	-0.060303	-0.27079	-0.41564	-0.53477	-0.77566	-0.88905	-0.92597	-0.79	-0.35383	0.088994	0.53085	0.75789	0.84447	0.85697	0.75315	0.41067	-0.058818	-0.56447	-0.9471	-1.0772	-0.93157	-0.76383	-0.50324	-0.33227	-0.22313	0.0014516	0.17285	0.1885	-0.83609
874.89	0.14803	0.13205	-0.11326	-0.24964	-0.42454	-0.54377	-0.75884	-0.87764	-0.92869	-0.76765	-0.33386	0.068712	0.52699	0.76249	0.8457	0.85261	0.72395	0.3913	-0.049024	-0.56033	-0.95504	-1.0798	-0.92252	-0.78016	-0.55226	-0.38734	-0.23465	0.039719	0.17985	0.20218	-0.86497
877.03	0.16182	0.11371	-0.095307	-0.26826	-0.39706	-0.52935	-0.72422	-0.89504	-0.91793	-0.75489	-0.34092	0.075952	0.52396	0.76071	0.87007	0.87521	0.73825	0.41326	-0.050512	-0.54806	-0.94068	-1.0585	-0.93772	-0.7735	-0.56046	-0.36304	-0.22389	0.0046343	0.16519	0.18806	-0.85213
877.88	0.1634	0.14171	-0.095085	-0.26432	-0.41755	-0.50447	-0.68038	-0.90306	-0.92549	-0.77951	-0.33858	0.08316	0.52698	0.74765	0.8428	0.86559	0.75717	0.4015	-0.068388	-0.56021	-0.94993	-1.0371	-0.93852	-0.74395	-0.52266	-0.36927	-0.20354	0.0078324	0.16535	0.20677	-0.85855
878.73	0.1632	0.12169	-0.088151	-0.25896	-0.41332	-0.54334	-0.79675	-0.88271	-0.91624	-0.77144	-0.34222	0.07771	0.53835	0.75048	0.83833	0.85071	0.72993	0.40112	-0.070024	-0.57244	-0.95599	-1.0683	-0.92524	-0.76864	-0.53343	-0.37407	-0.19116	0.016866	0.17905	0.18086	-0.87459
879.59	0.16153	0.12012	-0.079194	-0.23461	-0.38832	-0.53176	-0.73335	-0.88015	-0.92366	-0.77623	-0.32237	0.06661	0.51743	0.76041	0.86381	0.86395	0.71657	0.39105	-0.073262	-0.55742	-0.95006	-1.0741	-0.93708	-0.75968	-0.53171	-0.39185	-0.21332	0.016752	0.18228	0.20803	-0.86176
880.23	0.17186	0.12795	-0.084356	-0.25511	-0.39205	-0.507	-0.72766	-0.88824	-0.91294	-0.75773	-0.33583	0.088426	0.52906	0.76703	0.84615	0.86693	0.73383	0.3872	-0.063487	-0.56063	-0.94078	-1.0634	-0.94135	-0.75887	-0.50043	-0.36835	-0.20976	0.021343	0.16991	0.21312	-0.88422
878.52	0.17562	0.13181	-0.065112	-0.27134	-0.41175	-0.52295	-0.77894	-0.88842	-0.9216	-0.76823	-0.32051	0.10119	0.51987	0.75956	0.85001	0.88088	0.73534	0.39371	-0.068318	-0.55795	-0.94078	-1.0517	-0.95375	-0.76863	-0.50258	-0.34389	-0.19181	0.018285	0.19135	0.23102	-0.86176
876.81	0.16546	0.13686	-0.10048	-0.25259	-0.4046	-0.56203	-0.68812	-0.89348	-0.90132	-0.76967	-0.33108	0.088644	0.54149	0.77008	0.85722	0.84579	0.7387	0.38695	-0.07	-0.57364	-0.95827	-1.0487	-0.91846	-0.77675	-0.58483	-0.35794	-0.18026	0.036807	0.17246	0.18816	-0.87139
876.6	0.16364	0.12052	-0.070248	-0.27507	-0.41796	-0.52393	-0.81585	-0.89383	-0.92521	-0.74459	-0.31372	0.070262	0.53609	0.76117	0.8763	0.85105	0.73163	0.38295	-0.057057	-0.55747	-0.95483	-1.0795	-0.96134	-0.82065	-0.53165	-0.37458	-0.20741	0.018361	0.18475	0.20535	-0.8778
876.38	0.17619	0.11705	-0.088166	-0.27553	-0.41451	-0.55831	-0.68863	-0.8958	-0.93395	-0.75895	-0.31558	0.096135	0.52955	0.77044	0.84822	0.86894	0.73716	0.4003	-0.076794	-0.56473	-0.94835	-1.0645	-0.94572	-0.80471	-0.54453	-0.37327	-0.21238	0.015058	0.17065	0.19507	-0.85855
875.74	0.14775	0.13371	-0.070786	-0.27182	-0.42991	-0.55878	-0.72339	-0.89483	-0.91603	-0.77236	-0.32762	0.079901	0.52479	0.76013	0.84488	0.86433	0.7397	0.38915	-0.068544	-0.57083	-0.95745	-1.0568	-0.95347	-0.78638	-0.53348	-0.39027	-0.2158	-0.010866	0.18139	0.21276	-0.88422
873.18	0.15366	0.13574	-0.088661	-0.25554	-0.4103	-0.51256	-0.75538	-0.8901	-0.91663	-0.75823	-0.32645	0.082005	0.55733	0.78767	0.87026	0.85973	0.71856	0.4039	-0.057374	-0.57606	-0.9622	-1.0804	-0.92617	-0.75147	-0.55012	-0.36785	-0.19097	0.027534	0.16241	0.21172	-0.90347
872.54	0.17529	0.10766	-0.092201	-0.29059	-0.38579	-0.52085	-0.75923	-0.90506	-0.9212	-0.75513	-0.31695	0.096619	0.53896	0.78481	0.86715	0.88181	0.73872	0.39254	-0.060685	-0.56566	-0.96299	-1.0645	-0.95158	-0.80844	-0.53409	-0.36321	-0.2166	0.0032363	0.17861	0.21181	-0.90347
870.83	0.1716	0.13117	-0.096104	-0.28236	-0.43825	-0.53133	-0.75118	-0.90169	-0.91948	-0.75881	-0.30973	0.10769	0.54659	0.76812	0.87629	0.87635	0.76146	0.3872	-0.074369	-0.57247	-0.94948	-1.07	-0.93967	-0.78056	-0.54772	-0.35857	-0.20724	0.029099	0.16461	0.20706	-0.91309
870.83	0.16801	0.14564	-0.064205	-0.26179	-0.39061	-0.52395	-0.75795	-0.87646	-0.91945	-0.75675	-0.34341	0.10218	0.55023	0.76433	0.86114	0.8566	0.74176	0.39874	-0.079226	-0.57992	-0.9807	-1.0752	-0.94119	-0.77927	-0.53531	-0.36914	-0.19728	0.01208	0.1841	0.19134	-0.90668
869.76	0.15423	0.10298	-0.096215	-0.27396	-0.39471	-0.54353	-0.73003	-0.90096	-0.90843	-0.77773	-0.32975	0.080347	0.54744	0.78722	0.88124	0.87186	0.73178	0.41468	-0.06604	-0.56587	-0.98675	-1.0918	-0.96525	-0.76865	-0.54737	-0.37284	-0.19899	0.0045407	0.17006	0.19832	-0.90989
868.48	0.17419	0.12502	-0.08741	-0.25321	-0.40889	-0.54652	-0.79599	-0.91281	-0.93188	-0.76058	-0.31428	0.095481	0.54342	0.76319	0.89022	0.86429	0.74734	0.37872	-0.067867	-0.57384	-0.97622	-1.0879	-0.97012	-0.79967	-0.52998	-0.3885	-0.21581	0.021484	0.17575	0.20577	-0.92272
865.71	0.16064	0.14028	-0.071466	-0.28077	-0.44269	-0.55169	-0.80108	-0.9014	-0.93684	-0.77021	-0.32914	0.097622	0.56749	0.77271	0.87011	0.87601	0.7441	0.397	-0.064809	-0.58332	-0.97593	-1.0727	-0.932	-0.78023	-0.53961	-0.39316	-0.21488	-0.0011436	0.16408	0.1925	-0.90668
864.64	0.14282	0.098552	-0.10029	-0.25588	-0.42223	-0.56576	-0.74629	-0.91158	-0.93254	-0.79285	-0.32349	0.086691	0.55969	0.77568	0.85983	0.87529	0.74334	0.38615	-0.083149	-0.59303	-0.97866	-1.1032	-0.96376	-0.81186	-0.53886	-0.40749	-0.21178	0.01359	0.15867	0.19777	-0.92272
864.43	0.15161	0.11376	-0.10021	-0.27742	-0.42044	-0.53913	-0.77955	-0.90262	-0.92766	-0.76203	-0.33953	0.084748	0.54924	0.78456	0.87919	0.86645	0.73995	0.40364	-0.061447	-0.57835	-0.98754	-1.093	-0.94436	-0.81873	-0.55197	-0.39722	-0.20315	0.023139	0.16942	0.18035	-0.92272
865.92	0.16046	0.10837	-0.094598	-0.27345	-0.41169	-0.54387	-0.75495	-0.89396	-0.92441	-0.76259	-0.32121	0.10498	0.53947	0.76346	0.87944	0.87756	0.75134	0.39341	-0.077774	-0.56244	-0.96829	-1.0823	-0.95157	-0.82395	-0.54794	-0.39661	-0.19961	0.00027127	0.16033	0.1888	-0.89385
865.49	0.15507	0.11015	-0.075111	-0.27867	-0.4158	-0.56899	-0.6984	-0.90148	-0.9317	-0.78855	-0.34519	0.086533	0.54835	0.7656	0.86263	0.87085	0.75336	0.38793	-0.076076	-0.59595	-0.96719	-1.095	-0.95946	-0.79563	-0.54155	-0.39503	-0.21848	0.0020318	0.16953	0.19761	-0.90989
864.21	0.16247	0.11058	-0.10382	-0.232	-0.42227	-0.55644	-0.76206	-0.90806	-0.91424	-0.77499	-0.33574	0.097779	0.55275	0.8083	0.88308	0.87404	0.74745	0.40419	-0.051137	-0.57653	-0.98248	-1.0914	-0.9356	-0.78504	-0.55072	-0.375	-0.20672	0.021779	0.18756	0.20121	-0.94197
864	0.17671	0.10709	-0.073616	-0.29846	-0.41682	-0.53171	-0.7799	-0.91201	-0.95404	-0.78104	-0.32598	0.093992	0.53716	0.77777	0.88328	0.89396	0.7441	0.3943	-0.086354	-0.56005	-0.98977	-1.0797	-0.97202	-0.81083	-0.52608	-0.37199	-0.19817	0.010789	0.19095	0.18579	-0.88422
863.57	0.13755	0.13048	-0.10225	-0.28628	-0.42452	-0.56236	-0.73862	-0.91069	-0.93046	-0.79592	-0.33602	0.097722	0.5357	0.78346	0.87217	0.86564	0.76422	0.40992	-0.0679	-0.58258	-0.98312	-1.0854	-0.97588	-0.80611	-0.54271	-0.37713	-0.21571	0.0047721	0.16805	0.1788	-0.92593
865.28	0.15867	0.11679	-0.094836	-0.25436	-0.4313	-0.55943	-0.78562	-0.91606	-0.93219	-0.78347	-0.35146	0.084418	0.55178	0.76924	0.87047	0.87115	0.7484	0.39195	-0.071093	-0.57566	-0.96377	-1.0951	-0.97379	-0.80264	-0.53351	-0.36968	-0.20463	0.00016398	0.16401	0.19425	-0.91951
868.06	0.16336	0.10284	-0.09444	-0.28668	-0.42429	-0.54235	-0.67753	-0.90768	-0.93414	-0.77557	-0.33266	0.080333	0.53977	0.77419	0.86587	0.85769	0.7389	0.39074	-0.058991	-0.56256	-0.9763	-1.0728	-0.94912	-0.80018	-0.5449	-0.40053	-0.22473	0.041541	0.17948	0.18469	-0.89705
871.47	0.17164	0.13909	-0.10488	-0.28721	-0.42439	-0.54209	-0.7855	-0.91306	-0.94081	-0.76872	-0.32141	0.092917	0.5376	0.75849	0.88145	0.87202	0.74486	0.37381	-0.072053	-0.55315	-0.96039	-1.0839	-0.96	-0.78506	-0.56222	-0.35846	-0.23227	0.018486	0.18066	0.20647	-0.91951
873.82	0.14291	0.12728	-0.077883	-0.27605	-0.4137	-0.55027	-0.75307	-0.90019	-0.94174	-0.77235	-0.33248	0.11091	0.52919	0.77963	0.86755	0.8643	0.74281	0.39004	-0.076911	-0.58294	-0.96311	-1.0709	-0.94811	-0.78974	-0.55119	-0.38126	-0.20614	-0.0046039	0.16587	0.17154	-0.88743
876.17	0.14782	0.10205	-0.077945	-0.25635	-0.40899	-0.55433	-0.72819	-0.89068	-0.92228	-0.78304	-0.33558	0.07577	0.54647	0.78282	0.86905	0.85855	0.741	0.39287	-0.063524	-0.56656	-0.97585	-1.0579	-0.94966	-0.7946	-0.54325	-0.39	-0.2108	0.013898	0.18664	0.2002	-0.88743
878.73	0.17394	0.12827	-0.1056	-0.27069	-0.41567	-0.53804	-0.80716	-0.90596	-0.92814	-0.76672	-0.32696	0.088193	0.5298	0.76816	0.86825	0.85617	0.73337	0.38625	-0.074861	-0.57421	-0.96641	-1.0872	-0.94148	-0.77593	-0.52883	-0.38684	-0.23716	0.013701	0.18056	0.19117	-0.90347
881.07	0.15196	0.11715	-0.078058	-0.28276	-0.42731	-0.53053	-0.69962	-0.88427	-0.93937	-0.77712	-0.33372	0.091641	0.54207	0.76464	0.84209	0.8576	0.74073	0.39251	-0.071385	-0.57808	-0.96755	-1.0592	-0.96202	-0.79049	-0.55013	-0.37024	-0.23267	-0.021592	0.16608	0.17697	-0.92272
884.49	0.15332	0.11116	-0.085609	-0.2611	-0.42815	-0.55161	-0.73154	-0.9001	-0.93265	-0.77618	-0.32718	0.091356	0.54471	0.73671	0.83865	0.85052	0.72364	0.36448	-0.085873	-0.58719	-0.95028	-1.077	-0.94968	-0.80944	-0.54302	-0.38657	-0.24439	-0.0060539	0.16354	0.19797	-0.9131
