36601	30	11	88	29.3	742	3	39	-40	-268.4	256	8192	5	0	0	0	0	550.05	1021.4	1.4533e+006	0.12146	-0.030425	42.341	0	0	1	0	0	0	9	0	0
778.98	-0.80483	-0.79558	-0.8418	-0.85035	-0.81694	-0.80726	-0.75862	-0.75832	-0.70203	-1.2645	-3.1067	-4.0339	-4.4316	-4.1722	-3.6947	-2.8298	-2.1563	-0.97382	0.050215	0.75938	1.1076	0.99879	0.73936	0.47655	0.25009	0.12298	-0.048182	-0.2516	-0.50545	-0.58069	38.572
774.69	-0.81805	-0.81586	-0.83939	-0.87648	-0.82602	-0.82943	-0.75041	-0.76286	-0.79153	-1.2514	-3.0076	-4.0225	-4.4788	-4.1927	-3.7298	-2.8314	-2.1797	-0.98766	0.037474	0.76147	1.1307	1.006	0.72924	0.47689	0.26341	0.12121	-0.028014	-0.26571	-0.5193	-0.60303	38.589
773.19	-0.80126	-0.8243	-0.87172	-0.89446	-0.84736	-0.83145	-0.77629	-0.7664	-0.79389	-1.27	-2.9474	-4.0591	-4.4841	-4.2128	-3.7352	-2.855	-2.1822	-0.98134	0.049098	0.79583	1.0965	1.0018	0.71852	0.48325	0.23614	0.089373	-0.070843	-0.27822	-0.52185	-0.6314	38.553
773.62	-0.84325	-0.79602	-0.85463	-0.8646	-0.8558	-0.84343	-0.76599	-0.79286	-0.71503	-1.1937	-2.9279	-4.0501	-4.4779	-4.2112	-3.7311	-2.8555	-2.1785	-1.0003	0.048674	0.78679	1.0957	0.99222	0.71208	0.47332	0.242	0.095378	-0.058048	-0.28847	-0.54137	-0.65831	38.519
773.62	-0.83614	-0.82391	-0.83914	-0.86926	-0.84537	-0.80024	-0.78351	-0.75746	-0.72432	-1.2051	-3.0359	-4.0286	-4.4792	-4.2047	-3.7394	-2.8616	-2.1889	-0.98766	0.052094	0.77224	1.0995	0.9847	0.7399	0.50565	0.26195	0.11037	-0.05115	-0.26219	-0.52754	-0.66243	38.558
772.33	-0.82735	-0.83831	-0.85015	-0.83007	-0.82779	-0.79462	-0.79904	-0.75179	-0.72909	-1.2346	-2.6296	-4.047	-4.4762	-4.2075	-3.7152	-2.8439	-2.1561	-0.96304	0.076471	0.77824	1.1076	1.0038	0.7497	0.49527	0.2612	0.12036	-0.047116	-0.24541	-0.53645	-0.61363	38.561
770.18	-0.83393	-0.81555	-0.82304	-0.78879	-0.7919	-0.79213	-0.75103	-0.73819	-0.71266	-1.2721	-2.5976	-4.0401	-4.4815	-4.1933	-3.7094	-2.8259	-2.1501	-0.95687	0.082512	0.82186	1.1283	1.0121	0.74968	0.51599	0.27289	0.13204	-0.027797	-0.25986	-0.51201	-0.63476	38.541
769.11	-0.79916	-0.8265	-0.79394	-0.82076	-0.82097	-0.81576	-0.75123	-0.75913	-0.72652	-1.2923	-3.0612	-4.0401	-4.4742	-4.1967	-3.7269	-2.8256	-2.1491	-0.96516	0.077313	0.79769	1.1293	1.0148	0.74662	0.49366	0.26211	0.13195	-0.048224	-0.27438	-0.5406	-0.64576	38.55
770.62	-0.8012	-0.79439	-0.79481	-0.86038	-0.84324	-0.8298	-0.77969	-0.75187	-0.72333	-1.2897	-2.9785	-4.0667	-4.4477	-4.1762	-3.6914	-2.8367	-2.1452	-0.95898	0.080242	0.79834	1.1096	1.0033	0.75479	0.48855	0.26153	0.11618	-0.038256	-0.25658	-0.51375	-0.64059	38.485
772.76	-0.78482	-0.78786	-0.83809	-0.72763	-0.80205	-0.78331	-0.76586	-0.75959	-0.72347	-1.2244	-2.942	-4.0248	-4.4428	-4.1529	-3.6838	-2.8107	-2.1333	-0.98647	0.077937	0.78966	1.1065	0.98903	0.72491	0.48694	0.24572	0.094865	-0.079796	-0.29054	-0.50624	-0.60541	38.443
774.91	-0.77414	-0.76522	-0.79558	-0.74727	-0.77228	-0.78127	-0.75119	-0.7538	-0.7156	-1.2138	-2.6397	-3.9954	-4.4308	-4.1326	-3.6775	-2.7887	-2.1494	-0.96411	0.074389	0.78765	1.1014	0.99	0.70893	0.47595	0.23232	0.12129	-0.05873	-0.27063	-0.4927	-0.58984	38.401
775.12	-0.74007	-0.75153	-0.7896	-0.77537	-0.78938	-0.7584	-0.7696	-0.73224	-0.72523	-1.2503	-2.7493	-3.9902	-4.407	-4.132	-3.6748	-2.8021	-2.1413	-0.96213	0.080036	0.78711	1.1029	0.98753	0.71672	0.48017	0.23591	0.10612	-0.060772	-0.28984	-0.48807	-0.59747	38.356
776.41	-0.71077	-0.75376	-0.75432	-0.75655	-0.74499	-0.75474	-0.71263	-0.7046	-0.75823	-1.2474	-2.8464	-3.9585	-4.3857	-4.083	-3.6367	-2.7475	-2.0873	-0.89996	0.1204	0.81468	1.1226	0.99785	0.74512	0.48521	0.25729	0.092579	-0.066371	-0.26473	-0.49899	-0.56919	38.241
779.42	-0.7045	-0.73832	-0.73523	-0.74392	-0.75251	-0.78179	-0.7412	-0.75341	-0.74577	-1.2483	-3.3241	-3.939	-4.3515	-4.0811	-3.576	-2.7252	-2.0795	-0.91827	0.093767	0.79057	1.11	0.97435	0.69257	0.44871	0.22529	0.094007	-0.07374	-0.27403	-0.4759	-0.56135	38.109
782.85	-0.69796	-0.71122	-0.74056	-0.78935	-0.76903	-0.72624	-0.7272	-0.7445	-0.73912	-1.2059	-3.0702	-3.8888	-4.3017	-4.0211	-3.5559	-2.6778	-2.0465	-0.89287	0.10819	0.7913	1.1052	0.9703	0.69767	0.43381	0.21706	0.069023	-0.078942	-0.26944	-0.49716	-0.55893	37.948
785.85	-0.70501	-0.7137	-0.74776	-0.72626	-0.71887	-0.76259	-0.73921	-0.73026	-0.70732	-1.2575	-2.8821	-3.8496	-4.2458	-3.9349	-3.494	-2.6265	-1.9891	-0.8641	0.13704	0.79656	1.0725	0.9666	0.70083	0.44331	0.1908	0.042558	-0.082366	-0.30298	-0.47971	-0.57	37.815
787.78	-0.66821	-0.69384	-0.73038	-0.71534	-0.73431	-0.74017	-0.71752	-0.69671	-0.69791	-1.1637	-2.7176	-3.8132	-4.1751	-3.8817	-3.4309	-2.5905	-1.9468	-0.81718	0.16789	0.83362	1.108	0.95869	0.68534	0.42933	0.21047	0.072528	-0.071066	-0.27107	-0.48072	-0.54387	37.679
788.85	-0.67672	-0.66845	-0.72126	-0.72172	-0.74802	-0.71366	-0.68502	-0.65938	-0.67426	-1.1496	-2.9813	-3.7743	-4.1317	-3.851	-3.3699	-2.5362	-1.8947	-0.7949	0.17121	0.83018	1.0909	0.93638	0.68042	0.40409	0.19897	0.045885	-0.10854	-0.27756	-0.472	-0.55623	37.458
789.49	-0.6861	-0.70137	-0.71896	-0.74823	-0.70591	-0.71177	-0.68071	-0.66787	-0.6874	-1.1846	-3.1182	-3.747	-4.119	-3.8142	-3.3464	-2.4931	-1.8638	-0.74772	0.18925	0.8516	1.1074	0.92662	0.65033	0.39805	0.16628	0.047741	-0.12324	-0.2913	-0.4936	-0.56942	37.211
790.57	-0.70001	-0.71316	-0.72972	-0.73935	-0.71734	-0.69792	-0.68504	-0.69018	-0.64493	-1.2218	-3.1121	-3.7478	-4.0757	-3.7697	-3.3081	-2.4645	-1.814	-0.72333	0.21821	0.82826	1.064	0.9009	0.62398	0.35876	0.13207	0.0051985	-0.13823	-0.33329	-0.52156	-0.60461	36.945
791.85	-0.70501	-0.7083	-0.73031	-0.74443	-0.72244	-0.70886	-0.67284	-0.65728	-0.63898	-1.1875	-2.9453	-3.7173	-4.0485	-3.7245	-3.263	-2.4213	-1.7796	-0.68655	0.22121	0.83692	1.0567	0.89366	0.6231	0.34677	0.12105	-0.028341	-0.15275	-0.34794	-0.49143	-0.60567	36.736
791.64	-0.68573	-0.6922	-0.72858	-0.71549	-0.70165	-0.73209	-0.65277	-0.66881	-0.69828	-1.2312	-2.7204	-3.6998	-4.0079	-3.6995	-3.2367	-2.3771	-1.7523	-0.65446	0.24167	0.84323	1.0607	0.86975	0.57854	0.31731	0.081315	-0.045151	-0.17708	-0.35468	-0.52464	-0.5832	36.461
789.07	-0.71331	-0.69452	-0.71124	-0.71204	-0.70365	-0.69454	-0.65661	-0.67123	-0.69309	-1.2722	-3.2469	-3.6982	-4.0041	-3.6803	-3.1822	-2.3494	-1.7071	-0.63744	0.25866	0.85215	1.0434	0.85761	0.56079	0.30903	0.072696	-0.069446	-0.19846	-0.37778	-0.53253	-0.60236	36.17
786.71	-0.68431	-0.6966	-0.6923	-0.71628	-0.68858	-0.67391	-0.61495	-0.62433	-0.65114	-1.3105	-3.0853	-3.6672	-3.9564	-3.5906	-3.1438	-2.2641	-1.6528	-0.5886	0.29968	0.86903	1.0429	0.83959	0.55628	0.2706	0.054917	-0.080912	-0.2161	-0.39452	-0.53229	-0.60572	35.881
785.42	-0.6815	-0.70147	-0.68118	-0.71352	-0.71989	-0.66085	-0.65072	-0.61758	-0.64573	-1.3716	-3.2556	-3.6329	-3.8879	-3.534	-3.0611	-2.2313	-1.5826	-0.54295	0.33293	0.87238	1.0292	0.82778	0.52367	0.25611	0.031059	-0.090029	-0.23515	-0.40687	-0.57439	-0.62052	35.513
784.13	-0.67838	-0.68211	-0.68031	-0.68776	-0.68063	-0.65504	-0.60196	-0.57299	-0.63919	-1.4133	-3.092	-3.5878	-3.835	-3.4818	-3.0051	-2.172	-1.5333	-0.51561	0.35394	0.87155	1.0177	0.81452	0.51708	0.23974	0.0042525	-0.10938	-0.25597	-0.40916	-0.55547	-0.61043	35.094
783.27	-0.65641	-0.66129	-0.65787	-0.66201	-0.62387	-0.62082	-0.57903	-0.56479	-0.62174	-1.4479	-3.27	-3.5474	-3.7752	-3.3962	-2.9178	-2.0603	-1.4562	-0.43782	0.38886	0.91761	1.0551	0.81863	0.50386	0.22277	0.0041193	-0.10727	-0.24141	-0.40141	-0.54282	-0.54537	34.723
783.06	-0.65581	-0.65888	-0.62869	-0.61114	-0.63517	-0.6208	-0.55589	-0.57062	-0.61071	-1.412	-3.3573	-3.5239	-3.6984	-3.3184	-2.8326	-1.9721	-1.3849	-0.35014	0.45008	0.95242	1.0417	0.8023	0.50579	0.23595	0.013046	-0.10803	-0.2435	-0.40337	-0.50925	-0.5493	34.368
783.27	-0.59688	-0.58895	-0.59512	-0.59298	-0.61586	-0.56616	-0.53715	-0.54197	-0.5931	-1.4342	-2.8615	-3.4662	-3.6186	-3.2164	-2.7395	-1.871	-1.2855	-0.27587	0.50112	0.98912	1.0396	0.80197	0.50541	0.20768	0.002445	-0.11334	-0.23779	-0.39063	-0.51495	-0.54054	33.964
783.7	-0.5632	-0.58675	-0.55972	-0.57599	-0.56822	-0.5847	-0.54096	-0.48373	-0.57697	-1.4139	-3.0303	-3.3919	-3.5368	-3.1179	-2.6537	-1.8069	-1.2131	-0.22934	0.54151	0.98475	1.0492	0.77551	0.46693	0.19923	-0.0084365	-0.13192	-0.26581	-0.39089	-0.50452	-0.5364	33.565
784.98	-0.57757	-0.58391	-0.58393	-0.5388	-0.55325	-0.55091	-0.50531	-0.5223	-0.51932	-1.415	-2.9479	-3.372	-3.4837	-3.0428	-2.567	-1.7387	-1.1456	-0.18383	0.57414	0.98359	1.0193	0.74972	0.44861	0.17385	-0.047758	-0.15024	-0.25177	-0.4068	-0.49392	-0.55738	33.105
787.34	-0.57042	-0.58101	-0.58434	-0.55926	-0.54932	-0.56384	-0.513	-0.49299	-0.58833	-1.4155	-2.9619	-3.3105	-3.3989	-2.9519	-2.472	-1.6354	-1.0449	-0.12003	0.6058	1.0029	1.014	0.73454	0.42289	0.13025	-0.078549	-0.17211	-0.28884	-0.437	-0.51766	-0.49761	32.682
787.77	-0.58022	-0.6012	-0.57984	-0.56597	-0.55365	-0.55026	-0.4486	-0.46429	-0.56076	-1.4248	-2.8766	-3.2504	-3.3104	-2.8742	-2.3925	-1.5565	-0.95234	-0.070695	0.63295	0.99433	1.0037	0.70742	0.39517	0.12069	-0.073451	-0.19287	-0.2888	-0.43446	-0.52815	-0.5153	32.251
787.99	-0.53995	-0.52786	-0.56361	-0.53445	-0.5295	-0.50197	-0.44333	-0.43872	-0.57089	-1.5027	-2.8685	-3.1981	-3.2411	-2.7584	-2.2928	-1.4657	-0.8865	-0.0088548	0.66332	0.99949	0.9883	0.66186	0.37932	0.088862	-0.10104	-0.20228	-0.30569	-0.42928	-0.47939	-0.49406	31.794
789.49	-0.53907	-0.51594	-0.57831	-0.53741	-0.52138	-0.49643	-0.45761	-0.43417	-0.55302	-1.5729	-2.7917	-3.1497	-3.1555	-2.6813	-2.206	-1.3709	-0.826	0.052832	0.69556	1.0001	0.96322	0.65444	0.3449	0.067926	-0.12595	-0.22998	-0.33906	-0.43918	-0.50519	-0.53662	31.315
792.49	-0.51345	-0.50096	-0.55948	-0.52233	-0.49435	-0.44041	-0.42283	-0.44475	-0.57818	-1.6007	-2.7348	-3.0848	-3.0775	-2.5944	-2.1137	-1.2993	-0.75322	0.07371	0.70046	0.99427	0.94077	0.61498	0.30616	0.036077	-0.13962	-0.25349	-0.34365	-0.45942	-0.5036	-0.48401	30.861
796.78	-0.52027	-0.48135	-0.51481	-0.51305	-0.48584	-0.46526	-0.43097	-0.41054	-0.55487	-1.5673	-2.6984	-3.0294	-2.9968	-2.5057	-2.0443	-1.2311	-0.69005	0.11598	0.71618	0.97692	0.90409	0.58533	0.28743	0.0133	-0.18212	-0.25394	-0.35411	-0.46168	-0.50653	-0.50054	30.362
800.63	-0.4795	-0.45751	-0.50231	-0.48672	-0.45215	-0.44058	-0.37707	-0.39318	-0.49466	-1.5148	-2.6748	-2.9729	-2.9115	-2.4211	-1.9528	-1.161	-0.62987	0.17167	0.74383	0.98628	0.8845	0.56412	0.25275	-0.0089921	-0.18483	-0.26728	-0.35885	-0.4465	-0.46138	-0.42777	29.899
803.2	-0.46167	-0.45024	-0.48366	-0.46227	-0.43363	-0.38838	-0.33538	-0.34696	-0.5509	-1.4831	-2.6151	-2.9135	-2.8351	-2.3408	-1.8721	-1.0989	-0.56356	0.2282	0.79239	1.001	0.88548	0.55656	0.26718	0.00022352	-0.17915	-0.24826	-0.35552	-0.42482	-0.45811	-0.43116	29.436
806.63	-0.43089	-0.43758	-0.45127	-0.4309	-0.39706	-0.33269	-0.35496	-0.32601	-0.57324	-1.4941	-2.5731	-2.8642	-2.7596	-2.23	-1.771	-0.99015	-0.47571	0.27746	0.81191	1.0307	0.88337	0.54535	0.23907	-0.021825	-0.18526	-0.27633	-0.3447	-0.43989	-0.46388	-0.41845	28.908
811.13	-0.44394	-0.41285	-0.43515	-0.39681	-0.36819	-0.34891	-0.32922	-0.34003	-0.61655	-1.5528	-2.5357	-2.8005	-2.6778	-2.1522	-1.704	-0.91396	-0.41887	0.34004	0.81809	1.0129	0.86736	0.51669	0.22251	-0.036433	-0.20381	-0.27674	-0.35581	-0.42206	-0.44007	-0.41082	28.409
817.12	-0.41991	-0.4176	-0.37162	-0.38	-0.33683	-0.33216	-0.33277	-0.31408	-0.57981	-1.5188	-2.5043	-2.7525	-2.5825	-2.0407	-1.6082	-0.84506	-0.36638	0.36849	0.84203	0.99946	0.8336	0.47472	0.20918	-0.049967	-0.21978	-0.2944	-0.35877	-0.3878	-0.42376	-0.38938	27.873
822.26	-0.40971	-0.40778	-0.3652	-0.35572	-0.32363	-0.32202	-0.287	-0.29139	-0.62002	-1.461	-2.453	-2.661	-2.4943	-1.955	-1.5092	-0.76622	-0.29781	0.41732	0.86185	0.99759	0.82987	0.46636	0.17813	-0.053051	-0.21435	-0.278	-0.35279	-0.40958	-0.38708	-0.38675	27.423
824.19	-0.39894	-0.38006	-0.34415	-0.3605	-0.35211	-0.30528	-0.29061	-0.27612	-0.68629	-1.6257	-2.3984	-2.6061	-2.4211	-1.8941	-1.4331	-0.6963	-0.22845	0.45463	0.88254	1.0029	0.7902	0.43045	0.14924	-0.08947	-0.24215	-0.28991	-0.35177	-0.40756	-0.38433	-0.36713	26.907
824.83	-0.36361	-0.35379	-0.3568	-0.35021	-0.34844	-0.29588	-0.28356	-0.28553	-0.703	-1.5158	-2.3891	-2.5728	-2.3567	-1.8252	-1.3664	-0.62858	-0.17214	0.50083	0.89939	0.99635	0.77511	0.41277	0.12643	-0.11449	-0.24879	-0.30554	-0.34433	-0.40157	-0.40278	-0.37069	26.41
825.25	-0.32044	-0.34826	-0.34722	-0.33585	-0.29082	-0.27871	-0.26931	-0.26261	-0.76205	-1.589	-2.3698	-2.5309	-2.294	-1.7463	-1.2738	-0.57422	-0.11758	0.51719	0.89315	1.0072	0.74168	0.37627	0.098677	-0.13423	-0.24346	-0.3204	-0.3694	-0.42018	-0.38261	-0.34166	25.931
825.69	-0.32402	-0.31464	-0.33759	-0.32168	-0.29444	-0.24823	-0.22523	-0.29436	-0.8213	-1.4729	-2.3425	-2.4906	-2.2222	-1.6886	-1.2225	-0.52068	-0.064272	0.54187	0.90534	0.96435	0.71757	0.35784	0.077807	-0.14613	-0.27632	-0.33239	-0.38556	-0.41358	-0.39684	-0.34112	25.403
826.12	-0.33114	-0.33196	-0.32414	-0.29789	-0.28651	-0.2486	-0.27779	-0.24314	-0.83874	-1.6625	-2.3306	-2.4364	-2.1861	-1.625	-1.1753	-0.48836	-0.02057	0.55527	0.91496	0.94013	0.70051	0.33238	0.045944	-0.18023	-0.30674	-0.35545	-0.39773	-0.4158	-0.41203	-0.37016	24.858
826.76	-0.32102	-0.33091	-0.31625	-0.28292	-0.27174	-0.27015	-0.24618	-0.26359	-0.87745	-1.4375	-2.3141	-2.3988	-2.1176	-1.5571	-1.1318	-0.41091	-0.0015075	0.5977	0.94046	0.95471	0.6802	0.29314	0.026925	-0.17307	-0.29638	-0.33734	-0.38996	-0.41283	-0.37389	-0.3269	24.423
826.76	-0.30459	-0.30291	-0.28642	-0.26813	-0.24588	-0.26437	-0.20453	-0.25027	-0.93063	-1.505	-2.2765	-2.3675	-2.0686	-1.5007	-1.0515	-0.36668	0.055157	0.62791	0.92993	0.94721	0.6602	0.29856	0.019488	-0.18734	-0.29797	-0.34767	-0.36453	-0.38589	-0.3514	-0.2962	23.961
825.69	-0.28634	-0.28889	-0.26603	-0.25541	-0.27053	-0.21677	-0.22321	-0.25312	-0.9346	-1.7565	-2.2587	-2.3123	-1.9989	-1.4232	-1.0049	-0.28847	0.13619	0.67757	0.9485	0.95206	0.64491	0.28442	-0.00084777	-0.19957	-0.30169	-0.34657	-0.36527	-0.40431	-0.33841	-0.30342	23.463
824.62	-0.25112	-0.25828	-0.23124	-0.25809	-0.21993	-0.19669	-0.21546	-0.26804	-0.96807	-1.7024	-2.2551	-2.2649	-1.9602	-1.3664	-0.93849	-0.24737	0.15489	0.69036	0.93751	0.92463	0.63102	0.24371	-0.015673	-0.22682	-0.32451	-0.36127	-0.36691	-0.38852	-0.33662	-0.28991	22.986
825.48	-0.26421	-0.23881	-0.23271	-0.24133	-0.22218	-0.19508	-0.22539	-0.26788	-0.98123	-2.0201	-2.2111	-2.2412	-1.8913	-1.3256	-0.86715	-0.22685	0.18709	0.6894	0.95557	0.92724	0.61221	0.22552	-0.040244	-0.23361	-0.3415	-0.37308	-0.39026	-0.41941	-0.3111	-0.27165	22.454
826.98	-0.23054	-0.20164	-0.23451	-0.23174	-0.20949	-0.20081	-0.20785	-0.29367	-1.0309	-1.8011	-2.1843	-2.1925	-1.8393	-1.2593	-0.83019	-0.16691	0.2293	0.73247	0.95712	0.90958	0.58712	0.20169	-0.049647	-0.27449	-0.34968	-0.36935	-0.38436	-0.38933	-0.33094	-0.26025	22.003
827.84	-0.23025	-0.20878	-0.21926	-0.20751	-0.20522	-0.2203	-0.18674	-0.28886	-1.0336	-1.782	-2.1714	-2.1572	-1.7653	-1.1882	-0.75112	-0.11995	0.27068	0.75997	0.96492	0.90879	0.57251	0.18891	-0.060728	-0.26507	-0.3424	-0.37057	-0.35867	-0.36785	-0.31395	-0.25265	21.511
826.77	-0.19332	-0.18432	-0.19509	-0.19155	-0.21584	-0.18504	-0.17647	-0.2462	-1.0946	-1.8444	-2.143	-2.0844	-1.6956	-1.1144	-0.69006	-0.050906	0.34052	0.79523	0.98692	0.90227	0.55686	0.16592	-0.066546	-0.27615	-0.33932	-0.35309	-0.36123	-0.34915	-0.2769	-0.21468	21.056
826.55	-0.1729	-0.17378	-0.17821	-0.21537	-0.18162	-0.15314	-0.16059	-0.32135	-1.0861	-1.772	-2.1104	-2.0324	-1.6329	-1.0392	-0.61214	0.0069989	0.38784	0.81564	0.98896	0.89065	0.52974	0.13737	-0.098281	-0.2957	-0.36176	-0.3799	-0.37726	-0.333	-0.26769	-0.19983	20.565
827.19	-0.16903	-0.17903	-0.17798	-0.18421	-0.16952	-0.12525	-0.14668	-0.33596	-1.096	-1.7457	-2.0631	-1.9882	-1.5739	-0.98557	-0.55165	0.04624	0.42323	0.83119	0.99319	0.87453	0.49845	0.10307	-0.12991	-0.28488	-0.3736	-0.37444	-0.39495	-0.35042	-0.27121	-0.21284	20.047
828.69	-0.16308	-0.16101	-0.19083	-0.17866	-0.14917	-0.15503	-0.13579	-0.36032	-1.1389	-1.7367	-2.0366	-1.9478	-1.4974	-0.91614	-0.50293	0.089258	0.43564	0.8359	0.96887	0.84207	0.46159	0.072833	-0.16882	-0.3252	-0.39013	-0.37894	-0.3961	-0.37555	-0.269	-0.16844	19.56
829.12	-0.18161	-0.17484	-0.20022	-0.16205	-0.13695	-0.12319	-0.11316	-0.43902	-1.1329	-1.7325	-2.0024	-1.8949	-1.4608	-0.84988	-0.46661	0.12627	0.46155	0.8455	0.96129	0.82829	0.4415	0.054889	-0.18009	-0.35362	-0.40546	-0.40549	-0.40292	-0.36255	-0.26504	-0.24658	19.073
828.05	-0.15751	-0.15941	-0.18176	-0.16954	-0.12726	-0.13095	-0.094233	-0.45842	-1.1459	-1.7327	-1.9802	-1.8448	-1.3995	-0.80379	-0.40502	0.17314	0.51112	0.8525	0.98195	0.81403	0.40939	0.027982	-0.21024	-0.36642	-0.41443	-0.41129	-0.39275	-0.37598	-0.2449	-0.19038	18.617
824.2	-0.13591	-0.14263	-0.13751	-0.12058	-0.093241	-0.069812	-0.069953	-0.45833	-1.185	-1.6985	-1.9371	-1.7948	-1.339	-0.73737	-0.35282	0.23417	0.54581	0.90349	0.99177	0.81182	0.39497	0.0011919	-0.20172	-0.37183	-0.41294	-0.41323	-0.3837	-0.35657	-0.25905	-0.22597	18.129
821.2	-0.13823	-0.12719	-0.11919	-0.091488	-0.081428	-0.077941	-0.071946	-0.52788	-1.1799	-1.7335	-1.9272	-1.7719	-1.2819	-0.69815	-0.29935	0.28044	0.57272	0.9293	0.9797	0.78954	0.36543	-0.020351	-0.23077	-0.39114	-0.42652	-0.42185	-0.42117	-0.335	-0.24861	-0.16231	17.604
820.99	-0.12708	-0.14151	-0.12475	-0.080593	-0.061196	-0.058111	-0.068296	-0.57158	-1.196	-1.6916	-1.8965	-1.7176	-1.2243	-0.63742	-0.22887	0.31822	0.60693	0.92958	0.97828	0.76626	0.34356	-0.058373	-0.26294	-0.39667	-0.44755	-0.42214	-0.40147	-0.36281	-0.245	-0.17232	17.117
821.63	-0.11423	-0.11696	-0.11554	-0.078772	-0.063012	-0.042333	-0.073924	-0.61648	-1.2171	-1.6923	-1.8341	-1.6285	-1.178	-0.57623	-0.21049	0.35364	0.62711	0.93092	0.96712	0.74836	0.3267	-0.078447	-0.27805	-0.43926	-0.45098	-0.43651	-0.40501	-0.35953	-0.19201	-0.19084	16.608
820.34	-0.11212	-0.09577	-0.075963	-0.054872	-0.022069	-0.041915	-0.070329	-0.63463	-1.129	-1.6892	-1.814	-1.6234	-1.127	-0.53142	-0.16831	0.38837	0.66617	0.93662	0.95965	0.71241	0.30186	-0.11448	-0.31224	-0.47071	-0.46703	-0.44767	-0.3983	-0.36478	-0.23583	-0.13349	16.143
816.49	-0.08827	-0.076532	-0.072509	-0.042235	-0.024461	-0.050107	-0.07003	-0.68482	-1.2525	-1.6756	-1.8056	-1.5794	-1.0683	-0.47677	-0.08797	0.41495	0.70597	0.93883	0.97109	0.70403	0.26845	-0.14026	-0.31966	-0.46379	-0.46079	-0.45174	-0.39828	-0.33591	-0.21052	-0.13925	15.632
812.42	-0.065809	-0.078545	-0.044222	-0.029278	-0.038916	-0.030225	-0.070293	-0.72619	-1.3201	-1.6606	-1.7381	-1.5121	-1.0072	-0.41342	-0.053731	0.47994	0.7443	0.97057	0.96196	0.6821	0.25314	-0.14646	-0.32854	-0.47182	-0.477	-0.44826	-0.40937	-0.32343	-0.19824	-0.11212	15.146
810.28	-0.088792	-0.068326	-0.036821	-0.036702	-0.026763	-0.038307	-0.12594	-0.77036	-1.4375	-1.6727	-1.703	-1.4808	-0.92534	-0.37623	-0.0003349	0.50981	0.76921	0.98771	0.95407	0.66222	0.19638	-0.18746	-0.37369	-0.4819	-0.48884	-0.45145	-0.44572	-0.33649	-0.21576	-0.12149	14.631
810.06	-0.048903	-0.054008	-0.029238	-0.025494	-0.026388	-0.035901	-0.1738	-0.77221	-1.3357	-1.6459	-1.6905	-1.4197	-0.90909	-0.32033	0.024028	0.53863	0.77709	0.97766	0.91478	0.62486	0.14081	-0.24761	-0.40251	-0.5258	-0.51688	-0.4654	-0.43058	-0.35294	-0.19318	-0.11765	14.096
811.14	-0.03373	-0.039439	-0.025232	-0.029503	0.010398	-0.036624	-0.2003	-0.80991	-1.3991	-1.6342	-1.6543	-1.3763	-0.81079	-0.25639	0.095135	0.56836	0.81452	0.98417	0.92785	0.60376	0.13337	-0.24921	-0.42481	-0.53418	-0.52539	-0.48	-0.41373	-0.32769	-0.18726	-0.097372	13.626
809.85	-0.043342	-0.025104	-0.013877	-0.029188	-0.014588	-0.034594	-0.25352	-0.8225	-1.3455	-1.6152	-1.5826	-1.317	-0.74928	-0.2012	0.14841	0.60919	0.82916	0.99003	0.9204	0.57536	0.10743	-0.27889	-0.43878	-0.55345	-0.52801	-0.44638	-0.40887	-0.32985	-0.18179	-0.092303	13.097
807.71	-0.0014892	-0.011014	-0.00067182	0.0080673	-0.014739	0.018475	-0.28495	-0.82317	-1.282	-1.5826	-1.538	-1.2572	-0.71436	-0.1591	0.19216	0.63967	0.83903	0.98012	0.89256	0.56889	0.055594	-0.32752	-0.46504	-0.56214	-0.52934	-0.49115	-0.42831	-0.33579	-0.14772	-0.062362	12.62
805.14	0.0060233	0.0015055	0.0013003	0.017402	0.01613	0.00797	-0.32206	-0.84164	-1.3443	-1.5741	-1.5067	-1.2193	-0.64451	-0.12074	0.21928	0.6592	0.86687	0.98742	0.89192	0.53489	0.020617	-0.35255	-0.49913	-0.59334	-0.54671	-0.47251	-0.40047	-0.33029	-0.13675	-0.075694	12.074
804.71	0.0043553	0.0034679	-0.0064899	0.0078542	0.015905	0.02906	-0.38867	-0.87671	-1.3511	-1.5318	-1.4712	-1.1701	-0.6059	-0.072591	0.27311	0.66913	0.85969	0.97961	0.86188	0.48967	-0.003413	-0.38748	-0.51495	-0.59509	-0.55214	-0.5202	-0.4372	-0.31565	-0.13491	-0.077396	11.538
806.21	0.0078258	0.0047903	0.020538	0.0039458	0.024252	0.020045	-0.3976	-0.86719	-1.3224	-1.5096	-1.4263	-1.1045	-0.53455	-0.012256	0.31539	0.70621	0.88114	0.97598	0.82992	0.46077	-0.042602	-0.41446	-0.56185	-0.60896	-0.58145	-0.49402	-0.42918	-0.31623	-0.11012	-0.057363	11.04
806.85	0.021168	0.015798	0.020538	0.035781	0.047073	-0.025123	-0.42553	-0.88414	-1.2921	-1.493	-1.3739	-1.0501	-0.50101	0.027589	0.33975	0.73823	0.8979	0.98765	0.81839	0.4248	-0.086991	-0.45254	-0.55749	-0.65047	-0.58793	-0.48243	-0.41795	-0.30795	-0.11223	-0.026908	10.556
807.28	0.046173	0.041155	0.035741	0.05204	0.038767	-0.016751	-0.44721	-0.88378	-1.2953	-1.4235	-1.3138	-0.98617	-0.42703	0.072408	0.4074	0.76843	0.92051	0.96426	0.79861	0.40519	-0.10198	-0.47608	-0.58801	-0.64819	-0.59103	-0.48618	-0.41269	-0.29982	-0.09099	-0.038203	10.059
807.49	0.074923	0.070006	0.081332	0.0599	0.036389	-0.031041	-0.44168	-0.89162	-1.2617	-1.4054	-1.2555	-0.92175	-0.37143	0.12661	0.42358	0.79695	0.93744	0.97008	0.77136	0.36482	-0.15027	-0.49113	-0.60126	-0.65354	-0.55404	-0.44231	-0.35922	-0.27095	-0.078896	0.0031188	9.5745
807.92	0.065135	0.075435	0.050675	0.084562	0.050702	-0.063535	-0.45009	-0.88262	-1.2464	-1.3774	-1.1929	-0.86148	-0.3009	0.18233	0.5053	0.8349	0.95838	0.96754	0.75285	0.34278	-0.16858	-0.52897	-0.62566	-0.67146	-0.56093	-0.48161	-0.42282	-0.25427	-0.082989	-0.0036193	9.0576
809.42	0.10309	0.073079	0.088969	0.053974	0.061127	-0.079712	-0.487	-0.87156	-1.2125	-1.347	-1.1587	-0.79248	-0.24305	0.24782	0.51886	0.85034	0.95269	0.95961	0.70524	0.27334	-0.23479	-0.55353	-0.62443	-0.6774	-0.63719	-0.48288	-0.40542	-0.23725	-0.08285	0.003265	8.5341
813.28	0.074166	0.063778	0.076941	0.11541	0.064953	-0.11358	-0.47211	-0.86347	-1.214	-1.3056	-1.0957	-0.73311	-0.19591	0.28699	0.55735	0.8751	0.9541	0.94049	0.68951	0.25814	-0.25957	-0.59649	-0.65973	-0.68142	-0.61297	-0.48967	-0.39988	-0.23157	-0.069305	0.0049967	8.0599
817.13	0.066275	0.088352	0.097574	0.064731	0.058518	-0.11919	-0.50857	-0.84734	-1.1792	-1.2743	-1.0442	-0.67266	-0.12357	0.32771	0.59325	0.8901	0.98382	0.90313	0.65604	0.19628	-0.28957	-0.59906	-0.67372	-0.6981	-0.59437	-0.46388	-0.37251	-0.2285	-0.044365	0.012424	7.6152
820.56	0.092583	0.10624	0.11417	0.096251	0.060596	-0.16643	-0.5186	-0.88349	-1.1414	-1.236	-0.981	-0.60705	-0.06315	0.37959	0.63906	0.91844	0.98524	0.9075	0.6304	0.16985	-0.32849	-0.62562	-0.68597	-0.69003	-0.59351	-0.49782	-0.36353	-0.23724	-0.03421	0.010774	7.1413
824.19	0.1184	0.11262	0.12299	0.10703	0.026167	-0.18584	-0.52141	-0.84444	-1.1306	-1.194	-0.91806	-0.56901	-0.0099564	0.40688	0.66677	0.91834	0.97742	0.89178	0.59315	0.1385	-0.37053	-0.66207	-0.7106	-0.71878	-0.59818	-0.45897	-0.36785	-0.21357	-0.04374	0.030895	6.6709
830.4	0.12697	0.14162	0.10234	0.12416	-0.018512	-0.2188	-0.53019	-0.85887	-1.1102	-1.1565	-0.87363	-0.49356	0.040029	0.43741	0.68784	0.92645	0.97018	0.8524	0.54507	0.097088	-0.39675	-0.68391	-0.71537	-0.71885	-0.6394	-0.50355	-0.35914	-0.21632	0.0013255	0.050655	6.2431
836.81	0.12591	0.13381	0.12562	0.11483	-0.019918	-0.21444	-0.55001	-0.86282	-1.0803	-1.1101	-0.82394	-0.44332	0.096615	0.49179	0.72179	0.93611	0.98179	0.83836	0.53253	0.065695	-0.42581	-0.6911	-0.71171	-0.70305	-0.57064	-0.45787	-0.35103	-0.18404	-0.010049	0.11736	5.8677
840.88	0.14567	0.14147	0.10657	0.115	-0.051533	-0.26825	-0.55007	-0.8843	-1.0555	-1.0821	-0.76921	-0.42244	0.12837	0.50611	0.75012	0.91831	0.95645	0.80847	0.49209	0.038504	-0.44893	-0.70886	-0.75049	-0.71006	-0.5732	-0.4528	-0.32478	-0.18535	0.044567	0.11863	5.46
843.66	0.15404	0.12379	0.12598	0.11531	-0.057552	-0.26151	-0.59179	-0.98211	-1.0624	-1.0559	-0.73415	-0.37328	0.15986	0.52309	0.75147	0.93559	0.95474	0.80161	0.47492	0.00023516	-0.4744	-0.74384	-0.73512	-0.73401	-0.56209	-0.43354	-0.34176	-0.16588	0.055567	0.12304	5.1046
846.23	0.14992	0.13546	0.1471	0.1003	-0.12247	-0.28208	-0.56151	-0.81596	-1.0472	-1.0456	-0.70541	-0.34179	0.18925	0.54557	0.74331	0.93842	0.95006	0.80267	0.44261	-0.03738	-0.49562	-0.745	-0.75887	-0.71975	-0.54211	-0.39881	-0.30922	-0.15287	0.042621	0.1084	4.7853
848.58	0.14407	0.13286	0.1222	0.10176	-0.11228	-0.30283	-0.55988	-0.82885	-1.0181	-1.0054	-0.67703	-0.307	0.23107	0.56263	0.77478	0.93753	0.94963	0.75731	0.41947	-0.052428	-0.51406	-0.75702	-0.7729	-0.72464	-0.58917	-0.41877	-0.31162	-0.15717	0.0026011	0.11212	4.4401
850.07	0.15239	0.15003	0.13752	0.063971	-0.15538	-0.33505	-0.56729	-0.83185	-1.0286	-1.0113	-0.66208	-0.29113	0.22525	0.58169	0.78291	0.92867	0.90935	0.75007	0.38818	-0.10147	-0.56972	-0.78565	-0.78577	-0.73055	-0.5968	-0.45833	-0.33936	-0.18368	0.042568	0.10616	4.1179
850.07	0.15784	0.15655	0.11973	0.0090031	-0.15879	-0.35032	-0.57906	-0.87154	-1.0215	-0.99433	-0.62333	-0.25361	0.25501	0.60567	0.79227	0.95594	0.92746	0.732	0.36916	-0.12431	-0.56446	-0.79075	-0.78129	-0.70785	-0.515	-0.42714	-0.32372	-0.16157	0.079038	0.14733	3.8641
847.72	0.16921	0.16752	0.15424	0.036437	-0.20236	-0.34565	-0.57882	-0.87959	-1.0135	-0.97446	-0.59654	-0.22769	0.30337	0.63073	0.81628	0.95652	0.95028	0.75184	0.36665	-0.11515	-0.56244	-0.78748	-0.77221	-0.70135	-0.53264	-0.41607	-0.29981	-0.14435	0.087353	0.12792	3.5943
844.52	0.17898	0.18677	0.17314	-0.024931	-0.18163	-0.36433	-0.5947	-0.84601	-1.0121	-0.95569	-0.59456	-0.20534	0.3028	0.62973	0.81741	0.94586	0.93732	0.72493	0.3408	-0.13048	-0.60181	-0.79573	-0.78585	-0.7249	-0.55349	-0.40505	-0.27822	-0.13876	0.078988	0.14398	3.3863
841.52	0.20337	0.19076	0.14076	-0.017727	-0.21009	-0.38944	-0.61011	-0.90424	-1.0052	-0.95372	-0.57031	-0.19109	0.32708	0.6562	0.84594	0.94699	0.913	0.70961	0.32501	-0.14455	-0.60786	-0.82317	-0.78507	-0.73778	-0.52282	-0.39602	-0.27808	-0.088195	0.08502	0.14678	3.159
840.24	0.1998	0.19594	0.13874	-0.0084712	-0.2288	-0.39228	-0.6105	-0.86925	-1.0035	-0.94006	-0.57113	-0.15734	0.34133	0.66625	0.82766	0.934	0.91752	0.68466	0.3062	-0.18682	-0.63351	-0.8427	-0.78814	-0.71937	-0.5309	-0.41818	-0.31158	-0.090461	0.08711	0.16131	2.9901
838.95	0.19457	0.19494	0.15409	-0.037902	-0.23502	-0.39648	-0.64071	-0.88351	-1.0156	-0.92472	-0.57591	-0.16088	0.34054	0.67108	0.827	0.93726	0.8973	0.67396	0.28264	-0.20057	-0.64911	-0.84881	-0.81162	-0.77112	-0.52267	-0.42863	-0.28536	-0.11386	0.098275	0.18692	2.7987
836.6	0.20812	0.19572	0.1451	-0.078834	-0.26344	-0.39948	-0.61816	-0.90067	-1.0042	-0.91441	-0.53641	-0.14224	0.37554	0.68252	0.85662	0.96721	0.91809	0.66967	0.27506	-0.19886	-0.64563	-0.84633	-0.81214	-0.72754	-0.53706	-0.36139	-0.26158	-0.12128	0.10228	0.17299	2.6754
833.39	0.22016	0.20174	0.12754	-0.039107	-0.26781	-0.39491	-0.6586	-0.88355	-1.0026	-0.90797	-0.51397	-0.1195	0.37325	0.68871	0.86052	0.9655	0.91262	0.67024	0.28172	-0.20364	-0.64617	-0.87247	-0.81879	-0.73626	-0.53421	-0.40201	-0.27447	-0.072446	0.14717	0.2047	2.5165
830.83	0.23607	0.22132	0.14611	-0.07609	-0.25465	-0.43137	-0.62288	-0.90683	-1.0092	-0.9277	-0.53375	-0.088786	0.37626	0.70248	0.84711	0.96141	0.92484	0.6788	0.25477	-0.25012	-0.68387	-0.85693	-0.83959	-0.73977	-0.54329	-0.40472	-0.2524	-0.089089	0.14056	0.1763	2.3739
829.97	0.24142	0.23721	0.14845	-0.050465	-0.25325	-0.41267	-0.64076	-0.88154	-0.98372	-0.92144	-0.49711	-0.10065	0.39292	0.70296	0.86385	0.96816	0.91252	0.66115	0.27043	-0.25044	-0.6772	-0.87569	-0.80365	-0.71986	-0.54788	-0.39058	-0.27051	-0.07673	0.16403	0.21626	2.241
830.4	0.24303	0.22856	0.13316	-0.070401	-0.26134	-0.40835	-0.65417	-0.8791	-0.99552	-0.89995	-0.5054	-0.098858	0.39262	0.71195	0.86353	0.96889	0.92109	0.64421	0.25636	-0.24838	-0.68953	-0.89317	-0.82137	-0.74758	-0.51098	-0.40469	-0.25434	-0.087878	0.13798	0.21426	2.079
829.55	0.23238	0.23893	0.13343	-0.077675	-0.27711	-0.44051	-0.63363	-0.88366	-0.99105	-0.89855	-0.49964	-0.095102	0.42163	0.7107	0.87619	0.96803	0.90726	0.65529	0.24099	-0.24656	-0.69927	-0.90279	-0.8315	-0.72833	-0.50101	-0.38565	-0.28511	-0.073098	0.18111	0.2145	1.9625
828.26	0.24386	0.2464	0.12275	-0.1088	-0.27371	-0.42918	-0.666	-0.86267	-0.97992	-0.90385	-0.49817	-0.085465	0.42759	0.73807	0.88142	0.95464	0.90863	0.65819	0.24672	-0.26637	-0.71292	-0.89521	-0.82547	-0.71568	-0.52645	-0.40777	-0.25138	-0.018455	0.17409	0.24758	1.8492
826.77	0.24816	0.23305	0.11158	-0.11292	-0.29834	-0.4181	-0.6364	-0.8715	-0.98353	-0.88831	-0.48052	-0.060418	0.45	0.75067	0.87898	0.97694	0.91769	0.6797	0.23313	-0.26508	-0.70878	-0.87905	-0.80817	-0.72396	-0.49976	-0.37614	-0.23544	-0.050857	0.18563	0.24243	1.7424
827.19	0.27374	0.27305	0.11314	-0.12229	-0.29054	-0.42028	-0.68987	-0.89758	-0.98149	-0.89952	-0.47411	-0.072056	0.41904	0.73135	0.86841	0.97467	0.91718	0.66303	0.22424	-0.2881	-0.72473	-0.90541	-0.85652	-0.73272	-0.51871	-0.36742	-0.23219	-0.041205	0.18129	0.25323	1.6356
832.11	0.23876	0.23302	0.078979	-0.14329	-0.29487	-0.43944	-0.68737	-0.89235	-0.99169	-0.89239	-0.48373	-0.073672	0.42377	0.73087	0.87923	0.96315	0.92109	0.61884	0.21593	-0.29799	-0.74585	-0.91272	-0.85529	-0.73009	-0.55487	-0.3791	-0.22184	-0.031082	0.16198	0.23164	1.503
837.46	0.25392	0.21953	0.098703	-0.13534	-0.31468	-0.46208	-0.64001	-0.87032	-0.97814	-0.86971	-0.4704	-0.067526	0.42445	0.74304	0.87766	0.96087	0.89102	0.62071	0.206	-0.31524	-0.73401	-0.92472	-0.87031	-0.73947	-0.52744	-0.37692	-0.23641	-0.074687	0.19012	0.23774	1.4092
841.74	0.26901	0.24579	0.055949	-0.12581	-0.29944	-0.42841	-0.61841	-0.87691	-0.96291	-0.84836	-0.42942	-0.032852	0.44018	0.72987	0.87318	0.9488	0.88285	0.60169	0.19644	-0.31749	-0.75001	-0.90052	-0.84401	-0.75505	-0.54206	-0.38401	-0.23716	-0.013492	0.18188	0.24864	1.2638
844.73	0.27521	0.24011	0.055424	-0.11823	-0.28465	-0.40184	-0.58357	-0.85909	-0.96137	-0.82709	-0.43232	-0.026943	0.45267	0.73295	0.89553	0.97133	0.8764	0.59764	0.17532	-0.29959	-0.73499	-0.91148	-0.8572	-0.69914	-0.53177	-0.384	-0.22743	-0.022868	0.21782	0.25318	1.141
847.51	0.2559	0.22518	0.052259	-0.15664	-0.29537	-0.43568	-0.62416	-0.86005	-0.94604	-0.85213	-0.42267	-0.0098414	0.45309	0.73261	0.86544	0.93858	0.86624	0.58399	0.15946	-0.34188	-0.759	-0.92606	-0.85278	-0.71586	-0.53334	-0.37488	-0.21629	-0.029242	0.19921	0.27581	1.0732
850.71	0.2353	0.23439	0.021978	-0.15729	-0.3238	-0.45324	-0.65955	-0.85689	-0.9443	-0.83613	-0.40919	-0.019646	0.46345	0.71696	0.88006	0.92411	0.8663	0.57009	0.13644	-0.34425	-0.77775	-0.93188	-0.86456	-0.73719	-0.54296	-0.36734	-0.2262	-0.038804	0.20332	0.23239	0.91822
856.05	0.25566	0.22313	0.047791	-0.15028	-0.31852	-0.45461	-0.66863	-0.85919	-0.95387	-0.82555	-0.42434	-0.02838	0.44152	0.73102	0.86094	0.91546	0.83062	0.55694	0.12565	-0.35336	-0.77791	-0.94303	-0.85926	-0.7342	-0.51153	-0.37795	-0.22292	-0.025935	0.2097	0.2503	0.82462
860.54	0.24511	0.20384	0.020896	-0.17893	-0.34568	-0.44103	-0.75972	-0.85837	-0.9301	-0.81954	-0.37826	0.021642	0.46881	0.73619	0.85471	0.9376	0.84209	0.55579	0.12335	-0.35704	-0.77031	-0.93146	-0.85622	-0.70875	-0.50356	-0.37359	-0.22007	-0.010048	0.20343	0.24881	0.72459
861.82	0.22881	0.20933	0.028685	-0.16971	-0.32175	-0.43189	-0.7034	-0.84233	-0.90466	-0.79435	-0.38764	-0.0023367	0.48066	0.74964	0.87634	0.91434	0.82495	0.55149	0.13108	-0.37691	-0.78512	-0.91745	-0.83868	-0.69879	-0.50989	-0.36144	-0.20712	0.013127	0.20801	0.23971	0.60525
860.97	0.2378	0.20335	0.026155	-0.17575	-0.3096	-0.44612	-0.68347	-0.84862	-0.9211	-0.78384	-0.37366	0.027455	0.48259	0.75727	0.8908	0.92431	0.84168	0.54161	0.11145	-0.36808	-0.78031	-0.93614	-0.80895	-0.79197	-0.51178	-0.32576	-0.21324	-0.011821	0.21181	0.24697	0.5601
857.98	0.24448	0.23319	0.021474	-0.17614	-0.31502	-0.44726	-0.67586	-0.8644	-0.90895	-0.80887	-0.35306	0.027643	0.50533	0.75243	0.87807	0.9144	0.82863	0.5261	0.086616	-0.37712	-0.80571	-0.92515	-0.86612	-0.72234	-0.50187	-0.33189	-0.19943	0.021049	0.21105	0.25868	0.44082
856.48	0.2484	0.22173	-0.0020292	-0.18317	-0.33566	-0.43859	-0.65026	-0.85235	-0.93071	-0.7898	-0.36385	0.023899	0.49742	0.75581	0.88934	0.90579	0.80621	0.51567	0.077186	-0.40727	-0.81075	-0.96133	-0.8634	-0.69416	-0.5058	-0.35149	-0.22922	-0.0067676	0.21308	0.2592	0.3538
855.42	0.23127	0.17754	-0.0042492	-0.18344	-0.35462	-0.47933	-0.63889	-0.85018	-0.9092	-0.8036	-0.36599	0.048143	0.50312	0.77501	0.88265	0.91933	0.8286	0.50802	0.083944	-0.42442	-0.82903	-0.95024	-0.87558	-0.71847	-0.51296	-0.37241	-0.21223	0.01724	0.19788	0.24184	0.28292
854.14	0.23835	0.21338	-0.011755	-0.20304	-0.35529	-0.49546	-0.79231	-0.87316	-0.91928	-0.8103	-0.36052	0.046584	0.51061	0.76332	0.87995	0.90218	0.81519	0.495	0.068656	-0.41019	-0.84058	-0.96023	-0.88774	-0.73009	-0.53186	-0.36065	-0.2336	0.024185	0.19724	0.24925	0.23138
852	0.23542	0.20414	-0.016929	-0.18943	-0.36245	-0.47532	-0.69189	-0.87871	-0.9336	-0.78994	-0.35098	0.052482	0.51207	0.76172	0.88971	0.93031	0.82115	0.50223	0.06361	-0.42435	-0.82183	-0.98191	-0.8771	-0.72348	-0.53864	-0.3584	-0.19948	-0.02764	0.21248	0.25706	0.17018
849.65	0.23574	0.20306	0.01601	-0.20427	-0.34761	-0.47891	-0.67053	-0.86314	-0.91725	-0.77391	-0.35051	0.054468	0.53097	0.78915	0.89621	0.93068	0.81404	0.51559	0.056684	-0.43525	-0.84383	-0.98127	-0.83599	-0.70647	-0.50145	-0.36123	-0.19813	0.035376	0.21821	0.24136	0.13798
849.22	0.21609	0.19459	-0.030551	-0.19915	-0.36331	-0.46942	-0.76782	-0.89114	-0.94205	-0.8093	-0.35644	0.044909	0.52949	0.78074	0.89508	0.92586	0.82378	0.4979	0.08436	-0.43879	-0.83374	-0.98009	-0.86926	-0.74143	-0.52667	-0.36636	-0.20556	0.0056634	0.2045	0.22741	0.076804
851.78	0.21401	0.17365	-0.053648	-0.23551	-0.37793	-0.46958	-0.78034	-0.8737	-0.94096	-0.78658	-0.35934	0.054363	0.5107	0.76907	0.89836	0.92356	0.79418	0.47892	0.040099	-0.44916	-0.85225	-0.97002	-0.87015	-0.72745	-0.52358	-0.38216	-0.19077	-0.011337	0.20211	0.22515	0.04783
854.99	0.23297	0.18279	-0.0081602	-0.19899	-0.39972	-0.47636	-0.6425	-0.8794	-0.93231	-0.79828	-0.34002	0.05954	0.51198	0.75895	0.87182	0.91234	0.79088	0.47491	0.033083	-0.45864	-0.84198	-0.99476	-0.85573	-0.72641	-0.505	-0.34909	-0.19308	-0.019129	0.1885	0.25052	0.025297
857.33	0.21052	0.1857	-0.055302	-0.19196	-0.36544	-0.50466	-0.73751	-0.87749	-0.93027	-0.7929	-0.35543	0.051308	0.52107	0.76751	0.87289	0.90241	0.78153	0.48554	0.027923	-0.4615	-0.84382	-0.98354	-0.86001	-0.73142	-0.51915	-0.33634	-0.19715	0.023161	0.20788	0.23766	0.025298
856.69	0.23237	0.18263	-0.03732	-0.19764	-0.36819	-0.48852	-0.661	-0.87096	-0.92209	-0.786	-0.33596	0.059162	0.5369	0.7703	0.87734	0.92322	0.78207	0.49734	0.038469	-0.45401	-0.84017	-0.96652	-0.8671	-0.72045	-0.4948	-0.3395	-0.16312	0.019151	0.21869	0.25214	-0.0068869
855.84	0.23837	0.19459	-0.0056655	-0.20453	-0.3487	-0.47116	-0.71123	-0.89118	-0.92962	-0.79194	-0.32958	0.068654	0.54474	0.78035	0.88651	0.93327	0.80161	0.47477	0.024805	-0.4485	-0.84963	-0.9847	-0.8861	-0.72508	-0.5042	-0.29837	-0.19985	0.011796	0.21191	0.25598	0.009203
857.33	0.2233	0.1957	-0.02235	-0.19858	-0.36214	-0.47242	-0.63958	-0.86482	-0.92659	-0.77612	-0.34724	0.093218	0.52993	0.78089	0.88107	0.90715	0.79788	0.46399	0.024455	-0.48146	-0.84994	-0.98624	-0.8773	-0.76003	-0.51675	-0.32258	-0.19079	0.024508	0.22243	0.2379	-0.035855
859.26	0.21305	0.17146	-0.018753	-0.20188	-0.36724	-0.48712	-0.59729	-0.87884	-0.91736	-0.78356	-0.33659	0.085891	0.54392	0.77535	0.87862	0.9117	0.78878	0.46477	0.010822	-0.4601	-0.85833	-0.96683	-0.85563	-0.70567	-0.51277	-0.3534	-0.17481	0.02708	0.20094	0.22615	-0.039074
860.12	0.23297	0.16299	-0.020401	-0.19049	-0.35855	-0.49157	-0.68541	-0.87252	-0.92166	-0.77369	-0.32655	0.075952	0.54351	0.78168	0.89886	0.9048	0.79356	0.45044	0.016063	-0.47283	-0.84541	-0.99003	-0.86018	-0.74797	-0.50999	-0.3294	-0.20059	0.028518	0.21057	0.24209	-0.09056
858.19	0.20809	0.19039	-0.025916	-0.2127	-0.3692	-0.47391	-0.67399	-0.86917	-0.90976	-0.76582	-0.3309	0.094774	0.54982	0.7907	0.89497	0.9053	0.79674	0.47898	0.027882	-0.46227	-0.87004	-0.96792	-0.85122	-0.70075	-0.48121	-0.33993	-0.18929	0.040604	0.22345	0.25313	-0.12274
855.84	0.23091	0.18072	-0.016967	-0.19215	-0.33332	-0.50664	-0.71648	-0.87709	-0.9109	-0.77564	-0.32955	0.089614	0.53573	0.7944	0.90891	0.92216	0.80824	0.49	0.041027	-0.46004	-0.85672	-0.99134	-0.82456	-0.69665	-0.49755	-0.30853	-0.19152	0.038548	0.22961	0.26072	-0.11952
853.28	0.22176	0.18454	-0.062756	-0.21762	-0.37728	-0.49052	-0.78645	-0.88509	-0.92564	-0.78692	-0.32682	0.073351	0.54434	0.77852	0.89819	0.91927	0.80896	0.4776	0.01794	-0.48942	-0.86606	-1.0135	-0.90147	-0.72953	-0.53301	-0.33028	-0.18136	0.048056	0.21917	0.23516	-0.13239
853.28	0.20261	0.16778	-0.040346	-0.22066	-0.40265	-0.5094	-0.73396	-0.87771	-0.94455	-0.79249	-0.35905	0.054171	0.53209	0.7804	0.87117	0.91748	0.78313	0.46584	0.021538	-0.47822	-0.8803	-1.0116	-0.87941	-0.75325	-0.5094	-0.37713	-0.20785	0.011798	0.19061	0.22434	-0.18064
853.28	0.18966	0.168	-0.03336	-0.21913	-0.37922	-0.53237	-0.70859	-0.88867	-0.93605	-0.80178	-0.35081	0.080865	0.52679	0.76228	0.87304	0.903	0.79997	0.47596	0.0078879	-0.49124	-0.89944	-0.99783	-0.89416	-0.75728	-0.52104	-0.36325	-0.20986	0.023192	0.20506	0.21191	-0.19351
853.71	0.19877	0.14909	-0.047435	-0.22797	-0.39649	-0.49778	-0.72106	-0.88796	-0.93364	-0.77533	-0.33853	0.065556	0.51611	0.76963	0.88646	0.90314	0.79424	0.46625	0.018633	-0.45874	-0.87789	-1.0038	-0.89365	-0.75294	-0.51708	-0.36469	-0.19544	0.031399	0.1942	0.23996	-0.21602
854.56	0.20366	0.15531	-0.058182	-0.22777	-0.3842	-0.48392	-0.79053	-0.88355	-0.92774	-0.76913	-0.33268	0.075018	0.52245	0.77216	0.89112	0.90555	0.78417	0.47531	0.016251	-0.45853	-0.87538	-0.99991	-0.88517	-0.73677	-0.53129	-0.33497	-0.21608	0.058857	0.21724	0.2205	-0.2321
855.2	0.18771	0.14757	-0.044075	-0.21867	-0.39779	-0.48867	-0.73363	-0.89041	-0.92173	-0.77039	-0.33412	0.085672	0.53608	0.76397	0.88677	0.90115	0.79244	0.45916	0.0031028	-0.48073	-0.85562	-0.98375	-0.88827	-0.73102	-0.49165	-0.3455	-0.18822	0.017187	0.20116	0.22425	-0.31249
856.48	0.1932	0.13532	-0.071014	-0.22943	-0.39135	-0.4959	-0.79487	-0.8746	-0.9172	-0.77699	-0.3236	0.065204	0.54005	0.7721	0.8757	0.89462	0.77314	0.44647	0.014644	-0.48576	-0.87681	-1.0063	-0.86231	-0.71924	-0.50051	-0.37653	-0.19838	0.011974	0.19519	0.20968	-0.35429
856.91	0.19257	0.13504	-0.045681	-0.21959	-0.41019	-0.53815	-0.72249	-0.89021	-0.92493	-0.77429	-0.33562	0.068995	0.51577	0.77221	0.87911	0.88857	0.76705	0.44053	-0.015831	-0.49676	-0.89231	-1.0299	-0.91543	-0.74521	-0.53849	-0.34786	-0.18838	0.006902	0.2059	0.22193	-0.40572
856.27	0.18552	0.15169	-0.063558	-0.22359	-0.40689	-0.52501	-0.7356	-0.88889	-0.93247	-0.78594	-0.32949	0.065366	0.51457	0.76871	0.87009	0.90731	0.78442	0.45273	0.0028668	-0.49503	-0.88947	-1.0234	-0.91073	-0.76298	-0.52573	-0.35324	-0.19627	0.010237	0.20616	0.22348	-0.40893
854.99	0.18582	0.13711	-0.047706	-0.21007	-0.40765	-0.48909	-0.72653	-0.87928	-0.91828	-0.75744	-0.33002	0.078541	0.53268	0.77143	0.89839	0.91034	0.79619	0.4611	0.024637	-0.47699	-0.87134	-1.0164	-0.89223	-0.76927	-0.53459	-0.3434	-0.17461	0.013485	0.21156	0.22054	-0.47
853.07	0.19344	0.15255	-0.062016	-0.22993	-0.35776	-0.52492	-0.72305	-0.87753	-0.9132	-0.77586	-0.34259	0.065628	0.53219	0.79517	0.87696	0.91605	0.79432	0.48775	0.028126	-0.46675	-0.88018	-1.0064	-0.88864	-0.75177	-0.51429	-0.38024	-0.18501	0.060774	0.20307	0.21371	-0.4957
850.72	0.19031	0.12761	-0.051433	-0.25179	-0.40767	-0.48768	-0.75393	-0.89815	-0.92606	-0.77977	-0.31734	0.067689	0.54075	0.76994	0.90083	0.91308	0.79476	0.4615	0.026548	-0.48121	-0.8844	-1.0301	-0.93107	-0.74509	-0.53076	-0.35701	-0.20652	0.034194	0.22003	0.22152	-0.55032
849.44	0.17243	0.12441	-0.073403	-0.24865	-0.43562	-0.52723	-0.7374	-0.88854	-0.93273	-0.78274	-0.32384	0.06402	0.53641	0.77846	0.87115	0.90363	0.78307	0.45429	-0.0073924	-0.50639	-0.91396	-1.0334	-0.88868	-0.78629	-0.56015	-0.37125	-0.21898	0.03408	0.19685	0.2113	-0.60171
847.73	0.18182	0.13826	-0.044548	-0.23141	-0.39339	-0.53221	-0.78241	-0.88495	-0.92755	-0.78048	-0.34462	0.081219	0.55168	0.78762	0.87489	0.90183	0.7864	0.44532	-0.00055747	-0.51513	-0.92284	-1.0006	-0.9436	-0.76697	-0.55635	-0.38445	-0.18463	0.043675	0.19343	0.20988	-0.60493
846.23	0.16788	0.14356	-0.066493	-0.25316	-0.39974	-0.5019	-0.76197	-0.8976	-0.92245	-0.77062	-0.30877	0.083344	0.55095	0.80562	0.90219	0.91081	0.79359	0.452	0.014421	-0.50101	-0.9036	-1.0464	-0.89415	-0.76343	-0.5403	-0.35732	-0.23217	0.035734	0.1992	0.23359	-0.63383
845.16	0.20439	0.14426	-0.051848	-0.25692	-0.39274	-0.51403	-0.7903	-0.88764	-0.9202	-0.76638	-0.31507	0.080009	0.53402	0.78822	0.8837	0.90655	0.778	0.44843	-0.002715	-0.48466	-0.93129	-1.0422	-0.92957	-0.74812	-0.53437	-0.37516	-0.2061	0.020274	0.20861	0.20164	-0.6531
843.66	0.16836	0.14246	-0.075537	-0.27395	-0.42086	-0.54085	-0.71781	-0.90764	-0.94481	-0.79379	-0.32197	0.095376	0.5441	0.76935	0.88918	0.90074	0.78262	0.45098	-0.011502	-0.51414	-0.92435	-1.0478	-0.90366	-0.77243	-0.53359	-0.36934	-0.19931	0.034216	0.19468	0.21615	-0.67558
845.37	0.19332	0.12324	-0.054059	-0.21744	-0.38864	-0.52616	-0.74399	-0.89695	-0.94458	-0.7755	-0.34127	0.089385	0.53795	0.78292	0.90355	0.9119	0.79058	0.44215	-0.0060624	-0.52089	-0.92403	-1.0564	-0.95578	-0.8054	-0.52396	-0.36311	-0.18359	0.024321	0.21438	0.19976	-0.66916
846.44	0.17733	0.1267	-0.077195	-0.25689	-0.41371	-0.53117	-0.6882	-0.89558	-0.93463	-0.79667	-0.33884	0.080061	0.54594	0.78178	0.88843	0.90532	0.78756	0.45716	-0.016423	-0.52807	-0.93182	-1.0556	-0.88639	-0.76721	-0.53174	-0.37061	-0.20605	0.02268	0.19248	0.21044	-0.69484
848.57	0.15457	0.13644	-0.080572	-0.26167	-0.41873	-0.5165	-0.75001	-0.9081	-0.93422	-0.79168	-0.32381	0.079404	0.53917	0.79415	0.9226	0.92298	0.79133	0.44474	-0.011532	-0.52262	-0.91738	-1.0506	-0.89714	-0.74928	-0.51085	-0.34412	-0.1963	0.060807	0.20099	0.20105	-0.68842
850.93	0.19012	0.13778	-0.08096	-0.23574	-0.40036	-0.52487	-0.78115	-0.87643	-0.92953	-0.78192	-0.34939	0.081148	0.55893	0.7995	0.905	0.90385	0.78707	0.45539	0.0093919	-0.50217	-0.9129	-1.0409	-0.91944	-0.74213	-0.5225	-0.3345	-0.20515	0.038152	0.20945	0.2337	-0.69163
853.28	0.20102	0.11994	-0.064408	-0.23937	-0.408	-0.54798	-0.72445	-0.89779	-0.92921	-0.772	-0.32846	0.095819	0.54829	0.79673	0.89895	0.91046	0.79779	0.46004	0.0090145	-0.49363	-0.89424	-1.0138	-0.93048	-0.74887	-0.53442	-0.35822	-0.19743	0.0074924	0.20847	0.20149	-0.64989
854.35	0.18254	0.15264	-0.069428	-0.22084	-0.39028	-0.49929	-0.80871	-0.90011	-0.92592	-0.7841	-0.31992	0.088079	0.54031	0.79031	0.88712	0.89651	0.78379	0.45147	0.003626	-0.50798	-0.90421	-1.0438	-0.90043	-0.76854	-0.52227	-0.35264	-0.17978	0.0023453	0.19928	0.22205	-0.67237
856.27	0.21419	0.13338	-0.056363	-0.24491	-0.38588	-0.5232	-0.7273	-0.86899	-0.92363	-0.75456	-0.33534	0.091784	0.53909	0.79039	0.88724	0.89445	0.77504	0.45254	0.0024176	-0.51022	-0.91045	-1.0375	-0.89253	-0.76641	-0.52959	-0.36172	-0.19812	0.032292	0.20618	0.20429	-0.66273
857.77	0.18886	0.14495	-0.056752	-0.22151	-0.40421	-0.4896	-0.70926	-0.89086	-0.91506	-0.78999	-0.32876	0.085922	0.5345	0.77282	0.88766	0.88754	0.78441	0.43415	-0.0040817	-0.51471	-0.91392	-1.0391	-0.90008	-0.76145	-0.50152	-0.36062	-0.19597	0.033538	0.20916	0.22849	-0.69806
858.84	0.2047	0.16853	-0.036683	-0.2461	-0.42328	-0.50413	-0.74537	-0.89515	-0.93303	-0.77065	-0.33016	0.087672	0.53046	0.78249	0.87693	0.89728	0.76721	0.43942	-0.0090982	-0.50295	-0.91101	-1.0221	-0.91329	-0.75181	-0.49755	-0.35355	-0.17676	0.040165	0.19997	0.24236	-0.69163
856.49	0.21776	0.13527	-0.069154	-0.23599	-0.38747	-0.52479	-0.63921	-0.88131	-0.91128	-0.76718	-0.31318	0.099095	0.54745	0.79201	0.88309	0.90691	0.77286	0.4503	-0.0042145	-0.49308	-0.91	-1.0215	-0.91763	-0.72645	-0.50059	-0.34242	-0.20503	0.041549	0.20955	0.24833	-0.70127
854.14	0.20571	0.1491	-0.061947	-0.23302	-0.39631	-0.507	-0.72243	-0.88359	-0.93298	-0.7803	-0.33623	0.089958	0.53681	0.77774	0.89531	0.88759	0.78045	0.4399	-0.026145	-0.52253	-0.92139	-1.0607	-0.913	-0.76096	-0.512	-0.34879	-0.20214	0.026021	0.21372	0.24532	-0.7109
854.99	0.19856	0.13374	-0.067312	-0.24523	-0.41516	-0.51396	-0.73345	-0.89183	-0.93723	-0.77762	-0.34411	0.082241	0.52401	0.78975	0.87319	0.89043	0.78337	0.44732	-0.015875	-0.5164	-0.91866	-1.0303	-0.92465	-0.7118	-0.5281	-0.35189	-0.19676	0.015178	0.19023	0.22233	-0.69485
856.06	0.18738	0.12679	-0.072884	-0.25912	-0.39153	-0.53069	-0.71551	-0.90168	-0.93097	-0.7731	-0.34153	0.076586	0.5287	0.7687	0.87597	0.88386	0.76056	0.43696	-0.022728	-0.51951	-0.92977	-1.0479	-0.93795	-0.75604	-0.55085	-0.37522	-0.20507	0.011731	0.17727	0.21671	-0.70127
854.99	0.17136	0.16092	-0.069444	-0.26672	-0.42291	-0.53184	-0.74181	-0.88824	-0.93542	-0.77965	-0.36803	0.054164	0.5347	0.76235	0.87307	0.88111	0.76869	0.42365	-0.021004	-0.53155	-0.92234	-1.051	-0.92117	-0.75539	-0.54984	-0.38487	-0.20903	-0.0070405	0.16653	0.21668	-0.72374
853.07	0.18786	0.14415	-0.080413	-0.27065	-0.41458	-0.54053	-0.76298	-0.89949	-0.94105	-0.79059	-0.36489	0.065835	0.51821	0.77696	0.8693	0.8869	0.78695	0.44237	-0.03126	-0.54785	-0.91909	-1.0398	-0.9197	-0.76909	-0.53596	-0.38208	-0.21127	0.021477	0.16334	0.19793	-0.69805
850.29	0.18688	0.14146	-0.064202	-0.25374	-0.41768	-0.53438	-0.72059	-0.90788	-0.93892	-0.79317	-0.34983	0.045138	0.53415	0.78503	0.87415	0.90086	0.76764	0.4558	-0.022763	-0.51177	-0.93438	-1.0482	-0.90058	-0.76803	-0.55936	-0.36911	-0.22424	0.0027166	0.19478	0.21639	-0.72695
850.08	0.19413	0.13776	-0.044216	-0.25397	-0.41183	-0.51525	-0.76839	-0.89174	-0.93906	-0.79525	-0.35807	0.06032	0.52193	0.76362	0.87454	0.90125	0.77151	0.44434	-0.020834	-0.529	-0.93459	-1.0572	-0.92841	-0.77698	-0.53417	-0.38336	-0.20329	0.014031	0.20207	0.23237	-0.72695
852	0.19759	0.15637	-0.049523	-0.2353	-0.39315	-0.5432	-0.7567	-0.88077	-0.9128	-0.7842	-0.36123	0.067469	0.53645	0.79087	0.88426	0.88107	0.76256	0.44496	-0.02935	-0.54085	-0.94845	-1.0655	-0.90109	-0.76172	-0.55	-0.39145	-0.19912	0.030835	0.18915	0.20715	-0.72374
853.07	0.19904	0.16673	-0.033434	-0.21396	-0.39144	-0.55032	-0.7711	-0.89215	-0.92034	-0.78013	-0.33491	0.059792	0.53413	0.76237	0.89641	0.92143	0.76694	0.45432	-0.014158	-0.50852	-0.91405	-1.059	-0.93594	-0.76756	-0.53983	-0.35302	-0.20983	0.023189	0.19217	0.22808	-0.73979
852.42	0.19489	0.14919	-0.073539	-0.26026	-0.39555	-0.50261	-0.6045	-0.90394	-0.92796	-0.76731	-0.34726	0.086553	0.54147	0.78138	0.89566	0.93331	0.77516	0.46249	-0.020808	-0.50874	-0.89843	-1.0528	-0.91857	-0.73473	-0.53337	-0.33214	-0.18382	0.018501	0.21583	0.22617	-0.73658
850.5	0.20721	0.13764	-0.033042	-0.26063	-0.39812	-0.52319	-0.68893	-0.8773	-0.92166	-0.76905	-0.32784	0.086273	0.55141	0.78683	0.90517	0.90953	0.78742	0.45549	-0.014053	-0.50046	-0.9203	-1.005	-0.92306	-0.74725	-0.51282	-0.34541	-0.18549	0.035439	0.21851	0.23415	-0.75906
849.21	0.19232	0.16554	-0.040833	-0.21454	-0.38683	-0.51578	-0.75682	-0.88004	-0.91434	-0.76496	-0.30802	0.10767	0.56461	0.78805	0.89454	0.90568	0.79822	0.46423	-0.00061121	-0.4973	-0.91947	-1.0449	-0.94085	-0.76227	-0.53496	-0.33473	-0.21374	0.019203	0.20208	0.24143	-0.77189
851.14	0.18688	0.14466	-0.04921	-0.24973	-0.40192	-0.52083	-0.72071	-0.87615	-0.92636	-0.76882	-0.34434	0.082906	0.53537	0.77703	0.89054	0.88774	0.76333	0.4519	-0.029128	-0.52269	-0.92664	-1.0504	-0.91554	-0.75861	-0.51965	-0.37817	-0.20472	0.0013904	0.19091	0.23528	-0.7751
853.06	0.17883	0.14052	-0.074623	-0.26352	-0.39631	-0.54861	-0.73349	-0.8944	-0.93101	-0.78185	-0.32703	0.095318	0.5464	0.77918	0.88135	0.89093	0.77645	0.44109	-0.025623	-0.5322	-0.94006	-1.0344	-0.93965	-0.80387	-0.56588	-0.37041	-0.20907	-0.01455	0.19058	0.19945	-0.79436
852.85	0.16062	0.1275	-0.089726	-0.28007	-0.42606	-0.54254	-0.7197	-0.90178	-0.93999	-0.7949	-0.3411	0.089615	0.53407	0.76607	0.87189	0.89093	0.77108	0.4115	-0.037533	-0.54007	-0.92822	-1.0501	-0.93981	-0.78342	-0.54342	-0.37533	-0.2252	-0.0050276	0.16563	0.21764	-0.78794
852.85	0.18824	0.13773	-0.075405	-0.25294	-0.41257	-0.53074	-0.74428	-0.90374	-0.93851	-0.77079	-0.36527	0.061543	0.54111	0.7622	0.87195	0.87272	0.74564	0.41514	-0.033932	-0.53798	-0.94732	-1.0769	-0.93118	-0.78134	-0.5545	-0.37001	-0.21519	0.029423	0.17083	0.20137	-0.79757
852.85	0.18401	0.14521	-0.071463	-0.26563	-0.38566	-0.51959	-0.7628	-0.88522	-0.933	-0.80031	-0.33712	0.076723	0.53943	0.75898	0.86569	0.87838	0.75102	0.42148	-0.051131	-0.5476	-0.93866	-1.0449	-0.93612	-0.77626	-0.54294	-0.36526	-0.21994	0.013552	0.17399	0.20641	-0.8072
854.14	0.1879	0.15116	-0.045805	-0.27274	-0.39639	-0.53816	-0.727	-0.89699	-0.92804	-0.77692	-0.33848	0.085909	0.52439	0.76858	0.87022	0.86034	0.75672	0.39447	-0.05976	-0.54683	-0.95482	-1.0747	-0.95295	-0.78204	-0.56197	-0.39869	-0.22471	0.018445	0.17041	0.21519	-0.82966
857.98	0.17432	0.13838	-0.070764	-0.25154	-0.40207	-0.524	-0.75264	-0.88167	-0.93752	-0.77702	-0.34091	0.082152	0.53614	0.75973	0.84886	0.86727	0.71902	0.40646	-0.0579	-0.56486	-0.94339	-1.0645	-0.91448	-0.79562	-0.54269	-0.3608	-0.21676	0.015094	0.16067	0.18792	-0.82967
860.12	0.18095	0.13626	-0.086838	-0.25075	-0.42636	-0.52837	-0.7291	-0.9047	-0.92476	-0.76772	-0.30794	0.072524	0.5313	0.76159	0.87555	0.86893	0.74232	0.41337	-0.059477	-0.53756	-0.92706	-1.0636	-0.92258	-0.79684	-0.53667	-0.37349	-0.19854	0.0042888	0.157	0.21738	-0.85534
862.26	0.15555	0.13072	-0.10283	-0.26609	-0.42936	-0.51335	-0.75234	-0.88273	-0.90867	-0.75471	-0.30897	0.10222	0.54059	0.77236	0.87732	0.87948	0.75156	0.41235	-0.032582	-0.5251	-0.92294	-1.0524	-0.91197	-0.75914	-0.51217	-0.36239	-0.2123	0.061797	0.17241	0.22909	-0.87139
863.97	0.20502	0.14384	-0.057793	-0.25313	-0.41684	-0.50303	-0.74724	-0.87183	-0.91029	-0.7459	-0.31449	0.12254	0.55839	0.78166	0.87741	0.88469	0.76786	0.41344	-0.039282	-0.51499	-0.91778	-1.023	-0.92752	-0.76627	-0.52462	-0.33606	-0.22053	0.041249	0.19162	0.2128	-0.80399
866.74	0.18506	0.14345	-0.041623	-0.24189	-0.40005	-0.52422	-0.71696	-0.87099	-0.89707	-0.75439	-0.30953	0.10155	0.54456	0.78263	0.88614	0.88532	0.7439	0.41595	-0.03905	-0.52425	-0.9305	-1.0316	-0.89812	-0.75	-0.5176	-0.35208	-0.20276	0.022755	0.18574	0.2191	-0.85213
871.01	0.19477	0.15309	-0.066515	-0.23917	-0.39437	-0.50851	-0.71782	-0.86486	-0.90485	-0.74177	-0.29214	0.11035	0.54865	0.78244	0.87046	0.88491	0.74763	0.41978	-0.032192	-0.52169	-0.91549	-1.013	-0.89881	-0.77716	-0.51483	-0.34175	-0.19146	0.017962	0.18308	0.2218	-0.86497
874.43	0.19574	0.1209	-0.079825	-0.25355	-0.3968	-0.54218	-0.67633	-0.89002	-0.91992	-0.76609	-0.33449	0.10813	0.52787	0.77046	0.85376	0.86023	0.73764	0.40291	-0.037221	-0.54363	-0.9292	-1.0382	-0.90442	-0.75882	-0.53769	-0.37922	-0.20919	0.014835	0.17878	0.19322	-0.83929
875.92	0.15839	0.12868	-0.098161	-0.23571	-0.39413	-0.49805	-0.72603	-0.87425	-0.91989	-0.75755	-0.3162	0.089368	0.53699	0.75854	0.85622	0.84103	0.71859	0.38488	-0.041947	-0.54254	-0.93802	-1.0533	-0.92549	-0.7476	-0.52269	-0.38735	-0.19871	0.019259	0.2082	0.19956	-0.88101
875.5	0.17281	0.11861	-0.085476	-0.25179	-0.39025	-0.53961	-0.75982	-0.87124	-0.91532	-0.74327	-0.32195	0.12451	0.55611	0.78755	0.87188	0.86798	0.74179	0.39858	-0.056811	-0.55005	-0.93511	-1.0438	-0.92451	-0.74416	-0.53535	-0.37231	-0.20242	0.022576	0.18062	0.19457	-0.86497
875.28	0.17633	0.11047	-0.074921	-0.25686	-0.40207	-0.52839	-0.66867	-0.89098	-0.90734	-0.76002	-0.32629	0.10436	0.54276	0.78401	0.85126	0.86985	0.73149	0.40462	-0.068569	-0.55941	-0.94578	-1.0455	-0.90702	-0.75993	-0.53085	-0.38739	-0.19387	0.030252	0.18406	0.21186	-0.86497
875.92	0.18338	0.12068	-0.068963	-0.24302	-0.42091	-0.52286	-0.72149	-0.87603	-0.91662	-0.75941	-0.31808	0.10059	0.54428	0.75868	0.86753	0.85842	0.73618	0.39273	-0.066544	-0.56467	-0.94855	-1.0499	-0.9398	-0.77411	-0.53506	-0.35668	-0.19191	0.027416	0.17156	0.20493	-0.87139
878.06	0.17738	0.12823	-0.074229	-0.27518	-0.41201	-0.5181	-0.72113	-0.88986	-0.92976	-0.74808	-0.31142	0.10793	0.53445	0.76601	0.84887	0.85876	0.72047	0.36714	-0.076343	-0.56289	-0.95119	-1.0744	-0.94152	-0.76588	-0.52343	-0.38481	-0.23906	0.0066925	0.17127	0.19552	-0.86818
878.7	0.16707	0.11863	-0.074395	-0.25954	-0.41359	-0.52087	-0.81105	-0.88586	-0.92235	-0.7587	-0.30133	0.082165	0.53052	0.76313	0.84985	0.85078	0.69859	0.36459	-0.092851	-0.56446	-0.95746	-1.0633	-0.95839	-0.76398	-0.54785	-0.37426	-0.22007	0.0022911	0.18349	0.18532	-0.90668
878.7	0.16504	0.12547	-0.070978	-0.25936	-0.42903	-0.54396	-0.78505	-0.86628	-0.91889	-0.7391	-0.31894	0.10602	0.54415	0.78455	0.86288	0.85439	0.71288	0.38004	-0.081229	-0.57547	-0.94521	-1.0498	-0.92636	-0.76901	-0.50704	-0.35851	-0.2002	0.0099961	0.20074	0.20928	-0.88101
876.99	0.1776	0.12193	-0.083343	-0.26489	-0.39944	-0.52973	-0.73535	-0.86243	-0.90548	-0.74229	-0.30009	0.12431	0.55198	0.79169	0.8571	0.86291	0.72299	0.37868	-0.081235	-0.57092	-0.95912	-1.0487	-0.91192	-0.75875	-0.53086	-0.3651	-0.19363	0.031597	0.18887	0.21469	-0.84571
875.28	0.16039	0.119	-0.090577	-0.24835	-0.36925	-0.52317	-0.72307	-0.87332	-0.89857	-0.75256	-0.30049	0.12258	0.56828	0.80035	0.86451	0.88219	0.72956	0.38718	-0.076624	-0.59049	-0.94923	-1.071	-0.88933	-0.77322	-0.54848	-0.38402	-0.20741	-0.00058123	0.1699	0.22913	-0.88422
875.71	0.19563	0.13234	-0.076512	-0.24818	-0.3886	-0.51303	-0.76102	-0.88339	-0.91531	-0.75591	-0.31203	0.10444	0.53575	0.78006	0.85271	0.86601	0.71869	0.36599	-0.091466	-0.59389	-0.96377	-1.0636	-0.93149	-0.77821	-0.5367	-0.36353	-0.1836	0.0070687	0.18906	0.21543	-0.88101
876.57	0.17591	0.11397	-0.069527	-0.25661	-0.39548	-0.49765	-0.73862	-0.88959	-0.91083	-0.74074	-0.29606	0.10057	0.55723	0.77406	0.88388	0.87389	0.71618	0.36367	-0.096118	-0.57308	-0.96107	-1.0726	-0.93733	-0.78555	-0.56564	-0.34853	-0.23241	0.011698	0.17659	0.19942	-0.86818
876.78	0.15831	0.13191	-0.085284	-0.25786	-0.40505	-0.52603	-0.79274	-0.89107	-0.92575	-0.75848	-0.31387	0.096592	0.53662	0.77378	0.85908	0.85404	0.70881	0.35593	-0.10284	-0.58936	-0.96102	-1.0824	-0.94053	-0.78195	-0.51368	-0.38861	-0.23239	0.0116	0.19753	0.20281	-0.89385
876.99	0.16019	0.12219	-0.085314	-0.23374	-0.3973	-0.53492	-0.72515	-0.86433	-0.90685	-0.74739	-0.31561	0.10961	0.56889	0.79323	0.86257	0.86632	0.71751	0.38265	-0.10604	-0.57469	-0.96747	-1.0569	-0.90339	-0.78348	-0.54254	-0.36323	-0.20199	-0.0067833	0.18708	0.19589	-0.87459
874.86	0.16374	0.13399	-0.071148	-0.26218	-0.42902	-0.50624	-0.66413	-0.88233	-0.91249	-0.74734	-0.29879	0.11361	0.56509	0.77192	0.87787	0.86126	0.72994	0.35855	-0.08328	-0.57074	-0.96816	-1.0814	-0.96569	-0.7483	-0.53093	-0.35048	-0.21264	0.011777	0.18931	0.21369	-0.85213
872.72	0.17672	0.12439	-0.11211	-0.261	-0.39928	-0.5207	-0.76815	-0.89508	-0.93681	-0.76546	-0.32304	0.11201	0.54429	0.77735	0.85546	0.85451	0.72092	0.35366	-0.11649	-0.60313	-0.96538	-1.0671	-0.92016	-0.77882	-0.5567	-0.37	-0.19445	0.019289	0.16677	0.19509	-0.87138
872.3	0.16614	0.099446	-0.083868	-0.26988	-0.40515	-0.54925	-0.82535	-0.89918	-0.93053	-0.75685	-0.32918	0.10101	0.55131	0.78118	0.87462	0.86553	0.71416	0.35566	-0.10173	-0.60349	-0.98294	-1.0931	-0.98625	-0.79271	-0.54233	-0.41241	-0.20145	-0.011436	0.15269	0.17954	-0.89385
871.44	0.18204	0.11613	-0.10512	-0.2702	-0.41514	-0.52137	-0.77801	-0.90709	-0.92279	-0.75589	-0.32747	0.089985	0.53472	0.78395	0.87748	0.84325	0.71298	0.356	-0.096898	-0.60231	-0.97885	-1.0941	-0.94454	-0.78149	-0.54621	-0.3605	-0.21335	0.014969	0.17589	0.19035	-0.9163
870.16	0.17205	0.12468	-0.084228	-0.25863	-0.40995	-0.52043	-0.75576	-0.8873	-0.92775	-0.75684	-0.32998	0.10671	0.5475	0.77425	0.85416	0.85707	0.7356	0.3603	-0.093655	-0.6013	-0.97511	-1.0702	-0.93017	-0.79798	-0.53353	-0.38463	-0.19873	0.0054723	0.18339	0.20629	-0.91951
868.24	0.15992	0.10679	-0.08619	-0.26612	-0.4243	-0.52901	-0.7607	-0.8857	-0.92473	-0.75504	-0.30892	0.11622	0.57613	0.78312	0.89042	0.87332	0.73718	0.38619	-0.097173	-0.58784	-0.98236	-1.0709	-0.94433	-0.78105	-0.55641	-0.37886	-0.19219	0.036433	0.17853	0.18761	-0.88743
867.38	0.1458	0.11163	-0.053882	-0.2555	-0.42867	-0.53517	-0.76282	-0.89716	-0.93771	-0.76877	-0.30948	0.10516	0.55074	0.77129	0.86818	0.86336	0.73823	0.3692	-0.10055	-0.60525	-0.9854	-1.0669	-0.96702	-0.7834	-0.56191	-0.37395	-0.19411	0.013179	0.17685	0.19098	-0.93234
867.38	0.16882	0.079522	-0.093111	-0.26285	-0.4228	-0.53139	-0.77839	-0.89895	-0.93782	-0.76303	-0.32948	0.1107	0.53904	0.78054	0.8569	0.85986	0.7147	0.3462	-0.10364	-0.59781	-0.98172	-1.101	-0.96861	-0.79178	-0.53023	-0.38947	-0.20581	-0.00038082	0.159	0.18218	-0.9131
868.66	0.12595	0.098044	-0.086248	-0.27488	-0.42421	-0.55387	-0.78539	-0.91233	-0.93816	-0.77674	-0.32862	0.093727	0.5467	0.77182	0.86336	0.8551	0.71368	0.38415	-0.10533	-0.58757	-0.98034	-1.1063	-0.92257	-0.81852	-0.54478	-0.37713	-0.21303	0.037551	0.16377	0.17863	-0.92272
868.66	0.14888	0.11784	-0.080574	-0.28696	-0.43207	-0.52345	-0.75181	-0.90176	-0.92814	-0.78045	-0.33294	0.09923	0.56358	0.77008	0.86485	0.8407	0.74771	0.38025	-0.093788	-0.59525	-0.99237	-1.0723	-0.96956	-0.80147	-0.55632	-0.36685	-0.20909	0.028627	0.16387	0.18008	-0.92593
868.66	0.15962	0.10796	-0.10569	-0.25868	-0.40882	-0.55016	-0.72403	-0.89063	-0.92606	-0.76051	-0.32125	0.097395	0.56552	0.7737	0.87623	0.86217	0.71915	0.38851	-0.077146	-0.58031	-0.97518	-1.0774	-0.94795	-0.76576	-0.54959	-0.37544	-0.20549	0.059413	0.19579	0.18557	-0.93235
866.95	0.16531	0.099848	-0.10569	-0.26996	-0.42486	-0.5394	-0.71885	-0.905	-0.92981	-0.77464	-0.30185	0.093823	0.55614	0.76979	0.87624	0.87292	0.71881	0.37566	-0.085314	-0.57773	-0.97318	-1.0863	-0.9374	-0.79632	-0.52948	-0.36768	-0.18905	0.036888	0.16963	0.19999	-0.91951
866.95	0.13711	0.10992	-0.10059	-0.27504	-0.41175	-0.53004	-0.79784	-0.8748	-0.91437	-0.75827	-0.30375	0.095895	0.56305	0.78079	0.86698	0.85356	0.7314	0.38716	-0.088661	-0.59589	-0.9662	-1.0864	-0.93879	-0.80802	-0.56193	-0.37044	-0.20462	0.027392	0.1642	0.17878	-0.91951
868.45	0.16152	0.10503	-0.069741	-0.28328	-0.40317	-0.51996	-0.74897	-0.88569	-0.92476	-0.77165	-0.32719	0.099475	0.54858	0.78103	0.85006	0.85366	0.7287	0.35966	-0.09686	-0.60026	-0.97328	-1.0807	-0.96401	-0.80647	-0.56949	-0.39841	-0.20045	0.034867	0.157	0.17532	-0.93876
869.52	0.12618	0.10836	-0.082629	-0.26724	-0.42187	-0.55659	-0.75969	-0.9129	-0.92009	-0.77034	-0.32251	0.093746	0.54619	0.77326	0.86836	0.85421	0.73465	0.35533	-0.086701	-0.59782	-0.98586	-1.0677	-0.93423	-0.79354	-0.53101	-0.395	-0.22638	0.037674	0.17275	0.1821	-0.92272
869.52	0.14911	0.10129	-0.12166	-0.29333	-0.4506	-0.54187	-0.76444	-0.90759	-0.92331	-0.76323	-0.30662	0.10135	0.54265	0.78392	0.87378	0.86311	0.7327	0.3781	-0.08844	-0.56487	-0.96712	-1.0677	-0.94523	-0.81894	-0.55405	-0.3969	-0.1885	0.039558	0.17246	0.18352	-0.90989
868.45	0.16499	0.088213	-0.085956	-0.27628	-0.42818	-0.548	-0.73333	-0.8996	-0.91932	-0.75669	-0.31694	0.097748	0.54859	0.78472	0.87103	0.86582	0.72288	0.38638	-0.08217	-0.58944	-0.97009	-1.0878	-0.94617	-0.78443	-0.53663	-0.33967	-0.23465	0.0010568	0.19413	0.18395	-0.92914
867.38	0.16192	0.11174	-0.10929	-0.25371	-0.41893	-0.53146	-0.7748	-0.89907	-0.92722	-0.75748	-0.31727	0.10151	0.54755	0.78397	0.87026	0.87412	0.71654	0.36936	-0.09364	-0.59379	-0.97971	-1.1059	-0.93782	-0.80244	-0.53692	-0.36173	-0.19549	0.053536	0.17693	0.19471	-0.9548
868.02	0.1494	0.11336	-0.082671	-0.27816	-0.42646	-0.51574	-0.73813	-0.90881	-0.92657	-0.76066	-0.3168	0.11266	0.54558	0.77439	0.86185	0.85933	0.7268	0.35567	-0.10198	-0.59902	-0.97901	-1.1001	-0.94653	-0.81358	-0.53828	-0.39067	-0.21595	0.011783	0.16586	0.18061	-0.90026
868.88	0.14584	0.094728	-0.091263	-0.2832	-0.42027	-0.56486	-0.88717	-0.90812	-0.92916	-0.77789	-0.31271	0.092207	0.56206	0.76842	0.8688	0.85832	0.72258	0.35139	-0.10202	-0.6001	-0.97995	-1.082	-0.95263	-0.78244	-0.53767	-0.38365	-0.21394	0.017818	0.16927	0.17509	-0.93234
868.45	0.14184	0.087845	-0.095153	-0.27284	-0.4471	-0.55357	-0.76904	-0.91238	-0.93983	-0.77102	-0.34037	0.10715	0.54693	0.77772	0.85977	0.85003	0.72477	0.35351	-0.096812	-0.6078	-0.98725	-1.0927	-0.98155	-0.80658	-0.54643	-0.38366	-0.21769	0.016455	0.16226	0.19616	-0.95159
867.59	0.15301	0.11513	-0.1109	-0.26828	-0.42246	-0.54909	-0.7264	-0.90411	-0.95112	-0.75748	-0.31878	0.099885	0.54258	0.7749	0.87612	0.86323	0.71468	0.36926	-0.090519	-0.59002	-0.9763	-1.111	-0.96862	-0.78033	-0.53026	-0.36402	-0.22311	0.01331	0.16777	0.18955	-0.93235
866.31	0.15699	0.084845	-0.091509	-0.30209	-0.418	-0.54383	-0.74355	-0.89827	-0.93367	-0.77148	-0.31149	0.096412	0.55016	0.77446	0.87305	0.85946	0.72488	0.37381	-0.10719	-0.58944	-0.98998	-1.0838	-0.95588	-0.80018	-0.54323	-0.37339	-0.21143	0.033622	0.17873	0.18263	-0.92593
866.31	0.15477	0.11029	-0.085797	-0.27353	-0.42716	-0.55349	-0.83189	-0.89123	-0.93044	-0.76762	-0.3376	0.088761	0.55541	0.767	0.86784	0.86098	0.72465	0.36601	-0.080774	-0.59677	-0.98153	-1.0841	-0.95737	-0.80542	-0.53983	-0.40193	-0.22254	0.024219	0.16293	0.17954	-0.92914
868.66	0.14537	0.088054	-0.095168	-0.27274	-0.40507	-0.53633	-0.74783	-0.905	-0.93493	-0.7637	-0.33453	0.094003	0.5502	0.77583	0.86942	0.86267	0.71927	0.38022	-0.099058	-0.59698	-0.9891	-1.1013	-0.97156	-0.79595	-0.54781	-0.3854	-0.2075	0.044052	0.16384	0.17173	-0.94838
870.15	0.13456	0.08991	-0.10689	-0.28232	-0.43719	-0.58272	-0.7588	-0.91414	-0.93978	-0.77876	-0.33602	0.10532	0.54447	0.78003	0.88645	0.84652	0.74137	0.36995	-0.087308	-0.58343	-0.98609	-1.0892	-0.94113	-0.78831	-0.52467	-0.39535	-0.22397	0.027284	0.16189	0.18189	-0.95159
871.01	0.13776	0.10128	-0.10902	-0.26831	-0.42304	-0.51322	-0.7095	-0.89709	-0.93376	-0.76884	-0.32761	0.091842	0.54247	0.78313	0.8558	0.87249	0.7172	0.38927	-0.080448	-0.60476	-0.97141	-1.1102	-0.92969	-0.80258	-0.54826	-0.38273	-0.21524	0.019368	0.18487	0.18307	-0.9548
871.22	0.15439	0.094192	-0.10705	-0.27686	-0.41724	-0.53711	-0.74005	-0.90588	-0.91856	-0.77423	-0.32339	0.099502	0.54227	0.78954	0.8632	0.87601	0.72647	0.38114	-0.074023	-0.59005	-0.97587	-1.0997	-0.94006	-0.80105	-0.55086	-0.34514	-0.18154	0.013261	0.18596	0.19371	-0.93876
872.08	0.15034	0.092636	-0.10175	-0.26879	-0.43986	-0.52695	-0.76885	-0.90495	-0.93634	-0.76989	-0.32518	0.097505	0.55497	0.77849	0.86411	0.8751	0.7343	0.375	-0.078743	-0.60417	-0.97526	-1.1041	-0.94776	-0.77825	-0.55121	-0.3726	-0.22045	0.050142	0.16481	0.19367	-0.98367
874.85	0.13872	0.082524	-0.094399	-0.27271	-0.43106	-0.51445	-0.69845	-0.90422	-0.94859	-0.78574	-0.33028	0.10082	0.53799	0.76849	0.85729	0.85622	0.71596	0.38356	-0.10137	-0.59481	-0.97412	-1.0907	-0.93075	-0.80309	-0.54572	-0.40483	-0.25316	0.019495	0.15417	0.17367	-0.93876
876.99	0.12862	0.091966	-0.092015	-0.28053	-0.43916	-0.55742	-0.75615	-0.89447	-0.9276	-0.77823	-0.32933	0.087713	0.54877	0.76838	0.857	0.84348	0.69805	0.34994	-0.10764	-0.58942	-0.99337	-1.0995	-0.96433	-0.78538	-0.56088	-0.39358	-0.24924	0.0087979	0.15924	0.16488	-0.96443
877.42	0.1197	0.093842	-0.088648	-0.26641	-0.42738	-0.54956	-0.73603	-0.90825	-0.94028	-0.76682	-0.34866	0.093248	0.53143	0.74668	0.85485	0.84819	0.6959	0.34018	-0.11897	-0.62714	-0.97738	-1.0748	-0.95953	-0.77107	-0.57014	-0.37492	-0.22236	0.022689	0.15538	0.16832	-0.9965
877.63	0.13547	0.082072	-0.09436	-0.28712	-0.44842	-0.55937	-0.73135	-0.908	-0.93847	-0.78306	-0.33486	0.092955	0.53441	0.76771	0.84695	0.85348	0.69043	0.35564	-0.11741	-0.60363	-0.9821	-1.0951	-0.977	-0.7848	-0.54243	-0.37311	-0.22719	0.02085	0.15166	0.17155	-0.96122
876.14	0.14104	0.084099	-0.10819	-0.28955	-0.45099	-0.5506	-0.76164	-0.91115	-0.94	-0.77516	-0.32406	0.089576	0.52831	0.76372	0.85959	0.84787	0.71632	0.3486	-0.097776	-0.60652	-0.97701	-1.0918	-0.92376	-0.77427	-0.55125	-0.3969	-0.20712	-0.015559	0.15041	0.17202	-0.95801
875.71	0.12702	0.10561	-0.078301	-0.26534	-0.42883	-0.55307	-0.76887	-0.89916	-0.93541	-0.77735	-0.33383	0.091351	0.53212	0.76216	0.84687	0.8462	0.70615	0.36582	-0.09785	-0.61382	-0.9911	-1.1073	-0.95068	-0.81831	-0.58918	-0.40425	-0.22443	-0.0097967	0.17488	0.17176	-0.93876
876.99	0.15298	0.077551	-0.10468	-0.28762	-0.4431	-0.55211	-0.75461	-0.91206	-0.93577	-0.78708	-0.32952	0.085723	0.52451	0.76094	0.8359	0.8415	0.70677	0.35197	-0.10591	-0.60929	-1.005	-1.1125	-0.97201	-0.80538	-0.56211	-0.39368	-0.2307	0.0085959	0.15205	0.16838	-0.95801
876.78	0.13041	0.080748	-0.11513	-0.28759	-0.44328	-0.55005	-0.74711	-0.92114	-0.93602	-0.79818	-0.32161	0.093088	0.54858	0.75055	0.85529	0.8346	0.70512	0.34433	-0.11736	-0.62029	-0.9965	-1.0859	-0.96709	-0.80748	-0.53767	-0.38859	-0.21741	0.0069232	0.14315	0.16848	-0.98688
875.92	0.12685	0.089298	-0.085327	-0.27574	-0.43751	-0.55621	-0.80489	-0.90101	-0.93708	-0.77739	-0.33006	0.10226	0.54221	0.77447	0.8391	0.85142	0.70626	0.33905	-0.11253	-0.60814	-0.97546	-1.0887	-0.93756	-0.79635	-0.52576	-0.39699	-0.22461	-0.01137	0.18388	0.18416	-0.95801
873.79	0.13989	0.10731	-0.10982	-0.28288	-0.44103	-0.56932	-0.77036	-0.91184	-0.92564	-0.77376	-0.31281	0.098956	0.55918	0.77475	0.85833	0.85538	0.7061	0.37279	-0.10626	-0.6133	-1.0003	-1.076	-0.97264	-0.80495	-0.56594	-0.35816	-0.22	0.022161	0.17379	0.17429	-0.96763
872.08	0.17835	0.078457	-0.12116	-0.26473	-0.4088	-0.53497	-0.76967	-0.89241	-0.92912	-0.75344	-0.31153	0.11039	0.55693	0.7765	0.87535	0.84486	0.71098	0.33483	-0.096626	-0.61617	-0.99695	-1.0937	-0.95875	-0.78456	-0.57178	-0.38899	-0.23211	0.03	0.16841	0.18525	-0.99329
872.29	0.15931	0.094189	-0.10034	-0.25975	-0.42663	-0.54926	-0.68364	-0.89775	-0.94472	-0.7644	-0.31558	0.12098	0.54608	0.7762	0.86532	0.8657	0.71801	0.35375	-0.12148	-0.62365	-0.98997	-1.0882	-0.94387	-0.79807	-0.56052	-0.38221	-0.21351	0.022595	0.15989	0.16752	-0.94197
872.93	0.13956	0.073122	-0.096541	-0.26659	-0.43823	-0.56197	-0.69287	-0.89561	-0.93026	-0.76577	-0.3151	0.10141	0.56294	0.7704	0.86885	0.84784	0.71736	0.35769	-0.10643	-0.60477	-0.99934	-1.1075	-0.97034	-0.78551	-0.57846	-0.394	-0.22321	-0.0040176	0.1457	0.16226	-0.9548
873.57	0.15169	0.077403	-0.099727	-0.2891	-0.44144	-0.5549	-0.69448	-0.91093	-0.92484	-0.75487	-0.32736	0.10091	0.54026	0.7715	0.87168	0.84678	0.70597	0.3552	-0.11141	-0.61589	-1.0064	-1.1046	-0.94892	-0.79751	-0.5602	-0.36548	-0.22639	0.007941	0.16637	0.17244	-0.99971
872.93	0.14517	0.080181	-0.11131	-0.29901	-0.42276	-0.553	-0.77593	-0.90296	-0.93053	-0.76986	-0.31561	0.12648	0.56631	0.79157	0.8573	0.86357	0.72267	0.37287	-0.10351	-0.60151	-0.99868	-1.0878	-0.9504	-0.78256	-0.55063	-0.39595	-0.19449	0.022352	0.16673	0.18322	-0.97725
869.51	0.1583	0.096934	-0.086347	-0.27949	-0.43731	-0.53793	-0.84088	-0.89541	-0.92759	-0.76704	-0.29854	0.12172	0.58082	0.78749	0.88022	0.85661	0.70253	0.35677	-0.12529	-0.61871	-0.99317	-1.1127	-0.96665	-0.81491	-0.53953	-0.38676	-0.20772	0.020644	0.16717	0.19097	-0.96763
867.81	0.16749	0.093343	-0.086194	-0.27875	-0.42468	-0.55626	-0.80212	-0.90385	-0.94298	-0.75369	-0.31521	0.10522	0.57161	0.78528	0.8699	0.85235	0.70201	0.36147	-0.13401	-0.61804	-1.0195	-1.107	-0.96252	-0.79723	-0.58794	-0.39782	-0.20409	-0.023779	0.16404	0.1738	-0.96763
868.23	0.14552	0.081701	-0.098899	-0.28349	-0.44575	-0.55972	-0.82263	-0.90567	-0.92987	-0.77311	-0.31129	0.11285	0.56089	0.78161	0.86606	0.86081	0.71747	0.34011	-0.12551	-0.63384	-1.019	-1.1137	-0.94575	-0.80856	-0.58025	-0.41441	-0.20408	0.0055822	0.1589	0.15465	-0.97084
869.3	0.14044	0.076265	-0.13213	-0.27096	-0.43017	-0.56803	-0.76354	-0.92228	-0.93399	-0.77621	-0.31248	0.11413	0.57396	0.77872	0.85676	0.84017	0.71104	0.33168	-0.14379	-0.64257	-1.0107	-1.1351	-0.98445	-0.81088	-0.58047	-0.38671	-0.21917	-0.0093673	0.16916	0.17512	-0.98367
869.94	0.12945	0.091417	-0.10165	-0.30875	-0.43519	-0.56002	-0.79245	-0.90005	-0.93851	-0.76079	-0.31038	0.13114	0.56344	0.79618	0.87733	0.8574	0.70737	0.35077	-0.15012	-0.63112	-1.0238	-1.1183	-0.94632	-0.80843	-0.57001	-0.383	-0.20847	0.0071138	0.15134	0.19224	-0.99008
868.88	0.15088	0.073379	-0.12187	-0.28491	-0.43744	-0.57015	-0.73105	-0.91905	-0.93775	-0.76188	-0.31078	0.13106	0.57076	0.80247	0.88045	0.8798	0.7153	0.36471	-0.13055	-0.61517	-1.0076	-1.0923	-0.9617	-0.81484	-0.54129	-0.38523	-0.19715	0.03044	0.17607	0.17703	-0.98367
867.17	0.14217	0.091877	-0.12004	-0.25046	-0.44799	-0.53713	-0.73709	-0.91357	-0.92067	-0.77412	-0.30748	0.12	0.56837	0.81122	0.87619	0.87234	0.72003	0.3579	-0.12911	-0.6385	-1.0253	-1.1117	-0.9281	-0.80416	-0.54714	-0.39437	-0.22331	0.022512	0.16603	0.17705	-0.99971
868.24	0.16883	0.068305	-0.10561	-0.2887	-0.4514	-0.54218	-0.74207	-0.90699	-0.95031	-0.76939	-0.32082	0.10338	0.56256	0.77592	0.87331	0.85733	0.70502	0.35158	-0.14209	-0.62461	-1.0324	-1.1289	-0.96575	-0.82022	-0.55778	-0.38195	-0.19719	0.0070848	0.17107	0.16665	-0.98046
870.16	0.12776	0.059714	-0.12655	-0.29336	-0.4466	-0.55267	-0.72904	-0.91758	-0.93809	-0.78242	-0.32015	0.11787	0.56631	0.78845	0.85027	0.86242	0.6982	0.34105	-0.13665	-0.63074	-1.0251	-1.1349	-0.98354	-0.81508	-0.5929	-0.37451	-0.24273	-0.028683	0.14059	0.14535	-0.96763
873.15	0.13067	0.095809	-0.12073	-0.27104	-0.44101	-0.53569	-0.73187	-0.89651	-0.94857	-0.77066	-0.32898	0.11364	0.54897	0.79479	0.86635	0.85748	0.71338	0.33214	-0.12136	-0.63959	-1.0096	-1.1228	-0.97654	-0.81402	-0.54642	-0.39508	-0.20624	0.027287	0.1614	0.1829	-0.9965
875.28	0.1515	0.099114	-0.12622	-0.27404	-0.43625	-0.57958	-0.75414	-0.92808	-0.93251	-0.77058	-0.32601	0.10805	0.55652	0.78934	0.87176	0.85015	0.71373	0.34281	-0.12268	-0.61974	-1.0123	-1.098	-0.96886	-0.79519	-0.56195	-0.39434	-0.221	0.017702	0.16088	0.18232	-0.97726
874.86	0.13218	0.077714	-0.12595	-0.26535	-0.45937	-0.55161	-0.77721	-0.91439	-0.94487	-0.78359	-0.31237	0.093564	0.55656	0.77557	0.86285	0.85439	0.71038	0.34708	-0.12945	-0.61821	-1.0109	-1.0966	-0.95204	-0.799	-0.57363	-0.39265	-0.20083	-0.0036252	0.14872	0.17397	-0.98367
874.21	0.12025	0.092588	-0.10484	-0.2817	-0.42131	-0.55598	-0.71694	-0.89746	-0.92691	-0.75868	-0.31474	0.1066	0.54344	0.79758	0.86344	0.84268	0.69501	0.33582	-0.11279	-0.63862	-1.0186	-1.1316	-0.97889	-0.79603	-0.56384	-0.39917	-0.22468	0.011492	0.15621	0.18472	-0.99009
