40721	27	11	88	29.8	755	4	19	19.99	0	256	8192	1	0	0	0	0	500	1009.9	1.4547e+006	0.11973	0	41.773	0	0	0	0	0	0	9	0	0
925.24	-0.44847	-0.39788	-0.47009	-0.50127	-0.45026	-0.41288	-0.44445	-1.0744	-1.8906	-2.6656	-3.0906	-3.0206	-2.554	-1.8279	-1.2987	-0.54375	-0.062422	0.59646	0.88872	0.91738	0.61886	0.24302	0.01006	-0.16139	-0.26143	-0.26463	-0.30762	-0.30888	-0.37009	-0.3525	20.005
936.95	-0.41002	-0.44704	-0.51367	-0.49501	-0.40906	-0.41651	-0.37704	-0.99474	-1.8828	-2.666	-3.052	-2.9657	-2.5061	-1.7801	-1.2825	-0.49565	-0.044999	0.59795	0.89301	0.89738	0.62713	0.23998	0.051261	-0.15937	-0.22012	-0.25346	-0.26428	-0.34077	-0.37369	-0.38035	19.957
948.65	-0.40496	-0.4568	-0.52362	-0.50482	-0.43037	-0.42873	-0.33421	-1.0233	-1.8909	-2.6081	-3.0324	-2.9037	-2.4752	-1.7746	-1.2492	-0.49769	-0.077316	0.55522	0.87438	0.87787	0.59569	0.24483	0.0016496	-0.13408	-0.27001	-0.28139	-0.33904	-0.32244	-0.35283	-0.35973	19.973
958.23	-0.41697	-0.45224	-0.51033	-0.50766	-0.3652	-0.32993	-0.38379	-0.96456	-1.779	-2.5738	-2.9752	-2.9166	-2.4739	-1.7894	-1.2627	-0.50888	-0.035864	0.55843	0.91081	0.87745	0.58192	0.21919	-0.022612	-0.12505	-0.23011	-0.2709	-0.29703	-0.31223	-0.38147	-0.3798	19.989
964.6	-0.48602	-0.4793	-0.47493	-0.45732	-0.34552	-0.53259	-0.44134	-0.95014	-1.7672	-2.5568	-2.9734	-2.8807	-2.442	-1.7533	-1.2543	-0.48144	0.020949	0.58081	0.89731	0.86336	0.60915	0.23311	-0.0064061	-0.1701	-0.22859	-0.21565	-0.26438	-0.31711	-0.37895	-0.40862	20.005
970.98	-0.46697	-0.48361	-0.46385	-0.41542	-0.49769	-0.30016	-0.34891	-0.93592	-1.8322	-2.54	-2.9804	-2.8535	-2.4183	-1.7338	-1.2376	-0.45436	0.012782	0.59427	0.86914	0.87417	0.56655	0.24684	0.0016117	-0.15379	-0.22709	-0.27492	-0.28551	-0.33572	-0.40027	-0.44486	20.021
973.11	-0.48177	-0.47511	-0.47871	-0.44556	-0.41955	-0.41795	-0.44493	-1.0454	-1.8587	-2.5751	-2.9474	-2.8885	-2.4054	-1.7621	-1.2349	-0.47723	-0.035316	0.58435	0.86724	0.87226	0.55761	0.23868	-0.022267	-0.13072	-0.24124	-0.25918	-0.26967	-0.32811	-0.3994	-0.42835	19.957
972.04	-0.47438	-0.45327	-0.4554	-0.43828	-0.40287	-0.45229	-0.4156	-1.0147	-1.7919	-2.6266	-2.9595	-2.8669	-2.4387	-1.7399	-1.2277	-0.50164	-0.027334	0.56774	0.89045	0.84029	0.57365	0.20846	-0.022291	-0.15362	-0.24151	-0.26705	-0.31565	-0.32158	-0.38398	-0.36662	19.94
967.79	-0.46851	-0.44777	-0.4574	-0.50265	-0.50794	-0.38622	-0.42491	-1.0832	-1.7921	-2.5076	-2.9636	-2.8463	-2.4571	-1.7314	-1.2588	-0.49585	-0.043565	0.56157	0.88691	0.86051	0.59165	0.23999	-0.006385	-0.13143	-0.22784	-0.23777	-0.29409	-0.34375	-0.31401	-0.39166	19.989
962.48	-0.36716	-0.42766	-0.44388	-0.57605	-0.46746	-0.37124	-0.51758	-1.057	-1.8715	-2.5953	-2.9799	-2.9288	-2.5017	-1.8139	-1.2915	-0.49859	-0.068105	0.52983	0.84684	0.8902	0.58713	0.24902	-0.0064202	-0.1245	-0.21428	-0.25439	-0.28034	-0.31085	-0.31574	-0.37812	20.005
955.04	-0.43448	-0.43099	-0.44734	-0.58054	-0.41004	-0.3569	-0.46851	-1.049	-1.925	-2.6155	-3.0302	-2.9096	-2.4977	-1.8036	-1.2929	-0.53489	-0.011493	0.55151	0.9063	0.88039	0.63095	0.26647	0.025964	-0.16408	-0.22342	-0.24095	-0.27477	-0.33432	-0.39082	-0.38106	20.021
945.46	-0.40632	-0.43535	-0.4682	-0.49854	-0.38776	-0.52596	-0.44261	-1.0268	-1.8344	-2.6503	-3.0882	-2.9645	-2.5309	-1.8218	-1.306	-0.52393	-0.036348	0.56597	0.89259	0.8893	0.60563	0.26133	0.0016552	-0.15794	-0.2483	-0.27455	-0.23841	-0.34479	-0.32958	-0.34496	19.957
939.08	-0.45006	-0.60034	-0.51251	-0.38127	-0.48798	-0.4857	-0.39162	-1.0255	-1.9419	-2.6768	-3.0908	-3.0017	-2.5402	-1.801	-1.3502	-0.53574	-0.10301	0.56089	0.86794	0.88682	0.5858	0.23155	0.0016664	-0.16687	-0.26517	-0.27642	-0.31885	-0.34713	-0.33182	-0.3634	19.957
931.63	-0.51148	-0.53515	-0.46687	-0.42486	-0.58131	-0.42772	-0.53472	-0.98377	-1.9414	-2.6643	-3.0879	-3.0085	-2.5605	-1.8656	-1.3165	-0.54002	-0.053625	0.56537	0.92907	0.91968	0.6468	0.28112	0.0099907	-0.11278	-0.19842	-0.23909	-0.26579	-0.34272	-0.34274	-0.44742	20.005
924.18	-0.44899	-0.40618	-0.4372	-0.55089	-0.51388	-0.48462	-0.47632	-1.0924	-1.9812	-2.7285	-3.1128	-3.0588	-2.6054	-1.9229	-1.354	-0.5695	-0.0878	0.56086	0.92876	0.95307	0.65202	0.29141	0.026831	-0.12167	-0.16917	-0.22508	-0.17183	-0.25851	-0.35384	-0.32837	19.989
917.79	-0.42696	-0.4248	-0.46549	-0.58765	-0.55377	-0.39829	-0.48753	-1.024	-1.995	-2.7044	-3.0407	-3.0364	-2.6235	-1.9023	-1.3544	-0.54817	-0.071422	0.56476	0.87236	0.95099	0.68923	0.28536	0.018579	-0.14663	-0.18588	-0.2427	-0.31012	-0.38438	-0.38149	-0.36359	19.957
912.46	-0.50536	-0.47492	-0.58671	-0.5828	-0.47483	-0.55401	-0.46656	-1.0979	-2.0229	-2.7462	-3.1999	-3.0893	-2.6143	-1.8963	-1.3714	-0.5853	-0.097472	0.55887	0.85374	0.90393	0.61932	0.27079	0.010201	-0.17982	-0.28853	-0.25219	-0.28759	-0.38662	-0.37527	-0.374	19.94
907.13	-0.56771	-0.5496	-0.6157	-0.50295	-0.54191	-0.45743	-0.48527	-1.0702	-2.0594	-2.7362	-3.1902	-3.0809	-2.6296	-1.9074	-1.3977	-0.59727	-0.12383	0.55291	0.89056	0.90924	0.63948	0.27238	-0.006812	-0.18088	-0.25879	-0.26991	-0.31376	-0.32982	-0.39447	-0.40952	19.94
900.73	-0.67426	-0.63395	-0.6458	-0.49814	-0.50876	-0.46068	-0.5048	-1.0778	-1.942	-2.7644	-3.232	-3.1384	-2.6814	-1.9556	-1.4536	-0.65307	-0.12471	0.54753	0.87286	0.90681	0.62738	0.29076	0.010333	-0.16578	-0.25271	-0.27183	-0.28312	-0.34703	-0.42293	-0.47116	19.957
895.4	-0.6439	-0.52443	-0.56339	-0.52641	-0.47457	-0.50939	-0.47544	-1.1881	-2.0117	-2.772	-3.232	-3.1661	-2.7391	-2.0021	-1.453	-0.64831	-0.15157	0.51334	0.88611	0.93902	0.64786	0.28422	-0.0069012	-0.1503	-0.25422	-0.25699	-0.32614	-0.31918	-0.43406	-0.47396	20.021
889	-0.57063	-0.58526	-0.53269	-0.55569	-0.53421	-0.34636	-0.47887	-1.1356	-1.9927	-2.792	-3.2746	-3.1979	-2.8007	-2.0604	-1.4915	-0.6791	-0.17897	0.48874	0.87626	0.96378	0.67782	0.2946	0.0017603	-0.14308	-0.24803	-0.2837	-0.27853	-0.35915	-0.37651	-0.42637	20.005
889	-0.48407	-0.4793	-0.56744	-0.60667	-0.36553	-0.43897	-0.40553	-1.1007	-2.0429	-2.8009	-3.2359	-3.1889	-2.7588	-2.0429	-1.4728	-0.66169	-0.1702	0.51703	0.86003	0.97278	0.66939	0.2946	0.01047	-0.12649	-0.27209	-0.26713	-0.32016	-0.35161	-0.38518	-0.51138	19.973
894.34	-0.56723	-0.57367	-0.5986	-0.45947	-0.42856	-0.54682	-0.52461	-1.0768	-2.0307	-2.687	-3.2551	-3.1429	-2.7256	-2.0045	-1.4918	-0.67505	-0.1256	0.51395	0.9033	0.94014	0.66539	0.30941	0.019067	-0.17522	-0.30235	-0.27377	-0.3348	-0.38696	-0.47765	-0.49988	19.989
897.54	-0.54806	-0.50704	-0.4846	-0.38209	-0.64981	-0.52653	-0.5066	-1.0643	-1.891	-2.7479	-3.2339	-3.1407	-2.6993	-1.9887	-1.4219	-0.64677	-0.073033	0.52146	0.91615	0.92787	0.71313	0.2918	0.027627	-0.15816	-0.24567	-0.23997	-0.28413	-0.38558	-0.43303	-0.456	19.973
900.73	-0.52048	-0.51328	-0.44858	-0.44782	-0.67525	-0.46068	-0.44046	-0.98308	-1.8843	-2.782	-3.1842	-3.1295	-2.6566	-1.9643	-1.4352	-0.64448	-0.14202	0.56615	0.90489	0.95123	0.66899	0.33189	0.036126	-0.12484	-0.22106	-0.23094	-0.27491	-0.33216	-0.41438	-0.47116	19.973
905	-0.45851	-0.48685	-0.48914	-0.65438	-0.5616	-0.56767	-0.6305	-0.95274	-1.9165	-2.5593	-3.1882	-3.1237	-2.6688	-1.9809	-1.401	-0.60723	-0.11551	0.53569	0.94048	0.98211	0.69897	0.31395	0.035956	-0.12425	-0.22002	-0.22985	-0.33086	-0.338	-0.42094	-0.41884	19.973
912.46	-0.46319	-0.4511	-0.50207	-0.66558	-0.59353	-0.49085	-0.56977	-0.86847	-1.8601	-2.7289	-3.1716	-3.0805	-2.6388	-1.9647	-1.435	-0.60226	-0.14874	0.54968	0.89326	0.939	0.68504	0.29515	0.001715	-0.17174	-0.22603	-0.27641	-0.34437	-0.35726	-0.4175	-0.38228	19.957
924.18	-0.4823	-0.46106	-0.57928	-0.64897	-0.54994	-0.37772	-0.50767	-0.86585	-1.9008	-2.6772	-3.1128	-3.0675	-2.6134	-1.9229	-1.3899	-0.57788	-0.12154	0.5155	0.85852	0.9271	0.64391	0.27537	0.03521	-0.16158	-0.21545	-0.25696	-0.29997	-0.32374	-0.38719	-0.45921	19.957
931.63	-0.53626	-0.48071	-0.59951	-0.58702	-0.4114	-0.42772	-0.4103	-0.84228	-1.8856	-2.6643	-3.0232	-2.974	-2.5205	-1.8405	-1.2898	-0.54002	-0.10384	0.49338	0.83617	0.89392	0.6629	0.29703	0.018303	-0.16028	-0.22903	-0.1284	-0.30551	-0.36429	-0.39237	-0.39064	19.973
934.82	-0.48504	-0.51007	-0.53137	-0.47189	-0.35652	-0.70809	-0.47865	-0.96382	-1.9189	-2.6467	-3.0497	-2.9811	-2.5438	-1.9093	-1.3918	-0.6541	-0.12016	0.48272	0.84874	0.87375	0.63658	0.30394	0.034809	-0.15185	-0.23587	-0.19888	-0.30447	-0.31288	-0.39102	-0.41356	20.037
934.82	-0.51796	-0.54107	-0.47353	-0.47997	-0.58824	-0.54075	-0.43215	-0.93064	-1.8871	-2.6383	-3.0773	-3.0068	-2.5517	-1.9093	-1.3652	-0.62098	-0.1285	0.53653	0.84103	0.89086	0.6446	0.30394	0.051377	-0.12818	-0.22825	-0.2698	-0.24905	-0.34155	-0.39927	-0.42972	20.021
939.08	-0.49923	-0.50004	-0.46316	-0.52606	-0.60332	-0.4594	-0.46105	-0.93468	-1.926	-2.6347	-3.0725	-2.9932	-2.5799	-1.9339	-1.3678	-0.63465	-0.16112	0.45375	0.83722	0.88682	0.64965	0.271	0.034651	-0.15116	-0.20444	-0.26857	-0.28732	-0.3614	-0.38925	-0.49216	19.957
943.34	-0.4725	-0.4517	-0.5102	-0.63579	-0.56527	-0.4486	-0.43593	-1.0209	-1.8937	-2.5893	-3.086	-3.0393	-2.6394	-1.9252	-1.4055	-0.6564	-0.1604	0.4517	0.85638	0.89979	0.64672	0.26192	0.042704	-0.16611	-0.22619	-0.25955	-0.32526	-0.33136	-0.37933	-0.40983	19.94
945.46	-0.4633	-0.44302	-0.52539	-0.61838	-0.47588	-0.43017	-0.43495	-0.87096	-1.8266	-2.7088	-3.07	-3.0409	-2.5704	-1.9539	-1.3849	-0.6058	-0.1353	0.49503	0.83919	0.90622	0.66905	0.31619	0.050799	-0.14234	-0.20306	-0.24339	-0.30887	-0.35187	-0.34588	-0.42489	20.005
945.46	-0.4633	-0.43535	-0.51722	-0.53849	-0.45825	-0.52596	-0.41962	-0.88736	-1.8973	-2.6336	-3.07	-3.0324	-2.6256	-1.9621	-1.455	-0.63036	-0.16828	0.49503	0.86208	0.90622	0.68491	0.32403	0.042608	-0.11893	-0.21814	-0.2278	-0.23841	-0.32353	-0.35403	-0.35295	20.037
943.34	-0.4725	-0.47474	-0.5102	-0.46763	-0.49461	-0.50969	-0.46665	-0.91402	-1.8543	-2.6563	-3.0951	-3.0563	-2.6394	-1.9914	-1.4407	-0.64819	-0.12734	0.51392	0.88696	0.93371	0.67851	0.34047	0.050914	-0.1192	-0.22619	-0.18927	-0.30172	-0.34556	-0.412	-0.38579	20.021
944.4	-0.48827	-0.48955	-0.50144	-0.56309	-0.60874	-0.4045	-0.48913	-0.91299	-1.9152	-2.6868	-3.1554	-3.0783	-2.6996	-1.9974	-1.4654	-0.68844	-0.16847	0.49558	0.87069	0.8903	0.62218	0.3087	0.034456	-0.13469	-0.23348	-0.22026	-0.25436	-0.29553	-0.40338	-0.40136	20.021
947.59	-0.45414	-0.52613	-0.54051	-0.56916	-0.45722	-0.48134	-0.541	-0.97538	-1.8617	-2.6777	-3.1538	-3.0934	-2.6748	-1.9577	-1.4255	-0.67795	-0.15968	0.50276	0.84492	0.91263	0.63591	0.27639	0.042513	-0.095316	-0.21013	-0.25839	-0.30817	-0.34401	-0.36136	-0.41596	19.94
949.72	-0.43692	-0.5097	-0.5393	-0.54403	-0.49129	-0.50627	-0.44062	-0.98136	-1.8653	-2.6884	-3.1377	-3.0865	-2.6531	-1.978	-1.4135	-0.64384	-0.16753	0.48398	0.84302	0.92744	0.65816	0.29137	0.026109	-0.12617	-0.17963	-0.22678	-0.23735	-0.27977	-0.39301	-0.39911	20.021
948.65	-0.52664	-0.47972	-0.50734	-0.52871	-0.53575	-0.42873	-0.42585	-0.98246	-1.8596	-2.6914	-3.114	-3.0645	-2.5932	-1.9309	-1.354	-0.62824	-0.11841	0.45801	0.86678	0.88631	0.6352	0.27608	0.017975	-0.10298	-0.18735	-0.2348	-0.26102	-0.28714	-0.33659	-0.32786	20.005
947.59	-0.49474	-0.50319	-0.4916	-0.54525	-0.49239	-0.42052	-0.3881	-0.92629	-1.9636	-2.7945	-3.0812	-3.0002	-2.5725	-1.8836	-1.373	-0.5636	-0.085631	0.5293	0.86014	0.91263	0.65964	0.30766	0.050685	-0.12645	-0.15747	-0.21175	-0.26131	-0.32987	-0.38576	-0.36811	19.989
947.59	-0.50286	-0.51849	-0.50791	-0.5293	-0.43964	-0.4379	-0.4569	-0.95902	-1.846	-2.3192	-3.0631	-2.9748	-2.5488	-1.8671	-1.3468	-0.57177	-0.085631	0.55585	0.88298	0.91263	0.61218	0.30766	0.03434	-0.12645	-0.2327	-0.25061	-0.2535	-0.28746	-0.3451	-0.40798	19.924
947.59	-0.46226	-0.51084	-0.50791	-0.51336	-0.41326	-0.42921	-0.44161	-0.94265	-1.8617	-2.6277	-3.0631	-2.9663	-2.5331	-1.8836	-1.3818	-0.61261	-0.077403	0.51161	0.86775	0.8873	0.63591	0.29984	0.03434	-0.13423	-0.21765	-0.22729	-0.26131	-0.32281	-0.36136	-0.42393	20.005
944.4	-0.48827	-0.47421	-0.53416	-0.45111	-0.48523	-0.52655	-0.42009	-0.97047	-1.9467	-2.645	-3.0825	-3.0103	-2.5812	-1.8569	-1.3952	-0.59829	-0.1272	0.55773	0.87069	0.91572	0.646	0.30086	0.067257	-0.12688	-0.21084	-0.25926	-0.23868	-0.3168	-0.3789	-0.37735	19.973
940.14	-0.47411	-0.51489	-0.47907	-0.50939	-0.48743	-0.48515	-0.4297	-0.96661	-1.8764	-2.6317	-3.069	-3.024	-2.569	-1.857	-1.3575	-0.56806	-0.078016	0.55133	0.89764	0.9539	0.66486	0.3101	0.042849	-0.096071	-0.21937	-0.22909	-0.26338	-0.31824	-0.35603	-0.37906	19.989
933.76	-0.45262	-0.47961	-0.48235	-0.59377	-0.49076	-0.43557	-0.41712	-1.0729	-1.9052	-2.6836	-3.1177	-3.0446	-2.6026	-1.8781	-1.3313	-0.59682	-0.07855	0.50123	0.91923	0.91758	0.6373	0.27255	0.034849	-0.12043	-0.21324	-0.21488	-0.26518	-0.32041	-0.42448	-0.40594	19.973
929.5	-0.40502	-0.38826	-0.5261	-0.59649	-0.4482	-0.40213	-0.39565	-1.0277	-1.8979	-2.6789	-3.0949	-3.05	-2.5824	-1.8951	-1.3374	-0.55791	-0.095685	0.53961	0.8536	0.939	0.66441	0.28177	0.035008	-0.13685	-0.21422	-0.21587	-0.23455	-0.35071	-0.35182	-0.3834	20.005
928.44	-0.43035	-0.42773	-0.50175	-0.52395	-0.40384	-0.44693	-0.47413	-1.0623	-1.8681	-2.6564	-3.0799	-3.0016	-2.5291	-1.8468	-1.3478	-0.5919	-0.11259	0.55829	0.86235	0.93146	0.64096	0.31401	0.085094	-0.12112	-0.20678	-0.25578	-0.28265	-0.27175	-0.35222	-0.35942	19.924
925.24	-0.44016	-0.47619	-0.50348	-0.49311	-0.45026	-0.50186	-0.49926	-0.9319	-1.8585	-2.7424	-3.0999	-3.0119	-2.5701	-1.9122	-1.3704	-0.60231	-0.087699	0.52397	0.88092	0.91738	0.70798	0.33912	0.04354	-0.11356	-0.19209	-0.2089	-0.25162	-0.31612	-0.37842	-0.4015	20.021
920.98	-0.48397	-0.4784	-0.52258	-0.561	-0.57899	-0.50418	-0.52517	-1.0036	-1.8832	-2.6436	-3.1142	-3.0171	-2.5577	-1.9041	-1.3677	-0.6135	-0.088105	0.51729	0.86933	0.93032	0.66242	0.34069	0.043741	-0.10608	-0.2162	-0.20986	-0.28493	-0.34668	-0.3969	-0.46901	20.037
914.59	-0.50418	-0.50551	-0.49245	-0.61448	-0.51927	-0.4537	-0.49716	-1.0106	-1.8558	-2.6621	-3.0796	-3.0382	-2.6082	-1.8919	-1.3863	-0.60086	-0.15692	0.53007	0.87541	0.94556	0.66705	0.31876	0.077916	-0.10682	-0.2255	-0.24355	-0.25456	-0.28319	-0.39125	-0.41444	20.005
911.39	-0.48906	-0.49933	-0.5196	-0.58348	-0.43882	-0.60886	-0.4671	-1.0907	-1.9275	-2.6454	-3.1187	-3.0665	-2.6337	-1.9156	-1.373	-0.61146	-0.097586	0.54113	0.91805	0.92254	0.65294	0.2711	0.044201	-0.13147	-0.23412	-0.26057	-0.31229	-0.32093	-0.42644	-0.45736	19.94
909.26	-0.53253	-0.54831	-0.54631	-0.49347	-0.59561	-0.52879	-0.53194	-0.97386	-1.883	-2.7124	-3.1449	-3.0914	-2.6645	-1.9287	-1.3762	-0.60438	-0.10639	0.52395	0.8726	0.89831	0.63798	0.26359	0.018754	-0.17234	-0.21898	-0.29359	-0.30489	-0.39535	-0.44439	-0.45012	19.973
905	-0.54354	-0.5509	-0.48914	-0.57091	-0.64445	-0.50399	-0.56646	-0.78138	-1.8836	-2.1577	-3.0932	-3.0793	-2.6441	-1.9033	-1.4102	-0.56446	-0.098276	0.54495	0.86077	0.94674	0.66584	0.27302	0.018842	-0.165	-0.21214	-0.24613	-0.29814	-0.3528	-0.43797	-0.44389	19.989
903.93	-0.55269	-0.55155	-0.50681	-0.64679	-0.58991	-0.60477	-0.5511	-0.73083	-1.7543	-2.6323	-3.1159	-3.0474	-2.6472	-1.9228	-1.3843	-0.60795	-0.081142	0.53632	0.89371	0.89475	0.67492	0.30613	0.044566	-0.13256	-0.22816	-0.23827	-0.30668	-0.34581	-0.42996	-0.42769	19.957
901.8	-0.51133	-0.55285	-0.58508	-0.59806	-0.58206	-0.54229	-0.56847	-0.66377	-1.6843	-2.6122	-3.1041	-3.0724	-2.5956	-1.9273	-1.406	-0.60938	-0.098624	0.53759	0.91981	0.90574	0.65989	0.26577	0.036084	-0.14923	-0.26032	-0.27968	-0.2992	-0.34662	-0.41389	-0.4706	19.957
901.8	-0.54546	-0.56892	-0.60221	-0.59806	-0.53587	-0.54229	-0.48011	-0.58639	-1.775	-2.656	-3.1041	-3.0546	-2.6369	-1.91	-1.4244	-0.61797	-0.14185	0.53759	0.85583	0.888	0.58508	0.24934	0.027496	-0.17377	-0.23661	-0.27151	-0.31562	-0.36891	-0.42243	-0.47898	19.973
903.93	-0.52715	-0.55956	-0.54953	-0.5298	-0.51618	-0.62299	-0.48699	-0.66221	-1.6721	-2.5623	-3.0588	-3.0385	-2.6224	-1.9055	-1.3752	-0.60795	-0.11564	0.52704	0.90169	0.8859	0.62516	0.23236	0.010297	-0.13256	-0.27548	-0.28717	-0.33944	-0.36063	-0.43849	-0.50293	19.924
902.87	-0.57039	-0.5522	-0.53307	-0.49696	-0.54447	-0.4687	-0.50361	-0.62864	-1.7235	-2.6354	-3.0338	-3.0421	-2.609	-1.9164	-1.3493	-0.59152	-0.081237	0.51838	0.87878	0.91353	0.6176	0.27366	-0.015422	-0.14088	-0.22054	-0.27119	-0.30705	-0.37589	-0.42193	-0.48679	19.957
906.06	-0.55139	-0.61422	-0.53118	-0.50354	-0.46898	-0.51248	-0.42987	-0.72911	-1.7502	-2.6348	-3.0516	-2.9693	-2.5998	-1.8838	-1.3719	-0.54671	-0.055138	0.56282	0.91549	0.90148	0.63196	0.28905	0.01882	-0.15667	-0.26696	-0.31088	-0.28962	-0.38935	-0.45446	-0.49341	20.037
909.26	-0.5156	-0.55628	-0.49534	-0.46854	-0.46734	-0.51974	-0.43633	-0.64127	-1.7114	-2.443	-3.003	-2.9589	-2.5332	-1.86	-1.3762	-0.57884	-0.080666	0.57006	0.86467	0.91591	0.62974	0.30433	0.010236	-0.13989	-0.25034	-0.22877	-0.29675	-0.37325	-0.41897	-0.40025	20.037
916.72	-0.50301	-0.55966	-0.50816	-0.44001	-0.44536	-0.29997	-0.44858	-0.75447	-1.7056	-2.5266	-2.9692	-2.9786	-2.5208	-1.8875	-1.3741	-0.60791	-0.088514	0.52884	0.85764	0.88227	0.60009	0.28569	0.018601	-0.16289	-0.24053	-0.27513	-0.28626	-0.39213	-0.42396	-0.4547	19.989
925.24	-0.48174	-0.50752	-0.48679	-0.41963	-0.31519	-0.35059	-0.46794	-0.79781	-1.6818	-2.5887	-2.9883	-2.9338	-2.5298	-1.8363	-1.3435	-0.57721	-0.1214	0.54209	0.86533	0.88279	0.60266	0.24302	-0.015049	-0.14545	-0.25372	-0.29648	-0.33162	-0.35232	-0.47003	-0.46685	19.94
929.5	-0.38019	-0.4896	-0.4347	-0.3852	-0.2779	-0.659	-0.47359	-0.85255	-1.762	-2.5089	-2.9654	-2.9204	-2.5182	-1.8111	-1.3463	-0.54126	-0.10407	0.52157	0.86136	0.90457	0.5999	0.26582	0.035008	-0.11304	-0.22189	-0.21587	-0.2664	-0.33629	-0.38497	-0.36714	19.989
933.76	-0.45262	-0.44857	-0.38309	-0.343	-0.50861	-0.66481	-0.46367	-0.76562	-1.7222	-2.6582	-2.9334	-2.9329	-2.4828	-1.828	-1.3135	-0.5305	-0.045153	0.5551	0.88061	0.90045	0.65336	0.29635	0.018262	-0.13622	-0.22087	-0.17544	-0.29689	-0.33476	-0.39147	-0.36547	19.973
934.82	-0.46034	-0.40156	-0.42396	-0.43957	-0.69519	-0.74331	-0.4709	-0.85599	-1.7361	-2.4946	-2.9853	-2.8952	-2.5118	-1.8259	-1.3209	-0.53818	-0.036762	0.5455	0.88732	0.89086	0.6446	0.30394	0.07623	-0.13607	-0.213	-0.24616	-0.21738	-0.35588	-0.38278	-0.3893	19.924
938.02	-0.36033	-0.38474	-0.41428	-0.57497	-0.68394	-0.51258	-0.46157	-0.75388	-1.746	-2.545	-3.0026	-2.9281	-2.5113	-1.8612	-1.3694	-0.60236	-0.094816	0.50789	0.84585	0.85371	0.61044	0.295	0.0099227	-0.13561	-0.24267	-0.22961	-0.28765	-0.2904	-0.39791	-0.3477	20.021
942.27	-0.35053	-0.37531	-0.49438	-0.70865	-0.68969	-0.43163	-0.47486	-0.78339	-1.6908	-2.5839	-3.0073	-2.9319	-2.5474	-1.8611	-1.3192	-0.56678	-0.07784	0.5145	0.84203	0.86684	0.64745	0.29367	0.067409	-0.12717	-0.18105	-0.18949	-0.25493	-0.27487	-0.3634	-0.33008	20.005
946.53	-0.32457	-0.34301	-0.63088	-0.68153	-0.54576	-0.54276	-0.57988	-0.73071	-1.6518	-2.5055	-2.9847	-2.9442	-2.5202	-1.828	-1.3483	-0.56423	-0.11044	0.50333	0.86873	0.89675	0.64454	0.29235	0.075287	-0.087631	-0.18777	-0.21198	-0.27724	-0.26656	-0.30478	-0.31263	19.973
946.53	-0.3327	-0.39659	-0.62272	-0.62567	-0.47534	-0.48188	-0.51865	-0.62421	-1.7931	-2.5472	-3.0211	-2.9696	-2.5596	-1.861	-1.3483	-0.58876	-0.13515	0.48561	0.86111	0.8883	0.63662	0.29235	0.04256	-0.07984	-0.17271	-0.21198	-0.22251	-0.29486	-0.23966	-0.30465	20.005
943.34	-0.43987	-0.4901	-0.63301	-0.54771	-0.50345	-0.49224	-0.44361	-0.89758	-1.7441	-2.5642	-3.0587	-3.0052	-2.6078	-1.9335	-1.4231	-0.59896	-0.14387	0.48725	0.82579	0.8913	0.66261	0.3169	0.059123	-0.12702	-0.17329	-0.15804	-0.19188	-0.31006	-0.30581	-0.29767	20.053
942.27	-0.4567	-0.48297	-0.58454	-0.54031	-0.44212	-0.54522	-0.42873	-0.86568	-1.888	-2.8019	-3.0986	-3.0512	-2.5949	-1.9357	-1.4247	-0.6325	-0.12748	0.47891	0.82672	0.86684	0.64745	0.27795	0.034534	-0.12717	-0.18105	-0.20512	-0.2078	-0.22511	-0.34705	-0.32206	19.989
942.27	-0.52204	-0.56755	-0.56815	-0.53229	-0.48633	-0.47532	-0.48255	-0.92329	-1.8564	-2.6509	-3.126	-3.0853	-2.6345	-1.9688	-1.4687	-0.66535	-0.1854	0.5056	0.83438	0.88382	0.62359	0.31726	0.050971	-0.11934	-0.21131	-0.25203	-0.24708	-0.32463	-0.35522	-0.41029	19.94
940.14	-0.52322	-0.59196	-0.59408	-0.52546	-0.44312	-0.47639	-0.46052	-0.98311	-1.829	-2.5813	-3.1422	-3.1179	-2.696	-1.9483	-1.472	-0.65863	-0.20241	0.49783	0.82092	0.87731	0.625	0.27069	0.034612	-0.14314	-0.22696	-0.2526	-0.27913	-0.28974	-0.43799	-0.44337	19.973
934.82	-0.5262	-0.59533	-0.53963	-0.47997	-0.42782	-0.41745	-0.4709	-0.92235	-1.8712	-2.6721	-3.1233	-3.1013	-2.6794	-1.9845	-1.4449	-0.67065	-0.16186	0.50066	0.85646	0.89942	0.66063	0.28016	0.07623	-0.1124	-0.1825	-0.22252	-0.23321	-0.34155	-0.40751	-0.46206	19.957
925.24	-0.39025	-0.52318	-0.53687	-0.46045	-0.49528	-0.42178	-0.53058	-0.92352	-1.8826	-2.7083	-3.2021	-3.1594	-2.7313	-2.005	-1.4599	-0.6776	-0.18039	0.46054	0.86533	0.90874	0.64317	0.27505	0.01843	-0.14545	-0.24602	-0.28055	-0.29962	-0.38852	-0.39507	-0.41784	19.989
918.85	-0.46834	-0.47162	-0.5322	-0.48009	-0.50779	-0.46055	-0.46331	-0.9637	-1.928	-2.9507	-3.215	-3.1727	-2.7585	-2.0869	-1.4971	-0.73286	-0.23255	0.43637	0.80855	0.90635	0.62317	0.2689	0.0017031	-0.13041	-0.27101	-0.27449	-0.32587	-0.36206	-0.37266	-0.3714	19.957
912.46	-0.36199	-0.40346	-0.56979	-0.45862	-0.49309	-0.37355	-0.49832	-0.87697	-1.9415	-2.7808	-3.1999	-3.1773	-2.7533	-2.0588	-1.4713	-0.72102	-0.19146	0.42105	0.85374	0.9127	0.66861	0.28703	0.027175	-0.11515	-0.22603	-0.26026	-0.29571	-0.29119	-0.3415	-0.34915	19.973
907.13	-0.42349	-0.30199	-0.56462	-0.50295	-0.50517	-0.49373	-0.5252	-0.92486	-1.8628	-2.7885	-3.285	-3.2048	-2.8023	-2.0967	-1.5438	-0.72526	-0.20118	0.45125	0.8508	0.8916	0.65601	0.32138	0.035872	-0.13209	-0.20378	-0.23743	-0.24033	-0.35936	-0.36049	-0.40119	20.021
905	-0.45	-0.39077	-0.55741	-0.51248	-0.50636	-0.53128	-0.53444	-0.93561	-2.0314	-2.7427	-3.2833	-3.239	-2.776	-2.0757	-1.5749	-0.74407	-0.21027	0.45231	0.8528	0.92022	0.66584	0.33852	0.035956	-0.1324	-0.25152	-0.23799	-0.2409	-0.3528	-0.38688	-0.43554	20.037
899.67	-0.45267	-0.40919	-0.59506	-0.53231	-0.52788	-0.50698	-0.45709	-0.96701	-1.9278	-2.6886	-3.2549	-3.2493	-2.809	-2.0967	-1.5014	-0.71407	-0.22018	0.49227	0.85786	0.96125	0.70311	0.31581	0.061993	-0.13319	-0.20547	-0.24759	-0.27523	-0.33256	-0.33779	-0.37932	20.005
901.8	-0.41747	-0.46447	-0.55083	-0.5143	-0.53587	-0.48752	-0.46404	-0.99052	-1.9645	-2.8312	-3.314	-3.2683	-2.8023	-2.1091	-1.553	-0.72955	-0.21966	0.48181	0.87182	0.91461	0.65989	0.3315	0.044671	-0.11651	-0.2287	-0.25517	-0.28279	-0.31691	-0.35408	-0.41194	19.94
907.13	-0.46591	-0.56558	-0.53056	-0.58622	-0.51436	-0.42112	-0.54117	-1.0873	-1.9939	-2.8407	-3.3135	-3.2845	-2.8517	-2.1397	-1.5438	-0.75086	-0.23556	0.42352	0.8508	0.92688	0.63948	0.29688	0.018798	-0.1077	-0.21164	-0.23743	-0.29744	-0.30029	-0.36049	-0.40952	19.94
910.33	-0.47273	-0.484	-0.57112	-0.53438	-0.46679	-0.46486	-0.47561	-1.109	-2.0358	-2.8828	-3.3018	-3.2641	-2.8416	-2.1407	-1.5748	-0.72271	-0.20903	0.44045	0.84781	0.91483	0.67841	0.29584	0.044253	-0.16404	-0.20307	-0.24469	-0.2964	-0.33602	-0.36769	-0.36657	19.989
913.52	-0.48792	-0.49023	-0.56067	-0.46636	-0.49251	-0.47225	-0.4898	-1.0797	-1.9799	-2.6911	-3.2809	-3.2703	-2.8235	-2.1418	-1.5784	-0.72018	-0.22537	0.45727	0.85274	0.92915	0.67603	0.31913	0.044098	-0.13117	-0.22577	-0.23577	-0.25485	-0.35684	-0.40014	-0.39011	20.005
916.72	-0.50301	-0.52804	-0.49131	-0.46473	-0.45444	-0.50653	-0.44068	-1.0421	-1.9406	-2.8282	-3.2976	-3.2676	-2.83	-2.1428	-1.618	-0.78522	-0.2586	0.48311	0.8419	0.89973	0.64915	0.31802	0.043944	-0.12266	-0.23276	-0.25102	-0.27011	-0.32637	-0.40715	-0.42997	19.973
922.05	-0.49176	-0.49356	-0.50522	-0.47843	-0.46989	-0.4411	-0.46171	-0.994	-2.0019	-2.8291	-3.2879	-3.2836	-2.8136	-2.1135	-1.5907	-0.78908	-0.28248	0.44395	0.82139	0.89453	0.62914	0.28404	0.04369	-0.14595	-0.22368	-0.27354	-0.2846	-0.2809	-0.41316	-0.44388	20.005
930.56	-0.47072	-0.47347	-0.5172	-0.51464	-0.41187	-0.37513	-0.48862	-1.0682	-1.9596	-2.7267	-3.2208	-3.2018	-2.7879	-2.1277	-1.5495	-0.77354	-0.21287	0.41286	0.85263	0.90354	0.67171	0.29737	0.068257	-0.11291	-0.21397	-0.22353	-0.25019	-0.32151	-0.36797	-0.4723	19.989
935.89	-0.45982	-0.44755	-0.49775	-0.431	-0.40063	-0.46096	-0.4781	-1.0539	-1.9405	-2.7281	-3.2025	-3.1407	-2.764	-2.0989	-1.5406	-0.68643	-0.18667	0.46426	0.8709	0.9326	0.72395	0.31943	0.059594	-0.12015	-0.23561	-0.22226	-0.28039	-0.31253	-0.43175	-0.42924	19.957
939.08	-0.42548	-0.44603	-0.46316	-0.36518	-0.43475	-0.44186	-0.46876	-1.0503	-1.9181	-2.6011	-3.1733	-3.1727	-2.7308	-2.0835	-1.5178	-0.67586	-0.21094	0.46268	0.82953	0.92943	0.6736	0.34201	0.042898	-0.11974	-0.20444	-0.22935	-0.2558	-0.33286	-0.35643	-0.37949	19.989
936.95	-0.43466	-0.43931	-0.43948	-0.39826	-0.44463	-0.40772	-0.48529	-1.1106	-2.0256	-2.784	-3.2172	-3.1628	-2.7529	-2.0882	-1.5301	-0.75174	-0.17813	0.43688	0.86221	0.8803	0.68313	0.29534	0.059526	-0.12789	-0.21251	-0.22987	-0.26428	-0.39796	-0.37369	-0.38035	20.021
938.02	-0.44237	-0.41564	-0.38958	-0.47029	-0.41748	-0.43359	-0.49246	-1.0267	-1.9837	-2.764	-3.2044	-3.1079	-2.7657	-2.0692	-1.5371	-0.69313	-0.17793	0.43639	0.83048	0.88783	0.63441	0.3266	0.034691	-0.12774	-0.22747	-0.21391	-0.26398	-0.34038	-0.39791	-0.43632	20.037
940.14	-0.49866	-0.4147	-0.43799	-0.42101	-0.41654	-0.45012	-0.5684	-1.1233	-1.8527	-2.741	-3.1971	-3.1606	-2.7039	-2.0562	-1.4984	-0.70802	-0.20241	0.48891	0.85161	0.91986	0.64095	0.28646	0.042849	-0.14314	-0.22696	-0.22126	-0.33423	-0.24699	-0.36422	-0.41926	19.957
939.08	-0.42548	-0.41517	-0.43849	-0.43758	-0.42588	-0.47693	-0.53048	-1.0833	-1.8944	-2.7441	-3.1366	-3.1214	-2.707	-2.017	-1.4825	-0.70058	-0.17773	0.46268	0.89866	0.91239	0.6736	0.28678	0.059391	-0.1276	-0.19685	-0.26073	-0.30309	-0.29007	-0.27438	-0.3634	19.989
938.02	-0.34392	-0.46198	-0.45545	-0.41392	-0.48854	-0.42481	-0.45385	-1.0845	-1.8332	-2.604	-3.1127	-3.1164	-2.71	-2.0193	-1.5107	-0.66012	-0.17793	0.47214	0.86123	0.93048	0.66637	0.295	0.059459	-0.12774	-0.14388	-0.20605	-0.24031	-0.34752	-0.30755	-0.33158	19.989
934.82	-0.41095	-0.40931	-0.4818	-0.47997	-0.47238	-0.4703	-0.4399	-1.1048	-1.9269	-2.7059	-3.1233	-3.1356	-2.7113	-2.0679	-1.4892	-0.67893	-0.19522	0.47375	0.84874	0.90798	0.67667	0.32772	0.018241	-0.14396	-0.1825	-0.2304	-0.26488	-0.35588	-0.35806	-0.36505	20.053
936.95	-0.43466	-0.43158	-0.46421	-0.47888	-0.45352	-0.49559	-0.50848	-1.0609	-1.9146	-2.7503	-3.1529	-3.12	-2.7131	-2.0466	-1.5124	-0.68565	-0.19478	0.45478	0.84682	0.87176	0.65913	0.28743	0.0016702	-0.17512	-0.22012	-0.25346	-0.24848	-0.30502	-0.39014	-0.32389	20.037
936.95	-0.46751	-0.49344	-0.44773	-0.42245	-0.48909	-0.49559	-0.56261	-1.0527	-1.8353	-2.6407	-3.1254	-3.0942	-2.6813	-1.9966	-1.4682	-0.68565	-0.18645	0.47268	0.86221	0.89738	0.66713	0.28743	0.042995	-0.14363	-0.24295	-0.27705	-0.24848	-0.29073	-0.41481	-0.44488	19.924
932.69	-0.45314	-0.46462	-0.44977	-0.44867	-0.54492	-0.52433	-0.55741	-1.0076	-1.9552	-2.6697	-3.1489	-3.1428	-2.6695	-2.0225	-1.4838	-0.69708	-0.17059	0.46585	0.85841	0.90147	0.6541	0.32846	0.034889	-0.13638	-0.23641	-0.23882	-0.29723	-0.34232	-0.37539	-0.3983	19.973
931.63	-0.47018	-0.48071	-0.51661	-0.51405	-0.474	-0.56912	-0.51917	-0.93383	-1.8776	-2.6049	-3.1248	-3.1205	-2.6726	-1.9829	-1.4499	-0.66465	-0.16241	0.48438	0.89811	0.9025	0.6629	0.29703	0.059866	-0.1207	-0.22138	-0.23909	-0.30551	-0.29958	-0.39237	-0.40686	19.94
930.56	-0.42937	-0.44232	-0.5587	-0.51464	-0.53721	-0.58747	-0.48862	-0.85991	-1.8878	-2.6588	-3.1284	-3.0896	-2.6756	-1.9768	-1.4337	-0.65709	-0.1626	0.47592	0.87588	0.90354	0.64754	0.28941	0.059935	-0.15254	-0.21397	-0.22353	-0.28995	-0.31432	-0.35141	-0.39109	20.005
931.63	-0.42062	-0.45737	-0.6078	-0.55459	-0.50977	-0.54261	-0.45696	-0.73408	-1.7979	-2.6134	-3.0417	-3.0516	-2.6085	-1.9578	-1.3876	-0.6231	-0.14568	0.50238	0.85939	0.91968	0.67094	0.29703	0.034928	-0.12862	-0.22138	-0.25491	-0.29757	-0.34272	-0.34274	-0.35008	19.973
932.69	-0.49439	-0.53454	-0.59883	-0.48107	-0.49133	-0.56847	-0.54964	-0.85794	-1.8835	-2.6866	-3.0751	-3.0653	-2.6375	-1.9806	-1.4482	-0.64729	-0.14551	0.47484	0.84295	0.91005	0.62196	0.25697	0.0016778	-0.14429	-0.19055	-0.23092	-0.28929	-0.34232	-0.37539	-0.39019	19.957
929.5	-0.47954	-0.52858	-0.55934	-0.40958	-0.36753	-0.48185	-0.4658	-0.71073	-1.77	-2.6534	-3.1412	-3.05	-2.6787	-2.0126	-1.471	-0.68282	-0.14601	0.52157	0.87688	0.90457	0.66441	0.28974	0.060003	-0.13685	-0.21422	-0.26342	-0.25843	-0.26423	-0.35182	-0.42406	19.973
924.18	-0.47397	-0.41402	-0.4372	-0.45281	-0.49585	-0.46681	-0.4528	-0.68126	-1.7642	-2.6173	-3.1035	-3.0762	-2.6296	-1.9482	-1.4257	-0.61975	-0.079364	0.55179	0.91315	0.94441	0.66013	0.33149	0.04359	-0.13764	-0.23088	-0.1932	-0.25992	-0.33823	-0.4122	-0.45921	20.021
918.85	-0.46834	-0.44796	-0.48176	-0.48832	-0.50779	-0.38887	-0.38447	-0.71897	-1.7825	-2.6927	-3.1121	-3.0853	-2.6205	-1.934	-1.4069	-0.61492	-0.10528	0.57323	0.9106	0.91506	0.63948	0.29309	0.043842	-0.14646	-0.23997	-0.27449	-0.26948	-0.31103	-0.38105	-0.42897	19.973
917.79	-0.48566	-0.48006	-0.5244	-0.5218	-0.43576	-0.46109	-0.34545	-0.66066	-1.8169	-2.6011	-3.1063	-3.0714	-2.6235	-1.9023	-1.3364	-0.56503	-0.054434	0.58303	0.96667	0.91612	0.66473	0.25307	0.043893	-0.12252	-0.19365	-0.26678	-0.30205	-0.36248	-0.43187	-0.4377	19.989
919.92	-0.45107	-0.50258	-0.51479	-0.51238	-0.48909	-0.37052	-0.38402	-0.74342	-1.74	-2.6123	-3.0804	-3.0206	-2.5931	-1.8894	-1.3333	-0.56373	-0.062783	0.53611	0.87818	0.92269	0.6306	0.27665	0.010118	-0.13026	-0.20095	-0.28218	-0.30135	-0.33252	-0.34711	-0.40383	20.005
914.59	-0.50418	-0.51343	-0.5009	-0.52363	-0.47372	-0.37268	-0.35458	-0.74775	-1.7745	-2.8089	-3.089	-3.0382	-2.5674	-1.8833	-1.3863	-0.60086	-0.063149	0.5484	0.90695	0.91057	0.66705	0.31066	0.027112	-0.14714	-0.24889	-0.2516	-0.29502	-0.31981	-0.39125	-0.40618	20.037
910.33	-0.51499	-0.54767	-0.50324	-0.54267	-0.45764	-0.43773	-0.40399	-0.64904	-1.7502	-2.6138	-3.094	-3.0436	-2.5958	-1.9436	-1.3655	-0.60367	-0.080572	0.56018	0.89535	0.92362	0.66194	0.29584	0.035746	-0.15593	-0.23439	-0.27706	-0.25575	-0.40224	-0.41001	-0.4745	20.037
907.13	-0.52529	-0.54161	-0.50502	-0.44466	-0.47762	-0.39389	-0.38944	-0.72826	-1.7973	-2.5446	-3.1049	-3.0544	-2.605	-1.9246	-1.3703	-0.6058	-0.072261	0.59913	0.90646	0.9357	0.63948	0.32955	0.027335	-0.14835	-0.24307	-0.23743	-0.26481	-0.37412	-0.41146	-0.4845	19.989
909.26	-0.53253	-0.54034	-0.50383	-0.45193	-0.43068	-0.51068	-0.40446	-0.78625	-1.7686	-2.6603	-3.0881	-3.0295	-2.6235	-1.8686	-1.3762	-0.58736	-0.11496	0.52395	0.88847	0.90711	0.6215	0.27174	0.018754	-0.13989	-0.25034	-0.27738	-0.34559	-0.38061	-0.44439	-0.49999	19.957
913.52	-0.46265	-0.49023	-0.45921	-0.51597	-0.50164	-0.41818	-0.40257	-0.77409	-1.8173	-2.5008	-3.0926	-3.033	-2.6031	-1.8855	-1.3789	-0.61004	-0.10589	0.50316	0.89222	0.88536	0.6268	0.26236	0.035621	-0.16346	-0.24918	-0.30028	-0.33587	-0.34951	-0.42545	-0.39838	19.957
912.46	-0.42102	-0.4511	-0.50207	-0.55796	-0.52048	-0.37355	-0.38716	-0.7665	-1.7949	-2.7808	-3.049	-3.0277	-2.5898	-1.9134	-1.3896	-0.56833	-0.11456	0.52212	0.85374	0.9127	0.61932	0.28703	0.027175	-0.17174	-0.20259	-0.27641	-0.30382	-0.4013	-0.39216	-0.43198	20.005
911.39	-0.39618	-0.48343	-0.49418	-0.50889	-0.44796	-0.45529	-0.37967	-0.80142	-1.7726	-2.6281	-3.0526	-3.0577	-2.5764	-1.9156	-1.3548	-0.5605	-0.071923	0.53193	0.88639	0.94888	0.63649	0.30362	0.01871	-0.13957	-0.21065	-0.23632	-0.30417	-0.33563	-0.36726	-0.4159	20.053
906.06	-0.50043	-0.47828	-0.48856	-0.47853	-0.45979	-0.4307	-0.42987	-0.84893	-1.824	-2.6609	-3.1085	-3.058	-2.5916	-1.9183	-1.3628	-0.58089	-0.046533	0.55356	0.90753	0.89265	0.64024	0.28088	0.01882	-0.16481	-0.25123	-0.27836	-0.30596	-0.37456	-0.42895	-0.48507	19.989
910.33	-0.49809	-0.57951	-0.51173	-0.47629	-0.48509	-0.48295	-0.48357	-0.89606	-1.7992	-2.6485	-3.1412	-3.0789	-2.6122	-1.875	-1.3473	-0.57817	-0.05488	0.55097	0.89535	0.87968	0.6043	0.247	0.027239	-0.15593	-0.23439	-0.30133	-0.30453	-0.37281	-0.4354	-0.39978	19.989
916.72	-0.49461	-0.55176	-0.55029	-0.53065	-0.47262	-0.4257	-0.41697	-0.9744	-1.8109	-2.6473	-3.0912	-3.0224	-2.5452	-1.8619	-1.3108	-0.52347	-0.08001	0.57457	0.88911	0.89973	0.60827	0.27761	0.027049	-0.13071	-0.25608	-0.27513	-0.34277	-0.28984	-0.44077	-0.4547	19.957
919.92	-0.43434	-0.51833	-0.55677	-0.56165	-0.44381	-0.45107	-0.44702	-1.0637	-1.8531	-2.6466	-3.0617	-3.0032	-2.5444	-1.847	-1.2793	-0.51324	-0.045833	0.54523	0.87034	0.8966	0.58986	0.26054	-0.0067173	-0.13026	-0.24745	-0.26616	-0.34158	-0.3398	-0.39736	-0.39561	19.973
922.05	-0.47507	-0.50142	-0.5136	-0.51939	-0.46989	-0.40538	-0.42242	-1.0024	-1.873	-2.7948	-3.0173	-2.9701	-2.5062	-1.7835	-1.2763	-0.47848	0.0050066	0.58034	0.88397	0.85982	0.62914	0.2519	0.010095	-0.16995	-0.23914	-0.25756	-0.31671	-0.37533	-0.37137	-0.46847	20.021
922.05	-0.46672	-0.4857	-0.5136	-0.50301	-0.47893	-0.4411	-0.42242	-0.96036	-1.8488	-2.6148	-3.0267	-2.9875	-2.4981	-1.8004	-1.2493	-0.47848	-0.003449	0.60762	0.87615	0.92056	0.62101	0.29208	-0.0067018	-0.12995	-0.24687	-0.27354	-0.2846	-0.36081	-0.3463	-0.41929	20.005
928.44	-0.44693	-0.47456	-0.4352	-0.49955	-0.4846	-0.41146	-0.40391	-0.92869	-1.8121	-2.5968	-3.0244	-2.9497	-2.4327	-1.746	-1.2408	-0.47518	-0.02022	0.60344	0.86235	0.88838	0.61674	0.26613	0.035049	-0.14495	-0.24517	-0.25578	-0.28265	-0.33668	-0.38542	-0.39198	19.924
936.95	-0.47572	-0.49344	-0.48894	-0.50307	-0.43574	-0.41651	-0.46209	-0.92853	-1.7718	-2.5901	-2.9785	-2.9143	-2.4425	-1.7468	-1.256	-0.53695	-0.086603	0.53532	0.84682	0.86322	0.59513	0.2558	0.059526	-0.11214	-0.25055	-0.26132	-0.31957	-0.30502	-0.41481	-0.40455	19.94
943.34	-0.4154	-0.47474	-0.52657	-0.47564	-0.42396	-0.42241	-0.5204	-0.95512	-1.7992	-2.5474	-2.9675	-2.8861	-2.4496	-1.7349	-1.2387	-0.5087	-0.044695	0.55836	0.87167	0.86586	0.61494	0.26978	0.042704	-0.1192	-0.23375	-0.25174	-0.27818	-0.28876	-0.36299	-0.40983	19.989
946.53	-0.414	-0.48845	-0.49216	-0.46606	-0.36092	-0.40359	-0.38853	-0.83721	-1.7774	-2.5138	-2.9393	-2.8594	-2.4256	-1.7621	-1.2258	-0.49063	-0.02807	0.5299	0.87635	0.8883	0.60495	0.29235	0.026197	-0.1188	-0.20283	-0.22755	-0.29288	-0.3444	-0.35363	-0.36054	19.989
946.53	-0.46278	-0.45783	-0.50848	-0.43413	-0.44894	-0.46448	-0.44211	-0.78806	-1.7617	-2.5305	-2.9575	-2.8763	-2.4256	-1.7456	-1.2083	-0.50699	-0.052781	0.5299	0.83825	0.87985	0.60495	0.26887	0.018015	-0.14218	-0.18777	-0.23533	-0.28506	-0.3444	-0.35363	-0.39247	19.973
947.59	-0.50286	-0.47261	-0.49976	-0.4177	-0.49239	-0.47265	-0.3881	-0.80354	-1.8225	-2.561	-2.9632	-2.8562	-2.4465	-1.7766	-1.2943	-0.50642	-0.085631	0.49391	0.82208	0.8282	0.59636	0.26075	0.017995	-0.16537	-0.26279	-0.25839	-0.30036	-0.35815	-0.41828	-0.40001	20.037
955.04	-0.44254	-0.43858	-0.43925	-0.4619	-0.52345	-0.46034	-0.35473	-0.7648	-1.7383	-2.4583	-2.9491	-2.8423	-2.404	-1.73	-1.2322	-0.51058	-0.035984	0.56029	0.83833	0.85525	0.57601	0.28975	0.025964	-0.13319	-0.23088	-0.24095	-0.23602	-0.3764	-0.40695	-0.44437	20.005
955.04	-0.43448	-0.4234	-0.47969	-0.4619	-0.47983	-0.37414	-0.39266	-0.74044	-1.676	-2.4914	-2.9311	-2.8423	-2.3103	-1.6973	-1.1888	-0.46195	-0.011493	0.52518	0.84588	0.86363	0.60741	0.25096	0.025964	-0.14863	-0.23835	-0.26409	-0.25927	-0.34133	-0.39889	-0.3415	19.957
951.85	-0.46019	-0.45527	-0.47318	-0.47139	-0.3589	-0.40999	-0.47008	-0.88141	-1.7909	-2.4749	-2.9138	-2.835	-2.3886	-1.7112	-1.2537	-0.51229	-0.060677	0.50932	0.86387	0.84131	0.60157	0.23623	0.034187	-0.16463	-0.24663	-0.25723	-0.29125	-0.32136	-0.35165	-0.39028	20.005
943.34	-0.46434	-0.48242	-0.50201	-0.4276	-0.39746	-0.43114	-0.45129	-0.93046	-1.7756	-2.4721	-2.9492	-2.8946	-2.4892	-1.8094	-1.2826	-0.54973	-0.086017	0.51392	0.85638	0.87434	0.61494	0.27763	0.018076	-0.14266	-0.19596	-0.25174	-0.27818	-0.33846	-0.35482	-0.40983	20.037
936.95	-0.46751	-0.50118	-0.4807	-0.44663	-0.49798	-0.51316	-0.46209	-0.95336	-1.7322	-2.5311	-2.9877	-2.9486	-2.4982	-1.7967	-1.256	-0.57	-0.069961	0.49952	0.86991	0.87176	0.61113	0.26371	0.009934	-0.12789	-0.22773	-0.27705	-0.30377	-0.37651	-0.37369	-0.42068	19.973
933.76	-0.40318	-0.44081	-0.4658	-0.48052	-0.5443	-0.4532	-0.42488	-1.0147	-1.8415	-2.6074	-3.0163	-2.9157	-2.5147	-1.828	-1.3313	-0.54708	-0.086899	0.51919	0.85743	0.89188	0.64533	0.25668	0.034849	-0.16782	-0.21324	-0.27799	-0.32067	-0.36345	-0.41623	-0.42212	19.957
930.56	-0.43764	-0.42675	-0.484	-0.53899	-0.44768	-0.49014	-0.42634	-0.99323	-1.8878	-2.5909	-2.9897	-2.9688	-2.5153	-1.8678	-1.3269	-0.54896	-0.078819	0.52097	0.82937	0.86915	0.59922	0.29737	0.026646	-0.13669	-0.22929	-0.23145	-0.24223	-0.32871	-0.36797	-0.41545	20.069
927.37	-0.46404	-0.46729	-0.50232	-0.50826	-0.45821	-0.48295	-0.41218	-1.0301	-1.8943	-2.5913	-3.0093	-2.9444	-2.4999	-1.8574	-1.3315	-0.57589	-0.053871	0.5318	0.87112	0.88077	0.61744	0.29839	0.026738	-0.12921	-0.21471	-0.20842	-0.27499	-0.32262	-0.38586	-0.38428	20.037
916.72	-0.45264	-0.47272	-0.56714	-0.47297	-0.44536	-0.48856	-0.48019	-1.0167	-1.8271	-2.6903	-3.0724	-3.0049	-2.5452	-1.8279	-1.3289	-0.56569	-0.088514	0.56542	0.87337	0.90845	0.64915	0.27761	0.069288	-0.13071	-0.20943	-0.26709	-0.26204	-0.32637	-0.35672	-0.41348	19.989
910.33	-0.48964	-0.54767	-0.57112	-0.50948	-0.5217	-0.48295	-0.54723	-0.9642	-1.9053	-2.6572	-3.094	-3.0525	-2.5631	-1.875	-1.3655	-0.58667	-0.11483	0.54176	0.85573	0.89726	0.59607	0.26328	0.027239	-0.14783	-0.25005	-0.28515	-0.28827	-0.35809	-0.40155	-0.43299	19.989
907.13	-0.44894	-0.46973	-0.54759	-0.51128	-0.45925	-0.4665	-0.42937	-0.99324	-1.8301	-2.6578	-3.0669	-3.0367	-2.5968	-1.9074	-1.3521	-0.58874	-0.11523	0.51594	0.89056	0.9357	0.64775	0.28055	0.035872	-0.12396	-0.23522	-0.24555	-0.3056	-0.3372	-0.37748	-0.38453	19.957
906.06	-0.48345	-0.47828	-0.51414	-0.54523	-0.49657	-0.4307	-0.46185	-0.91739	-1.9142	-2.7133	-3.118	-3.058	-2.6163	-1.9097	-1.3628	-0.58943	-0.12397	0.5258	0.88364	0.9368	0.64024	0.24817	0.0017271	-0.13225	-0.23549	-0.25397	-0.30596	-0.35239	-0.36092	-0.41834	19.989
906.06	-0.51742	-0.49427	-0.49709	-0.4702	-0.41381	-0.52157	-0.45386	-0.95162	-1.8732	-2.6958	-3.099	-2.9959	-2.5833	-1.8752	-1.3902	-0.53817	-0.089555	0.54431	0.88364	0.9368	0.65678	0.28088	0.010273	-0.15667	-0.26696	-0.23771	-0.29779	-0.35978	-0.42044	-0.41834	20.005
902.87	-0.45106	-0.49602	-0.44752	-0.45513	-0.47065	-0.65108	-0.45547	-0.88629	-1.8716	-2.6704	-3.1195	-3.0243	-2.6008	-1.8732	-1.3218	-0.55722	-0.063969	0.5741	0.90275	0.91353	0.6342	0.3229	0.027464	-0.14088	-0.23633	-0.27119	-0.26606	-0.32396	-0.39633	-0.41982	20.053
901.8	-0.44306	-0.4484	-0.46518	-0.43054	-0.67445	-0.51491	-0.456	-0.99052	-1.8491	-2.7173	-3.0755	-3.0368	-2.5625	-1.8322	-1.2866	-0.55788	-0.064044	0.5097	0.90382	0.89687	0.65989	0.30685	0.010321	-0.12469	-0.2287	-0.25517	-0.30741	-0.35405	-0.37971	-0.41194	19.973
902.87	-0.41697	-0.45589	-0.45608	-0.58899	-0.50756	-0.43223	-0.46349	-0.99794	-1.9786	-2.6179	-3.1195	-3.0688	-2.6255	-1.9164	-1.4227	-0.60866	-0.15032	0.5091	0.89476	0.91353	0.6259	0.27366	0.018886	-0.13272	-0.22054	-0.27935	-0.30705	-0.3388	-0.33659	-0.39471	19.94
906.06	-0.33906	-0.45428	-0.47151	-0.60358	-0.51496	-0.42162	-0.43787	-1.003	-1.8486	-2.6348	-3.137	-3.0934	-2.6657	-1.9527	-1.4451	-0.59797	-0.14979	0.49805	0.8518	0.92797	0.64024	0.28905	0.010273	-0.14853	-0.21189	-0.25397	-0.28962	-0.32282	-0.3269	-0.33493	19.973
909.26	-0.38019	-0.34909	-0.59727	-0.60146	-0.4765	-0.42014	-0.50007	-1.0165	-1.883	-2.6429	-3.0787	-3.0649	-2.6153	-1.9544	-1.3945	-0.59587	-0.12354	0.53318	0.88847	0.95111	0.6792	0.31248	0.027271	-0.13178	-0.19546	-0.22877	-0.26419	-0.34378	-0.36812	-0.33376	19.989
911.39	-0.42996	-0.45958	-0.5196	-0.52546	-0.43882	-0.61789	-0.56249	-1.0652	-1.8949	-2.6281	-3.1281	-3.0489	-2.6583	-1.9499	-1.4457	-0.59448	-0.10614	0.51353	0.88639	0.91376	0.67761	0.30362	0.044201	-0.13147	-0.17936	-0.23632	-0.27981	-0.33563	-0.35035	-0.4076	19.989
912.46	-0.56439	-0.54639	-0.54439	-0.4669	-0.63918	-0.58108	-0.53801	-0.95345	-1.8927	-2.6683	-3.1245	-3.0893	-2.647	-1.9647	-1.444	-0.65316	-0.13165	0.52212	0.85374	0.9127	0.61932	0.30327	0.027175	-0.14749	-0.25728	-0.23604	-0.31193	-0.32789	-0.4175	-0.44026	20.021
919.92	-0.61838	-0.62073	-0.56517	-0.58628	-0.62494	-0.56742	-0.54153	-0.97944	-1.7966	-2.6209	-3.0804	-3.0468	-2.5931	-1.9148	-1.3963	-0.63945	-0.14753	0.47232	0.87034	0.8966	0.65504	0.2847	0.060628	-0.13026	-0.2242	-0.24214	-0.31745	-0.32524	-0.40574	-0.46133	19.957
924.18	-0.46564	-0.67275	-0.54585	-0.62445	-0.63108	-0.51135	-0.52335	-0.91619	-1.8606	-2.8311	-3.0941	-3.0154	-2.6054	-1.8976	-1.4257	-0.64488	-0.17216	0.50643	0.88974	0.91844	0.66013	0.29942	0.077108	-0.12965	-0.23859	-0.27291	-0.26793	-0.34548	-0.39553	-0.45103	19.973
928.44	-0.35576	-0.52138	-0.62653	-0.63786	-0.51153	-0.46466	-0.45853	-0.83682	-1.8361	-2.5373	-3.0429	-2.9756	-2.5854	-1.9309	-1.3746	-0.63358	-0.14618	0.48604	0.86235	0.92285	0.64096	0.27411	0.010025	-0.12906	-0.25285	-0.27165	-0.33845	-0.35111	-0.39371	-0.43268	19.973
930.56	-0.47072	-0.44232	-0.6251	-0.53899	-0.4835	-0.41052	-0.38741	-0.85157	-1.776	-2.7267	-3.0359	-3.0206	-2.5714	-1.9265	-1.3625	-0.63213	-0.12909	0.47592	0.87588	0.86915	0.62338	0.27348	0.018324	-0.12876	-0.22929	-0.27895	-0.28995	-0.33591	-0.37625	-0.43981	20.021
933.76	-0.48559	-0.47961	-0.54852	-0.4967	-0.45507	-0.41793	-0.44816	-0.76562	-1.8017	-2.6159	-2.9795	-2.9415	-2.5467	-1.8614	-1.3579	-0.56366	-0.1203	0.51021	0.83426	0.90045	0.64533	0.28842	0.043142	-0.14412	-0.19034	-0.26222	-0.28896	-0.35628	-0.38322	-0.43831	19.973
939.08	-0.54839	-0.56177	-0.52896	-0.43758	-0.43475	-0.45063	-0.46876	-0.81082	-1.8074	-2.5422	-2.9992	-2.8991	-2.5005	-1.8425	-1.3414	-0.60992	-0.12792	0.50732	0.82953	0.86979	0.60974	0.28678	0.026405	-0.15116	-0.2424	-0.26073	-0.27944	-0.34	-0.40566	-0.50021	20.005
941.21	-0.4981	-0.5451	-0.48673	-0.41251	-0.45147	-0.44961	-0.4754	-0.81723	-1.7796	-2.5868	-3.0016	-2.9608	-2.5107	-1.8798	-1.3647	-0.62499	-0.10278	0.46163	0.82766	0.85932	0.61633	0.27826	0.026345	-0.11164	-0.23427	-0.26014	-0.3024	-0.32499	-0.42931	-0.44287	19.973
945.46	-0.47144	-0.46601	-0.39468	-0.4506	-0.48469	-0.48242	-0.48092	-0.86276	-1.7952	-2.5417	-2.9972	-2.9135	-2.4599	-1.7723	-1.2534	-0.54849	-0.061087	0.50389	0.86208	0.90622	0.63734	0.30052	0.034417	-0.12674	-0.2106	-0.24339	-0.29321	-0.34479	-0.40292	-0.4089	19.989
945.46	-0.47958	-0.44302	-0.42736	-0.54648	-0.4935	-0.44759	-0.41962	-0.92017	-1.8266	-2.6169	-2.9699	-2.939	-2.4915	-1.8136	-1.3235	-0.57305	-0.12705	0.48616	0.85445	0.87238	0.61356	0.27701	0.034417	-0.11113	-0.19552	-0.25897	-0.30887	-0.35895	-0.37032	-0.40091	19.989
948.65	-0.39685	-0.3957	-0.45035	-0.56056	-0.46549	-0.41137	-0.44112	-0.99881	-1.8204	-2.5498	-2.969	-2.9376	-2.5067	-1.8404	-1.3453	-0.62008	-0.13484	0.45801	0.83637	0.86101	0.61939	0.28389	0.026138	-0.11853	-0.21741	-0.25033	-0.30003	-0.33657	-0.3772	-0.39956	19.973
949.72	-0.42071	-0.37237	-0.49864	-0.50426	-0.44743	-0.48893	-0.37197	-0.96503	-1.8419	-2.6052	-2.9928	-2.9174	-2.5274	-1.8876	-1.3874	-0.60309	-0.12648	0.46632	0.82024	0.84319	0.64238	0.32258	0.042417	-0.1184	-0.21716	-0.22678	-0.27631	-0.32208	-0.37678	-0.35933	20.021
950.78	-0.3393	-0.38719	-0.49808	-0.49575	-0.47321	-0.44508	-0.46299	-0.9558	-1.8554	-2.569	-3.0437	-2.9732	-2.5638	-1.9347	-1.412	-0.6594	-0.15094	0.44817	0.81932	0.85066	0.64166	0.32221	0.04237	-0.11051	-0.21692	-0.20329	-0.24487	-0.33581	-0.31963	-0.34303	20.005
948.65	-0.35629	-0.3957	-0.52362	-0.51279	-0.51819	-0.38533	-0.47167	-0.99881	-1.7969	-2.6331	-3.0778	-3.0561	-2.5932	-1.9555	-1.4239	-0.66903	-0.15128	0.48452	0.82876	0.87787	0.62729	0.33856	0.066955	-0.087435	-0.20238	-0.2348	-0.22981	-0.27302	-0.28786	-0.30396	19.989
946.53	-0.38148	-0.42721	-0.5248	-0.55384	-0.41373	-0.42099	-0.4268	-1.0338	-1.8716	-2.7225	-3.0938	-3.046	-2.6226	-1.9682	-1.4358	-0.69507	-0.20928	0.41475	0.83063	0.87139	0.63662	0.29235	0.091649	-0.10322	-0.18777	-0.21976	-0.23033	-0.2241	-0.29664	-0.34457	19.973
944.4	-0.41493	-0.43584	-0.55051	-0.5151	-0.44112	-0.44809	-0.58886	-1.0526	-1.8995	-2.7454	-3.119	-3.0953	-2.6917	-1.9974	-1.4829	-0.71303	-0.22626	0.44232	0.84014	0.89877	0.646	0.3087	0.067257	-0.0644	-0.18064	-0.21246	-0.26219	-0.28843	-0.29731	-0.32934	19.957
944.4	-0.39863	-0.42817	-0.56687	-0.46711	-0.47641	-0.4045	-0.53516	-1.0362	-1.9231	-2.6952	-3.119	-3.1124	-2.6996	-2.0552	-1.5004	-0.71303	-0.24277	0.38905	0.77903	0.89877	0.63012	0.30086	0.026256	-0.11126	-0.1731	-0.24366	-0.23085	-0.30262	-0.38706	-0.37735	19.957
938.02	-0.52441	-0.42336	-0.48016	-0.47029	-0.51518	-0.41603	-0.56197	-1.0597	-1.9441	-2.7725	-3.1585	-3.1592	-2.7737	-2.1025	-1.5371	-0.77564	-0.26105	0.40064	0.8151	0.89636	0.66637	0.3187	0.051203	-0.088426	-0.19707	-0.23747	-0.26398	-0.31896	-0.35684	-0.44438	19.989
933.76	-0.57624	-0.47961	-0.48235	-0.53715	-0.52645	-0.49728	-0.52574	-1.0314	-1.9609	-2.802	-3.2558	-3.1822	-2.7943	-2.1121	-1.5796	-0.73773	-0.24554	0.41144	0.83426	0.91758	0.70152	0.32809	0.084609	-0.096728	-0.16743	-0.22277	-0.26518	-0.32041	-0.39972	-0.43021	20.069
928.44	-0.52153	-0.5526	-0.47679	-0.5565	-0.50255	-0.51787	-0.57557	-0.9621	-1.9081	-2.6819	-3.2374	-3.2178	-2.8103	-2.099	-1.5887	-0.75864	-0.24694	0.46798	0.87789	0.92285	0.66518	0.31401	0.085094	-0.10523	-0.22214	-0.24785	-0.28265	-0.31504	-0.36882	-0.44896	19.973
925.24	-0.48174	-0.50752	-0.50348	-0.59107	-0.48628	-0.43068	-0.49926	-1.0576	-1.9709	-2.8876	-3.2672	-3.2549	-2.82	-2.1315	-1.6031	-0.79472	-0.2815	0.43335	0.81855	0.90009	0.66747	0.30709	0.077019	-0.11356	-0.2075	-0.23278	-0.25162	-0.32336	-0.37842	-0.44234	19.957
925.24	-0.3653	-0.44487	-0.52018	-0.6319	-0.46827	-0.51076	-0.4836	-1.0073	-1.9789	-2.768	-3.2393	-3.2375	-2.812	-2.1568	-1.621	-0.76962	-0.25622	0.40617	0.84194	0.91738	0.69178	0.31509	0.06028	-0.12951	-0.19209	-0.20094	-0.25162	-0.31612	-0.34511	-0.38517	19.973
922.05	-0.37491	-0.32854	-0.63925	-0.56035	-0.56928	-0.47681	-0.47742	-1.0613	-2.0261	-2.8805	-3.2692	-3.2313	-2.8541	-2.1643	-1.6267	-0.78908	-0.29939	0.40758	0.80574	0.88585	0.69417	0.32422	0.04369	-0.12995	-0.18502	-0.2256	-0.26052	-0.35354	-0.37137	-0.37011	20.005
915.65	-0.50359	-0.44161	-0.62684	-0.62201	-0.57326	-0.45317	-0.41746	-0.94166	-1.9347	-2.797	-3.2826	-3.3153	-2.8658	-2.205	-1.5928	-0.81995	-0.26742	0.38295	0.835	0.91825	0.7072	0.32648	0.069368	-0.1067	-0.17074	-0.21109	-0.25426	-0.29749	-0.3908	-0.33968	19.989
908.2	-0.54162	-0.45322	-0.60648	-0.55227	-0.52293	-0.46595	-0.4847	-0.94939	-1.9588	-2.8113	-3.3475	-3.3425	-2.8894	-2.1801	-1.6332	-0.78407	-0.23528	0.43226	0.8498	0.89936	0.68825	0.31285	0.08699	-0.12382	-0.19569	-0.18849	-0.2319	-0.35156	-0.394	-0.37575	20.021
905	-0.49252	-0.44681	-0.54888	-0.49579	-0.43271	-0.4858	-0.54245	-0.93561	-1.9411	-2.9958	-3.3878	-3.3366	-2.9078	-2.1792	-1.6298	-0.80394	-0.27057	0.44305	0.82889	0.92906	0.6824	0.32214	0.087298	-0.091652	-0.20426	-0.25427	-0.28179	-0.3306	-0.36134	-0.36038	19.973
908.2	-0.50773	-0.50109	-0.52994	-0.44414	-0.41284	-0.46595	-0.50863	-1.0518	-1.9915	-2.8461	-3.3664	-3.3337	-2.914	-2.1973	-1.6059	-0.78407	-0.26103	0.44149	0.83392	0.95222	0.66349	0.31285	0.044357	-0.099451	-0.22709	-0.24526	-0.2808	-0.33681	-0.3431	-0.40072	19.973
906.06	-0.45797	-0.4143	-0.41184	-0.47853	-0.4506	-0.5034	-0.51782	-1.08	-1.947	-3.0098	-3.3933	-3.3504	-2.9126	-2.1508	-1.6096	-0.77737	-0.25304	0.48879	0.8518	0.9368	0.69814	0.32994	0.07865	-0.099685	-0.18042	-0.21332	-0.27329	-0.29325	-0.35241	-0.37664	19.989
903.93	-0.47607	-0.4794	-0.47263	-0.51309	-0.50696	-0.53191	-0.51103	-1.1254	-2.1242	-2.9469	-3.3918	-3.3494	-2.9112	-2.1731	-1.6226	-0.76208	-0.25364	0.45284	0.89371	0.94786	0.6915	0.33891	0.087401	-0.075443	-0.19662	-0.22197	-0.28212	-0.31617	-0.37029	-0.38589	19.989
901.8	-0.49427	-0.44036	-0.45661	-0.49755	-0.54511	-0.46926	-0.48011	-1.1367	-2.0386	-2.9714	-3.3712	-3.384	-2.9429	-2.2302	-1.6264	-0.79821	-0.24559	0.45391	0.86383	0.96785	0.70976	0.33972	0.061846	-0.10016	-0.18127	-0.2225	-0.29099	-0.32434	-0.38825	-0.3868	19.957
903.93	-0.48459	-0.41528	-0.46408	-0.51309	-0.54382	-0.44083	-0.53507	-1.1855	-2.0996	-3.0256	-3.4108	-3.3583	-2.9195	-2.2163	-1.6409	-0.80489	-0.26226	0.43429	0.84583	0.89475	0.69979	0.33891	0.053133	-0.13256	-0.2045	-0.22197	-0.28212	-0.35322	-0.36177	-0.40261	20.005
912.46	-0.48849	-0.49081	-0.46821	-0.54141	-0.4657	-0.46378	-0.52213	-1.1319	-2.1207	-2.9454	-3.4167	-3.3533	-2.9167	-2.187	-1.6438	-0.78889	-0.24272	0.42105	0.84583	0.90393	0.69325	0.32763	0.052637	-0.13132	-0.2104	-0.23604	-0.27137	-0.34992	-0.4175	-0.35743	19.94
918.85	-0.46834	-0.47951	-0.48176	-0.5623	-0.42619	-0.53223	-0.47908	-1.1325	-2.0412	-2.8905	-3.3836	-3.3562	-2.8559	-2.1803	-1.6233	-0.82552	-0.25801	0.43637	0.83995	0.91506	0.64764	0.34954	0.069127	-0.098298	-0.19342	-0.20233	-0.20505	-0.31103	-0.38105	-0.42075	19.957
922.05	-0.45837	-0.43855	-0.49685	-0.47024	-0.44279	-0.47681	-0.49313	-1.179	-2.1067	-2.889	-3.3718	-3.3184	-2.8945	-2.1812	-1.5907	-0.79747	-0.24866	0.43486	0.87615	0.90321	0.67791	0.30815	0.085684	-0.10596	-0.20049	-0.24158	-0.23644	-0.30269	-0.32959	-0.35372	19.973
924.18	-0.44899	-0.48458	-0.51242	-0.46915	-0.51388	-0.46681	-0.44496	-1.1343	-2.0616	-2.8225	-3.3082	-3.2934	-2.8717	-2.1593	-1.5691	-0.73701	-0.25652	0.44292	0.86632	0.94441	0.68446	0.34753	0.051969	-0.089751	-0.16917	-0.20914	-0.28395	-0.30924	-0.31215	-0.36926	20.005
930.56	-0.47899	-0.5124	-0.484	-0.45782	-0.47454	-0.39282	-0.43412	-1.1599	-1.9996	-2.939	-3.3132	-3.3053	-2.868	-2.1696	-1.6029	-0.74858	-0.26314	0.43988	0.81387	0.92933	0.63949	0.32125	0.026646	-0.13669	-0.19865	-0.24728	-0.29791	-0.32151	-0.31829	-0.42357	19.957
941.21	-0.51445	-0.47581	-0.47853	-0.43659	-0.39836	-0.4846	-0.39073	-1.0891	-2.0085	-2.8218	-3.3123	-3.2423	-2.8197	-2.1285	-1.5759	-0.74834	-0.21874	0.43491	0.82766	0.86782	0.67208	0.28613	0.051029	-0.12731	-0.1964	-0.22101	-0.26308	-0.33211	-0.39656	-0.44287	19.989
945.46	-0.53655	-0.51965	-0.50905	-0.34674	-0.51994	-0.40405	-0.44261	-1.0678	-1.9995	-2.8258	-3.261	-3.2277	-2.7755	-2.1024	-1.5601	-0.76953	-0.23425	0.43295	0.83919	0.89776	0.66112	0.33186	0.067181	-0.11893	-0.20306	-0.2356	-0.2619	-0.3377	-0.38662	-0.44088	19.973
948.65	-0.52664	-0.54082	-0.45035	-0.40131	-0.43915	-0.46344	-0.36475	-1.056	-1.9536	-2.758	-3.2319	-3.1999	-2.7661	-2.0625	-1.5548	-0.72615	-0.2499	0.47568	0.83637	0.92004	0.6589	0.33856	0.075118	-0.09521	-0.20989	-0.25033	-0.30003	-0.2942	-0.38532	-0.40753	19.989
947.59	-0.48662	-0.4879	-0.45085	-0.4735	-0.50998	-0.40314	-0.40339	-1.0163	-1.995	-2.6194	-3.2265	-3.2035	-2.785	-2.0895	-1.5566	-0.75147	-0.24195	0.41428	0.86014	0.89575	0.68337	0.31548	0.075203	-0.11867	-0.21013	-0.27394	-0.28474	-0.29453	-0.38576	-0.40001	19.957
949.72	-0.46933	-0.44866	-0.45797	-0.52812	-0.38602	-0.3849	-0.39486	-1.0385	-1.9279	-2.6801	-3.2283	-3.1795	-2.7945	-2.0602	-1.5531	-0.74979	-0.24962	0.42218	0.84302	0.90216	0.66605	0.29137	0.075034	-0.1184	-0.19464	-0.2423	-0.27631	-0.30092	-0.38489	-0.41503	19.989
953.97	-0.4753	-0.41628	-0.46403	-0.47034	-0.4105	-0.41771	-0.36272	-0.99324	-1.9271	-2.7509	-3.1508	-3.1064	-2.7351	-2.0755	-1.5549	-0.73021	-0.25668	0.41151	0.7939	0.91492	0.64737	0.31337	0.03411	-0.12561	-0.19378	-0.22577	-0.28284	-0.32767	-0.35087	-0.42902	19.973
955.04	-0.46671	-0.46134	-0.48777	-0.45399	-0.41004	-0.4431	-0.41541	-1.0084	-1.9328	-2.7561	-3.1203	-3.1533	-2.7242	-2.0732	-1.5705	-0.7294	-0.26456	0.41106	0.80057	0.90552	0.6388	0.28975	0.05029	-0.12547	-0.17863	-0.26409	-0.28252	-0.35536	-0.38275	-0.4048	20.005
955.04	-0.41031	-0.46893	-0.41499	-0.43818	-0.42749	-0.36552	-0.38507	-0.92718	-1.8783	-2.5824	-3.1473	-3.0861	-2.7398	-2.0405	-1.5271	-0.74561	-0.21558	0.42861	0.82323	0.88039	0.67804	0.28975	0.05029	-0.14091	-0.20849	-0.22552	-0.26702	-0.33432	-0.37468	-0.39689	20.053
947.59	-0.42978	-0.49555	-0.4753	-0.4177	-0.38689	-0.42921	-0.40339	-0.95083	-1.8695	-2.7111	-3.1811	-3.1442	-2.722	-2.0318	-1.5129	-0.7433	-0.24195	0.45852	0.81447	0.8873	0.64382	0.31548	0.075203	-0.087533	-0.19508	-0.23507	-0.29255	-0.31574	-0.36136	-0.39203	19.989
944.4	-0.49641	-0.47421	-0.47691	-0.41112	-0.39702	-0.41322	-0.43544	-0.95405	-1.9073	-2.7286	-3.1645	-3.1634	-2.7391	-2.0304	-1.518	-0.72942	-0.23451	0.41569	0.84014	0.87336	0.646	0.30086	0.059057	-0.12688	-0.21838	-0.24366	-0.30922	-0.3168	-0.39522	-0.40136	19.973
946.53	-0.43026	-0.52673	-0.51664	-0.41019	-0.44013	-0.3949	-0.44976	-0.9519	-1.8795	-2.5973	-3.1483	-3.1308	-2.6778	-2.0424	-1.5058	-0.73596	-0.23399	0.45904	0.80777	0.86294	0.63662	0.28452	0.067106	-0.14218	-0.21789	-0.25868	-0.26942	-0.31609	-0.36991	-0.40046	19.924
946.53	-0.50343	-0.51907	-0.46768	-0.45808	-0.45774	-0.40359	-0.38853	-0.90275	-1.9187	-2.6891	-3.1574	-3.1393	-2.733	-2.0341	-1.5233	-0.75231	-0.25046	0.40589	0.83063	0.87139	0.62079	0.30018	0.050742	-0.064255	-0.1953	-0.23533	-0.28506	-0.31609	-0.35363	-0.39247	19.957
943.34	-0.44803	-0.46706	-0.45288	-0.49966	-0.46812	-0.37878	-0.38217	-0.988	-1.878	-2.7066	-3.1316	-3.1244	-2.7106	-2.0576	-1.5109	-0.68922	-0.19346	0.4517	0.84108	0.92523	0.66261	0.3169	0.075542	-0.10357	-0.16573	-0.2127	-0.27034	-0.31716	-0.37933	-0.38579	20.005
933.76	-0.41966	-0.43305	-0.44926	-0.4967	-0.43723	-0.42675	-0.40936	-0.84036	-1.8813	-2.709	-3.1914	-3.1736	-2.7384	-2.0285	-1.5264	-0.71287	-0.20379	0.48327	0.84971	0.90902	0.65336	0.31222	0.076317	-0.12832	-0.19797	-0.25433	-0.21762	-0.34193	-0.32546	-0.37356	20.005
929.5	-0.38847	-0.45063	-0.50117	-0.53961	-0.43027	-0.45527	-0.43462	-0.95266	-1.8979	-2.8404	-3.2337	-3.1622	-2.7589	-2.0546	-1.5334	-0.71613	-0.17956	0.45843	0.84584	0.88736	0.67248	0.33756	0.04334	-0.12098	-0.23722	-0.23964	-0.29028	-0.33629	-0.37668	-0.37527	20.021
929.5	-0.4133	-0.45063	-0.55934	-0.48272	-0.48405	-0.41985	-0.458	-0.96934	-1.9059	-2.7894	-3.2337	-3.2141	-2.7509	-2.0462	-1.5156	-0.74111	-0.21311	0.46745	0.83808	0.89596	0.63216	0.31365	0.04334	-0.12098	-0.23722	-0.25549	-0.31417	-0.32909	-0.37668	-0.39966	19.924
928.44	-0.34747	-0.43553	-0.5267	-0.45073	-0.47563	-0.38486	-0.42732	-0.98716	-1.9081	-3.0394	-3.2097	-3.1745	-2.7541	-2.0738	-1.5084	-0.71695	-0.19656	0.45895	0.83904	0.93146	0.66518	0.29805	0.018366	-0.14495	-0.20678	-0.22405	-0.28265	-0.30782	-0.38542	-0.31872	19.989
925.24	-0.43184	-0.35873	-0.51183	-0.48494	-0.48628	-0.40398	-0.38964	-0.9738	-1.8906	-2.8193	-3.2114	-3.1855	-2.7636	-2.0641	-1.5226	-0.66924	-0.18039	0.48772	0.86533	0.92603	0.69178	0.29908	0.04354	-0.13748	-0.19979	-0.24074	-0.28362	-0.33784	-0.37842	-0.31982	19.989
917.79	-0.42696	-0.4248	-0.44866	-0.51357	-0.43576	-0.35344	-0.42438	-0.98171	-1.9707	-2.7991	-3.2188	-3.1676	-2.7454	-2.0468	-1.5259	-0.6578	-0.18185	0.50082	0.87236	0.94227	0.68106	0.30151	0.035455	-0.13056	-0.23249	-0.21862	-0.29399	-0.33329	-0.34791	-0.34713	19.973
912.46	-0.45476	-0.4511	-0.45128	-0.45034	-0.41091	-0.40964	-0.38716	-1.0044	-1.9497	-2.8241	-3.2753	-3.2213	-2.786	-2.0759	-1.5257	-0.71254	-0.18291	0.48537	0.87745	0.89516	0.67682	0.27079	0.027175	-0.16365	-0.23384	-0.22797	-0.32815	-0.3646	-0.36683	-0.39056	19.973
910.33	-0.49809	-0.4442	-0.48628	-0.40991	-0.39357	-0.47391	-0.42786	-0.98124	-2.0032	-2.9175	-3.2735	-3.2377	-2.7679	-2.0464	-1.5384	-0.71421	-0.2176	0.47729	0.84781	0.89726	0.65371	0.27956	0.044253	-0.14783	-0.22656	-0.27706	-0.26388	-0.33602	-0.38462	-0.45789	19.957
910.33	-0.46427	-0.43624	-0.46082	-0.41821	-0.44849	-0.44678	-0.45173	-1.1005	-1.9053	-3.2734	-3.2546	-3.22	-2.7433	-2.0207	-1.5111	-0.6972	-0.22616	0.50492	0.87158	0.92362	0.629	0.2877	0.001719	-0.13163	-0.21873	-0.26897	-0.28827	-0.38752	-0.32537	-0.39148	20.005
909.26	-0.41404	-0.45269	-0.43588	-0.50177	-0.43068	-0.41108	-0.43633	-1.1274	-2.0137	-2.8167	-3.249	-3.2238	-2.7383	-2.0403	-1.5038	-0.69802	-0.17498	0.48707	0.88847	0.91591	0.66272	0.27989	0.044305	-0.15612	-0.22682	-0.26928	-0.28861	-0.30695	-0.3427	-0.37531	19.957
906.06	-0.25413	-0.38231	-0.43742	-0.49521	-0.4414	-0.3671	-0.46185	-1.0629	-2.0044	-2.8266	-3.2319	-3.2175	-2.748	-2.0388	-1.4451	-0.64923	-0.13258	0.5073	0.8916	0.96329	0.68987	0.32176	0.044461	-0.13225	-0.20402	-0.27023	-0.28146	-0.3376	-0.31839	-0.30991	19.973
903.93	-0.41648	-0.39925	-0.46408	-0.51309	-0.42401	-0.43172	-0.41486	-1.1254	-2.042	-2.8071	-3.2491	-3.225	-2.738	-2.0609	-1.4577	-0.67645	-0.15876	0.48067	0.86977	0.93901	0.66662	0.31432	0.027431	-0.10808	-0.25971	-0.27902	-0.27393	-0.3384	-0.32767	-0.34408	19.957
902.87	-0.42549	-0.42379	-0.51596	-0.45513	-0.42451	-0.3684	-0.45547	-1.1096	-2.0691	-2.8279	-3.2529	-3.1844	-2.7412	-2.0374	-1.5052	-0.65153	-0.15032	0.49052	0.88677	0.92239	0.68401	0.30649	0.061773	-0.14905	-0.21264	-0.25487	-0.28245	-0.3388	-0.34513	-0.29427	19.957
900.73	-0.41796	-0.48111	-0.48288	-0.37235	-0.41626	-0.40583	-0.45654	-1.1897	-2.074	-2.8258	-3.3275	-3.2276	-2.7643	-2.0596	-1.4996	-0.70463	-0.13336	0.50099	0.88086	0.92458	0.69395	0.30721	0.044724	-0.14122	-0.23689	-0.23912	-0.29134	-0.33216	-0.26895	-0.32853	20.053
902.87	-0.41697	-0.49602	-0.49029	-0.43003	-0.3876	-0.50518	-0.47151	-1.1439	-2.0527	-2.8191	-3.3005	-3.2466	-2.7742	-2.0201	-1.4502	-0.64295	-0.14168	0.5741	0.91074	0.94898	0.67571	0.33931	0.061773	-0.13272	-0.22843	-0.25487	-0.26606	-0.31654	-0.34513	-0.32775	20.005
903.93	-0.39094	-0.47139	-0.45554	-0.45459	-0.47931	-0.4044	-0.46294	-1.2198	-2.0502	-2.842	-3.2967	-3.2428	-2.7545	-2.0178	-1.4668	-0.65932	-0.12427	0.50849	0.91765	0.93901	0.67492	0.29793	0.053133	-0.14072	-0.24393	-0.27902	-0.28212	-0.32358	-0.33619	-0.35245	19.973
908.2	-0.41453	-0.38939	-0.44489	-0.46909	-0.43119	-0.36624	-0.41291	-1.1799	-1.9997	-2.8287	-3.2338	-3.2011	-2.7662	-2.0856	-1.4508	-0.69032	-0.17519	0.48764	0.85774	0.94341	0.65524	0.28022	0.018776	-0.14006	-0.25849	-0.28582	-0.33784	-0.35893	-0.3431	-0.37575	19.973
915.65	-0.40274	-0.37831	-0.48345	-0.49002	-0.42768	-0.37225	-0.40163	-1.1534	-2.024	-2.9869	-3.2357	-3.1925	-2.7599	-2.0345	-1.4661	-0.65933	-0.18228	0.49283	0.835	0.90951	0.61716	0.26175	-0.023664	-0.13892	-0.25638	-0.28349	-0.34317	-0.39258	-0.38238	-0.33968	19.94
922.05	-0.42499	-0.39926	-0.53873	-0.44566	-0.44279	-0.41431	-0.48528	-1.1874	-2.0341	-2.8033	-3.2132	-3.153	-2.6923	-2.012	-1.456	-0.63797	-0.13028	0.49851	0.8605	0.91189	0.6454	0.32422	0.018494	-0.13795	-0.23141	-0.23359	-0.26855	-0.30996	-0.37973	-0.31274	20.005
928.44	-0.41378	-0.38871	-0.46847	-0.41005	-0.41282	-0.39372	-0.52095	-1.1208	-2.0041	-2.8011	-3.2467	-3.114	-2.6577	-1.9813	-1.4103	-0.63358	-0.087397	0.49507	0.87012	0.87976	0.6571	0.28209	0.04339	-0.14495	-0.24517	-0.23992	-0.28265	-0.32225	-0.36882	-0.32686	20.053
934.82	-0.39449	-0.41706	-0.43222	-0.39109	-0.40108	-0.4791	-0.43215	-1.0882	-1.9984	-2.7059	-3.1601	-3.0841	-2.6156	-1.9427	-1.3475	-0.6127	-0.10348	0.48272	0.87189	0.88231	0.62856	0.26431	0.018241	-0.12029	-0.213	-0.26192	-0.28863	-0.31288	-0.3663	-0.34888	19.989
942.27	-0.4322	-0.43683	-0.46979	-0.43609	-0.42444	-0.37047	-0.50561	-1.1537	-1.9116	-2.7432	-3.1169	-3.0597	-2.5791	-1.8942	-1.3544	-0.59142	-0.11921	0.4878	0.865	0.87533	0.60768	0.26222	0.026315	-0.13499	-0.24157	-0.25985	-0.31777	-0.31041	-0.37976	-0.40227	19.973
949.72	-0.42071	-0.45629	-0.42544	-0.47244	-0.39479	-0.44558	-0.41774	-1.0222	-1.9123	-2.705	-3.0924	-3.0188	-2.5667	-1.8794	-1.335	-0.61124	-0.10186	0.48398	0.86581	0.84319	0.6187	0.24456	0.026109	-0.13393	-0.23217	-0.25781	-0.2919	-0.30798	-0.37678	-0.42298	19.957
955.04	-0.42642	-0.41582	-0.46351	-0.43818	-0.41004	-0.33103	-0.40783	-0.94342	-1.9405	-2.6651	-3.0662	-3.002	-2.568	-1.8689	-1.371	-0.5592	-0.10129	0.49884	0.81567	0.85525	0.64665	0.26647	0.017855	-0.16408	-0.20102	-0.2718	-0.29802	-0.36237	-0.36661	-0.37315	19.973
958.23	-0.40091	-0.43712	-0.40555	-0.3973	-0.3652	-0.42444	-0.39891	-1.0131	-1.8488	-2.6645	-3.0381	-3.0004	-2.5517	-1.9034	-1.3837	-0.59773	-0.14977	0.47968	0.82801	0.8858	0.62885	0.29651	0.025877	-0.13275	-0.20779	-0.23246	-0.29703	-0.34019	-0.34931	-0.35613	19.973
957.16	-0.41744	-0.4376	-0.38986	-0.38196	-0.42654	-0.38191	-0.40692	-0.98993	-1.9129	-2.684	-3.0684	-3.0037	-2.5857	-1.9137	-1.3852	-0.63074	-0.11736	0.48022	0.83647	0.86171	0.62172	0.30458	0.033997	-0.13289	-0.22292	-0.23272	-0.24323	-0.30558	-0.3658	-0.38811	20.053
955.04	-0.42642	-0.40823	-0.41499	-0.39863	-0.39259	-0.39138	-0.46093	-1.0165	-1.8705	-2.599	-3.1022	-3.0609	-2.6149	-1.9343	-1.4404	-0.64836	-0.15027	0.5164	0.83078	0.86363	0.59171	0.28975	0.025964	-0.15636	-0.23835	-0.24095	-0.25927	-0.3273	-0.35854	-0.38898	20.005
956.1	-0.36961	-0.38504	-0.39029	-0.41399	-0.34859	-0.37372	-0.42253	-1.0154	-1.884	-2.7035	-3.0628	-3.0071	-2.5964	-1.8913	-1.3868	-0.61525	-0.15826	0.50706	0.85249	0.87941	0.61457	0.26618	0.042134	-0.11761	-0.23062	-0.2715	-0.26673	-0.2779	-0.35009	-0.36483	19.957
953.97	-0.37043	-0.46945	-0.44783	-0.44658	-0.3843	-0.35729	-0.3931	-1.0014	-1.9427	-2.6267	-3.0696	-3.0475	-2.61	-1.9528	-1.3812	-0.63285	-0.13409	0.46424	0.85439	0.88975	0.63166	0.26677	0.017875	-0.11014	-0.23114	-0.17172	-0.28284	-0.29958	-0.33471	-0.35772	19.957
949.72	-0.3964	-0.45629	-0.45797	-0.43268	-0.44743	-0.42825	-0.40249	-0.95687	-1.9436	-2.6551	-3.1287	-3.0442	-2.6138	-1.9533	-1.4135	-0.61939	-0.13469	0.50163	0.85821	0.86847	0.66605	0.29917	0.050572	-0.13393	-0.19464	-0.23454	-0.24514	-0.30798	-0.34433	-0.31954	19.989
945.46	-0.31679	-0.45068	-0.40285	-0.40267	-0.44944	-0.39534	-0.343	-1.0268	-1.8973	-2.6921	-3.0973	-3.0834	-2.6335	-1.9869	-1.4199	-0.61399	-0.14354	0.52163	0.84682	0.93161	0.66112	0.30835	0.034417	-0.11113	-0.2106	-0.24339	-0.25407	-0.31645	-0.32958	-0.35295	19.957
944.4	-0.37419	-0.40516	-0.43602	-0.41912	-0.44112	-0.43938	-0.43544	-1.0526	-1.9231	-2.6617	-3.1281	-3.0953	-2.6127	-1.9643	-1.4215	-0.65566	-0.14371	0.46895	0.85541	0.89877	0.63806	0.28517	0.059057	-0.13469	-0.22593	-0.25146	-0.27787	-0.30262	-0.43601	-0.28933	19.957
947.59	-0.42978	-0.43438	-0.41825	-0.45756	-0.43085	-0.40314	-0.44161	-1.0163	-1.9558	-2.6694	-3.1266	-3.0256	-2.5882	-1.9413	-1.408	-0.62894	-0.12677	0.47622	0.83731	0.85353	0.64382	0.28421	0.017995	-0.14202	-0.2327	-0.26616	-0.27693	-0.32281	-0.37762	-0.39203	20.005
944.4	-0.40678	-0.45886	-0.46873	-0.5071	-0.37937	-0.42194	-0.42776	-1.0279	-1.9388	-2.6868	-3.1554	-3.0953	-2.6443	-1.923	-1.404	-0.63107	-0.15196	0.49558	0.87832	0.89877	0.63806	0.27732	0.042656	-0.12688	-0.20329	-0.22026	-0.29354	-0.30262	-0.37074	-0.40136	19.989
940.14	-0.41681	-0.46094	-0.46264	-0.42101	-0.40768	-0.34503	-0.46052	-1.0079	-1.8685	-2.6653	-3.1148	-3.0837	-2.6404	-1.9234	-1.3927	-0.63393	-0.12777	0.47999	0.89764	0.89433	0.625	0.27069	0.059324	-0.1353	-0.21937	-0.2526	-0.29487	-0.29687	-0.37242	-0.39514	19.957
932.69	-0.40364	-0.43355	-0.44977	-0.36768	-0.36627	-0.48902	-0.45644	-0.98265	-1.9392	-2.6951	-3.1028	-3.0739	-2.6295	-1.9806	-1.3861	-0.63899	-0.12879	0.48383	0.88935	0.91863	0.62999	0.29669	0.043192	-0.13638	-0.21348	-0.20723	-0.26549	-0.3136	-0.38366	-0.33347	19.973
929.5	-0.46298	-0.45063	-0.40977	-0.40145	-0.5199	-0.46413	-0.42683	-0.95266	-1.9219	-2.2794	-3.1134	-3.0586	-2.6306	-1.9539	-1.4086	-0.60788	-0.12924	0.48549	0.84584	0.89596	0.62409	0.28177	0.010014	-0.12891	-0.19888	-0.25549	-0.30621	-0.47321	-0.40155	-0.3834	19.989
930.56	-0.45418	-0.45011	-0.3678	-0.39288	-0.54617	-0.47245	-0.43412	-0.9849	-1.9037	-2.6673	-3.1376	-3.081	-2.6356	-1.9684	-1.4426	-0.64877	-0.12909	0.48493	0.85263	0.87774	0.59922	0.28941	0.010002	-0.13669	-0.25227	-0.22353	-0.29791	-0.32871	-0.37625	-0.43981	19.957
925.24	-0.47343	-0.46053	-0.47009	-0.5176	-0.40524	-0.47517	-0.49926	-0.95704	-1.8424	-2.7253	-3.1092	-3.0813	-2.6749	-1.9376	-1.433	-0.64414	-0.16353	0.46054	0.87312	0.89144	0.65127	0.28306	0.06028	-0.12951	-0.2152	-0.24074	-0.26762	-0.30165	-0.37842	-0.4015	19.957
919.92	-0.2754	-0.47895	-0.53158	-0.54523	-0.46192	-0.50477	-0.49428	-0.97944	-1.8612	-2.7325	-3.1552	-3.0992	-2.6499	-1.9827	-1.4774	-0.65628	-0.18143	0.51789	0.85466	0.9053	0.63874	0.31692	0.026955	-0.13827	-0.23195	-0.24214	-0.26917	-0.33252	-0.37223	-0.42026	20.053
911.39	-0.4384	-0.44368	-0.51113	-0.54204	-0.58508	-0.41915	-0.39556	-1.0992	-1.9112	-2.7147	-3.1753	-3.1105	-2.6992	-2.0098	-1.4548	-0.61146	-0.16602	0.49513	0.85473	0.9401	0.64472	0.30362	0.044201	-0.13957	-0.18719	-0.21207	-0.23921	-0.30623	-0.33344	-0.42419	19.989
907.13	-0.49136	-0.43778	-0.51353	-0.6112	-0.51436	-0.51188	-0.54916	-1.0274	-1.8792	-2.4923	-3.1618	-3.0986	-2.6954	-2.002	-1.4708	-0.657	-0.12383	0.5067	0.8826	0.91806	0.65601	0.29688	0.035872	-0.14022	-0.23522	-0.22931	-0.28928	-0.32982	-0.42845	-0.43451	19.989
907.13	-0.52529	-0.51765	-0.56462	-0.58622	-0.54191	-0.54818	-0.50923	-1.0531	-1.912	-2.9365	-3.1333	-3.1252	-2.7119	-2.0192	-1.489	-0.64847	-0.1668	0.49746	0.8826	0.9357	0.66427	0.29688	0.027335	-0.14835	-0.20378	-0.25367	-0.28113	-0.37412	-0.43694	-0.43451	19.973
905	-0.56054	-0.59893	-0.58302	-0.52918	-0.60763	-0.49489	-0.55846	-0.91847	-1.9083	-2.6554	-3.2072	-3.1591	-2.7265	-2.0326	-1.5109	-0.69276	-0.13274	0.5079	0.89265	0.9379	0.65756	0.32214	0.010285	-0.14055	-0.2594	-0.27869	-0.27361	-0.3454	-0.44648	-0.45224	20.053
903.93	-0.54418	-0.55956	-0.59225	-0.59665	-0.57147	-0.62299	-0.51103	-0.79088	-1.7543	-2.7284	-3.173	-3.1629	-2.705	-2.0178	-1.4851	-0.65076	-0.13289	0.51777	0.90169	0.93016	0.65004	0.31432	0.044566	-0.14072	-0.23605	-0.25457	-0.28212	-0.31617	-0.44701	-0.45277	20.037
899.67	-0.54676	-0.54611	-0.59506	-0.65825	-0.62049	-0.80897	-0.54566	-0.82049	-1.8452	-2.3286	-3.1593	-3.1332	-2.6846	-1.9666	-1.4462	-0.63664	-0.13352	0.50159	0.91398	0.90789	0.64479	0.2664	0.044777	-0.14958	-0.23717	-0.25578	-0.27523	-0.36978	-0.41487	-0.51372	19.989
901.8	-0.56253	-0.56892	-0.60221	-0.68182	-0.54511	-0.48752	-0.52831	-0.72396	-1.7255	-2.5684	-3.1232	-3.0635	-2.6865	-1.9273	-1.4611	-0.64371	-0.16779	0.51899	0.89582	0.94123	0.63495	0.29042	0.0017353	-0.14105	-0.25242	-0.27968	-0.30741	-0.38376	-0.42243	-0.48736	19.973
908.2	-0.55857	-0.61278	-0.62349	-0.58553	-0.3945	-0.611	-0.49268	-0.79571	-1.7706	-2.6286	-3.0728	-3.0685	-2.6183	-1.9481	-1.4235	-0.61361	-0.14085	0.51534	0.85774	0.94341	0.67175	0.28837	0.010249	-0.1563	-0.23494	-0.27771	-0.29709	-0.38843	-0.44491	-0.47561	19.957
913.52	-0.56373	-0.58541	-0.61985	-0.49116	-0.53811	-0.71558	-0.52946	-0.75711	-1.8335	-2.5787	-3.0267	-3.033	-2.6439	-1.9624	-1.4877	-0.61851	-0.1571	0.50316	0.87643	0.93791	0.69244	0.2948	0.035621	-0.14731	-0.20236	-0.25996	-0.29536	-0.34951	-0.45918	-0.43974	19.957
917.79	-0.57789	-0.59059	-0.50757	-0.48065	-0.68994	-0.56873	-0.47174	-0.87188	-1.7683	-2.3084	-3.0782	-3.0364	-2.6316	-1.9278	-1.4357	-0.6325	-0.13938	0.52822	0.87236	0.93355	0.65656	0.32573	0.043893	-0.13056	-0.20142	-0.23467	-0.26173	-0.34789	-0.38989	-0.45417	20.069
917.79	-0.5695	-0.53533	-0.49074	-0.60411	-0.67178	-0.51491	-0.44806	-0.82119	-1.6955	-2.5753	-3.0501	-3.0364	-2.5829	-1.9108	-1.3815	-0.59034	-0.1054	0.56476	0.89594	0.93355	0.65656	0.32573	0.052331	-0.11448	-0.21695	-0.26678	-0.26173	-0.34059	-0.42347	-0.42947	20.037
920.98	-0.56753	-0.59641	-0.58128	-0.64302	-0.59708	-0.43267	-0.46224	-0.72572	-1.6896	-2.5492	-3.0488	-2.9997	-2.5901	-1.9126	-1.3857	-0.6219	-0.12197	0.53549	0.87716	0.89557	0.63801	0.30046	0.060558	-0.14612	-0.23168	-0.28185	-0.30904	-0.33213	-0.4471	-0.4526	19.957
928.44	-0.54639	-0.57601	-0.59326	-0.63786	-0.49358	-0.57994	-0.48974	-0.62803	-1.708	-2.4947	-3.0244	-2.9583	-2.5613	-1.8889	-1.3389	-0.5919	-0.11259	0.50411	0.87789	0.92285	0.63288	0.28209	0.026707	-0.12112	-0.21446	-0.28752	-0.33048	-0.37275	-0.41031	-0.48966	19.973
933.76	-0.55152	-0.61153	-0.59815	-0.59377	-0.57999	-0.43557	-0.37833	-0.55801	-1.6108	-2.5397	-2.9426	-2.9415	-2.5307	-1.8697	-1.3667	-0.55537	-0.11195	0.52817	0.85743	0.89188	0.66138	0.29635	0.026555	-0.15202	-0.23614	-0.26222	-0.32859	-0.35628	-0.41623	-0.47878	19.973
934.82	-0.57559	-0.55657	-0.58094	-0.60926	-0.52585	-0.49672	-0.47865	-0.63203	-1.6566	-2.5199	-2.9209	-2.9038	-2.5198	-1.8426	-1.3563	-0.5713	-0.07012	0.5186	0.87189	0.88231	0.66063	0.28809	0.026525	-0.15185	-0.22825	-0.22252	-0.30447	-0.34871	-0.43224	-0.45398	20.021
932.69	-0.5934	-0.57338	-0.5657	-0.54586	-0.47346	-0.286	-0.63508	-0.58359	-1.6206	-2.4071	-2.9644	-2.919	-2.5256	-1.8384	-1.3061	-0.556	-0.061923	0.55574	0.86615	0.8929	0.62999	0.28874	0.026585	-0.16801	-0.22877	-0.27041	-0.26549	-0.34951	-0.43323	-0.50363	20.069
933.76	-0.58448	-0.55721	-0.54025	-0.48052	-0.39262	-0.5061	-0.45592	-0.55801	-1.6506	-2.4805	-2.9334	-2.9071	-2.4588	-1.7945	-1.2869	-0.5305	-0.061852	0.54612	0.84971	0.88331	0.60519	0.29635	0.0099679	-0.14412	-0.25904	-0.27011	-0.28103	-0.36345	-0.44923	-0.48687	20.021
939.08	-0.64673	-0.5772	-0.50428	-0.42953	-0.50573	-0.52077	-0.45333	-0.59614	-1.5779	-2.4917	-2.9534	-2.8991	-2.4449	-1.8259	-1.2884	-0.58519	-0.078105	0.52517	0.85258	0.86979	0.60974	0.25522	0.051145	-0.15116	-0.2348	-0.28426	-0.28732	-0.36853	-0.45489	-0.50825	19.924
943.34	-0.61118	-0.59764	-0.47745	-0.45963	-0.53877	-0.57078	-0.36681	-0.66743	-1.6259	-2.5474	-2.931	-2.9031	-2.4971	-1.8342	-1.3177	-0.58255	-0.12734	0.49614	0.84873	0.89979	0.63083	0.26978	0.018076	-0.13484	-0.2413	-0.27517	-0.30172	-0.37396	-0.412	-0.49795	19.989
945.46	-0.56911	-0.56564	-0.46003	-0.51452	-0.60805	-0.48242	-0.44261	-0.48549	-1.6144	-2.5417	-2.8789	-2.8626	-2.4915	-1.8301	-1.3323	-0.57305	-0.11881	0.49503	0.85445	0.91469	0.62941	0.28484	0.018035	-0.12674	-0.23322	-0.27455	-0.3167	-0.38021	-0.39477	-0.45686	19.989
942.27	-0.5547	-0.49835	-0.49438	-0.60444	-0.55706	-0.48405	-0.39029	-0.56943	-1.5726	-2.609	-2.8978	-2.8723	-2.5157	-1.8611	-1.3632	-0.60785	-0.086114	0.4967	0.85734	0.89231	0.6395	0.27795	0.026315	-0.14282	-0.24157	-0.22076	-0.2942	-0.35306	-0.437	-0.49851	19.989
