40601	27	11	88	29.3	755	4	7	6.76	0	256	8192	1	0	0	0	0	500	1004.9	1.4541e+006	0.11943	0	41.635	0	0	0	0	0	0	9	0	0
997.99	0.12111	0.12852	0.050816	-0.25185	-0.50327	-0.71204	-1.0836	-1.4162	-1.6644	-1.7525	-1.5026	-1.1113	-0.47456	0.039314	0.36033	0.68665	0.82935	0.87519	0.65419	0.26712	-0.19069	-0.45583	-0.53838	-0.53981	-0.43746	-0.33281	-0.25209	-0.14867	0.063372	0.10744	6.808
999.05	0.09787	0.099375	0.012107	-0.2289	-0.4527	-0.6536	-1.0534	-1.4147	-1.6477	-1.719	-1.4924	-1.0298	-0.45913	0.086136	0.36824	0.70917	0.82066	0.87426	0.68237	0.29086	-0.16048	-0.47759	-0.53781	-0.53924	-0.51548	-0.36195	-0.25182	-0.094881	0.071017	0.069503	6.7264
1002.2	0.08988	0.091829	0.042894	-0.19049	-0.53439	-0.66795	-0.98502	-1.1858	-1.7018	-1.7609	-1.4962	-1.0746	-0.48744	0.031361	0.33401	0.68375	0.79472	0.82129	0.62983	0.28994	-0.2198	-0.50564	-0.60564	-0.55961	-0.44983	-0.33875	-0.3101	-0.17478	0.024664	0.069282	6.759
1002.2	0.11292	0.12798	0.019775	-0.22063	-0.4762	-0.65974	-1.0212	-1.4179	-1.6944	-1.7372	-1.4705	-1.0906	-0.46511	0.023575	0.40013	0.65285	0.8025	0.81292	0.63702	0.27397	-0.18989	-0.50564	-0.57474	-0.56696	-0.30047	-0.3461	-0.28795	-0.19483	0.0015987	0.061741	6.7754
1004.4	0.097353	0.12771	0.027423	-0.21265	-0.51667	-0.63375	-1.0334	-1.3763	-1.6908	-1.7414	-1.4759	-1.0563	-0.44928	0.062374	0.3498	0.69001	0.78528	0.8279	0.64286	0.32119	-0.17456	-0.46031	-0.5581	-0.53639	-0.43469	-0.31603	-0.2726	-0.10772	0.10133	0.11428	6.808
1003.3	0.10513	0.13506	0.012055	-0.25805	-0.50892	-0.7411	-1.0129	-1.4241	-1.6556	-1.7275	-1.5032	-1.0334	-0.44232	0.077994	0.3832	0.71388	0.85604	0.85385	0.64354	0.28963	-0.15233	-0.46819	-0.54325	-0.54431	-0.39252	-0.30168	-0.236	-0.13454	0.016957	0.10687	6.7264
1003.3	0.089785	0.10618	-0.011038	-0.23546	-0.45079	-0.70007	-1.0273	-1.4551	-1.6482	-1.759	-1.5032	-1.0734	-0.42745	0.06244	0.3832	0.67531	0.81719	0.84549	0.61478	0.2338	-0.19716	-0.50511	-0.55097	-0.57371	-0.43515	-0.34573	-0.28764	-0.074451	-0.013763	0.076741	6.7264
1006.5	0.10479	0.14184	0.042713	-0.22721	-0.46592	-0.67332	-0.99526	-1.4042	-1.6504	-1.7299	-1.5155	-1.0621	-0.47056	0.077747	0.36553	0.71932	0.82235	0.85948	0.6415	0.24896	-0.19653	-0.47407	-0.51845	-0.52793	-0.40544	-0.35196	-0.20584	-0.16073	0.016904	0.06899	6.6937
1006.5	0.12773	0.098641	-0.011004	-0.26473	-0.49075	-0.68968	-1.0241	-1.3503	-1.7094	-1.7221	-1.5241	-1.078	-0.47797	0.062242	0.38199	0.70393	0.82235	0.84282	0.62717	0.27281	-0.21143	-0.47407	-0.57231	-0.50595	-0.45502	-0.37392	-0.29409	-0.18735	0.039871	0.12155	6.759
1006.5	0.10479	0.14903	0.0043431	-0.24972	-0.49903	-0.6815	-1.0241	-1.3811	-1.6799	-1.7613	-1.507	-1.1179	-0.48538	0.00021755	0.36553	0.69624	0.8301	0.83449	0.64867	0.27281	-0.18909	-0.49615	-0.56462	-0.51328	-0.44794	-0.35928	-0.28673	-0.15408	0.062837	0.10653	6.7427
1002.2	0.043812	0.062912	0.0043615	-0.28093	-0.45127	-0.71724	-1.0573	-1.4411	-1.687	-1.7688	-1.522	-1.0666	-0.48	0.046934	0.36707	0.69147	0.85695	0.86312	0.66581	0.258	-0.19737	-0.46868	-0.56701	-0.56696	-0.42138	-0.36815	-0.24364	-0.14136	0.024664	0.054201	6.8244
1001.2	0.11304	0.12811	0.019796	-0.19069	-0.49335	-0.70978	-1.015	-1.2258	-1.6962	-1.747	-1.5408	-1.0998	-0.49541	0.031395	0.34264	0.68447	0.84229	0.84728	0.62329	0.25828	-0.21255	-0.47658	-0.56761	-0.5381	-0.47167	-0.35382	-0.21433	-0.1482	0.055474	0.092001	6.7427
1004.4	0.11268	0.16378	-0.003338	-0.28786	-0.49179	-0.65834	-1.0118	-1.5462	-1.6686	-1.7572	-1.5359	-1.1043	-0.50869	0.015756	0.33331	0.67459	0.83962	0.83625	0.6644	0.23356	-0.18949	-0.48245	-0.58123	-0.55842	-0.47017	-0.36004	-0.25786	-0.13439	-0.013749	0.054086	6.7427
1005.4	0.11256	0.098745	0.0043477	-0.24999	-0.49127	-0.66584	-0.98911	-1.3903	-1.689	-1.7475	-1.5514	-1.1111	-0.51557	0.0079792	0.35767	0.68158	0.82322	0.84371	0.64936	0.23331	-0.21165	-0.49667	-0.58062	-0.53583	-0.46968	-0.29372	-0.25023	-0.12093	0.024585	0.091613	6.759
1006.5	0.11244	0.12744	0.0043431	-0.17467	-0.43281	-0.67332	-1.0313	-1.3195	-1.6577	-1.7456	-1.5412	-1.1099	-0.50021	0.062242	0.34907	0.70393	0.8301	0.88447	0.63434	0.24896	-0.21143	-0.48879	-0.53384	-0.52793	-0.35586	-0.35196	-0.2132	-0.15408	0.02456	0.091516	6.759
1005.4	0.09725	0.14919	-0.011015	-0.21993	-0.46641	-0.66584	-1.0395	-1.344	-1.6743	-1.771	-1.5171	-1.1271	-0.51557	0.015739	0.32472	0.71238	0.81547	0.85204	0.64936	0.24923	-0.18183	-0.4672	-0.57292	-0.55783	-0.47677	-0.35966	-0.27231	-0.14758	0.0092576	0.091613	6.7917
1005.4	0.11256	0.13478	-0.011015	-0.31009	-0.49956	-0.72316	-1.0251	-1.2823	-1.6669	-1.771	-1.5514	-1.0951	-0.50073	0.015739	0.31648	0.65849	0.83098	0.84371	0.62783	0.23331	-0.21911	-0.48194	-0.57292	-0.54316	-0.49095	-0.32302	-0.26495	-0.16756	0.05524	0.11416	6.7917
1009.7	0.11209	0.11268	0.027279	-0.21901	-0.4727	-0.71197	-0.97777	-1.2616	-1.6967	-1.7714	-1.5874	-1.0985	-0.50602	0.023402	0.31515	0.66339	0.81976	0.84016	0.63948	0.24026	-0.21819	-0.50926	-0.5475	-0.5774	-0.41828	-0.32896	-0.1832	-0.18676	0.024482	0.076257	6.759
1012.8	0.10414	0.11948	0.065321	-0.23324	-0.44654	-0.7016	-1.0033	-1.3801	-1.662	-1.7424	-1.5485	-1.1109	-0.47497	0.015624	0.33052	0.66894	0.84798	0.83752	0.6446	0.2553	-0.1953	-0.44183	-0.54578	-0.54646	-0.48735	-0.32793	-0.26301	-0.18617	0.016797	0.10586	6.71
1015	0.066007	0.11209	-0.0033031	-0.21787	-0.47844	-0.6758	-1.0012	-1.4154	-1.6585	-1.7622	-1.5876	-1.156	-0.51072	0.0079042	0.3135	0.65229	0.80012	0.82751	0.65746	0.26265	-0.20228	-0.5066	-0.54464	-0.55985	-0.40205	-0.22563	-0.25517	-0.11979	0.0015786	0.053521	6.7427
1012.8	0.10414	0.12664	0.027193	-0.2407	-0.48767	-0.57967	-0.96755	-1.1657	-1.662	-1.7112	-1.5485	-1.1188	-0.50443	0.0079207	0.37141	0.69951	0.80179	0.83752	0.65172	0.2553	-0.1731	-0.47109	-0.54578	-0.5319	-0.44512	-0.35702	-0.21186	-0.14649	0.039621	0.10586	6.808
1013.9	0.15715	0.090773	0.042401	-0.23299	-0.43786	-0.65215	-0.95939	-1.4781	-1.6676	-1.725	-1.5214	-1.086	-0.48183	0.038697	0.38736	0.70642	0.83171	0.86145	0.62969	0.31816	-0.20249	-0.46329	-0.55285	-0.50224	-0.38841	-0.35665	-0.27003	-0.14634	0.054778	0.075938	6.7264
1018.1	0.058244	0.12598	-0.0032928	-0.23944	-0.53423	-0.68177	-1.0692	-1.3577	-1.6825	-1.7799	-1.532	-1.113	-0.47982	0.00021506	0.3532	0.65026	0.79762	0.80022	0.60582	0.26969	-0.19428	-0.49774	-0.56576	-0.52188	-0.4218	-0.39857	-0.25437	-0.17205	0.024278	0.083045	6.7427
1018.1	0.088476	0.10463	0.01188	-0.21719	-0.50149	-0.64943	-1.0052	-1.3729	-1.6606	-1.7644	-1.5573	-1.0814	-0.47982	0.015542	0.31252	0.65026	0.82825	0.80846	0.63415	0.24611	-0.20901	-0.46136	-0.55815	-0.53637	-0.4218	-0.3624	-0.26891	-0.11942	0.0015737	0.11273	6.7427
1017.1	0.13396	0.10474	0.0042979	-0.22484	-0.47744	-0.67439	-1.049	-1.321	-1.6405	-1.7429	-1.5251	-1.0905	-0.46566	0.030904	0.35357	0.66615	0.82145	0.85052	0.62063	0.26997	-0.19448	-0.43999	-0.52827	-0.51518	-0.3872	-0.2831	-0.25463	-0.15247	0.047032	0.090562	6.7427
1013.9	0.10403	0.10507	0.034783	-0.2479	-0.42964	-0.69275	-1.0166	-1.3786	-1.6822	-1.7406	-1.5384	-1.0939	-0.48919	0.031	0.36285	0.70642	0.81633	0.85318	0.63681	0.31027	-0.16552	-0.46329	-0.53757	-0.50224	-0.43762	-0.34212	-0.21163	-0.12652	0.054778	0.13557	6.759
1013.9	0.13438	0.13365	0.034783	-0.18829	-0.45429	-0.64403	-1.0023	-1.3939	-1.6822	-1.7172	-1.5299	-1.086	-0.51126	0.046393	0.35468	0.66824	0.80095	0.82011	0.66526	0.2866	-0.19509	-0.4706	-0.56048	-0.53134	-0.36029	-0.34938	-0.25543	-0.15295	0.02438	0.0983	6.7264
1016	0.11138	0.10485	0.011904	-0.22507	-0.49434	-0.62647	-1.0002	-1.3834	-1.6348	-1.737	-1.5267	-1.1074	-0.51753	0.00021551	0.29687	0.68209	0.79161	0.84315	0.63548	0.30962	-0.16518	-0.46961	-0.55931	-0.55927	-0.45074	-0.3559	-0.26218	-0.099889	0.016745	0.083218	6.759
1015	0.073589	0.11209	-0.010912	-0.24764	-0.51948	-0.72447	-1.0226	-1.3696	-1.6512	-1.7622	-1.5198	-1.0927	-0.49602	0.0079042	0.3135	0.67517	0.80012	0.84403	0.67878	0.30995	-0.13581	-0.4628	-0.55227	-0.54532	-0.45824	-0.37079	-0.27704	-0.14619	0.024354	0.10564	6.7427
1012.8	0.088939	0.10518	0.088199	-0.18849	-0.46299	-0.71786	-0.94609	-1.426	-1.6987	-1.7736	-1.5825	-1.1188	-0.51916	0.00021618	0.31416	0.68423	0.82489	0.86236	0.66596	0.279	-0.1435	-0.46377	-0.53049	-0.55374	-0.44512	-0.36429	-0.27032	-0.20601	0.062443	0.090941	6.759
1007.5	0.089407	0.076964	0.065665	-0.26446	-0.45716	-0.66444	-0.97264	-1.5952	-1.6781	-1.7673	-1.5652	-1.1088	-0.51449	0.0079624	0.29937	0.71088	0.8447	0.86689	0.68378	0.30429	-0.14425	-0.42209	-0.54096	-0.51274	-0.39794	-0.30041	-0.22032	-0.15391	0.055124	0.046414	6.8244
1007.5	0.11232	0.084154	0.012005	-0.28695	-0.44889	-0.71346	-1.0445	-1.3874	-1.6486	-1.7673	-1.5481	-1.1406	-0.53669	0.015706	0.31581	0.67246	0.82923	0.86689	0.69094	0.29635	-0.18145	-0.47357	-0.54096	-0.52006	-0.45454	-0.35159	-0.30112	-0.16721	0.0015903	0.068917	6.7264
1009.7	0.13495	0.11986	0.019629	-0.24894	-0.53046	-0.67119	-0.94907	-1.4536	-1.6893	-1.7871	-1.5534	-1.1541	-0.55773	-0.015241	0.29874	0.67872	0.81976	0.86507	0.65377	0.2878	-0.15137	-0.4579	-0.5475	-0.54088	-0.43946	-0.29248	-0.24185	-0.16022	-0.0060448	0.091228	6.7427
1007.5	0.13523	0.091346	0.057999	-0.21947	-0.45716	-0.63992	-1.023	-1.2873	-1.7076	-1.7595	-1.5652	-1.1167	-0.5515	-0.023018	0.29937	0.64942	0.80601	0.83361	0.66231	0.32017	-0.16657	-0.46621	-0.56402	-0.54202	-0.41209	-0.32965	-0.24236	-0.13397	0.1163	0.10642	6.759
1005.4	0.1049	0.12757	0.042758	-0.22745	-0.44155	-0.66584	-1.0251	-1.4057	-1.6817	-1.7632	-1.5257	-1.1031	-0.50073	0.00021778	0.34943	0.68928	0.82322	0.86872	0.67805	0.34472	-0.12964	-0.44509	-0.5113	-0.49181	-0.39878	-0.32302	-0.22814	-0.15424	0.032249	0.10665	6.808
1000.1	0.12085	0.092024	0.0043708	-0.25887	-0.5272	-0.66114	-1.0161	-1.3201	-1.6757	-1.7567	-1.5596	-1.109	-0.49593	0.00021893	0.31816	0.65424	0.83538	0.8398	0.67444	0.30655	-0.15282	-0.44004	-0.55272	-0.56817	-0.44366	-0.38366	-0.25156	-0.14836	-0.013807	0.099655	6.7754
997.99	0.1134	0.114	0.050816	-0.16859	-0.45318	-0.65429	-1.0037	-1.4239	-1.6942	-1.7921	-1.5888	-1.1757	-0.54183	-0.0075998	0.28564	0.64012	0.77466	0.84158	0.70478	0.28315	-0.15314	-0.48552	-0.54614	-0.55459	-0.4446	-0.31805	-0.25951	-0.13525	0.04021	0.12258	6.759
1000.1	0.090071	0.084779	0.019817	-0.19844	-0.49387	-0.71876	-1.0885	-1.3201	-1.6683	-1.7725	-1.5854	-1.1571	-0.52576	-0.023189	0.30988	0.6465	0.82759	0.87333	0.68165	0.29855	-0.16031	-0.43263	-0.55272	-0.53867	-0.4793	-0.31	-0.23675	-0.15506	0.0016021	0.099655	6.7427
999.05	0.074761	0.12113	0.027569	-0.25914	-0.47772	-0.67008	-1.0679	-1.4768	-1.6998	-1.7665	-1.5526	-1.1423	-0.51886	0.00021917	0.34337	0.66268	0.81286	0.8323	0.69681	0.29086	-0.15298	-0.46276	-0.56106	-0.53186	-0.47267	-0.3767	-0.26664	-0.14181	0.024742	0.12245	6.7427
997.99	0.1134	0.12126	-0.034315	-0.25185	-0.46988	-0.67904	-1.0182	-1.5638	-1.6942	-1.7921	-1.5888	-1.1274	-0.54183	-0.0075998	0.28564	0.70217	0.82935	0.84158	0.66864	0.29918	-0.13812	-0.47067	-0.5539	-0.56938	-0.45889	-0.36233	-0.304	-0.17552	0.017047	0.11501	6.7754
995.87	0.12136	0.14335	0.089702	-0.29031	-0.50435	-0.65569	-1.0204	-1.4192	-1.6978	-1.788	-1.5749	-1.1137	-0.528	0.01589	0.30288	0.70366	0.81546	0.87705	0.67731	0.30786	-0.13841	-0.46424	-0.5473	-0.54837	-0.44555	-0.31872	-0.25263	-0.11536	0.024821	0.13043	6.8734
996.93	0.1058	0.063247	0.066364	-0.22938	-0.49545	-0.73757	-1.0048	-1.5032	-1.6662	-1.7782	-1.5646	-1.1367	-0.505	0.0080472	0.32748	0.70291	0.81459	0.90976	0.71277	0.33161	-0.14579	-0.46374	-0.50788	-0.52559	-0.46653	-0.34055	-0.27463	-0.15555	-0.021579	0.054489	6.71
1000.1	0.082376	0.07029	-0.011074	-0.25887	-0.51054	-0.71876	-1.0668	-1.4984	-1.6831	-1.7962	-1.5854	-1.1652	-0.56305	0.023625	0.32644	0.6465	0.79641	0.85656	0.66001	0.28255	-0.16781	-0.48449	-0.53724	-0.56817	-0.48642	-0.40576	-0.28856	-0.11487	0.017011	0.076985	6.7264
1000.1	0.082376	0.099269	0.035262	-0.206	-0.5272	-0.7023	-1.0595	-1.4597	-1.6906	-1.7962	-1.594	-1.1812	-0.5556	0.00021893	0.29331	0.65424	0.78861	0.88171	0.67444	0.29855	-0.1828	-0.44004	-0.51401	-0.54604	-0.45791	-0.36156	-0.27376	-0.16845	0.0093067	0.031647	6.7754
1001.2	0.10535	0.099164	-0.0033486	-0.19823	-0.45174	-0.69333	-1.0295	-1.5046	-1.6591	-1.7549	-1.5579	-1.1719	-0.54011	0.015806	0.32609	0.67674	0.84229	0.84728	0.72415	0.32221	-0.14517	-0.44698	-0.53667	-0.50863	-0.42183	-0.25081	-0.26607	-0.14151	0.016993	0.11465	6.7427
999.05	0.12868	0.13564	0.043031	-0.22134	-0.44436	-0.67008	-1.0534	-1.4069	-1.6924	-1.7428	-1.5957	-1.1503	-0.55619	0.00021917	0.32679	0.67818	0.82066	0.87426	0.71125	0.32289	-0.13047	-0.44793	-0.5068	-0.50971	-0.43699	-0.39144	-0.25182	-0.14852	0.0093166	0.092197	6.7264
1000.1	0.11316	0.13549	0.042985	-0.2211	-0.5022	-0.63644	-1.0161	-1.3899	-1.698	-1.7883	-1.5424	-1.1491	-0.5556	-0.015386	0.30159	0.66198	0.8042	0.85656	0.66722	0.30655	-0.14532	-0.44745	-0.56047	-0.55342	-0.42228	-0.31737	-0.26636	-0.13496	0.040125	0.092099	6.7427
1003.3	0.12047	0.12784	0.058244	-0.20534	-0.484	-0.71648	-1.0129	-1.6792	-1.6778	-1.7748	-1.5546	-1.1055	-0.5464	-0.023115	0.27587	0.67531	0.80165	0.84549	0.67948	0.3295	-0.10751	-0.4608	-0.53553	-0.55166	-0.41383	-0.33105	-0.26551	-0.16124	-0.021442	0.084274	6.7264
1004.4	0.074366	0.069993	-0.003338	-0.23521	-0.4669	-0.69933	-1.0262	-1.1756	-1.6612	-1.7493	-1.5444	-1.1283	-0.50869	-0.0075516	0.30032	0.64377	0.81633	0.85294	0.68595	0.29729	-0.14471	-0.44556	-0.52726	-0.53639	-0.44888	-0.3527	-0.25049	-0.12772	0.0015953	0.09171	6.759
1002.2	0.097559	0.099059	-0.003345	-0.25078	-0.45958	-0.6926	-0.99947	-1.3792	-1.6648	-1.7609	-1.582	-1.1547	-0.57675	0.0080046	0.32575	0.6683	0.79472	0.85475	0.6946	0.29792	-0.13754	-0.46868	-0.55155	-0.51545	-0.53518	-0.39755	-0.24364	-0.16141	-0.013778	0.069282	6.7427
1000.1	0.13624	0.092024	0.05843	-0.2211	-0.51887	-0.63644	-1.0016	-1.5217	-1.6831	-1.7725	-1.5252	-1.117	-0.53322	0.023625	0.32644	0.6852	0.82759	0.88171	0.67444	0.33055	-0.14532	-0.44745	-0.56047	-0.53129	-0.45079	-0.36156	-0.24415	-0.10818	0.063237	0.054316	6.7754
1001.2	0.12072	0.1064	0.02751	-0.23596	-0.51832	-0.66044	-1.0005	-1.3574	-1.6665	-1.7706	-1.5236	-1.1078	-0.49541	0.008013	0.38401	0.69993	0.85007	0.8724	0.68813	0.30623	-0.16014	-0.46178	-0.5444	-0.50863	-0.37199	-0.34646	-0.27347	-0.16827	0.016993	0.13729	6.7754
1006.5	0.10479	0.12744	0.019691	-0.2122	-0.49903	-0.71422	-1.0241	-1.3888	-1.6799	-1.7692	-1.5241	-1.078	-0.50021	0.031229	0.32438	0.69624	0.80686	0.84282	0.6415	0.29666	-0.18164	-0.48143	-0.56462	-0.56457	-0.32753	-0.32268	-0.25732	-0.18735	-0.036686	0.091516	6.7427
1008.6	0.089313	0.076883	0.057938	-0.19677	-0.45668	-0.66374	-0.9788	-1.3167	-1.6542	-1.7419	-1.5209	-1.0519	-0.46218	0.023426	0.34012	0.68711	0.79744	0.82442	0.633	0.26431	-0.1441	-0.45103	-0.54807	-0.53414	-0.42579	-0.3147	-0.26411	-0.14711	0.047427	0.083831	6.7917
1009.7	0.089219	0.091154	0.050229	-0.21153	-0.4562	-0.6875	-1.028	-1.3307	-1.6451	-1.7088	-1.4682	-1.0428	-0.42475	0.046588	0.35617	0.69405	0.82748	0.88168	0.6752	0.27988	-0.17364	-0.44322	-0.50915	-0.52627	-0.4324	-0.30707	-0.20519	-0.16686	0.0015869	0.038833	6.759
1008.6	0.089313	0.069699	0.027308	-0.16682	-0.4732	-0.69639	-1.0291	-1.4243	-1.6248	-1.7106	-1.4868	-1.0519	-0.44739	0.046637	0.34833	0.68711	0.79744	0.85767	0.633	0.27224	-0.18869	-0.49511	-0.50968	-0.53414	-0.38338	-0.35852	-0.22742	-0.17367	-0.051888	0.053858	6.7264
1008.6	0.089313	0.076883	0.011992	-0.21924	-0.48972	-0.66374	-1.0865	-1.5397	-1.6321	-1.7028	-1.4868	-1.0598	-0.46957	0.069848	0.34012	0.68711	0.79744	0.83273	0.65446	0.24051	-0.20355	-0.47307	-0.5404	-0.54145	-0.45406	-0.33661	-0.30081	-0.16039	-0.059528	0.098817	6.7264
1012.8	0.12693	0.14095	0.065321	-0.21087	-0.47944	-0.6447	-1.0319	-1.4566	-1.64	-1.7268	-1.4381	-1.0475	-0.44551	0.061851	0.38776	0.68423	0.80949	0.79613	0.60899	0.2632	-0.2027	-0.4784	-0.56872	-0.5319	-0.40993	-0.34975	-0.27762	-0.17956	0.062443	0.053633	6.759
1013.9	0.096436	0.097919	0.019547	-0.21809	-0.48716	-0.70899	-1.0237	-1.5928	-1.6456	-1.6939	-1.4366	-0.96719	-0.41562	0.084874	0.36285	0.73695	0.82402	0.83665	0.63681	0.24714	-0.16552	-0.4706	-0.54521	-0.55317	-0.4095	-0.32758	-0.27003	-0.15955	0.03198	0.083392	6.7427
1015	0.10392	0.090678	0.049966	-0.23275	-0.51127	-0.70013	-1.0369	-1.5224	-1.6366	-1.7154	-1.469	-0.99782	-0.40784	0.084786	0.34615	0.69805	0.81548	0.84403	0.61482	0.24688	-0.17274	-0.4628	-0.54464	-0.53805	-0.46526	-0.30547	-0.24788	-0.14619	0.0015786	0.068413	6.7917
1011.8	0.10424	0.11245	0.027222	-0.20362	-0.43877	-0.66165	-1.0044	-1.5195	-1.5976	-1.7052	-1.4311	-1.0327	-0.43861	0.092765	0.34724	0.70025	0.78722	0.82183	0.6524	0.26348	-0.17328	-0.46426	-0.56166	-0.49601	-0.45263	-0.36468	-0.27791	-0.10031	0.062508	0.12091	6.7917
1011.8	0.12706	0.14109	-0.049115	-0.18869	-0.47171	-0.66979	-0.99004	-1.4122	-1.6123	-1.6974	-1.4651	-1.0248	-0.39438	0.07734	0.36361	0.68494	0.82575	0.86326	0.61675	0.27138	-0.1881	-0.42764	-0.53104	-0.53975	-0.38922	-0.35011	-0.27791	-0.10693	0.024431	0.076098	6.7264
1012.8	0.10414	0.11948	-0.00331	-0.2407	-0.51235	-0.67722	-1.0462	-1.3265	-1.6767	-1.6878	-1.4805	-1.0316	-0.46761	0.054147	0.34687	0.65366	0.7864	0.77958	0.61611	0.2395	-0.2027	-0.48572	-0.54578	-0.52462	-0.45216	-0.34975	-0.29224	-0.17956	0.0091897	0.12079	6.7264
1009.7	0.089219	0.11268	-0.010969	-0.27138	-0.53872	-0.67119	-0.9706	-1.3921	-1.6304	-1.7088	-1.4597	-1.0508	-0.4543	0.03886	0.36437	0.69405	0.80432	0.82355	0.59662	0.24026	-0.18849	-0.45056	-0.53983	-0.54088	-0.3971	-0.35085	-0.28583	-0.14696	-0.021307	0.1062	6.759
1007.5	0.1276	0.11292	0.0043386	-0.30194	-0.51504	-0.63992	-1.023	-1.3643	-1.656	-1.7202	-1.4627	-1.037	-0.46266	0.046686	0.35692	0.68783	0.79827	0.82529	0.64083	0.26459	-0.17401	-0.45886	-0.52559	-0.51274	-0.35549	-0.33696	-0.24236	-0.15391	0.016886	0.13642	6.7754
1003.3	0.10513	0.12784	0.089038	-0.2731	-0.50061	-0.65083	-1.0201	-1.5014	-1.663	-1.7196	-1.4775	-1.0094	-0.44232	0.085772	0.36668	0.70617	0.8405	0.82042	0.62197	0.24178	-0.20463	-0.45342	-0.55097	-0.55901	-0.43515	-0.39713	-0.28764	-0.14121	0.047678	0.054143	6.7264
1004.4	0.128	0.09885	0.042804	-0.23521	-0.4752	-0.70753	-1.019	-1.4921	-1.639	-1.71	-1.4845	-1.0483	-0.44185	0.10122	0.3663	0.69001	0.79304	0.86964	0.62131	0.25746	-0.21934	-0.47507	-0.53497	-0.55108	-0.46308	-0.32336	-0.23575	-0.17441	-0.0060767	0.09171	6.7754
1008.6	0.1122	0.13435	-0.01098	-0.2492	-0.50624	-0.70455	-1.0291	-1.4397	-1.6248	-1.7106	-1.4953	-1.0678	-0.46218	0.062111	0.34012	0.66408	0.79744	0.82442	0.65446	0.23257	-0.19612	-0.48776	-0.5404	-0.53414	-0.43993	-0.35852	-0.29347	-0.10727	-0.0060512	0.098817	6.7427
1008.6	0.12746	0.1128	-0.0033239	-0.27167	-0.45668	-0.6719	-0.98599	-1.5627	-1.6395	-1.6871	-1.5038	-1.0519	-0.47697	0.046637	0.34833	0.65641	0.78198	0.84104	0.66161	0.26431	-0.18869	-0.48776	-0.50968	-0.52682	-0.39752	-0.34391	-0.26411	-0.12719	0.070345	0.10631	6.7427
1007.5	0.1276	0.091346	-0.010992	-0.25696	-0.48196	-0.66444	-1.0374	-1.5259	-1.6634	-1.7124	-1.4969	-1.0689	-0.47747	0.031196	0.36514	0.68015	0.80601	0.80032	0.65515	0.2487	-0.17401	-0.46621	-0.56402	-0.52006	-0.44746	-0.31503	-0.25705	-0.11403	0.039829	0.068917	6.7264
1005.4	0.12786	0.12757	0.01203	-0.22745	-0.54927	-0.67403	-1.0251	-1.4597	-1.6669	-1.7082	-1.5086	-1.0392	-0.45622	0.039024	0.34943	0.68928	0.81547	0.81035	0.62783	0.28106	-0.17438	-0.47457	-0.55751	-0.54316	-0.44132	-0.30837	-0.23551	-0.11427	0.0092576	0.10665	6.7754
1006.5	0.081855	0.084243	0.0043431	-0.22721	-0.50731	-0.69786	-1.06	-1.4967	-1.6504	-1.7221	-1.4899	-1.0302	-0.44092	0.046736	0.34907	0.66548	0.8301	0.8095	0.62717	0.23306	-0.19653	-0.4667	-0.54923	-0.5719	-0.49043	-0.33732	-0.25732	-0.13411	0.047527	0.046463	6.759
1010.7	0.11197	0.1054	-0.0033169	-0.21878	-0.48869	-0.71936	-0.99108	-1.3139	-1.6287	-1.7148	-1.4751	-1.0417	-0.40955	0.077421	0.3558	0.69332	0.80348	0.83928	0.62454	0.24792	-0.21054	-0.47208	-0.56991	-0.54761	-0.48132	-0.34319	-0.20498	-0.12029	0.024456	0.053745	6.7427
1009.7	0.10446	0.10551	-0.0033204	-0.21901	-0.52221	-0.6875	-0.9993	-1.2769	-1.601	-1.701	-1.4511	-1.0508	-0.41737	0.062046	0.36437	0.67105	0.81204	0.84016	0.63234	0.22441	-0.20334	-0.46523	-0.56284	-0.54088	-0.42534	-0.32167	-0.19786	-0.13369	0.024482	0.076257	6.8407
1008.6	0.081683	0.1128	0.011992	-0.21924	-0.48972	-0.65557	-1.0363	-1.432	-1.6395	-1.6714	-1.4527	-1.0121	-0.4326	0.077584	0.38118	0.7178	0.81289	0.83273	0.64731	0.24844	-0.18869	-0.49511	-0.51736	-0.53414	-0.43286	-0.34391	-0.19807	-0.13383	0.024508	0.1138	6.7427
1004.4	0.128	0.10606	-0.011027	-0.33298	-0.45861	-0.72392	-1.0334	-1.4921	-1.6316	-1.7178	-1.4845	-1.0323	-0.43442	0.093451	0.40753	0.69001	0.82409	0.81121	0.63568	0.24152	-0.21934	-0.48982	-0.56581	-0.50702	-0.3921	-0.30869	-0.27997	-0.1544	-0.029091	0.10676	6.7264
1003.3	0.082115	0.08451	-0.0033415	-0.24299	-0.51722	-0.72469	-1.049	-1.4164	-1.6482	-1.7354	-1.4518	-1.0254	-0.42745	0.070217	0.39971	0.7216	0.82496	0.81206	0.6004	0.24178	-0.21957	-0.50511	-0.55869	-0.52961	-0.54883	-0.35307	-0.26551	-0.18127	0.016957	0.054143	6.759
1006.5	0.074209	0.091442	0.035039	-0.23471	-0.54042	-0.71422	-1.0241	-1.2964	-1.6651	-1.7299	-1.4814	-1.0142	-0.44092	0.062242	0.34907	0.70393	0.79912	0.8095	0.62	0.22512	-0.19653	-0.49615	-0.56462	-0.55725	-0.44794	-0.27877	-0.24261	-0.1807	0.0092478	0.061481	6.7917
1005.4	0.09725	0.06992	0.01203	-0.24999	-0.49127	-0.65765	-1.0323	-1.4751	-1.6373	-1.7082	-1.4744	-1.0233	-0.41913	0.10888	0.35767	0.68158	0.79996	0.83537	0.62066	0.24127	-0.21911	-0.47457	-0.55751	-0.53583	-0.42005	-0.33035	-0.22078	-0.18089	0.024585	0.084096	6.7427
1005.4	0.12021	0.12757	0.019712	-0.22745	-0.49127	-0.69859	-1.0251	-1.3903	-1.6151	-1.7082	-1.4658	-1.0392	-0.39687	0.070069	0.36591	0.68158	0.80771	0.85204	0.62066	0.23331	-0.19674	-0.4672	-0.56521	-0.5505	-0.4555	-0.37431	-0.25023	-0.15424	0.047577	0.054029	6.7917
1003.3	0.15115	0.12784	0.012055	-0.25805	-0.50061	-0.70828	-0.99842	-1.4009	-1.6334	-1.6566	-1.4432	-0.98542	-0.41258	0.14022	0.39145	0.7216	0.8405	0.85385	0.66511	0.25773	-0.18222	-0.47557	-0.55097	-0.52226	-0.41383	-0.32371	-0.26551	-0.16792	0.032318	0.137	6.759
1007.5	0.14287	0.10573	-0.026324	-0.26446	-0.50677	-0.68895	-1.0661	-1.4412	-1.6486	-1.6732	-1.4286	-0.98924	-0.41824	0.08541	0.40625	0.71856	0.82923	0.82529	0.64083	0.28047	-0.20377	-0.48092	-0.56402	-0.52738	-0.41916	-0.34428	-0.30112	-0.14727	0.032182	0.076418	6.7427
1011.8	0.096638	0.13393	0.050123	-0.25588	-0.47171	-0.65351	-1.0044	-1.3892	-1.627	-1.6974	-1.4226	-1.0248	-0.40912	0.085052	0.40454	0.6926	0.82575	0.80525	0.63101	0.23975	-0.18069	-0.49355	-0.57697	-0.55432	-0.38922	-0.32827	-0.2706	-0.14665	0.039662	0.11344	6.7264
1010.7	0.073898	0.098227	0.042534	-0.23373	-0.48869	-0.7438	-1.0413	-1.3983	-1.6434	-1.6992	-1.4496	-0.99406	-0.39479	0.077421	0.38858	0.67801	0.83433	0.7978	0.6174	0.22417	-0.19571	-0.48674	-0.54692	-0.54761	-0.32616	-0.28489	-0.26356	-0.16006	0.0015853	0.091132	6.7427
1009.7	0.081598	0.083977	0.0043295	-0.24146	-0.48095	-0.70381	-1.0065	-1.4305	-1.6231	-1.6697	-1.4511	-0.95535	-0.41737	0.085231	0.37258	0.70172	0.83521	0.82355	0.62519	0.23233	-0.16622	-0.4579	-0.5475	-0.52627	-0.42534	-0.28519	-0.24918	-0.14032	0.085535	0.098713	6.8244
1006.5	0.10479	0.077045	0.019691	-0.28725	-0.50731	-0.64878	-0.99526	-1.3657	-1.6282	-1.6907	-1.4472	-1.0142	-0.39645	0.093254	0.38199	0.70393	0.85334	0.8095	0.62717	0.23306	-0.21888	-0.45934	-0.53384	-0.53526	-0.44794	-0.30804	-0.24261	-0.12746	0.02456	0.091516	6.7917
1006.5	0.097147	0.11304	0.027365	-0.25723	-0.45764	-0.65696	-0.99526	-1.358	-1.6282	-1.675	-1.4386	-1.0142	-0.41869	0.077747	0.42314	0.70393	0.84559	0.8095	0.63434	0.22512	-0.21143	-0.48879	-0.54923	-0.50595	-0.42669	-0.30804	-0.26467	-0.12746	-0.0060639	0.091516	6.71
1009.7	0.089219	0.076802	0.011979	-0.21901	-0.4892	-0.63858	-1.0065	-1.4305	-1.6599	-1.6697	-1.4426	-1.019	-0.42475	0.10842	0.4136	0.71705	0.81204	0.82355	0.64663	0.27988	-0.18849	-0.48725	-0.57051	-0.53357	-0.43946	-0.31437	-0.27117	-0.15359	0.070271	0.046317	6.7427
1007.5	0.10468	0.11292	0.057999	-0.28695	-0.55639	-0.65626	-1.0014	-1.472	-1.6486	-1.7202	-1.4627	-0.9972	-0.41084	0.093156	0.37336	0.69551	0.83696	0.82529	0.61219	0.22488	-0.18889	-0.48092	-0.57171	-0.55666	-0.45454	-0.37352	-0.25705	-0.15391	0.016886	0.10642	6.7917
1003.3	0.12047	0.077289	0.042849	-0.22793	-0.50061	-0.67545	-0.95509	-1.37	-1.6186	-1.7039	-1.4518	-1.0014	-0.41258	0.070217	0.3832	0.71388	0.85604	0.82878	0.62916	0.24178	-0.17475	-0.49773	-0.55869	-0.54431	-0.49199	-0.30902	-0.28026	-0.11451	0.032318	0.061676	6.7917
997.99	0.097974	0.09948	0.012119	-0.25942	-0.50327	-0.67904	-1.0545	-1.5327	-1.6644	-1.6971	-1.4767	-1.0228	-0.38488	0.12532	0.41843	0.71768	0.83716	0.85839	0.6325	0.23505	-0.22074	-0.48552	-0.54614	-0.56938	-0.48746	-0.33281	-0.25951	-0.17552	-0.013836	0.13016	6.7917
997.99	0.097974	0.0777	0.012119	-0.22914	-0.52832	-0.68729	-1.0763	-1.3307	-1.6421	-1.6734	-1.4595	-1.0067	-0.44467	0.10969	0.37693	0.70992	0.81372	0.84158	0.63973	0.23505	-0.21323	-0.5078	-0.5539	-0.53981	-0.51603	-0.35495	-0.28175	-0.21579	0.04021	0.054431	6.7427
1001.2	0.10535	0.12811	0.050654	-0.22841	-0.46839	-0.70155	-1.044	-1.342	-1.6146	-1.7075	-1.472	-1.0436	-0.4209	0.093748	0.37574	0.67674	0.78778	0.82216	0.61609	0.2343	-0.22004	-0.49878	-0.5444	-0.5381	-0.51439	-0.32439	-0.27347	-0.15489	0.0092968	0.1071	6.7427
1002.2	0.08988	0.11352	0.0043615	-0.25078	-0.52608	-0.70081	-1.0212	-1.6345	-1.6648	-1.6899	-1.4276	-1.0265	-0.43534	0.070292	0.39187	0.69919	0.81806	0.81292	0.65142	0.27397	-0.18989	-0.50564	-0.55155	-0.53753	-0.44983	-0.35345	-0.25841	-0.128	0.07848	0.15223	6.7754
1002.2	0.11292	0.14967	0.035188	-0.26586	-0.45127	-0.65974	-0.97056	-1.1858	-1.6351	-1.6899	-1.4276	-1.0025	-0.40557	0.085862	0.42493	0.72236	0.82584	0.85475	0.62983	0.28195	-0.15997	-0.46129	-0.55155	-0.54489	-0.37159	-0.35345	-0.23625	-0.09458	0.024664	0.11452	6.7754
1000.1	0.11316	0.12825	-0.018796	-0.2211	-0.51054	-0.6776	-1.0161	-1.4442	-1.6386	-1.7251	-1.4392	-1.0447	-0.41389	0.086045	0.37613	0.73163	0.83538	0.83141	0.63838	0.24255	-0.19029	-0.4919	-0.57595	-0.55342	-0.41515	-0.33947	-0.25156	-0.15506	0.040125	0.14499	6.7427
997.99	0.10568	0.07044	0.027598	-0.26699	-0.47823	-0.65429	-1.0255	-1.455	-1.6793	-1.7367	-1.4853	-1.0309	-0.42225	0.078408	0.36863	0.68665	0.84497	0.81638	0.6325	0.23505	-0.22825	-0.48552	-0.57718	-0.56198	-0.46603	-0.3771	-0.31142	-0.15539	0.0016055	0.069576	6.7427
1002.2	0.10524	0.10629	0.012068	-0.22063	-0.4762	-0.67617	-0.96333	-1.2941	-1.6648	-1.7057	-1.4791	-1.0666	-0.46511	0.046934	0.37534	0.68375	0.81028	0.79619	0.63702	0.25002	-0.21232	-0.52782	-0.59019	-0.52281	-0.44983	-0.3608	-0.25841	-0.10795	0.009287	0.11452	6.759
1002.2	0.12827	0.10629	0.012068	-0.25832	-0.4762	-0.73367	-1.0356	-1.4334	-1.6796	-1.7057	-1.4876	-1.0586	-0.47255	0.070292	0.35054	0.67602	0.81028	0.79619	0.64422	0.26599	-0.2198	-0.51304	-0.59791	-0.53753	-0.46406	-0.32405	-0.29533	-0.11463	0.032352	0.061741	6.759
1002.2	0.12827	0.12798	0.012068	-0.25832	-0.45127	-0.70903	-1.0139	-1.4102	-1.6573	-1.7609	-1.4962	-1.0986	-0.47255	0.031361	0.33401	0.69919	0.82584	0.82965	0.64422	0.26599	-0.24224	-0.50564	-0.57474	-0.55225	-0.47117	-0.35345	-0.22887	-0.12131	0.024664	0.099444	6.7427
1000.1	0.10546	0.13549	0.035262	-0.25131	-0.51887	-0.71876	-1.0306	-1.3821	-1.6609	-1.733	-1.5252	-1.0367	-0.4661	0.054836	0.35129	0.70068	0.85098	0.85656	0.63838	0.25855	-0.15282	-0.47708	-0.55272	-0.54604	-0.38664	-0.29527	-0.29596	-0.16845	0.024716	0.076985	6.7917
1001.2	0.11304	0.13535	0.066082	-0.22087	-0.52664	-0.65221	-0.9933	-1.4426	-1.6665	-1.7706	-1.5064	-1.0837	-0.4805	0.0236	0.36746	0.70766	0.84229	0.83053	0.6377	0.27426	-0.19758	-0.49878	-0.58308	-0.5602	-0.40047	-0.31703	-0.29564	-0.1482	0.078563	0.084453	6.7264
1003.3	0.097456	0.1134	0.019754	-0.22793	-0.49231	-0.71648	-1.0345	-1.5555	-1.6926	-1.759	-1.5546	-1.0654	-0.45719	0.031328	0.36668	0.65988	0.84828	0.84549	0.64354	0.22583	-0.20463	-0.48296	-0.55869	-0.56636	-0.49909	-0.33839	-0.236	-0.19462	0.001597	0.069209	6.7754
1004.4	0.082028	0.10606	-0.011027	-0.18256	-0.51667	-0.74851	-1.0479	-1.3068	-1.6612	-1.7493	-1.553	-1.1203	-0.48641	0.062374	0.34156	0.69001	0.82409	0.87799	0.65004	0.26542	-0.18949	-0.50458	-0.54268	-0.57311	-0.44888	-0.34537	-0.2726	-0.14773	0.016939	0.10676	6.7427
1006.5	0.13538	0.12744	0.0043431	-0.27224	-0.48247	-0.7224	-0.96647	-1.4659	-1.6725	-1.7378	-1.5412	-1.102	-0.49279	0.054489	0.34907	0.71163	0.83785	0.85115	0.64867	0.27281	-0.18909	-0.47407	-0.56462	-0.54259	-0.44794	-0.33732	-0.25732	-0.17404	0.047527	0.091516	6.7754
1005.4	0.12786	0.14199	0.027394	-0.27253	-0.52441	-0.68222	-0.96749	-1.5522	-1.6669	-1.7317	-1.4915	-1.0792	-0.46364	0.054546	0.36591	0.72777	0.85424	0.85204	0.64936	0.28902	-0.18929	-0.48931	-0.54211	-0.55783	-0.48386	-0.345	-0.30912	-0.13425	0.0092576	0.069063	6.7427
1008.6	0.089313	0.14154	-0.01098	-0.22673	-0.49798	-0.72088	-0.9788	-1.3321	-1.6616	-1.7419	-1.5124	-1.1076	-0.48436	0.0389	0.36476	0.7178	0.82835	0.82442	0.62585	0.26431	-0.19612	-0.47307	-0.55575	-0.53414	-0.42579	-0.27088	-0.28613	-0.16039	0.016868	0.091324	6.7427
1012.8	0.088939	0.098022	0.027193	-0.28544	-0.47944	-0.7016	-1.0248	-1.3648	-1.64	-1.719	-1.506	-1.0316	-0.44551	0.054147	0.36323	0.72244	0.84798	0.86236	0.60899	0.2632	-0.1879	-0.4784	-0.56872	-0.55374	-0.43808	-0.34247	-0.27762	-0.15311	0.024405	0.090941	6.7427
1011.8	0.10424	0.12677	0.0043204	-0.28574	-0.48818	-0.6942	-1.0473	-1.4352	-1.6564	-1.7521	-1.5161	-1.0962	-0.47547	0.092765	0.36361	0.71555	0.81804	0.84669	0.64527	0.25557	-0.21032	-0.4789	-0.59227	-0.53975	-0.39627	-0.3938	-0.29254	-0.14003	0.032047	0.098506	6.759
1009.7	0.081598	0.083977	-0.0033204	-0.25642	-0.52221	-0.72012	-1.0065	-1.4305	-1.6599	-1.7245	-1.5278	-1.0985	-0.46908	0.046588	0.35617	0.68638	0.84293	0.84016	0.63948	0.24818	-0.21819	-0.46523	-0.57051	-0.56279	-0.47476	-0.29978	-0.25651	-0.16686	0.047377	0.038833	6.808
1006.5	0.11244	0.12024	-0.0033309	-0.24222	-0.44936	-0.67332	-1.0097	-1.4659	-1.6651	-1.7456	-1.5412	-1.094	-0.49279	0.062242	0.35729	0.70393	0.79912	0.86781	0.62717	0.24896	-0.22632	-0.51087	-0.56462	-0.55725	-0.48335	-0.38855	-0.2132	-0.13411	0.032215	0.091516	6.759
1006.5	0.15067	0.098641	0.050387	-0.27974	-0.46592	-0.65696	-1.06	-1.0575	-1.6873	-1.7299	-1.5155	-1.078	-0.46315	0.023476	0.39022	0.72701	0.8301	0.85115	0.62	0.24896	-0.19653	-0.50351	-0.58	-0.54992	-0.44085	-0.30073	-0.27938	-0.16739	0.02456	0.061481	6.7264
1009.7	0.096841	0.14856	0.027279	-0.29383	-0.50571	-0.70381	-1.0136	-1.3307	-1.6746	-1.7558	-1.5023	-1.0508	-0.44692	0.054317	0.36437	0.72472	0.84293	0.82355	0.61091	0.2561	-0.18849	-0.52394	-0.57818	-0.5774	-0.45358	-0.38003	-0.21252	-0.14696	0.01685	0.1062	6.759
1009.7	0.10446	0.12704	0.011979	-0.24894	-0.44795	-0.70381	-0.98495	-1.4075	-1.6599	-1.7088	-1.5278	-1.0269	-0.44692	0.069775	0.37258	0.73238	0.85837	0.85677	0.63948	0.24818	-0.18107	-0.47257	-0.56284	-0.52627	-0.46065	-0.29978	-0.24918	-0.12042	0.047377	0.098713	6.7427
1008.6	0.10457	0.14872	0.011992	-0.17431	-0.50624	-0.6719	-0.95725	-1.4935	-1.6469	-1.7419	-1.4868	-1.028	-0.4326	0.077584	0.38118	0.73315	0.83608	0.84936	0.64016	0.27224	-0.17383	-0.48776	-0.54807	-0.53414	-0.43993	-0.33661	-0.22742	-0.14047	0.0015886	0.1138	6.808
1004.4	0.12034	0.12049	0.073563	-0.22769	-0.45031	-0.72392	-1.0406	-1.4612	-1.6686	-1.7336	-1.5187	-1.0643	-0.43442	0.062374	0.37454	0.70542	0.8629	0.85294	0.65004	0.23356	-0.21934	-0.4972	-0.58123	-0.57311	-0.47727	-0.37471	-0.27997	-0.12106	0.032283	0.07666	6.7917
1005.4	0.1049	0.091539	0.027394	-0.22745	-0.46641	-0.65765	-1.0035	-1.4366	-1.6743	-1.716	-1.5086	-1.0792	-0.47106	0.070069	0.35767	0.69698	0.83098	0.85204	0.65653	0.23331	-0.22656	-0.51878	-0.57292	-0.5725	-0.51931	-0.36698	-0.26495	-0.13425	0.0092576	0.084096	6.759
1007.5	0.11996	0.11292	-0.018658	-0.24946	-0.49023	-0.68078	-1.0302	-1.549	-1.6486	-1.7046	-1.514	-1.061	-0.46266	0.08541	0.3898	0.69551	0.83696	0.85025	0.66231	0.24076	-0.21865	-0.50298	-0.59477	-0.5347	-0.47576	-0.31503	-0.30112	-0.14062	0.016886	0.098921	6.7427
1008.6	0.096943	0.14872	0.01965	-0.24171	-0.49798	-0.70455	-1.0291	-1.309	-1.6395	-1.7341	-1.4868	-1.0598	-0.44739	0.046637	0.36476	0.72548	0.85154	0.83273	0.633	0.24844	-0.21098	-0.50245	-0.56343	-0.57801	-0.42579	-0.322	-0.24944	-0.14711	0.032148	0.053858	6.759
1007.5	0.1276	0.1273	0.073331	-0.19698	-0.44889	-0.68895	-1.0374	-1.2103	-1.6707	-1.7359	-1.5225	-1.037	-0.43305	0.046686	0.36514	0.69551	0.86018	0.83361	0.65515	0.24076	-0.20377	-0.49563	-0.57171	-0.55666	-0.39086	-0.32234	-0.25705	-0.12732	0.032182	0.09142	6.808
1005.4	0.13552	0.12757	0.081168	-0.21242	-0.48298	-0.69859	-0.9819	-1.3363	-1.6521	-1.716	-1.5	-1.0392	-0.43396	0.070069	0.39063	0.73547	0.85424	0.86872	0.65653	0.26514	-0.16692	-0.47457	-0.54981	-0.52849	-0.44132	-0.30104	-0.25023	-0.12093	0.0092576	0.10665	6.759
1006.5	0.12009	0.098641	0.012017	-0.2122	-0.54869	-0.6815	-1.0097	-1.4505	-1.6577	-1.7064	-1.4899	-1.07	-0.44833	0.054489	0.39845	0.69624	0.83785	0.83449	0.64867	0.31256	-0.21143	-0.49615	-0.5877	-0.54992	-0.49043	-0.37392	-0.27938	-0.12746	0.047527	0.061481	6.7427
1008.6	0.096943	0.10562	-0.018638	-0.22673	-0.49798	-0.68822	-0.99317	-1.4166	-1.6469	-1.7184	-1.4953	-1.0519	-0.46957	0.093058	0.37297	0.69478	0.81289	0.85767	0.61155	0.24051	-0.21098	-0.50245	-0.56343	-0.56339	-0.45406	-0.38774	-0.27879	-0.12719	0.032148	0.046365	6.7427
1007.5	0.14287	0.11292	0.042668	-0.30194	-0.45716	-0.72981	-1.0302	-1.4566	-1.6707	-1.7124	-1.4883	-1.0689	-0.46266	0.054432	0.39803	0.71088	0.81375	0.83361	0.62651	0.2487	-0.21865	-0.48828	-0.57171	-0.56398	-0.39794	-0.27847	-0.20563	-0.13397	-0.0060576	0.10642	6.7754
1006.5	0.097147	0.098641	-0.026352	-0.24972	-0.44936	-0.64878	-1.0384	-1.3888	-1.643	-1.7378	-1.4557	-1.07	-0.44092	0.062242	0.39845	0.70393	0.84559	0.84282	0.663	0.28076	-0.18164	-0.47407	-0.55692	-0.55725	-0.37003	-0.37392	-0.27202	-0.1208	-0.01372	0.091516	6.759
1003.3	0.097456	0.14229	0.042849	-0.24299	-0.45079	-0.68366	-1.0129	-1.3778	-1.6482	-1.7354	-1.4946	-1.0334	-0.45719	0.06244	0.35843	0.7216	0.81719	0.82878	0.62197	0.28165	-0.17475	-0.49034	-0.57413	-0.58107	-0.44936	-0.33839	-0.28764	-0.19462	0.039998	0.10687	6.759
1005.4	0.12021	0.091539	0.042758	-0.21242	-0.45812	-0.71497	-1.0468	-1.3286	-1.6669	-1.7317	-1.5	-1.0392	-0.41913	0.070069	0.35767	0.69698	0.83873	0.84371	0.62783	0.24127	-0.19674	-0.47457	-0.58062	-0.5505	-0.42714	-0.345	-0.1987	-0.094281	0.047577	0.061546	6.7427
1008.6	0.12746	0.1128	0.004334	-0.1818	-0.48146	-0.69639	-1.0075	-1.3398	-1.6321	-1.6793	-1.4782	-1.0519	-0.44739	0.085321	0.35654	0.68711	0.80516	0.83273	0.64731	0.24844	-0.21098	-0.50245	-0.56343	-0.54876	-0.4894	-0.33661	-0.25678	-0.16039	0.070345	0.076338	6.7754
1008.6	0.13509	0.12717	-0.01098	-0.1818	-0.45668	-0.68006	-1.0004	-1.3936	-1.6395	-1.7184	-1.4953	-1.0598	-0.45478	0.077584	0.36476	0.69478	0.80516	0.84936	0.61155	0.23257	-0.21842	-0.5098	-0.53272	-0.56339	-0.38338	-0.38043	-0.25678	-0.13383	0.070345	0.068845	6.7427
1004.4	0.14332	0.12049	0.035113	-0.27281	-0.45861	-0.65015	-1.019	-1.6388	-1.6464	-1.6864	-1.4759	-1.0323	-0.4567	0.077911	0.38279	0.70542	0.81633	0.8279	0.65004	0.24949	-0.20441	-0.4972	-0.60436	-0.53639	-0.43469	-0.36737	-0.30208	-0.10772	0.078314	0.069135	6.759
1001.2	0.074603	0.1064	0.019796	-0.23596	-0.48503	-0.66044	-1.0512	-1.4814	-1.6368	-1.7312	-1.472	-1.0196	-0.4358	0.070366	0.35092	0.73859	0.8345	0.84728	0.63049	0.25028	-0.19758	-0.49138	-0.58308	-0.56757	-0.40759	-0.33911	-0.28086	-0.12813	0.0092968	0.13729	6.808
1002.2	0.10524	0.14244	0.012068	-0.25832	-0.48452	-0.65974	-1.0067	-1.3483	-1.6499	-1.7057	-1.4619	-1.0345	-0.44279	0.078076	0.35054	0.72236	0.81028	0.82965	0.61543	0.258	-0.22728	-0.51304	-0.57474	-0.55961	-0.43561	-0.38285	-0.29533	-0.1681	0.04004	0.076822	6.7427
1005.4	0.11256	0.091539	0.042758	-0.18988	-0.46641	-0.64946	-0.99631	-1.6217	-1.6521	-1.716	-1.5	-1.0073	-0.41171	0.070069	0.36591	0.68158	0.83098	0.84371	0.61349	0.2174	-0.25638	-0.51878	-0.60372	-0.56517	-0.48386	-0.28639	-0.24287	-0.13425	0.032249	0.09913	6.7917
1008.6	0.1122	0.11999	0.034966	-0.1818	-0.50624	-0.64741	-1.0147	-1.3551	-1.61	-1.6793	-1.4527	-1.036	-0.40301	0.077584	0.38939	0.68711	0.85154	0.81611	0.61155	0.25637	-0.23328	-0.49511	-0.54807	-0.55607	-0.4682	-0.3074	-0.22742	-0.10727	0.039787	0.091324	6.7427
1007.5	0.10468	0.12011	-0.03399	-0.24196	-0.48196	-0.68895	-1.0517	-1.4181	-1.6339	-1.6967	-1.4713	-1.0291	-0.41084	0.08541	0.3898	0.71088	0.83696	0.86689	0.64799	0.25664	-0.19633	-0.46621	-0.56402	-0.56398	-0.41209	-0.38083	-0.22766	-0.14062	0.016886	0.068917	6.7427
1003.3	0.15115	0.098954	0.035151	-0.28063	-0.484	-0.69186	-1.0273	-1.2077	-1.6334	-1.6881	-1.5118	-1.0654	-0.46462	0.077994	0.3832	0.69845	0.82496	0.82878	0.63635	0.27368	-0.22704	-0.49773	-0.56641	-0.53696	-0.35699	-0.34573	-0.29502	-0.14121	0.047678	0.076741	6.7754
1003.3	0.12047	0.14951	-0.0033415	-0.28063	-0.55043	-0.70007	-0.96954	-1.3391	-1.6556	-1.7433	-1.5204	-1.0654	-0.42001	0.070217	0.35843	0.69845	0.82496	0.85385	0.65073	0.2338	-0.2121	-0.49773	-0.54325	-0.54431	-0.47067	-0.36042	-0.25813	-0.10116	0.078397	0.069209	6.7427
1007.5	0.089407	0.1273	0.019671	-0.29444	-0.53985	-0.72164	-1.0014	-1.3797	-1.6486	-1.7281	-1.4798	-1.0291	-0.41084	0.054432	0.35692	0.68783	0.82923	0.83361	0.61935	0.24076	-0.21865	-0.48092	-0.57171	-0.54934	-0.46162	-0.38083	-0.25705	-0.10738	-0.013705	0.09142	6.71
1009.7	0.096841	0.14139	0.019629	-0.30131	-0.48095	-0.67935	-1.0065	-1.3691	-1.6451	-1.7245	-1.4597	-1.0508	-0.43214	0.046588	0.34797	0.70938	0.81204	0.83186	0.61091	0.27195	-0.20334	-0.50926	-0.60886	-0.53357	-0.45358	-0.36544	-0.30049	-0.16022	0.032114	0.12117	6.7427
1011.8	0.15748	0.13393	0.057756	-0.23348	-0.47994	-0.67792	-1.0115	-1.3815	-1.6197	-1.6818	-1.4651	-1.0486	-0.41649	0.046491	0.3718	0.6926	0.79493	0.84669	0.6025	0.24766	-0.20291	-0.50087	-0.554	-0.52517	-0.43854	-0.32827	-0.28523	-0.10031	0.062508	0.12091	6.759
1008.6	0.12746	0.084066	0.01965	-0.22673	-0.49798	-0.62292	-1.0147	-1.4474	-1.6248	-1.7028	-1.4782	-1.0439	-0.4178	0.062111	0.37297	0.69478	0.82835	0.85767	0.64731	0.26431	-0.18126	-0.45103	-0.52504	-0.52682	-0.50354	-0.3147	-0.25678	-0.10727	0.032148	0.1138	6.7427
1008.6	0.13509	0.13435	0.011992	-0.30911	-0.48972	-0.68822	-1.0506	-1.555	-1.6248	-1.6793	-1.4782	-1.036	-0.45478	0.054374	0.38118	0.67943	0.7897	0.80779	0.62585	0.24844	-0.21842	-0.49511	-0.57111	-0.54876	-0.35511	-0.35852	-0.1834	-0.11391	0.055066	0.14377	6.7754
1011.8	0.15748	0.10529	0.057756	-0.24842	-0.45524	-0.70234	-1.0258	-1.6115	-1.649	-1.6896	-1.4311	-1.0406	-0.43861	0.085052	0.40454	0.7079	0.81034	0.82183	0.61675	0.26348	-0.21032	-0.48623	-0.57697	-0.53975	-0.45968	-0.37924	-0.24865	-0.080447	0.062508	0.12838	6.7427
1011.8	0.096638	0.11961	0.034856	-0.24095	-0.47994	-0.6942	-0.99004	-1.3585	-1.627	-1.7287	-1.4481	-1.0168	-0.43124	0.054203	0.34724	0.70025	0.81034	0.82183	0.61675	0.27929	-0.18069	-0.49355	-0.554	-0.52517	-0.48786	-0.30643	-0.20476	-0.15989	-0.021262	0.10597	6.7917
1011.8	0.096638	0.06948	-0.01858	-0.27828	-0.51288	-0.6942	-1.0187	-1.2359	-1.605	-1.6974	-1.4651	-1.0486	-0.40175	0.054203	0.37998	0.67729	0.82575	0.83011	0.62388	0.25557	-0.21032	-0.4789	-0.56931	-0.56161	-0.37513	-0.30643	-0.25597	-0.093688	-0.013648	0.076098	6.7264
1009.7	0.13495	0.11986	0.034929	-0.25642	-0.48095	-0.71197	-1.0352	-1.3691	-1.6378	-1.7088	-1.4597	-1.0428	-0.42475	0.085231	0.37258	0.69405	0.85837	0.84016	0.63234	0.2561	-0.20334	-0.4579	-0.55517	-0.53357	-0.42534	-0.35085	-0.20519	-0.10715	0.032114	0.068772	6.7427
1009.7	0.10446	0.12704	-0.0033204	-0.24894	-0.46445	-0.71197	-1.0424	-1.538	-1.601	-1.7323	-1.5023	-1.0985	-0.43953	0.03886	0.37258	0.67105	0.80432	0.85677	0.6752	0.27988	-0.19591	-0.50193	-0.53216	-0.56279	-0.4677	-0.34355	-0.23452	-0.067348	0.047377	0.1062	6.7427
1013.9	0.12679	0.12651	-0.033777	-0.22554	-0.45429	-0.69275	-1.0594	-1.1492	-1.609	-1.6939	-1.462	-1.0543	-0.42298	0.05409	0.36285	0.68351	0.80095	0.84491	0.62969	0.27871	-0.20988	-0.45598	-0.56048	-0.56771	-0.41653	-0.32032	-0.18244	-0.15955	0.0015803	0.10575	6.808
1012.8	0.13453	0.098022	0.011942	-0.27053	-0.44654	-0.65283	-1.0105	-1.3877	-1.6547	-1.6956	-1.4551	-1.0395	-0.46024	0.054147	0.37141	0.68423	0.80949	0.82097	0.65172	0.3027	-0.2027	-0.4784	-0.56872	-0.53918	-0.40289	-0.32066	-0.24839	-0.086976	0.077658	0.098403	6.759
1011.8	0.11946	0.12677	-0.01858	-0.24842	-0.50465	-0.71861	-0.93992	-1.3279	-1.6417	-1.7208	-1.4821	-1.0644	-0.44598	0.046491	0.36361	0.6926	0.80263	0.80525	0.60963	0.24766	-0.1955	-0.50087	-0.57697	-0.54704	-0.53718	-0.35011	-0.28523	-0.14003	0.032047	0.13585	6.7427
1007.5	0.097045	0.1345	0.012005	-0.27945	-0.4737	-0.66444	-1.0086	-1.3181	-1.656	-1.7046	-1.4969	-1.045	-0.45526	0.062177	0.35692	0.70319	0.8447	0.81697	0.66231	0.23282	-0.17401	-0.48828	-0.57171	-0.5713	-0.40501	-0.31503	-0.27908	-0.12732	0.032182	0.068917	6.8244
1006.5	0.12009	0.098641	0.019691	-0.22721	-0.49903	-0.68968	-1.0384	-1.4196	-1.643	-1.7299	-1.507	-1.07	-0.45574	0.077747	0.34907	0.67317	0.79912	0.84282	0.63434	0.24101	-0.22632	-0.48143	-0.54923	-0.57923	-0.44085	-0.38123	-0.27202	-0.12746	0.02456	0.061481	6.71
1008.6	0.11983	0.084066	0.01965	-0.26418	-0.44842	-0.74537	-0.97162	-1.5243	-1.6469	-1.7341	-1.5038	-1.0837	-0.46218	0.023426	0.33191	0.66408	0.82062	0.84104	0.65446	0.23257	-0.22585	-0.49511	-0.57879	-0.55607	-0.44699	-0.37313	-0.29347	-0.12055	0.016868	0.083831	6.6937
1009.7	0.11209	0.12704	-0.041568	-0.30131	-0.51396	-0.67119	-1.0352	-1.2846	-1.601	-1.6932	-1.4767	-1.0587	-0.49124	0.062046	0.34797	0.69405	0.82748	0.87338	0.68235	0.27195	-0.17364	-0.48725	-0.50915	-0.53357	-0.39004	-0.35814	-0.21985	-0.20666	0.039746	0.076257	6.7427
1007.5	0.15051	0.1273	0.012005	-0.27195	-0.4985	-0.61541	-0.97264	-1.5182	-1.6781	-1.6889	-1.5225	-1.0769	-0.49968	0.023451	0.36514	0.69551	0.83696	0.85025	0.68378	0.28047	-0.18145	-0.50298	-0.57939	-0.55666	-0.40501	-0.34428	-0.28643	-0.16056	0.062771	0.083919	6.759
1003.3	0.1128	0.12784	0.019754	-0.24299	-0.50061	-0.63442	-0.98398	-1.5092	-1.6704	-1.759	-1.4775	-1.0494	-0.45719	0.054662	0.36668	0.7216	0.81719	0.87056	0.6723	0.27368	-0.15233	-0.46819	-0.56641	-0.55166	-0.44225	-0.34573	-0.25813	-0.10116	0.024637	0.069209	6.759
1002.2	0.11292	0.11352	0.042894	-0.26586	-0.52608	-0.70903	-1.0212	-1.0852	-1.6648	-1.7451	-1.522	-1.0906	-0.48744	0.039147	0.34228	0.64513	0.82584	0.82129	0.63702	0.25002	-0.17493	-0.50564	-0.58246	-0.57432	-0.46406	-0.3608	-0.23625	-0.087897	0.009287	0.10698	6.7917
1004.4	0.074366	0.09885	-0.049478	-0.25777	-0.48349	-0.69113	-1.0983	-1.4998	-1.6464	-1.7493	-1.5187	-1.0803	-0.48641	0.062374	0.35805	0.69001	0.82409	0.8446	0.65722	0.27339	-0.18949	-0.50458	-0.54268	-0.58045	-0.48437	-0.39671	-0.2726	-0.067704	0.0015953	0.054086	6.7427
1005.4	0.1049	0.091539	-0.0033344	-0.21242	-0.52441	-0.69859	-1.0468	-1.2129	-1.6447	-1.7475	-1.5	-1.0871	-0.46364	0.062308	0.34943	0.68158	0.79996	0.86038	0.63501	0.26514	-0.22656	-0.48194	-0.58062	-0.55783	-0.42005	-0.37431	-0.24287	-0.10094	-0.021397	0.084096	6.7264
1006.5	0.14302	0.14184	-0.0033309	-0.25723	-0.48247	-0.63242	-1.0241	-1.3426	-1.6651	-1.7142	-1.507	-1.0621	-0.47056	0.038982	0.37376	0.68855	0.8301	0.82616	0.64867	0.28871	-0.21143	-0.45198	-0.57231	-0.54259	-0.40544	-0.35928	-0.25732	-0.14077	0.085805	0.084007	6.759
1005.4	0.13552	0.12757	0.0043477	-0.23496	-0.50784	-0.63308	-1.0251	-1.3749	-1.6669	-1.7082	-1.4915	-1.0632	-0.47848	0.070069	0.38239	0.71238	0.82322	0.83537	0.65653	0.24923	-0.2042	-0.48931	-0.54211	-0.52115	-0.41296	-0.32302	-0.1987	-0.12759	0.032249	0.11416	6.759
1007.5	0.14287	0.12011	0.073331	-0.26446	-0.53158	-0.68078	-0.97983	-1.5721	-1.656	-1.7438	-1.4969	-1.0689	-0.48487	0.031196	0.3487	0.71088	0.79827	0.84193	0.60503	0.28047	-0.22609	-0.50298	-0.56402	-0.51274	-0.43331	-0.3589	-0.2497	-0.12732	-0.021352	0.14393	6.7754
1009.7	0.10446	0.10551	0.019629	-0.25642	-0.49746	-0.6875	-1.0136	-1.2692	-1.6451	-1.7245	-1.5108	-1.0428	-0.43953	0.03886	0.34797	0.67105	0.82748	0.83186	0.63234	0.24026	-0.20334	-0.46523	-0.57051	-0.55549	-0.45358	-0.33626	-0.27117	-0.14032	-0.051834	0.076257	6.759
1010.7	0.09674	0.14124	0.0731	-0.19636	-0.47221	-0.67864	-1.0556	-1.2295	-1.6581	-1.7305	-1.5262	-1.0576	-0.44645	0.046539	0.3558	0.67801	0.8189	0.86416	0.66736	0.25584	-0.19571	-0.51606	-0.55459	-0.54761	-0.43195	-0.35048	-0.23427	-0.12029	0.13881	0.11356	6.759
1011.8	0.11946	0.11961	0.04249	-0.24842	-0.45524	-0.65351	-0.9972	-1.3279	-1.6197	-1.7208	-1.5246	-1.0803	-0.49021	0.054203	0.33905	0.67729	0.80263	0.85497	0.62388	0.27138	-0.21032	-0.49355	-0.54635	-0.55432	-0.4315	-0.32099	-0.24865	-0.15989	0.047278	0.13585	6.7754
1009.7	0.17306	0.14139	0.0043295	-0.21901	-0.51396	-0.65489	-0.96342	-1.3537	-1.6599	-1.7166	-1.4682	-1.0428	-0.46169	0.046588	0.38899	0.70172	0.83521	0.86507	0.65377	0.29573	-0.20334	-0.48725	-0.57818	-0.51896	-0.47476	-0.33626	-0.27117	-0.12705	0.0092187	0.091228	6.759
1010.7	0.13481	0.091058	0.0043249	-0.2711	-0.52991	-0.63791	-1.0126	-1.0377	-1.6655	-1.7305	-1.4922	-1.0973	-0.48335	0.031098	0.32301	0.70098	0.80348	0.83098	0.63167	0.26375	-0.20313	-0.5014	-0.57757	-0.5695	-0.41079	-0.32133	-0.26356	-0.15343	0.047328	0.083655	6.7427
1013.9	0.13438	0.12651	0.0043113	-0.2628	-0.51181	-0.66027	-0.98083	-1.4169	-1.6749	-1.725	-1.5045	-1.0701	-0.47447	0.046393	0.34651	0.70642	0.80864	0.83665	0.61546	0.26292	-0.21727	-0.49252	-0.57576	-0.58226	-0.45872	-0.38571	-0.29193	-0.15955	0.0091801	0.068485	6.759
1010.7	0.10435	0.091058	0.034892	-0.25615	-0.47221	-0.68678	-1.0341	-1.2142	-1.6655	-1.7383	-1.5177	-1.1053	-0.45383	0.046539	0.3476	0.69332	0.82662	0.86416	0.63167	0.25584	-0.21054	-0.47208	-0.57757	-0.55491	-0.44606	-0.32862	-0.21962	-0.16006	0.039704	0.083655	6.759
1008.6	0.13509	0.1128	0.042624	-0.15933	-0.45668	-0.63109	-1.0219	-1.6165	-1.6395	-1.7576	-1.5038	-1.0996	-0.45478	0.01569	0.35654	0.67176	0.82062	0.84936	0.65446	0.24844	-0.21842	-0.46572	-0.53272	-0.54876	-0.46113	-0.37313	-0.24944	-0.15375	0.039787	0.16625	6.7264
1004.4	0.10501	0.09885	-0.011027	-0.25025	-0.45031	-0.69113	-0.98294	-1.4149	-1.6538	-1.7493	-1.553	-1.0963	-0.47156	0.046834	0.33331	0.69001	0.82409	0.86964	0.63568	0.25746	-0.21934	-0.45294	-0.56581	-0.52905	-0.44178	-0.30869	-0.22838	-0.12772	0.06297	0.046561	6.8407
1003.3	0.12813	0.098954	0.0043569	-0.29569	-0.49231	-0.70007	-1.0778	-1.4551	-1.6556	-1.7354	-1.5375	-1.0974	-0.49436	0.070217	0.35017	0.68302	0.80942	0.83713	0.64354	0.24178	-0.22704	-0.50511	-0.58184	-0.53696	-0.47067	-0.34573	-0.28764	-0.13454	0.032318	0.084274	6.7264
1004.4	0.12034	0.12771	0.019733	-0.22769	-0.43372	-0.62555	-1.0479	-1.4304	-1.6612	-1.7493	-1.5444	-1.1043	-0.50126	0.062374	0.3498	0.69001	0.79304	0.85294	0.65004	0.24152	-0.18949	-0.51195	-0.54268	-0.54374	-0.46308	-0.34537	-0.23575	-0.10772	0.016939	0.10676	6.71
1005.4	0.1049	0.12037	-0.0033344	-0.23496	-0.45812	-0.65765	-1.0179	-1.452	-1.6817	-1.7553	-1.5	-1.0792	-0.45622	0.031262	0.35767	0.72777	0.82322	0.85204	0.63501	0.2731	-0.19674	-0.4672	-0.55751	-0.5505	-0.39878	-0.345	-0.23551	-0.14091	0.039913	0.069063	6.759
1004.4	0.128	0.14214	-0.011027	-0.28786	-0.50008	-0.71572	-1.0334	-1.5616	-1.6908	-1.7729	-1.5187	-1.1203	-0.48641	0.031295	0.3498	0.70542	0.83185	0.85294	0.64286	0.28136	-0.18949	-0.48982	-0.5581	-0.54374	-0.3921	-0.31603	-0.25049	-0.10105	0.032283	0.16696	6.759
1002.2	0.12059	0.10629	-0.003345	-0.2131	-0.45958	-0.67617	-0.97056	-1.3792	-1.6351	-1.7609	-1.5391	-1.1066	-0.45767	0.039147	0.36707	0.69147	0.84917	0.87985	0.64422	0.258	-0.18241	-0.46129	-0.54383	-0.53753	-0.38582	-0.3314	-0.25102	-0.128	0.04004	0.11452	6.7264
1002.2	0.08988	0.0846	0.019775	-0.22817	-0.49283	-0.71724	-1.0428	-1.4411	-1.6722	-1.7688	-1.5563	-1.1307	-0.53953	0.039147	0.31748	0.68375	0.8025	0.86312	0.65142	0.24204	-0.2198	-0.51304	-0.54383	-0.54489	-0.48539	-0.32405	-0.25102	-0.16141	0.016975	0.084363	6.759
1004.4	0.10501	0.077208	-0.041788	-0.27281	-0.44202	-0.64195	-1.019	-1.3918	-1.6686	-1.7414	-1.553	-1.1123	-0.53097	0.046834	0.32506	0.6823	0.80857	0.8446	0.6644	0.24949	-0.21188	-0.51195	-0.55039	-0.55842	-0.51276	-0.36004	-0.29471	-0.10105	-0.0060767	0.061611	6.7264
1005.4	0.09725	0.13478	0.01203	-0.24999	-0.5327	-0.65765	-1.0107	-1.3363	-1.6964	-1.771	-1.5343	-1.1351	-0.52299	-0.015305	0.35767	0.68158	0.83098	0.83537	0.63501	0.2731	-0.18183	-0.48931	-0.57292	-0.5725	-0.47677	-0.3157	-0.30912	-0.12093	0.0092576	0.09913	6.7264
1006.5	0.089501	0.091442	0.035039	-0.22721	-0.44936	-0.66514	-1.0025	-1.2424	-1.6799	-1.7692	-1.5412	-1.102	-0.49279	0.031229	0.34084	0.69624	0.85334	0.8928	0.67734	0.26486	-0.18909	-0.45934	-0.54923	-0.52793	-0.43377	-0.26413	-0.24996	-0.1208	0.016904	0.091516	6.7754
1005.4	0.1049	0.091539	0.027394	-0.20491	-0.5327	-0.67403	-0.99631	-1.1589	-1.6521	-1.7632	-1.5514	-1.1191	-0.49331	0.054546	0.33296	0.70468	0.83873	0.89374	0.6924	0.28902	-0.18929	-0.4672	-0.5267	-0.5505	-0.44841	-0.35966	-0.17661	-0.15424	0.016922	0.10665	6.808
1006.5	0.097147	0.11304	0.05806	-0.22721	-0.48247	-0.67332	-1.0169	-1.3888	-1.6799	-1.7849	-1.5839	-1.1339	-0.54467	0.00021755	0.31615	0.67317	0.85334	0.84282	0.663	0.24101	-0.16675	-0.48879	-0.54923	-0.54992	-0.45502	-0.34464	-0.30879	-0.10749	-0.021374	0.10653	6.759
1008.6	0.11983	0.098434	-0.0033239	-0.20426	-0.49798	-0.68006	-1.0578	-1.4628	-1.669	-1.7654	-1.5721	-1.1315	-0.51394	0.01569	0.33191	0.66408	0.81289	0.84104	0.68306	0.24051	-0.21098	-0.5098	-0.5404	-0.56339	-0.43993	-0.36583	-0.27879	-0.14047	0.062705	0.1138	6.7264
1009.7	0.089219	0.10551	-0.0033204	-0.2639	-0.50571	-0.67935	-1.0352	-1.3153	-1.6746	-1.7479	-1.5619	-1.1064	-0.50602	0.054317	0.33976	0.68638	0.80432	0.85677	0.66091	0.27988	-0.18849	-0.47991	-0.55517	-0.52627	-0.40416	-0.35814	-0.25651	-0.13369	0.047377	0.091228	6.759
1009.7	0.12733	0.09833	-0.0033204	-0.25642	-0.43969	-0.64673	-1.0567	-1.3844	-1.6967	-1.7479	-1.5448	-1.1064	-0.49863	0.062046	0.38078	0.69405	0.82748	0.83186	0.66806	0.2561	-0.19591	-0.50193	-0.56284	-0.54088	-0.42534	-0.36544	-0.27117	-0.10715	0.0092187	0.1062	6.759
1005.4	0.15848	0.16361	0.027394	-0.1974	-0.50784	-0.6904	-1.0395	-1.4366	-1.7038	-1.7789	-1.5428	-1.1031	-0.47848	0.031262	0.38239	0.72008	0.85424	0.84371	0.64218	0.2731	-0.18929	-0.50404	-0.56521	-0.55783	-0.42714	-0.35966	-0.1987	-0.12093	0.062904	0.11416	6.7427
1007.5	0.11996	0.091346	0.035002	-0.17449	-0.4985	-0.68078	-0.97264	-1.4258	-1.6855	-1.7595	-1.5652	-1.1008	-0.47007	0.062177	0.36514	0.67246	0.82923	0.84193	0.64083	0.2487	-0.23353	-0.50298	-0.55634	-0.55666	-0.43331	-0.36621	-0.25705	-0.10738	0.032182	0.11392	6.7264
1009.7	0.096841	0.069626	0.019629	-0.27138	-0.49746	-0.67935	-1.0782	-1.3384	-1.6746	-1.7245	-1.5448	-1.0905	-0.49124	0.062046	0.36437	0.69405	0.81204	0.84846	0.65377	0.2561	-0.21819	-0.50926	-0.58585	-0.54088	-0.4677	-0.35814	-0.30049	-0.20666	-0.0060448	0.016377	6.7427
1009.7	0.096841	0.10551	0.019629	-0.20405	-0.4562	-0.63858	-0.97777	-1.3921	-1.6451	-1.7558	-1.5108	-1.0905	-0.46169	0.069775	0.35617	0.70172	0.81976	0.84846	0.66806	0.26403	-0.21076	-0.50193	-0.53983	-0.55549	-0.51007	-0.41651	-0.26384	-0.11379	0.0092187	0.13614	6.7264
1009.7	0.14257	0.14139	0.027279	-0.27886	-0.46445	-0.64673	-0.9993	-1.492	-1.6967	-1.7401	-1.5448	-1.1064	-0.50602	0.054317	0.34797	0.69405	0.81976	0.84016	0.66091	0.24026	-0.21076	-0.49459	-0.53216	-0.53357	-0.39004	-0.33626	-0.19053	-0.12705	0.062639	0.083743	6.759
1005.4	0.14317	0.091539	-0.034062	-0.24999	-0.49127	-0.6904	-1.0468	-1.4366	-1.6817	-1.7553	-1.5257	-1.0712	-0.47848	0.054546	0.35767	0.72777	0.83873	0.83537	0.62783	0.28106	-0.2042	-0.50404	-0.57292	-0.55783	-0.26406	-0.33035	-0.25759	-0.17422	0.0015936	0.1292	6.7917
1003.3	0.082115	0.070067	0.050547	-0.25805	-0.50892	-0.73289	-1.0129	-1.3391	-1.6852	-1.7748	-1.5546	-1.0654	-0.47205	0.054662	0.36668	0.71388	0.83273	0.84549	0.63635	0.21786	-0.18969	-0.50511	-0.55869	-0.55166	-0.45646	-0.34573	-0.27289	-0.15456	0.024637	0.12194	6.7264
1004.4	0.066704	0.091635	0.019733	-0.19008	-0.4669	-0.68294	-1.0479	-1.4535	-1.6908	-1.7808	-1.5359	-1.0963	-0.50126	0.031295	0.35805	0.6823	0.82409	0.81956	0.62131	0.25746	-0.21934	-0.50458	-0.58123	-0.53639	-0.4063	-0.32336	-0.29471	-0.12772	0.047628	0.09171	6.759
1005.4	0.074288	0.12037	0.027394	-0.18988	-0.55756	-0.71497	-1.0684	-1.29	-1.6743	-1.7475	-1.5343	-1.0712	-0.45622	0.062308	0.35767	0.69698	0.85424	0.87706	0.64936	0.26514	-0.19674	-0.4672	-0.55751	-0.54316	-0.46968	-0.27906	-0.27967	-0.12759	0.0092576	0.076579	6.7917
1005.4	0.09725	0.11316	0.050441	-0.20491	-0.48298	-0.69859	-1.0395	-1.6062	-1.6743	-1.771	-1.5257	-1.1031	-0.45622	0.046785	0.36591	0.69698	0.82322	0.86038	0.64218	0.25719	-0.21911	-0.50404	-0.54981	-0.53583	-0.44841	-0.30837	-0.23551	-0.15424	-0.021397	0.09913	6.7264
1000.1	0.12085	0.10651	0.035262	-0.25131	-0.44389	-0.64467	-0.97987	-1.4907	-1.646	-1.7251	-1.5338	-1.0849	-0.48101	0.070441	0.35129	0.69294	0.81979	0.87333	0.68165	0.28255	-0.21277	-0.52894	-0.55272	-0.55342	-0.52919	-0.28791	-0.31076	-0.14836	0.03242	0.12232	6.759
999.05	0.12868	0.10663	0.073954	-0.24402	-0.4944	-0.6948	-1.0607	-1.306	-1.6924	-1.7349	-1.5354	-1.1021	-0.51886	0.02365	0.34337	0.70917	0.81286	0.84069	0.63183	0.28285	-0.19799	-0.49242	-0.57657	-0.53186	-0.46554	-0.29559	-0.24441	-0.13511	0.040168	0.054373	6.7754
1001.2	0.10535	0.13535	0.019796	-0.25105	-0.51832	-0.66866	-1.0584	-1.4272	-1.6739	-1.7549	-1.4892	-1.0837	-0.4805	0.031395	0.35092	0.72313	0.8345	0.83053	0.63049	0.2343	-0.19758	-0.49878	-0.59855	-0.56757	-0.46455	-0.39797	-0.25129	-0.16158	-0.029184	0.069355	6.7427
1001.2	0.097662	0.11364	0.012081	-0.23596	-0.52664	-0.69333	-1.044	-1.4504	-1.6591	-1.7628	-1.5494	-1.0998	-0.45816	0.031395	0.35092	0.66901	0.81892	0.84728	0.6377	0.25028	-0.22004	-0.49878	-0.57534	-0.5602	-0.42895	-0.32439	-0.28086	-0.09468	-0.0060961	0.069355	6.759
1003.3	0.1128	0.091732	0.012055	-0.25052	-0.4674	-0.69186	-1.0056	-1.4396	-1.663	-1.7433	-1.5289	-1.0894	-0.44975	0.054662	0.35843	0.70617	0.85604	0.8622	0.65792	0.25773	-0.20463	-0.4608	-0.56641	-0.55901	-0.45646	-0.28699	-0.29502	-0.14121	0.032318	0.099339	6.7917
1004.4	0.097353	0.091635	0.042804	-0.14496	-0.50008	-0.67474	-1.0046	-1.3995	-1.6538	-1.7414	-1.5102	-1.0563	-0.43442	0.085681	0.39929	0.72084	0.8629	0.86964	0.67159	0.27339	-0.20441	-0.48982	-0.5581	-0.5217	-0.46308	-0.32336	-0.25786	-0.19442	0.070642	0.09171	6.7754
1005.4	0.13552	0.098745	-0.034062	-0.24999	-0.48298	-0.6904	-0.99631	-1.4134	-1.6743	-1.716	-1.5086	-1.0792	-0.47106	0.054546	0.37415	0.68158	0.83098	0.82703	0.64936	0.23331	-0.22656	-0.51878	-0.5344	-0.5505	-0.41296	-0.36698	-0.28703	-0.18089	-0.0060703	0.076579	6.7427
1008.6	0.12746	0.098434	0.01965	-0.27167	-0.45668	-0.63109	-0.96444	-1.3628	-1.6469	-1.7263	-1.4868	-1.0519	-0.43999	0.069848	0.37297	0.73315	0.83608	0.83273	0.633	0.25637	-0.21098	-0.49511	-0.54807	-0.59995	-0.45406	-0.3147	-0.27879	-0.15375	0.032148	0.076338	6.7754
1009.7	0.10446	0.09833	0.042579	-0.24146	-0.53046	-0.66304	-0.99212	-1.5995	-1.6746	-1.7479	-1.4852	-1.0508	-0.44692	0.054317	0.38899	0.70172	0.82748	0.83186	0.63234	0.26403	-0.20334	-0.47257	-0.56284	-0.53357	-0.38298	-0.29978	-0.25651	-0.18676	0.0092187	0.083743	6.759
1007.5	0.081769	0.098538	0.012005	-0.25696	-0.46543	-0.69712	-1.0302	-1.4335	-1.6486	-1.7359	-1.4969	-1.061	-0.44045	0.069922	0.37336	0.69551	0.86018	0.85857	0.63367	0.24076	-0.21121	-0.46621	-0.54865	-0.56398	-0.46162	-0.40277	-0.27174	-0.15391	-0.029	0.053915	6.759
1005.4	0.11256	0.084332	0.01203	-0.22745	-0.4084	-0.71497	-1.0395	-1.4443	-1.689	-1.7475	-1.5257	-1.0792	-0.45622	0.062308	0.35767	0.68158	0.82322	0.81869	0.62783	0.25719	-0.18929	-0.4672	-0.54211	-0.52849	-0.42714	-0.32302	-0.23551	-0.1609	-0.0060703	0.054029	6.7917
1006.5	0.11244	0.091442	0.050387	-0.20469	-0.52386	-0.7224	-1.0456	-1.3811	-1.6799	-1.7535	-1.5497	-1.102	-0.44092	0.046736	0.35729	0.66548	0.82235	0.84282	0.62717	0.26486	-0.18909	-0.45934	-0.56462	-0.54259	-0.52584	-0.32268	-0.26467	-0.13411	0.02456	0.084007	6.7264
1008.6	0.089313	0.10562	0.034966	-0.24171	-0.44842	-0.66374	-1.0075	-1.3782	-1.6763	-1.7576	-1.4953	-1.0678	-0.45478	0.0389	0.32369	0.70245	0.80516	0.83273	0.62585	0.26431	-0.18869	-0.50245	-0.57879	-0.57801	-0.46113	-0.25627	-0.30081	-0.17367	-0.0060512	0.091324	6.7427
1006.5	0.10479	0.13464	0.027365	-0.23471	-0.4742	-0.70604	-0.95927	-1.2193	-1.6725	-1.7456	-1.4985	-1.0621	-0.46315	0.031229	0.34907	0.69624	0.81461	0.81783	0.6415	0.27281	-0.1444	-0.48143	-0.57231	-0.55725	-0.42669	-0.33	-0.30879	-0.13411	0.047527	0.12155	6.7427
1004.4	0.15099	0.14935	0.042804	-0.20513	-0.50838	-0.69113	-1.0046	-1.2682	-1.7056	-1.7729	-1.5273	-1.0963	-0.48641	0.046834	0.34156	0.72084	0.82409	0.83625	0.61413	0.25746	-0.1671	-0.47507	-0.5581	-0.54374	-0.33532	-0.31603	-0.24312	-0.16107	0.078314	0.099234	6.7264
1002.2	0.097559	0.13521	0.035188	-0.27339	-0.46789	-0.7501	-0.97056	-1.3173	-1.6499	-1.7609	-1.5048	-1.0666	-0.46511	0.046934	0.35881	0.72236	0.84917	0.85475	0.66581	0.29792	-0.14501	-0.46868	-0.56701	-0.55961	-0.41427	-0.3608	-0.25841	-0.15473	0.016975	0.18993	6.7917
1005.4	0.11256	0.10595	0.058121	-0.20491	-0.48298	-0.68222	-1.0612	-1.2283	-1.6743	-1.7475	-1.5514	-1.0871	-0.47848	0.023501	0.3412	0.66619	0.85424	0.86038	0.67805	0.29697	-0.18183	-0.45983	-0.57292	-0.55783	-0.39169	-0.4256	-0.24287	-0.18089	0.0092576	0.091613	6.7917
1008.6	0.11983	0.1128	-0.04927	-0.23422	-0.5145	-0.69639	-1.0291	-1.4474	-1.6911	-1.7498	-1.5465	-1.1076	-0.52134	0.031163	0.33191	0.65641	0.7897	0.86598	0.68306	0.28811	-0.16639	-0.48042	-0.54807	-0.54876	-0.45406	-0.37313	-0.29347	-0.13383	0.0015886	0.046365	6.7264
1009.7	0.10446	0.11268	0.050229	-0.33123	-0.46445	-0.67119	-0.9706	-1.4689	-1.6672	-1.7245	-1.5278	-1.0905	-0.49124	0.03886	0.37258	0.68638	0.81976	0.83186	0.68235	0.31158	-0.14395	-0.45056	-0.5475	-0.49705	-0.46065	-0.32896	-0.29316	-0.10052	0.01685	0.091228	6.759
1008.6	0.11983	0.13435	-0.018638	-0.24171	-0.53928	-0.70455	-1.0004	-1.309	-1.7132	-1.7341	-1.5465	-1.0996	-0.52873	0.01569	0.34012	0.67943	0.82062	0.84936	0.69022	0.28017	-0.13667	-0.46572	-0.53272	-0.51951	-0.4894	-0.37313	-0.27145	-0.11391	0.032148	0.068845	6.759
1006.5	0.12009	0.12024	0.0043431	-0.17467	-0.51558	-0.68968	-0.99526	-1.5044	-1.6799	-1.7456	-1.5754	-1.1259	-0.55208	-0.015289	0.29146	0.70393	0.83785	0.87614	0.69167	0.31256	-0.12206	-0.45934	-0.54923	-0.53526	-0.42669	-0.29341	-0.26467	-0.18735	0.02456	0.13657	6.8244
1009.7	0.11209	0.12704	0.0043295	-0.25642	-0.44795	-0.73643	-1.0065	-1.3307	-1.704	-1.7871	-1.5619	-1.1621	-0.56512	-0.030698	0.28233	0.65572	0.80432	0.84016	0.6752	0.3195	-0.15137	-0.47991	-0.53983	-0.56279	-0.44652	-0.29978	-0.23452	-0.15359	0.01685	0.068772	6.759
1011.8	0.073821	0.098124	0.011954	-0.24095	-0.51288	-0.66979	-0.9972	-1.3892	-1.6858	-1.7599	-1.5841	-1.1359	-0.54919	-0.022921	0.29811	0.65435	0.83346	0.8384	0.68092	0.27929	-0.14365	-0.4789	-0.54635	-0.55432	-0.52309	-0.34283	-0.27791	-0.19961	0.0091993	0.083567	6.7917
1010.7	0.11958	0.11973	-0.0033169	-0.18141	-0.44748	-0.62976	-0.99825	-1.5057	-1.6875	-1.7774	-1.5773	-1.1609	-0.56452	-0.015225	0.28204	0.65503	0.78805	0.87246	0.66736	0.32708	-0.16605	-0.46475	-0.53926	-0.53301	-0.47427	-0.38692	-0.22695	-0.15343	0.009209	0.098609	6.7427
1010.7	0.12719	0.11257	-0.026241	-0.21131	-0.51342	-0.70307	-1.0413	-1.3139	-1.6434	-1.7539	-1.5517	-1.145	-0.51287	-0.015225	0.29843	0.63972	0.81119	0.85587	0.68877	0.31917	-0.13638	-0.44275	-0.52394	-0.51842	-0.439	-0.29217	-0.23427	-0.11367	0.05495	0.18086	6.759
1008.6	0.12746	0.098434	0.004334	-0.21175	-0.52276	-0.70455	-1.0219	-1.309	-1.669	-1.7263	-1.5379	-1.1315	-0.54353	0.00021709	0.29084	0.66408	0.80516	0.85767	0.70452	0.3119	-0.1441	-0.45838	-0.51736	-0.52682	-0.45406	-0.38774	-0.24944	-0.14047	0.016868	0.076338	6.7427
1010.7	0.13481	0.11973	0.011967	-0.22625	-0.49693	-0.67049	-1.0198	-1.6055	-1.6949	-1.7383	-1.5177	-1.1291	-0.55714	-0.015225	0.27384	0.67035	0.79576	0.85587	0.67449	0.32708	-0.13638	-0.45742	-0.56225	-0.5695	-0.40374	-0.31404	-0.27088	-0.16668	-0.013662	0.083655	6.71
1012.8	0.10414	0.098022	0.019568	-0.20341	-0.51235	-0.66909	-1.0176	-1.3954	-1.662	-1.758	-1.54	-1.1347	-0.52652	-0.0074884	0.33052	0.69187	0.80949	0.83752	0.65172	0.3027	-0.1583	-0.44183	-0.55342	-0.5319	-0.33251	-0.34247	-0.29955	-0.15311	0.032013	0.038711	6.7427
1010.7	0.081512	0.062384	0.042534	-0.23373	-0.49693	-0.70307	-0.99825	-1.4137	-1.6655	-1.7383	-1.5177	-1.0735	-0.45383	0.061981	0.3476	0.70098	0.85747	0.85587	0.68163	0.27959	-0.15863	-0.43542	-0.54692	-0.53301	-0.439	-0.35048	-0.24159	-0.15343	-0.021285	0.053745	6.7917
1008.6	0.1122	0.076883	0.01965	-0.21924	-0.44842	-0.63109	-1.0578	-1.5089	-1.6837	-1.7341	-1.5379	-1.0439	-0.46218	0.046637	0.34012	0.67943	0.84381	0.84936	0.66161	0.28017	-0.15153	-0.42899	-0.5404	-0.54145	-0.45406	-0.34391	-0.28613	-0.11391	-0.013691	0.068845	6.8407
1005.4	0.12021	0.098745	-0.018697	-0.24999	-0.54099	-0.73135	-0.95308	-1.3286	-1.6743	-1.716	-1.5171	-1.0871	-0.50815	0.062308	0.32472	0.68928	0.7922	0.86038	0.68523	0.30493	-0.17438	-0.47457	-0.54211	-0.54316	-0.42714	-0.33768	-0.25759	-0.15424	0.039913	0.11416	6.7754
1005.4	0.12021	0.06992	-0.018697	-0.26501	-0.49956	-0.6904	-1.0612	-1.4057	-1.6743	-1.7553	-1.5428	-1.1191	-0.53041	0.023501	0.30824	0.65849	0.79996	0.83537	0.68523	0.28902	-0.16692	-0.48194	-0.5267	-0.56517	-0.47677	-0.30104	-0.26495	-0.11427	-0.013734	0.054029	6.7427
1007.5	0.081769	0.098538	-0.018658	-0.25696	-0.54812	-0.68078	-1.0589	-1.3874	-1.6855	-1.7438	-1.514	-1.1247	-0.52929	-0.0075278	0.3487	0.67246	0.80601	0.84193	0.64799	0.31223	-0.15169	-0.46621	-0.54096	-0.5713	-0.44039	-0.40277	-0.26439	-0.1938	0.024534	0.098921	6.7427
1007.5	0.081769	0.098538	0.035002	-0.23447	-0.4985	-0.68895	-1.0302	-1.4027	-1.6781	-1.7751	-1.5396	-1.1008	-0.50708	0.031196	0.29115	0.71088	0.81375	0.85025	0.65515	0.28841	-0.13681	-0.45886	-0.55634	-0.55666	-0.42624	-0.33696	-0.23501	-0.12732	0.055124	0.068917	6.808
1005.4	0.081942	0.098745	0.042758	-0.28004	-0.45812	-0.68222	-1.0035	-1.2052	-1.6669	-1.7553	-1.5514	-1.0792	-0.50073	0.015739	0.3412	0.68158	0.84649	0.85204	0.6637	0.28902	-0.18183	-0.41561	-0.54211	-0.52115	-0.49095	-0.345	-0.2944	-0.12093	-0.0060703	0.054029	6.808
1002.2	0.10524	0.099059	0.019775	-0.19802	-0.48452	-0.67617	-1.0284	-1.3173	-1.687	-1.753	-1.5477	-1.1066	-0.48	0.031361	0.33401	0.67602	0.84139	0.84638	0.67301	0.27397	-0.15997	-0.4465	-0.5361	-0.53753	-0.47117	-0.3167	-0.19195	-0.1681	0.047728	0.084363	6.808
1000.1	0.15932	0.121	0.073875	-0.24376	-0.5272	-0.68583	-1.0233	-1.4829	-1.6831	-1.7646	-1.551	-1.109	-0.51085	0.031428	0.30988	0.66198	0.812	0.81465	0.66001	0.26655	-0.1828	-0.46968	-0.56047	-0.54604	-0.45791	-0.3763	-0.25895	-0.15506	0.055533	0.099655	6.7264
1003.3	0.10513	0.08451	0.0043569	-0.2731	-0.44248	-0.71648	-1.0129	-1.1614	-1.6852	-1.7433	-1.5461	-1.1055	-0.48692	0.046884	0.34192	0.65988	0.79388	0.83713	0.6723	0.2657	-0.17475	-0.48296	-0.52781	-0.54431	-0.43515	-0.33839	-0.26551	-0.13454	-0.013763	0.076741	6.6937
1004.4	0.097353	0.12049	0.012043	-0.25025	-0.50008	-0.66654	-1.0406	-1.3531	-1.6834	-1.7178	-1.5102	-1.0803	-0.50869	0.031295	0.30032	0.66689	0.79304	0.81956	0.6644	0.28932	-0.17456	-0.47507	-0.52726	-0.5217	-0.43469	-0.33803	-0.23575	-0.1544	0.024611	0.069135	6.7754
1001.2	0.12841	0.13535	0.050654	-0.19069	-0.48503	-0.718	-1.0295	-1.3497	-1.6665	-1.7391	-1.5408	-1.0837	-0.50286	0.0236	0.32609	0.66901	0.80335	0.83891	0.68093	0.28225	-0.16763	-0.48398	-0.52893	-0.5381	-0.42183	-0.32439	-0.25129	-0.12813	-0.013793	0.084453	6.759
997.99	0.10568	0.1503	0.058554	-0.20643	-0.46988	-0.64604	-1.0255	-1.4162	-1.6718	-1.7367	-1.5457	-1.0872	-0.48204	0.023676	0.33543	0.67114	0.80591	0.87519	0.67587	0.29918	-0.17567	-0.46325	-0.56942	-0.56198	-0.40889	-0.2959	-0.20759	-0.13525	0.0093265	0.054431	6.808
997.99	0.1134	0.10674	0.035337	-0.214	-0.47823	-0.72029	-1.0328	-1.2297	-1.6569	-1.7525	-1.5284	-1.1194	-0.49699	-0.0075998	0.31053	0.64012	0.82935	0.85839	0.65419	0.26712	-0.17567	-0.45583	-0.56942	-0.56198	-0.48746	-0.35495	-0.25951	-0.20908	0.017047	0.084722	6.71
1002.2	0.08988	0.091829	-0.003345	-0.26586	-0.51777	-0.70903	-1.0645	-1.4566	-1.6944	-1.7215	-1.5477	-1.1146	-0.53209	0.00021847	0.33401	0.65285	0.79472	0.82129	0.6874	0.28994	-0.17493	-0.49825	-0.56701	-0.52281	-0.40004	-0.33875	-0.28795	-0.16141	-0.021465	0.024039	6.759
1005.4	0.14317	0.12037	0.058121	-0.17486	-0.44984	-0.70678	-1.0035	-1.2746	-1.689	-1.7317	-1.5514	-1.1351	-0.55266	0.0079792	0.29176	0.65079	0.7922	0.81869	0.6924	0.29697	-0.15201	-0.47457	-0.54211	-0.54316	-0.44132	-0.32302	-0.24287	-0.080956	0.0015936	0.084096	6.71
1007.5	0.13523	0.11292	-0.010992	-0.18199	-0.4737	-0.64809	-1.0661	-1.3874	-1.6486	-1.7359	-1.4798	-1.1008	-0.49968	0.015706	0.35692	0.66478	0.82923	0.85025	0.69094	0.35194	-0.12937	-0.4368	-0.53328	-0.5347	-0.46162	-0.35159	-0.2497	-0.16056	0.0015903	0.17393	6.759
1007.5	0.066493	0.14169	0.042668	-0.20448	-0.53158	-0.68078	-1.0445	-1.6952	-1.6781	-1.7595	-1.5737	-1.1008	-0.5515	-0.0075278	0.28293	0.63405	0.82149	0.85025	0.69094	0.29635	-0.12937	-0.47357	-0.54096	-0.54934	-0.37671	-0.31503	-0.24236	-0.15391	-0.013705	0.061416	6.8244
1008.6	0.1122	0.1128	0.080912	-0.21924	-0.4732	-0.65557	-1.0291	-1.2783	-1.669	-1.7341	-1.5891	-1.1554	-0.56571	-0.030731	0.27442	0.64106	0.78198	0.87429	0.66876	0.3119	-0.1441	-0.42165	-0.50968	-0.54145	-0.42579	-0.322	-0.24944	-0.12055	0.039787	0.053858	6.759
1011.8	0.11185	0.090963	0.057756	-0.19616	-0.49641	-0.66979	-1.0187	-1.3815	-1.6711	-1.7677	-1.5841	-1.12	-0.53444	-0.030634	0.29811	0.62374	0.83346	0.85497	0.69517	0.31092	-0.12883	-0.43497	-0.54635	-0.54704	-0.4315	-0.31371	-0.27791	-0.11355	0.039662	0.12091	6.7917
1013.9	0.066076	0.10507	-0.018541	-0.2777	-0.52003	-0.70087	-1.0166	-1.3939	-1.6749	-1.7718	-1.5808	-1.181	-0.56275	-0.045963	0.27298	0.64534	0.80095	0.88626	0.70083	0.31027	-0.13595	-0.4779	-0.50702	-0.54589	-0.39544	-0.37844	-0.27733	-0.15295	0.0015803	0.075938	6.7427
1012.8	0.10414	0.090868	0.0043159	-0.22578	-0.49589	-0.7016	-0.96755	-1.449	-1.6693	-1.7814	-1.5994	-1.1902	-0.55598	-0.030602	0.28145	0.64602	0.80949	0.86236	0.69445	0.3027	-0.1731	-0.4784	-0.53049	-0.55374	-0.43808	-0.32793	-0.2557	-0.13988	0.039621	0.068556	6.7264
1007.5	0.13523	0.14169	0.027336	-0.24196	-0.46543	-0.66444	-1.0086	-1.5721	-1.6707	-1.783	-1.5822	-1.1964	-0.58111	-0.053998	0.28293	0.6571	0.80601	0.84193	0.66231	0.31223	-0.15913	-0.42945	-0.56402	-0.55666	-0.46869	-0.28579	-0.24236	-0.1938	-0.0060576	0.098921	6.759
1007.5	0.097045	0.11292	0.0043386	-0.31694	-0.46543	-0.67261	-0.97983	-1.4566	-1.715	-1.8065	-1.5822	-1.1645	-0.57371	-0.030763	0.29115	0.68015	0.80601	0.84193	0.66231	0.32017	-0.14425	-0.45151	-0.54096	-0.52738	-0.41209	-0.37352	-0.26439	-0.11403	-0.059591	0.12142	6.759
1008.6	0.081683	0.12717	0.01965	-0.21175	-0.46494	-0.68822	-0.98599	-1.1783	-1.669	-1.7889	-1.5806	-1.1156	-0.56571	-0.022994	0.28263	0.67943	0.7897	0.84936	0.65446	0.28811	-0.13667	-0.45838	-0.54807	-0.5707	-0.43993	-0.34391	-0.27145	-0.16039	-0.0060512	0.13628	6.7427
1005.4	0.09725	0.077126	0.042758	-0.22745	-0.45812	-0.71497	-1.0179	-1.398	-1.689	-1.7789	-1.577	-1.167	-0.51557	-0.0075437	0.30824	0.65849	0.81547	0.87706	0.67088	0.30493	-0.16692	-0.43772	-0.5267	-0.53583	-0.44841	-0.35233	-0.26495	-0.18089	0.0092576	0.069063	6.7917
1003.3	0.097456	0.12062	0.035151	-0.24299	-0.4757	-0.65904	-1.0201	-1.37	-1.663	-1.7826	-1.5804	-1.1535	-0.52409	0.00021824	0.31715	0.67531	0.83273	0.89563	0.70824	0.3295	-0.14486	-0.42388	-0.52781	-0.54431	-0.43515	-0.34573	-0.25076	-0.11451	0.032318	0.099339	6.7427
1001.2	0.097662	0.091927	-0.0033486	-0.19069	-0.45174	-0.70155	-0.98606	-1.4891	-1.6888	-1.7943	-1.5837	-1.1479	-0.56246	0.0002187	0.32609	0.67674	0.82671	0.8724	0.71695	0.32221	-0.16014	-0.46918	-0.5444	-0.516	-0.40759	-0.32439	-0.25868	-0.15489	0.032386	0.092001	6.759
1001.2	0.14378	0.070216	0.012081	-0.27368	-0.46007	-0.65221	-1.0295	-1.4272	-1.711	-1.8022	-1.5837	-1.1719	-0.56991	-0.01537	0.25991	0.67674	0.80335	0.85566	0.67372	0.29024	-0.14517	-0.47658	-0.5444	-0.5381	-0.42895	-0.30968	-0.26607	-0.10137	-0.029184	0.11465	6.808
1004.4	0.074366	0.077208	0.027423	-0.23521	-0.4669	-0.72392	-0.99015	-1.5616	-1.6834	-1.7886	-1.5958	-1.1443	-0.55325	-0.015321	0.30032	0.66689	0.83185	0.85294	0.67877	0.28932	-0.12978	-0.43081	-0.53497	-0.55108	-0.3921	-0.3527	-0.28734	-0.14773	-0.036763	0.13686	6.759
1007.5	0.074131	0.098538	0.027336	-0.25696	-0.4985	-0.71346	-1.0949	-1.4489	-1.6929	-1.7751	-1.5908	-1.1247	-0.5441	-0.0075278	0.29937	0.64942	0.82923	0.85025	0.66947	0.30429	-0.14425	-0.45886	-0.54865	-0.54202	-0.35549	-0.33696	-0.2497	-0.16056	-0.013705	0.068917	6.808
1007.5	0.081769	0.12011	0.050334	-0.18948	-0.46543	-0.72164	-1.0302	-1.5028	-1.7002	-1.7751	-1.5737	-1.1088	-0.49968	0.00021732	0.32403	0.67246	0.81375	0.88354	0.66231	0.30429	-0.15913	-0.45151	-0.51791	-0.5347	-0.42624	-0.32965	-0.2497	-0.12067	0.055124	0.09142	6.7427
1005.4	0.12021	0.11316	0.073486	-0.24247	-0.48298	-0.65765	-1.054	-1.3671	-1.7112	-1.7553	-1.5514	-1.143	-0.52299	0.015739	0.34943	0.66619	0.81547	0.83537	0.70675	0.28106	-0.15947	-0.47457	-0.54981	-0.52849	-0.46259	-0.36698	-0.27231	-0.067632	0.070568	0.13671	6.7264
