71811	2	11	88	31.8	751	7	0	3.25	0.996	128	4096	10	0	0	0	0	127.49	1015.7	1.4428e+006	0.12039	0.040837	42.142	0	0	1	0	0	0	9	0	0
1012.9	0.16633	0.11956	-0.10172	-0.29038	-0.45428	-0.54399	-0.76126	-0.96828	-1.0107	-0.89076	-0.44139	-0.0048901	0.46626	0.73248	0.85419	0.8638	0.76723	0.45738	0.011366	-0.46232	-0.87149	-0.99287	-0.92666	-0.73579	-0.4969	-0.34	-0.20879	0.025604	0.17471	0.21483	0.40371
1015.7	0.17504	0.11649	-0.10445	-0.26267	-0.46462	-0.59927	-0.85866	-0.9857	-1.0709	-0.94277	-0.56221	-0.094977	0.39449	0.69986	0.81933	0.86609	0.7867	0.52717	0.076685	-0.39644	-0.80713	-0.93914	-0.87384	-0.71799	-0.49	-0.35368	-0.16744	-0.008603	0.1833	0.18295	1.0591
1013.6	0.18764	0.15099	-0.094068	-0.27369	-0.47204	-0.58426	-0.84333	-1.0473	-1.1346	-1.0289	-0.63972	-0.17754	0.3232	0.64119	0.79978	0.87562	0.80997	0.54987	0.1538	-0.3167	-0.72148	-0.8943	-0.85424	-0.73096	-0.49229	-0.3674	-0.23345	0.0018383	0.1655	0.21629	1.7245
1011.5	0.19408	0.15844	-0.060477	-0.28019	-0.46649	-0.61323	-0.8453	-1.0817	-1.1767	-1.0811	-0.72951	-0.24152	0.25895	0.61319	0.77192	0.86367	0.83784	0.63225	0.23257	-0.22877	-0.65339	-0.83614	-0.80243	-0.65402	-0.48484	-0.34184	-0.22236	0.0019049	0.17643	0.21365	2.36
1010.2	0.19123	0.16877	-0.06992	-0.27159	-0.49509	-0.61557	-0.8347	-1.1106	-1.234	-1.17	-0.81717	-0.3402	0.18263	0.54144	0.73857	0.86478	0.86047	0.66448	0.29838	-0.15471	-0.58897	-0.77709	-0.78355	-0.67084	-0.47135	-0.34534	-0.20345	-0.055289	0.15849	0.19446	3.025
1009.3	0.18231	0.15738	-0.068393	-0.2868	-0.46424	-0.63062	-0.90172	-1.1546	-1.294	-1.2555	-0.92015	-0.45342	0.10154	0.48927	0.69163	0.84402	0.8628	0.71653	0.36875	-0.066056	-0.52711	-0.73078	-0.73834	-0.63194	-0.45915	-0.32233	-0.21531	-0.04331	0.13422	0.19021	3.627
1007.4	0.18114	0.18071	-0.027174	-0.26932	-0.4831	-0.65313	-0.9177	-1.183	-1.3746	-1.3442	-1.0431	-0.53564	0.0053322	0.43444	0.64024	0.85796	0.88616	0.75793	0.44255	-0.018433	-0.44465	-0.69385	-0.71493	-0.63161	-0.44576	-0.33156	-0.19959	-0.083294	0.10085	0.1726	4.2648
1006.4	0.17059	0.15207	-0.017968	-0.23057	-0.45222	-0.65226	-0.92442	-1.2675	-1.4071	-1.4257	-1.1315	-0.64955	-0.083634	0.36812	0.59643	0.82032	0.87618	0.80041	0.51325	0.059487	-0.37809	-0.6327	-0.6618	-0.59416	-0.45049	-0.33346	-0.23073	-0.062028	0.10854	0.1607	4.8395
1006.8	0.18121	0.18801	0.017369	-0.24394	-0.49342	-0.68138	-0.94124	-1.2623	-1.4817	-1.4989	-1.2268	-0.72583	-0.16509	0.30447	0.54683	0.81231	0.9006	0.82836	0.54885	0.12775	-0.31391	-0.56475	-0.63387	-0.56459	-0.34587	-0.29523	-0.23211	-0.090011	0.074748	0.15461	5.5317
1005.9	0.1722	0.15215	-0.0025846	-0.25919	-0.48222	-0.65739	-0.97805	-1.3111	-1.5539	-1.5645	-1.3235	-0.85571	-0.27347	0.21629	0.47979	0.7776	0.86879	0.83567	0.60089	0.18829	-0.25311	-0.52547	-0.58668	-0.53573	-0.4082	-0.29987	-0.20877	-0.094036	0.061074	0.15778	6.1344
1007.2	0.149	0.1289	0.024967	-0.25284	-0.48332	-0.68609	-1.0172	-1.3741	-1.6154	-1.6708	-1.4585	-0.9727	-0.38425	0.11995	0.40346	0.72428	0.84903	0.85971	0.63027	0.24688	-0.19326	-0.45271	-0.54297	-0.50731	-0.42332	-0.32894	-0.18356	-0.091337	0.047218	0.11998	6.7329
1005.5	0.15859	0.1335	0.017358	-0.21724	-0.49409	-0.69362	-1.0015	-1.3948	-1.6831	-1.7428	-1.5361	-1.086	-0.49749	0.025471	0.3417	0.69638	0.82734	0.85448	0.67154	0.30629	-0.12343	-0.42696	-0.52691	-0.49199	-0.36862	-0.30147	-0.20726	-0.10072	0.080992	0.1324	7.3532
1001.7	0.12374	0.10505	0.048306	-0.24224	-0.48436	-0.69631	-1.0443	-1.3801	-1.7252	-1.8457	-1.6778	-1.2185	-0.59789	-0.053933	0.2684	0.6495	0.82735	0.89282	0.736	0.36491	-0.06257	-0.36052	-0.46854	-0.45995	-0.33448	-0.25846	-0.20674	-0.10508	0.024391	0.11468	7.9333
1001.7	0.11302	0.11519	0.029867	-0.22865	-0.49931	-0.6896	-1.0561	-1.5057	-1.8023	-1.9326	-1.7688	-1.3243	-0.71708	-0.14276	0.19883	0.60157	0.78838	0.89452	0.76191	0.43991	-0.0056564	-0.31316	-0.43143	-0.42756	-0.35162	-0.26288	-0.19932	-0.094438	0.022808	0.087578	8.5349
1005.7	0.069637	0.067017	0.022101	-0.20356	-0.4922	-0.70998	-1.1051	-1.4825	-1.8351	-2.0034	-1.8833	-1.4372	-0.82092	-0.22605	0.12067	0.53448	0.75737	0.88265	0.78035	0.46038	0.035991	-0.26471	-0.40203	-0.40974	-0.36572	-0.23698	-0.19408	-0.10347	0.010396	0.078033	9.0995
1005.9	0.068189	0.078718	0.006751	-0.18112	-0.49873	-0.70474	-1.0961	-1.5021	-1.9232	-2.1097	-2.0008	-1.5501	-0.94818	-0.3515	0.010483	0.46986	0.69363	0.86403	0.79311	0.50325	0.088114	-0.23093	-0.38035	-0.38469	-0.33451	-0.2603	-0.20574	-0.1153	0.0089951	0.046534	9.6725
1003	0.048435	0.041353	0.012889	-0.19072	-0.5019	-0.71516	-1.1327	-1.5561	-1.9704	-2.1679	-2.1164	-1.6923	-1.0714	-0.44437	-0.065494	0.4095	0.66624	0.8733	0.82851	0.55264	0.13625	-0.17832	-0.32903	-0.35496	-0.32835	-0.22423	-0.18284	-0.10901	-0.0033799	0.042177	10.234
1000.8	0.026926	0.024026	0.01283	-0.20299	-0.47646	-0.72488	-1.1452	-1.5827	-2.0488	-2.2767	-2.2155	-1.8227	-1.1991	-0.57165	-0.14844	0.36705	0.63487	0.86339	0.85481	0.605	0.20694	-0.13875	-0.29253	-0.32917	-0.27346	-0.21311	-0.19512	-0.10786	-0.014179	0.039302	10.84
998.3	0.019289	0.0022966	-0.015016	-0.15815	-0.45914	-0.7151	-1.1815	-1.6349	-2.1002	-2.3394	-2.3624	-1.9689	-1.3605	-0.67944	-0.2667	0.27954	0.56617	0.86567	0.88009	0.65307	0.23912	-0.098956	-0.24828	-0.28272	-0.26991	-0.23571	-0.16734	-0.11487	-0.029557	0.0045573	11.353
992.78	-0.022411	-0.023834	-0.022928	-0.16066	-0.47033	-0.72913	-1.2013	-1.6645	-2.1808	-2.4481	-2.4865	-2.1062	-1.4959	-0.82476	-0.38001	0.19689	0.53153	0.82651	0.88498	0.67129	0.27818	-0.051826	-0.23408	-0.29769	-0.2771	-0.18505	-0.18186	-0.1277	-0.039054	-0.0030543	11.904
993.42	-0.016255	-0.047254	-0.050905	-0.16816	-0.41283	-0.72034	-1.1859	-1.7055	-2.2706	-2.5244	-2.5836	-2.2227	-1.6135	-0.91216	-0.46476	0.13132	0.46849	0.79896	0.88435	0.6901	0.31413	-0.032361	-0.20898	-0.24853	-0.26262	-0.2251	-0.18602	-0.12228	-0.049775	-0.0076109	12.36
993.63	-0.068869	-0.069091	-0.044608	-0.14529	-0.38591	-0.71024	-1.1899	-1.7176	-2.2985	-2.5795	-2.6644	-2.2852	-1.6926	-0.99361	-0.54469	0.095461	0.43698	0.79877	0.88566	0.72211	0.37293	0.019818	-0.16996	-0.24398	-0.22384	-0.17901	-0.16965	-0.13033	-0.057627	-0.024361	12.863
992.57	-0.073612	-0.077967	-0.088179	-0.14092	-0.33767	-0.69286	-1.1912	-1.7475	-2.3473	-2.6443	-2.7764	-2.4413	-1.8282	-1.1267	-0.63036	-0.0010989	0.36993	0.76755	0.90694	0.75995	0.40503	0.04671	-0.13894	-0.21007	-0.22118	-0.1837	-0.18176	-0.11296	-0.063897	-0.01071	13.323
993.63	-0.11223	-0.14352	-0.092767	-0.13012	-0.36573	-0.69532	-1.2016	-1.7659	-2.3986	-2.7305	-2.8651	-2.513	-1.9223	-1.2166	-0.73469	-0.049394	0.31148	0.74818	0.8958	0.76877	0.43022	0.10034	-0.12008	-0.20389	-0.20803	-0.18344	-0.14872	-0.14107	-0.082437	-0.054776	13.82
993.84	-0.1247	-0.14932	-0.14095	-0.17724	-0.3842	-0.6323	-1.1824	-1.7812	-2.4027	-2.7618	-2.9303	-2.6304	-2.0449	-1.3356	-0.80621	-0.13814	0.25182	0.70921	0.90142	0.79273	0.45727	0.10477	-0.11386	-0.18309	-0.20511	-0.19091	-0.17254	-0.15721	-0.082452	-0.079085	14.192
988.96	-0.1486	-0.17501	-0.14799	-0.16885	-0.34919	-0.61709	-1.1911	-1.7759	-2.4323	-2.8362	-3.0353	-2.728	-2.1352	-1.4133	-0.90411	-0.20149	0.21048	0.70424	0.8957	0.80967	0.4596	0.12483	-0.086163	-0.18242	-0.2104	-0.20216	-0.1689	-0.1431	-0.098423	-0.094823	14.579
986.2	-0.14119	-0.16809	-0.16706	-0.19242	-0.2723	-0.54376	-1.1681	-1.7966	-2.4483	-2.8505	-3.0805	-2.7958	-2.2228	-1.487	-0.95201	-0.24133	0.18258	0.6926	0.90701	0.84603	0.50191	0.14321	-0.072261	-0.14556	-0.19802	-0.16689	-0.16639	-0.15026	-0.11432	-0.10873	14.927
984.08	-0.1804	-0.20826	-0.20837	-0.20043	-0.28127	-0.5666	-1.156	-1.8052	-2.4055	-2.9081	-3.1414	-2.8754	-2.2959	-1.5648	-1.0197	-0.30634	0.14492	0.65659	0.8972	0.83644	0.52122	0.17058	-0.063052	-0.17136	-0.1927	-0.16725	-0.17131	-0.14785	-0.13644	-0.092094	15.221
980.04	-0.22846	-0.27412	-0.2186	-0.2152	-0.26377	-0.52011	-1.1576	-1.7778	-2.4701	-2.9409	-3.2051	-2.9149	-2.3447	-1.6108	-1.0592	-0.32329	0.12974	0.64909	0.89799	0.83006	0.52031	0.18035	-0.049009	-0.14344	-0.20077	-0.17849	-0.18112	-0.17027	-0.15129	-0.1404	15.48
979.62	-0.23007	-0.25801	-0.25659	-0.22909	-0.29952	-0.52396	-1.1271	-1.7769	-2.5572	-2.9567	-3.2292	-2.975	-2.3791	-1.6512	-1.1155	-0.37236	0.080455	0.65621	0.89982	0.84188	0.52819	0.17887	-0.041168	-0.16317	-0.20956	-0.20268	-0.17057	-0.16762	-0.1544	-0.17265	15.657
981.95	-0.20778	-0.26044	-0.22894	-0.25925	-0.29717	-0.45542	-1.0966	-1.7839	-2.3711	-2.9626	-3.2181	-2.9827	-2.413	-1.6951	-1.15	-0.37937	0.059651	0.61369	0.87861	0.84642	0.5545	0.20723	-0.048925	-0.16281	-0.20613	-0.17359	-0.18372	-0.1946	-0.16666	-0.1322	15.822
984.5	-0.21175	-0.26849	-0.2522	-0.22337	-0.2506	-0.41236	-1.0714	-1.7082	-2.4283	-2.9084	-3.2134	-2.954	-2.3994	-1.6592	-1.1337	-0.39271	0.0514	0.62392	0.89681	0.8393	0.53474	0.19307	-0.011088	-0.15336	-0.20271	-0.18517	-0.18932	-0.18729	-0.17867	-0.17342	15.922
990.24	-0.25731	-0.27444	-0.23974	-0.28176	-0.3097	-0.4331	-1.0697	-1.6998	-2.3125	-2.9027	-3.1861	-2.9336	-2.3945	-1.6858	-1.1338	-0.39357	0.063745	0.60681	0.87269	0.84095	0.54824	0.18752	-0.045417	-0.16879	-0.20732	-0.18859	-0.21058	-0.21048	-0.18234	-0.1665	15.959
990.24	-0.24782	-0.29327	-0.28495	-0.31967	-0.32488	-0.39009	-1.0081	-1.6858	-2.2884	-2.8708	-3.1652	-2.9254	-2.3884	-1.64	-1.1137	-0.38257	0.052735	0.61524	0.88431	0.83769	0.52709	0.18003	-0.04383	-0.1539	-0.22168	-0.21087	-0.21954	-0.20242	-0.17296	-0.1816	15.944
983.86	-0.31987	-0.33214	-0.26333	-0.26205	-0.34409	-0.40934	-0.9675	-1.673	-2.3063	-2.8813	-3.156	-2.9117	-2.3705	-1.6537	-1.1241	-0.36127	0.083228	0.61419	0.87239	0.82028	0.54565	0.16607	-0.066206	-0.19843	-0.22889	-0.21827	-0.21644	-0.23912	-0.20546	-0.22138	15.934
982.38	-0.18101	-0.30618	-0.29647	-0.31341	-0.28385	-0.36664	-0.96748	-1.6361	-2.2401	-2.836	-3.1239	-2.8949	-2.3437	-1.6149	-1.0635	-0.33347	0.11037	0.65439	0.91049	0.86059	0.52513	0.16632	-0.077327	-0.17626	-0.23658	-0.23208	-0.23942	-0.21498	-0.2027	-0.18152	15.9
983.86	-0.20725	-0.30106	-0.25694	-0.24965	-0.25933	-0.31762	-0.95458	-1.5833	-2.214	-2.8074	-3.0842	-2.8104	-2.2748	-1.5505	-1.0365	-0.29836	0.14668	0.67047	0.89595	0.83336	0.52584	0.14652	-0.075648	-0.20145	-0.24636	-0.22878	-0.23605	-0.25542	-0.19442	-0.15821	15.875
983.02	-0.19636	-0.30274	-0.24616	-0.26214	-0.246	-0.34787	-0.9701	-1.6131	-2.2871	-2.7568	-2.9941	-2.7606	-2.1843	-1.4774	-0.95326	-0.24988	0.17689	0.67441	0.904	0.81128	0.48213	0.11952	-0.097764	-0.21663	-0.25525	-0.25594	-0.23016	-0.22983	-0.22439	-0.18297	15.636
981.53	-0.23433	-0.27371	-0.22295	-0.20861	-0.24644	-0.36024	-0.95537	-1.5681	-2.2802	-2.7095	-2.939	-2.6765	-2.0705	-1.3762	-0.87197	-0.18083	0.24231	0.71985	0.88632	0.78971	0.43707	0.10458	-0.12944	-0.24549	-0.29631	-0.27431	-0.2547	-0.2465	-0.22156	-0.21702	15.346
981.1	-0.22663	-0.24276	-0.22927	-0.26722	-0.26847	-0.36366	-0.95123	-1.5893	-2.2387	-2.6398	-2.8298	-2.5647	-1.9969	-1.2846	-0.7711	-0.10204	0.30124	0.73212	0.91312	0.79492	0.43879	0.062357	-0.15951	-0.25912	-0.29354	-0.2879	-0.28799	-0.25758	-0.22803	-0.22183	14.905
984.5	-0.20561	-0.2451	-0.25696	-0.20805	-0.21855	-0.39056	-0.92565	-1.5428	-2.2142	-2.5906	-2.7416	-2.4728	-1.8857	-1.1915	-0.70627	-0.054589	0.33494	0.78071	0.91296	0.76943	0.4022	0.033552	-0.16524	-0.2852	-0.32151	-0.28546	-0.26441	-0.23485	-0.2069	-0.18733	14.494
988.54	-0.1891	-0.18823	-0.21832	-0.21636	-0.23283	-0.38555	-0.93363	-1.5161	-2.1601	-2.5016	-2.6311	-2.3425	-1.7738	-1.0966	-0.61618	0.031762	0.39981	0.78594	0.90334	0.75819	0.38236	0.0063786	-0.20533	-0.31089	-0.31006	-0.28286	-0.27837	-0.25295	-0.17952	-0.16675	14.063
991.93	-0.20547	-0.22834	-0.17847	-0.19575	-0.22028	-0.39272	-0.97142	-1.486	-2.0836	-2.4533	-2.5545	-2.2535	-1.6399	-0.97323	-0.5072	0.083158	0.45506	0.82043	0.89732	0.71202	0.3342	-0.035477	-0.21865	-0.32469	-0.33059	-0.313	-0.27291	-0.23857	-0.17421	-0.14777	13.494
993.42	-0.10143	-0.16834	-0.15659	-0.18496	-0.24844	-0.4353	-0.95103	-1.4994	-2.1705	-2.3828	-2.433	-2.1193	-1.5339	-0.8698	-0.42311	0.1827	0.48729	0.81753	0.87427	0.68682	0.27796	-0.083097	-0.28067	-0.36133	-0.35592	-0.3155	-0.28593	-0.23411	-0.13989	-0.091283	12.946
990.66	-0.12343	-0.17321	-0.11648	-0.14731	-0.25089	-0.49798	-0.96975	-1.4848	-2.0294	-2.3097	-2.3407	-1.9905	-1.3966	-0.73346	-0.30213	0.24111	0.54854	0.8452	0.88104	0.63541	0.23782	-0.1372	-0.30183	-0.38169	-0.37273	-0.33125	-0.26131	-0.23344	-0.12935	-0.097631	12.281
988.32	-0.097254	-0.084106	-0.047924	-0.098658	-0.25153	-0.5176	-0.94866	-1.482	-1.9905	-2.24	-2.2121	-1.8701	-1.2714	-0.63401	-0.20386	0.34356	0.61774	0.88118	0.86996	0.62558	0.19134	-0.16302	-0.34328	-0.42141	-0.37503	-0.33056	-0.27089	-0.23938	-0.12961	-0.054981	11.571
990.87	-0.016231	-0.066349	-0.057138	-0.077142	-0.27604	-0.52788	-0.97982	-1.4625	-1.903	-2.1321	-2.0901	-1.7324	-1.1297	-0.48753	-0.10144	0.40665	0.66482	0.89406	0.85315	0.58361	0.13338	-0.21792	-0.37211	-0.43817	-0.38703	-0.35202	-0.27319	-0.18748	-0.070239	-0.025974	10.824
994.06	-0.0084447	-0.025312	-0.041409	-0.075304	-0.30693	-0.54926	-0.94167	-1.4047	-1.8415	-2.0553	-1.9657	-1.5912	-0.98354	-0.39024	-0.0010932	0.47076	0.72391	0.89459	0.82289	0.52057	0.092272	-0.2619	-0.41604	-0.46942	-0.41306	-0.34342	-0.27383	-0.20838	-0.082391	-0.016763	10.041
992.36	0.050441	0.01822	0.012955	-0.093641	-0.29713	-0.57826	-0.96071	-1.3868	-1.7848	-1.9379	-1.8305	-1.4451	-0.84248	-0.24786	0.11732	0.56045	0.75022	0.89789	0.80253	0.47314	0.013857	-0.33259	-0.46044	-0.497	-0.43259	-0.36327	-0.30257	-0.17625	-0.065584	0.010606	9.2324
991.3	0.067455	0.060776	0.033116	-0.12729	-0.34135	-0.57236	-0.95296	-1.3385	-1.7148	-1.8667	-1.7163	-1.2848	-0.68998	-0.13953	0.201	0.61259	0.81862	0.89879	0.76261	0.39773	-0.026949	-0.38972	-0.5063	-0.54666	-0.48041	-0.34306	-0.2925	-0.21031	-0.037549	0.031877	8.4245
995.97	0.10281	0.083837	0.036104	-0.14185	-0.34812	-0.55307	-0.91513	-1.2761	-1.6247	-1.7326	-1.5424	-1.1352	-0.54731	-0.011887	0.31993	0.68123	0.83365	0.87938	0.7199	0.35401	-0.1217	-0.44293	-0.55835	-0.54108	-0.47953	-0.36645	-0.30748	-0.17441	-0.018783	0.060732	7.4935
999.58	0.11323	0.09516	0.083932	-0.13376	-0.38852	-0.57098	-0.90024	-1.2232	-1.5593	-1.644	-1.4162	-0.97037	-0.40353	0.10372	0.4	0.73147	0.86032	0.85949	0.65524	0.24875	-0.20071	-0.51549	-0.59663	-0.59818	-0.48489	-0.37547	-0.29165	-0.1683	0.0074951	0.089227	6.5531
1000.8	0.15768	0.14713	0.054437	-0.14125	-0.37815	-0.55051	-0.87301	-1.2542	-1.4802	-1.5283	-1.2305	-0.84082	-0.24355	0.20651	0.51701	0.78936	0.86392	0.81821	0.57375	0.15887	-0.30382	-0.59774	-0.6562	-0.61367	-0.47437	-0.39122	-0.30152	-0.17073	0.018295	0.12078	5.548
1003.2	0.16351	0.13962	0.077499	-0.12888	-0.37723	-0.55904	-0.82914	-1.2109	-1.3834	-1.4097	-1.1025	-0.66598	-0.085364	0.3414	0.58846	0.81217	0.89452	0.79953	0.50624	0.062764	-0.40323	-0.6525	-0.70412	-0.65923	-0.5457	-0.41377	-0.30673	-0.15697	0.059754	0.12962	4.6031
1000.8	0.19153	0.16891	0.049907	-0.16989	-0.41305	-0.54058	-0.80647	-1.1442	-1.3123	-1.3025	-0.97605	-0.53426	0.008444	0.42487	0.6627	0.86203	0.91371	0.75617	0.44826	-0.021834	-0.47009	-0.71911	-0.74441	-0.69613	-0.54986	-0.40742	-0.29706	-0.13599	0.093698	0.18126	3.627
1002.1	0.19583	0.1773	0.062216	-0.16668	-0.37769	-0.55641	-0.79241	-1.0856	-1.2307	-1.2063	-0.84101	-0.42631	0.13338	0.49435	0.70809	0.86707	0.88301	0.71838	0.35847	-0.11597	-0.57416	-0.78923	-0.80374	-0.73943	-0.53493	-0.40094	-0.27017	-0.13992	0.13507	0.17197	2.607
1008.5	0.19304	0.17482	-0.0010826	-0.18365	-0.3934	-0.51703	-0.73001	-0.99719	-1.1375	-1.0749	-0.69584	-0.25327	0.24351	0.58254	0.76435	0.88616	0.84954	0.64236	0.25318	-0.22005	-0.67317	-0.88857	-0.86624	-0.7904	-0.56556	-0.4248	-0.26407	-0.099085	0.13114	0.18439	1.517
1008.3	0.19772	0.17769	-0.022397	-0.21961	-0.3688	-0.50723	-0.75596	-0.95891	-1.0419	-0.94811	-0.55095	-0.12908	0.3648	0.66156	0.80893	0.86331	0.80961	0.54934	0.13169	-0.37078	-0.81749	-0.99011	-0.92327	-0.75392	-0.57408	-0.43502	-0.30822	-0.076644	0.17407	0.20537	0.34773
1004.9	0.18918	0.15087	-0.031933	-0.19782	-0.38659	-0.49596	-0.69219	-0.87572	-0.94188	-0.82559	-0.3714	0.036554	0.47593	0.73372	0.84634	0.89091	0.76423	0.4478	-0.025845	-0.5154	-0.93214	-1.0775	-1.0034	-0.80345	-0.59152	-0.4468	-0.27671	-0.059577	0.15923	0.19093	-0.84398
1006.2	0.17824	0.14062	-0.057793	-0.1945	-0.35467	-0.46081	-0.7071	-0.7975	-0.84025	-0.67537	-0.22906	0.16095	0.5999	0.81338	0.88466	0.85744	0.71217	0.33898	-0.15339	-0.66906	-1.0637	-1.1675	-1.0392	-0.92285	-0.61495	-0.40981	-0.26022	-0.023705	0.16197	0.1906	-2.0277
1008.9	0.15047	0.11583	-0.056036	-0.22107	-0.34872	-0.43034	-0.66078	-0.74927	-0.73777	-0.57323	-0.073239	0.27361	0.67806	0.82052	0.89051	0.80447	0.60664	0.18345	-0.33449	-0.83052	-1.2063	-1.2671	-1.1238	-0.89235	-0.6331	-0.43035	-0.27569	-0.012835	0.17396	0.1903	-3.2419
1011	0.14852	0.095472	-0.091206	-0.2205	-0.33325	-0.43907	-0.60483	-0.68934	-0.66416	-0.45157	0.0070993	0.37479	0.72098	0.86201	0.86086	0.74156	0.49282	0.047031	-0.48512	-0.98862	-1.3417	-1.3686	-1.1598	-0.90522	-0.63733	-0.43092	-0.22388	0.0016781	0.14301	0.1451	-4.2599
1012.1	0.1073	0.06972	-0.077412	-0.22468	-0.32296	-0.42065	-0.55411	-0.62586	-0.59014	-0.37939	0.10218	0.47116	0.78951	0.85346	0.83866	0.68888	0.43064	-0.062376	-0.61425	-1.1158	-1.4246	-1.4228	-1.2197	-0.94789	-0.63659	-0.44504	-0.20905	0.0084939	0.1109	0.14639	-5.0828
1014.2	0.10858	0.035157	-0.081768	-0.22718	-0.31733	-0.46392	-0.52725	-0.6047	-0.53467	-0.29451	0.18163	0.5255	0.79666	0.86242	0.82385	0.62475	0.33442	-0.18952	-0.74238	-1.238	-1.5208	-1.4811	-1.2707	-0.94442	-0.66074	-0.44273	-0.22321	0.024266	0.11528	0.12967	-5.7863
1016.5	0.070511	0.045021	-0.10275	-0.18214	-0.30513	-0.38985	-0.5118	-0.54531	-0.47792	-0.24249	0.25062	0.58434	0.83445	0.85277	0.78937	0.57006	0.25397	-0.27812	-0.86268	-1.3468	-1.5998	-1.5404	-1.2677	-0.96841	-0.63953	-0.41561	-0.19356	0.050532	0.090754	0.087772	-6.3388
1018.5	0.050677	0.026435	-0.1057	-0.22935	-0.29306	-0.39384	-0.48234	-0.53364	-0.42738	-0.17995	0.3042	0.60532	0.83728	0.83278	0.76839	0.51123	0.16467	-0.39612	-0.98008	-1.4449	-1.7043	-1.6074	-1.3218	-1.0042	-0.64396	-0.42065	-0.21204	0.026854	0.083043	0.090562	-6.9808
1019.9	0.041513	0.012204	-0.097936	-0.20521	-0.30407	-0.39008	-0.46456	-0.4842	-0.37863	-0.12702	0.34092	0.65798	0.85068	0.81473	0.69572	0.42699	0.069526	-0.51073	-1.123	-1.5887	-1.7826	-1.6675	-1.3699	-1.0448	-0.69337	-0.40415	-0.18857	0.013593	0.055622	0.090383	-7.5467
1019.1	0.055245	0.0038167	-0.0965	-0.20086	-0.28479	-0.34188	-0.44365	-0.445	-0.33235	-0.055772	0.40873	0.69633	0.8675	0.80311	0.70609	0.37263	-0.0068795	-0.623	-1.2244	-1.6717	-1.8621	-1.7125	-1.3101	-1.0384	-0.66872	-0.40871	-0.161	0.00052224	0.048157	0.057868	-8.0726
1015.1	0.023602	-0.011995	-0.093914	-0.18984	-0.29079	-0.36278	-0.40117	-0.39787	-0.26481	-0.013942	0.45271	0.72918	0.88124	0.8064	0.64037	0.30859	-0.10826	-0.71463	-1.3387	-1.7902	-1.9655	-1.7806	-1.3671	-1.041	-0.68262	-0.39005	-0.13983	-0.0047192	0.042303	0.046197	-8.5874
1013.2	0.026541	-0.021959	-0.097185	-0.19631	-0.28314	-0.31633	-0.38767	-0.36807	-0.23016	0.045226	0.51809	0.76855	0.86518	0.76468	0.61366	0.23879	-0.18087	-0.82862	-1.4538	-1.8837	-2.0358	-1.841	-1.3561	-1.0372	-0.6544	-0.37048	-0.13277	-0.004834	0.034701	0.0090061	-9.0816
1013.2	0.0053855	-0.034914	-0.10018	-0.18429	-0.24524	-0.30659	-0.37048	-0.36197	-0.1832	0.082666	0.55372	0.77174	0.87403	0.7478	0.5549	0.16552	-0.27622	-0.91959	-1.549	-1.9658	-2.1083	-1.8762	-1.3911	-1.0794	-0.68256	-0.38655	-0.12412	-0.041831	0.0012853	0.016447	-9.4722
1013.2	-0.023402	-0.032042	-0.11687	-0.19029	-0.31264	-0.3001	-0.34769	-0.31445	-0.16709	0.11075	0.56386	0.80818	0.85342	0.7001	0.49116	0.10446	-0.35918	-1.037	-1.6672	-2.0684	-2.1615	-1.9199	-1.434	-1.0853	-0.65298	-0.36159	-0.12546	-0.053782	-0.023023	0.0074604	-9.8364
1012.9	-0.033978	-0.056319	-0.12456	-0.21128	-0.25852	-0.3115	-0.35483	-0.3007	-0.13629	0.13891	0.60305	0.80367	0.85073	0.66632	0.45365	0.015819	-0.44095	-1.12	-1.7501	-2.1337	-2.2108	-1.9673	-1.4526	-1.0637	-0.61926	-0.32109	-0.14011	-0.084199	-0.053473	-0.04627	-10.114
1014.8	-0.052418	-0.06917	-0.11526	-0.2153	-0.26785	-0.28818	-0.30983	-0.28026	-0.10967	0.16663	0.61896	0.818	0.84322	0.65879	0.41848	-0.017876	-0.50008	-1.1941	-1.811	-2.1707	-2.2348	-1.9635	-1.4728	-1.0747	-0.59019	-0.32497	-0.12816	-0.085402	-0.056376	-0.041775	-10.362
1014.8	-0.027895	-0.05757	-0.12736	-0.19292	-0.26286	-0.2801	-0.31845	-0.27879	-0.10081	0.19766	0.63586	0.81631	0.8285	0.62051	0.37275	-0.068096	-0.56614	-1.2567	-1.8749	-2.2385	-2.2688	-2.0203	-1.462	-1.0647	-0.58974	-0.3003	-0.11365	-0.11289	-0.058016	-0.044618	-10.632
1015.9	-0.058226	-0.086066	-0.11664	-0.24804	-0.26108	-0.28462	-0.29811	-0.26022	-0.078897	0.20224	0.66411	0.83133	0.82468	0.5998	0.3496	-0.11687	-0.60857	-1.3281	-1.9355	-2.296	-2.3091	-2.0067	-1.462	-1.0547	-0.56984	-0.24049	-0.14268	-0.13149	-0.079065	-0.055059	-10.877
1017	-0.052147	-0.084768	-0.15144	-0.22518	-0.25249	-0.26008	-0.29923	-0.23855	-0.061215	0.23776	0.67851	0.83677	0.81657	0.59462	0.33452	-0.13797	-0.65082	-1.3597	-1.976	-2.3219	-2.3361	-2.0279	-1.5002	-1.045	-0.53832	-0.24304	-0.18171	-0.12333	-0.078989	-0.078727	-11.155
1016.8	-0.097579	-0.097492	-0.13469	-0.19396	-0.24764	-0.26978	-0.27369	-0.23402	-0.039242	0.23629	0.6821	0.85269	0.84162	0.60539	0.33775	-0.14728	-0.62809	-1.3452	-1.9821	-2.3508	-2.3456	-1.9499	-1.5096	-1.0233	-0.47124	-0.20094	-0.15991	-0.14698	-0.12142	-0.096615	-11.329
1012.1	-0.069111	-0.099337	-0.14913	-0.18304	-0.24876	-0.25642	-0.27496	-0.23511	-0.04685	0.25612	0.68859	0.85821	0.81896	0.60206	0.31488	-0.14176	-0.66783	-1.3795	-2.0125	-2.352	-2.3667	-2.0991	-1.4907	-1.0353	-0.48177	-0.20346	-0.16074	-0.14243	-0.11437	-0.083618	-11.506
1010.2	-0.11645	-0.10234	-0.15699	-0.17433	-0.24443	-0.27319	-0.28693	-0.22472	-0.030727	0.25819	0.67289	0.85347	0.82642	0.58309	0.3072	-0.17428	-0.70003	-1.417	-2.0421	-2.404	-2.3801	-2.0122	-1.4536	-0.99202	-0.46152	-0.2579	-0.18453	-0.14283	-0.13149	-0.13919	-11.604
1008.3	-0.090713	-0.11254	-0.16034	-0.24052	-0.258	-0.27377	-0.29034	-0.23901	-0.049894	0.25867	0.69972	0.85037	0.80577	0.56561	0.29294	-0.19766	-0.73074	-1.4613	-2.0918	-2.4261	-2.4099	-2.0469	-1.5178	-1.0202	-0.43411	-0.27861	-0.1864	-0.1962	-0.13936	-0.11394	-11.667
1006.6	-0.10475	-0.10719	-0.14375	-0.20351	-0.26006	-0.28071	-0.29371	-0.21943	-0.027879	0.26225	0.67704	0.8533	0.81156	0.56961	0.2687	-0.20274	-0.72593	-1.4405	-2.0896	-2.4302	-2.4185	-2.0622	-1.4587	-0.99553	-0.44584	-0.2544	-0.18673	-0.14864	-0.15334	-0.14576	-11.698
1007.2	-0.11381	-0.12298	-0.14377	-0.21237	-0.26326	-0.27559	-0.27058	-0.20854	-0.016152	0.27309	0.69527	0.85753	0.81994	0.57245	0.28518	-0.19008	-0.71594	-1.4477	-2.0766	-2.4255	-2.3857	-2.03	-1.4733	-0.99059	-0.44162	-0.26156	-0.18649	-0.13679	-0.15466	-0.12615	-11.749
1008.7	-0.10298	-0.1356	-0.17407	-0.22248	-0.27103	-0.28505	-0.29306	-0.2082	-0.0072314	0.27729	0.67725	0.84361	0.78923	0.56697	0.25844	-0.22511	-0.75194	-1.4622	-2.095	-2.4297	-2.4118	-2.0622	-1.4895	-0.98629	-0.44684	-0.26238	-0.21673	-0.21312	-0.1362	-0.089837	-11.812
1010.2	-0.14527	-0.11383	-0.17071	-0.22066	-0.27069	-0.29111	-0.27546	-0.20945	-0.029266	0.26911	0.69504	0.86144	0.80128	0.54911	0.25803	-0.23859	-0.75253	-1.51	-2.1207	-2.4548	-2.398	-2.0781	-1.4597	-0.93363	-0.44153	-0.27963	-0.23143	-0.14944	-0.16187	-0.1317	-11.869
1010.8	-0.11949	-0.13386	-0.18898	-0.23544	-0.24418	-0.29258	-0.29103	-0.22003	-0.013045	0.29392	0.69458	0.84658	0.79933	0.56108	0.26761	-0.22935	-0.75827	-1.4709	-2.0794	-2.4263	-2.386	-2.0288	-1.425	-0.90089	-0.40759	-0.30722	-0.26926	-0.16249	-0.1634	-0.12712	-11.922
1008.5	-0.12428	-0.13991	-0.15113	-0.22256	-0.26626	-0.27856	-0.27735	-0.20978	-0.030772	0.27739	0.69618	0.87242	0.80556	0.55153	0.25181	-0.22372	-0.74917	-1.4776	-2.0899	-2.4288	-2.3633	-1.9964	-1.4314	-0.83853	-0.42409	-0.34443	-0.2523	-0.18689	-0.21414	-0.16777	-11.881
1008.5	-0.099952	-0.1083	-0.18181	-0.20446	-0.25802	-0.27203	-0.2946	-0.21596	-0.0012917	0.28362	0.70128	0.85491	0.81743	0.57474	0.29125	-0.20837	-0.72906	-1.4427	-2.0556	-2.3971	-2.3589	-2.0419	-1.3868	-0.76847	-0.35761	-0.28028	-0.26688	-0.25863	-0.1561	-0.14392	-11.897
1006.6	-0.1291	-0.14447	-0.16372	-0.20048	-0.26012	-0.29383	-0.30232	-0.20248	-0.022011	0.28262	0.69066	0.86297	0.81451	0.57122	0.26712	-0.2149	-0.73351	-1.4471	-2.0523	-2.3841	-2.341	-1.9621	-1.385	-0.79954	-0.42782	-0.37559	-0.2836	-0.19754	-0.1716	-0.1515	-11.859
1001.1	-0.1115	-0.1352	-0.1955	-0.23034	-0.26494	-0.28067	-0.2939	-0.24082	-0.041438	0.27151	0.69275	0.8645	0.80116	0.55564	0.29015	-0.2037	-0.73445	-1.4702	-2.0723	-2.3972	-2.3614	-2.0497	-1.3616	-0.74625	-0.40449	-0.34383	-0.30126	-0.29888	-0.13747	-0.12843	-11.869
1001.3	-0.12045	-0.1481	-0.15218	-0.22726	-0.25987	-0.29051	-0.28953	-0.21757	-0.032451	0.26674	0.696	0.85951	0.82782	0.55876	0.2967	-0.19592	-0.71245	-1.4312	-2.0603	-2.3759	-2.3399	-1.9706	-1.3621	-0.76254	-0.39391	-0.28795	-0.35226	-0.33589	-0.15384	-0.12959	-11.834
1004.7	-0.14024	-0.15789	-0.15948	-0.21313	-0.2506	-0.28617	-0.30291	-0.23221	-0.02796	0.28956	0.6903	0.86148	0.82354	0.62049	0.31226	-0.15054	-0.67275	-1.3864	-1.9915	-2.3327	-2.3094	-1.8704	-1.2807	-0.67914	-0.4088	-0.41823	-0.3878	-0.23835	-0.21666	-0.21222	-11.799
1010	-0.12278	-0.13417	-0.15559	-0.20583	-0.27577	-0.29448	-0.30276	-0.23248	-0.030739	0.25511	0.68661	0.8617	0.85904	0.62345	0.34503	-0.11139	-0.62129	-1.316	-1.9367	-2.2778	-2.2439	-1.8954	-1.2682	-0.68102	-0.29661	-0.34101	-0.36097	-0.25681	-0.22324	-0.16796	-11.695
1014.2	-0.10364	-0.13322	-0.20195	-0.2556	-0.29589	-0.29479	-0.31003	-0.26209	-0.074518	0.23692	0.66854	0.85008	0.8231	0.61306	0.3501	-0.091229	-0.60664	-1.309	-1.9203	-2.2494	-2.2303	-1.7968	-1.2693	-0.63515	-0.45234	-0.39702	-0.35476	-0.22402	-0.16998	-0.13536	-11.56
1012.7	-0.14951	-0.14217	-0.20991	-0.25742	-0.28981	-0.32455	-0.33057	-0.26862	-0.071767	0.22003	0.64057	0.83548	0.83757	0.63395	0.36524	-0.085324	-0.5814	-1.2712	-1.8834	-2.2323	-2.2085	-1.8104	-1.2377	-0.59855	-0.41224	-0.36759	-0.40874	-0.25875	-0.19793	-0.11617	-11.408
1011	-0.14839	-0.15826	-0.15833	-0.25786	-0.32302	-0.30726	-0.32963	-0.29517	-0.10565	0.19543	0.64336	0.83532	0.83897	0.63974	0.39706	-0.04248	-0.5391	-1.2384	-1.8407	-2.1869	-2.1766	-1.7926	-1.229	-0.54659	-0.33561	-0.42668	-0.3746	-0.36237	-0.23186	-0.15094	-11.19
1007.6	-0.16405	-0.17455	-0.22793	-0.28116	-0.30786	-0.32946	-0.35234	-0.29767	-0.10898	0.19135	0.62163	0.84926	0.85809	0.66512	0.43457	-0.024102	-0.49282	-1.1892	-1.7982	-2.1593	-2.1541	-1.7586	-1.1993	-0.585	-0.29585	-0.40755	-0.42749	-0.29334	-0.2219	-0.20234	-11.006
1005.9	-0.17056	-0.15761	-0.19608	-0.24266	-0.30832	-0.34804	-0.34577	-0.29975	-0.11803	0.17283	0.6278	0.84272	0.86399	0.66934	0.43039	0.017383	-0.47199	-1.1562	-1.7595	-2.1103	-2.101	-1.7642	-1.1978	-0.60749	-0.33447	-0.33364	-0.34269	-0.31117	-0.23159	-0.18184	-10.835
1004.9	-0.14944	-0.17662	-0.21171	-0.26552	-0.30364	-0.3402	-0.37207	-0.31704	-0.12851	0.17309	0.59938	0.83244	0.86489	0.69961	0.46222	0.03597	-0.43676	-1.1023	-1.7212	-2.079	-2.0972	-1.7882	-1.2143	-0.63119	-0.33192	-0.32794	-0.35649	-0.31959	-0.17996	-0.14313	-10.705
1003.2	-0.19266	-0.16551	-0.21674	-0.26163	-0.34918	-0.33917	-0.37864	-0.32223	-0.15846	0.14018	0.59687	0.81463	0.86804	0.68527	0.46309	0.049816	-0.4078	-1.0975	-1.711	-2.0761	-2.1006	-1.8325	-1.2081	-0.63152	-0.30828	-0.33292	-0.33924	-0.31849	-0.23557	-0.18996	-10.575
1004	-0.15109	-0.18411	-0.19812	-0.25536	-0.31228	-0.36512	-0.38979	-0.34832	-0.16128	0.12749	0.58271	0.81235	0.8864	0.71426	0.49566	0.086944	-0.37489	-1.0464	-1.6592	-2.0279	-2.0748	-1.7316	-1.1919	-0.57818	-0.28806	-0.35993	-0.33599	-0.20757	-0.20436	-0.19144	-10.407
1007.9	-0.12442	-0.14295	-0.17269	-0.26923	-0.31768	-0.35391	-0.38247	-0.33609	-0.16946	0.12702	0.56683	0.8284	0.87275	0.71303	0.50359	0.1126	-0.33025	-1.0142	-1.623	-2.0014	-2.0285	-1.7462	-1.1956	-0.60762	-0.29162	-0.39119	-0.30116	-0.25592	-0.18061	-0.14243	-10.158
1013.4	-0.14783	-0.16915	-0.22183	-0.2455	-0.33555	-0.3617	-0.40761	-0.36949	-0.1904	0.088957	0.55192	0.77476	0.86503	0.71998	0.53997	0.13337	-0.31015	-0.96252	-1.5618	-1.9515	-2.0193	-1.7723	-1.2355	-0.64744	-0.27474	-0.27393	-0.3053	-0.31259	-0.1993	-0.15931	-9.9799
1014.6	-0.13563	-0.15897	-0.1791	-0.321	-0.34012	-0.37105	-0.41553	-0.37062	-0.22239	0.059201	0.51572	0.7865	0.87415	0.73278	0.53268	0.15904	-0.2669	-0.92021	-1.5415	-1.9254	-1.9947	-1.7117	-1.2247	-0.69617	-0.34304	-0.24478	-0.27658	-0.22777	-0.18385	-0.1324	-9.7949
1010.4	-0.089019	-0.13103	-0.18605	-0.26255	-0.33825	-0.35791	-0.43598	-0.39972	-0.2351	0.062641	0.51271	0.77228	0.87193	0.74977	0.57098	0.18724	-0.24941	-0.89407	-1.495	-1.889	-1.9836	-1.7274	-1.2173	-0.68421	-0.30074	-0.27946	-0.27217	-0.24332	-0.14816	-0.10769	-9.6192
1007.6	-0.11375	-0.12428	-0.17732	-0.24981	-0.34586	-0.38337	-0.42568	-0.39928	-0.2373	0.02826	0.50212	0.77918	0.88768	0.75956	0.58579	0.22776	-0.21909	-0.86489	-1.479	-1.8862	-1.9547	-1.7056	-1.2436	-0.70476	-0.30404	-0.27304	-0.25422	-0.22805	-0.17155	-0.10052	-9.4242
1007.8	-0.090773	-0.11566	-0.20499	-0.24078	-0.34575	-0.37027	-0.42558	-0.40846	-0.25791	0.039247	0.49336	0.77257	0.87419	0.77495	0.60709	0.24307	-0.19276	-0.83151	-1.4415	-1.8383	-1.935	-1.711	-1.1833	-0.72022	-0.30416	-0.27196	-0.29013	-0.17677	-0.10419	-0.082382	-9.2674
1007	-0.11697	-0.12017	-0.19755	-0.26068	-0.33618	-0.40494	-0.43464	-0.42723	-0.26103	0.009472	0.47336	0.74778	0.87054	0.76487	0.58965	0.24192	-0.17875	-0.80872	-1.4153	-1.8221	-1.9321	-1.7183	-1.2087	-0.77622	-0.33386	-0.25723	-0.27486	-0.16185	-0.10906	-0.076718	-9.1008
1007	-0.081892	-0.11153	-0.18519	-0.25897	-0.35441	-0.38366	-0.44469	-0.42571	-0.28029	0.014119	0.47683	0.74289	0.86162	0.75855	0.59628	0.25734	-0.16926	-0.7834	-1.3993	-1.7948	-1.9215	-1.699	-1.2411	-0.78363	-0.3096	-0.23086	-0.27347	-0.19914	-0.12755	-0.10837	-8.8764
1006.4	-0.095679	-0.11724	-0.18696	-0.27411	-0.35291	-0.39534	-0.4522	-0.42452	-0.27008	-0.0015446	0.45832	0.74653	0.87707	0.77464	0.60485	0.2591	-0.14619	-0.76551	-1.3571	-1.7768	-1.8928	-1.6912	-1.2446	-0.77239	-0.29807	-0.1914	-0.24735	-0.14359	-0.11684	-0.1083	-8.642
1007.4	-0.074073	-0.09558	-0.17575	-0.27244	-0.3476	-0.41627	-0.44883	-0.44094	-0.29493	-0.0078119	0.44417	0.74271	0.87311	0.79698	0.6386	0.31705	-0.090571	-0.70508	-1.3145	-1.7339	-1.8717	-1.6881	-1.21	-0.82636	-0.3326	-0.23217	-0.23646	-0.15385	-0.12117	-0.048113	-8.4331
1012.3	-0.0721	-0.10799	-0.18262	-0.27549	-0.34592	-0.39788	-0.45809	-0.44193	-0.31393	-0.026487	0.42172	0.71691	0.8601	0.79002	0.65025	0.30933	-0.082425	-0.67527	-1.274	-1.7004	-1.8435	-1.6581	-1.2166	-0.80065	-0.3538	-0.26759	-0.14761	-0.1806	-0.082355	-0.076163	-8.2014
1016.3	-0.10376	-0.10899	-0.1773	-0.27588	-0.33963	-0.40934	-0.46204	-0.46151	-0.33472	-0.057515	0.4098	0.70135	0.85223	0.77158	0.65095	0.32491	-0.035952	-0.65927	-1.2461	-1.6652	-1.7993	-1.6312	-1.1888	-0.84828	-0.36054	-0.23172	-0.21692	-0.11674	-0.073103	-0.056647	-7.992
1014.4	-0.037147	-0.083447	-0.16246	-0.2704	-0.34024	-0.41328	-0.48712	-0.48679	-0.34263	-0.063815	0.38853	0.68849	0.85532	0.80375	0.66686	0.35601	-0.031501	-0.60441	-1.2073	-1.6352	-1.8012	-1.6312	-1.2154	-0.84825	-0.35554	-0.23488	-0.20265	-0.16589	-0.1597	-0.13703	-7.7598
1011.2	-0.05104	-0.083726	-0.20282	-0.24304	-0.37104	-0.42441	-0.48005	-0.49143	-0.37457	-0.098398	0.36768	0.69541	0.86828	0.80927	0.70651	0.41214	0.048394	-0.5501	-1.1471	-1.582	-1.761	-1.619	-1.2103	-0.88025	-0.33421	-0.2284	-0.20602	-0.089373	-0.061092	-0.025411	-7.4498
1010.6	0.0053525	-0.050807	-0.15998	-0.26687	-0.36291	-0.36804	-0.50905	-0.5147	-0.38364	-0.12193	0.34745	0.66409	0.86002	0.8315	0.73167	0.43703	0.070199	-0.4922	-1.0849	-1.5417	-1.7324	-1.5949	-1.2338	-0.87334	-0.42583	-0.15408	-0.16672	-0.12942	-0.041511	0.0014622	-7.1685
1009.5	-0.013079	-0.078107	-0.18018	-0.28382	-0.38476	-0.44449	-0.52392	-0.51232	-0.43112	-0.14864	0.30702	0.65042	0.85644	0.83849	0.74056	0.46801	0.096272	-0.46634	-1.059	-1.507	-1.7076	-1.5821	-1.2164	-0.88748	-0.44619	-0.20823	-0.11108	-0.080098	-0.057913	-0.007537	-6.7605
1007.2	-0.0054091	-0.06973	-0.1668	-0.28282	-0.394	-0.44551	-0.54678	-0.56417	-0.45274	-0.18499	0.27352	0.61849	0.84815	0.84368	0.74085	0.49228	0.1401	-0.41402	-1.0111	-1.4691	-1.6861	-1.568	-1.1839	-0.89525	-0.49672	-0.24082	-0.10987	-0.15348	0.025766	0.026816	-6.4232
1006.6	-0.032737	-0.06399	-0.17126	-0.271	-0.37583	-0.47374	-0.55567	-0.59225	-0.48847	-0.23384	0.24632	0.61257	0.85162	0.85491	0.77577	0.54328	0.2006	-0.35926	-0.94735	-1.3968	-1.6306	-1.5321	-1.2205	-0.89005	-0.51837	-0.21641	-0.067439	-0.052656	-0.012456	-0.010506	-6.0042
1004	0.03152	-0.026528	-0.14873	-0.27471	-0.37357	-0.50289	-0.58309	-0.61074	-0.52226	-0.27058	0.20239	0.57407	0.84483	0.88046	0.80901	0.59243	0.27558	-0.2567	-0.85635	-1.3319	-1.581	-1.4976	-1.1122	-0.90551	-0.5069	-0.25348	-0.041158	-0.022214	0.0089044	0.045136	-5.5813
1006.2	0.028382	-0.022118	-0.15915	-0.29215	-0.396	-0.52627	-0.60055	-0.64955	-0.54922	-0.32344	0.15754	0.53296	0.83714	0.86308	0.84027	0.62663	0.32463	-0.18944	-0.76562	-1.2415	-1.5046	-1.4399	-1.2283	-0.87281	-0.52847	-0.2647	-0.057225	0.0097703	0.028821	0.061575	-5.0175
1014.2	0.041813	-0.009126	-0.15484	-0.28838	-0.42572	-0.47835	-0.63861	-0.66734	-0.6167	-0.38324	0.095189	0.47013	0.7878	0.85929	0.83524	0.6812	0.38971	-0.10192	-0.67558	-1.148	-1.4246	-1.3978	-1.1744	-0.86442	-0.53834	-0.30764	-0.053849	0.025487	0.046837	0.084931	-4.4135
1016.3	0.041745	-0.014826	-0.17584	-0.27591	-0.41505	-0.53398	-0.6502	-0.73313	-0.66659	-0.46332	0.017044	0.39641	0.74946	0.86213	0.84163	0.70108	0.45485	-0.0092621	-0.55209	-1.0401	-1.3421	-1.3293	-1.1173	-0.83652	-0.53594	-0.29246	-0.087295	0.028121	0.045313	0.077317	-3.7136
1011.5	0.073866	0.016627	-0.14765	-0.2907	-0.40391	-0.55119	-0.68339	-0.78265	-0.74617	-0.53104	-0.078077	0.33331	0.70146	0.83691	0.86698	0.75335	0.52018	0.075081	-0.44641	-0.92658	-1.27	-1.2786	-1.121	-0.80405	-0.51453	-0.31864	-0.13157	0.065389	0.092756	0.095724	-2.9599
1006.8	0.078598	0.049796	-0.14213	-0.28742	-0.42409	-0.52935	-0.71534	-0.82782	-0.78945	-0.60417	-0.15865	0.268	0.681	0.8377	0.88404	0.80454	0.59842	0.20693	-0.33249	-0.82601	-1.1761	-1.2286	-1.0615	-0.81088	-0.53528	-0.3304	-0.1438	0.081514	0.099199	0.12907	-2.2182
1006.2	0.11703	0.036897	-0.13462	-0.3147	-0.43406	-0.54765	-0.71578	-0.86531	-0.86373	-0.69244	-0.25444	0.19627	0.62071	0.81815	0.88968	0.84356	0.67792	0.29219	-0.20793	-0.72155	-1.0815	-1.1661	-1.0314	-0.7687	-0.52285	-0.3466	-0.13062	0.084448	0.13141	0.15167	-1.538
1008.7	0.13811	0.05112	-0.10823	-0.29595	-0.43138	-0.52667	-0.78148	-0.88318	-0.91323	-0.74876	-0.33067	0.13846	0.57029	0.80367	0.8825	0.8568	0.71797	0.35459	-0.12875	-0.62772	-1.0223	-1.1176	-0.99971	-0.77859	-0.53	-0.35022	-0.18478	0.064242	0.16321	0.15132	-0.90649
1006.6	0.14916	0.09729	-0.099321	-0.2771	-0.46376	-0.55716	-0.77736	-0.93896	-0.97568	-0.83512	-0.40139	0.060525	0.50482	0.74336	0.84984	0.87712	0.74434	0.39876	-0.057271	-0.55263	-0.93061	-1.0655	-0.98179	-0.80078	-0.53108	-0.35677	-0.20429	0.013821	0.15134	0.18021	-0.34701
