21391	16	1	91	22.8	763.05	2	-1	29	326.43	256	8192	5	0	0	0	0	550.05	1023.2	1.5167e+006	0.11988	0.037901	41.338	0	0	1	0	0	0	11	0	0
1044.5	0.02865	-0.0042563	-0.090829	-0.14547	-0.17895	-0.22489	-0.27657	-0.32336	-0.29877	-0.3232	-0.1685	0.050047	0.34611	0.71845	0.89603	0.49983	0.029397	-0.4036	-0.56637	-0.59796	-0.59571	-0.53772	-0.49157	-0.41014	-0.27993	-0.25915	-0.18741	-0.10236	0.025978	0.0306	-0.74227
1044.1	0.039073	0.0012908	-0.074724	-0.12678	-0.15637	-0.21397	-0.26148	-0.32349	-0.30173	-0.31253	-0.19622	-0.026014	0.46314	0.70424	0.84899	0.40829	0.029409	-0.40691	-0.57362	-0.60279	-0.59304	-0.54097	-0.49898	-0.40444	-0.30196	-0.29514	-0.18606	-0.095686	0.02304	0.037728	-0.76051
1042.8	0.048054	-0.013988	-0.076283	-0.12549	-0.18087	-0.22368	-0.25765	-0.31507	-0.28791	-0.32373	-0.16552	0.0044213	0.37594	0.69061	0.78678	0.36288	0.01769	-0.41843	-0.57151	-0.59587	-0.60541	-0.52343	-0.47361	-0.39318	-0.27627	-0.25382	-0.19055	-0.097147	0.020116	0.073399	-0.74531
1041.8	0.054065	0.015198	-0.067537	-0.12418	-0.17781	-0.24754	-0.26899	-0.32127	-0.3024	-0.3287	-0.16406	0.14167	0.43487	0.70582	0.96174	0.37857	0.014768	-0.41413	-0.59321	-0.62252	-0.60019	-0.5437	-0.4842	-0.39064	-0.27655	-0.28141	-0.21489	-0.1107	0.0038864	0.060637	-0.77875
1043.3	0.040592	0.0026809	-0.07038	-0.096582	-0.16945	-0.23618	-0.27275	-0.32082	-0.29346	-0.30507	-0.1622	0.0044196	0.30268	0.77728	0.83388	0.37803	-0.026377	-0.44343	-0.60362	-0.61704	-0.60662	-0.54747	-0.53979	-0.40477	-0.28027	-0.26521	-0.18905	-0.11726	0.0053553	0.030637	-0.74835
1043.7	0.058432	0.02766	-0.082095	-0.13982	-0.15481	-0.23766	-0.25744	-0.31335	-0.29476	-0.30185	-0.14749	0.019631	0.34639	0.55966	0.72291	0.46964	-0.016089	-0.41651	-0.58791	-0.61068	-0.57	-0.53362	-0.5064	-0.40167	-0.28838	-0.24212	-0.18472	-0.11049	0.030422	0.039169	-0.74835
1043.3	0.039104	0.012399	-0.074785	-0.11823	-0.19213	-0.24562	-0.27552	-0.30172	-0.27928	-0.29117	-0.15243	-0.071723	0.47814	0.7628	0.7074	0.33213	-0.016095	-0.44816	-0.59096	-0.63081	-0.60662	-0.54747	-0.49939	-0.38714	-0.28301	-0.25946	-0.17345	-0.095764	0.028959	0.044881	-0.77571
1043.1	0.042088	0.013789	-0.076268	-0.12547	-0.17597	-0.22049	-0.24792	-0.31941	-0.27934	-0.30667	-0.15898	-0.041263	0.27348	0.80644	0.8973	0.43932	0.0015279	-0.43408	-0.59389	-0.60034	-0.58053	-0.52939	-0.47928	-0.39016	-0.27758	-0.25808	-0.16781	-0.087721	0.036342	0.042042	-0.72403
1042.4	0.048074	0.0068509	-0.085134	-0.12843	-0.19715	-0.24267	-0.2536	-0.31814	-0.29228	-0.31613	-0.16396	0.0044231	0.31756	0.67639	0.89785	0.36303	0.0044684	-0.41545	-0.583	-0.6007	-0.57943	-0.53427	-0.46946	-0.38452	-0.24619	-0.22948	-0.16366	-0.082399	0.020124	0.057748	-0.75747
1043.9	0.015279	0.0012911	-0.085014	-0.14411	-0.18716	-0.24862	-0.28917	-0.33677	-0.29329	-0.3234	-0.18162	-0.10212	0.17098	0.55955	0.67535	0.14847	0.017672	-0.41643	-0.58779	-0.5922	-0.58879	-0.53199	-0.48899	-0.38984	-0.26502	-0.27366	-0.17193	-0.076911	0.018622	0.030618	-0.72099
1044.3	0.045012	-0.013968	-0.11286	-0.20172	-0.22268	-0.26581	-0.28629	-0.3557	-0.32575	-0.32481	-0.18155	-0.13251	0.36079	0.7041	0.64351	0.27068	0.0029924	-0.40526	-0.57351	-0.59349	-0.56238	-0.52572	-0.496	-0.37648	-0.27039	-0.23767	-0.17469	-0.092982	0.024508	0.032031	-0.55073
1044.3	0.027168	-0.015354	-0.10699	-0.18154	-0.23887	-0.29253	-0.3374	-0.38652	-0.33142	-0.35412	-0.19781	0.034853	0.33158	0.5738	0.73827	0.31652	0.014732	-0.39583	-0.56789	-0.59502	-0.56965	-0.51663	-0.43978	-0.331	-0.23067	-0.19605	-0.14777	-0.10238	0.0053499	0.047682	-0.36221
1045	0.0018873	-0.047227	-0.12892	-0.17134	-0.20152	-0.28136	-0.30544	-0.37602	-0.35387	-0.3647	-0.23994	-0.056412	0.31679	0.84837	0.67467	0.31632	0.064576	-0.36574	-0.52402	-0.56564	-0.54169	-0.48454	-0.45824	-0.36012	-0.26612	-0.26908	-0.18308	-0.10365	0.017129	0.016368	-0.24664
1044.3	0.010811	-0.048643	-0.12459	-0.2219	-0.27123	-0.37585	-0.39127	-0.45694	-0.40935	-0.42508	-0.284	-0.010804	0.097874	0.66067	0.75406	0.46935	0.076352	-0.3298	-0.50467	-0.54459	-0.52747	-0.45152	-0.38788	-0.26938	-0.18958	-0.16591	-0.12652	-0.078221	0.036298	0.044835	-0.006362
1042.8	0.043588	-0.016766	-0.10861	-0.22077	-0.30079	-0.32443	-0.38767	-0.45906	-0.42837	-0.43186	-0.29092	-0.086978	0.15653	0.57462	0.89748	0.48532	0.16168	-0.26258	-0.45615	-0.51475	-0.49036	-0.44154	-0.39132	-0.28739	-0.1871	-0.16614	-0.089812	-0.038017	0.039301	0.063424	0.35566
1044.1	0.019737	-0.032005	-0.1481	-0.18446	-0.24053	-0.31932	-0.34575	-0.41594	-0.42643	-0.4514	-0.33285	-0.071665	0.34625	0.66081	0.78582	0.56116	0.25834	-0.1805	-0.34179	-0.43464	-0.42576	-0.41223	-0.37354	-0.28851	-0.20743	-0.15876	-0.10813	-0.056762	0.03041	0.04627	0.64777
1044.8	0.030131	-0.025053	-0.15241	-0.20884	-0.29377	-0.37255	-0.40491	-0.46702	-0.45167	-0.48813	-0.38467	-0.29973	0.12703	0.51568	0.80112	0.66777	0.32564	-0.10497	-0.29665	-0.39007	-0.41969	-0.38171	-0.29406	-0.20767	-0.13473	-0.11419	-0.099561	-0.045995	0.027445	0.066153	0.88211
1043.9	0.031642	-0.041726	-0.15253	-0.2393	-0.29886	-0.37128	-0.41077	-0.48648	-0.46479	-0.51785	-0.42402	-0.22387	-0.0043902	0.44368	0.69115	0.63772	0.4081	-0.037427	-0.2196	-0.32158	-0.34147	-0.32596	-0.27843	-0.21077	-0.12662	-0.1071	-0.072712	-0.035294	0.051057	0.059089	1.2961
1042.2	0.042122	-0.036234	-0.14837	-0.21368	-0.28475	-0.34196	-0.3976	-0.48727	-0.48116	-0.56042	-0.485	-0.23947	-0.18002	0.41537	0.64481	0.74597	0.48522	0.031818	-0.14957	-0.29148	-0.33619	-0.32801	-0.31789	-0.24052	-0.13643	-0.098647	-0.07425	-0.011146	0.05557	0.069167	1.6036
1041.2	0.040675	-0.01401	-0.13233	-0.22691	-0.29803	-0.36595	-0.42709	-0.53045	-0.53565	-0.60432	-0.54748	-0.46861	-0.13626	0.43032	0.72467	0.76205	0.52839	0.096501	-0.10886	-0.24732	-0.27965	-0.28126	-0.28062	-0.20692	-0.12008	-0.10307	-0.08143	-0.019235	0.048235	0.047828	1.9111
1040.9	-0.0025814	-0.052976	-0.19124	-0.26022	-0.32569	-0.39284	-0.44381	-0.53203	-0.5514	-0.63385	-0.60796	-0.57554	-0.29749	0.067266	0.69311	0.73154	0.59768	0.17853	-0.01305	-0.16917	-0.24761	-0.2722	-0.27055	-0.19518	-0.10362	-0.098767	-0.04591	-0.021932	0.034939	0.042128	2.2766
1041.4	-0.017493	-0.058519	-0.19263	-0.26735	-0.33367	-0.4179	-0.48657	-0.57889	-0.60375	-0.71094	-0.73002	-0.59055	-0.41456	0.13984	0.56614	0.59331	0.62245	0.21156	0.0024506	-0.16757	-0.23146	-0.25994	-0.27044	-0.22159	-0.13654	-0.11456	-0.078572	-0.013847	0.042314	0.023559	2.773
1040.5	-0.010045	-0.071095	-0.20899	-0.28637	-0.37454	-0.43087	-0.54103	-0.63532	-0.6341	-0.74558	-0.72409	-0.68265	-0.53217	0.11088	0.59829	0.68582	0.701	0.28273	0.099736	-0.097143	-0.1864	-0.20088	-0.20845	-0.16287	-0.052792	-0.059913	-0.040243	-0.035409	0.017202	0.037859	3.1904
1040.3	0.039216	-0.040476	-0.18546	-0.27051	-0.33076	-0.39781	-0.494	-0.62661	-0.67832	-0.79993	-0.84177	-0.78969	-0.56162	-0.048977	0.61427	0.71664	0.72323	0.33487	0.14629	-0.060341	-0.1514	-0.19788	-0.20704	-0.18057	-0.10368	-0.10171	-0.072963	-0.025986	0.048275	0.075007	3.5864
1038.8	-0.025009	-0.068423	-0.2108	-0.31582	-0.38004	-0.44421	-0.52664	-0.66733	-0.72059	-0.83519	-0.88875	-0.85199	-0.59177	-0.31106	0.23407	0.77912	0.79064	0.43964	0.23124	-0.017406	-0.11653	-0.1464	-0.16096	-0.11888	-0.054254	-0.044138	-0.007548	-0.008486	0.046861	0.015034	3.9612
1038.6	0.012365	-0.05449	-0.19462	-0.2869	-0.39964	-0.48382	-0.56703	-0.64829	-0.75778	-0.90826	-0.99521	-1.051	-0.7094	-0.049057	0.53586	0.79465	0.82178	0.45712	0.28496	0.013324	-0.085849	-0.10532	-0.14215	-0.089401	-0.039115	-0.025386	0.0038479	0.010403	0.05428	0.085145	4.3786
1039.7	-0.0070646	-0.069761	-0.22537	-0.2953	-0.37973	-0.42332	-0.55257	-0.70511	-0.79543	-0.93987	-1.0726	-1.0652	-0.89942	-0.41261	0.39254	0.85524	0.86368	0.55929	0.35945	0.10235	-0.00834	-0.091523	-0.12463	-0.11731	-0.06109	-0.038336	-0.034583	-0.019262	0.018698	0.029315	4.93
1040.1	-0.0040758	-0.039093	-0.2076	-0.31833	-0.41532	-0.4926	-0.59257	-0.73281	-0.81502	-1.02	-1.1456	-1.187	-1.0751	-0.60142	0.2179	0.76283	0.84271	0.60642	0.41854	0.13607	0.022327	-0.050433	-0.07392	-0.052444	-0.0060506	-0.02679	0.028025	0.027905	0.064561	0.060736	5.4053
1040.9	-0.0025814	-0.066891	-0.21185	-0.32097	-0.42959	-0.5127	-0.62811	-0.75135	-0.88401	-1.0594	-1.2524	-1.0792	-1.1035	-0.7462	0.23359	0.7162	0.84791	0.63431	0.46189	0.17736	0.051488	-0.038238	-0.08543	-0.062706	-0.034906	-0.0094888	-0.0018474	0.017111	0.05268	0.049264	5.9232
1039.7	0.000404	-0.089265	-0.24305	-0.34453	-0.42361	-0.51964	-0.63304	-0.78322	-0.89078	-1.1181	-1.3242	-1.2333	-1.413	-1.0234	0.027614	0.88596	0.85631	0.7093	0.52878	0.24359	0.099757	0.025601	-0.044991	-0.042149	-0.008806	-0.010941	0.0066887	0.033309	0.055706	0.042179	6.4259
1039.2	0.0078758	-0.046094	-0.20924	-0.37509	-0.46932	-0.5783	-0.68466	-0.83809	-0.97657	-1.2053	-1.4652	-1.616	-1.6484	-1.2857	-0.1946	0.65594	0.8434	0.72065	0.58969	0.26058	0.13195	0.031697	0.0027966	0.0094362	0.029733	0.035208	0.03659	0.048156	0.046842	0.046487	6.9314
1039	-0.036961	-0.094897	-0.26975	-0.394	-0.47267	-0.60528	-0.72089	-0.88987	-0.98959	-1.2924	-1.5636	-1.6011	-1.8249	-1.5479	-0.51214	0.64071	0.84652	0.78241	0.64346	0.34358	0.18313	0.083453	0.012938	0.025659	0.028362	0.030885	0.05511	0.026585	0.0024135	0.020752	7.4735
1039.7	-0.022002	-0.055828	-0.23421	-0.39955	-0.50001	-0.61754	-0.73849	-0.93501	-1.0416	-1.3458	-1.7031	-1.9974	-2.0292	-1.8524	-0.67049	0.34865	0.80768	0.81036	0.6854	0.38175	0.21662	0.11534	0.046236	0.04333	0.035224	0.045284	0.0565	0.07105	0.060146	0.046468	8.1128
1039	-0.03995	-0.087926	-0.24763	-0.40704	-0.51333	-0.61634	-0.75977	-0.92969	-1.0893	-1.4707	-1.812	-2.2738	-2.2653	-2.2319	-0.94079	0.19525	0.78163	0.84561	0.74089	0.44343	0.27814	0.17021	0.098425	0.078749	0.079302	0.077051	0.049415	0.048165	0.066109	0.036484	8.6849
1039	-0.033972	-0.090716	-0.24763	-0.40125	-0.50357	-0.60054	-0.76532	-0.96066	-1.122	-1.6056	-1.9477	-2.2432	-2.3534	-2.2465	-1.0519	0.42567	0.72412	0.86931	0.78042	0.50027	0.32784	0.20826	0.12016	0.10824	0.099953	0.092919	0.082167	0.068398	0.088327	0.050786	9.2659
1038.6	-0.028004	-0.085173	-0.2669	-0.41445	-0.51191	-0.63398	-0.7948	-1.0112	-1.1795	-1.7102	-2.1382	-2.4124	-2.6628	-2.8443	-1.3223	0.17994	0.66098	0.87599	0.81323	0.53735	0.35137	0.23423	0.15065	0.15254	0.1358	0.10739	0.095022	0.10081	0.085401	0.069407	9.9075
1038.2	-0.013057	-0.053116	-0.26259	-0.39432	-0.53165	-0.65796	-0.82152	-1.0529	-1.2683	-1.8009	-2.2928	-2.5511	-2.8843	-3.1222	-1.736	-0.18893	0.56236	0.87161	0.83758	0.58523	0.42758	0.29373	0.19566	0.15998	0.13862	0.13342	0.11216	0.092749	0.086917	0.055121	10.464
1037.1	-0.010078	-0.074121	-0.24217	-0.41069	-0.5322	-0.67446	-0.83209	-1.0865	-1.3281	-1.8819	-2.4016	-2.6916	-3.1961	-3.4461	-1.9604	-0.45076	0.46543	0.87883	0.84975	0.64123	0.46023	0.33063	0.22199	0.17788	0.16634	0.14801	0.13938	0.14825	0.084037	0.079534	11.123
1034.2	-0.038636	-0.096744	-0.26805	-0.45554	-0.56804	-0.69227	-0.86656	-1.1074	-1.3748	-1.9917	-2.5711	-3.237	-3.6478	-4.0847	-2.3329	-0.59095	0.3275	0.875	0.89758	0.67702	0.51589	0.35757	0.26484	0.23765	0.18065	0.15858	0.15123	0.10395	0.091719	0.056772	11.815
1032.3	-0.017648	-0.077278	-0.26409	-0.41846	-0.58219	-0.73171	-0.92546	-1.1674	-1.4634	-2.1093	-2.7387	-3.3353	-3.9797	-4.4731	-2.7846	-0.97858	0.17224	0.85435	0.87366	0.69683	0.5448	0.37355	0.28283	0.25145	0.21563	0.1792	0.16441	0.12587	0.079962	0.059756	12.458
1031.2	-0.028206	-0.087191	-0.26585	-0.45831	-0.57131	-0.70699	-0.95438	-1.1998	-1.495	-2.1849	-2.9062	-3.4774	-4.2204	-4.771	-3.1234	-0.99507	0.016405	0.81861	0.8959	0.73933	0.57334	0.41841	0.29772	0.24725	0.19088	0.1663	0.14449	0.10969	0.048701	0.038201	13.043
1030.1	-0.044818	-0.10134	-0.281	-0.45586	-0.60307	-0.75872	-0.93856	-1.2382	-1.5684	-2.306	-3.079	-3.3884	-4.5061	-5.3043	-3.4629	-1.4919	-0.18884	0.77961	0.88543	0.78657	0.60784	0.46336	0.33456	0.26982	0.2494	0.20867	0.17193	0.12749	0.054727	0.031028	13.618
1029.7	-0.052378	-0.1042	-0.2707	-0.45166	-0.60496	-0.75584	-1.0048	-1.2744	-1.6164	-2.3554	-3.2402	-3.9144	-5.2339	-5.9966	-4.2493	-1.8955	-0.41063	0.71457	0.85872	0.78535	0.61989	0.48659	0.33763	0.30564	0.24534	0.2073	0.18493	0.12754	0.065212	0.023826	14.247
1027.2	-0.066114	-0.098815	-0.3027	-0.4689	-0.61633	-0.76411	-0.99604	-1.3447	-1.6809	-2.5087	-3.4549	-3.9705	-5.4696	-6.5709	-4.6291	-2.5217	-0.61452	0.6604	0.86656	0.83857	0.69683	0.53244	0.39269	0.3407	0.26544	0.21511	0.17819	0.14695	0.051889	0.032566	14.855
1023.6	-0.036002	-0.075103	-0.26334	-0.4382	-0.59373	-0.79887	-1.0616	-1.3734	-1.7418	-2.5522	-3.633	-4.2484	-5.9211	-7.1258	-5.1611	-2.9516	-0.87865	0.59857	0.83665	0.85399	0.71709	0.57757	0.44261	0.37933	0.32228	0.28323	0.24097	0.18444	0.10921	0.060263	15.483
1020.8	-0.055875	-0.076724	-0.26105	-0.4674	-0.61189	-0.82033	-1.0856	-1.3951	-1.832	-2.6537	-3.8474	-4.5555	-6.3106	-7.6931	-5.4013	-3.2098	-1.1347	0.53585	0.80872	0.89382	0.77556	0.60392	0.4733	0.39236	0.32875	0.29134	0.24597	0.19043	0.10046	0.048781	16.122
1018.1	-0.054502	-0.082624	-0.25423	-0.45536	-0.65339	-0.81771	-1.0829	-1.4591	-1.8646	-2.7875	-3.998	-4.8019	-7.0919	-8.4417	-6.2909	-3.8142	-1.3966	0.42604	0.77057	0.90095	0.80302	0.64439	0.50564	0.41299	0.35634	0.31863	0.26553	0.21297	0.10375	0.05767	16.758
1014.7	-0.076111	-0.10289	-0.25357	-0.47468	-0.66057	-0.82206	-1.0481	-1.5304	-1.9423	-2.8762	-4.2206	-5.0998	-7.5215	-8.9766	-6.8484	-4.3146	-1.7426	0.29317	0.7023	0.91654	0.81468	0.67772	0.53255	0.45212	0.40265	0.33742	0.26788	0.20125	0.1041	0.057863	17.335
1013.4	-0.067013	-0.081576	-0.28564	-0.46785	-0.66307	-0.87818	-1.1562	-1.5459	-2.0951	-2.9641	-4.4186	-5.4041	-7.9224	-9.7489	-7.5406	-4.6508	-2.1152	0.18824	0.63659	0.91139	0.8277	0.67233	0.5347	0.46176	0.38904	0.33489	0.27843	0.19736	0.12246	0.055005	17.966
1010.2	-0.084133	-0.11338	-0.28503	-0.46932	-0.68188	-0.84844	-1.2284	-1.6221	-2.1105	-3.0564	-4.6225	-5.657	-8.7929	-10.513	-8.2175	-5.4396	-2.4798	0.039327	0.56889	0.92217	0.86488	0.73863	0.59004	0.49355	0.4115	0.35968	0.29542	0.2174	0.09542	0.041938	18.566
1007.7	-0.10592	-0.13379	-0.29183	-0.49292	-0.72721	-0.8571	-1.253	-1.6414	-2.2186	-3.2335	-4.8077	-5.7974	-9.0271	-11.215	-8.9586	-6.2453	-2.8677	-0.10068	0.47715	0.91657	0.8746	0.74677	0.58854	0.52369	0.43384	0.39183	0.31673	0.21238	0.10024	0.03172	19.232
1005.1	-0.11391	-0.13701	-0.30324	-0.51214	-0.66852	-0.8903	-1.2418	-1.7019	-2.2654	-3.2946	-5.0379	-6.3179	-9.3535	-12.146	-9.5228	-6.8169	-3.311	-0.25447	0.40684	0.91572	0.89344	0.77383	0.62598	0.53721	0.45202	0.39729	0.33372	0.23663	0.10509	0.053977	19.806
1002.8	-0.12657	-0.16044	-0.27339	-0.51333	-0.71727	-0.95295	-1.3281	-1.8052	-2.3371	-3.4115	-5.2105	-6.3643	-9.573	-12.868	-10.631	-7.549	-3.7481	-0.4466	0.30977	0.91626	0.93035	0.79771	0.64845	0.55985	0.45021	0.4027	0.34188	0.23857	0.10226	0.046693	20.469
1000	-0.14711	-0.16378	-0.2772	-0.48916	-0.69558	-0.95886	-1.2582	-1.8117	-2.4368	-3.5643	-5.4796	-6.9379	-10.194	-13.689	-11.402	-8.5594	-4.1966	-0.63991	0.20206	0.9156	0.91925	0.80782	0.68938	0.57672	0.50438	0.4218	0.33986	0.25745	0.1164	0.036422	21.185
997.05	-0.16156	-0.18606	-0.3103	-0.53591	-0.72647	-0.89256	-1.3039	-1.8771	-2.4574	-3.6169	-5.6578	-7.2454	-10.684	-14.61	-12.181	-9.3052	-4.6502	-0.82623	0.10261	0.91352	0.93417	0.8483	0.69143	0.61378	0.51306	0.4396	0.36017	0.2793	0.10903	0.043982	21.842
994.93	-0.17283	-0.19083	-0.2817	-0.52949	-0.73651	-0.96872	-1.3139	-1.8703	-2.5608	-3.7089	-5.8132	-7.5483	-11.166	-15.31	-12.986	-9.8705	-5.1344	-1.0194	0.0055152	0.8898	0.95754	0.87713	0.72771	0.62895	0.53141	0.46916	0.38621	0.28131	0.10771	0.035114	22.404
993.23	-0.16375	-0.19407	-0.31921	-0.48947	-0.69524	-0.93897	-1.4106	-2.0524	-2.5205	-3.772	-6.0027	-7.7691	-11.508	-16.128	-13.822	-10.627	-5.6122	-1.2261	-0.11264	0.8865	0.97599	0.91525	0.75472	0.64237	0.55536	0.4775	0.41071	0.30295	0.12339	0.04864	23.021
991.11	-0.2252	-0.22079	-0.34154	-0.50723	-0.73424	-1.0006	-1.3641	-2.0089	-2.6199	-3.9036	-6.1903	-8.0102	-11.933	-17.169	-14.634	-11.599	-6.1637	-1.4639	-0.25794	0.8417	0.98268	0.9204	0.77912	0.69476	0.57387	0.50273	0.41159	0.30926	0.12832	0.042746	23.554
989.62	-0.21613	-0.22552	-0.30489	-0.48973	-0.71485	-0.94571	-1.3472	-2.0553	-2.7614	-3.9241	-6.33	-8.2309	-12.49	-17.943	-15.456	-12.423	-6.701	-1.7116	-0.40805	0.82523	0.98876	0.93936	0.7879	0.70354	0.5863	0.52166	0.42417	0.30547	0.13473	0.051819	24.085
988.98	-0.25866	-0.25349	-0.32523	-0.4931	-0.71531	-0.98782	-1.4239	-1.9915	-2.9756	-3.9967	-6.4148	-8.445	-12.56	-18.567	-16.35	-12.996	-7.1917	-1.9236	-0.54775	0.80155	0.99093	0.96555	0.82342	0.72259	0.59969	0.52351	0.44539	0.31559	0.12392	0.036828	24.619
985.8	-0.26895	-0.28076	-0.34027	-0.54967	-0.68162	-0.97769	-1.3846	-2.0461	-2.9927	-3.8053	-6.4269	-8.7302	-13.204	-19.332	-17.105	-14.107	-7.6735	-2.1662	-0.68494	0.77338	0.98027	0.95744	0.8383	0.73425	0.61469	0.5404	0.44383	0.32229	0.14149	0.04147	25.114
983.04	-0.29182	-0.31838	-0.35993	-0.5558	-0.70245	-0.92366	-1.4325	-2.0316	-3.1095	-3.9913	-6.2377	-8.5769	-13.505	-20.017	-17.942	-14.568	-8.1595	-2.3477	-0.78685	0.74957	1.0047	0.97139	0.8529	0.74099	0.62806	0.5526	0.44658	0.31322	0.11215	0.031003	25.558
979	-0.29461	-0.31082	-0.41932	-0.53657	-0.75368	-0.9174	-1.2248	-2.3421	-3.7284	-4.2267	-5.632	-8.2877	-13.233	-20.13	-18.083	-15.02	-8.4827	-2.5066	-0.87251	0.72168	0.98863	0.98347	0.84873	0.74248	0.62188	0.53344	0.44237	0.31165	0.1016	0.0114	25.983
975.81	-0.3465	-0.3727	-0.44424	-0.54912	-0.73882	-0.97928	-1.2953	-2.6104	-4.0832	-4.8331	-5.9323	-7.0449	-11.37	-19.174	-17.585	-15.085	-8.4947	-2.5636	-0.91745	0.72077	0.99186	0.99478	0.86076	0.75589	0.62391	0.53211	0.42259	0.294	0.089317	-0.0022683	26.344
973.26	-0.3857	-0.4079	-0.50365	-0.59232	-0.80153	-0.97341	-1.2468	-2.9069	-4.9909	-5.6171	-5.454	-6.2798	-8.7818	-14.625	-13.461	-13.55	-7.5881	-2.2937	-0.78269	0.77514	1.0475	1.0364	0.90014	0.74685	0.6226	0.53196	0.42066	0.27605	0.057925	-0.019069	26.689
972.63	-0.44982	-0.49008	-0.57487	-0.69487	-0.67348	-0.88797	-1.0519	-3.6114	-5.1432	-5.8742	-7.4865	-7.3456	-7.5643	-6.2864	-8.535	-10.048	-6.0493	-1.7061	-0.41518	0.93482	1.1544	1.1102	0.93942	0.79145	0.63331	0.54926	0.43767	0.28487	0.065873	-0.025193	26.984
969.86	-0.46711	-0.5094	-0.63023	-0.62078	-0.68236	-0.7754	-1.2036	-3.5063	-5.1899	-6.5471	-6.8652	-5.8923	-6.9567	-5.7898	-8.2022	-8.4141	-5.4377	-1.4283	-0.2651	0.96217	1.1436	1.1167	0.94675	0.81109	0.65134	0.54465	0.43128	0.28568	0.062889	-0.034457	27.23
966.68	-0.5056	-0.63995	-0.65608	-0.55742	-0.53077	-0.66927	-1.5269	-4.0727	-6.3351	-5.8087	-5.6212	-5.4844	-5.1018	-6.1999	-7.2395	-7.9135	-4.9564	-1.2275	-0.13091	1.0116	1.196	1.1449	0.96389	0.82644	0.66088	0.56195	0.44189	0.28083	0.037623	-0.049944	27.373
964.34	-0.58251	-0.67455	-0.5671	-0.4495	-0.44619	-0.68961	-1.8702	-5.1455	-5.7091	-5.0677	-4.5007	-4.5093	-5.1141	-4.9606	-5.8031	-7.1217	-4.1501	-0.93256	0.061977	1.0587	1.2068	1.1526	0.97872	0.82527	0.67139	0.55088	0.42608	0.24808	-0.0069747	-0.068556	27.574
961.58	-0.55512	-0.65088	-0.47472	-0.39443	-0.51074	-0.75989	-3.4177	-5.5363	-4.8069	-4.3183	-3.8354	-3.8613	-4.1453	-4.3773	-4.619	-6.1296	-3.4466	-0.69281	0.19336	1.0933	1.2261	1.1411	0.96118	0.80214	0.63612	0.50569	0.40884	0.22839	0.0010082	-0.10121	27.635
961.79	-0.54369	-0.64019	-0.36788	-0.38338	-0.61781	-1.1148	-4.4667	-5.3551	-4.2859	-3.763	-3.2024	-3.0841	-2.9865	-4.1248	-3.0744	-5.4811	-2.7305	-0.42467	0.39466	1.1445	1.2053	1.0915	0.93436	0.78604	0.63598	0.51961	0.38721	0.22397	-0.032596	-0.112	27.717
961.36	-0.56332	-0.60431	-0.37282	-0.43523	-0.79211	-1.9332	-4.4372	-5.112	-3.6829	-3.2133	-2.7181	-2.4245	-2.5753	-3.1043	-2.7669	-4.3048	-2.1245	-0.21824	0.47418	1.1201	1.179	1.0542	0.86117	0.6796	0.51723	0.40758	0.29812	0.15264	-0.063028	-0.15842	27.682
960.3	-0.54292	-0.54917	-0.40674	-0.59405	-1.1168	-2.7764	-5.0039	-4.3486	-3.1261	-3.0961	-2.1799	-2.8242	-2.4034	-3.029	-2.5639	-3.9106	-1.9609	-0.13129	0.50985	1.0881	1.1281	1.024	0.84174	0.6979	0.53567	0.4252	0.29229	0.13384	-0.0647	-0.16479	27.67
957.96	-0.55397	-0.55051	-0.54689	-0.87366	-1.767	-3.5167	-4.6246	-3.4971	-2.7646	-2.5336	-2.1374	-2.2009	-2.2978	-2.042	-2.1569	-3.387	-1.7098	-0.078489	0.51722	1.0591	1.088	0.99021	0.7998	0.65802	0.4892	0.39182	0.2791	0.097592	-0.12752	-0.19311	27.67
955.41	-0.58796	-0.57472	-0.68787	-1.2825	-2.4562	-3.7855	-4.2897	-2.9275	-2.4901	-2.5656	-1.9582	-1.9241	-2.0006	-2.3323	-2.1281	-3.1956	-1.5524	-0.011684	0.5662	1.0569	1.0798	0.96306	0.76569	0.58921	0.4366	0.33167	0.24268	0.080251	-0.15041	-0.22007	27.597
954.35	-0.59187	-0.64822	-0.86043	-1.713	-3.0008	-4.0203	-4.0058	-2.592	-2.2681	-2.2038	-1.6472	-1.8097	-1.7151	-1.7012	-1.923	-2.8145	-1.3502	0.10012	0.60065	1.0614	1.081	0.96248	0.77128	0.60271	0.4221	0.32419	0.20574	0.049501	-0.14896	-0.24367	27.545
952.01	-0.63573	-0.72893	-1.1024	-2.1743	-3.4165	-4.094	-3.6278	-2.468	-2.1587	-1.7168	-1.5299	-1.9143	-1.7674	-1.7053	-1.5466	-2.7208	-1.2618	0.1383	0.63294	1.0624	1.0821	0.94159	0.76527	0.6219	0.45169	0.3549	0.21091	0.05404	-0.14771	-0.22241	27.501
946.9	-0.59324	-0.7757	-1.4093	-2.6089	-3.6312	-3.986	-3.0852	-2.1237	-1.7406	-1.9439	-1.6279	-1.6562	-1.6319	-1.6507	-1.7117	-2.6175	-1.0695	0.26561	0.74326	1.1119	1.0799	0.945	0.73918	0.53464	0.3529	0.24918	0.16829	0.017331	-0.16964	-0.23931	27.463
937.32	-0.65729	-0.83616	-1.6591	-3.0997	-3.9027	-3.8025	-2.5489	-1.9394	-1.8342	-1.6492	-1.3782	-1.6053	-1.4045	-1.603	-1.43	-2.4229	-0.95622	0.34889	0.75554	1.1216	1.099	0.95127	0.7885	0.60875	0.45723	0.32208	0.21105	0.051897	-0.15659	-0.25126	27.463
926.47	-0.74042	-0.94915	-1.9663	-3.2335	-3.7715	-3.4714	-2.244	-1.7339	-1.7391	-1.3781	-1.2752	-1.384	-1.2069	-1.0669	-1.2865	-1.9689	-0.78054	0.47701	0.88474	1.1812	1.1365	0.95389	0.76036	0.5795	0.37922	0.29674	0.16562	0.0056118	-0.22488	-0.35846	27.414
913.04	-0.85506	-1.1281	-2.2318	-3.5746	-3.8084	-3.3157	-2.0495	-1.6638	-1.5167	-1.2308	-1.2083	-0.84755	-1.1411	-1.5463	-1.1971	-1.9804	-0.67958	0.51459	0.92346	1.2213	1.1415	0.97484	0.7567	0.56117	0.39419	0.27483	0.13402	-0.054166	-0.32089	-0.40279	27.332
898.97	-0.97727	-1.2843	-2.4474	-3.6322	-3.7082	-2.9293	-1.7302	-1.6114	-1.3693	-1.1927	-1.1026	-1.0375	-1.0911	-1.2341	-1.3259	-2.0646	-0.56068	0.6103	0.98034	1.2316	1.1239	0.9426	0.725	0.48644	0.30648	0.17742	0.055467	-0.12205	-0.40981	-0.50497	27.186
883.4	-1.281	-1.5956	-2.7212	-3.7081	-3.4599	-2.5888	-1.581	-1.5219	-1.2661	-1.0915	-1.0105	-1.1997	-0.97218	-0.84504	-1.1999	-1.5951	-0.48905	0.63593	0.98766	1.1792	1.0905	0.86076	0.63213	0.38748	0.20015	0.041419	-0.10937	-0.3336	-0.65223	-0.8032	27.046
864.83	-1.6659	-1.8258	-2.9196	-3.6294	-3.2039	-2.2705	-1.5099	-1.4536	-1.1102	-1.0349	-0.91439	-1.0969	-0.99306	-0.96808	-0.88233	-1.371	-0.30643	0.7445	1.0326	1.1805	1.0612	0.85547	0.61611	0.42592	0.18129	0.02151	-0.17673	-0.46554	-0.89581	-1.0902	26.958
844.31	-2.2085	-1.9611	-2.9144	-3.3788	-2.8114	-1.8687	-1.3877	-1.2766	-0.94268	-0.93219	-0.76161	-0.8601	-0.85457	-0.61552	-0.68887	-1.2531	-0.13059	0.84425	1.1029	1.1979	1.015	0.77699	0.52945	0.27657	0.036598	-0.14485	-0.35452	-0.70093	-1.3241	-1.6359	26.821
823.56	-4.5552	-3.0447	-2.6883	-2.9539	-2.2256	-1.3896	-1.223	-1.0427	-0.81551	-0.76007	-0.58283	-0.45738	-0.65383	-0.61266	-0.92655	-1.1297	0.05589	0.97117	1.1841	1.2126	1.0388	0.76968	0.48612	0.23517	-0.037172	-0.21402	-0.48921	-0.90748	-1.9685	-2.545	26.724
805.79	-9.3349	-6.5885	-2.5365	-2.5688	-1.807	-1.1472	-1.105	-0.94399	-0.73985	-0.65488	-0.59147	-0.7435	-0.74399	-0.8326	-0.74227	-0.83765	0.21305	1.072	1.2375	1.2155	1.0522	0.78862	0.53794	0.2974	0.038347	-0.16107	-0.41554	-0.92923	-2.2316	-3.0769	26.698
795.08	-9.9841	-9.8765	-2.7479	-2.1433	-1.5466	-1.3258	-1.0255	-0.94707	-0.72749	-0.68802	-0.64216	-0.89339	-0.86912	-0.69169	-1.1879	-0.76865	0.28915	1.1237	1.2837	1.2379	1.055	0.78731	0.52815	0.29562	0.069449	-0.13497	-0.39694	-0.87654	-2.1552	-2.9633	26.736
791.86	-8.5342	-9.0331	-3.6627	-1.941	-1.3821	-1.0948	-0.96777	-0.92576	-0.70429	-0.76812	-0.80777	-0.93714	-0.81485	-0.88543	-1.0261	-0.91286	0.2613	1.1427	1.2704	1.249	1.0573	0.7945	0.53219	0.28909	0.051666	-0.12794	-0.3724	-0.83231	-2.0143	-2.7783	26.701
795.5	-7.3668	-7.9392	-3.7442	-1.8885	-1.3736	-1.2301	-1.0758	-1.0082	-0.9038	-0.91648	-0.91508	-0.99276	-1.0796	-1.1665	-1.2081	-0.88862	0.21002	1.0426	1.2111	1.1771	0.98185	0.75508	0.50137	0.28391	0.037044	-0.14243	-0.38929	-0.87254	-1.9741	-2.6049	26.718
800.22	-6.1183	-6.0135	-3.6819	-2.0279	-1.5176	-1.3316	-1.2839	-1.0808	-1.0704	-1.0621	-1.0646	-1.0266	-1.0542	-1.3108	-1.1803	-1.0629	0.12837	0.98719	1.1508	1.0824	0.89256	0.6617	0.42881	0.18841	-0.043618	-0.20528	-0.44617	-0.84989	-1.8625	-2.389	26.742
808.57	-5.4309	-5.8654	-3.1171	-1.9772	-1.6273	-1.4336	-1.3474	-1.2458	-1.2076	-1.2284	-1.1754	-1.1535	-0.94895	-1.1476	-1.3109	-0.91374	0.026607	0.89781	1.0174	0.99421	0.79318	0.56294	0.33873	0.10498	-0.12101	-0.2977	-0.48547	-0.82377	-1.7119	-2.1971	26.695
823.99	-4.0439	-4.2333	-2.5995	-1.9091	-1.6728	-1.5482	-1.4517	-1.3955	-1.3879	-1.2758	-1.2936	-1.132	-1.2644	-1.4014	-1.3465	-1.0516	-0.065007	0.79733	0.96451	0.94849	0.74885	0.5217	0.3123	0.09558	-0.096178	-0.25938	-0.44048	-0.78285	-1.5528	-1.9215	26.695
845.81	-3.095	-3.1907	-1.9962	-1.6196	-1.6316	-1.5102	-1.5933	-1.4917	-1.4343	-1.4696	-1.4369	-1.3845	-1.358	-1.6513	-1.7018	-1.4396	-0.14847	0.75542	0.90841	0.9127	0.73132	0.52694	0.30602	0.1058	-0.064945	-0.1889	-0.35389	-0.65993	-1.2144	-1.5241	26.718
873.37	-2.0532	-1.929	-1.4121	-1.7684	-1.5937	-1.5754	-1.6422	-1.6552	-1.6144	-1.6021	-1.6074	-1.6137	-1.5248	-1.5473	-2.158	-1.4307	-0.30168	0.66579	0.86294	0.86928	0.73955	0.55377	0.32394	0.1621	0.023913	-0.1057	-0.23261	-0.47222	-0.91348	-1.1153	26.718
904.09	-1.3908	-1.3924	-1.7845	-1.362	-1.6778	-1.6453	-1.7252	-1.7142	-1.751	-1.7508	-1.7481	-1.8576	-1.7598	-1.7623	-1.884	-1.5057	-0.41854	0.63772	0.86445	0.90329	0.80009	0.61716	0.42117	0.29387	0.1386	0.032181	-0.075773	-0.25001	-0.55729	-0.68127	26.952
936.05	-1.0879	-1.1251	-1.2046	-1.3042	-1.7614	-1.6698	-1.7479	-1.798	-1.8698	-1.8287	-1.8191	-1.8621	-1.879	-1.896	-2.1897	-1.7101	-0.50083	0.60367	0.85061	0.96624	0.84092	0.66705	0.47273	0.37878	0.24238	0.11755	-0.011538	-0.18009	-0.47414	-0.60086	27.209
968.16	-0.99565	-0.94867	-1.0412	-1.3123	-1.6942	-1.6161	-1.7555	-1.8761	-1.8781	-1.8945	-1.8903	-1.8003	-1.8324	-1.9112	-2.1	-2.0325	-0.59974	0.55651	0.81633	0.96386	0.86165	0.70863	0.53791	0.40262	0.27719	0.16939	0.083596	-0.082928	-0.35349	-0.43972	27.425
1000.9	-0.78623	-0.81491	-0.88014	-1.2874	-1.703	-1.6584	-1.812	-1.9296	-1.9173	-1.9034	-1.893	-1.9319	-1.9097	-1.894	-2.015	-2.1096	-0.6919	0.53013	0.81018	0.9818	0.9033	0.73919	0.60005	0.45988	0.36389	0.23873	0.15922	0.0023944	-0.23584	-0.32588	27.621
1031.8	-0.58505	-0.73571	-0.98292	-1.3057	-1.5717	-1.7041	-1.8667	-1.9148	-1.9386	-1.8994	-1.9218	-2.0433	-2.0298	-2.0717	-1.9385	-1.9844	-0.76766	0.46649	0.78729	0.97245	0.92624	0.80897	0.64041	0.5233	0.4209	0.29985	0.20033	0.047144	-0.18551	-0.28154	27.731
1060.2	-0.58111	-0.74062	-1.0693	-1.2992	-1.6237	-1.8366	-1.8752	-1.9372	-1.9244	-1.9154	-1.9553	-1.8538	-1.8172	-2.0447	-1.8088	-2.2926	-0.86563	0.44317	0.75792	0.9961	0.94585	0.81268	0.66019	0.53386	0.41369	0.32858	0.22706	0.073641	-0.16312	-0.25017	27.932
1083.7	-0.6717	-0.75131	-1.049	-1.3863	-1.6961	-1.9998	-1.9065	-1.9405	-1.9155	-1.9453	-1.9302	-1.8723	-2.0453	-1.9307	-1.7392	-2.2871	-0.92888	0.38054	0.71849	0.976	0.91976	0.80967	0.65561	0.53785	0.42585	0.32976	0.24399	0.084977	-0.17095	-0.26669	28.054
1104.6	-0.71803	-0.70167	-1.0527	-1.5414	-1.7496	-2.06	-1.9709	-1.9287	-1.9221	-1.8982	-1.9305	-1.9231	-1.7718	-2.0447	-1.8108	-2.2872	-1.0167	0.32429	0.69426	0.97197	0.93809	0.81152	0.66364	0.54293	0.42296	0.34252	0.23134	0.0618	-0.19698	-0.29797	28.086
1124.6	-0.67485	-0.7394	-1.1184	-1.5795	-1.8822	-1.9751	-1.9024	-1.8467	-1.8207	-1.8243	-1.8191	-1.8182	-1.7538	-1.8738	-1.8079	-2.2322	-0.9945	0.32873	0.70145	0.97309	0.93082	0.83221	0.67323	0.54415	0.40143	0.30709	0.21669	0.059452	-0.19346	-0.31115	28.112
1141.9	-0.70951	-0.73708	-1.1592	-1.7309	-1.9914	-1.9539	-1.9482	-1.7945	-1.7439	-1.7149	-1.7335	-1.8185	-1.7005	-1.5674	-1.8383	-2.3102	-0.97542	0.32806	0.69211	0.96674	0.93003	0.80022	0.63403	0.51444	0.39661	0.30244	0.2147	0.062234	-0.17975	-0.30254	28.156
1151.8	-0.62116	-0.69553	-1.2783	-1.916	-2.0476	-1.9627	-1.7799	-1.7193	-1.6043	-1.6204	-1.5977	-1.6511	-1.7256	-1.7377	-1.8368	-2.1379	-0.94309	0.34662	0.69507	0.98752	0.94972	0.84139	0.64949	0.54194	0.4081	0.33367	0.22313	0.072649	-0.19023	-0.28187	28.191
1150.4	-0.90545	-0.97974	-1.5037	-2.188	-2.1736	-1.9624	-1.7069	-1.6455	-1.5408	-1.5244	-1.5392	-1.4599	-1.5687	-1.569	-1.6814	-1.8493	-0.87903	0.39273	0.70617	0.99434	0.94697	0.83559	0.69089	0.56261	0.43349	0.3354	0.21184	0.08127	-0.17576	-0.30936	28.127
1142.4	-0.77042	-0.79641	-1.4029	-2.2508	-2.2066	-1.8468	-1.6532	-1.5592	-1.4985	-1.4618	-1.4579	-1.3867	-1.513	-1.5138	-1.7365	-1.9321	-0.853	0.38399	0.72396	0.97896	0.93633	0.80407	0.6562	0.50754	0.39771	0.30758	0.21721	0.067118	-0.1716	-0.29982	28.136
1134.1	-0.69111	-0.76003	-1.5873	-2.3534	-2.3567	-1.989	-1.519	-1.5178	-1.435	-1.4227	-1.4175	-1.5368	-1.5508	-1.5115	-1.5455	-2.0447	-0.75516	0.42441	0.73568	0.98746	0.93642	0.82524	0.65299	0.51122	0.38798	0.28469	0.1666	0.016941	-0.21763	-0.32558	28.13
1127.8	-0.87261	-0.9775	-1.7864	-2.4347	-2.2815	-2.0089	-1.5927	-1.4325	-1.3341	-1.3421	-1.3427	-1.306	-1.3972	-1.3457	-1.481	-1.7023	-0.68195	0.43407	0.7372	0.95337	0.90936	0.77098	0.60994	0.47061	0.35972	0.24509	0.15048	-0.0016033	-0.24751	-0.38538	28.168
1119.6	-1.0552	-1.0041	-1.8543	-2.4351	-2.3436	-2.0134	-1.5052	-1.309	-1.2356	-1.2196	-1.1826	-1.1737	-1.2303	-0.9909	-1.153	-1.6721	-0.57748	0.48565	0.77014	0.97179	0.90926	0.76393	0.58484	0.43986	0.30231	0.21878	0.11855	-0.036662	-0.28919	-0.44131	28.112
1106.5	-1.0817	-1.0395	-1.9012	-2.4612	-2.3744	-2.0535	-1.4956	-1.3494	-1.1686	-1.1175	-1.0922	-1.1732	-1.2173	-1.2076	-1.2859	-1.5476	-0.52477	0.54035	0.79648	0.96597	0.89119	0.7258	0.57543	0.39936	0.25934	0.15499	0.03303	-0.11689	-0.36216	-0.46667	28.057
1083.3	-1.4146	-1.2424	-2.0565	-2.457	-2.3083	-2.0976	-1.4944	-1.2793	-1.0789	-1.0433	-0.99966	-1.0517	-1.1026	-0.94038	-1.2222	-1.3598	-0.4257	0.59438	0.81492	0.97343	0.89488	0.73261	0.53913	0.37823	0.20812	0.12095	-0.012703	-0.19961	-0.53332	-0.70165	27.958
1052.6	-1.7022	-1.4451	-1.9796	-2.437	-2.4334	-2.1057	-1.3749	-1.1695	-0.99512	-0.9712	-0.89488	-0.99179	-1.0623	-0.88158	-1.054	-1.1871	-0.31874	0.63353	0.87351	0.97753	0.8719	0.69536	0.49906	0.33539	0.15846	0.039034	-0.094603	-0.30927	-0.78573	-0.99457	27.848
1020.4	-2.7238	-2.358	-1.9535	-2.3295	-2.265	-2.0965	-1.3306	-1.1389	-0.97142	-0.87554	-0.89482	-0.80511	-1.1257	-0.89459	-1.1358	-1.1777	-0.22368	0.69857	0.89532	0.99587	0.87709	0.70491	0.50595	0.32645	0.14103	0.022636	-0.16429	-0.42341	-1.0141	-1.3463	27.775
988.77	-3.8349	-3.1439	-2.0175	-2.2015	-2.3819	-1.9693	-1.2477	-1.1335	-0.93514	-0.89701	-0.87362	-0.87906	-0.89943	-0.95378	-1.1554	-1.0378	-0.158	0.75411	0.95214	1.0067	0.88977	0.70186	0.49929	0.2997	0.11227	-0.0084744	-0.19349	-0.51207	-1.2489	-1.6644	27.708
958.17	-4.8909	-4.0531	-2.0419	-2.1351	-2.0152	-1.7392	-1.1942	-1.0545	-0.92794	-0.86849	-0.85189	-0.87397	-0.99183	-0.79487	-1.1751	-1.1042	-0.092684	0.79019	0.97948	1.0272	0.89916	0.69786	0.49167	0.29807	0.088979	-0.080704	-0.23981	-0.59424	-1.4157	-1.9176	27.734
921.99	-5.7144	-4.7479	-1.9343	-2.0573	-1.8579	-1.5065	-1.1769	-1.0892	-0.94028	-0.86938	-0.87979	-1.0461	-0.93149	-1.0229	-1.0423	-0.85325	-0.066407	0.84612	1.0116	1.0346	0.91633	0.70295	0.49627	0.30645	0.10799	-0.044853	-0.24923	-0.58564	-1.4045	-1.9026	27.746
880.63	-5.3586	-4.1896	-1.5849	-2.0291	-1.7417	-1.4207	-1.1323	-1.1491	-1.0231	-1.0218	-0.97705	-0.84267	-1.0272	-0.96789	-1.3348	-1.0202	-0.048648	0.83926	1.0341	1.0742	0.91971	0.73417	0.49906	0.29126	0.09844	-0.057174	-0.27437	-0.63861	-1.4512	-1.9026	27.711
837.04	-4.6729	-4.7418	-1.8963	-1.9603	-1.6649	-1.4182	-1.1516	-1.1705	-1.0605	-1.0173	-1.1253	-1.3611	-1.0989	-1.3434	-1.4831	-1.2831	-0.08047	0.90258	1.0827	1.1034	0.96216	0.71195	0.51066	0.26067	0.031787	-0.11924	-0.34169	-0.6953	-1.5599	-2.0052	27.72
796.79	-4.7102	-5.1249	-2.0921	-1.6909	-1.6556	-1.4362	-1.275	-1.1854	-1.0676	-1.0282	-1.2504	-1.4497	-1.5948	-1.5062	-1.558	-1.428	-0.092226	0.93993	1.1374	1.1591	0.98407	0.7757	0.5289	0.3046	0.090845	-0.098932	-0.3051	-0.68294	-1.5421	-1.9834	27.731
764.83	-4.444	-4.6895	-1.6125	-1.5962	-1.6917	-1.4684	-1.3773	-1.257	-1.2476	-1.265	-1.3004	-1.3649	-1.1229	-1.3319	-1.7525	-1.2581	-0.064026	0.98994	1.206	1.2389	1.0788	0.79777	0.55297	0.34137	0.11708	-0.073668	-0.29076	-0.6565	-1.4838	-1.9089	27.711
741.64	-3.3518	-3.4611	-1.9997	-1.6522	-1.5828	-1.4479	-1.6012	-1.4926	-1.5999	-1.5022	-1.3914	-1.4504	-1.5899	-1.4347	-1.8296	-1.4912	-0.12801	0.96556	1.2101	1.241	1.1084	0.86323	0.61898	0.38717	0.16704	0.0028493	-0.18813	-0.54854	-1.2459	-1.6039	27.708
726.59	-2.9318	-2.5739	-1.67	-1.5331	-1.5853	-1.6134	-1.6582	-1.6943	-1.6798	-1.6952	-1.5184	-1.7866	-1.7908	-1.5685	-1.8675	-1.544	-0.22134	0.97651	1.2432	1.2821	1.1084	0.9094	0.61522	0.40151	0.16065	0.00084648	-0.17167	-0.49818	-1.1594	-1.4551	27.711
717.77	-1.8081	-1.7377	-1.7097	-1.7763	-1.7461	-1.8551	-1.8012	-1.8325	-1.8386	-1.8394	-1.679	-1.6979	-2.0891	-1.6931	-2.2581	-1.7186	-0.37135	0.92447	1.1972	1.289	1.1284	0.89194	0.62278	0.3851	0.19451	0.044709	-0.10987	-0.37934	-0.8499	-1.0713	27.72
719.93	-1.9321	-1.6862	-1.8195	-1.6309	-1.6869	-1.9248	-1.9982	-1.9909	-2.0181	-1.9055	-1.983	-1.8032	-2.2736	-1.688	-2.2514	-1.8909	-0.53412	0.85786	1.1528	1.2275	1.0976	0.84534	0.62928	0.3882	0.18598	0.042494	-0.10132	-0.34512	-0.7875	-0.93604	27.702
731.54	-1.6956	-1.8931	-1.5938	-1.7409	-1.7225	-1.984	-2.209	-2.1457	-2.0447	-2.0779	-2.1048	-1.8831	-2.3209	-2.1159	-2.599	-2.3408	-0.67854	0.74774	1.0824	1.2429	1.0656	0.87947	0.63987	0.4365	0.25343	0.11149	-0.030945	-0.31282	-0.7182	-0.89071	27.699
754.31	-1.3459	-1.3328	-1.3425	-1.6723	-1.9617	-2.083	-2.2628	-2.1581	-2.1046	-2.0237	-2.2213	-1.9737	-2.4328	-2.473	-2.7173	-2.4606	-0.77181	0.70776	1.0303	1.2011	1.0677	0.87179	0.64051	0.46394	0.29698	0.15581	0.0033339	-0.23092	-0.64142	-0.81851	27.755
781.78	-0.93704	-0.90432	-1.3639	-1.7253	-1.8971	-2.1421	-2.2091	-2.2097	-2.0571	-2.0783	-2.0716	-1.9043	-2.2108	-2.0186	-2.3264	-2.3537	-0.79172	0.68289	1.0203	1.2059	1.1098	0.89982	0.69311	0.4986	0.31948	0.20594	0.06189	-0.14393	-0.46336	-0.59017	27.836
815.43	-1.0526	-0.95938	-1.163	-1.6799	-1.9701	-2.1121	-2.1515	-2.0809	-2.0103	-1.9807	-2.034	-2.0011	-1.6519	-1.8056	-2.3923	-2.2566	-0.8361	0.61243	0.96204	1.1796	1.0808	0.92863	0.71251	0.55319	0.37998	0.26362	0.14099	-0.081274	-0.38762	-0.52755	27.929
854.36	-1.0029	-1.0242	-1.11	-1.7461	-1.914	-1.9889	-2.0501	-2.0274	-2.0088	-1.8961	-1.8718	-1.8913	-2.2551	-1.8118	-2.4184	-2.2845	-0.84104	0.60374	0.92851	1.1614	1.0742	0.91779	0.71352	0.5495	0.38611	0.26564	0.13976	-0.044765	-0.37176	-0.51569	28.046
897.48	-0.98754	-0.98626	-1.1471	-1.8216	-1.9519	-1.9428	-1.905	-1.9658	-1.8249	-1.7906	-1.8008	-1.8005	-2.0277	-1.9774	-2.2103	-2.1214	-0.84331	0.56376	0.87572	1.1162	1.0514	0.88778	0.7044	0.53334	0.39624	0.28628	0.15448	-0.025438	-0.37105	-0.49753	28.176
939.45	-0.90706	-0.90211	-1.3079	-1.6472	-1.8683	-1.8245	-1.8291	-1.8274	-1.6977	-1.6798	-1.6679	-1.72	-1.856	-1.7281	-1.9711	-2.2985	-0.82521	0.5543	0.88344	1.1105	1.0351	0.88347	0.67614	0.53724	0.38768	0.27189	0.1523	-0.034742	-0.31515	-0.45158	28.22
978.58	-0.9184	-1.0762	-1.4153	-1.6752	-1.7833	-1.8103	-1.6749	-1.7371	-1.6313	-1.5912	-1.5578	-1.4889	-1.6259	-1.3191	-1.8249	-1.9456	-0.78595	0.52207	0.82863	1.0727	0.99682	0.86108	0.65834	0.52516	0.37218	0.26715	0.14168	-0.031922	-0.34816	-0.45478	28.269
1011.5	-0.92231	-1.047	-1.5314	-1.719	-1.7336	-1.7303	-1.6105	-1.5928	-1.5534	-1.4837	-1.487	-1.6447	-1.5428	-1.5453	-1.896	-1.9455	-0.73766	0.52457	0.80893	1.0409	0.95989	0.8362	0.63543	0.50353	0.35724	0.23771	0.12683	-0.036425	-0.34444	-0.44734	28.296
1039.2	-1.0321	-1.1193	-1.5376	-1.6339	-1.6255	-1.6193	-1.5119	-1.4883	-1.4251	-1.3852	-1.3182	-1.3408	-0.98785	-1.4749	-1.7025	-1.8167	-0.69142	0.52477	0.81555	1.0116	0.93862	0.77733	0.61846	0.48566	0.32155	0.23136	0.096388	-0.067815	-0.34413	-0.48257	28.29
1064	-1.0548	-1.1954	-1.5998	-1.6567	-1.5384	-1.523	-1.4442	-1.3831	-1.3363	-1.2727	-1.2683	-1.3395	-1.5097	-1.3269	-1.5543	-1.6994	-0.64364	0.54804	0.8007	0.99704	0.93105	0.78599	0.60972	0.45419	0.32213	0.21611	0.087191	-0.079408	-0.4041	-0.56072	28.281
1083	-0.99184	-1.2185	-1.6056	-1.5859	-1.4162	-1.3628	-1.3189	-1.2626	-1.2021	-1.1908	-1.1378	-1.0812	-1.2155	-1.2058	-1.6793	-1.7727	-0.58706	0.53841	0.7907	0.97509	0.91048	0.75028	0.58927	0.43348	0.29533	0.16803	0.059702	-0.14401	-0.50642	-0.65926	28.258
1097.6	-1.4993	-1.3013	-1.5298	-1.5265	-1.3466	-1.2625	-1.1805	-1.1453	-1.1241	-1.0928	-1.0779	-1.0524	-1.1716	-0.9694	-1.4316	-1.342	-0.47177	0.55967	0.80292	0.95633	0.87763	0.71294	0.5595	0.41236	0.25362	0.14258	0.025209	-0.17657	-0.58943	-0.77911	28.275
1105.6	-1.8382	-1.3783	-1.4314	-1.5058	-1.2833	-1.1523	-1.0832	-1.0233	-1.0036	-0.97412	-0.96252	-0.97292	-1.3148	-0.85295	-1.4659	-1.1735	-0.39074	0.59273	0.82362	0.9465	0.87126	0.72636	0.54863	0.41076	0.24272	0.12799	-0.0057543	-0.2564	-0.69651	-0.91055	28.284
1107.3	-1.7821	-1.8302	-1.3891	-1.4505	-1.263	-1.1269	-0.96692	-0.9609	-0.91919	-0.90862	-0.86136	-0.78493	-1.0373	-1.0292	-1.2254	-0.9843	-0.30436	0.61703	0.83297	0.93496	0.84936	0.69526	0.52468	0.36723	0.21522	0.080419	-0.061865	-0.32942	-0.80525	-1.0595	28.272
1105	-2.3297	-2.2718	-1.173	-1.3718	-1.2672	-1.101	-0.92587	-0.89775	-0.84212	-0.82161	-0.78479	-0.93036	-0.95666	-0.94924	-1.2279	-1.1597	-0.201	0.66884	0.84268	0.93404	0.82916	0.65808	0.48764	0.32779	0.15612	0.02633	-0.10752	-0.35928	-0.91141	-1.211	28.293
1098.7	-2.6767	-2.422	-1.3457	-1.3359	-1.2376	-1.0565	-0.89707	-0.81367	-0.78099	-0.76769	-0.69966	-0.6899	-1.0038	-0.87213	-1.16	-0.9049	-0.14777	0.66523	0.82351	0.91037	0.80353	0.63309	0.46579	0.31295	0.14921	0.01966	-0.13912	-0.39196	-0.96009	-1.2477	28.313
1087.7	-2.7808	-2.7248	-1.341	-1.1598	-1.2408	-1.0446	-0.8637	-0.77962	-0.76711	-0.73397	-0.66926	-0.79911	-0.74751	-0.74192	-0.98969	-0.69392	-0.092918	0.68855	0.85745	0.90489	0.7907	0.63366	0.44835	0.28371	0.10995	0.0088333	-0.15412	-0.42556	-0.9712	-1.2712	28.243
1072	-2.6852	-2.6376	-1.4377	-1.0868	-1.1864	-1.0537	-0.88168	-0.78243	-0.76175	-0.77624	-0.72497	-0.87004	-0.82956	-0.69634	-1.158	-0.85293	-0.06283	0.68634	0.85902	0.89577	0.76824	0.59276	0.41697	0.2364	0.090203	-0.04277	-0.1757	-0.43307	-0.99973	-1.2842	28.188
1053	-2.6571	-2.4762	-1.4972	-1.2137	-1.1661	-1.0728	-0.89078	-0.81549	-0.78957	-0.79334	-0.72356	-0.79526	-0.83007	-0.83816	-1.1163	-0.85321	-0.06542	0.69096	0.84529	0.87559	0.77059	0.60047	0.41879	0.24649	0.094551	-0.042121	-0.19714	-0.45688	-0.99881	-1.2849	28.171
1029.3	-2.48	-2.3545	-1.3992	-1.0881	-1.1815	-1.0895	-0.92812	-0.93402	-0.83508	-0.82414	-0.77818	-0.7827	-0.701	-0.73995	-1.0298	-0.77982	-0.062463	0.71805	0.85622	0.86941	0.75884	0.58665	0.41528	0.24175	0.081441	-0.040178	-0.19881	-0.44698	-0.98295	-1.2582	28.136
1002.1	-2.2992	-1.9008	-1.2215	-1.0214	-1.2455	-1.1452	-0.97773	-1.0541	-0.87985	-0.89148	-0.88061	-0.94659	-0.90265	-0.86562	-1.1894	-0.78501	-0.11461	0.70637	0.84282	0.8611	0.7703	0.59939	0.41902	0.25289	0.076511	-0.035284	-0.17762	-0.43392	-0.91589	-1.1662	28.115
970.5	-1.8125	-1.5897	-1.2787	-1.1044	-1.1068	-1.1944	-1.0943	-1.0995	-1.0046	-0.97698	-0.97406	-0.86286	-0.93207	-1.0185	-1.3642	-1.0408	-0.13729	0.73448	0.89297	0.93358	0.8095	0.62545	0.4575	0.28166	0.12322	-0.0055452	-0.16206	-0.41196	-0.87756	-1.0817	28.124
935.2	-1.5854	-1.4282	-1.037	-1.1348	-1.1287	-1.1623	-1.1865	-1.1869	-1.1153	-1.1	-1.0635	-1.2012	-0.80416	-1.0408	-1.4686	-1.1143	-0.20473	0.71657	0.91413	0.97224	0.8498	0.67781	0.47799	0.31687	0.16153	0.035919	-0.13496	-0.35709	-0.75434	-0.90967	28.142
898.76	-1.2851	-1.167	-0.8284	-1.0568	-1.261	-1.2843	-1.2892	-1.2316	-1.2099	-1.1894	-1.1293	-1.1439	-0.76886	-1.268	-1.5281	-1.2838	-0.24884	0.7584	0.96751	1.0347	0.93157	0.75631	0.55097	0.37404	0.19991	0.090743	-0.056467	-0.26241	-0.61882	-0.7531	28.092
863.12	-1.0395	-0.9198	-1.0242	-1.1075	-1.3444	-1.4476	-1.3658	-1.3553	-1.3284	-1.3206	-1.3038	-1.3015	-1.2248	-1.5481	-1.6485	-1.4847	-0.32302	0.79352	1.0296	1.144	1.0017	0.80953	0.60338	0.43209	0.2844	0.15701	-0.002228	-0.19206	-0.5142	-0.6017	28.051
831.69	-0.80799	-0.97894	-1.1052	-1.267	-1.3057	-1.4214	-1.5198	-1.4783	-1.4765	-1.4364	-1.4368	-1.5608	-1.5278	-1.6066	-2.0083	-1.5216	-0.42181	0.79982	1.0649	1.1815	1.0724	0.86293	0.66238	0.48158	0.33127	0.22422	0.08664	-0.10328	-0.43185	-0.54403	28.11
803.43	-0.70111	-0.72851	-1.2185	-1.2797	-1.4232	-1.6859	-1.6109	-1.6123	-1.5855	-1.531	-1.5465	-1.6751	-2.0562	-1.4185	-2.1611	-1.7738	-0.4767	0.85043	1.1225	1.2548	1.1423	0.94643	0.72315	0.52521	0.38921	0.25822	0.12652	-0.072022	-0.36659	-0.46144	28.142
779	-0.58555	-0.55983	-1.2272	-1.3585	-1.7043	-1.8315	-1.7911	-1.718	-1.6542	-1.6473	-1.6452	-1.7276	-1.827	-1.7541	-2.2712	-1.7885	-0.55656	0.86235	1.1577	1.3147	1.2054	1.0106	0.77676	0.60267	0.41795	0.29134	0.15138	-0.034703	-0.3366	-0.4702	28.162
759.68	-0.8764	-0.84483	-1.325	-1.4921	-1.8032	-1.9278	-1.848	-1.8383	-1.7508	-1.7189	-1.7049	-1.8133	-1.9538	-1.7788	-2.4158	-2.1071	-0.6171	0.82593	1.1755	1.3523	1.2381	1.028	0.79849	0.62	0.43046	0.33821	0.17665	-0.031896	-0.34111	-0.4489	28.13
746.8	-0.81666	-0.91953	-1.6002	-1.8162	-1.9113	-1.9984	-1.9321	-1.9275	-1.8345	-1.8025	-1.6865	-1.9297	-2.2939	-1.7285	-2.3691	-2.2289	-0.67083	0.8182	1.1664	1.3778	1.2574	1.0627	0.82637	0.62455	0.43597	0.32999	0.17376	-0.032446	-0.34081	-0.46858	28.118
741.86	-0.77396	-1.1053	-1.6521	-2.0109	-2.047	-1.994	-1.9663	-1.9837	-1.8407	-1.8405	-1.8557	-1.7499	-1.7129	-1.5973	-2.3405	-2.1362	-0.69802	0.81922	1.1721	1.3741	1.2494	1.0484	0.82782	0.64523	0.46394	0.32007	0.18688	-0.045884	-0.34723	-0.47972	28.075
746.37	-0.97942	-1.1025	-1.7161	-2.0673	-2.0935	-2.1118	-1.9332	-1.9265	-1.8435	-1.7776	-1.7899	-1.6328	-1.6412	-1.6687	-2.0611	-1.9522	-0.68148	0.84067	1.1631	1.3743	1.2703	1.0548	0.80265	0.61259	0.44964	0.3101	0.15602	-0.079406	-0.33894	-0.47483	28.136
755.82	-1.1973	-1.2363	-1.7757	-2.1172	-2.0316	-2.1331	-1.8231	-1.8578	-1.7637	-1.7127	-1.6866	-1.4863	-1.9032	-1.8079	-2.3845	-1.9489	-0.66283	0.79757	1.1175	1.3276	1.2363	1.0228	0.78863	0.57857	0.37967	0.25863	0.111	-0.11735	-0.46299	-0.60848	28.101
771.7	-1.388	-1.4549	-1.896	-2.0424	-2.0007	-1.9573	-1.8398	-1.7104	-1.6622	-1.619	-1.6519	-1.8674	-1.9431	-1.6727	-2.0789	-1.9708	-0.59954	0.79605	1.123	1.3106	1.203	0.99765	0.77434	0.58454	0.38483	0.24942	0.089539	-0.13128	-0.50731	-0.67298	28.104
788.65	-1.5157	-1.633	-1.8281	-1.8878	-1.9513	-1.8174	-1.6796	-1.6231	-1.5477	-1.5495	-1.498	-1.5654	-2.0368	-1.5793	-1.8879	-1.7059	-0.57112	0.78103	1.1249	1.3087	1.181	1.0083	0.76152	0.57003	0.382	0.22885	0.08574	-0.18355	-0.59594	-0.78288	28.127
807.93	-1.6948	-1.5886	-1.847	-1.7905	-1.7855	-1.7273	-1.627	-1.554	-1.5181	-1.4647	-1.4328	-1.4101	-1.535	-1.6164	-1.6182	-1.8627	-0.51387	0.79896	1.0944	1.2597	1.1622	0.93725	0.70049	0.52039	0.32154	0.19556	0.047066	-0.21906	-0.63886	-0.85064	28.115
828.06	-1.5242	-1.3401	-1.6893	-1.8325	-1.6931	-1.5981	-1.5143	-1.4682	-1.4043	-1.4349	-1.3795	-1.2991	-1.5345	-1.2119	-1.798	-1.8174	-0.42737	0.79342	1.0802	1.2195	1.1175	0.91447	0.70892	0.48739	0.26881	0.15461	0.011971	-0.26789	-0.72928	-0.96097	28.121
848.37	-1.6323	-1.4873	-1.4772	-1.6697	-1.5669	-1.525	-1.4066	-1.3698	-1.3358	-1.3474	-1.3125	-1.5489	-1.318	-1.3255	-1.5216	-1.661	-0.39184	0.7899	1.0665	1.2147	1.0836	0.87766	0.64935	0.45766	0.26068	0.1403	-0.021451	-0.30112	-0.77712	-1.0168	28.136
866.11	-1.7387	-1.6642	-1.3214	-1.6199	-1.5173	-1.3876	-1.2779	-1.2958	-1.2504	-1.2435	-1.2444	-1.3337	-1.2558	-1.4206	-1.1857	-1.5164	-0.29714	0.79078	1.0531	1.1696	1.0649	0.85056	0.64648	0.43944	0.25204	0.12012	-0.036386	-0.31923	-0.82518	-1.0543	28.165
882.76	-1.7552	-1.705	-1.444	-1.5569	-1.4293	-1.3763	-1.2243	-1.2175	-1.1681	-1.1854	-1.1478	-1.1466	-1.1975	-1.1368	-1.2755	-1.2528	-0.2464	0.7926	1.0316	1.1294	1.0138	0.82555	0.59848	0.40512	0.20839	0.066917	-0.080958	-0.34496	-0.8532	-1.1186	28.15
895.56	-2.1185	-1.7308	-1.5431	-1.5044	-1.4542	-1.3402	-1.202	-1.1625	-1.1184	-1.1109	-1.1087	-0.9528	-1.2315	-1.2219	-1.2757	-1.3062	-0.1984	0.79961	1.025	1.1204	1.0027	0.80139	0.61177	0.39077	0.21819	0.072657	-0.091364	-0.36663	-0.88397	-1.1109	28.174
906.22	-1.8897	-1.6193	-1.339	-1.49	-1.3289	-1.2719	-1.1353	-1.1251	-1.0889	-1.0836	-1.0731	-1.0643	-1.2339	-1.1074	-1.1515	-1.0971	-0.1521	0.79926	1.0194	1.0931	0.97417	0.77975	0.56803	0.37434	0.19353	0.060222	-0.10498	-0.36077	-0.86508	-1.106	28.124
917.52	-1.9239	-1.6373	-1.3008	-1.3847	-1.3273	-1.2437	-1.1198	-1.0929	-1.0529	-1.065	-1.0211	-1.1032	-0.9194	-1.0278	-1.2092	-1.0488	-0.12852	0.79121	0.9957	1.0536	0.95887	0.76498	0.54463	0.3714	0.16776	0.04478	-0.098854	-0.35327	-0.8192	-1.0568	28.124
928.81	-1.5913	-1.4739	-1.3213	-1.329	-1.302	-1.2144	-1.1388	-1.106	-1.0337	-1.0312	-0.98853	-0.86738	-1.056	-0.99907	-1.0702	-1.2422	-0.12861	0.80457	0.97096	1.0305	0.90961	0.72674	0.54773	0.35534	0.2073	0.04262	-0.10721	-0.34898	-0.77445	-1.0055	28.121
939.67	-1.3332	-1.3305	-1.3614	-1.3521	-1.2672	-1.162	-1.1671	-1.0704	-1.0061	-1.0193	-0.98795	-0.99262	-1.0763	-1.0036	-0.89984	-0.99007	-0.11245	0.78479	0.95662	1.0169	0.8991	0.69983	0.51737	0.34471	0.16685	0.053295	-0.096524	-0.33152	-0.72783	-0.89269	28.179
950.3	-1.3118	-1.3064	-1.2736	-1.291	-1.1854	-1.1265	-1.0736	-1.0681	-0.98078	-0.99774	-0.95187	-0.98151	-0.91978	-1.0083	-1.2543	-1.0294	-0.10474	0.77082	0.95054	0.99709	0.89063	0.72361	0.52742	0.35052	0.18003	0.059008	-0.089215	-0.32044	-0.70024	-0.87644	28.142
962.21	-1.2746	-1.215	-1.2579	-1.178	-1.0707	-1.0887	-1.0573	-1.0596	-0.97479	-0.96363	-0.99304	-1.0189	-1.1303	-0.99582	-1.0502	-1.0996	-0.11459	0.7681	0.94335	0.98309	0.86224	0.67521	0.50994	0.35415	0.17335	0.055161	-0.092724	-0.28152	-0.60361	-0.76212	28.139
977.73	-1.186	-1.1513	-1.1784	-1.1424	-1.109	-1.0664	-1.0494	-1.0381	-1.0002	-1.006	-0.99118	-1.1327	-1.1436	-1.0419	-1.1179	-1.3433	-0.12844	0.73912	0.91338	0.96096	0.85012	0.68067	0.49261	0.33913	0.16182	0.078815	-0.073094	-0.26559	-0.58458	-0.72267	28.159
993.44	-1.0625	-1.1593	-1.0996	-1.088	-1.088	-1.0544	-1.0197	-1.0572	-1.0276	-1.0274	-1.0029	-1.0348	-1.0181	-1.1015	-1.3659	-1.1293	-0.12024	0.72082	0.90188	0.95701	0.84584	0.68105	0.48785	0.35227	0.19814	0.080587	-0.04215	-0.23035	-0.53815	-0.67833	28.15
1007.2	-0.94469	-1.0255	-1.0237	-0.99085	-1.0446	-1.0628	-1.0243	-1.0503	-1.034	-1.0357	-1.0414	-1.1942	-1.095	-1.2515	-1.167	-1.193	-0.15358	0.69465	0.88371	0.95024	0.83426	0.66073	0.50509	0.3444	0.18548	0.077994	-0.031288	-0.18824	-0.49717	-0.59085	28.159
1019.5	-0.81601	-0.87672	-0.91061	-1.0188	-1.0237	-1.0709	-1.0332	-1.0497	-1.0419	-1.0738	-1.0438	-0.99277	-1.1865	-1.3106	-1.1529	-1.163	-0.16525	0.69593	0.87592	0.93408	0.81228	0.66517	0.50638	0.35528	0.21411	0.10058	0.0010161	-0.17359	-0.44135	-0.53271	28.144
1028	-0.86819	-0.90471	-0.91652	-1.0001	-1.0432	-1.0829	-1.0345	-1.0723	-1.0635	-1.0853	-1.0517	-1	-1.1173	-1.1233	-1.1595	-1.0758	-0.18327	0.68221	0.87869	0.94966	0.83956	0.68891	0.51831	0.36576	0.21374	0.13328	0.013961	-0.13399	-0.3928	-0.50808	28.144
1033.5	-0.90864	-0.92231	-0.90867	-0.99477	-1.0638	-1.0501	-1.0443	-1.0636	-1.0579	-1.053	-1.0182	-0.97933	-0.93429	-1.1173	-1.1054	-1.1009	-0.15412	0.71034	0.89104	0.9585	0.85271	0.70054	0.53011	0.40087	0.26243	0.13982	0.046815	-0.12514	-0.41602	-0.52837	28.127
1038	-0.86734	-0.85277	-0.95791	-1.0297	-1.0365	-1.0614	-1.083	-1.0842	-1.0248	-1.0221	-0.98928	-0.99045	-1.0625	-0.98141	-1.1801	-1.0347	-0.18446	0.67408	0.88298	0.959	0.85345	0.69601	0.52059	0.3903	0.23787	0.13922	0.025232	-0.12595	-0.38903	-0.51036	28.127
1037.1	-0.87704	-0.91492	-0.99859	-1.0566	-1.0781	-1.0559	-1.088	-1.1013	-1.0228	-1.0183	-0.99173	-1.0985	-1.0193	-0.96762	-1.1334	-1.1125	-0.19052	0.67463	0.89219	0.95517	0.86293	0.71031	0.53117	0.39653	0.26151	0.15524	0.046652	-0.13417	-0.38341	-0.48356	28.124
1032.3	-0.87817	-0.92205	-0.99588	-1.0602	-1.1143	-1.1118	-1.089	-1.0664	-1.0319	-1.0309	-1.0277	-1.0421	-0.97977	-0.78177	-1.0588	-1.1023	-0.19736	0.70008	0.90492	0.97978	0.88025	0.71979	0.56139	0.4177	0.26968	0.16032	0.046873	-0.109	-0.36435	-0.47144	28.15
1023.1	-0.84804	-0.92318	-1.0122	-1.1123	-1.1374	-1.0976	-1.0705	-1.0549	-1.0238	-1.0117	-0.99698	-1.1135	-0.88412	-0.95131	-1.0844	-1.0497	-0.18414	0.70953	0.92589	0.99787	0.89996	0.72774	0.55609	0.4289	0.29445	0.19545	0.055966	-0.1045	-0.37512	-0.50033	28.133
1011.3	-0.83036	-0.85524	-1.0635	-1.0777	-1.1173	-1.1398	-1.0616	-1.0582	-1.008	-0.99654	-1.0003	-1.048	-0.98502	-1.1419	-1.0155	-1.0305	-0.19085	0.69189	0.915	1.0048	0.92104	0.73941	0.57006	0.41121	0.28235	0.17551	0.044918	-0.13067	-0.41757	-0.49592	28.147
998.75	-0.94339	-0.98054	-1.0876	-1.0927	-1.1516	-1.1705	-1.0793	-1.0868	-1.0384	-1.0219	-1.0077	-0.99752	-1.1806	-1.0351	-1.0613	-1.2511	-0.19938	0.70549	0.91325	1.0015	0.90065	0.77085	0.55912	0.41176	0.25724	0.14769	0.01437	-0.16598	-0.44438	-0.56611	28.118
985.16	-1.0163	-1.0543	-1.1337	-1.1506	-1.1178	-1.165	-1.0927	-1.0832	-1.0272	-1.0311	-1.032	-1.2532	-1.0266	-1.2028	-1.1094	-1.236	-0.1648	0.72188	0.92585	0.99907	0.90537	0.73975	0.55766	0.40811	0.2332	0.13756	0.0055577	-0.18392	-0.50987	-0.61917	28.197
967.74	-1.0426	-1.0958	-1.1604	-1.1464	-1.1676	-1.1367	-1.0721	-1.0631	-1.0457	-1.0197	-1.0312	-1.1116	-0.93473	-1.0214	-1.1124	-1.1263	-0.17093	0.74336	0.95464	1.0319	0.92009	0.75306	0.54748	0.40279	0.22262	0.12455	-0.0035152	-0.21909	-0.527	-0.6641	28.171
949.67	-1.1246	-1.1182	-1.1938	-1.2126	-1.1542	-1.1463	-1.0773	-1.0575	-1.0438	-1.0425	-1.0258	-1.1495	-1.1614	-1.1841	-1.3941	-1.1141	-0.16128	0.77479	0.96199	1.0314	0.91362	0.75407	0.57058	0.38303	0.21781	0.11745	-0.033185	-0.23654	-0.59051	-0.74715	28.139
931.58	-1.1631	-1.1741	-1.2104	-1.199	-1.1857	-1.1668	-1.106	-1.0879	-1.0497	-1.0368	-1.0366	-1.0353	-1.1511	-0.93119	-1.1024	-1.1357	-0.1348	0.80041	0.99957	1.0565	0.91995	0.72967	0.56873	0.37402	0.21744	0.10685	-0.04336	-0.24113	-0.57389	-0.73933	28.176
915.6	-1.1919	-1.1787	-1.2366	-1.2018	-1.1824	-1.1495	-1.0764	-1.0751	-1.026	-1.025	-0.98239	-0.89725	-0.92132	-1.03	-1.1397	-1.1381	-0.10369	0.82693	1.0058	1.0628	0.9559	0.77176	0.54741	0.38891	0.21654	0.087438	-0.053813	-0.27289	-0.61416	-0.76197	28.118
902.39	-1.1938	-1.1462	-1.185	-1.2244	-1.1866	-1.1663	-1.1034	-1.0654	-1.0427	-1.0257	-1.0005	-0.9808	-0.96862	-1.2462	-1.3574	-1.031	-0.08483	0.8354	1.0222	1.0713	0.93961	0.76028	0.55376	0.37253	0.21813	0.092039	-0.048042	-0.26291	-0.64021	-0.80771	28.127
886.6	-1.2116	-1.2059	-1.2061	-1.2598	-1.202	-1.1871	-1.0872	-1.1016	-1.0145	-1.0186	-1.0184	-1.3029	-1.1407	-1.2683	-1.2142	-1.3194	-0.10189	0.80769	1.0139	1.0687	0.93749	0.72031	0.53985	0.38089	0.19458	0.046341	-0.12066	-0.33714	-0.68112	-0.84555	28.121
871.87	-1.257	-1.2412	-1.2441	-1.2638	-1.201	-1.209	-1.0874	-1.0939	-1.0469	-1.0191	-1.0628	-1.1973	-1.0375	-1.2551	-1.2158	-1.0121	-0.11592	0.83639	1.026	1.0849	0.96378	0.75243	0.5317	0.35745	0.17654	0.035088	-0.11591	-0.33158	-0.70851	-0.86836	28.153
857.56	-1.2979	-1.1977	-1.2327	-1.2586	-1.2604	-1.2024	-1.0921	-1.1014	-1.0541	-1.0906	-1.0687	-1.0321	-1.0904	-1.2231	-1.1591	-1.1593	-0.083905	0.86567	1.0499	1.1086	0.96569	0.75392	0.55462	0.35449	0.18282	0.063639	-0.11957	-0.33548	-0.72034	-0.85512	28.176
847.09	-1.1874	-1.1903	-1.2063	-1.1799	-1.2042	-1.1494	-1.0954	-1.1078	-1.0915	-1.1079	-1.0699	-1.2324	-1.2119	-1.0419	-1.2708	-0.94755	-0.088559	0.8473	1.0698	1.0865	0.95253	0.75577	0.52771	0.35887	0.16482	0.02019	-0.11406	-0.33963	-0.69109	-0.84815	28.107
839.39	-1.1391	-1.127	-1.1791	-1.2123	-1.1891	-1.1639	-1.1209	-1.1398	-1.0663	-1.0893	-1.0756	-1.2437	-1.1504	-1.0875	-1.3414	-1.2414	-0.078418	0.86289	1.0604	1.0908	0.96127	0.75893	0.52358	0.34756	0.16292	0.034661	-0.11687	-0.33106	-0.68826	-0.81698	28.115
832.55	-1.0888	-1.0545	-1.0213	-1.1987	-1.2232	-1.205	-1.0989	-1.1621	-1.1266	-1.1253	-1.0906	-1.0822	-1.2331	-1.0964	-1.2732	-1.2133	-0.097467	0.84829	1.0568	1.0864	0.971	0.77657	0.56224	0.35409	0.20378	0.05475	-0.10006	-0.3119	-0.64585	-0.77908	28.188
826.34	-1.1101	-1.1255	-1.0493	-1.1914	-1.1997	-1.1822	-1.1246	-1.1634	-1.1315	-1.1552	-1.107	-0.95571	-1.2054	-0.90338	-1.3027	-1.2224	-0.074093	0.8785	1.0772	1.1235	0.9691	0.77857	0.56828	0.3549	0.18281	0.069673	-0.090064	-0.27354	-0.61159	-0.74896	28.153
825.06	-1.0253	-1.0447	-1.0658	-1.2115	-1.1708	-1.1861	-1.1211	-1.1578	-1.1225	-1.1492	-1.1108	-1.092	-1.1519	-1.0331	-1.3647	-1.0115	-0.076066	0.85997	1.0682	1.104	0.95772	0.7932	0.56552	0.38888	0.21257	0.087949	-0.059719	-0.26547	-0.58269	-0.6997	28.13
825.27	-0.95728	-1.0375	-1.1064	-1.2421	-1.193	-1.2057	-1.1733	-1.1779	-1.1921	-1.145	-1.1558	-0.95695	-1.207	-1.1611	-1.3444	-1.1467	-0.12618	0.86771	1.0679	1.1133	0.96667	0.7815	0.58544	0.36278	0.20731	0.078845	-0.050739	-0.27729	-0.5583	-0.67971	28.188
829.34	-0.96195	-0.96774	-1.0751	-1.1671	-1.1851	-1.2116	-1.1606	-1.1721	-1.131	-1.1394	-1.1337	-0.99057	-1.1459	-1.2465	-1.4571	-1.295	-0.11632	0.85356	1.0627	1.131	0.97475	0.78911	0.57894	0.38133	0.20802	0.087495	-0.055841	-0.24551	-0.54257	-0.65667	28.179
839.39	-0.95968	-0.98376	-1.0805	-1.1531	-1.1991	-1.1971	-1.1243	-1.1471	-1.1544	-1.1507	-1.1444	-1.0355	-1.0413	-0.99741	-1.3021	-0.9182	-0.15326	0.86876	1.0447	1.0832	0.95946	0.77966	0.56124	0.38771	0.20723	0.091803	-0.065748	-0.25259	-0.53424	-0.63818	28.156
852.43	-0.85209	-0.92283	-1.046	-1.1337	-1.1867	-1.1807	-1.1054	-1.1584	-1.1159	-1.1274	-1.1229	-0.88919	-1.2222	-1.0886	-1.2435	-1.185	-0.14193	0.8208	1.0149	1.0797	0.94478	0.75845	0.54206	0.371	0.21749	0.07809	-0.038707	-0.22406	-0.49537	-0.57089	28.159
867.39	-0.875	-0.86183	-0.98732	-1.1055	-1.1098	-1.2096	-1.103	-1.1366	-1.0933	-1.0875	-1.082	-1.1303	-0.90219	-1.2616	-1.146	-1.1646	-0.17128	0.80286	1.0025	1.0685	0.95475	0.7472	0.54139	0.3964	0.21209	0.11476	-0.002217	-0.20566	-0.45134	-0.5422	28.171
883.83	-0.87278	-0.85236	-0.97589	-1.0849	-1.0471	-1.0942	-1.0825	-1.0704	-1.0194	-1.0254	-1.0139	-1.0014	-0.81636	-0.9986	-0.93801	-0.96233	-0.097012	0.84365	1.0386	1.0829	0.95246	0.7673	0.58072	0.41156	0.2486	0.1262	0.0061949	-0.16854	-0.43947	-0.53716	28.179
902.81	-0.8355	-0.87936	-0.97064	-1.0337	-1.0513	-1.0512	-0.98305	-1.0275	-1.0029	-1.0074	-1.0019	-1.0859	-0.93438	-0.9776	-1.2654	-1.0658	-0.089881	0.80955	1.0087	1.0531	0.94926	0.77744	0.57184	0.41139	0.24655	0.1501	0.0077026	-0.19759	-0.44045	-0.54397	28.139
923.91	-0.89879	-0.8828	-0.98828	-1.033	-1.0602	-1.0769	-1.0215	-1.0323	-0.98958	-0.97742	-0.98826	-0.90638	-1.2102	-1.168	-1.2544	-1.1624	-0.076219	0.79284	0.96976	1.01	0.87827	0.72032	0.5376	0.36883	0.2115	0.083405	-0.051726	-0.20066	-0.47371	-0.57819	28.153
945.2	-0.84568	-0.87364	-1.0147	-1.0001	-1.0542	-1.0735	-1.0015	-1.0155	-0.93129	-0.93325	-0.96061	-0.98681	-0.92475	-0.98174	-1.0691	-1.0349	-0.056671	0.77846	0.97585	1.0194	0.88098	0.72417	0.5462	0.3816	0.2249	0.12434	-0.02395	-0.1917	-0.45327	-0.56832	28.214
961.79	-0.85532	-0.84954	-0.99397	-1.0111	-0.96923	-1.0277	-0.96926	-0.94063	-0.9183	-0.92553	-0.90166	-0.93675	-0.8295	-0.91766	-0.96488	-1.0503	-0.054101	0.77186	0.94377	0.99182	0.88789	0.71004	0.53052	0.34953	0.21507	0.10038	-0.035845	-0.1913	-0.46305	-0.5477	28.191
974.11	-0.86362	-0.88786	-0.95779	-0.99981	-0.9986	-0.98436	-0.94219	-0.89727	-0.87326	-0.90059	-0.87282	-1.0064	-0.88165	-0.82843	-0.98655	-0.87313	-0.036115	0.76714	0.94538	0.97599	0.84703	0.71729	0.51144	0.34038	0.19913	0.079107	-0.030834	-0.21478	-0.46825	-0.57585	28.179
982.4	-0.88321	-0.90838	-0.95907	-0.97145	-0.97298	-0.97606	-0.90781	-0.90842	-0.86741	-0.86184	-0.88274	-0.99796	-0.98291	-0.97536	-0.89427	-0.91453	-0.056085	0.7707	0.92994	0.98726	0.85999	0.69997	0.50406	0.33907	0.19308	0.087595	-0.050154	-0.21582	-0.4972	-0.5952	28.197
988.98	-0.9056	-0.90527	-0.931	-0.98478	-0.94599	-0.95462	-0.89739	-0.89617	-0.83171	-0.82352	-0.83394	-0.8146	-0.91466	-0.923	-0.70486	-0.98912	-0.043318	0.77387	0.92523	0.96616	0.85273	0.66813	0.4931	0.33992	0.18167	0.090043	-0.048322	-0.24131	-0.53124	-0.63631	28.168
994.08	-0.94626	-0.93706	-0.9401	-0.9661	-0.92075	-0.94147	-0.90876	-0.85304	-0.85126	-0.83226	-0.82625	-0.61864	-0.71049	-0.85743	-0.96674	-0.72716	-0.023058	0.76	0.93525	0.95639	0.86822	0.6997	0.49057	0.32893	0.18074	0.086566	-0.04361	-0.2443	-0.53162	-0.64351	28.136
994.29	-0.93981	-0.9456	-0.93065	-0.89776	-0.92225	-0.92146	-0.87664	-0.85903	-0.82132	-0.83371	-0.8329	-0.73036	-0.83308	-0.79642	-0.96653	-0.82333	-0.012266	0.73672	0.938	0.9594	0.8329	0.68524	0.49046	0.34427	0.1807	0.060919	-0.056995	-0.22451	-0.5346	-0.6374	28.144
989.62	-0.96464	-0.99543	-0.93969	-0.94459	-0.91465	-0.92249	-0.87495	-0.88011	-0.82818	-0.83439	-0.82825	-0.8462	-0.97574	-0.93767	-0.93774	-0.69818	-0.021615	0.77171	0.93353	0.97522	0.85064	0.68687	0.50495	0.34279	0.20179	0.082412	-0.042312	-0.22841	-0.52934	-0.65843	28.185
980.7	-0.95283	-0.95574	-0.93417	-0.93323	-0.92814	-0.94427	-0.92115	-0.9053	-0.83421	-0.84197	-0.83925	-0.72429	-0.78239	-0.82286	-0.92946	-0.81846	6.3546e-005	0.77371	0.94501	0.96618	0.85064	0.69312	0.50033	0.33966	0.18175	0.075519	-0.057785	-0.2362	-0.53416	-0.6629	28.159
967.1	-0.95981	-0.95121	-0.93147	-0.92144	-0.89226	-0.93888	-0.92068	-0.88951	-0.81381	-0.82216	-0.81769	-0.91517	-0.96691	-0.89699	-0.87431	-0.82997	0.0064014	0.79308	0.95223	0.96327	0.83904	0.6767	0.50892	0.32384	0.18726	0.076581	-0.061657	-0.23807	-0.5369	-0.663	28.194
952.86	-0.98557	-0.96239	-0.95022	-0.97155	-0.98541	-0.99082	-0.9617	-0.96392	-0.88654	-0.85812	-0.84773	-1.0622	-0.98137	-1.0532	-1.0086	-0.89261	-0.012799	0.79115	0.9403	0.97432	0.87709	0.69014	0.50705	0.32225	0.17955	0.060422	-0.067238	-0.26957	-0.54977	-0.68227	28.133
937.54	-0.98511	-0.91786	-0.95757	-1.0195	-0.98349	-0.99125	-0.97433	-0.95679	-0.89944	-0.86871	-0.8634	-1.0118	-1.1113	-1.0543	-1.201	-0.95829	0.0016999	0.80408	0.97131	0.99705	0.87684	0.70985	0.49767	0.36184	0.19164	0.078996	-0.043084	-0.22465	-0.52756	-0.6316	28.197
924.55	-0.93848	-0.91822	-0.95611	-1.0257	-1.001	-1.0531	-1.0192	-0.99177	-0.93928	-0.91402	-0.91961	-1.0432	-1.0609	-0.90555	-1.1286	-1.0408	-0.029764	0.81182	0.97702	1.0041	0.88916	0.72153	0.547	0.36858	0.2129	0.091454	-0.04689	-0.21417	-0.51	-0.61958	28.176
912.62	-0.89289	-0.96673	-1.0072	-1.0721	-1.0529	-1.0237	-1.0104	-1.0249	-0.98237	-0.95598	-0.9428	-0.93499	-0.89091	-1.0168	-1.0349	-0.82704	-0.063733	0.82783	0.98336	1.0243	0.92408	0.74136	0.53766	0.38179	0.21725	0.10743	-0.021564	-0.21697	-0.48969	-0.61303	28.194
898.55	-0.88268	-0.9061	-0.9923	-1.042	-1.0694	-1.0617	-1.0166	-1.0495	-0.9961	-0.98888	-0.97835	-0.94963	-0.90486	-0.96542	-1.198	-0.92881	-0.051087	0.81887	1.0037	1.0545	0.94193	0.76529	0.55948	0.3673	0.22702	0.10411	-0.012019	-0.20477	-0.48023	-0.5879	28.194
882.33	-0.93058	-0.94573	-1.0123	-1.0697	-1.0603	-1.0812	-1.0762	-1.0635	-1.0228	-1.0217	-1.0156	-0.94909	-1.1117	-1.1545	-1.0892	-1.0906	-0.090232	0.83764	1.0121	1.054	0.9317	0.75247	0.57146	0.39663	0.21012	0.11452	-0.020625	-0.21647	-0.48905	-0.63575	28.179
868.89	-0.9557	-0.98538	-1.0756	-1.0949	-1.1137	-1.1225	-1.0779	-1.1047	-1.0454	-1.0542	-0.99807	-1.1283	-1.0938	-0.96356	-0.99213	-1.034	-0.096918	0.85061	1.0531	1.096	0.9601	0.74955	0.56125	0.39924	0.24959	0.10421	-0.02265	-0.23918	-0.50902	-0.65927	28.159
860.55	-1.0155	-1.0235	-1.0806	-1.1422	-1.1265	-1.1352	-1.0799	-1.094	-1.0642	-1.0531	-1.0275	-0.91772	-0.98026	-0.99047	-1.3084	-0.89562	-0.058686	0.86075	1.0377	1.0881	0.96763	0.77886	0.55794	0.41735	0.21543	0.1209	-0.022869	-0.23335	-0.54614	-0.65184	28.168
856.28	-1.0405	-1.0676	-1.1343	-1.1198	-1.1262	-1.116	-1.0937	-1.1084	-1.0435	-1.0396	-1.0147	-0.94084	-0.9139	-1.0307	-1.1608	-0.95603	-0.075083	0.86313	1.0583	1.1122	0.95118	0.78275	0.59237	0.39796	0.23656	0.11625	-0.02471	-0.23288	-0.55246	-0.6898	28.179
853.5	-1.0894	-1.0863	-1.1273	-1.1164	-1.1061	-1.1196	-1.0736	-1.0923	-1.0209	-1.0014	-0.9882	-0.86945	-0.93473	-0.89234	-1.0487	-0.95914	-0.034036	0.8794	1.079	1.127	1.0023	0.79642	0.59959	0.43157	0.27085	0.12014	-0.0022531	-0.22707	-0.56147	-0.69379	28.188
850.51	-1.1115	-1.1276	-1.1006	-1.1026	-1.0881	-1.0946	-1.0588	-1.0691	-1.0089	-0.9898	-0.98369	-0.94723	-0.84834	-0.93105	-1.1881	-0.84991	-0.017942	0.91338	1.1086	1.146	1.0308	0.81409	0.59816	0.43129	0.24993	0.1188	-0.033576	-0.24599	-0.59964	-0.73117	28.174
849.44	-1.1604	-1.1324	-1.1254	-1.1182	-1.1074	-1.1037	-1.0465	-1.0524	-0.99969	-0.98725	-1.0129	-1.1542	-1.047	-1.0568	-1.2284	-1.0389	-0.023377	0.89327	1.1031	1.1418	0.96956	0.79091	0.58651	0.4174	0.23341	0.090717	-0.016199	-0.26115	-0.60945	-0.77583	28.133
851.79	-1.2028	-1.1667	-1.1565	-1.1381	-1.1162	-1.1064	-1.0436	-1.0369	-0.98304	-0.96372	-0.96028	-1.2069	-0.99034	-1.1959	-1.0895	-1.0548	-0.019713	0.8908	1.0915	1.1105	0.97224	0.79059	0.58135	0.42704	0.21765	0.074631	-0.045683	-0.26207	-0.59693	-0.74752	28.203
853.29	-1.1788	-1.1375	-1.185	-1.1026	-1.0766	-1.0737	-1.0097	-1.0387	-0.97264	-0.96581	-0.94665	-0.83244	-1.2389	-1.2115	-1.2229	-1.1277	-0.030455	0.87192	1.05	1.1161	0.96875	0.78179	0.58386	0.40295	0.22733	0.086795	-0.071614	-0.28132	-0.6536	-0.77059	28.203
853.5	-1.1876	-1.1457	-1.1721	-1.1252	-1.1338	-1.1042	-1.0415	-1.0348	-0.98107	-0.96557	-0.97029	-1.0742	-0.86325	-0.96322	-1.0873	-1.1087	7.3016e-005	0.89094	1.0669	1.0933	0.96673	0.77048	0.55196	0.38669	0.21051	0.085018	-0.07853	-0.3026	-0.6318	-0.7791	28.182
853.08	-1.2246	-1.2108	-1.1422	-1.0852	-1.0809	-1.074	-1.0133	-1.021	-0.9885	-0.98682	-0.99865	-1.0934	-0.9352	-0.8219	-1.1072	-1.1654	-0.034053	0.87214	1.0606	1.1032	0.96721	0.78013	0.57342	0.39766	0.21565	0.071004	-0.076836	-0.29454	-0.63933	-0.78298	28.168
855.64	-1.201	-1.1632	-1.1101	-1.0591	-1.0381	-1.0362	-0.98498	-1.0054	-0.96997	-0.96692	-0.95199	-1.0901	-0.84326	-0.97848	-0.93036	-0.91942	-0.017835	0.87337	1.0746	1.1074	0.96964	0.78703	0.56114	0.38214	0.20497	0.063782	-0.071417	-0.29201	-0.64101	-0.76674	28.185
862.05	-1.147	-1.1461	-1.0308	-1.004	-1.0108	-1.0076	-0.97598	-0.97658	-0.95246	-0.96721	-0.93309	-0.86083	-1.0316	-0.84842	-0.98085	-0.91259	-0.0017058	0.90687	1.0717	1.0973	0.96419	0.78668	0.55872	0.38108	0.20178	0.068525	-0.076036	-0.2931	-0.63446	-0.76104	28.153
870.59	-1.1054	-1.0816	-1.0136	-0.98208	-0.95817	-0.98261	-0.96972	-0.97404	-0.92442	-0.95401	-0.9649	-1.2539	-1.1617	-0.99642	-1.0091	-0.84864	-0.019288	0.87157	1.0544	1.0719	0.93903	0.75898	0.5394	0.39494	0.21459	0.08507	-0.048097	-0.28861	-0.61409	-0.76381	28.133
878.28	-1.0286	-1.0326	-0.98205	-0.96835	-0.96903	-1.0002	-0.97273	-0.99343	-0.97866	-0.96217	-0.96999	-0.97155	-0.99521	-0.90162	-0.98152	-1.0048	-0.017375	0.8602	1.0335	1.0807	0.95329	0.75234	0.55011	0.39323	0.229	0.10651	-0.030829	-0.24141	-0.54213	-0.68945	28.185
882.76	-0.99521	-0.95512	-0.94756	-0.94979	-0.93922	-0.97279	-0.94982	-0.95541	-0.9519	-0.93904	-0.95545	-0.93062	-0.90375	-1.0683	-1.3689	-0.85502	-0.0086082	0.85955	1.0416	1.0553	0.94157	0.76285	0.55925	0.39297	0.22622	0.11106	-0.020615	-0.21954	-0.5324	-0.67416	28.174
885.75	-0.93049	-0.90448	-0.93399	-0.93469	-0.95131	-0.98989	-0.99384	-0.99543	-0.95871	-0.9577	-0.94264	-0.80193	-0.74571	-0.96229	-0.97324	-0.78006	-0.031068	0.86036	1.043	1.0752	0.94011	0.74778	0.54037	0.39683	0.219	0.11746	-0.015535	-0.21405	-0.51844	-0.62491	28.176
891.94	-0.85788	-0.88034	-0.89315	-0.95014	-0.91819	-0.95358	-0.98371	-0.96791	-0.94875	-0.9366	-0.94181	-1.0279	-0.91157	-1.0065	-1.3364	-0.88201	-0.034288	0.83598	1.0259	1.0552	0.94551	0.75855	0.54675	0.39751	0.23191	0.1116	-0.015428	-0.21885	-0.49587	-0.60892	28.168
902.6	-0.86323	-0.84105	-0.85883	-0.93725	-0.95415	-0.95686	-0.93853	-0.96157	-0.94573	-0.93268	-0.95326	-1.1214	-0.9346	-0.89407	-1.1195	-0.88928	-0.06444	0.82429	0.99265	1.0533	0.93434	0.7566	0.56697	0.40979	0.24027	0.14516	0.017541	-0.16193	-0.45249	-0.58691	28.226
913.04	-0.85676	-0.85047	-0.87586	-0.95126	-0.93028	-0.9567	-0.97519	-0.97574	-0.9414	-0.93965	-0.95724	-0.96935	-0.89049	-1.0494	-1.1429	-1.0889	-0.050276	0.83644	1.007	1.0535	0.91699	0.76353	0.56708	0.41685	0.25005	0.13529	0.023822	-0.14472	-0.43552	-0.56066	28.208
923.48	-0.84707	-0.84242	-0.88089	-0.91116	-0.93257	-0.969	-0.95948	-0.96637	-0.94517	-0.92554	-0.93906	-0.99282	-1.1117	-0.8411	-0.98705	-0.80004	-0.036437	0.8252	0.98609	1.033	0.91485	0.74634	0.55415	0.40716	0.26117	0.14837	0.026757	-0.14461	-0.42726	-0.52858	28.194
928.38	-0.84093	-0.83486	-0.86964	-0.93068	-0.94768	-0.94267	-0.93733	-0.95137	-0.91947	-0.9276	-0.93228	-0.67954	-0.89222	-0.82037	-1.2661	-1.0365	-0.037894	0.84207	1.0078	1.055	0.92966	0.7441	0.56258	0.40171	0.26749	0.1605	0.039366	-0.12724	-0.41506	-0.50818	28.229
929.02	-0.83701	-0.81713	-0.84595	-0.9349	-0.9543	-0.97913	-0.93047	-0.93587	-0.91247	-0.91829	-0.9225	-1.0553	-0.8095	-0.91747	-1.1765	-1.0358	-0.052711	0.81322	0.99443	1.0371	0.91267	0.7521	0.58164	0.43277	0.25653	0.16685	0.028191	-0.14374	-0.40152	-0.52863	28.171
930.72	-0.83548	-0.83275	-0.88062	-0.92834	-0.92532	-0.9597	-0.93652	-0.94897	-0.90285	-0.92527	-0.92081	-0.88267	-1.0539	-0.72084	-1.0325	-0.94815	-0.037798	0.81349	1.0021	1.0438	0.92242	0.75922	0.57087	0.40729	0.25606	0.13594	0.013832	-0.15553	-0.43882	-0.53405	28.182
932	-0.86765	-0.87358	-0.90901	-0.93837	-0.93493	-0.96367	-0.92285	-0.94603	-0.91431	-0.93091	-0.91772	-1.0008	-1.0197	-1.0281	-0.96034	-0.92972	-0.05583	0.81942	0.98495	1.0441	0.9456	0.75988	0.56847	0.41988	0.2511	0.15988	0.028101	-0.18388	-0.44813	-0.55563	28.211
934.34	-0.94526	-0.93185	-0.94773	-0.92313	-0.9561	-0.94368	-0.93289	-0.92234	-0.8946	-0.92513	-0.90634	-0.99827	-1.0171	-0.86369	-1.2051	-1.0299	-0.034371	0.82615	0.9919	1.0585	0.93998	0.77829	0.58316	0.42375	0.252	0.14825	0.021696	-0.16242	-0.4503	-0.5781	28.197
934.34	-0.97351	-0.98611	-0.99692	-0.91508	-0.93259	-0.93841	-0.92363	-0.92726	-0.89302	-0.89064	-0.88452	-0.94726	-0.96814	-1.0903	-1.0285	-0.97864	-0.047491	0.83845	1.017	1.0671	0.94973	0.75628	0.57832	0.42703	0.25507	0.13702	0.012195	-0.19542	-0.47995	-0.60673	28.197
932.85	-0.97673	-0.98613	-1.0034	-0.99077	-0.93045	-0.92055	-0.89882	-0.94188	-0.88968	-0.8938	-0.87501	-0.86361	-0.90429	-0.92992	-1.0655	-0.84332	-0.026213	0.81691	0.99348	1.0431	0.94311	0.76427	0.56795	0.40636	0.24628	0.15009	0.016972	-0.19123	-0.51371	-0.64752	28.179
930.51	-1.0009	-0.98083	-0.99609	-0.97709	-0.96185	-0.93169	-0.91193	-0.93931	-0.90305	-0.88912	-0.91189	-1.139	-0.89018	-1.0297	-0.96187	-0.794	-0.0411	0.8472	0.99756	1.0337	0.91121	0.71691	0.54511	0.37774	0.22845	0.1102	-0.03069	-0.2143	-0.52493	-0.65713	28.171
929.23	-0.99725	-1.0601	-1.0123	-0.99301	-0.9559	-0.9312	-0.91163	-0.92247	-0.87882	-0.89554	-0.87294	-0.93538	-1.0556	-0.85218	-1.1052	-1.0355	-0.036211	0.83246	0.99893	1.0558	0.93044	0.75193	0.55234	0.39475	0.24108	0.10551	-0.024361	-0.23269	-0.57865	-0.66283	28.22
925.4	-1.0618	-0.97842	-0.99166	-0.98248	-0.9416	-0.93683	-0.91229	-0.94284	-0.88246	-0.88533	-0.88757	-0.90492	-0.91157	-0.92106	-0.985	-0.90186	0.010001	0.83769	1.0047	1.0567	0.91788	0.76017	0.55463	0.40632	0.24517	0.11891	-0.011671	-0.20488	-0.54779	-0.68646	28.223
916.67	-1.0584	-0.96878	-0.95764	-0.97871	-0.96532	-0.96546	-0.9257	-0.92675	-0.90217	-0.88497	-0.89602	-0.82688	-0.75384	-0.92984	-1.0664	-0.94527	-0.0082898	0.84208	1.0014	1.0511	0.93822	0.76742	0.57962	0.38345	0.22253	0.11186	-0.029538	-0.22977	-0.57819	-0.72542	28.205
906.01	-1.0639	-1.0441	-1.0332	-0.9736	-0.95988	-0.95688	-0.92863	-0.94949	-0.91114	-0.91138	-0.91406	-0.95935	-0.99842	-0.82395	-1.0607	-0.88593	-0.042212	0.85561	1.0197	1.0705	0.93082	0.75899	0.55986	0.40656	0.24883	0.10656	-0.049483	-0.22783	-0.59009	-0.72575	28.171
