22591	25	1	91	25.6	774.05	2	-1	20	129.82	256	8192	5	0	0	0	0	450.05	979.95	1.477e+006	0.11648	0.01544	40.356	0	0	1	0	0	0	11	0	0
988.97	0.038032	0.010342	-0.065349	-0.11342	-0.15946	-0.2102	-0.24094	-0.30918	-0.25371	-0.23164	-0.090148	-0.041126	0.36202	0.63665	0.53558	0.23467	-0.17719	-0.57168	-0.70618	-0.70096	-0.66709	-0.59008	-0.55547	-0.4251	-0.3129	-0.28961	-0.19529	-0.11995	0.014084	0.027001	-1.2641
990.67	0.039535	0.02933	-0.097717	-0.12994	-0.17796	-0.23304	-0.24489	-0.3102	-0.25328	-0.36133	-0.10713	0.071216	0.3614	0.74239	0.56796	-0.039637	-0.17534	-0.57235	-0.71829	-0.70298	-0.65215	-0.57311	-0.52412	-0.39498	-0.32102	-0.27095	-0.17255	-0.10419	0.0031855	0.038955	-1.2641
990.04	0.056814	-0.0013745	-0.062184	-0.10266	-0.14564	-0.1851	-0.22174	-0.27325	-0.23102	-0.068669	-0.14152	0.18357	0.37704	0.80396	0.78493	0.33114	-0.18784	-0.56112	-0.71135	-0.69215	-0.6587	-0.57667	-0.48188	-0.3875	-0.28511	-0.28172	-0.20703	-0.10708	0.010961	0.017967	-1.2915
987.28	0.028659	-0.0028461	-0.082533	-0.12582	-0.17172	-0.20557	-0.23113	-0.30195	-0.23766	-0.36257	-0.22792	0.13581	0.57894	0.72963	0.92076	0.23507	-0.20854	-0.571	-0.74008	-0.70379	-0.65285	-0.58629	-0.49543	-0.39789	-0.32502	-0.28251	-0.20012	-0.10171	-0.0030402	0.037582	-1.252
984.3	0.038212	0.013333	-0.085897	-0.12008	-0.17052	-0.20286	-0.23329	-0.29352	-0.23086	-0.23274	-0.090576	0.055514	0.20877	0.85473	0.7392	0.21956	-0.19204	-0.56605	-0.71102	-0.68483	-0.64402	-0.57842	-0.48163	-0.38353	-0.29403	-0.26509	-0.19922	-0.1134	0.011024	0.030149	-1.3068
986.64	0.034974	0.0030256	-0.074822	-0.11827	-0.14614	-0.20571	-0.22543	-0.31612	-0.23781	-0.0035832	-0.10757	0.21641	0.45565	0.85271	0.78763	0.17051	-0.20246	-0.57969	-0.71974	-0.69292	-0.65174	-0.57705	-0.48354	-0.37641	-0.27014	-0.24775	-0.18375	-0.10461	0.018798	0.030077	-1.2885
986.85	0.022378	0.0015551	-0.074806	-0.093834	-0.13583	-0.19236	-0.23415	-0.30208	-0.23926	-0.52597	-0.29687	0.087582	0.28552	0.77591	0.65372	0.18664	-0.18689	-0.58455	-0.71364	-0.69438	-0.64544	-0.5593	-0.47123	-0.37633	-0.30052	-0.26593	-0.2032	-0.077607	0.029709	0.028564	-1.2672
985.15	0.035027	0.028025	-0.060938	-0.11081	-0.18238	-0.20269	-0.23309	-0.29016	-0.24268	-0.06901	0.099122	0.071615	0.53376	0.86935	0.88927	0.42998	-0.18721	-0.59056	-0.70296	-0.68262	-0.63114	-0.55063	-0.49955	-0.37853	-0.27926	-0.25726	-0.17652	-0.080587	0.0078891	0.049732	-1.252
982.39	0.06674	0.041376	-0.05799	-0.10958	-0.11237	-0.22665	-0.22787	-0.29721	-0.23282	-0.020004	-0.090752	0.16884	0.50419	0.85639	1.1101	0.41495	-0.15654	-0.54041	-0.69747	-0.66992	-0.63446	-0.54896	-0.45958	-0.38116	-0.26694	-0.23051	-0.18605	-0.066549	0.032979	0.052896	-1.258
982.6	0.033537	0.019253	-0.095401	-0.13407	-0.16394	-0.23662	-0.2381	-0.31586	-0.25234	-0.26593	-0.19443	0.023291	0.47304	0.67155	0.77407	0.34988	-0.1877	-0.55032	-0.74061	-0.70551	-0.66214	-0.58103	-0.52536	-0.4107	-0.30619	-0.26403	-0.18149	-0.087927	0.0079095	0.046837	-1.2185
984.3	0.008236	-0.0087408	-0.10925	-0.15373	-0.18769	-0.24122	-0.2626	-0.32777	-0.27295	-0.2982	-0.31488	-0.18658	0.44123	0.45534	0.67218	0.13848	-0.18426	-0.55771	-0.71251	-0.68159	-0.62859	-0.56557	-0.47704	-0.39598	-0.29985	-0.23768	-0.18268	-0.10628	0.018843	0.030149	-1.1332
984.3	0.033479	8.8352e-005	-0.092123	-0.1522	-0.17567	-0.24456	-0.26406	-0.31376	-0.25491	-0.21637	-0.28036	0.039383	0.23975	0.79329	0.823	0.34927	-0.15468	-0.54437	-0.67525	-0.68645	-0.6502	-0.55272	-0.52445	-0.3773	-0.26933	-0.24073	-0.18419	-0.079232	0.025097	0.043736	-1.0663
982.18	0.033551	0.0030394	-0.082961	-0.15099	-0.19842	-0.24174	-0.26317	-0.32224	-0.26752	-0.20043	-0.056193	0.18504	0.45772	0.82578	0.85838	0.44752	-0.11134	-0.4954	-0.66775	-0.65706	-0.60676	-0.53781	-0.53478	-0.35628	-0.27719	-0.22599	-0.16651	-0.085111	0.020449	0.048369	-0.9506
980.9	0.041511	0.019287	-0.094005	-0.12817	-0.20385	-0.24373	-0.25762	-0.34921	-0.292	-0.31567	-0.14283	0.1205	0.53607	0.81144	1.0277	0.3993	-0.0943	-0.4609	-0.61328	-0.61073	-0.58123	-0.51433	-0.45874	-0.36924	-0.24401	-0.21558	-0.15466	-0.075222	0.053425	0.063582	-0.85016
982.39	0.027221	0.0074612	-0.065787	-0.1433	-0.20526	-0.22498	-0.30129	-0.35492	-0.32469	-0.49557	-0.1599	-0.0090605	0.48866	0.70249	0.84138	0.36619	-0.025532	-0.4485	-0.60638	-0.6293	-0.57726	-0.52965	-0.47491	-0.34216	-0.28441	-0.24425	-0.12882	-0.059416	0.040812	0.054411	-0.7619
983.24	0.019301	-0.0058054	-0.082871	-0.14471	-0.16383	-0.24482	-0.29369	-0.36397	-0.30786	-0.28213	-0.28066	-0.17062	0.24001	0.82488	0.65612	0.41459	0.0072153	-0.39803	-0.56258	-0.57357	-0.56286	-0.52436	-0.44847	-0.35122	-0.27253	-0.24556	-0.17235	-0.080744	0.014167	0.030181	-0.57323
982.6	0.019313	-0.0072825	-0.098519	-0.18157	-0.17942	-0.26002	-0.30709	-0.34861	-0.32312	-0.36429	-0.090733	0.071801	0.31779	0.82542	0.97552	0.69098	0.072712	-0.34816	-0.50472	-0.54632	-0.52922	-0.4732	-0.44722	-0.29999	-0.21302	-0.1725	-0.097169	-0.059404	0.067429	0.046837	-0.32372
980.27	0.054212	0.016343	-0.097192	-0.16972	-0.20743	-0.27571	-0.29605	-0.35725	-0.32087	-0.28299	-0.10826	-0.073903	0.30299	0.96622	0.86005	0.51353	0.11665	-0.30378	-0.48198	-0.5346	-0.53203	-0.4824	-0.44215	-0.32884	-0.20477	-0.21878	-0.15929	-0.085277	0.034621	0.04998	-0.21116
980.27	0.022529	-0.0013882	-0.11751	-0.19736	-0.22812	-0.26733	-0.32695	-0.3932	-0.3586	-0.3323	-0.2642	-0.12253	0.11624	0.61145	0.70861	0.36698	0.14948	-0.27866	-0.45355	-0.53297	-0.52738	-0.45981	-0.42218	-0.32884	-0.23541	-0.1882	-0.12306	-0.063833	0.0079284	0.036336	-0.059054
982.18	0.0082538	-0.01466	-0.1282	-0.18165	-0.23455	-0.30024	-0.31604	-0.40648	-0.38351	-0.33165	-0.24639	-0.25168	-0.023767	0.4871	0.7408	0.43128	0.17883	-0.22797	-0.44221	-0.48156	-0.48924	-0.45247	-0.39684	-0.32352	-0.21019	-0.20767	-0.13638	-0.079404	0.045521	0.049883	0.17212
981.75	0.0098398	8.8581e-005	-0.098604	-0.17866	-0.22777	-0.26526	-0.33527	-0.41602	-0.38067	-0.56152	-0.35028	-0.089965	0.33361	0.71834	0.85875	0.70785	0.25538	-0.18626	-0.36171	-0.46551	-0.46161	-0.42529	-0.39547	-0.34239	-0.2336	-0.20776	-0.14096	-0.073729	0.020458	0.043849	0.33026
980.05	0.030457	-0.014692	-0.12223	-0.16361	-0.22644	-0.31764	-0.36382	-0.43863	-0.40699	-0.49675	-0.45486	-0.12255	0.069579	0.64244	0.84339	0.4648	0.31054	-0.14973	-0.3294	-0.43212	-0.46861	-0.40182	-0.3808	-0.28044	-0.21357	-0.2173	-0.13517	-0.079576	0.011072	0.04241	0.60698
979.21	0.020965	-0.0087863	-0.1239	-0.22525	-0.26978	-0.30954	-0.37003	-0.475	-0.4285	-0.51364	-0.35119	-0.28491	0.085224	0.48858	0.79361	0.80749	0.33897	-0.10963	-0.28175	-0.39989	-0.40853	-0.38117	-0.38267	-0.24783	-0.17431	-0.18228	-0.12168	-0.068196	0.04723	0.060656	0.82589
981.54	0.0050936	0.0030413	-0.12048	-0.20017	-0.23643	-0.32385	-0.37356	-0.47231	-0.43502	-0.33186	-0.48879	-0.2033	0.085021	0.56444	0.75809	0.57791	0.40217	-0.052501	-0.24222	-0.34528	-0.40755	-0.3851	-0.34495	-0.28314	-0.22636	-0.19406	-0.092752	-0.059468	0.001648	0.052942	0.99917
983.24	0.039834	-0.024955	-0.12339	-0.19217	-0.26696	-0.33331	-0.38465	-0.46681	-0.47791	-0.46236	-0.28066	-0.3322	-0.11682	0.42506	0.87422	0.67431	0.46225	-0.022356	-0.19107	-0.32034	-0.37441	-0.36835	-0.33822	-0.22967	-0.17214	-0.16019	-0.10614	-0.035133	0.054863	0.043783	1.2697
983.45	0.020875	-0.0058042	-0.14518	-0.20897	-0.29268	-0.31655	-0.39043	-0.46671	-0.47479	-0.62607	-0.4015	-0.33213	-0.039239	0.50185	0.68954	0.86892	0.51045	0.046089	-0.12092	-0.2732	-0.34036	-0.32807	-0.30907	-0.20625	-0.15174	-0.15406	-0.088059	-0.026576	0.054851	0.077016	1.5098
982.39	0.033544	-0.0043339	-0.11726	-0.19081	-0.23278	-0.33861	-0.41435	-0.49217	-0.48284	-0.64315	-0.52293	-0.51038	-0.10139	0.51777	0.70708	0.99982	0.57027	0.11967	-0.062809	-0.241	-0.29589	-0.31233	-0.3048	-0.23299	-0.18831	-0.15117	-0.068574	-0.045151	0.051779	0.046847	1.762
982.82	0.033529	8.8486e-005	-0.13747	-0.22902	-0.28427	-0.35517	-0.42004	-0.5325	-0.53532	-0.77401	-0.74734	-0.51015	-0.36521	0.11754	0.70677	0.5122	0.58873	0.15135	-0.047855	-0.23278	-0.27722	-0.30576	-0.28629	-0.25003	-0.17076	-0.16636	-0.10317	-0.057963	0.0063427	0.042291	2.0566
986	0.0034964	-0.027825	-0.14169	-0.2237	-0.31077	-0.3457	-0.42746	-0.54632	-0.5456	-0.83686	-0.88271	-0.62129	-0.17837	0.13249	0.67102	0.72099	0.62723	0.22745	0.01479	-0.18832	-0.27171	-0.26146	-0.26704	-0.20571	-0.17311	-0.15518	-0.099836	-0.037879	0.025053	0.03914	2.33
986.64	0.030253	8.8143e-005	-0.14471	-0.2144	-0.28145	-0.3305	-0.43011	-0.54441	-0.57074	-0.54241	-0.64118	-0.34715	-0.33287	0.0098207	0.83776	0.86611	0.67497	0.24894	0.044518	-0.14291	-0.24844	-0.25649	-0.25161	-0.22422	-0.15125	-0.15812	-0.093773	-0.02365	0.031276	0.054176	2.5456
984.94	0.0019244	-0.042562	-0.15429	-0.24075	-0.31282	-0.3694	-0.4162	-0.63558	-0.61529	-0.75598	-0.98712	-0.62196	-0.56577	0.025181	0.53777	0.59212	0.68547	0.27103	0.069915	-0.15125	-0.23191	-0.24569	-0.26122	-0.20594	-0.16458	-0.13404	-0.074406	-0.032227	0.056333	0.070865	2.8462
983.67	0.030345	-0.013166	-0.12334	-0.23647	-0.29777	-0.34485	-0.471	-0.56942	-0.60104	-0.56043	-0.57405	-0.59047	-0.28737	-0.036283	0.80677	1.0959	0.74555	0.33147	0.15054	-0.086547	-0.16428	-0.21546	-0.20799	-0.15636	-0.12698	-0.11898	-0.066982	-0.02942	0.056406	0.05736	3.1558
985.58	0.035012	-0.032245	-0.15108	-0.23143	-0.30748	-0.39082	-0.48619	-0.61806	-0.61038	-0.46126	-0.90034	-0.73441	-0.53443	-0.020865	0.5207	0.80227	0.74099	0.39578	0.17109	-0.075043	-0.16087	-0.21023	-0.20606	-0.19181	-0.11513	-0.095936	-0.06535	-0.0037683	0.050049	0.045186	3.4229
986.64	0.020807	-0.035148	-0.14315	-0.23576	-0.30886	-0.39872	-0.48713	-0.57702	-0.67271	-0.75468	-0.91658	-0.89463	-0.50294	-0.18942	0.60371	0.68816	0.77436	0.41865	0.21997	-0.039373	-0.13453	-0.17795	-0.19821	-0.18229	-0.1353	-0.10799	-0.071279	-0.036432	0.031276	0.058694	3.6839
986	0.020821	-0.021949	-0.15879	-0.24049	-0.29363	-0.38233	-0.45379	-0.62712	-0.66264	-0.75517	-0.91717	-0.78242	-0.56516	-0.18954	0.47026	0.94761	0.80594	0.45056	0.27219	0.0043061	-0.093033	-0.14278	-0.18154	-0.142	-0.12814	-0.089813	-0.048815	-0.010873	0.045344	0.052702	3.966
983.67	0.031923	0.0074515	-0.15916	-0.24106	-0.30807	-0.38991	-0.49446	-0.64575	-0.73191	-0.85522	-0.9884	-0.89734	-0.69055	-0.42057	0.72292	0.99853	0.83122	0.51672	0.31757	0.048126	-0.077815	-0.1399	-0.14677	-0.12832	-0.10226	-0.079359	-0.044418	-0.012323	0.065793	0.061894	4.1905
983.24	0.011403	-0.017589	-0.17793	-0.28557	-0.32539	-0.43683	-0.50054	-0.66161	-0.77737	-0.9539	-1.0925	-1.1886	-0.92357	-0.65143	0.3206	0.69054	0.82846	0.53698	0.34308	0.041653	-0.082482	-0.15283	-0.17133	-0.17045	-0.10958	-0.1236	-0.076039	-0.029432	0.014167	0.036226	4.4665
985.36	0.011379	-0.021963	-0.15889	-0.26051	-0.35042	-0.44922	-0.53753	-0.67573	-0.79071	-0.8374	-1.1935	-1.2505	-1.0764	-0.69605	0.10229	0.88344	0.83601	0.5758	0.39445	0.083677	-0.040688	-0.11077	-0.13888	-0.11877	-0.11515	-0.092913	-0.033831	-0.012302	0.054745	0.049722	4.7848
985.15	0.0050749	-0.023437	-0.17914	-0.29418	-0.37108	-0.44931	-0.52447	-0.67743	-0.79689	-0.98475	-1.0731	-1.1056	-0.98371	-0.68086	0.23626	0.81881	0.83774	0.59092	0.40347	0.10476	-0.011409	-0.0819	-0.13127	-0.11879	-0.091945	-0.071632	-0.047355	-0.025109	0.018826	0.030123	5.0243
982.82	0.0019286	-0.02644	-0.1671	-0.28263	-0.35305	-0.44036	-0.52424	-0.68216	-0.83943	-1.1346	-1.1793	-1.2376	-1.1723	-0.71325	0.11933	0.80453	0.86156	0.63576	0.45368	0.15048	0.00092812	-0.080485	-0.11013	-0.11596	-0.096529	-0.077904	-0.068544	-0.015185	0.012606	0.046827	5.3486
980.27	0.0098547	-0.016165	-0.17222	-0.28183	-0.37121	-0.47165	-0.56681	-0.7277	-0.85369	-0.95679	-1.2864	-1.1922	-1.0664	-0.85393	0.18695	0.87174	0.85755	0.68263	0.50724	0.17366	0.036564	-0.059723	-0.095063	-0.077184	-0.069054	-0.047524	-0.034007	-0.019514	0.05032	0.030273	5.5728
981.97	0.027233	-0.022039	-0.13915	-0.28134	-0.35507	-0.46414	-0.57758	-0.70928	-0.79194	-0.88952	-1.3187	-1.3843	-1.3597	-1.0218	-0.031745	0.90274	0.88415	0.73495	0.55566	0.26113	0.076713	-0.011306	-0.073436	-0.063008	-0.070391	-0.077971	-0.038467	-0.010918	0.06434	0.063513	5.8243
981.33	-0.0028163	-0.04124	-0.17828	-0.26772	-0.36564	-0.47114	-0.59118	-0.7597	-0.82562	-1.0871	-1.3369	-1.369	-1.5472	-1.2844	0.052282	0.85453	0.87379	0.74881	0.60087	0.24992	0.10307	-3.1313e-005	-0.065813	-0.058364	-0.047113	-0.032198	-0.036985	-0.0094965	0.031446	0.046898	6.1484
979.63	0.036809	-0.0028683	-0.16451	-0.25281	-0.34385	-0.44849	-0.5819	-0.75476	-0.85424	-0.97387	-1.2872	-1.4849	-1.3786	-1.1323	-0.23388	0.64422	0.87843	0.77022	0.62438	0.29271	0.14666	0.040327	-0.019824	-0.022492	-0.032594	-0.020014	-0.008352	0.027683	0.077061	0.063665	6.4482
975.38	0.027417	-0.011791	-0.19036	-0.27244	-0.39905	-0.49926	-0.62585	-0.79889	-0.89437	-1.1598	-1.258	-1.4913	-1.885	-1.4318	-0.20108	0.7452	0.89326	0.80723	0.66771	0.33817	0.15197	0.079412	-0.0029325	-0.014735	-0.0048688	-0.0078064	0.0022303	0.033549	0.044261	0.042613	6.6934
974.53	0.014694	-0.013289	-0.17323	-0.32674	-0.38553	-0.50138	-0.66932	-0.80745	-0.97258	-1.3261	-1.6947	-1.9165	-1.918	-1.7123	-0.40437	0.50017	0.85473	0.79615	0.68334	0.33683	0.1895	0.068124	-0.015294	-0.024181	-0.041571	-0.033961	-0.019024	-0.003811	0.041141	0.063998	7.0052
977.08	0.027369	-0.050317	-0.21198	-0.31664	-0.38971	-0.52023	-0.65576	-0.86494	-1.0003	-1.471	-1.7946	-1.9603	-2.2877	-1.9555	-0.63966	0.35186	0.81487	0.81087	0.68456	0.36372	0.17968	0.072802	0.00015397	-0.03039	-0.0048603	-0.0093276	-0.029574	0.050702	0.053634	0.069915	7.3048
977.72	0.011468	-0.032504	-0.18677	-0.30412	-0.40501	-0.5115	-0.67009	-0.85183	-0.98606	-1.503	-1.7239	-1.8778	-2.1301	-1.7067	-0.72361	0.28632	0.80493	0.84056	0.74864	0.42061	0.22617	0.1326	0.029411	0.0025381	-0.0033948	-0.021585	0.011304	0.023435	0.055173	0.060748	7.5862
975.38	0.022642	-0.029613	-0.20293	-0.31102	-0.42158	-0.50263	-0.64655	-0.88372	-1.0233	-1.5231	-1.7803	-1.9963	-2.2916	-2.0984	-0.6746	0.36882	0.78015	0.85268	0.74291	0.42326	0.23294	0.11832	0.018676	0.013542	-0.0019344	-0.040078	-0.00080337	-0.0038076	0.053728	0.047184	7.8977
973.04	0.017906	-0.03266	-0.19554	-0.30249	-0.42433	-0.52239	-0.69702	-0.92679	-1.0729	-1.7089	-1.8195	-2.2133	-2.4539	-2.2122	-0.93049	0.35332	0.75998	0.88847	0.80349	0.48497	0.28812	0.16574	0.055853	0.049791	0.030403	0.032226	0.043291	0.03363	0.069674	0.059514	8.2334
975.59	0.041737	-0.0043641	-0.17461	-0.31867	-0.40416	-0.53954	-0.68781	-0.95892	-1.1262	-1.6384	-2.0236	-2.0935	-2.6508	-2.6869	-1.0126	0.0088348	0.71245	0.86764	0.81493	0.50006	0.32162	0.188	0.080397	0.055943	0.037655	0.0044857	0.0052629	0.039287	0.039518	0.04108	8.4995
977.08	0.036905	-0.032525	-0.17592	-0.33821	-0.4416	-0.54375	-0.7591	-0.98412	-1.1366	-1.8997	-2.1422	-2.3342	-2.8965	-2.8066	-1.2981	0.025163	0.66903	0.8932	0.8257	0.53523	0.33201	0.21038	0.078734	0.044882	0.03467	0.021356	0.037057	0.050702	0.036308	0.048622	8.7836
976.44	0.0067127	-0.025129	-0.17289	-0.32918	-0.41766	-0.55924	-0.7463	-0.95024	-1.1768	-1.571	-2.0045	-2.4008	-2.8672	-2.9478	-1.282	-0.056551	0.62239	0.89378	0.84276	0.56664	0.38822	0.23157	0.1235	0.084141	0.081572	0.06435	0.055263	0.052171	0.06628	0.069961	9.1583
972.83	0.029084	0.0060449	-0.17353	-0.31493	-0.4331	-0.57819	-0.70755	-0.98841	-1.1963	-1.8252	-2.4134	-2.6057	-2.9719	-3.3162	-1.7446	-0.188	0.5554	0.93085	0.88058	0.60648	0.40215	0.25356	0.15955	0.1191	0.081875	0.055345	0.056989	0.048043	0.076017	0.048834	9.3849
970.92	0.0083495	-0.059587	-0.20228	-0.34966	-0.47399	-0.61484	-0.78472	-1.044	-1.252	-2.0943	-2.4357	-2.8236	-3.292	-3.5096	-2.0029	-0.4514	0.47916	0.88703	0.85209	0.58466	0.38261	0.26546	0.1397	0.084619	0.06583	0.052367	0.029672	0.033703	0.038123	0.039748	9.7111
971.56	-0.0028447	-0.040165	-0.19899	-0.34014	-0.48586	-0.60768	-0.78717	-1.0481	-1.2756	-2.0763	-2.504	-3.0343	-3.5881	-3.803	-2.1544	-0.63183	0.40315	0.89152	0.88626	0.63027	0.42925	0.29947	0.1737	0.12084	0.06873	0.072388	0.052496	0.053875	0.038098	0.055017	10.076
970.92	0.030743	-0.019305	-0.19597	-0.33726	-0.45484	-0.603	-0.79958	-1.0929	-1.3282	-1.7956	-2.4532	-2.9709	-3.3548	-4.0703	-2.2747	-0.4514	0.32609	0.88365	0.88835	0.64713	0.45769	0.29152	0.15676	0.12407	0.077616	0.06626	0.051006	0.056799	0.028613	0.04893	10.4
969.01	0.013173	-0.041765	-0.20426	-0.36434	-0.48016	-0.62622	-0.80115	-1.0824	-1.3507	-1.8989	-2.458	-3.0095	-3.9282	-4.1876	-2.5005	-0.60053	0.26664	0.8837	0.90676	0.70111	0.50718	0.3231	0.21922	0.14645	0.1132	0.078766	0.075539	0.081496	0.068376	0.070498	10.725
965.82	-0.0060771	-0.028406	-0.21128	-0.35463	-0.50099	-0.63168	-0.81575	-1.1304	-1.3812	-2.0553	-2.8002	-3.1839	-3.8306	-4.1701	-2.6112	-0.78429	0.18344	0.87982	0.92342	0.71665	0.50885	0.35856	0.22929	0.17073	0.12838	0.096097	0.083448	0.077412	0.079756	0.056882	11.027
966.67	0.013205	-0.026882	-0.19525	-0.34186	-0.44286	-0.62094	-0.84338	-1.1025	-1.4228	-1.8535	-2.7275	-3.2304	-4.0324	-4.9641	-2.8307	-0.88268	0.081836	0.84338	0.91351	0.70611	0.52569	0.37951	0.23376	0.18643	0.13567	0.12703	0.10633	0.065746	0.076502	0.061442	11.311
967.09	0.0003535	-0.020879	-0.2015	-0.36817	-0.53178	-0.64273	-0.82064	-1.1511	-1.4329	-2.1692	-3.0599	-3.5083	-4.4565	-5.1965	-3.4435	-1.4764	-0.027519	0.85489	0.89642	0.74706	0.53959	0.39079	0.25234	0.17526	0.13117	0.11457	0.071098	0.074411	0.068511	0.038367	11.645
966.46	-0.0076806	-0.0044054	-0.20639	-0.38243	-0.47968	-0.63297	-0.85551	-1.1662	-1.4997	-1.9539	-2.8862	-3.3627	-4.4436	-5.2312	-3.241	-1.1801	-0.13059	0.82828	0.90916	0.76902	0.59809	0.42541	0.27899	0.22452	0.17567	0.13791	0.11707	0.083162	0.10518	0.076832	12.019
965.18	0.0083991	-0.011915	-0.22254	-0.34706	-0.50307	-0.65251	-0.87158	-1.1994	-1.5032	-2.2236	-3.1892	-3.4988	-4.5443	-5.5358	-3.4845	-1.5124	-0.21331	0.80386	0.91188	0.78657	0.59101	0.41614	0.27624	0.21847	0.18627	0.13809	0.094234	0.099243	0.062269	0.044602	12.278
965.61	-0.0092947	-0.035913	-0.22085	-0.40772	-0.51335	-0.63352	-0.87418	-1.2418	-1.5792	-2.2893	-3.1702	-3.6453	-5.0005	-5.8309	-4.2688	-1.9746	-0.38459	0.7202	0.8659	0.78127	0.60648	0.42414	0.27456	0.21203	0.1536	0.11319	0.081932	0.070172	0.055865	0.03535	12.577
967.94	-0.023713	-0.050792	-0.20607	-0.41451	-0.53132	-0.66083	-0.90933	-1.2498	-1.5906	-2.5834	-3.3029	-4.0468	-5.2563	-6.1292	-4.463	-2.3655	-0.4549	0.72015	0.86684	0.81401	0.62855	0.4607	0.28634	0.23526	0.17835	0.10982	0.12301	0.080138	0.070041	0.038333	12.953
967.09	-0.0092804	-0.050836	-0.17932	-0.35727	-0.49683	-0.70894	-0.94145	-1.2715	-1.6181	-2.3358	-3.376	-4.034	-5.2294	-6.3691	-4.6716	-2.3016	-0.55986	0.70551	0.87973	0.81472	0.64638	0.47582	0.32862	0.27825	0.19626	0.16107	0.13536	0.097597	0.06533	0.035295	13.224
964.54	-0.023796	-0.022437	-0.1925	-0.39568	-0.50516	-0.68018	-0.92749	-1.3257	-1.6484	-2.6092	-3.5434	-4.3741	-5.7651	-6.7779	-4.8721	-2.6552	-0.69955	0.63929	0.85164	0.82184	0.66383	0.50167	0.33261	0.26627	0.19974	0.1444	0.13571	0.092044	0.055926	0.044632	13.598
961.99	-0.023859	-0.024001	-0.22327	-0.37951	-0.52231	-0.68198	-0.90446	-1.2878	-1.6912	-2.2979	-3.5881	-4.0223	-5.9231	-7.1416	-5.125	-2.6954	-0.82405	0.64611	0.83713	0.8572	0.69717	0.52108	0.38044	0.29406	0.24042	0.18997	0.14376	0.11268	0.062475	0.035482	13.893
963.27	-0.03995	-0.039008	-0.19276	-0.3962	-0.53214	-0.69471	-0.96017	-1.337	-1.7197	-2.6628	-3.6539	-4.4129	-6.1845	-7.5717	-5.4779	-3.1392	-0.95021	0.5856	0.83297	0.83121	0.6994	0.53681	0.37212	0.29208	0.20298	0.17882	0.14204	0.11108	0.052807	0.036977	14.175
963.9	-0.041533	-0.061523	-0.19263	-0.38657	-0.53354	-0.7215	-0.93259	-1.3409	-1.7616	-2.4104	-3.6691	-4.3934	-6.2753	-7.6138	-5.6454	-3.3193	-1.0942	0.5239	0.81111	0.83066	0.70996	0.52989	0.36875	0.30937	0.23549	0.17871	0.15422	0.10519	0.060755	0.058536	14.446
962.42	-0.020622	-0.028507	-0.20725	-0.34962	-0.56071	-0.72091	-0.9775	-1.378	-1.7735	-2.6484	-3.9395	-4.5818	-6.6654	-8.0497	-5.8426	-3.4903	-1.2631	0.47184	0.7895	0.89828	0.71737	0.58494	0.40373	0.30826	0.24923	0.20546	0.17291	0.11409	0.072042	0.05554	14.816
958.59	-0.001264	-0.043732	-0.1857	-0.36044	-0.53827	-0.71523	-1.025	-1.3787	-1.7852	-2.5582	-3.8666	-4.5007	-6.8512	-8.2081	-6.3994	-3.7539	-1.4168	0.4309	0.77888	0.89188	0.76143	0.60212	0.42105	0.35744	0.24426	0.21253	0.18904	0.13794	0.081965	0.032508	15.029
958.16	-0.032059	-0.054334	-0.17619	-0.40303	-0.56496	-0.74467	-1.0375	-1.3985	-1.8339	-2.7442	-4.1696	-4.884	-7.2522	-8.8745	-6.7121	-4.1387	-1.5805	0.35742	0.73176	0.88561	0.7475	0.57598	0.41809	0.32562	0.22048	0.19073	0.14279	0.1029	0.045056	0.0077075	15.357
959.44	-0.053057	-0.081437	-0.21269	-0.3868	-0.53603	-0.78475	-1.0286	-1.4254	-1.8762	-2.8581	-4.1641	-5.0928	-7.5765	-9.1779	-7.047	-4.3994	-1.7621	0.30732	0.71091	0.87612	0.76075	0.595	0.41754	0.33317	0.25299	0.2061	0.16419	0.11444	0.062641	0.023186	15.582
959.65	-0.038481	-0.061795	-0.21264	-0.36161	-0.54999	-0.74523	-1.0254	-1.3884	-1.905	-2.8743	-4.1278	-5.0254	-7.7497	-9.3964	-7.2689	-4.3984	-1.8942	0.26791	0.67101	0.8859	0.79065	0.61793	0.44725	0.34746	0.26188	0.20293	0.16878	0.10274	0.048192	0.030923	15.805
957.31	-0.048309	-0.068	-0.16674	-0.37665	-0.5637	-0.77106	-1.0098	-1.4814	-1.919	-2.9486	-4.1911	-5.2701	-7.9598	-9.6721	-7.7692	-5.0427	-2.0653	0.18282	0.642	0.8964	0.79417	0.6244	0.45778	0.34991	0.27148	0.23161	0.1692	0.11763	0.061174	0.026343	16.009
954.34	-0.045204	-0.072764	-0.19938	-0.36836	-0.51764	-0.71669	-1.0281	-1.5005	-1.8893	-2.8565	-4.4177	-5.0701	-8.3683	-9.9241	-7.586	-4.9079	-2.1392	0.18683	0.65015	0.91927	0.83325	0.65949	0.47183	0.35903	0.28132	0.2229	0.17903	0.11505	0.042012	0.046665	16.243
955.83	-0.066256	-0.057496	-0.17983	-0.33314	-0.52391	-0.71214	-1.0356	-1.4164	-1.9684	-2.7173	-4.5352	-5.3115	-8.4031	-10.178	-8.0229	-5.1174	-2.2769	0.14189	0.61998	0.92118	0.82242	0.64688	0.48212	0.35526	0.28388	0.22256	0.17565	0.11048	0.054827	0.01861	16.354
955.4	-0.084164	-0.087845	-0.20076	-0.36165	-0.50292	-0.74683	-1.0149	-1.4587	-1.9646	-3.0557	-4.3239	-5.5301	-8.6783	-10.404	-8.2854	-5.2533	-2.403	0.074935	0.57265	0.89987	0.79417	0.63393	0.46185	0.37627	0.26454	0.20854	0.16644	0.1164	0.037132	0.031061	16.504
952.85	-0.071351	-0.083521	-0.17878	-0.32312	-0.55038	-0.72298	-1.0267	-1.5012	-1.9326	-3.0639	-4.6028	-5.6116	-8.5094	-10.273	-8.3769	-5.5688	-2.4834	0.069968	0.60036	0.93243	0.83774	0.6655	0.49942	0.37728	0.27876	0.22955	0.17154	0.11229	0.059845	0.029584	16.697
949.87	-0.061766	-0.091408	-0.16805	-0.34315	-0.50229	-0.7097	-1.1195	-1.4107	-1.9527	-2.9887	-4.4385	-5.4117	-9.0179	-10.623	-8.6115	-5.7039	-2.5606	0.028707	0.57907	0.9404	0.83397	0.6859	0.48831	0.40427	0.2977	0.23816	0.17675	0.1215	0.034108	0.015597	16.85
949.66	-0.09939	-0.092953	-0.20681	-0.38444	-0.58248	-0.76517	-1.0134	-1.5353	-2.0373	-3.1251	-4.8508	-5.8479	-9.2769	-11.167	-8.8392	-6.1086	-2.7273	-0.033518	0.52977	0.89355	0.82616	0.64276	0.48049	0.37532	0.27367	0.21611	0.14407	0.097914	0.035737	0.0046472	16.955
951.57	-0.09919	-0.09581	-0.23055	-0.35045	-0.51915	-0.7205	-1.0356	-1.463	-2.013	-3.2034	-5.0373	-5.8528	-9.4186	-11.176	-8.9428	-6.1969	-2.7911	-0.062781	0.51637	0.90685	0.83567	0.65808	0.46212	0.36813	0.28665	0.22513	0.17955	0.099189	0.027578	0.0015164	17.105
951.36	-0.081257	-0.095831	-0.22255	-0.35052	-0.52815	-0.70858	-1.0131	-1.4939	-2.043	-3.255	-4.7171	-5.8708	-9.3084	-11.29	-8.9275	-6.1815	-2.803	-0.047263	0.51649	0.90705	0.85502	0.66322	0.49229	0.38431	0.27468	0.25354	0.16714	0.13162	0.040525	0.012449	17.183
949.66	-0.083037	-0.10973	-0.22779	-0.35749	-0.56468	-0.69775	-1.0635	-1.5805	-2.0451	-3.142	-4.6541	-5.9315	-9.3572	-11.247	-9.2214	-6.3775	-2.9177	-0.11304	0.49115	0.9154	0.82936	0.68605	0.49159	0.38016	0.28723	0.22242	0.17835	0.1171	0.04708	0.028119	17.252
947.32	-0.12423	-0.15129	-0.21056	-0.35679	-0.51791	-0.67521	-1.0616	-1.5245	-2.0657	-3.1158	-4.5939	-5.8623	-9.2998	-11.546	-9.0874	-6.0057	-2.988	-0.11158	0.48152	0.91766	0.83782	0.66604	0.51188	0.40374	0.30304	0.23089	0.18972	0.11443	0.053696	0.0030909	17.306
949.87	-0.14187	-0.13258	-0.21806	-0.36692	-0.52542	-0.70278	-1.039	-1.5349	-1.9948	-3.0396	-4.7603	-5.9637	-9.5318	-11.642	-9.3061	-6.6449	-3.0526	-0.15277	0.47869	0.87151	0.82438	0.6859	0.49307	0.41073	0.2721	0.2208	0.15027	0.094941	0.014664	-0.0031761	17.327
951.15	-0.11719	-0.1187	-0.25482	-0.37118	-0.53715	-0.71047	-1.0255	-1.6054	-2.0372	-3.1541	-4.7361	-5.939	-9.7756	-11.499	-9.6231	-6.8038	-3.1048	-0.19053	0.44565	0.89047	0.82008	0.68664	0.4924	0.38762	0.27324	0.22523	0.17807	0.087448	0.021117	-0.0094206	17.423
949.23	-0.14361	-0.13725	-0.2295	-0.36558	-0.53823	-0.72574	-1.0108	-1.5102	-2.1005	-2.9907	-4.9603	-5.817	-9.4739	-11.714	-9.3124	-6.6494	-3.1063	-0.18573	0.45273	0.89899	0.85533	0.69303	0.53781	0.41746	0.30092	0.25411	0.18155	0.12158	0.058452	-0.0016121	17.519
946.04	-0.12932	-0.13465	-0.24809	-0.35409	-0.48467	-0.72818	-1.0615	-1.478	-2.0294	-2.9838	-4.7078	-5.971	-9.651	-11.897	-9.3787	-6.6212	-3.1702	-0.228	0.42015	0.90709	0.83574	0.69369	0.51734	0.38809	0.29135	0.25496	0.16965	0.10866	0.0065893	-0.031462	17.549
943.91	-0.17403	-0.18406	-0.25677	-0.4123	-0.5538	-0.74374	-1.0395	-1.5868	-2.1045	-3.2806	-5.0062	-6.136	-9.7535	-11.988	-9.8192	-6.9574	-3.2309	-0.23721	0.41021	0.89053	0.81993	0.6785	0.50256	0.37923	0.26776	0.21901	0.17473	0.086632	-0.0015486	-0.031533	17.606
945.19	-0.20008	-0.16849	-0.23859	-0.42449	-0.55662	-0.68368	-1.0564	-1.5361	-2.0297	-3.3273	-4.9456	-6.2789	-9.6274	-12.068	-9.9107	-6.8804	-3.2573	-0.24905	0.44536	0.89608	0.83328	0.68762	0.51621	0.39655	0.27496	0.21555	0.18545	0.092446	-0.01783	-0.039351	17.69
944.34	-0.16408	-0.16557	-0.29722	-0.39458	-0.51418	-0.80773	-1.0115	-1.4985	-1.9391	-3.1086	-5.004	-6.0827	-9.7653	-12.239	-9.8497	-7.0726	-3.3317	-0.26666	0.40226	0.89858	0.85012	0.68992	0.52624	0.40664	0.29036	0.2205	0.16995	0.079172	-0.0031784	-0.047255	17.738
942.42	-0.20726	-0.19819	-0.30432	-0.40496	-0.5206	-0.71182	-1.0809	-1.469	-2.111	-3.1662	-4.834	-6.3142	-9.8013	-12.248	-9.8172	-7.0361	-3.384	-0.27243	0.40308	0.91226	0.86474	0.7081	0.51613	0.40747	0.30917	0.24481	0.19071	0.10015	0.0098821	-0.031583	17.824
940.29	-0.18956	-0.18785	-0.27894	-0.38027	-0.52178	-0.70645	-1.0204	-1.4658	-2.0843	-3.2418	-4.8268	-6.1765	-10.034	-12.452	-9.9623	-7.1369	-3.4356	-0.29399	0.39619	0.95337	0.8893	0.74502	0.56693	0.42306	0.32812	0.26927	0.17698	0.10485	0.0017203	-0.049039	17.866
942.21	-0.1661	-0.18593	-0.27024	-0.41464	-0.52072	-0.71546	-1.0444	-1.4515	-2.0895	-3.2353	-4.835	-6.3494	-9.8521	-12.475	-10.117	-7.3426	-3.4953	-0.3143	0.37514	0.92771	0.86977	0.72672	0.53223	0.41244	0.31986	0.23532	0.16877	0.10017	-0.0015514	-0.044207	17.902
942.85	-0.22693	-0.2196	-0.31556	-0.42554	-0.55263	-0.71846	-1.0024	-1.4017	-2.0677	-3.2331	-5.0119	-6.2271	-10.088	-12.467	-10.408	-7.6762	-3.5254	-0.34369	0.37178	0.91185	0.86918	0.71113	0.54783	0.40566	0.30296	0.22403	0.15924	0.10011	-0.016243	-0.041026	17.968
942.64	-0.22863	-0.25346	-0.301	-0.43043	-0.58861	-0.68554	-0.99801	-1.4947	-2.1199	-2.9262	-4.8689	-6.3297	-10.074	-12.518	-10.393	-7.2716	-3.5831	-0.3577	0.3703	0.92052	0.89032	0.73982	0.55594	0.43501	0.32882	0.24952	0.19067	0.098643	8.1084e-005	-0.044187	18.055
941.15	-0.22404	-0.22616	-0.31939	-0.4711	-0.53029	-0.71627	-1.0778	-1.388	-2.0588	-2.8966	-4.8044	-6.0189	-9.5715	-12.377	-10.164	-7.3509	-3.61	-0.37048	0.37089	0.92368	0.89011	0.74939	0.54083	0.43895	0.32022	0.24833	0.1894	0.097311	0.0033531	-0.05373	18.055
942.42	-0.2188	-0.24583	-0.35472	-0.45449	-0.57081	-0.76059	-1.0289	-1.4967	-2.0843	-3.1833	-4.9781	-6.0951	-9.769	-12.649	-10.325	-7.6966	-3.6018	-0.37694	0.3486	0.89871	0.85668	0.71984	0.52252	0.39609	0.2955	0.23845	0.16245	0.098665	-0.029312	-0.074155	18.121
945.83	-0.29682	-0.31539	-0.38099	-0.46877	-0.59734	-0.74918	-1.0145	-1.4103	-2.033	-3.3421	-4.9422	-6.4427	-10.137	-12.667	-10.567	-7.4496	-3.6034	-0.39121	0.35975	0.90392	0.85841	0.7206	0.51905	0.42544	0.30503	0.21223	0.17907	0.084975	-0.016192	-0.064462	18.199
946.68	-0.30639	-0.31664	-0.33694	-0.45085	-0.58074	-0.69648	-1.0059	-1.4511	-1.9155	-2.9817	-4.9378	-6.1012	-9.5317	-12.4	-10.244	-7.2405	-3.6051	-0.37525	0.35788	0.88287	0.86085	0.70993	0.54561	0.43315	0.28964	0.24054	0.14922	0.077497	-0.03406	-0.092659	18.28
946.25	-0.30653	-0.33822	-0.32576	-0.47492	-0.65958	-0.73496	-1.0079	-1.4145	-1.9742	-3.1533	-5.1195	-6.1879	-9.9712	-12.677	-10.231	-7.3619	-3.5759	-0.36154	0.36114	0.91194	0.86284	0.71693	0.52041	0.42363	0.30791	0.22956	0.16023	0.068646	-0.038953	-0.087989	18.268
944.98	-0.29051	-0.30188	-0.3489	-0.48193	-0.59609	-0.76201	-0.99096	-1.3856	-1.8704	-3.0383	-4.8029	-6.1459	-9.4843	-12.471	-10.053	-7.2874	-3.597	-0.35681	0.35231	0.93851	0.87043	0.71455	0.53704	0.40961	0.31741	0.24415	0.16514	0.090984	-0.030863	-0.10226	18.322
947.53	-0.28153	-0.28273	-0.42396	-0.48222	-0.64264	-0.82753	-1.0385	-1.3981	-1.9294	-2.9281	-4.8437	-6.0622	-9.5553	-12.469	-10.078	-7.2677	-3.5614	-0.36452	0.35446	0.89892	0.86809	0.69927	0.52765	0.40689	0.27278	0.2166	0.13503	0.046368	-0.050271	-0.098849	18.316
949.02	-0.31546	-0.33265	-0.35872	-0.49892	-0.70752	-0.82623	-1.0187	-1.3975	-1.8703	-2.9065	-4.8004	-6.0694	-9.7332	-12.449	-10.201	-7.3404	-3.5235	-0.31551	0.37709	0.88742	0.86673	0.70318	0.53793	0.39979	0.27988	0.2052	0.13482	0.049248	-0.055056	-0.11279	18.307
950.08	-0.29549	-0.31246	-0.3696	-0.58234	-0.6925	-0.85122	-1.06	-1.3572	-1.7825	-2.7167	-4.4375	-5.9623	-9.3209	-12.229	-9.9812	-7.181	-3.468	-0.32898	0.3952	0.93179	0.88334	0.73402	0.54683	0.39934	0.30517	0.22232	0.16581	0.066894	-0.050136	-0.10953	18.388
947.1	-0.27838	-0.29815	-0.41768	-0.55079	-0.7375	-0.82964	-1.0573	-1.3356	-1.7334	-2.7763	-4.559	-5.9475	-9.4952	-11.932	-9.8732	-7.153	-3.4449	-0.31615	0.3856	0.92292	0.84763	0.71796	0.5406	0.40707	0.29253	0.21511	0.14602	0.084861	-0.060045	-0.10988	18.358
946.47	-0.32615	-0.34732	-0.5491	-0.61956	-0.67551	-1.0089	-1.1494	-1.4433	-1.7565	-2.8973	-4.8851	-6.1698	-9.7434	-12.211	-9.8973	-7.259	-3.4181	-0.28687	0.37346	0.90331	0.85302	0.68837	0.52347	0.38792	0.26704	0.2105	0.14456	0.059746	-0.063335	-0.11466	18.394
947.32	-0.38323	-0.44793	-0.50331	-0.61424	-0.76945	-0.94556	-1.2443	-1.4437	-1.7659	-2.7417	-4.4863	-6.0301	-9.9439	-11.961	-10.01	-7.1009	-3.36	-0.27795	0.40719	0.9244	0.86828	0.71446	0.52618	0.41345	0.28794	0.19608	0.14755	0.058214	-0.069778	-0.11299	18.415
946.47	-0.3885	-0.42078	-0.46329	-0.5957	-0.78085	-1.0817	-1.2622	-1.5275	-1.7627	-2.3697	-4.4185	-5.683	-9.3404	-11.86	-9.7056	-7.0567	-3.3355	-0.26953	0.41531	0.92691	0.86425	0.7034	0.52188	0.37821	0.26401	0.20259	0.13674	0.0479	-0.064964	-0.1335	18.406
943.06	-0.42778	-0.47299	-0.53483	-0.67128	-0.87506	-1.0264	-1.2132	-1.5558	-1.7895	-2.3611	-4.3805	-5.6529	-9.2447	-11.71	-9.6182	-6.879	-3.3004	-0.25309	0.42614	0.92518	0.88348	0.716	0.53973	0.42019	0.28772	0.2208	0.1592	0.054018	-0.073358	-0.13713	18.442
938.8	-0.4016	-0.43039	-0.4785	-0.73687	-0.88623	-1.0363	-1.4154	-1.5987	-1.7314	-2.3032	-4.2013	-5.577	-8.9779	-11.602	-9.3455	-6.6722	-3.1865	-0.20703	0.47026	0.95318	0.89395	0.73273	0.53576	0.42536	0.28902	0.21542	0.14101	0.060234	-0.076968	-0.14092	18.436
938.38	-0.36868	-0.38428	-0.55056	-0.72918	-0.8362	-1.294	-1.373	-1.7301	-1.6628	-2.1669	-3.968	-5.3933	-8.8357	-11.446	-9.0685	-6.6412	-3.1112	-0.16338	0.47048	0.9383	0.88141	0.70272	0.50873	0.39453	0.28458	0.23149	0.12058	0.033378	-0.05568	-0.16316	18.415
937.32	-0.40886	-0.40171	-0.57244	-0.64809	-1.0247	-1.3235	-1.5223	-1.6585	-1.8399	-2.1694	-3.7913	-5.0605	-8.3575	-11.137	-9.0788	-6.5296	-2.9839	-0.13204	0.52736	0.96321	0.90023	0.73558	0.52537	0.40805	0.28033	0.20456	0.14755	0.042387	-0.072164	-0.14432	18.448
935.61	-0.37807	-0.42257	-0.60296	-0.62675	-1.1891	-1.3838	-1.6037	-1.8793	-1.954	-2.1389	-3.6167	-4.6961	-7.9977	-10.397	-8.5664	-5.9103	-2.8207	-0.041041	0.57379	1.0059	0.92784	0.75382	0.56011	0.40716	0.28695	0.22737	0.14782	0.051453	-0.077231	-0.14776	18.478
931.57	-0.36471	-0.4073	-0.53978	-0.88319	-1.1435	-1.3263	-1.5642	-1.9154	-1.9768	-2.0963	-3.4319	-4.5801	-7.3283	-9.8583	-8.0193	-5.8331	-2.5895	0.031034	0.6125	0.99314	0.91557	0.74691	0.52861	0.42208	0.29588	0.22835	0.15481	0.05318	-0.064348	-0.12606	18.43
930.5	-0.37347	-0.36262	-0.64085	-0.98774	-1.2483	-1.3278	-1.6404	-2.0461	-1.9472	-2.3584	-3.9286	-4.278	-6.4023	-8.3908	-6.7521	-5.1022	-2.2384	0.12458	0.6605	0.97884	0.88887	0.72397	0.52436	0.41269	0.25624	0.18834	0.10729	0.012575	-0.11901	-0.19648	18.451
931.14	-0.37655	-0.39504	-0.72598	-0.90461	-1.1984	-1.431	-1.7911	-1.7946	-2.0126	-3.0834	-3.3422	-4.1727	-5.9719	-7.6543	-6.1806	-4.4645	-1.9473	0.19501	0.67738	0.94388	0.87195	0.70819	0.51268	0.40582	0.24839	0.19143	0.11675	0.0050411	-0.097436	-0.17559	18.469
931.14	-0.40657	-0.48682	-0.82142	-0.91108	-1.2492	-1.4398	-1.6625	-1.8061	-2.3066	-2.4779	-3.2146	-3.0636	-4.432	-6.5014	-4.9228	-3.9846	-1.5869	0.2814	0.76245	0.97817	0.87848	0.72177	0.51107	0.39759	0.26068	0.19143	0.11834	0.0035369	-0.12058	-0.14846	18.508
929.01	-0.43592	-0.5737	-0.84969	-1.1271	-1.4195	-1.5562	-1.5639	-2.1071	-2.2179	-2.4836	-3.0026	-3.7034	-3.8181	-5.8489	-4.2594	-3.5299	-1.3613	0.37571	0.78947	0.99587	0.87231	0.70811	0.5171	0.38366	0.25974	0.18058	0.11224	0.033714	-0.10926	-0.1696	18.55
925.61	-0.41907	-0.57737	-0.92896	-1.219	-1.4904	-1.4945	-1.6787	-2.3085	-2.2693	-2.4057	-2.6283	-2.8588	-2.5467	-3.9428	-3.2949	-2.9566	-1.0915	0.464	0.83358	1.0013	0.87717	0.69363	0.50111	0.38176	0.25451	0.16505	0.12224	0.0065874	-0.11299	-0.15738	18.529
924.33	-0.49693	-0.5437	-1.1308	-1.2989	-1.4267	-1.5019	-1.8979	-2.1857	-2.1811	-2.1998	-2.485	-2.9315	-3.1279	-3.752	-3.4422	-3.0642	-1.0764	0.4895	0.8141	0.97674	0.86031	0.65011	0.48715	0.36074	0.23938	0.15879	0.075987	-0.0055333	-0.1198	-0.18975	18.529
921.98	-0.49145	-0.62677	-1.152	-1.3675	-1.4853	-1.5805	-1.7792	-1.5299	-1.8898	-2.5898	-2.4913	-2.5254	-2.7553	-3.5647	-3.5941	-2.847	-0.95287	0.51211	0.84481	0.96018	0.82625	0.66376	0.47532	0.35833	0.21672	0.12505	0.066552	-0.029867	-0.14348	-0.19668	18.49
917.72	-0.55296	-0.65336	-1.169	-1.533	-1.5529	-1.5538	-1.4825	-1.9677	-2.005	-2.5843	-2.0772	-2.5718	-2.6351	-3.6472	-3.449	-2.4602	-0.85378	0.54848	0.87591	0.98203	0.84333	0.67202	0.45128	0.31993	0.22864	0.12727	0.062024	-0.054439	-0.16427	-0.19597	18.55
912.18	-0.60058	-0.78437	-1.1526	-1.4977	-1.4457	-1.4751	-1.5706	-1.7479	-2.0593	-2.3528	-1.8292	-2.0475	-2.4839	-2.7079	-3.2349	-2.4052	-0.76994	0.6076	0.88444	0.9845	0.84845	0.66569	0.48208	0.32187	0.22689	0.11654	0.031583	-0.034797	-0.19563	-0.25418	18.553
908.56	-0.59785	-0.82257	-1.2263	-1.3446	-1.3677	-1.5135	-1.6308	-1.738	-1.9373	-1.9543	-2.229	-2.213	-2.4266	-2.7853	-3.266	-1.8702	-0.66002	0.63171	0.89443	0.97964	0.83512	0.63702	0.43595	0.29111	0.18843	0.075757	0.010537	-0.095093	-0.28789	-0.34679	18.574
907.28	-0.63635	-0.81096	-1.277	-1.3416	-1.4553	-1.4903	-1.6729	-1.7742	-1.9253	-2.2412	-1.9327	-1.8309	-2.4469	-2.5225	-2.6888	-2.0487	-0.49038	0.7104	0.91832	0.96167	0.8229	0.6292	0.43988	0.28983	0.15559	0.085777	-0.0073865	-0.098316	-0.25606	-0.36529	18.601
903.66	-0.66983	-0.76131	-1.1058	-1.2886	-1.3976	-1.4636	-1.7706	-1.8423	-1.8151	-1.7332	-1.5082	-1.8207	-1.9165	-1.763	-2.2432	-1.4034	-0.31092	0.76775	0.93824	0.98672	0.80604	0.60547	0.40833	0.27404	0.15463	0.072852	-0.028703	-0.12663	-0.27582	-0.35689	18.616
899.39	-0.74035	-0.868	-1.0617	-1.2395	-1.3347	-1.5673	-1.6105	-1.7795	-1.6411	-1.9205	-1.4964	-1.5467	-1.6372	-1.6536	-2.3456	-1.3391	-0.18292	0.83163	0.99162	0.96833	0.79973	0.60659	0.40357	0.27875	0.12355	0.041533	-0.020613	-0.15371	-0.32505	-0.41145	18.61
896.41	-0.82077	-0.93714	-1.0515	-1.2739	-1.275	-1.589	-1.7849	-1.6795	-1.5558	-1.6753	-1.8235	-1.4632	-2.0511	-1.3893	-1.8013	-1.308	-0.12541	0.82158	0.99166	0.96443	0.77359	0.5892	0.37468	0.26258	0.10641	0.031637	-0.06855	-0.14641	-0.35532	-0.45261	18.613
898.75	-0.79617	-0.85733	-1.088	-1.2337	-1.4315	-1.6323	-1.708	-1.4961	-1.3838	-1.7247	-1.1952	-0.9291	-0.77277	-1.4698	-1.5764	-0.91386	-0.0057457	0.85231	0.97764	0.91397	0.76481	0.57007	0.39045	0.21587	0.087033	0.031555	-0.061786	-0.18813	-0.36809	-0.44647	18.586
901.1	-0.71654	-0.85349	-1.1821	-1.4243	-1.4709	-1.4477	-1.3818	-1.5143	-1.4394	-1.3269	-1.0601	-1.244	-1.6341	-1.1974	-1.8652	-1.0532	0.023178	0.8337	0.96533	0.9169	0.74091	0.54752	0.35435	0.21871	0.066168	0.0098472	-0.084612	-0.2063	-0.38592	-0.4453	18.604
902.16	-0.73119	-0.7722	-1.2096	-1.3625	-1.383	-1.284	-1.2954	-1.4429	-1.2769	-1.3075	-1.6613	-1.2778	-1.5307	-1.1122	-1.6253	-0.83963	0.067307	0.86729	0.99671	0.93705	0.73666	0.56441	0.37563	0.23034	0.1089	0.018143	-0.058271	-0.20606	-0.38717	-0.46125	18.64
901.74	-0.80042	-0.83682	-1.1235	-1.2296	-1.2562	-1.2956	-1.4	-1.3943	-1.3186	-1.1473	-1.0029	-0.9084	-1.1424	-1.163	-1.7541	-0.71614	0.13361	0.89501	1.0151	0.9251	0.73533	0.53661	0.33741	0.22025	0.075638	0.0015304	-0.094397	-0.20926	-0.41125	-0.49113	18.631
904.94	-0.83878	-0.92191	-1.0873	-1.1371	-1.2462	-1.2347	-1.301	-1.3182	-1.1831	-1.5705	-1.5999	-1.309	-1.5429	-1.443	-1.6203	-0.8018	0.14499	0.88458	1.0001	0.9183	0.71763	0.49977	0.33122	0.17375	0.050079	-0.028291	-0.12022	-0.24724	-0.4336	-0.52716	18.637
911.33	-0.80392	-0.89159	-1.0108	-1.0498	-1.167	-1.318	-1.2666	-1.2115	-1.0205	-1.312	-1.3277	-1.4567	-1.2977	-1.3831	-1.7175	-0.58601	0.22803	0.9054	0.99151	0.87508	0.68259	0.49626	0.30742	0.16749	0.04031	-0.036316	-0.11126	-0.26396	-0.48122	-0.54629	18.679
914.95	-0.83808	-0.79782	-1.0955	-1.0868	-1.118	-1.2661	-1.1874	-1.0995	-1.2429	-1.2892	-0.83989	-1.1905	-1.1592	-1.1462	-1.3682	-0.5139	0.30417	0.93052	1.0036	0.85417	0.67159	0.47874	0.28811	0.16013	0.040151	-0.055831	-0.12214	-0.24913	-0.47764	-0.57011	18.646
918.15	-0.87068	-0.83922	-1.1234	-1.1584	-1.2043	-1.2456	-1.1566	-1.1825	-1.1661	-0.84606	-1.0404	-0.85756	-1.1386	-0.97758	-1.1478	-0.59903	0.33148	0.91477	0.97616	0.84946	0.68249	0.47535	0.31498	0.1529	0.052476	-0.036046	-0.12977	-0.23147	-0.46257	-0.53738	18.691
922.41	-0.83299	-0.928	-1.0435	-1.1237	-1.0742	-1.1224	-1.1122	-1.0939	-1.0789	-0.80723	-0.64899	-0.64691	-0.86872	-0.92387	-0.87428	-0.33671	0.37978	0.94436	0.97961	0.86111	0.66616	0.47658	0.29394	0.16382	0.053783	-0.031005	-0.12757	-0.25167	-0.43373	-0.55745	18.709
928.37	-0.78917	-0.8175	-1.0648	-1.0922	-1.0364	-1.1523	-1.0429	-0.98623	-1.013	-0.94087	-1.1387	-0.95078	-1.0439	-1.0157	-1.0108	-0.47209	0.38394	0.93829	0.97015	0.82979	0.6308	0.45819	0.28232	0.13636	0.017997	-0.061482	-0.14269	-0.25609	-0.47239	-0.55227	18.661
932.63	-0.88713	-0.86346	-1.129	-1.1162	-1.0244	-1.0907	-1.0072	-1.0244	-1.0242	-0.91929	-0.98786	-0.91237	-1.0882	-0.92996	-0.79396	-0.38437	0.41176	0.92521	0.96415	0.83456	0.63606	0.44084	0.24875	0.11109	0.0041104	-0.09656	-0.15473	-0.28798	-0.49829	-0.58161	18.679
936.25	-0.86048	-0.905	-1.0068	-1.1087	-1.0457	-1.0707	-1.0064	-1.0254	-0.92227	-1.019	-0.83892	-0.84098	-0.80699	-0.79718	-0.94945	-0.02487	0.47072	0.93741	0.98393	0.80917	0.62712	0.43913	0.2703	0.13521	0.011734	-0.060965	-0.13675	-0.2749	-0.47499	-0.56032	18.747
937.95	-0.86886	-0.88019	-0.97881	-1.0762	-0.99694	-1.0268	-1.0384	-0.91572	-0.85118	-0.70797	-0.5477	-0.70394	-0.57784	-0.71512	-0.84222	-0.21203	0.47804	0.92521	0.97432	0.78388	0.61788	0.44002	0.25376	0.12353	-0.005063	-0.083227	-0.1712	-0.29531	-0.50038	-0.5894	18.682
941.15	-0.85436	-0.87412	-0.94618	-0.99257	-0.9774	-1.0233	-0.9766	-0.97285	-0.83257	-0.96233	-0.81652	-0.81971	-0.88384	-0.77696	-0.78677	-0.26218	0.50083	0.91684	0.9336	0.76765	0.56415	0.3982	0.2241	0.10358	-0.012646	-0.098871	-0.19421	-0.30176	-0.50196	-0.58582	18.738
945.83	-0.85341	-0.87133	-0.93988	-1.0147	-0.99221	-1.0009	-0.92907	-0.90324	-0.87225	-1.0427	-0.88429	-0.88286	-0.9601	-0.85305	-0.8352	-0.22713	0.48053	0.91751	0.95225	0.75373	0.56296	0.37951	0.23732	0.088483	-0.033759	-0.10314	-0.20263	-0.30175	-0.49785	-0.57978	18.753
948.59	-0.78871	-0.77869	-0.93714	-0.96414	-0.95725	-0.95294	-0.87162	-0.9216	-0.85255	-0.80194	-0.828	-0.86353	-0.86083	-0.91432	-0.95448	-0.15917	0.49852	0.91829	0.94019	0.74985	0.55652	0.39007	0.22711	0.097918	-0.03366	-0.094935	-0.1802	-0.29496	-0.49153	-0.57026	18.738
949.87	-0.7991	-0.79442	-0.94233	-0.94383	-0.91149	-0.96548	-0.90537	-0.94133	-0.89658	-1.0552	-1.0415	-0.79547	-1.0524	-0.91309	-1.179	-0.31018	0.49623	0.92397	0.9482	0.76228	0.55417	0.39454	0.21888	0.09456	-0.02006	-0.083762	-0.16438	-0.27686	-0.486	-0.53195	18.801
950.93	-0.77861	-0.76154	-0.92839	-0.91269	-0.90869	-0.94369	-0.91953	-0.96928	-0.87379	-0.9016	-0.87955	-0.79458	-0.7785	-0.95977	-0.88275	-0.058068	0.51502	0.91948	0.93788	0.76311	0.57112	0.39078	0.23288	0.078341	-0.032071	-0.082091	-0.18754	-0.27655	-0.46442	-0.53917	18.813
954.55	-0.75614	-0.745	-0.84943	-0.90135	-0.90525	-0.95043	-0.91	-0.92227	-0.90459	-1.0838	-0.9118	-1.0579	-0.80751	-1.0195	-0.81029	-0.24177	0.47454	0.90568	0.89744	0.74015	0.53395	0.37107	0.20519	0.084465	-0.040942	-0.10219	-0.18993	-0.27403	-0.46589	-0.51066	18.768
956.89	-0.73644	-0.75983	-0.83294	-0.88656	-0.90657	-0.90179	-0.89873	-0.92482	-0.86836	-1.0138	-0.94508	-0.90586	-0.8693	-0.9854	-0.91174	-0.32458	0.54063	0.91548	0.91058	0.73835	0.52947	0.36521	0.21413	0.068245	-0.055792	-0.094112	-0.17555	-0.2924	-0.46153	-0.52805	18.789
957.74	-0.72443	-0.74555	-0.79861	-0.90149	-0.84224	-0.85985	-0.90396	-0.9192	-0.86759	-0.5756	-0.66053	-0.82211	-0.70925	-0.73192	-0.97982	-0.090983	0.51935	0.92323	0.94194	0.75102	0.56865	0.39626	0.21551	0.10338	0.0025098	-0.058031	-0.15531	-0.27165	-0.4097	-0.45931	18.819
955.19	-0.65971	-0.72176	-0.80715	-0.92124	-0.85157	-0.88621	-0.90335	-0.96497	-0.85596	-0.67832	-0.92899	-0.75778	-0.79099	-1.0188	-0.68886	-0.057809	0.54159	0.93773	0.92756	0.74467	0.55109	0.35261	0.22712	0.0812	-0.015455	-0.078587	-0.16502	-0.26651	-0.40918	-0.48387	18.765
953.91	-0.68013	-0.71969	-0.87088	-0.8767	-0.92889	-0.95623	-0.87885	-0.9004	-0.84315	-1.0677	-0.89461	-1.1252	-0.82403	-1.0519	-1.0011	-0.39253	0.54393	0.90457	0.94572	0.73396	0.54545	0.39287	0.21164	0.1038	-0.024473	-0.084977	-0.17144	-0.2845	-0.44038	-0.46427	18.759
954.55	-0.67967	-0.71162	-0.85264	-0.91712	-0.94597	-0.96935	-0.8964	-0.92388	-0.83794	-0.99946	-0.68052	-0.9913	-0.90339	-0.75022	-1.0349	-0.17489	0.53875	0.89192	0.93894	0.74684	0.54668	0.36776	0.18311	0.076439	-0.018464	-0.095912	-0.18063	-0.28137	-0.44331	-0.49976	18.789
953.49	-0.70649	-0.74583	-0.86484	-0.8692	-0.91335	-0.95494	-0.90345	-0.88152	-0.82335	-1.0006	-0.85939	-0.84243	-1.0484	-0.79862	-0.72469	-0.10812	0.5506	0.93596	0.93537	0.74266	0.54251	0.38144	0.21331	0.08938	-0.025986	-0.11646	-0.18083	-0.28756	-0.45026	-0.52681	18.816
951.78	-0.70775	-0.74108	-0.86478	-0.94509	-0.9061	-0.94802	-0.88839	-0.88631	-0.81239	-0.93464	-0.78956	-0.91071	-1.2105	-1.0225	-0.8993	-0.15864	0.56124	0.93936	0.95091	0.74566	0.56901	0.38046	0.19629	0.071832	-0.01551	-0.080444	-0.15006	-0.25863	-0.43328	-0.48404	18.831
950.08	-0.72864	-0.7668	-0.86955	-0.94203	-0.92018	-0.94972	-0.85962	-0.82339	-0.77646	-0.61415	-0.77309	-0.59463	-0.81131	-0.67417	-0.79674	0.0090721	0.58644	0.92376	0.94953	0.75371	0.55085	0.38114	0.22834	0.0897	-0.0065047	-0.08532	-0.15189	-0.26499	-0.41624	-0.49429	18.819
951.36	-0.70481	-0.75055	-0.93925	-0.96451	-0.91717	-0.91911	-0.81298	-0.84484	-0.78475	-0.69799	-0.87915	-0.97791	-0.87435	-0.73683	-0.79567	-0.0077076	0.55344	0.92598	0.94517	0.76445	0.5549	0.35902	0.19954	0.087969	-0.014014	-0.10411	-0.17812	-0.28379	-0.41568	-0.48894	18.795
952.42	-0.67956	-0.73602	-0.89154	-0.97291	-0.90727	-0.87499	-0.79087	-0.83424	-0.75902	-0.84944	-0.80685	-0.86006	-0.79329	-0.87889	-0.89869	-0.057977	0.55604	0.93356	0.9472	0.73678	0.54152	0.35696	0.20881	0.087871	-0.035026	-0.086684	-0.17637	-0.25404	-0.44592	-0.50712	18.777
952.42	-0.70402	-0.771	-0.89476	-0.97766	-0.86291	-0.86465	-0.82873	-0.82137	-0.77456	-0.78179	-0.84253	-0.77665	-0.9054	-0.68838	-0.69086	0.042563	0.57212	0.96631	0.96876	0.75186	0.55109	0.37854	0.22145	0.094307	-0.026015	-0.096127	-0.1655	-0.24963	-0.40067	-0.46187	18.816
950.72	-0.67098	-0.81352	-0.93827	-0.91448	-0.85379	-0.83339	-0.80139	-0.83251	-0.75727	-0.80014	-0.86189	-0.61093	-0.8589	-0.99179	-0.7268	0.059434	0.58765	0.95768	0.96278	0.75489	0.57444	0.37589	0.22501	0.099309	-0.0095079	-0.07265	-0.16424	-0.25892	-0.4192	-0.46426	18.807
951.36	-0.72929	-0.81297	-0.97468	-0.90754	-0.85499	-0.85353	-0.82814	-0.85128	-0.79409	-0.91814	-1.0934	-0.97791	-0.85832	-1.0388	-1.0384	-0.091593	0.55505	0.9346	0.92975	0.71579	0.5533	0.3424	0.17739	0.073474	-0.030554	-0.10569	-0.19212	-0.28084	-0.44965	-0.49363	18.822
952.42	-0.7513	-0.7999	-0.97037	-0.89704	-0.87888	-0.84569	-0.7939	-0.82137	-0.79786	-0.79871	-0.75337	-0.97682	-0.87337	-0.92652	-0.86404	-0.057977	0.56247	0.94735	0.92255	0.71835	0.53993	0.35032	0.15665	0.095915	-0.044037	-0.104	-0.16084	-0.28347	-0.41845	-0.50244	18.858
948.59	-0.65447	-0.70692	-0.93229	-0.9086	-0.81829	-0.79545	-0.77429	-0.86184	-0.79796	-0.68304	-0.77431	-0.66255	-1.0055	-0.67523	-0.74582	-0.00773	0.60674	0.92175	0.94638	0.73134	0.51169	0.33673	0.17949	0.049459	-0.042708	-0.11706	-0.188	-0.28166	-0.47855	-0.52483	18.822
943.27	-0.71414	-0.80151	-0.94567	-0.92011	-0.82112	-0.81212	-0.80619	-0.87157	-0.76638	-0.65274	-0.76068	-0.66629	-0.80098	-0.79124	-0.80249	0.19526	0.58579	0.93391	0.9315	0.71854	0.53872	0.33695	0.1821	0.074104	-0.036881	-0.11454	-0.17181	-0.31445	-0.46003	-0.52622	18.807
937.1	-0.75033	-0.76196	-0.89631	-0.92295	-0.83734	-0.85075	-0.81765	-0.7743	-0.70827	-0.58828	-0.74754	-0.80631	-0.61092	-0.82871	-0.75497	0.12842	0.6011	0.96284	0.9392	0.72839	0.53255	0.34592	0.18652	0.068051	-0.061548	-0.11849	-0.19978	-0.29259	-0.45485	-0.51699	18.849
935.4	-0.71849	-0.69676	-0.90285	-0.8683	-0.84971	-0.86634	-0.79909	-0.7708	-0.74753	-0.58935	-0.80339	-0.6719	-0.82404	-0.86256	-0.80925	-0.093156	0.594	0.94528	0.93463	0.73142	0.52702	0.34655	0.17237	0.082918	-0.04178	-0.1155	-0.19698	-0.29912	-0.45404	-0.50999	18.816
931.78	-0.67795	-0.73833	-0.85374	-0.87168	-0.85845	-0.84328	-0.75111	-0.8001	-0.71867	-0.76453	-0.86119	-0.67451	-0.64715	-0.88214	-0.90089	-0.093517	0.60453	0.956	0.93039	0.71542	0.53885	0.35468	0.1892	0.058574	-0.043478	-0.10952	-0.20092	-0.28674	-0.43763	-0.51038	18.81
928.8	-0.62161	-0.69236	-0.85318	-0.88258	-0.79388	-0.78589	-0.77371	-0.80927	-0.71779	-0.76699	-0.77253	-0.77931	-0.78062	-0.67333	-0.67292	0.26705	0.60647	0.96261	0.9476	0.74005	0.55857	0.35412	0.19953	0.075259	-0.020515	-0.090502	-0.15378	-0.25598	-0.40092	-0.45282	18.894
924.97	-0.72827	-0.73751	-0.86831	-0.87647	-0.79169	-0.79625	-0.75197	-0.80268	-0.68557	-0.38699	-0.50032	-0.50773	-0.58595	-0.61074	-0.5687	0.31993	0.61727	0.97547	0.96104	0.74657	0.56417	0.36755	0.19873	0.083853	-0.008227	-0.11357	-0.17201	-0.28128	-0.4342	-0.48683	18.825
923.9	-0.67533	-0.73052	-0.8378	-0.86444	-0.8365	-0.79716	-0.76689	-0.80361	-0.71359	-0.78848	-0.75822	-0.85222	-0.98289	-0.85692	-1.0157	-0.18069	0.61798	0.9375	0.9415	0.71461	0.51057	0.35086	0.16637	0.075658	-0.043849	-0.11856	-0.18502	-0.27857	-0.44802	-0.45361	18.81
926.03	-0.65533	-0.62716	-0.83753	-0.84945	-0.81998	-0.82369	-0.7511	-0.79018	-0.72633	-0.85627	-0.9949	-1.039	-0.8818	-0.88762	-1.049	-0.11132	0.58347	0.94244	0.95359	0.72158	0.51267	0.34493	0.21151	0.058937	-0.03448	-0.12315	-0.19258	-0.27339	-0.42373	-0.47183	18.84
927.31	-0.60586	-0.72159	-0.79672	-0.82717	-0.83161	-0.79955	-0.76251	-0.80892	-0.74767	-0.68135	-0.71883	-0.66062	-0.92992	-0.69072	-0.69178	0.21584	0.60745	0.94114	0.95545	0.7378	0.52343	0.35128	0.169	0.053899	-0.051401	-0.11489	-0.18593	-0.28057	-0.44804	-0.47759	18.834
926.24	-0.67194	-0.71147	-0.81253	-0.84926	-0.78148	-0.77565	-0.74003	-0.79165	-0.7038	-0.92563	-0.6463	-0.8329	-0.74984	-0.72417	-0.78162	0.11269	0.628	0.9564	0.95654	0.72486	0.53059	0.35339	0.18383	0.085391	-0.045282	-0.089134	-0.17497	-0.29905	-0.46351	-0.50862	18.861
925.82	-0.71754	-0.7603	-0.82117	-0.82038	-0.76541	-0.76182	-0.77932	-0.75395	-0.69134	-0.75205	-0.57323	-0.81614	-0.76667	-0.64284	-0.74635	0.11274	0.62663	0.94088	0.95857	0.7252	0.52592	0.35184	0.19041	0.072191	-0.029851	-0.11346	-0.17984	-0.2901	-0.47369	-0.52651	18.84
930.08	-0.73763	-0.72255	-0.79765	-0.80367	-0.78553	-0.79893	-0.74783	-0.71261	-0.67703	-0.62736	-0.71669	-0.62449	-0.66474	-0.68867	-0.7784	0.095072	0.61058	0.95599	0.93525	0.70643	0.51698	0.34513	0.17497	0.053738	-0.045095	-0.11616	-0.18856	-0.30686	-0.45994	-0.52889	18.87
932.21	-0.72761	-0.70226	-0.77281	-0.7873	-0.77829	-0.77773	-0.72601	-0.7044	-0.65485	-0.53953	-0.84256	-1.0151	-0.66322	-0.73575	-0.84741	-0.024978	0.64535	0.95557	0.94885	0.7305	0.5386	0.33586	0.16812	0.043754	-0.037319	-0.12394	-0.18178	-0.30014	-0.4688	-0.53087	18.873
932.21	-0.70263	-0.67273	-0.7761	-0.76308	-0.77648	-0.75132	-0.69197	-0.69454	-0.62152	-0.79874	-0.69683	-0.72533	-0.69595	-0.63843	-0.63507	0.23183	0.64699	0.94852	0.95672	0.71852	0.54349	0.34604	0.17781	0.047043	-0.058803	-0.1159	-0.20559	-0.33021	-0.4688	-0.54522	18.891
929.86	-0.69605	-0.72583	-0.77476	-0.77633	-0.74936	-0.70554	-0.66579	-0.6897	-0.64537	-0.47158	-0.66204	-0.53921	-0.51725	-0.7376	-0.4238	0.077939	0.66015	0.95797	0.97175	0.74951	0.53016	0.36052	0.18311	0.037272	-0.054335	-0.13876	-0.20134	-0.30994	-0.48984	-0.51942	18.852
929.86	-0.75283	-0.73986	-0.78464	-0.80062	-0.75117	-0.74615	-0.6782	-0.71112	-0.72493	-0.8354	-0.89948	-0.98344	-0.86175	-0.90021	-0.90275	-0.11087	0.63873	0.92619	0.92758	0.69458	0.4877	0.318	0.1394	0.029033	-0.086641	-0.15649	-0.20929	-0.32803	-0.48488	-0.54979	18.864
933.06	-0.75857	-0.74664	-0.79181	-0.75109	-0.71057	-0.71544	-0.67433	-0.70869	-0.6717	-0.64263	-0.87821	-0.91196	-0.71167	-0.8323	-0.65216	-0.024955	0.61192	0.97053	0.93698	0.71444	0.52184	0.34233	0.16474	0.065063	-0.052617	-0.12704	-0.2165	-0.30587	-0.47662	-0.54313	18.912
933.06	-0.71364	-0.72025	-0.76225	-0.74947	-0.68159	-0.69257	-0.66969	-0.73168	-0.65267	-0.5563	-0.65977	-0.72467	-0.69531	-0.86472	-0.56376	0.094768	0.66775	0.9371	0.92755	0.74523	0.52672	0.34064	0.17603	0.037145	-0.055683	-0.13989	-0.22443	-0.3254	-0.47827	-0.53357	18.894
929.86	-0.72277	-0.72895	-0.76817	-0.71319	-0.72209	-0.73732	-0.69216	-0.69794	-0.70583	-0.88738	-0.91775	-0.6759	-0.79614	-0.72135	-0.61892	0.026441	0.6651	0.94562	0.9402	0.68428	0.50729	0.3299	0.17016	0.058694	-0.052798	-0.1307	-0.19974	-0.28733	-0.4435	-0.51303	18.918
926.88	-0.73347	-0.70785	-0.73427	-0.7236	-0.68248	-0.6901	-0.65392	-0.71837	-0.67139	-0.50786	-0.68252	-0.60951	-0.61765	-0.70735	-0.46075	0.33647	0.66228	0.94866	0.95272	0.7192	0.52204	0.32755	0.16258	0.057231	-0.051425	-0.11656	-0.18123	-0.3064	-0.45655	-0.50666	18.861
927.95	-0.67908	-0.71016	-0.73508	-0.7536	-0.69991	-0.70877	-0.6967	-0.75057	-0.75034	-0.80241	-0.62682	-0.62592	-0.63339	-0.91836	-0.79797	0.28448	0.67142	0.95287	0.93108	0.69945	0.52962	0.31695	0.14293	0.057165	-0.072948	-0.12451	-0.20494	-0.30907	-0.46266	-0.5301	18.849
926.67	-0.66828	-0.66112	-0.73609	-0.70103	-0.67352	-0.68672	-0.71323	-0.78136	-0.737	-0.5949	-0.86594	-0.9354	-0.91411	-0.90332	-0.79907	0.12987	0.64259	0.96128	0.92761	0.68836	0.52052	0.32763	0.14962	0.042362	-0.068417	-0.12306	-0.20522	-0.30647	-0.45665	-0.52602	18.87
925.39	-0.6776	-0.68082	-0.74373	-0.71338	-0.68724	-0.73024	-0.72356	-0.78079	-0.70125	-0.64795	-0.88548	-0.73067	-0.70107	-0.70849	-0.67539	0.061061	0.66169	0.97147	0.9384	0.71863	0.51959	0.35201	0.17586	0.070568	-0.026775	-0.098934	-0.16873	-0.28418	-0.44231	-0.485	18.924
923.05	-0.66922	-0.67784	-0.74064	-0.73313	-0.71461	-0.75521	-0.77228	-0.79107	-0.69501	-0.3878	-0.61174	-0.4055	-0.70285	-0.79219	-0.69497	0.18225	0.66005	0.9935	0.96303	0.73948	0.5242	0.32549	0.16978	0.042528	-0.062485	-0.11542	-0.19801	-0.27731	-0.45677	-0.51843	18.849
921.35	-0.67383	-0.63664	-0.72039	-0.7541	-0.73978	-0.80828	-0.78467	-0.79586	-0.7236	-0.84313	-0.88937	-0.75111	-0.85316	-0.79366	-0.71416	0.078659	0.65628	0.94901	0.93775	0.701	0.50374	0.30721	0.14232	0.032629	-0.057944	-0.13679	-0.20159	-0.2976	-0.44593	-0.5081	18.885
921.98	-0.71042	-0.68648	-0.75313	-0.7699	-0.77592	-0.80594	-0.76692	-0.74545	-0.68619	-0.66781	-1.0545	-0.78507	-0.72021	-0.8423	-0.96414	0.061287	0.64586	0.9715	0.94982	0.70744	0.51163	0.33444	0.19447	0.040916	-0.071866	-0.12206	-0.19664	-0.31411	-0.42892	-0.50774	18.9
921.98	-0.70705	-0.69119	-0.73983	-0.78297	-0.80892	-0.79526	-0.72624	-0.73548	-0.70544	-0.70275	-0.81508	-0.87121	-0.68713	-1.1539	-0.60633	0.095906	0.65915	0.98041	0.94664	0.73687	0.54787	0.3636	0.17815	0.057535	-0.050146	-0.10743	-0.20948	-0.29739	-0.43226	-0.50613	18.897
919.64	-0.7021	-0.71343	-0.75838	-0.79806	-0.80914	-0.79193	-0.69672	-0.74568	-0.70241	-0.52938	-0.79868	-0.76979	-0.83816	-0.99243	-0.66167	-0.0079734	0.6575	0.96684	0.95384	0.73007	0.53275	0.34045	0.17696	0.059347	-0.04094	-0.10118	-0.16818	-0.27986	-0.43002	-0.48803	18.879
918.15	-0.71846	-0.70827	-0.76128	-0.81247	-0.75892	-0.73958	-0.69314	-0.73021	-0.73095	-0.75833	-0.63351	-0.94408	-0.57368	-0.69761	-0.60886	0.026778	0.67025	0.98092	0.96658	0.73995	0.54023	0.36167	0.20184	0.10116	-0.014521	-0.093185	-0.17006	-0.26047	-0.42066	-0.49854	18.915
921.56	-0.73939	-0.70723	-0.78174	-0.77679	-0.73227	-0.74575	-0.72344	-0.75743	-0.65279	-0.5982	-0.70488	-0.66474	-0.62122	-0.76066	-0.535	0.13059	0.67774	0.96839	0.963	0.71989	0.53164	0.34489	0.2011	0.067537	-0.039302	-0.09284	-0.17425	-0.29449	-0.45584	-0.53862	18.876
922.62	-0.75032	-0.71583	-0.79412	-0.76774	-0.75157	-0.73421	-0.72886	-0.71338	-0.68732	-0.5102	-0.59363	-0.5951	-0.70318	-0.85811	-0.73106	0.043938	0.6753	0.97795	0.94917	0.72944	0.52445	0.33763	0.16334	0.055835	-0.040808	-0.12848	-0.18848	-0.29567	-0.46199	-0.52672	18.873
922.84	-0.76193	-0.73764	-0.77402	-0.75777	-0.74774	-0.76073	-0.70994	-0.67669	-0.69036	-0.75448	-0.81433	-0.83598	-0.73607	-0.74322	-0.71301	0.19958	0.69009	0.9795	0.97597	0.75003	0.53749	0.35641	0.19266	0.075745	-0.0346	-0.086215	-0.16279	-0.27434	-0.46855	-0.54753	18.918
923.26	-0.76999	-0.72004	-0.77864	-0.75416	-0.70529	-0.71592	-0.66586	-0.68467	-0.68844	-0.50985	-0.68519	-0.54306	-0.53746	-0.75926	-0.37322	0.37237	0.68479	0.9915	0.96122	0.74795	0.54876	0.35282	0.21377	0.062433	-0.040779	-0.1089	-0.20278	-0.29546	-0.48668	-0.55372	18.867
922.84	-0.78212	-0.74863	-0.75409	-0.76267	-0.7514	-0.74827	-0.6818	-0.73812	-0.68395	-0.7021	-0.99834	-0.7499	-0.68649	-0.93984	-0.58789	0.0093399	0.67514	0.9795	0.92192	0.71197	0.52268	0.30843	0.16982	0.045858	-0.076452	-0.13819	-0.21249	-0.31989	-0.49357	-0.56524	18.87
925.82	-0.73767	-0.70554	-0.78476	-0.78623	-0.70882	-0.72459	-0.72479	-0.73574	-0.66417	-0.69984	-0.75665	-0.85045	-0.83257	-0.82248	-0.56817	0.23343	0.66139	0.96571	0.94748	0.72864	0.53084	0.33476	0.18066	0.040746	-0.034488	-0.12156	-0.19582	-0.30978	-0.49364	-0.55219	18.903
927.73	-0.71606	-0.70408	-0.76828	-0.75053	-0.69825	-0.71778	-0.66732	-0.67642	-0.6596	-0.6984	-0.70018	-0.60895	-0.68287	-0.86968	-0.78036	0.26735	0.69801	0.95663	0.95817	0.70821	0.53629	0.33918	0.17055	0.035707	-0.066796	-0.12131	-0.19701	-0.33029	-0.48599	-0.54624	18.891
926.88	-0.72007	-0.71723	-0.74088	-0.76259	-0.72077	-0.74323	-0.71151	-0.72663	-0.69054	-0.45573	-0.60921	-0.69522	-0.71641	-0.67472	-0.60313	0.12984	0.67716	0.96637	0.95272	0.72436	0.52367	0.33438	0.15609	0.062189	-0.060684	-0.12303	-0.23072	-0.33513	-0.46485	-0.55636	18.912
925.18	-0.70796	-0.69506	-0.69753	-0.72494	-0.71662	-0.70379	-0.67228	-0.68822	-0.67742	-0.6481	-0.57363	-0.45607	-0.4869	-0.67596	-0.74686	0.30258	0.70656	0.96815	0.96082	0.705	0.54762	0.35209	0.17265	0.073898	-0.032964	-0.1103	-0.17837	-0.29636	-0.46071	-0.5076	18.903
927.52	-0.72794	-0.70893	-0.7222	-0.74258	-0.71845	-0.71086	-0.68458	-0.70466	-0.647	-0.71593	-0.71866	-0.5577	-0.68302	-0.73946	-0.85169	0.060921	0.69486	0.99048	0.97421	0.7101	0.51513	0.35802	0.19006	0.037366	-0.048304	-0.13588	-0.20025	-0.30015	-0.47614	-0.55117	18.879
927.52	-0.72459	-0.69019	-0.74037	-0.76531	-0.71299	-0.70201	-0.6768	-0.71787	-0.62785	-0.69856	-0.7736	-0.72899	-0.7488	-0.90249	-0.42487	0.11253	0.6866	0.95331	0.94732	0.7101	0.50039	0.32733	0.16734	0.034064	-0.048304	-0.13749	-0.20982	-0.27899	-0.46287	-0.52874	18.891
927.52	-0.71622	-0.74172	-0.75194	-0.74096	-0.69295	-0.70201	-0.69857	-0.66171	-0.63583	-0.52488	-0.68205	-0.74611	-0.83104	-0.56014	-0.47821	0.31904	0.72625	0.99225	0.98528	0.73591	0.52659	0.34097	0.17546	0.067102	-0.045219	-0.11487	-0.1827	-0.30619	-0.46785	-0.53996	18.927
926.67	-0.74034	-0.71427	-0.71294	-0.72702	-0.69905	-0.6938	-0.65719	-0.67389	-0.66515	-0.47321	-0.4261	-0.50679	-0.51903	-0.57697	-0.44305	0.1471	0.68558	0.98431	0.94819	0.71592	0.52543	0.36005	0.17887	0.077084	-0.043718	-0.10042	-0.18766	-0.32613	-0.49651	-0.54046	18.849
927.73	-0.76125	-0.71345	-0.75011	-0.7132	-0.69461	-0.7107	-0.65954	-0.72431	-0.65323	-0.64632	-0.77342	-0.95144	-0.86373	-0.7719	-0.83371	-0.0079038	0.69635	0.96017	0.93761	0.69961	0.50682	0.32384	0.1527	0.0291	-0.074506	-0.14231	-0.21296	-0.31972	-0.50258	-0.55425	18.924
931.35	-0.74829	-0.75267	-0.7291	-0.72175	-0.68284	-0.67797	-0.68641	-0.72479	-0.66657	-0.83407	-0.84333	-0.82833	-0.97503	-0.89877	-0.49396	0.026398	0.70516	0.9723	0.95917	0.71061	0.52442	0.33107	0.16019	0.045439	-0.058856	-0.12405	-0.19784	-0.31847	-0.51715	-0.56486	18.936
934.34	-0.7725	-0.75957	-0.73333	-0.72267	-0.67523	-0.70041	-0.69502	-0.69624	-0.62486	-0.59002	-0.69524	-0.68967	-0.44946	-0.87973	-0.61596	0.1288	0.68979	0.95866	0.94198	0.69467	0.51137	0.34186	0.1774	0.063334	-0.072449	-0.1413	-0.20987	-0.33696	-0.51385	-0.58691	18.885
936.25	-0.70954	-0.75647	-0.71383	-0.68742	-0.70093	-0.71476	-0.71825	-0.71773	-0.68047	-0.69204	-0.89334	-0.77311	-0.90476	-0.79718	-0.49137	0.043298	0.68184	0.96196	0.93378	0.71371	0.51357	0.31921	0.15131	0.04684	-0.041742	-0.14902	-0.21419	-0.31082	-0.48814	-0.55397	18.933
938.17	-0.7263	-0.69316	-0.70584	-0.70206	-0.7103	-0.74305	-0.70756	-0.70319	-0.64281	-0.69063	-0.62	-0.63605	-0.72404	-0.52155	-0.63104	0.16231	0.70168	0.946	0.94595	0.71225	0.52223	0.34721	0.17186	0.058175	-0.038606	-0.13114	-0.1759	-0.31317	-0.4691	-0.52433	18.897
945.4	-0.66161	-0.67254	-0.7134	-0.70465	-0.69593	-0.72694	-0.67621	-0.67188	-0.62537	-0.58311	-0.70507	-0.61437	-0.73464	-0.6615	-0.38192	0.076658	0.68334	0.94918	0.93871	0.72875	0.50378	0.32113	0.15781	0.041522	-0.054956	-0.13014	-0.18238	-0.28113	-0.459	-0.51088	18.885
949.87	-0.66177	-0.67242	-0.71166	-0.7473	-0.714	-0.71142	-0.69732	-0.65743	-0.65825	-0.80086	-0.73749	-0.44422	-0.61877	-0.72206	-0.65799	0.1435	0.66077	0.92051	0.91576	0.69675	0.46463	0.33461	0.13805	0.031649	-0.051686	-0.13268	-0.19242	-0.29456	-0.4374	-0.50692	18.876
952.42	-0.66489	-0.66606	-0.71941	-0.69156	-0.67128	-0.69573	-0.64245	-0.68784	-0.64562	-0.59572	-0.64636	-0.70993	-0.77728	-0.65663	-0.4657	0.15988	0.66383	0.96286	0.93333	0.73008	0.51123	0.32873	0.18984	0.073392	-0.033525	-0.10714	-0.1686	-0.26287	-0.41522	-0.4806	18.933
953.27	-0.67733	-0.62748	-0.69787	-0.66883	-0.66714	-0.6555	-0.64793	-0.7017	-0.67142	-0.67969	-0.7705	-0.6093	-0.68057	-0.90983	-0.69025	0.10949	0.65841	0.94134	0.90634	0.69929	0.51077	0.33507	0.18177	0.055647	-0.050001	-0.11491	-0.17621	-0.27881	-0.43745	-0.50199	18.84
955.4	-0.66119	-0.65792	-0.68188	-0.67522	-0.66565	-0.66263	-0.69178	-0.73381	-0.69626	-0.67817	-0.76879	-0.92389	-0.75889	-0.87615	-0.91317	0.20949	0.60402	0.92721	0.91046	0.68604	0.48738	0.32108	0.13567	0.037882	-0.04989	-0.13348	-0.18202	-0.28992	-0.41715	-0.48687	18.864
959.44	-0.6584	-0.63552	-0.66943	-0.7069	-0.69103	-0.70262	-0.70841	-0.7403	-0.66094	-0.64174	-0.85406	-0.92	-0.78749	-0.76214	-0.90932	0.058894	0.6398	0.94213	0.91733	0.69479	0.48849	0.31644	0.14765	0.050497	-0.055643	-0.12511	-0.18125	-0.25657	-0.42501	-0.48173	18.903
959.01	-0.66841	-0.65544	-0.69209	-0.68052	-0.70015	-0.72176	-0.71023	-0.70708	-0.68283	-0.74282	-0.90755	-0.80444	-0.77194	-0.65212	-0.58292	0.042271	0.64488	0.94939	0.91621	0.71507	0.50613	0.31823	0.18853	0.061704	-0.043734	-0.10328	-0.17516	-0.29029	-0.43002	-0.51913	18.867
956.68	-0.66355	-0.65856	-0.7034	-0.71681	-0.69833	-0.72181	-0.66975	-0.71041	-0.68141	-0.66044	-0.679	-0.78981	-0.67815	-0.89078	-0.5671	0.14248	0.64966	0.93799	0.92458	0.70347	0.528	0.32231	0.16539	0.060252	-0.031878	-0.11293	-0.18641	-0.28514	-0.42785	-0.49399	18.903
954.55	-0.64063	-0.65699	-0.70015	-0.72314	-0.69103	-0.69074	-0.65159	-0.66384	-0.65348	-0.57752	-0.76947	-0.6917	-0.408	-0.92446	-0.49924	0.12607	0.67519	0.96932	0.9374	0.71006	0.52759	0.35285	0.17837	0.073229	-0.019961	-0.091203	-0.17133	-0.27697	-0.403	-0.47641	18.903
957.31	-0.68096	-0.6566	-0.76215	-0.73677	-0.67315	-0.67331	-0.66327	-0.72114	-0.67632	-0.59268	-0.62533	-0.73949	-0.70956	-0.95338	-0.72179	0.29242	0.65883	0.94079	0.90711	0.703	0.52448	0.33696	0.16685	0.065014	-0.043812	-0.097202	-0.17238	-0.28788	-0.44043	-0.51229	18.891
957.1	-0.69084	-0.67794	-0.7335	-0.7275	-0.68389	-0.71462	-0.68	-0.68288	-0.67802	-0.87895	-0.62546	-0.73966	-0.69379	-0.66922	-0.94599	0.19244	0.63657	0.92728	0.9441	0.69149	0.48969	0.31886	0.16689	0.053824	-0.057273	-0.11915	-0.20179	-0.27184	-0.4357	-0.49688	18.921
955.61	-0.65942	-0.67445	-0.74266	-0.70185	-0.68849	-0.71574	-0.66143	-0.68394	-0.67752	-0.54317	-0.5909	-0.72418	-0.53524	-0.79684	-0.46415	0.15935	0.67123	0.95278	0.91947	0.71595	0.51588	0.3326	0.19078	0.073147	-0.025928	-0.073846	-0.14946	-0.24586	-0.40578	-0.4821	18.963
952.21	-0.70254	-0.70728	-0.71796	-0.71542	-0.68208	-0.68381	-0.66228	-0.69765	-0.65042	-0.69737	-0.55734	-0.57661	-0.53715	-0.51386	-0.41385	0.27724	0.70742	0.95618	0.93508	0.70677	0.5241	0.34541	0.17091	0.073409	-0.042545	-0.12133	-0.18729	-0.30708	-0.4638	-0.53688	18.843
951.78	-0.71591	-0.70912	-0.75692	-0.73473	-0.71612	-0.71344	-0.69441	-0.70923	-0.64916	-0.5792	-0.98583	-0.76049	-0.58547	-0.81592	-0.57001	0.059368	0.65461	0.94971	0.917	0.69535	0.49561	0.30735	0.16466	0.041244	-0.065108	-0.14029	-0.20603	-0.30575	-0.47533	-0.54337	18.855
952	-0.74348	-0.73483	-0.77928	-0.75038	-0.68756	-0.71846	-0.69274	-0.68654	-0.66145	-0.71446	-0.91424	-0.86044	-0.84172	-0.81574	-0.63919	0.0090538	0.65768	0.9288	0.91526	0.69017	0.48434	0.31559	0.17569	0.065377	-0.045559	-0.12294	-0.18267	-0.30273	-0.47522	-0.53388	18.882
949.44	-0.7144	-0.72765	-0.77331	-0.73178	-0.68229	-0.68753	-0.68092	-0.68193	-0.62582	-0.52974	-0.63051	-0.59503	-0.84398	-0.81793	-0.69303	0.17719	0.67075	0.92093	0.9239	0.69034	0.49843	0.33642	0.15872	0.047802	-0.048696	-0.128	-0.20498	-0.29764	-0.47326	-0.51653	18.879
942	-0.71511	-0.74416	-0.74851	-0.74715	-0.69665	-0.71737	-0.67099	-0.70359	-0.69674	-0.72204	-0.63549	-0.73465	-0.62394	-0.88862	-0.64597	0.043034	0.67117	0.94738	0.92809	0.70427	0.5056	0.33405	0.16317	0.059566	-0.044524	-0.12902	-0.2066	-0.3	-0.44922	-0.51904	18.915
934.55	-0.68757	-0.71135	-0.73645	-0.72411	-0.67869	-0.69849	-0.65937	-0.71411	-0.6073	-0.57264	-0.40433	-0.75751	-0.41673	-0.5721	-0.35106	0.41911	0.70603	0.96547	0.9449	0.72184	0.534	0.32825	0.1677	0.071517	-0.028042	-0.10598	-0.19874	-0.28589	-0.46598	-0.50728	18.912
931.14	-0.70343	-0.7015	-0.74737	-0.72838	-0.70659	-0.70634	-0.67727	-0.66901	-0.69692	-0.71315	-0.5882	-0.53847	-0.66398	-0.83401	-0.60037	0.14639	0.68558	0.94255	0.94206	0.70391	0.51638	0.32605	0.16993	0.065197	-0.052725	-0.12408	-0.20742	-0.31253	-0.48586	-0.52669	18.87
925.39	-0.71284	-0.72465	-0.74704	-0.72152	-0.70732	-0.7054	-0.68771	-0.71952	-0.67726	-0.64795	-0.51845	-0.64483	-0.81646	-0.70849	-0.69321	-0.094163	0.70308	0.98744	0.95267	0.73071	0.49498	0.31441	0.15309	0.024207	-0.063872	-0.14591	-0.2215	-0.29629	-0.4789	-0.54762	18.897
917.51	-0.69019	-0.68193	-0.71839	-0.731	-0.70787	-0.6882	-0.68419	-0.71569	-0.63631	-0.67107	-0.5229	-0.63304	-0.57408	-0.58273	-0.55535	0.42689	0.70912	0.97266	0.95925	0.71959	0.52902	0.33434	0.16753	0.054474	-0.056626	-0.13246	-0.17825	-0.28662	-0.44276	-0.51346	18.903
910.9	-0.67303	-0.68051	-0.70342	-0.68506	-0.65364	-0.70221	-0.66381	-0.70237	-0.6588	-0.46372	-0.47074	-0.34115	-0.64524	-0.53716	-0.26962	0.0094623	0.71763	0.99413	0.95655	0.74758	0.52619	0.34024	0.16378	0.048143	-0.053896	-0.12355	-0.19253	-0.30408	-0.47638	-0.51392	18.885
906.43	-0.6952	-0.69506	-0.71872	-0.71004	-0.70721	-0.70024	-0.6655	-0.71091	-0.69796	-0.71481	-0.62296	-0.7109	-0.93453	-0.92349	-0.81691	0.22081	0.70934	0.97007	0.96451	0.70549	0.51706	0.34018	0.14134	0.036546	-0.090462	-0.13408	-0.20981	-0.32414	-0.48553	-0.54105	18.891
904.3	-0.70027	-0.6983	-0.71533	-0.71338	-0.71822	-0.72186	-0.69578	-0.73123	-0.66525	-0.73432	-0.98127	-0.88825	-0.76804	-0.89223	-0.74588	0.097782	0.69915	0.9905	0.94894	0.71245	0.52836	0.30425	0.18329	0.051882	-0.063781	-0.13771	-0.20703	-0.30011	-0.46114	-0.53411	18.906
902.16	-0.68299	-0.7144	-0.72721	-0.70338	-0.68994	-0.68717	-0.70702	-0.70408	-0.6537	-0.52177	-0.70122	-0.59098	-0.75294	-0.81053	-0.71106	-0.043525	0.69741	0.96555	0.98045	0.73183	0.52961	0.31724	0.17204	0.063893	-0.041733	-0.11477	-0.19768	-0.32722	-0.46394	-0.54855	18.882
901.1	-0.70793	-0.70399	-0.71787	-0.70421	-0.69826	-0.72078	-0.68704	-0.69981	-0.65119	-0.79057	-0.89052	-0.64457	-0.56762	-0.74437	-0.76682	-0.0081375	0.71864	0.98673	0.97184	0.73978	0.52012	0.365	0.1923	0.063969	-0.037021	-0.1199	-0.16836	-0.28406	-0.4884	-0.52611	18.927
901.52	-0.6473	-0.65225	-0.70733	-0.71056	-0.71105	-0.71862	-0.66912	-0.72158	-0.64924	-0.45067	-0.53218	-0.53854	-0.61811	-0.57629	-0.5103	0.32824	0.7081	0.99901	0.9665	0.72703	0.55862	0.34203	0.17718	0.079234	-0.033829	-0.10987	-0.14858	-0.28548	-0.42842	-0.47147	18.912
905.36	-0.65313	-0.64788	-0.69418	-0.71753	-0.70804	-0.68837	-0.6854	-0.7016	-0.68734	-0.66229	-0.67996	-0.57135	-0.75028	-0.74087	-0.5628	0.11529	0.72879	0.96577	0.95106	0.72043	0.49922	0.33185	0.16312	0.051821	-0.040005	-0.11437	-0.19044	-0.27344	-0.4419	-0.47439	18.909
908.56	-0.66793	-0.62806	-0.73053	-0.7034	-0.66091	-0.69318	-0.67823	-0.75984	-0.69307	-0.69541	-0.75234	-0.70924	-0.91554	-0.6384	-0.56082	0.18516	0.71948	0.97321	0.94771	0.72316	0.50582	0.31675	0.17083	0.029714	-0.046163	-0.12881	-0.21094	-0.29561	-0.4539	-0.4858	18.918
910.27	-0.66156	-0.64598	-0.67361	-0.70208	-0.68195	-0.66843	-0.68963	-0.71465	-0.67552	-0.53483	-0.60169	-0.60318	-0.47811	-0.78672	-0.5054	0.16729	0.71813	0.99844	0.98462	0.72882	0.54324	0.33353	0.19036	0.075109	-0.036648	-0.090699	-0.17316	-0.24117	-0.40232	-0.47184	18.936
910.27	-0.62914	-0.64758	-0.69718	-0.68885	-0.64482	-0.68286	-0.66111	-0.70455	-0.65601	-0.48174	-0.69498	-0.58572	-0.77977	-0.72026	-0.43292	0.29001	0.71477	0.98401	0.96366	0.74986	0.52155	0.35438	0.17548	0.068375	-0.042934	-0.10058	-0.19267	-0.26581	-0.40739	-0.49143	18.861
911.97	-0.65181	-0.64795	-0.69587	-0.70407	-0.68067	-0.70859	-0.67252	-0.73851	-0.68723	-0.63982	-0.73092	-0.68916	-0.74484	-0.90131	-0.64916	0.06196	0.68655	0.97317	0.94256	0.70296	0.52724	0.33117	0.16029	0.058167	-0.044423	-0.12669	-0.19231	-0.2899	-0.44714	-0.48725	18.861
916.02	-0.63197	-0.64983	-0.70116	-0.69767	-0.68873	-0.71083	-0.69632	-0.74696	-0.70035	-0.81286	-0.82039	-0.98096	-0.62498	-1.0129	-0.91639	0.13138	0.6601	0.96528	0.95921	0.72076	0.52491	0.35561	0.17766	0.079654	-0.050472	-0.1114	-0.16077	-0.29321	-0.44852	-0.46887	18.894
918.58	-0.59979	-0.60545	-0.6892	-0.68262	-0.69602	-0.71243	-0.69124	-0.73988	-0.68873	-0.5826	-0.76262	-0.61502	-0.73948	-0.76313	-0.46492	0.16578	0.71497	0.98762	0.96613	0.75698	0.53998	0.3615	0.19355	0.069423	-0.0082842	-0.099668	-0.17965	-0.27256	-0.41879	-0.47242	18.885
919	-0.60627	-0.62408	-0.69722	-0.70524	-0.70305	-0.71388	-0.70662	-0.70952	-0.66104	-0.59986	-0.59597	-0.63202	-0.83874	-0.63114	-0.68009	0.39145	0.72131	0.99609	0.99441	0.7271	0.54965	0.34929	0.17708	0.084398	-0.020734	-0.10289	-0.15541	-0.27853	-0.41859	-0.46573	18.921
917.51	-0.63264	-0.6172	-0.70837	-0.71951	-0.68393	-0.71504	-0.68576	-0.66893	-0.65728	-0.51305	-0.50439	-0.63304	-0.55746	-0.79697	-0.48342	0.27033	0.7158	0.99771	0.98004	0.7509	0.56213	0.35503	0.20855	0.084535	-0.0082938	-0.07528	-0.15406	-0.27287	-0.40753	-0.47621	18.894
921.77	-0.64319	-0.64263	-0.68847	-0.72762	-0.70827	-0.73845	-0.66851	-0.69077	-0.62856	-0.56311	-0.83368	-0.75077	-0.57143	-0.74407	-0.60647	0.28639	0.72413	0.97885	0.95641	0.72319	0.55129	0.35339	0.16838	0.070845	-0.023775	-0.094446	-0.15174	-0.25489	-0.42234	-0.47723	18.873
925.18	-0.64418	-0.6434	-0.73231	-0.73633	-0.70749	-0.70912	-0.66448	-0.67994	-0.62944	-0.63068	-0.6287	-0.57628	-0.58582	-0.80672	-0.69337	0.25085	0.72312	0.98412	0.94813	0.72052	0.53285	0.34354	0.17265	0.073898	-0.040695	-0.085997	-0.14638	-0.25849	-0.42744	-0.49635	18.909
926.46	-0.66676	-0.66596	-0.72965	-0.73206	-0.6755	-0.68333	-0.66668	-0.6757	-0.64774	-0.73415	-0.59117	-0.59264	-0.63441	-0.74031	-0.51438	0.1988	0.70889	0.9739	0.95316	0.72987	0.53703	0.36867	0.19516	0.091988	-0.02211	-0.097204	-0.15576	-0.26267	-0.42021	-0.48604	18.939
925.39	-0.65075	-0.6636	-0.72552	-0.69061	-0.65802	-0.68057	-0.64251	-0.69965	-0.64209	-0.47386	-0.68361	-0.50749	-0.53622	-0.54509	-0.28324	0.23354	0.7362	0.98212	0.97803	0.76003	0.54585	0.36397	0.18725	0.088783	-0.017497	-0.082738	-0.15914	-0.27055	-0.43732	-0.50587	18.876
927.31	-0.68792	-0.68722	-0.68602	-0.72165	-0.69857	-0.70041	-0.67073	-0.70812	-0.64076	-0.76822	-0.88365	-0.84909	-0.53512	-0.87008	-0.62063	0.147	0.69833	0.96238	0.94754	0.69821	0.51524	0.35639	0.1755	0.052247	-0.06374	-0.11328	-0.15721	-0.30324	-0.42978	-0.51284	18.909
930.72	-0.66538	-0.66447	-0.71972	-0.69798	-0.69602	-0.70666	-0.68998	-0.70388	-0.63524	-0.60961	-0.82567	-0.64114	-0.72984	-0.70443	-0.70697	0.28364	0.68918	0.98356	0.97086	0.72138	0.54599	0.34489	0.18618	0.065227	-0.049675	-0.09998	-0.16777	-0.29008	-0.41002	-0.48542	18.897
931.99	-0.69279	-0.64646	-0.66942	-0.70833	-0.69687	-0.68984	-0.67975	-0.67826	-0.63913	-0.69521	-0.58766	-0.74253	-0.61427	-0.67102	-0.7414	0.26613	0.69975	0.95402	0.95536	0.70841	0.51266	0.3529	0.16977	0.053628	-0.043468	-0.1111	-0.17071	-0.25961	-0.4045	-0.49591	18.924
929.65	-0.69454	-0.66367	-0.71231	-0.70202	-0.65682	-0.70394	-0.66749	-0.67502	-0.62801	-0.71429	-0.57087	-0.79567	-0.66504	-0.77031	-0.42389	0.043606	0.7114	0.96526	0.96882	0.73938	0.52048	0.32998	0.15886	0.066949	-0.031267	-0.10332	-0.1791	-0.27685	-0.43532	-0.50196	18.897
