30821	18	12	90	26.8	765.3	3	6	-17	-276.56	256	8192	5	0	0	0	0	550.05	985.28	1.4651e+006	0.11746	-0.032551	40.778	0	0	1	0	0	0	11	0	0
976.74	0.046504	-0.0093414	-0.14856	-0.25495	-0.36182	-0.45335	-0.60464	-0.772	-0.90588	-1.2833	-1.559	-1.8364	-1.9436	-1.6314	-0.31953	0.61001	0.81291	0.7929	0.67784	0.33458	0.16323	0.011269	-0.0373	-0.077854	-0.08231	-0.074905	-0.076666	-0.041752	0.018058	0.021694	5.6599
975.67	0.014723	0.0025233	-0.15343	-0.2614	-0.36741	-0.46226	-0.58164	-0.76812	-0.93568	-1.2847	-1.5607	-1.5941	-1.8988	-1.7106	-0.55655	0.56159	0.83264	0.8005	0.67857	0.34312	0.15718	0.017765	-0.0574	-0.082652	-0.08973	-0.076522	-0.067652	-0.047544	0.0054579	0.018673	5.6599
975.89	0.011537	-0.028646	-0.15968	-0.27214	-0.37079	-0.4773	-0.59778	-0.77267	-0.9279	-1.3174	-1.6091	-1.9031	-1.9453	-1.7877	-0.42122	0.49605	0.81833	0.79527	0.66039	0.3316	0.12447	0.021001	-0.048131	-0.096764	-0.091176	-0.10108	-0.09796	-0.048968	-0.018199	0.014099	5.6781
976.74	0.022655	-0.030105	-0.16424	-0.28732	-0.34971	-0.44327	-0.61498	-0.77827	-0.93921	-1.2899	-1.5921	-1.5924	-1.9905	-1.6468	-0.62351	0.51195	0.82546	0.77441	0.66582	0.33131	0.13369	0.0064132	-0.055796	-0.09668	-0.089633	-0.087181	-0.058488	-0.034578	0.03224	0.044515	5.6933
975.46	0.04179	-0.024204	-0.16917	-0.25374	-0.38828	-0.46741	-0.58177	-0.77615	-0.93285	-1.3593	-1.582	-1.7085	-1.9931	-1.7265	-0.47213	0.61081	0.83753	0.80909	0.69075	0.34974	0.15878	0.017768	-0.037349	-0.066962	-0.070685	-0.070391	-0.064633	-0.04037	0.0070375	0.044574	5.663
975.67	0.035415	-0.00044434	-0.12987	-0.24597	-0.3397	-0.44039	-0.59495	-0.76498	-0.95085	-1.3474	-1.6043	-1.7244	-1.9301	-1.8346	-0.55655	0.41437	0.81693	0.79545	0.66053	0.33167	0.14785	-6.4318e-005	-0.054313	-0.10307	-0.086797	-0.093421	-0.067652	-0.044671	-0.004006	0.030858	5.6569
976.74	0.033786	-0.021208	-0.1517	-0.25957	-0.34798	-0.43655	-0.60464	-0.7516	-0.92861	-1.3394	-1.6077	-1.9665	-2.2091	-1.9874	-0.72483	0.44661	0.8082	0.82147	0.6478	0.34112	0.14302	-0.0016824	-0.052712	-0.1108	-0.11306	-0.11173	-0.067578	-0.054666	0.013331	0.014087	5.6508
976.74	0.029016	-0.016757	-0.13914	-0.26111	-0.36182	-0.42814	-0.58101	-0.77043	-0.91649	-1.3493	-1.5956	-1.7713	-1.8811	-1.7552	-0.37018	0.41392	0.84585	0.81643	0.67934	0.35419	0.16323	0.022603	-0.057338	-0.085698	-0.08231	-0.082578	-0.060004	-0.027403	0.024361	0.058208	5.6872
977.8	0.036925	-0.025629	-0.11706	-0.27161	-0.35106	-0.43943	-0.5612	-0.76489	-0.93062	-1.2489	-1.5765	-1.7044	-1.9259	-1.5677	-0.55534	0.44613	0.83083	0.81555	0.6771	0.33748	0.1615	0.011257	-0.068051	-0.11225	-0.11294	-0.090152	-0.081123	-0.050305	0.02276	0.03839	5.6356
976.74	0.059224	0.0099359	-0.11561	-0.21796	-0.29953	-0.41638	-0.55591	-0.75003	-0.89982	-1.2552	-1.5573	-1.755	-1.9124	-1.7088	-0.47152	0.57731	0.83487	0.81139	0.68535	0.34438	0.15235	0.0080314	-0.07275	-0.11394	-0.13064	-0.1455	-0.09939	-0.051797	0.022784	0.039952	5.5111
976.31	0.046525	-0.0034126	-0.11096	-0.2273	-0.31697	-0.40647	-0.59752	-0.77076	-0.93356	-1.3218	-1.5528	-1.886	-1.9445	-1.6321	-0.42103	0.51218	0.84308	0.82015	0.69316	0.3429	0.15864	0.0096538	-0.069698	-0.11555	-0.12923	-0.11793	-0.1161	-0.064736	-0.0024278	0.020182	5.3409
976.74	0.048096	0.0084537	-0.088947	-0.19021	-0.30818	-0.39116	-0.52785	-0.73905	-0.88922	-1.2833	-1.5208	-1.6087	-1.8343	-1.5849	-0.40397	0.62636	0.84899	0.81643	0.67333	0.33948	0.13525	0.0031737	-0.061961	-0.10295	-0.11306	-0.11787	-0.088786	-0.046056	0.0070284	0.033866	5.1252
977.16	0.049664	0.018825	-0.070091	-0.204	-0.3167	-0.39604	-0.55271	-0.70267	-0.87218	-1.2613	-1.5045	-1.6567	-1.5525	-1.5997	-0.20122	0.54441	0.85332	0.8144	0.65202	0.30666	0.093223	-0.03405	-0.07734	-0.12957	-0.14083	-0.12396	-0.10995	-0.046036	0.010177	0.062746	4.9429
978.22	0.028972	-0.0078472	-0.12797	-0.21301	-0.32326	-0.404	-0.53442	-0.7066	-0.86215	-1.2616	-1.4994	-1.7524	-2.0342	-1.6443	-0.58884	0.47855	0.84143	0.77324	0.62432	0.27207	0.096227	-0.027547	-0.1065	-0.12003	-0.12605	-0.12076	-0.11436	-0.10902	-0.018155	0.0079913	4.7848
978.86	0.055925	0.012875	-0.080927	-0.15596	-0.25227	-0.35677	-0.52228	-0.66544	-0.84194	-1.1604	-1.4169	-1.5565	-1.7368	-1.566	-0.47049	0.60868	0.85341	0.78447	0.6299	0.27841	0.082199	-0.0453	-0.11719	-0.1356	-0.15081	-0.14059	-0.10824	-0.084611	-0.00084858	0.015577	4.4687
977.37	0.054419	-0.0019262	-0.103	-0.1562	-0.27513	-0.32708	-0.45519	-0.62099	-0.76904	-1.1143	-1.3513	-1.4451	-1.4585	-1.1971	-0.032406	0.90355	0.89076	0.76887	0.61135	0.25434	0.065232	-0.06964	-0.14972	-0.17657	-0.16861	-0.15154	-0.13869	-0.10195	-0.022897	0.012558	4.1526
977.16	0.060788	-0.0034096	-0.081068	-0.17164	-0.26481	-0.32715	-0.48481	-0.62583	-0.76921	-1.0915	-1.3011	-1.4616	-1.4745	-1.1974	-0.18434	0.56074	0.84705	0.70688	0.54543	0.1907	0.032608	-0.11497	-0.17594	-0.20483	-0.18914	-0.17458	-0.14326	-0.094799	-0.0087254	0.033851	3.8546
976.95	0.059211	0.0040033	-0.096769	-0.19942	-0.25968	-0.34571	-0.45981	-0.60401	-0.71334	-1.0093	-1.2267	-1.462	-1.4123	-1.1048	-0.099953	0.72424	0.84567	0.6583	0.49749	0.15806	-0.031121	-0.16194	-0.21759	-0.23311	-0.21407	-0.19763	-0.15541	-0.12494	-0.026056	0.014084	3.5991
977.16	0.05443	0.0025195	-0.081068	-0.1547	-0.24579	-0.31539	-0.42871	-0.56468	-0.69653	-0.97772	-1.1465	-1.1527	-1.2559	-0.93432	0.051993	0.64241	0.84705	0.64975	0.47637	0.1466	-0.031114	-0.1619	-0.21754	-0.27226	-0.2433	-0.21753	-0.1796	-0.11775	-0.02605	0.032331	3.1642
977.8	0.054395	0.021777	-0.071612	-0.17307	-0.25254	-0.32526	-0.43728	-0.56588	-0.67035	-0.94084	-1.1023	-1.1195	-1.0835	-0.70175	0.22066	0.75625	0.87157	0.61071	0.43405	0.095899	-0.071479	-0.19091	-0.25743	-0.26895	-0.23876	-0.22812	-0.17192	-0.1062	-0.0055704	0.020152	2.7808
976.52	0.065599	0.026254	-0.062292	-0.13321	-0.21999	-0.28366	-0.41127	-0.55563	-0.65153	-0.86453	-1.0098	-0.92571	-1.0068	-0.4704	0.32229	0.87165	0.87585	0.57285	0.40006	0.0617	-0.088679	-0.19764	-0.25314	-0.28656	-0.28009	-0.24223	-0.1979	-0.10778	-0.038676	-0.0011259	2.4674
975.25	0.067277	0.027776	-0.043518	-0.17044	-0.26187	-0.34463	-0.42068	-0.54222	-0.59776	-0.8128	-0.9206	-0.97579	-0.88297	-0.45552	0.30581	0.85643	0.85029	0.52478	0.3359	0.01923	-0.12306	-0.2206	-0.24112	-0.2398	-0.20858	-0.19336	-0.16174	-0.094985	0.024398	0.026299	2.1327
974.82	0.056156	0.03076	-0.045111	-0.10719	-0.16317	-0.24373	-0.338	-0.47644	-0.60106	-0.76358	-0.86176	-0.89473	-0.8364	-0.16099	0.35671	0.84041	0.84122	0.48964	0.2924	-0.024969	-0.16673	-0.25638	-0.29373	-0.30749	-0.28644	-0.24727	-0.19217	-0.11228	-0.0024315	0.040031	1.7491
975.25	0.072054	0.035203	-0.038806	-0.13647	-0.21681	-0.26383	-0.38518	-0.49666	-0.54618	-0.71369	-0.79347	-0.66626	-0.61706	-0.23844	0.49185	0.84004	0.79844	0.43051	0.22158	-0.078965	-0.20871	-0.29681	-0.29052	-0.29793	-0.25992	-0.2241	-0.21029	-0.12085	0.0086163	0.041536	1.3412
976.31	0.036982	0.0054902	-0.070152	-0.161	-0.21658	-0.26018	-0.35817	-0.4302	-0.55619	-0.68486	-0.73869	-0.84455	-0.46014	-0.20723	0.5927	0.82279	0.73479	0.35269	0.14019	-0.13283	-0.24426	-0.32564	-0.32258	-0.31016	-0.25963	-0.23461	-0.21007	-0.1523	-0.038685	0.0095282	0.95449
976.52	0.038563	-0.0078609	-0.068567	-0.10392	-0.15596	-0.23322	-0.28571	-0.40187	-0.53941	-0.64347	-0.68288	-0.48644	-0.41319	0.10251	0.7277	0.72455	0.70168	0.26352	0.07857	-0.18346	-0.31419	-0.38387	-0.39651	-0.39325	-0.3504	-0.31284	-0.24032	-0.16375	-0.032373	0.0080052	0.47026
976.1	0.03699	-0.0034133	-0.056039	-0.10705	-0.16815	-0.20642	-0.28879	-0.38791	-0.48052	-0.59919	-0.58574	-0.50293	-0.3821	0.30394	0.66041	0.87203	0.6549	0.2115	0.013977	-0.23096	-0.34855	-0.3808	-0.37818	-0.36046	-0.33736	-0.31297	-0.26165	-0.17818	-0.048154	-0.0072154	0.052955
976.95	0.033779	0.021796	-0.04658	-0.093091	-0.14897	-0.18103	-0.25458	-0.39542	-0.44678	-0.55579	-0.51917	-0.58379	-0.36614	0.17985	0.74426	0.87127	0.5963	0.13233	-0.056611	-0.28958	-0.38245	-0.43874	-0.44565	-0.40249	-0.34439	-0.3127	-0.24779	-0.16368	-0.035508	-0.025462	-0.49543
978.65	0.052762	0.040999	0.005167	-0.069854	-0.095181	-0.13375	-0.2055	-0.31019	-0.38402	-0.5038	-0.44365	-0.51786	-0.069365	0.33405	0.84412	0.70668	0.51072	0.048227	-0.14346	-0.34616	-0.45007	-0.50262	-0.47257	-0.45972	-0.4008	-0.35045	-0.27458	-0.17771	-0.057464	-0.019345	-0.93117
981.2	0.054207	0.042371	-0.018269	-0.058931	-0.12766	-0.16853	-0.22407	-0.31875	-0.33175	-0.41711	-0.33346	-0.30602	-0.0069875	0.45647	0.84193	0.7211	0.41726	-0.038899	-0.22681	-0.39243	-0.4845	-0.49164	-0.46827	-0.41949	-0.38081	-0.33732	-0.28593	-0.16154	-0.021237	0.0064505	-1.4188
984.17	0.055623	0.028995	-0.022887	-0.072521	-0.092931	-0.14801	-0.19848	-0.26485	-0.29768	-0.34874	-0.25653	-0.095249	0.16353	0.37827	0.85613	0.58918	0.33504	-0.13386	-0.33494	-0.47395	-0.53859	-0.53354	-0.48521	-0.45559	-0.37093	-0.33934	-0.28657	-0.16817	-0.082162	0.004922	-2.004
986.08	0.077561	0.058319	0.017558	0.0070081	-0.032768	-0.069473	-0.14543	-0.23326	-0.25058	-0.29088	-0.19575	-0.014506	0.30243	0.7302	0.88793	0.53949	0.20853	-0.26013	-0.43099	-0.54749	-0.58837	-0.57901	-0.54992	-0.50132	-0.42244	-0.34933	-0.30852	-0.18063	-0.03674	0.0079276	-2.5772
986.72	0.05233	0.058282	0.0035727	-0.035716	-0.067	-0.10104	-0.16142	-0.20827	-0.20544	-0.25641	-0.10096	-0.17551	0.1631	0.66844	0.77033	0.45826	0.077953	-0.38474	-0.54371	-0.63287	-0.64802	-0.62352	-0.57398	-0.50099	-0.42507	-0.39316	-0.32481	-0.21318	-0.028917	-0.0056312	-3.123
987.99	0.074268	0.033281	0.023728	0.0039472	-0.042967	-0.066016	-0.13785	-0.18629	-0.18121	-0.19575	-0.026918	0.11417	0.48713	0.89713	0.91961	0.45767	-0.09274	-0.53047	-0.69149	-0.72736	-0.70867	-0.68674	-0.6159	-0.54067	-0.439	-0.36837	-0.27947	-0.18738	-0.019534	0.0018965	-3.7176
988.21	0.064824	0.072852	0.028375	0.011564	-0.022438	-0.047728	-0.086735	-0.14438	-0.12427	-0.13376	0.041829	0.16238	0.53334	0.78985	0.81924	0.18298	-0.29274	-0.68652	-0.85019	-0.81442	-0.78843	-0.7282	-0.65843	-0.54831	-0.44759	-0.49116	-0.32732	-0.19301	-0.05535	-0.01615	-4.3245
989.9	0.041181	0.022975	0.0066567	-0.011269	-0.048006	-0.067548	-0.11136	-0.13175	-0.10762	-0.11725	0.098374	0.13001	0.60947	0.83432	0.80118	-0.059173	-0.5306	-0.87771	-1.0073	-0.9404	-0.87607	-0.79884	-0.7014	-0.60154	-0.50896	-0.45246	-0.33274	-0.19834	-0.038154	-0.0011107	-4.8858
990.54	0.028611	0.015648	0.023667	-0.0051812	-0.018971	-0.055903	-0.087986	-0.10537	-0.076182	-0.039114	0.19261	0.41861	0.67068	0.68113	0.80066	-0.075254	-0.70815	-1.0213	-1.1399	-0.96235	-0.92303	-0.81748	-0.69183	-0.629	-0.47397	-0.42644	-0.34447	-0.21944	-0.058327	-0.019112	-5.441
989.9	0.042749	0.049315	0.022134	0.026752	0.020282	-0.014478	-0.032669	-0.072935	-0.013452	0.01782	0.26135	0.54727	0.85603	0.97178	0.8845	-0.23653	-0.90209	-1.1928	-1.2711	-1.0823	-0.98039	-0.85635	-0.75615	-0.62321	-0.48728	-0.42975	-0.33423	-0.19268	-0.03038	0.0063938	-5.9626
990.54	0.056832	0.052206	0.019028	0.025215	0.0083259	-0.0045249	-0.035562	-0.051232	0.011949	0.061722	0.33662	0.56298	0.73229	0.80324	0.41766	-0.57475	-1.1567	-1.376	-1.4154	-1.1702	-1.061	-0.90529	-0.77086	-0.6522	-0.49275	-0.45065	-0.33103	-0.20529	-0.042789	-0.020612	-6.4935
990.33	0.050571	0.039054	0.020578	0.0084974	0.010033	-0.027732	-0.015177	-0.035771	0.049304	0.1024	0.38471	0.30641	0.71702	0.75762	0.4677	-0.62322	-1.3906	-1.5404	-1.5802	-1.2462	-1.0597	-0.93104	-0.74974	-0.60592	-0.46396	-0.41745	-0.3296	-0.19543	-0.05834	0.001892	-6.8596
990.33	0.053707	0.043442	0.051523	0.023699	0.018566	0.012051	0.012498	0.026117	0.089645	0.15771	0.43616	0.57913	0.93268	0.65073	0.21787	-1.1873	-1.6258	-1.7228	-1.7283	-1.3187	-1.0965	-0.98214	-0.78927	-0.66317	-0.49719	-0.43864	-0.33708	-0.18411	-0.038137	0.0063911	-7.2593
990.33	0.064685	0.060993	0.039143	0.02826	0.039045	0.01371	0.015411	0.041589	0.11355	0.19675	0.47389	0.48288	0.84025	0.69655	0.067949	-0.99391	-1.8795	-1.8968	-1.8616	-1.3913	-1.1763	-0.99012	-0.78319	-0.63687	-0.47407	-0.42805	-0.3057	-0.1926	-0.031921	0.00039092	-7.5827
989.69	0.045896	0.056642	0.020591	0.010026	-0.005328	-0.0078461	0.012506	0.033875	0.11661	0.21641	0.51023	0.65977	0.91786	0.63588	0.18468	-1.2687	-2.1176	-2.0706	-2.0125	-1.5034	-1.22	-1.0195	-0.81716	-0.6636	-0.48016	-0.41318	-0.30141	-0.16865	-0.024166	0.02141	-7.9427
990.12	0.045876	0.044914	0.01594	-0.014309	-0.017273	0.0054223	0.028526	0.046241	0.16438	0.25537	0.53402	0.72368	0.71717	0.52872	-0.065306	-1.7195	-2.3349	-2.2305	-2.1169	-1.5463	-1.2425	-1.0574	-0.83961	-0.6695	-0.49729	-0.4236	-0.29082	-0.15159	-0.00083893	0.013897	-8.2448
992.45	0.033251	0.012699	-0.0072565	-0.021858	-0.0019062	-0.012787	0.016831	0.046132	0.164	0.28723	0.57725	0.76999	0.85383	0.55793	-0.28123	-1.7476	-2.5425	-2.3675	-2.2346	-1.5893	-1.3222	-1.09	-0.87253	-0.69726	-0.48892	-0.42411	-0.28268	-0.17524	-0.013242	0.024346	-8.5499
994.79	0.05815	0.037422	-0.014941	-0.024833	-0.0086981	0.010347	0.018243	0.069127	0.18741	0.31571	0.62882	0.70429	0.86715	0.54143	-0.34688	-1.9361	-2.7105	-2.4725	-2.3252	-1.6465	-1.3191	-1.1129	-0.84021	-0.69562	-0.51221	-0.40654	-0.29689	-0.15651	-0.037966	0.0063624	-8.8306
997.76	0.050194	0.0286	0.017352	-0.024759	-0.0086722	-0.0012002	0.038427	0.068921	0.16757	0.29539	0.61504	0.59073	0.86457	0.40341	-0.52771	-2.3142	-2.9297	-2.6116	-2.4329	-1.6944	-1.3654	-1.1286	-0.87845	-0.71966	-0.52503	-0.46091	-0.30491	-0.16026	-0.020885	0.033152	-9.0503
999.03	0.047023	0.025663	0.015797	-0.00061751	-0.0052782	0.011946	0.023939	0.067299	0.20142	0.32404	0.65675	0.81263	0.84821	0.4029	-0.57657	-2.3272	-3.0548	-2.7085	-2.5018	-1.7258	-1.3712	-1.1081	-0.8713	-0.67426	-0.49572	-0.38531	-0.26305	-0.12639	-0.013155	0.010799	-9.27
998.82	0.075017	0.063376	0.0050626	-0.023227	-0.047577	-0.019278	0.0095023	0.091858	0.19406	0.35314	0.66709	0.8128	0.9553	0.38785	-0.41154	-2.3597	-3.1276	-2.76	-2.5361	-1.7198	-1.37	-1.1226	-0.84285	-0.66213	-0.45859	-0.39139	-0.23348	-0.12361	0.025364	0.068823	-9.3737
999.24	0.078094	0.066248	0.032661	0.031021	0.050535	0.079304	0.11488	0.14549	0.25024	0.35622	0.6991	0.74885	0.7717	0.37256	-0.80756	-2.5344	-3.1983	-2.7884	-2.5703	-1.735	-1.3892	-1.138	-0.90125	-0.72932	-0.55574	-0.43023	-0.29557	-0.13338	0.037674	0.064332	-9.4531
999.24	0.065661	0.054651	0.008127	0.0084216	-0.013733	-0.0077711	0.032596	0.090285	0.24136	0.3675	0.6889	0.84424	0.83276	0.28175	-0.74153	-2.5983	-3.2842	-2.8591	-2.6334	-1.7989	-1.4029	-1.0968	-0.83797	-0.63885	-0.48273	-0.39573	-0.28372	-0.1446	-0.0023721	0.037566	-9.5202
999.67	0.081168	0.05173	0.017319	-0.011159	-0.02894	-0.027473	0.010939	0.076453	0.20722	0.3609	0.6954	0.79621	0.7256	0.29678	-0.88972	-2.4854	-3.3809	-2.9252	-2.6807	-1.803	-1.4235	-1.1327	-0.87074	-0.69836	-0.46106	-0.37757	-0.24216	-0.10248	0.045356	0.076197	-9.4226
999.67	0.10292	0.064772	0.031115	0.038538	0.062346	0.066132	0.087413	0.14849	0.25014	0.37379	0.70899	0.73265	0.89345	0.14552	-0.88972	-2.677	-3.4575	-2.9449	-2.7056	-1.8061	-1.4311	-1.166	-0.91442	-0.73974	-0.57267	-0.44804	-0.27768	-0.1165	0.00070781	0.061334	-9.4683
997.76	0.053307	0.040214	0.005068	0.0054166	-0.0069777	-0.025881	0.01096	0.062778	0.21354	0.38258	0.68482	0.79774	0.98689	0.14579	-0.84182	-2.7941	-3.5271	-3.0344	-2.7902	-1.848	-1.4887	-1.1539	-0.86788	-0.64748	-0.4433	-0.37378	-0.2619	-0.12796	0.011508	0.01379	-9.5538
995.42	0.039393	0.024302	0.015855	-0.011206	-0.034157	-0.0045027	0.042865	0.11064	0.24229	0.39319	0.70178	0.60808	0.8666	-0.020964	-1.0095	-2.8007	-3.6185	-3.0679	-2.8572	-1.8668	-1.4906	-1.1455	-0.88504	-0.68286	-0.47452	-0.38821	-0.29968	-0.15641	-0.024027	0.024274	-9.566
993.3	0.053546	0.046228	0.023602	0.040301	0.069552	0.091347	0.10104	0.11859	0.24429	0.36646	0.69815	0.92926	0.97597	0.25301	-0.86221	-2.8227	-3.7065	-3.1654	-2.9371	-1.935	-1.503	-1.2116	-0.9324	-0.71517	-0.52594	-0.44337	-0.29287	-0.11865	0.019307	0.036293	-9.5904
990.97	0.047406	0.03172	0.00046378	-0.027967	-0.030902	-0.032684	-0.0078886	0.067846	0.21501	0.39983	0.6878	0.86733	0.83971	0.14679	-0.93082	-2.9099	-3.7693	-3.1977	-2.9574	-1.9138	-1.5341	-1.2001	-0.86168	-0.63491	-0.47954	-0.39147	-0.2637	-0.14439	-0.021028	0.0033895	-9.6209
989.9	0.050593	0.03907	0.012848	-0.024956	-0.048006	-0.031062	0.015418	0.075658	0.21225	0.37585	0.69197	0.62751	0.90226	0.0094809	-1.1818	-3.1226	-3.8151	-3.2492	-3.0184	-1.9804	-1.5465	-1.2478	-0.91583	-0.70215	-0.45549	-0.37826	-0.29686	-0.15021	0.0053795	0.027411	-9.6941
990.33	0.047436	0.074158	0.012842	0.073865	0.11584	0.12146	0.13194	0.15453	0.2525	0.37569	0.69853	0.73956	0.80946	0.039997	-0.96473	-3.1535	-3.8599	-3.2611	-3.0304	-1.9763	-1.5474	-1.2584	-0.98689	-0.77457	-0.57519	-0.48859	-0.34305	-0.13882	-0.014827	0.028899	-9.7124
989.9	0.011374	0.018583	-0.013466	-0.040164	-0.06337	-0.074181	-0.04287	0.036963	0.21823	0.39538	0.70226	0.91641	0.85603	0.23859	-0.99847	-3.1226	-3.874	-3.3189	-3.0628	-2.0126	-1.5787	-1.1966	-0.86717	-0.62785	-0.42225	-0.37069	-0.25501	-0.17003	-0.031935	0.015403	-9.7612
991.18	0.02546	-0.00043739	-0.0041728	-0.0066988	-0.025778	0.010384	0.037226	0.10957	0.23437	0.4095	0.71164	0.80303	0.83953	-0.021054	-1.1137	-3.2957	-3.9942	-3.3676	-3.0944	-2.0165	-1.5706	-1.2669	-0.93288	-0.71361	-0.46501	-0.41558	-0.28902	-0.1585	-0.030341	0.016881	-9.8131
992.24	0.062995	0.031679	0.02517	0.076757	0.12583	0.15266	0.16802	0.1635	0.28034	0.38796	0.71088	0.86621	0.68491	-0.036262	-1.3286	-3.244	-4.0409	-3.4153	-3.1354	-2.0626	-1.601	-1.3054	-1.0396	-0.84565	-0.61301	-0.55412	-0.36178	-0.12867	-0.0054894	0.024352	-9.8406
992.24	0.0019574	-0.0091954	-0.01189	-0.015794	-0.020641	-0.050843	0.006658	0.090923	0.24008	0.39932	0.72115	0.77015	0.79251	0.03992	-1.2787	-3.3726	-4.0996	-3.4137	-3.1606	-2.0449	-1.6102	-1.2193	-0.89699	-0.66807	-0.46595	-0.41061	-0.30213	-0.19929	-0.053575	-0.034056	-9.8802
993.94	0.012889	-0.01501	-0.013411	-0.0021345	-0.049512	-0.025981	0.0037457	0.069186	0.22181	0.38729	0.69258	0.7209	0.65305	-0.020996	-1.3097	-3.4472	-4.2328	-3.5317	-3.226	-2.0671	-1.6503	-1.2522	-0.9409	-0.66076	-0.45508	-0.37824	-0.26291	-0.16229	-0.034901	-0.019047	-9.9351
993.73	0.03946	0.022886	0.018967	0.041798	0.11374	0.16069	0.17648	0.20951	0.30524	0.43439	0.74571	0.83295	0.8067	-0.066638	-1.4262	-3.3515	-4.2877	-3.5374	-3.2459	-2.0868	-1.6292	-1.3257	-1.0668	-0.91223	-0.67975	-0.51558	-0.37464	-0.14822	-0.00858	0.013846	-9.9382
993.73	0.025395	0.0083092	-0.0041621	-0.041524	-0.032516	-0.049114	0.011005	0.10004	0.25461	0.42628	0.72349	0.83295	0.76063	-0.20359	-1.5424	-3.5924	-4.354	-3.62	-3.3005	-2.1173	-1.6307	-1.2541	-0.90928	-0.64548	-0.46382	-0.38284	-0.29721	-0.15668	-0.016324	0.010857	-10.002
993.94	0.0082032	-0.016467	-0.019577	-0.018796	-0.029107	-0.011114	0.035673	0.096935	0.2754	0.44888	0.76605	0.75285	0.68374	-0.15789	-1.5753	-3.6238	-4.4224	-3.6176	-3.2865	-2.0879	-1.6319	-1.2554	-0.93029	-0.68851	-0.41478	-0.34053	-0.26142	-0.16229	-0.058128	-0.025027	-10.079
994.36	0.075353	0.092796	0.063639	0.079622	0.12046	0.15068	0.19523	0.22941	0.35414	0.46489	0.79305	0.9123	0.79082	-0.14263	-1.4751	-3.5741	-4.4375	-3.6458	-3.3235	-2.0935	-1.6327	-1.309	-1.0525	-0.86696	-0.65773	-0.49867	-0.32529	-0.12557	0.01619	0.043726	-10.082
994.15	0.044129	0.041819	0.032828	-0.015764	0.011695	0.023566	0.061783	0.17706	0.31255	0.47309	0.77784	0.72074	0.80635	-0.20351	-1.5915	-3.7836	-4.4662	-3.6812	-3.3434	-2.1212	-1.6224	-1.2981	-0.98158	-0.76388	-0.53125	-0.43545	-0.28071	-0.14393	-0.01322	0.0033787	-10.085
992.88	0.050441	0.044789	0.0375	0.034254	0.020221	0.015329	0.057504	0.1279	0.29954	0.49642	0.79082	0.89767	0.74592	-0.2799	-1.5105	-3.6759	-4.529	-3.7107	-3.3477	-2.1239	-1.6612	-1.2759	-0.93735	-0.70314	-0.47718	-0.39072	-0.26915	-0.1667	-0.0023873	0.016853	-10.054
989.9	0.05373	0.037607	0.02523	0.035877	0.062961	0.10825	0.13345	0.19175	0.32734	0.48326	0.80177	0.88431	0.99472	-0.20438	-1.665	-3.7998	-4.5643	-3.7667	-3.4096	-2.169	-1.6861	-1.3468	-1.0177	-0.85074	-0.59566	-0.47214	-0.30882	-0.12331	-0.02727	0.034917	-10.075
989.48	0.03649	0.042016	0.011305	0.037413	0.042494	0.051881	0.086856	0.14537	0.31253	0.48672	0.7695	0.85257	0.70223	-0.23501	-1.7491	-3.8337	-4.6189	-3.765	-3.4289	-2.1877	-1.6822	-1.3234	-0.99686	-0.78452	-0.55689	-0.44356	-0.31792	-0.16585	-0.019505	0.0063966	-10.127
990.97	0.017631	0.020027	0.023657	0.020646	0.013439	0.012044	0.067802	0.13124	0.28518	0.46323	0.7495	0.81924	0.57804	-0.38726	-1.7298	-3.8602	-4.6785	-3.8405	-3.4652	-2.215	-1.7318	-1.3581	-0.99385	-0.76479	-0.52574	-0.43382	-0.31745	-0.18964	-0.070728	-0.017604	-10.176
994.57	0.016005	0.014127	0.018951	0.047818	0.050772	0.082977	0.12702	0.17852	0.29754	0.45346	0.74336	0.72043	0.62194	-0.18821	-1.7235	-3.9745	-4.6938	-3.8662	-3.4806	-2.2551	-1.7408	-1.3627	-1.0114	-0.78975	-0.57849	-0.48349	-0.34605	-0.16078	-0.024048	-0.013057	-10.216
998.82	0.0050524	0.015518	0.0112	0.014455	0.050557	0.039891	0.086044	0.14708	0.28887	0.4725	0.7436	0.74917	0.6193	-0.27824	-1.7823	-3.9736	-4.7475	-3.9007	-3.5246	-2.2663	-1.7456	-1.3601	-1.0207	-0.77872	-0.54165	-0.44242	-0.31643	-0.18535	-0.047059	-0.023417	-10.32
1000.3	0.02057	0.01115	0.015777	0.050554	0.077511	0.084142	0.12053	0.17444	0.31506	0.49273	0.76287	0.98629	0.80139	-0.29294	-1.7961	-4.1273	-4.7864	-3.9294	-3.5399	-2.255	-1.7612	-1.3597	-1.0282	-0.76991	-0.55229	-0.44925	-0.32928	-0.14444	-0.02391	-0.010013	-10.387
1000.9	0.023661	0.024168	0.01883	0.026457	0.085903	0.098851	0.13342	0.20494	0.3459	0.49242	0.78105	0.7952	0.64848	-0.3985	-1.9268	-4.029	-4.8538	-3.9761	-3.5611	-2.2663	-1.7419	-1.3635	-1.0366	-0.78013	-0.56194	-0.45346	-0.31724	-0.15415	-0.030045	-0.010007	-10.378
1002.2	0.020531	0.028473	0.011162	0.056466	0.067246	0.087259	0.15052	0.19398	0.34842	0.50304	0.78514	0.921	0.72376	-0.24714	-1.8914	-4.0398	-4.8859	-4.0005	-3.5931	-2.2809	-1.776	-1.365	-1.0127	-0.77302	-0.53982	-0.44241	-0.3006	-0.16654	-0.036149	-0.009994	-10.417
1004.3	0.042134	0.03995	0.032495	0.056346	0.078883	0.10505	0.15882	0.2195	0.35063	0.51	0.78348	0.91905	0.60072	-0.23154	-1.986	-4.1425	-4.9305	-4.0738	-3.6031	-2.2936	-1.7315	-1.3637	-1.0451	-0.80648	-0.53583	-0.42655	-0.30733	-0.14805	-0.017683	0.0048232	-10.469
1005.4	0.035912	0.032704	0.029413	0.050298	0.072078	0.085349	0.12996	0.18574	0.33996	0.49504	0.76239	0.80748	0.55455	-0.48698	-2.0823	-4.2016	-5.006	-4.0793	-3.6226	-2.2927	-1.7523	-1.411	-1.047	-0.80868	-0.56087	-0.45294	-0.33497	-0.1242	0.006828	0.0048181	-10.5
1005	0.032837	0.047132	0.040098	0.044326	0.0452	0.067417	0.10992	0.19802	0.34893	0.50487	0.78299	0.77619	0.66105	-0.50222	-2.0011	-4.1716	-5.06	-4.1137	-3.6694	-2.3191	-1.7893	-1.3864	-1.0219	-0.76023	-0.53407	-0.42032	-0.31155	-0.14098	-0.034517	-0.011444	-10.545
1000.9	0.019006	0.0053551	0.024951	0.038489	0.05889	0.082449	0.12189	0.18198	0.33408	0.50851	0.78444	0.92217	0.72468	-0.41362	-2.0257	-4.2363	-5.1355	-4.1844	-3.6915	-2.3316	-1.792	-1.3746	-1.0546	-0.76176	-0.51621	-0.41602	-0.31724	-0.15135	-0.0054416	-0.0040674	-10.551
996.91	0.033102	0.022813	0.014293	0.029583	0.043872	0.076195	0.10212	0.18425	0.32504	0.49926	0.79443	0.71875	0.63578	-0.53662	-2.067	-4.1894	-5.1962	-4.1914	-3.7638	-2.3539	-1.8327	-1.4103	-1.0483	-0.82017	-0.56421	-0.4583	-0.35266	-0.15477	-0.020902	0.010822	-10.545
991.6	-0.0027399	-0.0062814	0.0020078	0.0039329	0.027063	0.046804	0.10849	0.1667	0.33275	0.50193	0.77299	0.72259	0.57766	-0.46325	-2.1446	-4.4049	-5.2333	-4.2337	-3.7662	-2.3842	-1.8211	-1.4306	-1.0388	-0.79521	-0.5456	-0.47738	-0.34112	-0.16126	-0.048953	-0.025086	-10.588
988.42	0.020817	0.020078	0.011318	0.038976	0.03228	0.068546	0.10738	0.17498	0.33232	0.50355	0.80985	0.75705	0.50236	-0.58713	-2.2349	-4.516	-5.2734	-4.2623	-3.7709	-2.3967	-1.8131	-1.4064	-1.0512	-0.80242	-0.55025	-0.41523	-0.29282	-0.15327	-0.017968	-0.014643	-10.53
987.14	0.016126	0.025972	0.012884	0.023776	0.039171	0.055331	0.12944	0.19384	0.34324	0.5042	0.79197	0.77413	0.65754	-0.52662	-2.1543	-4.4572	-5.2538	-4.2395	-3.7684	-2.3885	-1.8339	-1.4066	-1.0755	-0.82674	-0.59443	-0.4355	-0.29469	-0.14069	-0.014875	0.01093	-10.545
985.45	0.035064	0.024548	0.037783	0.032984	0.054671	0.062088	0.12966	0.22216	0.34984	0.53122	0.81056	0.8077	0.64317	-0.51218	-2.1078	-4.481	-5.2333	-4.2352	-3.818	-2.3748	-1.834	-1.4026	-1.0284	-0.79084	-0.52287	-0.42256	-0.26668	-0.11533	0.011652	0.033567	-10.576
983.32	0.03514	0.031966	0.0067013	0.039178	0.018698	0.065563	0.11234	0.20706	0.37467	0.51926	0.82268	0.69635	0.75317	-0.52867	-2.0788	-4.4258	-5.2337	-4.2276	-3.7711	-2.3929	-1.8163	-1.4153	-1.0536	-0.79723	-0.54001	-0.4372	-0.30788	-0.12698	-0.0071064	0.020039	-10.551
983.32	0.060408	0.049645	0.048772	0.05602	0.078849	0.10563	0.14608	0.21952	0.36715	0.5209	0.81404	0.76097	0.6601	-0.49791	-2.0955	-4.3771	-5.187	-4.2343	-3.7785	-2.3832	-1.8024	-1.4266	-1.0613	-0.81281	-0.60693	-0.45853	-0.2838	-0.11843	0.0022869	0.023062	-10.567
985.02	0.050843	0.034854	0.026912	0.034527	0.070136	0.06545	0.12532	0.20825	0.359	0.53145	0.8316	0.75966	0.81383	-0.3896	-2.0249	-4.1103	-5.1625	-4.1903	-3.7288	-2.3402	-1.8009	-1.4177	-1.0702	-0.81141	-0.60443	-0.47144	-0.33138	-0.12819	-0.021155	0.0079362	-10.536
986.51	0.053915	0.067104	0.039295	0.048209	0.061465	0.072007	0.11344	0.19085	0.34947	0.48819	0.79936	0.72633	0.56516	-0.55761	-2.3061	-4.3144	-5.1904	-4.2556	-3.7663	-2.3933	-1.8228	-1.4412	-1.0563	-0.85212	-0.54116	-0.44338	-0.31288	-0.13084	0.0038387	0.0094297	-10.545
987.99	0.039689	0.042079	0.031483	0.037469	0.049399	0.068576	0.12495	0.20142	0.35194	0.51028	0.77238	0.72523	0.47168	-0.58738	-2.3361	-4.5341	-5.2028	-4.2392	-3.7993	-2.3864	-1.8124	-1.4278	-1.073	-0.80896	-0.5722	-0.42906	-0.30043	-0.15333	-0.013302	-0.0071286	-10.518
987.78	0.038124	0.021557	0.028387	0.028333	0.04941	0.058618	0.11329	0.1751	0.34602	0.51202	0.79317	0.77363	0.73433	-0.54158	-2.0861	-4.2766	-5.207	-4.2235	-3.7407	-2.3853	-1.8143	-1.4089	-1.0733	-0.8293	-0.55495	-0.44281	-0.34693	-0.14202	-0.038236	-0.013147	-10.588
988.63	0.039664	0.031795	0.029912	0.025263	0.035692	0.063551	0.10444	0.18735	0.33674	0.50996	0.78734	0.90153	0.65655	-0.44935	-2.2178	-4.2729	-5.2211	-4.2365	-3.7939	-2.3946	-1.8419	-1.4573	-1.0495	-0.81464	-0.55302	-0.45456	-0.33017	-0.15891	-0.052213	-0.0011121	-10.597
988.84	0.016098	0.021534	0.01596	0.017647	0.039104	0.065197	0.119	0.1904	0.34864	0.5017	0.75969	0.821	0.50214	-0.52571	-2.3507	-4.4172	-5.2556	-4.3036	-3.7693	-2.3908	-1.8646	-1.449	-1.0523	-0.80362	-0.60354	-0.46659	-0.32262	-0.16454	-0.010178	-0.011631	-10.582
989.05	0.019234	0.020065	-0.0026335	0.019165	0.033969	0.053562	0.092728	0.19036	0.35006	0.49996	0.78185	0.70837	0.7488	-0.69376	-2.3002	-4.5292	-5.287	-4.2795	-3.7744	-2.3903	-1.8442	-1.4103	-1.0551	-0.82359	-0.54989	-0.44072	-0.30909	-0.14042	-0.013288	0.01241	-10.536
989.48	0.03649	0.04055	0.031435	0.049585	0.049325	0.083404	0.14663	0.19957	0.34692	0.51115	0.79181	0.72414	0.59431	-0.43368	-2.1325	-4.4466	-5.2879	-4.3092	-3.7684	-2.4087	-1.8127	-1.4097	-1.0577	-0.77833	-0.57713	-0.47235	-0.30447	-0.16019	-0.027282	-0.0086203	-10.594
988.42	0.034958	0.030337	0.028369	0.038976	0.054506	0.09512	0.13073	0.19204	0.34879	0.51332	0.80125	0.91779	0.5178	-0.58713	-2.2683	-4.4514	-5.3059	-4.2889	-3.8303	-2.3935	-1.8392	-1.4224	-1.0421	-0.81637	-0.53722	-0.45314	-0.3003	-0.14051	-0.016412	-0.016147	-10.57
986.08	0.033466	0.033345	0.034651	0.060443	0.063205	0.090352	0.14421	0.23134	0.36012	0.52924	0.80143	0.8555	0.48807	-0.60386	-2.2737	-4.5591	-5.3076	-4.2924	-3.8066	-2.3911	-1.8421	-1.4049	-1.0522	-0.8152	-0.55735	-0.44053	-0.29651	-0.14511	-0.033619	-0.0026225	-10.548
984.6	0.03194	0.018683	0.028479	0.040657	0.061585	0.087153	0.12831	0.21146	0.36367	0.54477	0.81989	1.002	0.61276	-0.51262	-2.1766	-4.3714	-5.3483	-4.3089	-3.8258	-2.4141	-1.8356	-1.4087	-1.0691	-0.78063	-0.57854	-0.45033	-0.31499	-0.15102	-0.019601	0.013975	-10.551
983.96	0.05879	0.042252	0.050298	0.045273	0.068494	0.08554	0.13425	0.20225	0.36842	0.53039	0.82215	0.88966	0.70617	-0.45149	-2.1445	-4.131	-5.3331	-4.3083	-3.8149	-2.3768	-1.8321	-1.4305	-1.0392	-0.79827	-0.56146	-0.46129	-0.30317	-0.15112	-0.018049	0.0019043	-10.515
983.32	0.050931	0.024601	0.031632	0.05602	0.063382	0.087266	0.13288	0.21952	0.37618	0.51762	0.80023	0.85791	0.70663	-0.65169	-2.3975	-4.6368	-5.3708	-4.3445	-3.8531	-2.44	-1.8457	-1.433	-1.0398	-0.79567	-0.55746	-0.45244	-0.33045	-0.15976	-0.0024105	-0.0026299	-10.536
984.6	0.044557	0.033395	0.02381	0.046772	0.071882	0.090489	0.14003	0.19901	0.36667	0.52023	0.79919	0.8568	0.50431	-0.55869	-2.3106	-4.4849	-5.3872	-4.3739	-3.8064	-2.4271	-1.8572	-1.4135	-1.0844	-0.7853	-0.58871	-0.45642	-0.32251	-0.16383	-0.010222	0.013975	-10.518
985.45	0.024033	0.030428	0.034674	0.062009	0.061531	0.077081	0.12527	0.20039	0.37236	0.52795	0.81229	0.82383	0.73607	-0.52753	-2.2082	-4.481	-5.3981	-4.3684	-3.8627	-2.4363	-1.8587	-1.4428	-1.0743	-0.81106	-0.56642	-0.44994	-0.32974	-0.15515	-0.019585	-0.0011157	-10.554
987.36	0.03814	0.028902	0.022191	0.057315	0.066548	0.081922	0.13818	0.20621	0.35516	0.51877	0.79696	0.8544	0.54924	-0.51118	-2.3543	-4.537	-5.4358	-4.3866	-3.8314	-2.4429	-1.8704	-1.44	-1.0844	-0.82656	-0.57547	-0.45514	-0.3246	-0.15911	-0.025781	-0.017668	-10.582
986.93	0.039732	0.015705	0.029963	0.031408	0.047741	0.078629	0.13093	0.2063	0.34482	0.53205	0.80762	0.80649	0.59585	-0.77186	-2.3887	-4.6037	-5.494	-4.4134	-3.8807	-2.4359	-1.8636	-1.4454	-1.0864	-0.80518	-0.56702	-0.45686	-0.31425	-0.16202	-0.021114	-0.014665	-10.57
986.93	0.019276	0.03772	0.017543	0.040561	0.052877	0.08362	0.13531	0.19854	0.3733	0.54674	0.81107	0.85477	0.50311	-0.66462	-2.3553	-4.6684	-5.5095	-4.4351	-3.8777	-2.4488	-1.8651	-1.4374	-1.0849	-0.82691	-0.56847	-0.45534	-0.31425	-0.1677	-0.021114	-0.010149	-10.551
987.99	0.03183	0.021552	0.037686	0.043565	0.061373	0.076882	0.12933	0.20297	0.36541	0.53474	0.81019	0.75738	0.48713	-0.74043	-2.5698	-4.7764	-5.53	-4.4602	-3.8809	-2.4349	-1.8462	-1.4262	-1.0822	-0.81827	-0.57799	-0.4685	-0.33787	-0.16326	-0.005513	-0.014649	-10.591
988.84	0.022378	0.043507	0.01441	0.022212	0.052775	0.068517	0.12922	0.19195	0.35463	0.54569	0.8095	0.90133	0.50214	-0.64805	-2.5676	-4.7078	-5.5547	-4.463	-3.8702	-2.4619	-1.8661	-1.4362	-1.0919	-0.81912	-0.56158	-0.45901	-0.32412	-0.16596	-0.0070668	0.0048987	-10.616
989.05	0.022373	0.011277	0.015957	0.032863	0.042512	0.068502	0.12044	0.20895	0.374	0.53091	0.80246	0.72445	0.54829	-0.69376	-2.6337	-4.7229	-5.555	-4.4753	-3.8931	-2.4855	-1.8749	-1.4471	-1.0795	-0.78951	-0.57448	-0.46497	-0.31806	-0.156	0.0053841	0.0033961	-10.561
989.9	0.016081	0.028827	0.012848	0.045001	0.062961	0.083369	0.14365	0.20568	0.37965	0.5451	0.80348	0.9485	0.53242	-0.50987	-2.5482	-4.864	-5.5642	-4.4549	-3.8749	-2.4721	-1.8518	-1.4299	-1.0983	-0.79347	-0.5552	-0.42369	-0.28042	-0.16861	-0.014833	0.024409	-10.637
989.27	0.031789	0.018595	0.017501	0.043509	0.059585	0.098357	0.15395	0.23834	0.36644	0.5422	0.8143	0.80458	0.54818	-0.69361	-2.3664	-4.6412	-5.6019	-4.5225	-3.8774	-2.464	-1.8745	-1.474	-1.0899	-0.82496	-0.60039	-0.46033	-0.33295	-0.16022	-0.014843	0.0079021	-10.597
988.63	0.019243	0.021538	0.037661	0.037445	0.073301	0.088458	0.13946	0.21524	0.37416	0.54906	0.80967	0.78902	0.51769	-0.78582	-2.5014	-4.7895	-5.6024	-4.5154	-3.9259	-2.4769	-1.8819	-1.4685	-1.0906	-0.85494	-0.55447	-0.43788	-0.31969	-0.13056	-0.027305	-0.010131	-10.606
986.93	0.025569	0.033316	0.014438	0.037509	0.02548	0.068649	0.13239	0.21406	0.36881	0.55001	0.79386	0.82259	0.62676	-0.7259	-2.6227	-4.7816	-5.6353	-4.5232	-3.955	-2.4763	-1.8974	-1.4438	-1.0757	-0.80363	-0.56412	-0.46749	-0.32174	-0.15208	-0.039829	-0.0026203	-10.597
984.6	0.017745	0.039281	0.019143	0.052889	0.077032	0.078816	0.15175	0.21924	0.38621	0.55131	0.81816	0.93748	0.51981	-0.72762	-2.5954	-4.9226	-5.6611	-4.5473	-3.9092	-2.4757	-1.9081	-1.4456	-1.0844	-0.80086	-0.57127	-0.42141	-0.29846	-0.13536	-0.00084364	0.015486	-10.561
984.81	0.027202	0.024564	0.0035797	0.057464	0.061571	0.080466	0.13267	0.22697	0.39063	0.54792	0.83178	0.87275	0.47321	-0.75818	-2.5781	-4.954	-5.6848	-4.5296	-3.9486	-2.472	-1.8691	-1.4565	-1.0689	-0.76646	-0.58422	-0.43045	-0.30441	-0.16095	-0.022724	-0.020732	-10.567
985.23	0.025613	0.034846	0.022239	0.046741	0.075268	0.0721	0.1414	0.21287	0.37094	0.54605	0.81074	0.72726	0.39559	-0.69645	-2.4598	-4.887	-5.645	-4.5343	-3.9127	-2.4466	-1.8729	-1.4463	-1.0791	-0.82523	-0.56219	-0.45917	-0.29226	-0.16657	-0.039897	-0.0011159	-10.612
986.51	0.017711	0.025989	0.028424	0.039052	0.058039	0.081992	0.11782	0.21726	0.37496	0.56331	0.82346	0.85514	0.76619	-0.68024	-2.4901	-4.8322	-5.6548	-4.5085	-3.9032	-2.458	-1.8551	-1.4428	-1.0777	-0.80863	-0.55856	-0.43578	-0.29639	-0.12799	-0.018003	0.0079242	-10.567
987.99	0.033401	0.03035	0.033033	0.06642	0.069925	0.098484	0.15123	0.22003	0.38638	0.56409	0.83598	1.0629	0.67241	-0.60269	-2.5865	-4.8734	-5.6525	-4.5449	-3.9181	-2.4721	-1.8677	-1.4598	-1.0715	-0.80586	-0.54614	-0.44575	-0.29893	-0.13064	-0.027323	-0.013144	-10.6
986.93	0.019276	0.021575	0.02686	0.048188	0.058014	0.10192	0.1397	0.21872	0.3793	0.5549	0.83171	0.80649	0.48765	-0.67994	-2.6394	-4.8139	-5.6539	-4.5149	-3.8911	-2.486	-1.8605	-1.4518	-1.094	-0.76326	-0.54818	-0.40218	-0.26477	-0.14924	-0.022675	-0.011654	-10.606
984.17	0.030374	0.028995	0.02382	0.042204	0.078781	0.10054	0.16647	0.23023	0.37585	0.5581	0.81679	0.90561	0.52003	-0.65113	-2.4792	-4.9896	-5.6791	-4.5142	-3.9616	-2.4606	-1.8827	-1.4189	-1.0803	-0.80744	-0.55262	-0.42616	-0.29559	-0.14539	-0.0055344	0.0094521	-10.576
983.75	0.033545	0.027536	0.037848	0.069767	0.063355	0.085558	0.14895	0.23812	0.39106	0.56325	0.83613	0.92215	0.55125	-0.74362	-2.6983	-4.862	-5.6738	-4.5128	-3.9424	-2.4714	-1.8789	-1.4356	-1.0884	-0.81402	-0.58776	-0.42786	-0.28218	-0.14402	-0.014926	-0.011691	-10.606
985.23	0.030341	0.043667	0.036237	0.042158	0.080412	0.087096	0.16044	0.23776	0.37995	0.57712	0.81936	1.0336	0.70525	-0.72715	-2.3761	-4.9356	-5.6683	-4.551	-3.9425	-2.4693	-1.8699	-1.4415	-1.0669	-0.77857	-0.55929	-0.412	-0.29527	-0.15234	-0.035209	0.0034093	-10.594
986.72	0.020853	0.0098354	0.033075	0.045146	0.051177	0.081975	0.1178	0.21721	0.37488	0.55013	0.82157	0.69395	0.58052	-0.77203	-2.6901	-4.8635	-5.6784	-4.5325	-3.9202	-2.4655	-1.864	-1.4377	-1.0805	-0.82399	-0.56859	-0.43417	-0.31132	-0.14785	-0.036716	-0.0026208	-10.582
987.57	0.025553	0.018627	0.023739	0.048157	0.051133	0.083566	0.125	0.20306	0.37156	0.53334	0.79507	0.77379	0.47188	-0.74074	-2.6043	-4.8593	-5.6767	-4.5519	-3.9539	-2.5071	-1.9054	-1.4605	-1.0826	-0.81397	-0.59418	-0.44897	-0.28408	-0.14914	-0.038244	-0.010142	-10.576
986.72	0.020853	0.023049	0.014441	0.061928	0.059739	0.085301	0.1485	0.211	0.38238	0.53053	0.80952	0.96767	0.59597	-0.68009	-2.5397	-4.8149	-5.666	-4.5358	-3.9335	-2.4736	-1.8855	-1.4505	-1.0332	-0.77119	-0.55409	-0.45392	-0.27233	-0.15637	-0.038277	-0.019186	-10.573
986.51	0.022431	0.028927	0.03153	0.043631	0.056327	0.067014	0.12806	0.20483	0.38096	0.55351	0.80108	0.90347	0.58065	-0.71087	-2.4733	-4.9454	-5.6735	-4.5668	-3.9269	-2.4742	-1.8875	-1.4588	-1.067	-0.82416	-0.52376	-0.45402	-0.29339	-0.1422	-0.032045	-0.020696	-10.619
986.72	-0.0011805	-0.0048452	0.033075	0.043621	0.063164	0.078646	0.13973	0.21255	0.37488	0.53707	0.80952	0.82277	0.50322	-0.818	-2.64	-5.0252	-5.7002	-4.5342	-3.9306	-2.5011	-1.8717	-1.4649	-1.0546	-0.82554	-0.57439	-0.46	-0.31282	-0.14075	-0.019559	-0.034247	-10.573
985.87	0.0019701	0.0098438	0.014454	0.039077	0.056364	0.08704	0.15009	0.22672	0.38121	0.5555	0.79988	0.77513	0.44177	-0.89538	-2.5753	-5.0134	-5.6662	-4.5497	-3.922	-2.4806	-1.8748	-1.4293	-1.0769	-0.78584	-0.57489	-0.46191	-0.30408	-0.15366	-0.0070881	-0.0086518	-10.603
984.81	0.016164	0.0054429	0.030028	0.034534	0.068435	0.10047	0.14439	0.22697	0.37711	0.53647	0.81281	0.85661	0.61263	-0.7121	-2.6451	-4.8405	-5.7097	-4.578	-3.9412	-2.4736	-1.8707	-1.4453	-1.0643	-0.79758	-0.5697	-0.44567	-0.31643	-0.14814	-0.052416	-0.032803	-10.631
980.99	0.0083116	0.021706	0.053574	0.065361	0.077315	0.10086	0.13172	0.2341	0.3816	0.55827	0.82983	0.77899	0.6461	-0.71488	-2.6386	-4.8919	-5.7085	-4.564	-3.964	-2.4848	-1.8872	-1.4493	-1.0715	-0.78819	-0.55587	-0.45046	-0.30107	-0.14157	-0.030656	-0.0086949	-10.616
977.8	0.019456	0.032147	0.019276	0.053256	0.056829	0.084401	0.14248	0.21136	0.37225	0.54526	0.80822	0.76527	0.39859	-0.79453	-2.8159	-5.1037	-5.713	-4.5856	-3.8944	-2.5354	-1.8903	-1.4476	-1.0919	-0.79703	-0.56061	-0.43966	-0.29751	-0.14347	-0.021311	-0.016322	-10.634
976.31	0.0099426	0.0069745	0.039705	0.025582	0.08634	0.082849	0.14269	0.21482	0.39252	0.56919	0.81467	0.88035	0.57107	-0.70282	-2.4654	-4.899	-5.7374	-4.5875	-3.9469	-2.4902	-1.9025	-1.4579	-1.1044	-0.78098	-0.55414	-0.45108	-0.30554	-0.15373	-0.024497	-0.019391	-10.658
975.46	0.013133	0.01589	0.019322	0.042581	0.051767	0.10648	0.15465	0.22286	0.39893	0.55152	0.83105	1.0277	0.57156	-0.70343	-2.5352	-5.0341	-5.7251	-4.6067	-3.9308	-2.4842	-1.887	-1.451	-1.0498	-0.78009	-0.57809	-0.41767	-0.29064	-0.12513	-0.041874	-0.033118	-10.625
974.4	0.0003989	0.005501	0.020915	0.045717	0.067433	0.069532	0.13409	0.20423	0.37962	0.567	0.80407	0.83317	0.49392	-0.76628	-2.6226	-5.1543	-5.766	-4.6336	-3.9742	-2.5213	-1.9093	-1.4445	-1.0834	-0.80925	-0.56844	-0.47812	-0.26211	-0.16698	-0.057715	-0.020953	-10.661
973.55	0.011565	0.0069943	0.016211	0.041119	0.060547	0.084769	0.14606	0.21386	0.37843	0.55095	0.82745	0.81757	0.35334	-0.81353	-2.7096	-5.0604	-5.7191	-4.6157	-3.9641	-2.4776	-1.897	-1.4393	-1.0658	-0.8131	-0.58363	-0.4539	-0.28665	-0.15129	-0.016662	-0.0087613	-10.594
971	0.0051971	0.0040279	0.028878	0.033474	0.069408	0.078228	0.13605	0.20495	0.36876	0.56401	0.83836	0.88516	0.77843	-0.73781	-2.5808	-4.9915	-5.7546	-4.611	-3.9972	-2.5367	-1.8988	-1.4789	-1.1275	-0.82944	-0.55865	-0.43039	-0.30264	-0.14592	-0.040482	-0.024088	-10.603
970.79	0.019596	0.0099968	0.032041	0.05054	0.046792	0.069791	0.13013	0.1971	0.38866	0.55584	0.81931	0.83627	0.59005	-0.70682	-2.5814	-4.9597	-5.7448	-4.6086	-4.0102	-2.5405	-1.918	-1.4743	-1.0765	-0.83435	-0.56171	-0.45674	-0.31947	-0.14595	-0.053173	-0.031747	-10.646
971	0.0051971	0.01447	0.0067863	0.05208	0.048524	0.076538	0.13456	0.21284	0.39314	0.54576	0.82787	0.90153	0.52709	-0.83125	-2.8016	-5.0244	-5.7514	-4.6279	-3.9912	-2.5285	-1.9066	-1.4691	-1.1089	-0.80261	-0.55128	-0.47825	-0.29655	-0.11849	-0.038896	-0.034801	-10.652
973.55	0.008375	0.0084814	-0.0011009	0.022561	0.039718	0.064535	0.12087	0.19182	0.38147	0.54764	0.82396	0.67071	0.38467	-0.72034	-2.6588	-4.8965	-5.7411	-4.6242	-3.9732	-2.5235	-1.9017	-1.4766	-1.0905	-0.80995	-0.59392	-0.41079	-0.31097	-0.14697	-0.043536	-0.039289	-10.606
975.04	0.024289	0.021839	0.039757	0.053407	0.072587	0.091376	0.1414	0.22767	0.39303	0.56994	0.8436	0.93038	0.57181	-0.6107	-2.6378	-4.9217	-5.7261	-4.5885	-3.9972	-2.5426	-1.9097	-1.4744	-1.1027	-0.81657	-0.57541	-0.46089	-0.30746	-0.14531	-0.032422	-0.027037	-10.686
976.1	0.027445	0.03072	0.038145	0.051808	0.055194	0.082867	0.13829	0.23213	0.39564	0.56932	0.83225	0.92937	0.61809	-0.67199	-2.5335	-4.9654	-5.7057	-4.6087	-3.9823	-2.5185	-1.8765	-1.4776	-1.1015	-0.80784	-0.53814	-0.43582	-0.32228	-0.1351	-0.056037	-0.022438	-10.631
975.89	0.025859	0.011429	0.033443	0.050276	0.06906	0.10812	0.1398	0.21805	0.38662	0.54468	0.80806	0.76677	0.47753	-0.73411	-2.6186	-4.9665	-5.7132	-4.5559	-3.9682	-2.4733	-1.9002	-1.4358	-1.1064	-0.80487	-0.56611	-0.46664	-0.29809	-0.15093	-0.040279	-0.017876	-10.643
976.74	0.016297	0.0307	0.031846	0.051774	0.05862	0.081131	0.14411	0.2163	0.38174	0.57059	0.8317	0.94502	0.60207	-0.74896	-2.667	-4.7171	-5.6502	-4.5503	-3.9422	-2.4793	-1.8986	-1.4556	-1.0792	-0.84339	-0.55829	-0.40638	-0.29632	-0.1551	-0.026062	-0.020903	-10.643
978.86	0.014675	0.011395	0.019255	0.043971	0.080936	0.087663	0.15264	0.22522	0.39603	0.54961	0.79173	0.87805	0.554	-0.59286	-2.5769	-4.7884	-5.6458	-4.5538	-3.8977	-2.4968	-1.9084	-1.4412	-1.063	-0.81025	-0.57754	-0.42234	-0.30324	-0.16908	-0.029149	-0.033003	-10.622
980.35	0.016237	0.03354	0.005158	0.073082	0.068746	0.094228	0.15094	0.20925	0.36826	0.55041	0.81478	0.89293	0.42869	-0.83875	-2.5562	-4.8951	-5.6638	-4.577	-3.8933	-2.4865	-1.9148	-1.468	-1.1106	-0.79965	-0.57375	-0.44617	-0.31032	-0.14023	-0.038526	-0.019311	-10.649
980.99	0.0035621	0.023183	0.028584	0.042341	0.058366	0.095841	0.13172	0.21692	0.36652	0.55663	0.81252	0.81138	0.66167	-0.66865	-2.42	-4.7617	-5.6507	-4.5389	-3.9117	-2.4832	-1.9043	-1.4429	-1.0776	-0.83036	-0.57337	-0.45199	-0.30409	-0.16015	-0.033793	-0.014754	-10.634
979.92	0.0099059	0.012861	0.031742	0.043924	0.063602	0.075841	0.14364	0.21403	0.3956	0.54901	0.82206	0.89332	0.53784	-0.70023	-2.49	-4.7506	-5.6475	-4.5187	-3.9833	-2.4566	-1.8629	-1.4267	-1.0865	-0.80937	-0.5594	-0.45401	-0.28177	-0.13601	-0.038542	-0.026902	-10.634
979.71	0.021002	0.0069503	0.011418	0.042396	0.072241	0.09094	0.13484	0.22033	0.39267	0.56228	0.82744	0.79621	0.58468	-0.68496	-2.5073	-4.9471	-5.6815	-4.5566	-3.9557	-2.5239	-1.9052	-1.456	-1.099	-0.81893	-0.5931	-0.43881	-0.28938	-0.15463	-0.029124	-0.0087062	-10.634
980.56	0.011482	0.029102	0.01297	0.048501	0.060114	0.080815	0.14649	0.22951	0.39082	0.54701	0.81114	0.97375	0.50638	-0.76147	-2.5556	-4.8778	-5.6688	-4.5409	-3.9223	-2.512	-1.8803	-1.4725	-1.0965	-0.8526	-0.5707	-0.42161	-0.28008	-0.1302	-0.024391	-0.034462	-10.661
981.83	0.00039588	-0.0048693	0.011394	0.048438	0.058316	0.069006	0.14777	0.21985	0.38579	0.53974	0.81009	0.85921	0.44358	-0.66807	-2.7203	-5.0177	-5.6739	-4.5617	-3.9367	-2.512	-1.8949	-1.4448	-1.0629	-0.80936	-0.59619	-0.45923	-0.27368	-0.1543	-0.057278	-0.054092	-10.634
984.17	-0.0011836	0.015749	0.025377	0.037614	0.070197	0.073847	0.14302	0.21933	0.37886	0.57119	0.81507	0.87331	0.62851	-0.7433	-2.563	-4.8436	-5.6605	-4.5593	-3.9437	-2.4898	-1.8966	-1.4527	-1.0711	-0.7981	-0.57443	-0.45509	-0.3016	-0.13969	-0.043066	-0.017725	-10.667
983.96	-0.018544	0.018695	0.023826	0.014673	0.05819	0.070524	0.12546	0.22561	0.36691	0.54348	0.81006	0.76048	0.65967	-0.69736	-2.4462	-4.6987	-5.6477	-4.5269	-3.958	-2.4725	-1.9155	-1.4642	-1.0835	-0.8263	-0.60072	-0.44758	-0.29565	-0.16536	-0.08218	-0.035852	-10.64
982.9	0.014615	0.018715	0.012939	0.046852	0.070288	0.083963	0.14027	0.2165	0.37483	0.54735	0.79539	0.8098	0.55173	-0.95964	-2.6502	-4.9961	-5.6818	-4.5835	-3.9697	-2.4979	-1.899	-1.4674	-1.0862	-0.80069	-0.58245	-0.44196	-0.30049	-0.147	-0.043122	-0.011701	-10.616
983.11	0.0019756	0.0010316	0.012936	0.045312	0.073712	0.10732	0.14318	0.21801	0.38529	0.55706	0.81422	0.76114	0.5361	-0.68259	-2.6497	-4.7677	-5.7009	-4.5525	-3.9196	-2.4714	-1.8646	-1.4671	-1.0906	-0.81298	-0.57213	-0.46473	-0.31396	-0.15695	-0.044679	-0.041929	-10.655
983.53	0.00829	0.02165	0.0098139	0.040701	0.077115	0.077231	0.14751	0.21792	0.38663	0.55519	0.7966	0.98697	0.50485	-0.74378	-2.5479	-4.9604	-5.7218	-4.5589	-3.9224	-2.4687	-1.8916	-1.4745	-1.084	-0.84691	-0.53698	-0.44167	-0.31082	-0.17255	-0.039966	-0.017737	-10.628
985.23	0.005122	0.012792	0.0051324	0.036047	0.051254	0.062102	0.12823	0.20976	0.36494	0.53133	0.79695	0.79175	0.51947	-0.83459	-2.7612	-5.1624	-5.7103	-4.5527	-3.9737	-2.4936	-1.9253	-1.4671	-1.0699	-0.80968	-0.58978	-0.4257	-0.31179	-0.16514	-0.050831	-0.043347	-10.655
986.72	-0.01377	0.0039637	0.012889	0.031415	0.071727	0.095284	0.14411	0.22187	0.36888	0.54523	0.78886	0.85495	0.48776	-0.818	-2.5564	-4.9767	-5.6893	-4.5974	-3.9484	-2.5044	-1.8886	-1.4826	-1.0531	-0.83486	-0.53815	-0.4524	-0.29032	-0.13933	-0.041396	-0.014668	-10.597
986.93	0.0035406	0.023044	0.029963	0.046661	0.059726	0.08861	0.147	0.23424	0.3733	0.56307	0.83171	0.99966	0.71949	-0.81783	-2.4723	-4.9756	-5.699	-4.5315	-3.9297	-2.4828	-1.8928	-1.4358	-1.0849	-0.84089	-0.52064	-0.42952	-0.29326	-0.13504	-0.047626	-0.016171	-10.622
988.42	0.00039325	0.005423	0.011318	0.0405	0.064767	0.066885	0.13511	0.23699	0.38023	0.55407	0.80641	0.91779	0.54865	-0.64833	-2.5687	-4.9682	-5.6733	-4.5546	-3.9906	-2.5114	-1.9145	-1.4544	-1.068	-0.79467	-0.57051	-0.44101	-0.29432	-0.14193	-0.039769	-0.022158	-10.606
988.21	0.011394	0.0039577	0.01287	0.051173	0.05794	0.081852	0.13368	0.22154	0.38031	0.53952	0.81174	0.58037	0.47158	-0.80147	-2.6694	-5.0015	-5.6746	-4.539	-3.9959	-2.5135	-1.8996	-1.4403	-1.0926	-0.78709	-0.57208	-0.43503	-0.31235	-0.14621	-0.046007	-0.01615	-10.612
988.21	0.0019654	0.011287	-0.005738	0.025274	0.049389	0.086834	0.15265	0.22464	0.38929	0.5493	0.79799	0.86975	0.44072	-0.78616	-2.5359	-4.9531	-5.6342	-4.5656	-3.9499	-2.5119	-1.8781	-1.4419	-1.1048	-0.8181	-0.56629	-0.41683	-0.27641	-0.14479	-0.052236	-0.025172	-10.591
989.9	0.0082367	0.020048	0.028326	0.051085	0.086861	0.083369	0.16259	0.23044	0.38563	0.56138	0.79662	0.99666	0.74816	-0.69317	-2.5315	-4.9284	-5.6277	-4.5693	-3.9431	-2.4753	-1.8963	-1.465	-1.0557	-0.84146	-0.5422	-0.43126	-0.2864	-0.14738	-0.036598	-0.031134	-10.643
990.75	0.0097977	0.0024849	0.015929	0.026729	0.061202	0.073356	0.14644	0.23025	0.39277	0.55276	0.78737	0.77131	0.63973	-0.93676	-2.5293	-4.8276	-5.629	-4.4991	-3.919	-2.4636	-1.91	-1.4382	-1.0685	-0.79434	-0.54895	-0.44299	-0.30258	-0.15857	-0.056762	-0.0056082	-10.597
990.75	0.014499	0.0083341	0.026757	0.044962	0.069731	0.079983	0.14935	0.21633	0.36141	0.54301	0.78737	0.75527	0.37799	-0.84519	-2.5626	-4.9242	-5.6197	-4.5091	-3.9205	-2.4603	-1.864	-1.4366	-1.07	-0.8361	-0.53018	-0.44753	-0.31901	-0.11755	-0.02414	-0.013108	-10.616
990.75	0.023904	0.025877	0.022115	0.0556	0.074848	0.091582	0.14498	0.22715	0.39128	0.55114	0.81479	0.81942	0.53197	-0.7231	-2.6126	-4.7792	-5.6275	-4.4809	-3.9012	-2.4523	-1.8794	-1.4414	-1.1095	-0.79589	-0.55184	-0.45207	-0.31602	-0.14725	-0.021032	-0.014608	-10.616
990.54	0.017639	0.021497	0.036043	0.040413	0.049272	0.071714	0.12899	0.204	0.37194	0.54313	0.80297	0.93185	0.65529	-0.49428	-2.6298	-4.893	-5.655	-4.5382	-3.9184	-2.4738	-1.843	-1.4385	-1.0596	-0.80843	-0.56351	-0.43704	-0.33402	-0.13596	-0.025698	-0.0026107	-10.588
990.33	0.012936	0.022965	0.03605	0.026741	0.045869	0.066755	0.13048	0.19476	0.36306	0.53511	0.80828	0.8358	0.36276	-0.8303	-2.747	-4.9263	-5.6423	-4.5193	-3.9473	-2.4823	-1.8694	-1.4484	-1.1085	-0.81634	-0.59685	-0.45378	-0.30869	-0.15722	-0.021041	-0.034122	-10.625
989.9	0.020786	0.0068787	0.037613	0.052605	0.073206	0.088344	0.14511	0.21032	0.36022	0.54022	0.78804	0.86826	0.56322	-0.86119	-2.4649	-4.8317	-5.6106	-4.4897	-3.909	-2.4592	-1.8886	-1.4299	-1.0816	-0.8105	-0.54942	-0.41309	-0.30135	-0.16012	-0.035043	-0.0026124	-10.6
988.42	0.022387	0.017146	0.043871	0.043546	0.075025	0.076849	0.15116	0.22614	0.37424	0.57526	0.80297	0.80527	0.64124	-0.7095	-2.2683	-4.8228	-5.5865	-4.4948	-3.9134	-2.4452	-1.9038	-1.4352	-1.0848	-0.81637	-0.5242	-0.41674	-0.28533	-0.14618	-0.022641	0.0079089	-10.619
987.57	0.020835	0.020096	0.026843	0.034438	0.059687	0.08689	0.13961	0.22323	0.38055	0.55292	0.8329	0.91858	0.51824	-0.77136	-2.4707	-4.8593	-5.5851	-4.5103	-3.9004	-2.4747	-1.87	-1.4317	-1.0887	-0.82483	-0.58983	-0.45201	-0.31704	-0.15908	-0.042918	-0.0056263	-10.631
985.66	0.01615	0.023074	0.025338	0.043668	0.034086	0.080397	0.12671	0.20967	0.36328	0.53601	0.8035	0.82365	0.53472	-0.75753	-2.6261	-4.9173	-5.6006	-4.5391	-3.9259	-2.5103	-1.8552	-1.4392	-1.0695	-0.82643	-0.55324	-0.44224	-0.30865	-0.13237	-0.024265	-0.016192	-10.612
985.23	0.020884	0.015732	0.012909	0.036047	0.061545	0.065435	0.12237	0.21909	0.37395	0.54278	0.7935	0.54986	0.42657	-0.91132	-2.4933	-4.8546	-5.5968	-4.4944	-3.935	-2.4887	-1.8683	-1.4415	-1.0195	-0.80501	-0.58687	-0.44852	-0.30728	-0.14096	-0.014903	0.0019018	-10.597
985.87	0.035049	0.03776	0.014454	0.05282	0.047793	0.088706	0.14131	0.21118	0.37521	0.53916	0.81194	0.98463	0.62743	-0.72668	-2.3746	-4.9648	-5.6087	-4.5248	-3.8997	-2.5179	-1.8995	-1.4518	-1.0784	-0.82625	-0.56618	-0.44063	-0.31759	-0.15793	-0.049238	-0.020709	-10.673
984.6	0.00039477	0.0083862	0.012917	0.034542	0.070167	0.078816	0.13124	0.22235	0.36217	0.53659	0.76814	0.79226	0.41134	-0.81977	-2.3944	-4.7767	-5.5911	-4.5039	-3.9405	-2.4757	-1.8973	-1.4392	-1.0721	-0.80242	-0.56837	-0.4549	-0.29095	-0.16383	-0.032107	-0.017718	-10.622
983.11	0.0098738	-0.001915	0.022287	0.01775	0.097776	0.065577	0.13144	0.20242	0.35368	0.53576	0.78658	0.77731	0.6447	-0.8364	-2.3644	-4.8813	-5.6182	-4.5274	-3.9599	-2.4632	-1.9326	-1.4526	-1.1105	-0.83948	-0.57213	-0.48303	-0.2944	-0.16265	-0.046245	-0.01321	-10.658
982.05	0.0051387	0.021683	0.016071	0.040763	0.063464	0.095737	0.1448	0.23073	0.38119	0.5511	0.79608	0.97228	0.6454	-0.68333	-2.4006	-4.6591	-5.6196	-4.5507	-3.9537	-2.4952	-1.8929	-1.4719	-1.0703	-0.82323	-0.54508	-0.42555	-0.31129	-0.15284	-0.030623	-0.035922	-10.643
981.83	0.011467	0.0084098	0.022316	0.056105	0.072084	0.090743	0.14042	0.22141	0.37373	0.5463	0.79452	0.84303	0.52127	-0.62186	-2.5859	-4.9202	-5.6646	-4.5567	-3.983	-2.4924	-1.8933	-1.4336	-1.1012	-0.80624	-0.58453	-0.4577	-0.31287	-0.15572	-0.036899	-0.026849	-10.637
981.41	-0.0075143	0.012842	0.012959	0.028517	0.066951	0.082418	0.12725	0.20746	0.36786	0.51699	0.78102	0.69771	0.47485	-0.85324	-2.587	-4.8573	-5.6873	-4.5503	-3.9832	-2.5163	-1.9019	-1.489	-1.0833	-0.83313	-0.60228	-0.48845	-0.33109	-0.14008	-0.035346	-0.037458	-10.634
981.83	0.0019782	0.0054593	0.017634	0.043838	0.053151	0.08907	0.13895	0.20737	0.3677	0.54138	0.7876	0.89158	0.44358	-0.62186	-2.6027	-4.8714	-5.6848	-4.5751	-3.9695	-2.4989	-1.9104	-1.4787	-1.0782	-0.8	-0.58016	-0.4577	-0.29478	-0.15858	-0.025926	-0.019282	-10.625
980.35	0.0099017	0.0084225	0.027041	0.039297	0.079088	0.06911	0.14505	0.21862	0.37732	0.5537	0.79919	0.89293	0.50649	-0.7462	-2.4721	-4.8137	-5.6544	-4.5084	-4.0025	-2.4669	-1.8761	-1.4357	-1.0814	-0.82622	-0.57083	-0.44617	-0.30428	-0.14023	-0.029105	-0.028405	-10.616
981.2	0.0051431	0.0054629	0.034824	0.046934	0.07902	0.10753	0.15521	0.23249	0.3785	0.55486	0.7985	0.77882	0.55268	-0.6531	-2.4195	-4.8746	-5.6885	-4.5112	-3.9661	-2.5038	-1.9116	-1.449	-1.0866	-0.79739	-0.59512	-0.47328	-0.33116	-0.16297	-0.038492	-0.022322	-10.652
980.77	0.033647	0.029096	0.02234	0.04542	0.063547	0.070753	0.13175	0.20916	0.35905	0.54525	0.80231	0.92494	0.59959	-0.82296	-2.6223	-4.8279	-5.6832	-4.555	-3.9963	-2.5033	-1.9171	-1.4674	-1.0656	-0.85242	-0.60704	-0.47195	-0.30114	-0.16018	-0.043215	-0.023848	-10.616
980.56	0.017818	0.0098971	0.0098436	0.030076	0.049774	0.059049	0.11265	0.22014	0.37422	0.52237	0.77477	0.87653	0.64638	-0.82314	-2.6061	-4.9754	-5.6735	-4.5459	-3.9837	-2.5217	-1.9268	-1.479	-1.0965	-0.84635	-0.59259	-0.43384	-0.28762	-0.17308	-0.0652	-0.011729	-10.576
980.77	0.02573	0.011373	0.031715	0.074584	0.080778	0.085818	0.14204	0.22947	0.3847	0.54689	0.80577	0.87634	0.50627	-0.62254	-2.4878	-4.9418	-5.6894	-4.5784	-3.9679	-2.5	-1.9093	-1.4883	-1.1055	-0.8118	-0.61726	-0.43069	-0.30566	-0.14017	-0.032232	-0.05112	-10.646
980.77	0.0035628	0.014326	0.048899	0.046954	0.048041	0.090841	0.13616	0.22009	0.3847	0.54361	0.79192	0.71435	0.50627	-0.8692	-2.5719	-5.0069	-5.7097	-4.5868	-3.9679	-2.5244	-1.8923	-1.477	-1.0686	-0.81805	-0.58808	-0.47959	-0.32226	-0.16447	-0.030662	-0.014757	-10.643
980.14	0.0051487	0.033547	0.022355	0.053129	0.067038	0.092574	0.14214	0.21242	0.3774	0.5341	0.7855	0.82829	0.5066	-0.8852	-2.7755	-5.0916	-5.7244	-4.5847	-3.9959	-2.531	-1.9276	-1.4845	-1.1031	-0.8092	-0.58555	-0.45238	-0.29831	-0.16314	-0.058946	-0.005669	-10.64
981.62	0.024127	0.026118	0.031687	0.054582	0.084153	0.11083	0.15809	0.23395	0.39492	0.57104	0.80334	0.77848	0.55245	-0.74523	-2.5865	-4.7912	-5.7032	-4.5611	-3.9913	-2.506	-1.9185	-1.4661	-1.0785	-0.82046	-0.55697	-0.46849	-0.31746	-0.14005	-0.014958	0.0019088	-10.646
982.68	0.0067163	0.0054546	0.0145	0.034609	0.054824	0.090665	0.13883	0.23214	0.38546	0.55075	0.80766	0.97165	0.69157	-0.62132	-2.4998	-4.7698	-5.6519	-4.5561	-3.9407	-2.5114	-1.8732	-1.4597	-1.0727	-0.8071	-0.52434	-0.4329	-0.30958	-0.14988	-0.040001	-0.011704	-10.64
983.75	0.013023	0.0098651	-0.005764	0.046812	0.077098	0.088897	0.12989	0.23189	0.36699	0.53541	0.7878	0.59915	0.38069	-0.759	-2.6647	-4.9755	-5.6489	-4.5195	-3.9723	-2.4892	-1.9082	-1.4565	-1.0945	-0.83582	-0.55868	-0.45224	-0.32128	-0.15115	-0.04465	-0.029817	-10.655
984.6	0.016167	0.0128	0.020698	0.048303	0.070167	0.083818	0.13563	0.21768	0.3817	0.55949	0.81644	0.92135	0.61276	-0.68156	-2.6122	-4.9874	-5.6814	-4.5523	-3.9569	-2.4757	-1.868	-1.4713	-1.0798	-0.80709	-0.57708	-0.44729	-0.29396	-0.14959	-0.0039697	-0.008663	-10.606
983.96	0.016178	0.037834	0.031612	0.062102	0.05819	0.09722	0.16064	0.22094	0.40601	0.57132	0.82905	0.98654	0.59765	-0.66663	-2.5133	-4.7798	-5.6663	-4.5352	-3.9162	-2.4806	-1.8923	-1.4594	-1.079	-0.79048	-0.56001	-0.44605	-0.30016	-0.15112	-0.041512	-0.0086686	-10.643
984.17	0.025641	0.040769	0.037832	0.045263	0.071913	0.077181	0.15768	0.22089	0.38638	0.53846	0.80989	0.84103	0.50453	-0.88157	-2.6301	-5.1031	-5.648	-4.5359	-3.9005	-2.4703	-1.8441	-1.4318	-1.1063	-0.80277	-0.55262	-0.43529	-0.3001	-0.16105	-0.013354	0.004922	-10.652
983.53	0.00829	0.027542	0.022277	0.048355	0.049623	0.073894	0.14605	0.22726	0.39415	0.54536	0.80178	0.89004	0.5824	-0.65155	-2.5479	-5.009	-5.6485	-4.5522	-3.9254	-2.4946	-1.8962	-1.444	-1.11	-0.81731	-0.52535	-0.44472	-0.27772	-0.14548	-0.03527	-0.011694	-10.661
983.75	0.022494	0.017228	0.023831	0.037631	0.075381	0.087228	0.15188	0.22098	0.38203	0.57963	0.79643	0.8091	0.50474	-0.66677	-2.5306	-4.9755	-5.6738	-4.5629	-3.926	-2.4795	-1.8619	-1.4629	-1.0685	-0.78598	-0.51069	-0.43091	-0.28819	-0.14545	-0.021182	0.0049241	-10.643
983.11	0.033567	0.036394	0.051901	0.075939	0.080586	0.10565	0.15491	0.22736	0.3898	0.5587	0.82286	1.0035	0.69127	-0.5903	-2.5826	-4.7839	-5.6541	-4.5575	-3.9211	-2.5038	-1.8801	-1.4574	-1.0615	-0.80519	-0.58087	-0.43424	-0.29139	-0.12986	-0.0086726	-0.014722	-10.652
981.41	0.008308	0.0069383	0.039499	0.043857	0.066951	0.095799	0.14489	0.24337	0.40857	0.56788	0.81217	0.81102	0.66138	-0.85324	-2.4862	-4.9061	-5.6889	-4.5637	-3.9399	-2.5065	-1.8926	-1.4439	-1.071	-0.81908	-0.60519	-0.44721	-0.3326	-0.14151	-0.016529	-0.011719	-10.631
979.29	0.013082	0.0069533	0.031763	0.019356	0.063643	0.077566	0.14668	0.22199	0.38528	0.55759	0.80526	0.86144	0.47588	-0.63893	-2.6095	-4.9493	-5.7231	-4.5988	-3.9964	-2.4989	-1.9277	-1.4583	-1.0887	-0.80051	-0.57437	-0.42216	-0.31368	-0.1547	-0.029137	-0.029952	-10.634
978.44	0.027379	0.030646	0.038054	0.040913	0.074064	0.097769	0.16008	0.24098	0.38713	0.56466	0.82158	1.0408	0.71015	-0.71674	-2.3926	-4.9536	-5.7077	-4.5608	-3.9803	-2.519	-1.8627	-1.4466	-1.0881	-0.82626	-0.57048	-0.42406	-0.28673	-0.13192	-0.008714	0.0049508	-10.652
978.01	0.025803	0.035103	0.034937	0.056325	0.079277	0.082705	0.15572	0.23481	0.39486	0.56985	0.8202	0.78136	0.63247	-0.73252	-2.596	-4.8905	-5.7086	-4.5661	-3.9701	-2.5006	-1.8883	-1.4327	-1.0594	-0.81409	-0.53709	-0.42577	-0.27929	-0.12481	0.0054449	0.011032	-10.646
977.37	0.036942	0.029197	0.02869	0.050199	0.072413	0.094515	0.14549	0.2334	0.38452	0.5488	0.81031	0.66808	0.39877	-0.87223	-2.6652	-4.861	-5.6935	-4.5775	-3.9591	-2.5136	-1.8942	-1.4628	-1.0631	-0.83814	-0.58281	-0.45979	-0.30521	-0.15357	-0.018171	-0.013287	-10.637
976.52	0.013119	0.018838	0.024007	0.0672	0.081129	0.086191	0.15596	0.22889	0.38031	0.54927	0.80927	1.0103	0.63344	-0.87299	-2.5831	-4.9469	-5.7173	-4.5899	-3.9641	-2.506	-1.8819	-1.4446	-1.0579	-0.81062	-0.55256	-0.44791	-0.26002	-0.11495	-0.011883	-0.0011259	-10.628
974.19	0.032281	0.038213	0.039792	0.056546	0.065713	0.10662	0.15337	0.22787	0.41008	0.58532	0.83911	0.96381	0.60364	-0.53362	-2.4707	-4.9424	-5.7043	-4.6043	-3.957	-2.5071	-1.9191	-1.4237	-1.0388	-0.78583	-0.57444	-0.4536	-0.30165	-0.13824	0.0070467	0.030905	-10.606
974.61	0.014739	0.014417	0.017765	0.050341	0.076088	0.093099	0.1681	0.21362	0.38865	0.55696	0.82829	0.9145	0.50947	-0.76611	-2.7066	-4.973	-5.7254	-4.6023	-3.9583	-2.506	-1.9245	-1.4539	-1.1326	-0.79649	-0.53896	-0.43034	-0.27268	-0.13387	-0.027698	0.0095448	-10.652
973.76	0.017943	0.03823	0.047677	0.044202	0.079623	0.086436	0.15344	0.23426	0.37531	0.56737	0.79239	0.81739	0.6039	-0.90652	-2.6074	-5.2396	-5.6974	-4.5658	-3.9663	-2.4967	-1.9168	-1.4601	-1.0841	-0.84596	-0.53209	-0.47227	-0.29267	-0.13111	-0.034044	-0.0057061	-10.64
974.4	0.017931	0.01442	0.028777	0.045717	0.062229	0.099858	0.14446	0.2231	0.37355	0.55212	0.79535	0.6212	0.50959	-0.68869	-2.6226	-5.0069	-5.6905	-4.541	-3.9863	-2.4771	-1.8953	-1.4494	-1.0509	-0.80295	-0.54348	-0.45197	-0.29855	-0.12958	-0.024545	-0.0057024	-10.637
975.67	0.029047	0.033701	0.03345	0.056459	0.077736	0.10309	0.16348	0.23695	0.39277	0.56626	0.82042	0.97863	0.55581	-0.70328	-2.5346	-4.9512	-5.6501	-4.5535	-3.9705	-2.4951	-1.9053	-1.4783	-1.0835	-0.84745	-0.58236	-0.44677	-0.30423	-0.14665	-0.021357	-0.0011269	-10.634
976.31	0.025848	0.02626	0.019305	0.054879	0.06557	0.097982	0.13974	0.23208	0.39403	0.56424	0.81119	0.79898	0.50859	-0.82672	-2.4485	-4.7682	-5.6558	-4.5506	-3.9755	-2.5	-1.8901	-1.4514	-1.0704	-0.81394	-0.57758	-0.43726	-0.33282	-0.14512	0.00072475	-0.00417	-10.637
975.04	0.022695	0.036695	0.030329	0.059584	0.082987	0.091376	0.13992	0.23867	0.3733	0.56333	0.8227	0.71855	0.4936	-0.75026	-2.5024	-4.9708	-5.6742	-4.5649	-3.9807	-2.5098	-1.8956	-1.4792	-1.0904	-0.81343	-0.57834	-0.43015	-0.30139	-0.12519	-0.016637	0.029352	-10.652
975.25	0.035431	0.033715	0.05546	0.056484	0.069106	0.11492	0.15024	0.23234	0.38384	0.5566	0.83297	0.9139	0.47785	-0.57956	-2.3328	-4.7243	-5.6415	-4.5404	-3.9136	-2.4962	-1.8968	-1.4643	-1.0716	-0.78969	-0.55034	-0.42544	-0.28464	-0.14528	-0.013476	0.00039697	-10.649
975.89	0.046545	0.033693	0.049144	0.074958	0.093306	0.091296	0.15754	0.23218	0.39572	0.57274	0.82546	1.1086	0.68075	-0.67214	-2.3312	-4.8193	-5.6331	-4.5239	-3.9306	-2.4651	-1.9018	-1.465	-1.1033	-0.83941	-0.54998	-0.43131	-0.289	-0.12795	-0.022932	0.0080104	-10.637
977.16	0.022645	0.0025195	0.022423	0.045588	0.067242	0.096216	0.13814	0.23972	0.38915	0.55881	0.80875	0.6357	0.63302	-0.77958	-2.4464	-4.8131	-5.654	-4.5651	-3.9345	-2.4815	-1.9039	-1.4938	-1.105	-0.83361	-0.56391	-0.45836	-0.33405	-0.14643	-0.044951	-0.016333	-10.664
977.16	0.022645	0.021791	0.0067435	0.056374	0.079346	0.086135	0.14109	0.22561	0.37855	0.54891	0.79658	0.92836	0.5862	-0.68674	-2.5308	-4.8457	-5.6556	-4.5584	-3.9465	-2.4766	-1.921	-1.4437	-1.0834	-0.85086	-0.58733	-0.43535	-0.29316	-0.1579	-0.024476	0.00039619	-10.612
976.31	0.019486	0.029229	0.033428	0.045627	0.062107	0.10639	0.16633	0.23836	0.40313	0.54774	0.80597	0.71762	0.58671	-0.68734	-2.364	-4.5884	-5.6354	-4.5371	-3.9589	-2.4918	-1.9025	-1.4401	-1.1044	-0.84219	-0.56147	-0.44187	-0.32373	-0.13794	-0.013461	-0.0072139	-10.594
977.16	0.029003	0.014379	0.022423	0.04867	0.082807	0.097897	0.15585	0.23502	0.37552	0.5687	0.82091	0.81455	0.5862	-0.54746	-2.5308	-4.8784	-5.6556	-4.5516	-3.963	-2.4946	-1.9133	-1.4663	-1.0957	-0.82577	-0.55512	-0.44609	-0.31436	-0.145	-0.021325	-0.017853	-10.646
977.37	0.021052	0.023269	0.042799	0.042497	0.048208	0.086116	0.13959	0.20361	0.38301	0.5455	0.80162	0.81437	0.58607	-0.79487	-2.4458	-4.8447	-5.6794	-4.549	-3.9471	-2.5071	-1.9004	-1.4741	-1.0724	-0.85538	-0.56817	-0.45366	-0.29764	-0.1507	-0.033918	-0.01937	-10.6
977.8	0.01628	0.01437	0.030243	0.042479	0.07584	0.091118	0.12772	0.21449	0.37225	0.53702	0.79606	0.89526	0.44542	-0.74815	-2.5797	-4.9242	-5.6676	-4.5655	-3.9679	-2.4848	-1.8918	-1.4718	-1.0765	-0.80486	-0.54891	-0.43966	-0.31416	-0.15493	-0.03233	-0.013281	-10.631
979.71	0.017834	0.024691	0.020801	0.047005	0.087765	0.094289	0.14367	0.24066	0.37303	0.55735	0.80664	0.69892	0.56908	-0.66952	-2.4232	-4.9797	-5.6346	-4.5214	-3.9662	-2.4799	-1.9114	-1.4334	-1.0898	-0.82206	-0.57266	-0.41739	-0.31203	-0.1532	-0.024412	-0.0087062	-10.634
980.99	0.024142	0.026135	0.028584	0.036203	0.051476	0.089147	0.14937	0.22629	0.36652	0.54513	0.80213	0.81138	0.58392	-0.63782	-2.4704	-4.6479	-5.6039	-4.5121	-3.9625	-2.4767	-1.8826	-1.4364	-1.0838	-0.84286	-0.56025	-0.45199	-0.31464	-0.15014	-0.035361	-0.01021	-10.591
981.2	0.039964	0.018748	0.030139	0.04847	0.061798	0.090802	0.12287	0.21843	0.36945	0.52859	0.776	0.76262	0.59933	-0.63768	-2.5372	-4.7933	-5.6308	-4.543	-3.9691	-2.4941	-1.8822	-1.4796	-1.1019	-0.80832	-0.58054	-0.4412	-0.29648	-0.12726	-0.027512	-0.0026356	-10.619
982.47	0.019363	0.034944	0.028541	0.053003	0.077198	0.10238	0.15355	0.22595	0.38855	0.56562	0.81648	0.76163	0.58303	-0.52912	-2.4499	-4.6408	-5.6188	-4.5053	-3.9431	-2.5022	-1.8844	-1.4503	-1.0883	-0.82755	-0.57251	-0.41621	-0.30212	-0.12995	-0.019644	-0.013218	-10.564
985.66	0.028753	0.039239	0.0097927	0.061995	0.075235	0.087059	0.15305	0.2019	0.38279	0.55562	0.80694	1.001	0.55018	-0.57344	-2.5424	-4.8039	-5.5913	-4.5324	-3.9244	-2.4714	-1.8798	-1.4264	-1.0924	-0.76736	-0.55469	-0.4316	-0.28613	-0.1409	0.0022815	-0.02373	-10.619
988.42	-0.0074611	-0.00043861	0.02682	0.0405	0.075025	0.078511	0.16576	0.24629	0.37274	0.55407	0.80297	0.93385	0.50236	-0.7248	-2.5019	-4.9359	-5.5974	-4.4965	-3.9476	-2.4726	-1.9084	-1.456	-1.0543	-0.83342	-0.55604	-0.49105	-0.29282	-0.15894	-0.053782	-0.017649	-10.643
990.12	0.030191	0.0083394	0.02832	0.032828	0.080016	0.076717	0.12322	0.20409	0.36613	0.53197	0.79302	0.73971	0.60934	-0.75412	-2.5143	-4.8629	-5.5971	-4.4821	-3.9112	-2.4748	-1.8637	-1.4423	-1.0586	-0.78092	-0.5782	-0.4569	-0.25794	-0.12611	-0.022602	-0.0041119	-10.585
990.33	0.031755	0.053681	0.040691	0.02826	0.062934	0.091622	0.14213	0.23035	0.36754	0.54975	0.80657	1.0283	0.54759	-0.58599	-2.3805	-4.7168	-5.5665	-4.4696	-3.894	-2.4566	-1.8756	-1.4165	-1.0796	-0.80551	-0.55208	-0.43107	-0.31168	-0.14731	-0.021041	-0.0011102	-10.625
991.39	0.011357	0.017095	0.019012	0.052526	0.062866	0.083244	0.13907	0.22237	0.38058	0.55241	0.78515	0.86696	0.70087	-0.69213	-2.6442	-4.8888	-5.5497	-4.4582	-3.9254	-2.4571	-1.8582	-1.4485	-1.0618	-0.77374	-0.56591	-0.42154	-0.32925	-0.14857	-0.036543	-0.022092	-10.634
992.24	0.028563	0.0346	0.0081844	0.038826	0.052594	0.073246	0.10842	0.18975	0.36534	0.52109	0.76565	0.57801	0.48504	-0.7525	-2.4591	-4.9651	-5.5666	-4.5007	-3.9279	-2.4534	-1.898	-1.4632	-1.0487	-0.82558	-0.58273	-0.4665	-0.32599	-0.15409	-0.047371	-0.014586	-10.609
992.88	0.020724	0.024364	0.0097215	0.041834	0.057667	0.056664	0.1316	0.19426	0.35467	0.52724	0.77542	0.88167	0.34646	-0.73678	-2.6236	-4.8333	-5.5398	-4.435	-3.921	-2.4921	-1.8646	-1.4144	-1.0602	-0.78956	-0.56507	-0.45261	-0.28852	-0.14693	-0.011687	-0.0055963	-10.622
993.09	0.017593	0.030194	0.037492	0.049405	0.066163	0.074836	0.13593	0.21428	0.38291	0.55309	0.7992	0.88148	0.5768	-0.78229	-2.4237	-4.8966	-5.5263	-4.439	-3.9201	-2.4465	-1.8856	-1.4189	-1.0796	-0.83567	-0.53326	-0.4827	-0.30783	-0.15819	-0.022535	-0.013077	-10.667
993.09	0.014465	0.024359	0.022063	0.038793	0.062759	0.074836	0.13593	0.21582	0.37248	0.54335	0.7838	0.7375	0.63822	-0.64528	-2.4071	-4.7841	-5.5016	-4.434	-3.8596	-2.4658	-1.8979	-1.4524	-1.0978	-0.82333	-0.56062	-0.46006	-0.30932	-0.15114	-0.031833	-0.010086	-10.67
992.45	0.028556	0.011239	0.040604	0.032751	0.047476	0.064959	0.12584	0.19434	0.3593	0.54695	0.80484	0.89806	0.54642	-0.7371	-2.4419	-4.7871	-5.5484	-4.4385	-3.868	-2.4851	-1.8593	-1.4437	-1.0758	-0.82231	-0.59269	-0.43015	-0.29461	-0.14417	-0.031853	0.0093732	-10.637
991.6	0.033279	0.018551	0.028278	0.052515	0.079896	0.068326	0.13031	0.21305	0.37453	0.54092	0.79012	0.91484	0.54688	-0.58524	-2.2777	-4.6625	-5.499	-4.4622	-3.8639	-2.4148	-1.867	-1.4242	-1.0737	-0.78593	-0.54992	-0.45319	-0.28591	-0.13299	-0.013254	0.0078835	-10.652
991.6	0.031714	0.043386	0.036004	0.054032	0.038995	0.089849	0.12886	0.20842	0.37154	0.53929	0.80896	0.81872	0.66996	-0.55475	-2.4107	-4.5981	-5.4805	-4.4373	-3.8994	-2.4357	-1.8517	-1.4466	-1.0858	-0.80602	-0.54704	-0.45319	-0.29039	-0.15843	-0.013254	0.0078835	-10.667
991.18	0.027027	0.015638	0.040656	0.041905	0.056062	0.071668	0.14492	0.21314	0.37618	0.5379	0.77504	0.88318	0.47017	-0.72279	-2.5116	-4.8899	-5.4952	-4.4442	-3.8596	-2.448	-1.8923	-1.4344	-1.0954	-0.8141	-0.56748	-0.46095	-0.3129	-0.14294	-0.047422	-0.016102	-10.652
990.33	0.033322	0.017113	0.037597	0.02826	0.05099	0.073387	0.12757	0.1994	0.35858	0.53999	0.7877	0.91602	0.65543	-0.57073	-2.3472	-4.7974	-5.4814	-4.4215	-3.8881	-2.4372	-1.8556	-1.4644	-1.0796	-0.80087	-0.57663	-0.44318	-0.28478	-0.16005	-0.022597	-0.014614	-10.616
987.99	0.034974	0.050876	0.026831	0.055755	0.066505	0.076882	0.14393	0.22003	0.38039	0.55105	0.79988	0.88602	0.67241	-0.51086	-2.286	-4.6149	-5.5021	-4.4801	-3.9077	-2.4527	-1.8692	-1.4262	-1.0791	-0.81207	-0.54469	-0.4412	-0.28695	-0.15333	-0.011745	0.0018965	-10.634
986.93	0.036584	0.017172	0.034621	0.063443	0.071712	0.085282	0.14116	0.21561	0.35981	0.53858	0.80418	0.83868	0.78132	-0.67994	-2.4556	-4.7007	-5.508	-4.4284	-3.8836	-2.4569	-1.8805	-1.439	-1.0711	-0.81449	-0.58152	-0.46142	-0.34273	-0.14214	-0.016436	-0.017676	-10.643
986.29	0.027161	-0.0019088	-0.0026408	0.032955	0.051199	0.067029	0.13686	0.21109	0.38854	0.5373	0.79609	0.88755	0.3333	-0.80302	-2.3735	-4.6228	-5.5178	-4.4496	-3.8713	-2.4472	-1.8709	-1.4592	-1.0932	-0.81191	-0.55143	-0.48147	-0.32495	-0.14649	-0.055458	-0.023715	-10.637
983.96	0.011443	0.0054476	0.016039	0.028443	0.049602	0.090547	0.12986	0.21004	0.35639	0.5353	0.80661	0.64747	0.56663	-0.77419	-2.53	-4.6825	-5.5823	-4.4968	-3.9416	-2.4627	-1.8661	-1.461	-1.079	-0.8263	-0.5731	-0.4491	-0.31069	-0.14827	-0.02587	-0.011689	-10.619
982.05	0.019372	0.024633	0.030112	0.069888	0.063464	0.092394	0.14333	0.21981	0.38721	0.56915	0.80126	0.90757	0.56773	-0.60634	-2.4846	-4.9354	-5.5635	-4.4822	-3.9269	-2.4805	-1.8759	-1.459	-1.0933	-0.82791	-0.56547	-0.46981	-0.32033	-0.14285	-0.032191	0.010986	-10.646
979.5	0.0035675	0.0084298	0.0020326	0.047015	0.077433	0.077549	0.13487	0.21412	0.37009	0.55583	0.77388	0.84504	0.5848	-0.65423	-2.3563	-4.8016	-5.6343	-4.5022	-3.9446	-2.4772	-1.9118	-1.4612	-1.0869	-0.8285	-0.54065	-0.45727	-0.31361	-0.12319	-0.035415	-0.0056727	-10.619
975.67	0.032232	0.021824	0.017745	0.027143	0.039631	0.071123	0.12209	0.21025	0.37306	0.56131	0.80476	0.84836	0.63399	-0.68779	-2.5853	-4.8695	-5.6391	-4.535	-3.951	-2.5016	-1.8773	-1.4588	-1.1113	-0.83645	-0.5677	-0.48056	-0.29209	-0.15958	-0.015049	-0.010266	-10.609
972.49	0.013174	0.020407	0.019381	0.048904	0.055399	0.089927	0.14771	0.22354	0.36363	0.54989	0.78819	0.93282	0.62039	-0.67449	-2.2715	-4.7705	-5.6828	-4.5549	-3.9534	-2.4934	-1.9303	-1.4685	-1.0932	-0.82659	-0.59751	-0.4806	-0.32652	-0.13993	-0.027759	0.0095656	-10.612
969.94	0.021214	0.014486	0.038387	0.049033	0.04335	0.085085	0.14215	0.22729	0.36916	0.54304	0.81477	0.80423	0.41756	-0.84775	-2.6516	-4.997	-5.6993	-4.572	-3.985	-2.5411	-1.8774	-1.4658	-1.0651	-0.83192	-0.57843	-0.44014	-0.33043	-0.13018	-0.027832	-0.019518	-10.612
968.02	0.019652	0.032471	0.0036417	0.064682	0.074861	0.076773	0.13945	0.21033	0.37142	0.55243	0.80761	0.85506	0.56021	-0.63073	-2.5035	-4.8915	-5.7106	-4.598	-3.9777	-2.528	-1.9219	-1.4867	-1.1309	-0.85098	-0.60765	-0.45804	-0.31274	-0.1565	-0.026296	-0.014951	-10.643
966.96	0.00040197	0.010036	0.014736	0.022715	0.071446	0.073462	0.12617	0.2058	0.3703	0.54637	0.81728	0.856	0.60815	-0.66271	-2.5404	-4.8803	-5.6804	-4.5623	-4.0124	-2.5324	-1.9272	-1.4573	-1.0964	-0.8535	-0.55062	-0.48179	-0.29319	-0.16392	-0.012001	-0.0072836	-10.576
964.62	0.019722	0.01907	0.016361	0.050863	0.07337	0.088957	0.13695	0.22536	0.3758	0.55104	0.80693	0.87454	0.59382	-0.61729	-2.2559	-4.7101	-5.6735	-4.5734	-3.9887	-2.5137	-1.924	-1.4575	-1.0756	-0.8651	-0.56679	-0.44878	-0.30924	-0.14688	-0.016817	-0.0026809	-10.619
963.99	0.032623	0.037116	0.029088	0.052459	0.071667	0.083908	0.15799	0.2271	0.36991	0.55474	0.80218	0.97401	0.46761	-0.80591	-2.4285	-4.9285	-5.7106	-4.5747	-4.002	-2.522	-1.9284	-1.4946	-1.1169	-0.88633	-0.59536	-0.46618	-0.31866	-0.16006	-0.031196	-0.0073061	-10.616
964.62	0.02294	0.0040545	0.037011	0.04618	0.059356	0.078745	0.13246	0.20471	0.36506	0.53267	0.8087	0.69337	0.4673	-0.74268	-2.5807	-4.7929	-5.6989	-4.5955	-4.0267	-2.5419	-1.9539	-1.4837	-1.1443	-0.84445	-0.56827	-0.44412	-0.33072	-0.15705	-0.018411	-0.0057602	-10.6
965.9	0.014872	-0.00044884	0.00047581	0.03521	0.064525	0.070144	0.13378	0.1981	0.38143	0.55031	0.79356	0.82405	0.46669	-0.8513	-2.6286	-5.0014	-5.6866	-4.5945	-4.0274	-2.5236	-1.9089	-1.4801	-1.1007	-0.83382	-0.58381	-0.47146	-0.29352	-0.15249	-0.035914	-0.0057526	-10.643
968.02	0.029277	0.027983	0.0068072	0.036687	0.062639	0.095428	0.13646	0.2309	0.40046	0.57074	0.82515	0.67454	0.57596	-0.70884	-2.6228	-4.7925	-5.6662	-4.5624	-4.0125	-2.5181	-1.9156	-1.4949	-1.0827	-0.81457	-0.56036	-0.42707	-0.3158	-0.15939	-0.032657	-0.010347	-10.637
969.51	0.014816	0.024951	0.02102	0.049054	0.088688	0.093589	0.14369	0.20368	0.37848	0.55989	0.79411	0.87013	0.68522	-0.84813	-2.4997	-4.8675	-5.6718	-4.5909	-4.0245	-2.5291	-1.9096	-1.4877	-1.1044	-0.82123	-0.57131	-0.4728	-0.29853	-0.14759	-0.019906	-0.011863	-10.658
970.79	0.017998	0.017458	0.02257	0.027279	0.053756	0.08332	0.13608	0.22078	0.38713	0.55086	0.79306	0.73809	0.5272	-0.69125	-2.5474	-4.9433	-5.6959	-4.5917	-3.9709	-2.5438	-1.9243	-1.4678	-1.0874	-0.80121	-0.55729	-0.45056	-0.27375	-0.15461	-0.034148	-0.021031	-10.625
973.97	0.030692	0.035249	0.025642	0.048829	0.076138	0.094845	0.15192	0.22005	0.38435	0.55732	0.81837	0.76828	0.57244	-0.68899	-2.4374	-4.6977	-5.6662	-4.5497	-3.9745	-2.5339	-1.8868	-1.4646	-1.1008	-0.8269	-0.57456	-0.42446	-0.29412	-0.18576	-0.015076	0.0034487	-10.631
977.8	0.036925	0.042518	0.0083053	0.050177	0.056829	0.087758	0.14248	0.21919	0.37679	0.56833	0.81864	0.83027	0.66383	-0.71721	-2.5291	-4.8099	-5.619	-4.5487	-3.9559	-2.475	-1.8685	-1.4589	-1.0811	-0.79076	-0.55037	-0.43047	-0.30659	-0.13917	-0.035477	-0.0041637	-10.628
980.99	0.035223	0.0098929	0.033269	0.042341	0.072147	0.10421	0.14937	0.22161	0.38462	0.5517	0.80559	0.85995	0.45951	-0.68407	-2.5713	-4.9244	-5.6507	-4.5305	-3.9775	-2.4962	-1.8656	-1.4445	-1.1022	-0.82412	-0.57192	-0.46116	-0.30861	-0.14729	-0.029086	-0.031417	-10.646
