6.3095e+005	19	12	90	25.9	766.75	3	-22	32	344.92	256	8192	5	0	0	0	0	550.05	982.12	1.4698e+006	0.11716	0.040762	40.613	0	0	1	0	0	0	11	0	0
818.73	-0.56555	-0.44194	-0.27892	-0.12778	-0.033357	0.042972	0.1815	0.31093	0.48919	0.67485	0.90499	0.79151	0.87087	0.10972	-0.44162	-0.66105	-0.76382	-0.76209	-0.81107	-0.7672	-0.75306	-0.73772	-0.75003	-0.7725	-0.81532	-0.79534	-0.79494	-0.84491	-0.77213	-0.8003	-22.122
817.23	-0.58179	-0.48706	-0.26443	-0.15564	-0.04996	0.041041	0.15007	0.28712	0.49371	0.66229	0.91081	0.90963	0.79779	0.27643	-0.84613	-0.8771	-0.79897	-0.77755	-0.78743	-0.7979	-0.78418	-0.77003	-0.79194	-0.77767	-0.83257	-0.82432	-0.80545	-0.83103	-0.78297	-0.7745	-22.158
816.8	-0.59351	-0.48022	-0.30209	-0.15572	-0.066538	0.026992	0.14131	0.26101	0.49941	0.67052	0.9092	0.77393	0.63013	0.017414	-0.7456	-0.91664	-0.80501	-0.83424	-0.81119	-0.80223	-0.78831	-0.78399	-0.77208	-0.78183	-0.81024	-0.82658	-0.82579	-0.82289	-0.8041	-0.79855	-22.118
817.45	-0.61014	-0.47276	-0.31497	-0.16481	-0.043746	0.014922	0.15532	0.28517	0.49539	0.67591	0.91472	0.9871	0.8349	-0.01961	-0.62394	-1.0721	-0.79501	-0.78739	-0.81234	-0.79965	-0.78955	-0.79692	-0.78252	-0.77559	-0.81485	-0.81493	-0.84506	-0.83081	-0.80912	-0.8161	-22.118
814.02	-0.58409	-0.46585	-0.27301	-0.13961	-0.050157	0.035152	0.15598	0.29202	0.52111	0.69063	0.93109	0.89367	0.87591	0.14748	-0.64682	-0.84135	-0.78518	-0.81087	-0.81396	-0.79321	-0.79287	-0.78667	-0.80616	-0.78638	-0.78665	-0.81284	-0.81226	-0.83775	-0.81064	-0.79398	-22.118
810.81	-0.58066	-0.46948	-0.28543	-0.1346	-0.025344	0.061614	0.17616	0.3064	0.52865	0.69932	0.94944	1.0148	0.95461	0.40917	-0.46627	-0.6872	-0.80908	-0.81003	-0.78462	-0.80423	-0.79226	-0.78784	-0.80007	-0.78194	-0.78624	-0.80866	-0.80818	-0.8307	-0.80056	-0.7843	-22.097
809.95	-0.58702	-0.4825	-0.27249	-0.14217	-0.023285	0.037355	0.19238	0.29159	0.52555	0.69211	0.94415	1.0551	0.74845	0.054878	-0.52789	-1.1017	-0.80804	-0.7967	-0.82711	-0.81296	-0.82498	-0.80234	-0.82136	-0.8206	-0.79413	-0.81692	-0.80538	-0.84715	-0.82801	-0.7998	-22.134
811.24	-0.59758	-0.46209	-0.30794	-0.16607	-0.046163	0.0069418	0.16718	0.28358	0.51013	0.71683	0.93428	0.95549	0.78489	0.16663	-0.16104	-1.0213	-0.77465	-0.78532	-0.81675	-0.78216	-0.78436	-0.77182	-0.78851	-0.80419	-0.79464	-0.80084	-0.80957	-0.81126	-0.8229	-0.78388	-22.016
812.74	-0.5831	-0.48619	-0.29795	-0.16762	-0.060633	0.017029	0.1722	0.31133	0.52011	0.69965	0.9451	1.1688	0.82098	0.073302	-0.60726	-1.0783	-0.8147	-0.79599	-0.80983	-0.79839	-0.79412	-0.7704	-0.80373	-0.81968	-0.81429	-0.81412	-0.8099	-0.80976	-0.81381	-0.79158	-21.907
813.16	-0.58852	-0.46634	-0.31098	-0.15642	-0.060601	0.023077	0.17565	0.28856	0.51438	0.70126	0.94251	0.91418	0.85804	0.22203	-0.38381	-0.94038	-0.7992	-0.79154	-0.82203	-0.78423	-0.79557	-0.80306	-0.80886	-0.79852	-0.80859	-0.82107	-0.84405	-0.81795	-0.78121	-0.77106	-21.755
812.95	-0.58677	-0.49319	-0.32614	-0.16572	-0.079326	0.0089455	0.11359	0.26036	0.48539	0.67766	0.92605	1.0121	0.97088	0.18489	-0.50564	-0.74429	-0.77113	-0.83819	-0.78616	-0.79425	-0.78084	-0.7702	-0.77759	-0.77988	-0.78944	-0.83603	-0.81697	-0.81644	-0.79656	-0.75481	-21.631
814.02	-0.59172	-0.48542	-0.32007	-0.1766	-0.08545	-0.011234	0.12585	0.25626	0.47203	0.6649	0.93318	1.0498	0.81968	0.054603	-0.46443	-0.82174	-0.77953	-0.73625	-0.82838	-0.7736	-0.75742	-0.76336	-0.78397	-0.77697	-0.79192	-0.80179	-0.80681	-0.79643	-0.76526	-0.7593	-21.395
815.73	-0.60571	-0.49328	-0.37011	-0.22052	-0.10392	-0.019258	0.10613	0.25384	0.47104	0.65758	0.91248	0.96971	0.91145	0.16572	-0.74657	-0.83958	-0.73657	-0.77697	-0.77808	-0.76024	-0.73349	-0.72104	-0.7694	-0.77158	-0.78324	-0.80194	-0.78697	-0.80335	-0.78252	-0.76499	-21.27
817.23	-0.58939	-0.50833	-0.34131	-0.22933	-0.14715	-0.027259	0.090052	0.229	0.44302	0.63863	0.89418	0.96793	0.66711	0.16541	-0.50299	-0.72085	-0.6846	-0.70523	-0.69588	-0.71002	-0.73214	-0.71198	-0.72562	-0.7158	-0.77655	-0.7913	-0.79277	-0.79159	-0.76414	-0.75268	-20.986
819.59	-0.55359	-0.45915	-0.35528	-0.26724	-0.16529	-0.081262	0.031715	0.17039	0.40022	0.61321	0.85638	0.84884	0.86996	0.31254	-0.56191	-0.93301	-0.6845	-0.69319	-0.70641	-0.69824	-0.66704	-0.71186	-0.71803	-0.72309	-0.73418	-0.70673	-0.69481	-0.70895	-0.68683	-0.6798	-20.713
819.59	-0.55738	-0.45561	-0.38332	-0.25439	-0.12611	-0.025177	0.12147	0.26947	0.46702	0.65645	0.92476	1.1202	1.0188	0.36789	-0.2399	-0.67984	-0.60972	-0.61307	-0.62765	-0.60282	-0.61886	-0.64626	-0.69415	-0.75674	-0.804	-0.83658	-0.80674	-0.76195	-0.7225	-0.70519	-20.422
819.37	-0.56701	-0.49816	-0.35724	-0.2912	-0.15295	-0.10733	-0.024612	0.12555	0.35699	0.56618	0.85868	1.0236	1.075	0.62632	-0.2601	-0.69948	-0.64541	-0.63527	-0.63139	-0.62245	-0.56897	-0.5673	-0.59695	-0.61108	-0.682	-0.68679	-0.74014	-0.76729	-0.72081	-0.72351	-20.061
820.23	-0.55884	-0.45879	-0.36434	-0.30925	-0.24551	-0.16326	0.0035531	0.16839	0.36924	0.56166	0.8495	0.80945	0.98085	0.33072	-0.36038	-0.50416	-0.58683	-0.55855	-0.58781	-0.61791	-0.60726	-0.55128	-0.60367	-0.62165	-0.65861	-0.68059	-0.71231	-0.72719	-0.69942	-0.68833	-19.736
822.8	-0.52312	-0.44856	-0.35576	-0.22778	-0.15848	-0.096908	0.052629	0.17158	0.37348	0.53641	0.82415	1	0.86656	0.75237	-0.078589	-0.61899	-0.52727	-0.55282	-0.51644	-0.51511	-0.53707	-0.55533	-0.59995	-0.68116	-0.70176	-0.74405	-0.6939	-0.68574	-0.65047	-0.64825	-19.311
826.86	-0.61446	-0.53219	-0.42442	-0.35046	-0.3069	-0.21357	-0.055789	0.09106	0.3287	0.51819	0.80366	0.87979	0.84383	0.4195	-0.17795	-0.57734	-0.50244	-0.49252	-0.52277	-0.49135	-0.47749	-0.49139	-0.49504	-0.4925	-0.55299	-0.59899	-0.6708	-0.74	-0.7329	-0.72594	-18.938
829.43	-0.56013	-0.46942	-0.39171	-0.28404	-0.22649	-0.15353	-0.033009	0.087082	0.30984	0.47192	0.79298	1.1452	1.0068	0.78279	0.14079	-0.36389	-0.48241	-0.5286	-0.50523	-0.46866	-0.47602	-0.45936	-0.53344	-0.56118	-0.56507	-0.62605	-0.65267	-0.66505	-0.65455	-0.65024	-18.516
830.29	-0.52589	-0.47242	-0.36731	-0.31094	-0.22829	-0.17117	-0.048609	0.085148	0.25428	0.4171	0.72467	0.85704	1.1159	0.63632	-0.058006	-0.40194	-0.5262	-0.51817	-0.49588	-0.52393	-0.48101	-0.48365	-0.54921	-0.5606	-0.55588	-0.57306	-0.55755	-0.59854	-0.58529	-0.61735	-18.148
830.71	-0.53309	-0.46869	-0.41877	-0.33253	-0.26275	-0.19677	-0.071158	0.050059	0.24168	0.39943	0.67523	0.8566	0.87666	0.61777	0.061175	-0.70915	-0.49088	-0.52581	-0.47973	-0.48523	-0.47162	-0.46437	-0.49275	-0.50313	-0.52115	-0.56554	-0.5537	-0.60329	-0.61278	-0.6063	-17.729
832	-0.54534	-0.48886	-0.43654	-0.34106	-0.27657	-0.25172	-0.1508	-0.038417	0.16662	0.35815	0.63336	0.93165	0.82029	0.76221	0.16021	-0.59297	-0.573	-0.6059	-0.56539	-0.49024	-0.48732	-0.47125	-0.45037	-0.4379	-0.45157	-0.47999	-0.48705	-0.59562	-0.58594	-0.5875	-17.313
834.35	-0.53449	-0.49616	-0.43163	-0.36356	-0.26971	-0.20969	-0.11234	-0.0034144	0.17501	0.31467	0.6214	0.71957	0.9094	0.56072	-0.09726	-0.49563	-0.50895	-0.36808	-0.47764	-0.44103	-0.44226	-0.42633	-0.46715	-0.44952	-0.46058	-0.45708	-0.49809	-0.54691	-0.54924	-0.55023	-16.768
836.92	-0.49203	-0.45483	-0.42482	-0.36604	-0.29513	-0.23454	-0.17404	-0.071144	0.12498	0.28483	0.57891	0.83126	0.7608	0.63128	-0.037847	-0.7039	-0.56231	-0.57291	-0.53752	-0.46828	-0.45905	-0.42691	-0.42254	-0.42251	-0.43011	-0.43061	-0.46297	-0.48663	-0.51629	-0.51835	-16.337
837.13	-0.45851	-0.42876	-0.40091	-0.38393	-0.38792	-0.35607	-0.23775	-0.14068	0.093129	0.25589	0.55442	0.83104	0.79705	0.77559	0.060706	-0.72279	-0.6244	-0.55708	-0.52687	-0.48151	-0.42084	-0.38335	-0.32352	-0.31624	-0.31893	-0.34634	-0.39215	-0.45637	-0.48674	-0.49337	-15.786
836.28	-0.40884	-0.40322	-0.38667	-0.32492	-0.26909	-0.23472	-0.17418	-0.10601	0.094993	0.24459	0.53874	0.7749	0.83433	0.63177	0.19882	-0.5136	-0.70565	-0.51053	-0.47654	-0.4152	-0.39584	-0.37051	-0.36166	-0.37886	-0.39281	-0.38075	-0.39432	-0.38645	-0.41915	-0.42102	-15.285
834.57	-0.41527	-0.41272	-0.38746	-0.34903	-0.28989	-0.26078	-0.2212	-0.10256	0.052638	0.22772	0.51543	0.73842	0.98227	0.88669	0.39688	-0.30425	-0.75667	-0.44077	-0.62517	-0.38163	-0.32023	-0.36369	-0.35338	-0.32456	-0.35248	-0.34202	-0.38449	-0.41075	-0.42922	-0.43079	-14.762
834.14	-0.395	-0.38689	-0.39133	-0.37809	-0.36703	-0.33963	-0.25936	-0.17976	0.033153	0.17955	0.48922	0.62453	0.87306	0.88715	0.25868	-0.32357	-0.84155	-0.62402	-0.64836	-0.39139	-0.27487	-0.26908	-0.33551	-0.27697	-0.31493	-0.3404	-0.36872	-0.41769	-0.39808	-0.41141	-14.272
833.71	-0.3654	-0.36102	-0.36029	-0.33856	-0.34289	-0.29452	-0.24565	-0.15228	0.022523	0.16033	0.46707	0.66296	0.92839	0.83321	0.39729	-0.63004	-0.90631	-0.59875	-0.66276	-0.38202	-0.28594	-0.28819	-0.29235	-0.31203	-0.30651	-0.319	-0.34939	-0.34562	-0.35582	-0.36885	-13.697
833.5	-0.345	-0.35243	-0.36957	-0.34587	-0.28621	-0.29656	-0.22322	-0.16703	0.0030001	0.1623	0.41217	0.77748	0.89202	0.94226	0.51613	-0.41956	-0.90103	-0.60284	-0.67173	-0.27488	-0.29877	-0.25031	-0.26172	-0.31395	-0.2963	-0.32268	-0.33173	-0.33394	-0.31344	-0.32259	-13.11
831.36	-0.36083	-0.36205	-0.3908	-0.3866	-0.35403	-0.3388	-0.29666	-0.22459	-0.039707	0.11427	0.41936	0.77948	1.0778	0.83556	0.45794	-0.42064	-0.94021	-0.76434	-0.72287	-0.26023	-0.20637	-0.24906	-0.19539	-0.1968	-0.24888	-0.24418	-0.31301	-0.34491	-0.33276	-0.33772	-12.536
832.21	-0.3474	-0.34949	-0.38119	-0.36449	-0.37194	-0.32661	-0.29636	-0.23357	-0.060999	0.061886	0.35159	0.53052	0.69177	0.92555	0.53675	-0.4969	-0.93924	-0.79906	-0.75915	-0.40189	-0.15689	-0.14999	-0.2169	-0.18003	-0.23315	-0.26554	-0.29846	-0.30751	-0.32503	-0.31773	-11.967
834.14	-0.35777	-0.36084	-0.40786	-0.36185	-0.34069	-0.35341	-0.29567	-0.25507	-0.10166	0.019255	0.31209	0.56738	0.59876	0.74214	0.49596	-0.5723	-0.92054	-0.85626	-0.82423	-0.34738	-0.22207	-0.10604	-0.18571	-0.19431	-0.21203	-0.24336	-0.28713	-0.29336	-0.34273	-0.31165	-11.328
837.56	-0.32849	-0.32996	-0.37876	-0.36396	-0.39176	-0.39117	-0.34613	-0.28696	-0.11714	0.0018663	0.28851	0.39435	0.79665	0.75715	0.49394	-0.45562	-0.88568	-0.87824	-0.82436	-0.41647	-0.22661	-0.073503	-0.15979	-0.14229	-0.15993	-0.16184	-0.24179	-0.28547	-0.28069	-0.29441	-10.699
841.62	-0.31584	-0.34214	-0.36782	-0.39619	-0.35975	-0.39513	-0.3616	-0.3056	-0.17108	-0.034511	0.24677	0.44908	0.64777	0.68164	0.45236	-0.33964	-0.87958	-0.89741	-0.87268	-0.42584	-0.20927	-0.076908	-0.028441	-0.085166	-0.15236	-0.16105	-0.21777	-0.25079	-0.2903	-0.26474	-10.07
842.69	-0.28411	-0.30561	-0.36009	-0.37068	-0.3633	-0.35762	-0.34231	-0.31248	-0.1691	-0.086085	0.21421	0.42967	0.71937	0.77047	0.56924	-0.11193	-0.78392	-0.88069	-0.84894	-0.56356	-0.24505	-0.086194	-0.049842	-0.035965	-0.12331	-0.12705	-0.1736	-0.22552	-0.25523	-0.22913	-9.4568
842.91	-0.2693	-0.30553	-0.34909	-0.38666	-0.38526	-0.40816	-0.38672	-0.33604	-0.21821	-0.10135	0.16378	0.46724	0.71919	0.89587	0.60821	-0.055109	-0.68374	-0.82593	-0.82087	-0.5407	-0.29003	-0.097428	0.021611	0.04948	-0.011269	-0.087899	-0.11211	-0.19221	-0.21317	-0.22026	-8.7706
842.91	-0.23613	-0.26944	-0.35818	-0.36344	-0.35719	-0.39453	-0.34907	-0.32876	-0.21119	-0.13384	0.11744	0.46724	0.82777	0.78822	0.74522	-0.13084	-0.57831	-0.75387	-0.78607	-0.55963	-0.30805	-0.12932	0.096625	0.042208	0.010793	-0.030995	-0.098073	-0.15231	-0.17665	-0.18676	-8.1242
843.76	-0.20461	-0.252	-0.33784	-0.37556	-0.36084	-0.37856	-0.38291	-0.36293	-0.23377	-0.14898	0.07103	0.27847	0.84503	0.91288	0.9595	0.13411	-0.46332	-0.67722	-0.72789	-0.53826	-0.30594	-0.17605	0.019805	0.047615	-0.001084	0.027661	-0.040105	-0.10565	-0.16188	-0.16192	-7.5146
845.04	-0.18959	-0.22076	-0.33551	-0.39102	-0.38229	-0.39353	-0.41135	-0.40227	-0.2877	-0.19832	0.022689	0.29686	0.44659	0.69676	0.70428	0.20947	-0.34657	-0.61986	-0.68339	-0.51289	-0.34501	-0.19824	-0.0069479	0.065673	0.044623	0.089701	0.010733	-0.078955	-0.13067	-0.15464	-6.8507
846.11	-0.16917	-0.22562	-0.31698	-0.3585	-0.40777	-0.39109	-0.37844	-0.39814	-0.27334	-0.23615	-0.0014253	0.25893	0.73448	1.0176	0.99582	0.34123	-0.22118	-0.50654	-0.61144	-0.47262	-0.33919	-0.21481	-0.047862	0.074645	0.086832	0.094901	0.085915	-0.01923	-0.10141	-0.10176	-6.2115
845.47	-0.14358	-0.18296	-0.31541	-0.33919	-0.38809	-0.41469	-0.42649	-0.41294	-0.31905	-0.25729	-0.083781	0.42826	0.64483	0.87526	0.89903	0.32262	-0.14705	-0.44285	-0.54597	-0.45222	-0.37178	-0.22807	-0.056801	0.085575	0.12074	0.14639	0.16298	0.025509	-0.039592	-0.052622	-5.5516
844.62	-0.075697	-0.166	-0.27582	-0.35379	-0.37648	-0.42289	-0.42351	-0.4442	-0.35616	-0.30714	-0.11403	0.12774	0.37458	0.67922	0.91945	0.26627	-0.051049	-0.3811	-0.48572	-0.42433	-0.329	-0.20957	-0.069336	0.045752	0.12255	0.10394	0.12286	0.096883	0.01321	-0.021006	-4.8922
841.84	-0.08517	-0.14245	-0.26763	-0.34423	-0.38374	-0.42038	-0.43176	-0.43111	-0.37491	-0.36556	-0.16887	-0.0039589	0.46642	0.78922	0.94211	0.45675	0.023407	-0.318	-0.40368	-0.39919	-0.31566	-0.21402	-0.09639	0.053185	0.10597	0.10963	0.12678	0.12051	0.049819	0.030115	-4.3239
840.34	-0.028033	-0.12547	-0.27175	-0.33768	-0.40454	-0.41136	-0.46858	-0.49205	-0.42136	-0.39305	-0.25607	0.071651	0.086046	0.57471	0.64934	0.43854	0.10732	-0.25215	-0.38694	-0.36381	-0.29815	-0.20876	-0.10373	0.014988	0.10615	0.10804	0.082982	0.10238	0.081043	0.031936	-3.6535
839.91	-0.011407	-0.11346	-0.24635	-0.31634	-0.38865	-0.41744	-0.46195	-0.51054	-0.44272	-0.44696	-0.30877	-0.17422	0.30405	0.53902	0.64968	0.4578	0.20771	-0.16823	-0.3068	-0.33739	-0.29468	-0.25782	-0.08944	-0.0014208	0.070441	0.10988	0.097118	0.090752	0.084749	0.065568	-3.0983
840.77	0.012615	-0.058214	-0.23699	-0.29453	-0.34805	-0.40139	-0.45118	-0.5082	-0.4405	-0.4695	-0.35492	-0.098446	0.15857	0.66434	0.84521	0.55225	0.29315	-0.10167	-0.24018	-0.29908	-0.26006	-0.1936	-0.10547	-0.02329	0.075476	0.11155	0.09878	0.090659	0.1048	0.10438	-2.4231
841.41	0.014452	-0.015132	-0.2186	-0.30146	-0.33975	-0.38938	-0.46284	-0.49506	-0.46654	-0.51126	-0.38694	-0.155	0.067817	0.71775	0.90337	0.91222	0.40401	-0.00013688	-0.14933	-0.23626	-0.21654	-0.17466	-0.091071	-0.028734	0.065217	0.1079	0.11981	0.092255	0.11386	0.081345	-1.8059
841.2	0.053223	-0.0082467	-0.1804	-0.26396	-0.35792	-0.39338	-0.45781	-0.51522	-0.47898	-0.51905	-0.44357	-0.041732	0.17663	0.55616	0.92319	0.76067	0.46787	0.05646	-0.093565	-0.19268	-0.19493	-0.17095	-0.1072	-0.01235	0.070334	0.095455	0.13391	0.11394	0.11389	0.079599	-1.1922
842.26	0.025501	-0.030595	-0.16016	-0.25469	-0.35747	-0.39678	-0.48463	-0.53094	-0.53107	-0.57195	-0.51358	-0.23031	0.19451	0.50159	0.74579	0.72179	0.53822	0.15384	-0.034224	-0.14506	-0.15321	-0.13505	-0.083829	-0.041441	0.036278	0.077538	0.11793	0.11878	0.10279	0.098904	-0.54929
842.48	0.038395	0.00036284	-0.17467	-0.25283	-0.33932	-0.40642	-0.47937	-0.57991	-0.55904	-0.63299	-0.59408	-0.53197	-0.27631	0.44763	0.80432	0.75951	0.60174	0.22201	0.037177	-0.10713	-0.16399	-0.12563	-0.085594	0.0022189	0.06853	0.091752	0.146	0.1487	0.11737	0.13592	0.01489
842.26	0.031031	-0.023714	-0.19472	-0.30473	-0.38355	-0.44356	-0.52745	-0.57642	-0.59958	-0.66758	-0.6527	-0.49438	-0.25826	0.37592	0.94163	0.98709	0.69831	0.28638	0.12253	-0.054101	-0.082889	-0.093745	-0.057018	0.027689	0.078737	0.11313	0.15131	0.15373	0.12289	0.13596	0.69226
840.77	0.068026	0.0038091	-0.16409	-0.28379	-0.37619	-0.45216	-0.50437	-0.61572	-0.63233	-0.73392	-0.7185	-0.53305	-0.25872	0.088849	0.84521	0.89393	0.75604	0.36695	0.18382	0.0084474	-0.054135	-0.073223	-0.051747	-0.010532	0.053357	0.079461	0.097019	0.15066	0.1286	0.1362	1.2939
839.91	0.047757	-0.020333	-0.18432	-0.3253	-0.42084	-0.47607	-0.54953	-0.6656	-0.66996	-0.78837	-0.83853	-0.666	-0.3498	-0.12709	0.72821	0.85685	0.80242	0.43573	0.25038	0.046462	-0.037917	-0.045056	-0.053593	-0.014192	0.056817	0.059908	0.10241	0.12746	0.1159	0.14341	1.9067
840.77	0.042169	-0.030649	-0.17138	-0.29453	-0.41438	-0.45411	-0.55069	-0.66675	-0.70448	-0.83355	-0.89019	-0.7787	-0.60345	-0.019066	0.59015	0.818	0.82529	0.49777	0.31818	0.080586	5.4944e-005	-0.039369	-0.0087728	-0.0032443	0.075476	0.056284	0.084702	0.13066	0.13226	0.10969	2.5454
841.62	0.04397	-0.01857	-0.1621	-0.29602	-0.33766	-0.44195	-0.58612	-0.68974	-0.75475	-0.91119	-0.98413	-1.0611	-0.76596	-0.28854	0.33475	0.81717	0.83902	0.53628	0.36491	0.10136	0.041558	-0.0149	-0.030229	0.013144	0.055003	0.058007	0.10395	0.10555	0.13944	0.11311	3.1802
840.98	0.042158	-0.0082488	-0.20595	-0.31415	-0.41428	-0.46766	-0.62945	-0.75039	-0.81162	-0.95019	-1.0636	-1.0808	-0.92979	-0.54046	0.25657	0.83678	0.87246	0.60501	0.44195	0.16787	0.092155	0.018937	0.012709	0.0095118	0.092465	0.075875	0.093478	0.088971	0.11941	0.097289	3.7397
838.84	0.064479	-0.011725	-0.19917	-0.33649	-0.38914	-0.50016	-0.55024	-0.77604	-0.82957	-0.98526	-1.1676	-0.98882	-1.0595	-0.59592	0.17856	0.83891	0.90025	0.68288	0.49904	0.22347	0.11955	0.051033	0.050432	0.044241	0.096112	0.095723	0.11136	0.11259	0.14907	0.1312	4.3636
835.85	0.044274	0.012495	-0.17789	-0.28186	-0.39458	-0.50981	-0.56774	-0.77699	-0.82192	-1.0254	-1.2368	-0.99236	-1.0633	-0.77896	0.0015896	0.86102	0.91081	0.73246	0.56927	0.2892	0.16722	0.090948	0.06682	0.066396	0.087899	0.11221	0.10467	0.097899	0.11831	0.12989	4.8947
833.07	0.081705	0.017755	-0.16009	-0.29183	-0.39184	-0.5194	-0.62677	-0.73728	-0.87795	-1.0752	-1.3265	-1.1864	-1.4696	-0.836	0.080791	0.88304	0.90833	0.78023	0.63105	0.32082	0.20059	0.11593	0.085115	0.088689	0.096778	0.10358	0.11035	0.11505	0.13533	0.11962	5.3805
831.14	0.068813	0.014309	-0.16415	-0.28164	-0.37852	-0.49097	-0.64558	-0.80167	-0.8604	-1.1708	-1.4379	-1.4759	-1.4364	-1.0926	-0.097636	0.86589	0.89753	0.77809	0.66075	0.37725	0.22481	0.14093	0.063578	0.099956	0.11421	0.10743	0.13731	0.091709	0.13009	0.12705	5.8745
828.36	0.082169	0.047582	-0.15915	-0.26986	-0.38591	-0.4946	-0.62511	-0.81546	-0.92223	-1.2058	-1.5514	-1.5	-1.699	-1.5892	-0.23735	0.67612	0.90055	0.83619	0.70016	0.42283	0.27507	0.15477	0.13103	0.089193	0.11805	0.12046	0.11098	0.12754	0.11194	0.13106	6.3472
826.86	0.07856	0.01088	-0.15017	-0.29584	-0.39478	-0.50741	-0.63148	-0.81508	-0.93822	-1.2606	-1.6138	-1.5603	-1.8681	-1.4092	-0.47718	0.5036	0.90033	0.88337	0.76353	0.46606	0.31597	0.1933	0.12217	0.1153	0.099236	0.10436	0.1237	0.14811	0.11773	0.16005	6.7897
822.15	0.10357	0.054988	-0.11749	-0.27007	-0.35182	-0.48037	-0.66316	-0.83093	-0.99218	-1.3168	-1.6932	-1.8398	-2.0458	-1.8035	-0.66048	0.52591	0.90921	0.91439	0.84998	0.50562	0.33441	0.2348	0.13569	0.129	0.14156	0.095842	0.11541	0.12169	0.10905	0.14651	7.1786
817.66	0.10983	0.04289	-0.11813	-0.2421	-0.37236	-0.46694	-0.63506	-0.82613	-1.0121	-1.4383	-1.8251	-2.0054	-2.3369	-2.0353	-0.76498	0.45071	0.86361	0.95756	0.83671	0.56305	0.38454	0.24383	0.16037	0.12222	0.11435	0.083539	0.088905	0.12236	0.11529	0.12369	7.5052
814.02	0.083617	0.062657	-0.12054	-0.29866	-0.41347	-0.51743	-0.66093	-0.89947	-1.0803	-1.512	-1.9146	-2.0924	-2.5722	-2.4716	-1.0318	0.19784	0.81477	0.96588	0.85667	0.57145	0.38439	0.26241	0.16478	0.13594	0.17637	0.13363	0.12384	0.11946	0.12148	0.15163	7.8844
811.45	0.13938	0.096771	-0.090711	-0.17159	-0.28774	-0.3815	-0.55992	-0.83434	-1.049	-1.5903	-1.9939	-2.2165	-2.6179	-2.3863	-1.1571	0.21814	0.7777	0.9831	0.90277	0.59883	0.39871	0.24959	0.14675	0.075947	0.032368	0.019526	0.042176	0.095661	0.13893	0.15394	8.1428
810.81	0.059048	0.014668	-0.15126	-0.28499	-0.45471	-0.55593	-0.70269	-0.9276	-1.101	-1.6114	-2.1086	-2.277	-2.8646	-2.7238	-1.2597	0.17895	0.73674	0.95553	0.88359	0.58553	0.38029	0.25564	0.17101	0.16482	0.15589	0.10273	0.078708	0.050798	0.068809	0.09358	8.3775
808.88	0.10527	0.064845	-0.11373	-0.22053	-0.38267	-0.4436	-0.62768	-0.86351	-1.0944	-1.6451	-2.1136	-2.4985	-3.06	-2.9734	-1.2831	-0.096869	0.69871	0.95781	0.92015	0.60073	0.40373	0.24648	0.14163	0.11407	0.10321	0.058503	0.084382	0.0977	0.15079	0.16912	8.5388
806.95	0.090121	0.052434	-0.10071	-0.20053	-0.32704	-0.41821	-0.62203	-0.87507	-1.1191	-1.699	-2.2281	-2.4061	-3.0862	-2.9242	-1.4497	-0.077332	0.6719	0.91737	0.88963	0.60019	0.38776	0.23923	0.14384	0.068773	0.075094	0.028923	0.044246	0.064936	0.10347	0.15848	8.7117
806.95	0.063181	0.029099	-0.114	-0.25464	-0.34588	-0.52807	-0.66136	-0.91115	-1.1209	-1.679	-2.1523	-2.4257	-2.8216	-3.2053	-1.4088	0.0017964	0.64722	0.95196	0.89508	0.62986	0.41411	0.27646	0.19421	0.14852	0.11941	0.062355	0.044246	0.033675	0.053881	0.097709	8.7849
808.24	0.12264	0.064896	-0.053155	-0.21325	-0.33697	-0.44395	-0.64424	-0.90591	-1.1392	-1.7202	-2.1258	-2.6381	-2.9681	-3.1067	-1.6719	-0.1167	0.62723	0.9281	0.90636	0.58344	0.41909	0.25841	0.14361	0.11227	0.080283	0.065967	0.077125	0.054428	0.099495	0.12881	8.8259
811.66	0.093426	0.02536	-0.119	-0.21792	-0.29807	-0.35713	-0.60243	-0.87188	-1.1053	-1.6713	-2.1817	-2.5291	-3.0871	-3.1122	-1.7055	-0.017886	0.61137	0.91205	0.87723	0.60654	0.3986	0.21641	0.087359	0.028733	0.002396	-0.0044871	-0.0052332	0.040385	0.07253	0.093481	8.8903
813.81	0.074097	0.060891	-0.054677	-0.20625	-0.33674	-0.40864	-0.65047	-0.86205	-1.0824	-1.6669	-2.1467	-2.5029	-2.9103	-3.1783	-1.6605	-0.05708	0.64553	0.96815	0.94883	0.64221	0.44421	0.27413	0.17408	0.11527	0.056883	0.037889	0.043873	0.052333	0.083686	0.1188	9.0045
815.3	0.12729	0.064334	-0.065852	-0.20402	-0.35063	-0.48642	-0.66343	-0.89805	-1.1257	-1.6737	-2.147	-2.5568	-2.9236	-3.0797	-1.6169	0.021344	0.60488	0.94019	0.89671	0.60187	0.41359	0.27363	0.17376	0.12821	0.1217	0.061717	0.076456	0.071146	0.10052	0.13134	9.0601
817.45	0.075666	0.030497	-0.11816	-0.22927	-0.32284	-0.45301	-0.63875	-0.83197	-1.1011	-1.6772	-2.0894	-2.5501	-2.86	-3.2197	-1.7741	-0.037292	0.6033	0.94777	0.90513	0.62177	0.40879	0.22842	0.11621	0.067891	0.028629	0.010215	0.043678	0.029814	0.08896	0.060099	9.0776
820.23	0.09245	0.025095	-0.093478	-0.22482	-0.3238	-0.42345	-0.63131	-0.87585	-1.0955	-1.6892	-2.1776	-2.5995	-3.1665	-3.135	-1.7882	-0.17338	0.57696	0.91854	0.89133	0.58853	0.37778	0.20643	0.080942	0.050848	0.011091	0.0046971	0.0092551	0.05705	0.081155	0.078012	9.0893
823.01	0.052513	-0.01371	-0.14715	-0.28991	-0.38226	-0.51577	-0.65021	-0.91385	-1.1763	-1.6991	-2.197	-2.4363	-3.2484	-3.3816	-1.702	-0.23097	0.56198	0.90546	0.86336	0.5943	0.39496	0.24032	0.13737	0.059985	0.064938	0.010145	0.023607	0.0057733	0.06218	0.057888	9.1361
826.01	0.059841	0.0091385	-0.14105	-0.25788	-0.38701	-0.47216	-0.65833	-0.89013	-1.1595	-1.7066	-2.1253	-2.4659	-3.052	-3.2412	-1.9355	-0.19148	0.56551	0.8982	0.86022	0.58248	0.38985	0.21839	0.10225	0.050493	0.026601	-0.0062246	0.034268	0.015931	0.050774	0.061274	9.0776
827.29	0.061628	0.026634	-0.12417	-0.2502	-0.37824	-0.43373	-0.62418	-0.86096	-1.1059	-1.6903	-2.2185	-2.6926	-2.9182	-3.2362	-1.6932	-0.32625	0.57389	0.90276	0.88194	0.58929	0.42229	0.23526	0.10391	0.03745	0.0092684	-0.0044024	0.028849	0.037929	0.07674	0.077346	9.0747
828.15	0.059686	-0.0048787	-0.11848	-0.23539	-0.40029	-0.48878	-0.67404	-0.91743	-1.1047	-1.7333	-2.2121	-2.4979	-3.0809	-3.3059	-1.6715	-0.32591	0.55294	0.91967	0.88635	0.59447	0.37967	0.25029	0.13652	0.091067	0.071442	0.051709	0.039538	0.041274	0.063652	0.075471	9.1098
828.15	0.055938	0.0371	-0.14994	-0.25903	-0.42478	-0.53438	-0.67927	-0.91743	-1.1226	-1.7197	-2.2203	-2.5555	-3.1178	-3.4337	-1.552	-0.1139	0.55109	0.90381	0.87926	0.6041	0.387	0.24074	0.14198	0.092918	0.090446	0.042659	0.039538	0.026043	0.076661	0.098797	9.0835
829.43	-0.007807	-0.062504	-0.17926	-0.14791	-0.25501	-0.33167	-0.50257	-0.76453	-1.0655	-1.7151	-2.1636	-2.4749	-2.9842	-3.4283	-1.6888	-0.094469	0.55394	0.93408	0.89205	0.61856	0.40472	0.16411	0.020148	-0.067944	-0.064915	-0.096555	-0.08361	-0.05003	-0.029224	0.0072743	9.0981
830.71	-0.14987	-0.15134	-0.29519	-0.40321	-0.54349	-0.6849	-0.85255	-1.0142	-1.1512	-1.7861	-2.1807	-2.7388	-3.1265	-3.3866	-1.8451	-0.20959	0.52541	0.89509	0.87654	0.608	0.4114	0.36374	0.36988	0.38405	0.33125	0.32401	0.13382	-0.097188	-0.1107	-0.11974	9.0776
831.36	0.018362	0.00036769	-0.15305	-0.18559	-0.37232	-0.4948	-0.61418	-0.86781	-1.1645	-1.7363	-2.2669	-2.6603	-3.1975	-3.3477	-1.6849	-0.17106	0.4734	0.85293	0.80705	0.56146	0.35263	0.15041	0.070804	0.04464	0.090097	0.073147	0.069642	-0.0162	0.020827	0.035856	9.1274
830.07	0.046454	-0.0048674	-0.1459	-0.23848	-0.30775	-0.38283	-0.4987	-0.77686	-1.0398	-1.6885	-2.2111	-2.6261	-3.037	-3.3164	-1.7273	0.059417	0.54797	0.93731	0.90019	0.63731	0.4227	0.21351	0.069101	-0.021745	-0.057974	-0.0025829	0.055489	0.037802	0.087607	0.077087	9.101
829	-0.0021908	-0.025842	-0.17936	-0.33322	-0.46103	-0.56947	-0.70293	-0.91279	-1.1071	-1.7529	-2.1832	-2.6103	-2.9489	-3.4119	-1.63	-0.24855	0.55977	0.93654	0.88543	0.61118	0.42691	0.22905	0.12912	0.1113	0.14902	0.18003	0.051993	-0.0094842	0.0041763	0.028787	9.0893
828.79	0.067136	0.047558	-0.11285	-0.2225	-0.36328	-0.39531	-0.54995	-0.81319	-1.0646	-1.7106	-2.1919	-2.5918	-3.1338	-3.3398	-2.0086	-0.15232	0.5747	0.96055	0.90867	0.61712	0.43618	0.2043	0.038327	-0.0051389	0.00062144	0.039011	0.027011	0.015878	0.071032	0.039554	9.1069
830.29	0.020255	0.031769	-0.13294	-0.18402	-0.30156	-0.37087	-0.60108	-0.90399	-1.1411	-1.7618	-2.2616	-2.8168	-3.2016	-3.3884	-1.8063	-0.42119	0.52753	0.88764	0.86286	0.59293	0.39881	0.23822	0.10716	0.02255	-0.054512	-0.011609	0.01449	0.064798	0.087584	0.091384	9.0718
833.5	0.076073	0.052503	-0.11037	-0.30794	-0.44841	-0.56443	-0.83239	-1.0568	-1.2574	-1.8227	-2.2672	-2.7678	-3.2259	-3.5205	-2.0566	-0.36211	0.46483	0.87043	0.82961	0.56002	0.39545	0.26197	0.19525	0.12541	0.089865	0.089144	0.048161	0.049415	0.06509	0.080334	9.101
835.42	0.0015434	0.0038334	-0.14313	-0.33066	-0.48177	-0.63977	-0.78386	-0.98831	-1.1358	-1.7471	-2.1705	-2.3811	-3.2002	-3.3495	-1.7952	-0.055603	0.54446	0.96275	0.91726	0.66762	0.47817	0.33897	0.24886	0.21866	0.18041	0.13918	0.079931	0.042592	0.077835	0.076594	9.1274
835.64	0.087028	0.07317	-0.067916	-0.23869	-0.38053	-0.47458	-0.70425	-0.95322	-1.2311	-1.791	-2.3	-2.7797	-3.0898	-3.4934	-1.854	-0.24657	0.45814	0.88392	0.85909	0.57768	0.40716	0.22723	0.097466	0.055412	0.043412	0.044073	0.056891	0.087862	0.12202	0.11214	9.0981
835.42	0.020131	-0.036047	-0.16697	-0.30723	-0.45547	-0.54741	-0.71134	-0.90394	-1.0986	-1.7086	-2.1827	-2.6093	-3.2732	-3.2952	-1.7952	-0.18932	0.57748	0.98044	0.96292	0.68864	0.51271	0.35222	0.27049	0.18198	0.12904	0.096115	0.04805	0.02414	0.059413	0.02323	9.1449
836.92	0.072051	0.036712	-0.10809	-0.29049	-0.43244	-0.61705	-0.82727	-1.0744	-1.2505	-1.8287	-2.3513	-2.8514	-3.3585	-3.4519	-1.93	-0.43691	0.43181	0.86687	0.84901	0.60922	0.40291	0.2968	0.22863	0.23658	0.24162	0.16221	0.11691	0.069309	0.11632	0.088884	9.2356
838.84	0.027455	0.022812	-0.16995	-0.27547	-0.3549	-0.40819	-0.60698	-0.8966	-1.17	-1.7246	-2.3621	-2.9017	-3.4235	-3.6783	-1.9648	-0.37882	0.43082	0.88445	0.89253	0.62494	0.44544	0.27915	0.14734	0.057027	0.033015	0.020674	0.040799	0.050771	0.02798	0.070965	9.3145
841.62	0.066112	0.038227	-0.13297	-0.28171	-0.37179	-0.50241	-0.6941	-0.95918	-1.2716	-1.8683	-2.3946	-2.7977	-3.3941	-3.6841	-2.2524	-0.62411	0.41483	0.88348	0.85647	0.63425	0.44396	0.27447	0.17011	0.10053	0.082198	0.091845	0.082856	0.093899	0.082749	0.09545	9.4577
842.26	-0.0039991	-0.039194	-0.22019	-0.34942	-0.50795	-0.63262	-0.78263	-1.0294	-1.2232	-1.8286	-2.4009	-2.7956	-3.5545	-3.6634	-2.1919	-0.56678	0.41088	0.86722	0.88368	0.64514	0.44904	0.34936	0.2379	0.22052	0.18404	0.13271	0.10739	-0.0076703	0.0022842	0.010692	9.4928
842.91	0.031007	0.01239	-0.15822	-0.23306	-0.3612	-0.45101	-0.65197	-0.96135	-1.2117	-1.852	-2.4131	-2.7369	-3.2803	-3.7144	-1.9945	-0.50956	0.4142	0.90746	0.88649	0.6598	0.47752	0.2703	0.16271	0.084018	0.049827	0.033023	0.054644	0.075465	0.055234	0.060046	9.5804
843.33	0.053088	0.014102	-0.12907	-0.29542	-0.39108	-0.52475	-0.7269	-1.0099	-1.2392	-1.8836	-2.4703	-3.2442	-3.7671	-4.1249	-2.2674	-0.64176	0.31951	0.86417	0.83733	0.64622	0.43946	0.26641	0.16263	0.08216	0.082031	0.056113	0.026545	0.035547	0.066155	0.060015	9.6972
843.33	0.0070537	0.00036247	-0.16177	-0.33469	-0.50731	-0.59873	-0.7765	-1.0245	-1.2971	-1.8969	-2.4703	-2.9051	-3.5138	-4.1069	-2.3456	-0.585	0.31951	0.89726	0.91039	0.67082	0.5115	0.35267	0.2858	0.24022	0.19229	0.13254	0.084445	0.053826	0.035132	0.038872	9.7556
845.26	0.051131	0.036349	-0.096146	-0.21282	-0.3642	-0.49443	-0.67917	-0.92605	-1.2381	-1.8678	-2.4968	-3.1052	-3.578	-4.187	-2.5939	-0.84802	0.27347	0.89911	0.89964	0.67307	0.50674	0.32006	0.18363	0.1291	0.10554	0.06485	0.0755	0.073598	0.067824	0.075702	9.811
845.47	0.02724	-0.0013541	-0.17405	-0.30714	-0.39209	-0.52925	-0.68412	-0.96931	-1.2431	-1.8864	-2.5123	-3.2548	-3.8297	-4.2217	-2.4762	-0.90444	0.2589	0.87364	0.91677	0.71443	0.52278	0.34056	0.20495	0.17075	0.098743	0.086108	0.06673	0.065291	0.071449	0.047562	9.8957
846.11	0.047407	0.024327	-0.11416	-0.28911	-0.42774	-0.56378	-0.73986	-0.98849	-1.2719	-1.8717	-2.5365	-3.2523	-3.8448	-4.3794	-2.7668	-0.73397	0.22973	0.90984	0.93688	0.71766	0.54572	0.35712	0.26351	0.2159	0.15784	0.14628	0.10515	0.066898	0.08049	0.08265	9.9511
845.69	0.069469	0.020914	-0.13052	-0.26078	-0.35602	-0.44759	-0.66006	-0.94189	-1.2393	-1.8669	-2.5337	-3.0848	-3.7927	-4.3637	-2.5731	-0.63998	0.21354	0.88506	0.89919	0.71425	0.52803	0.32551	0.16751	0.081931	0.049664	0.063046	0.050967	0.060304	0.065971	0.080934	9.9948
845.26	0.056642	0.024352	-0.090709	-0.25735	-0.3582	-0.44976	-0.69624	-0.97318	-1.2486	-1.9326	-2.5591	-2.9549	-3.8307	-4.4196	-2.7501	-0.82913	0.2354	0.89522	0.93609	0.72405	0.54986	0.34813	0.18541	0.11279	0.078458	0.052438	0.049242	0.033806	0.0569	0.061637	10.018
843.76	0.08435	0.020962	-0.10177	-0.20963	-0.36484	-0.49725	-0.71628	-0.95493	-1.2614	-1.9055	-2.5959	-3.299	-3.964	-4.2482	-2.7745	-0.94411	0.16681	0.88903	0.89602	0.70453	0.51124	0.31876	0.18038	0.10754	0.07012	0.050753	0.037054	0.050475	0.084363	0.084642	10.044
840.98	0.068008	0.046868	-0.11668	-0.25507	-0.30978	-0.46571	-0.67576	-1.0091	-1.2251	-1.931	-2.5903	-3.121	-4.0134	-4.514	-2.8621	-0.8713	0.16736	0.87635	0.93038	0.71445	0.52738	0.34613	0.18277	0.096964	0.061847	0.042008	0.051252	0.055642	0.088303	0.099055	10.036
835.85	0.10558	0.06795	-0.064233	-0.22782	-0.37436	-0.43125	-0.69199	-1.0025	-1.3034	-1.9178	-2.6021	-3.4063	-3.9468	-4.4694	-2.7613	-0.6857	0.21422	0.89548	0.92908	0.7112	0.5397	0.3388	0.20911	0.11406	0.065651	0.058407	0.083428	0.044249	0.077795	0.097887	10.033
832.64	0.0575	0.03342	-0.12705	-0.24136	-0.41234	-0.53938	-0.72931	-1.0266	-1.2836	-1.9677	-2.5979	-3.1332	-3.8887	-4.3776	-2.7917	-0.89921	0.17824	0.8871	0.91856	0.70052	0.5053	0.33251	0.17918	0.11266	0.071057	0.038831	0.065981	0.02422	0.042976	0.067926	10.027
830.07	0.042712	0.037014	-0.12929	-0.24573	-0.38104	-0.53512	-0.71418	-1.0021	-1.3036	-1.968	-2.6223	-3.3343	-3.9191	-4.3001	-2.701	-0.92122	0.21017	0.87402	0.92847	0.69115	0.49039	0.32211	0.18517	0.094547	0.057491	0.026311	0.030534	0.063127	0.056088	0.077087	10.027
830.5	0.053909	-0.0048649	-0.13106	-0.27642	-0.42154	-0.50717	-0.74855	-1.0255	-1.31	-1.9612	-2.6353	-3.3134	-4.064	-4.5527	-2.7393	-0.8823	0.18608	0.86962	0.91386	0.70617	0.48466	0.32765	0.17601	0.13509	0.08502	0.05337	0.041209	0.027659	0.050499	0.055574	10.041
833.07	0.040692	-0.0083272	-0.13434	-0.28099	-0.40401	-0.52925	-0.74452	-0.98926	-1.3078	-1.9493	-2.6088	-3.3032	-3.9233	-4.6113	-2.4141	-0.78378	0.21494	0.863	0.91105	0.6925	0.49775	0.31335	0.18812	0.12547	0.07274	0.053206	0.051739	0.039348	0.068817	0.060755	10.047
833.5	0.048125	0.0038423	-0.14898	-0.27001	-0.42408	-0.49747	-0.7476	-1.0329	-1.316	-1.9696	-2.6319	-3.2253	-4.0311	-4.4275	-2.7097	-0.82169	0.20931	0.83695	0.90706	0.67491	0.4738	0.3075	0.18441	0.099674	0.070984	0.033395	0.049937	0.046054	0.04847	0.076771	10.044
832.21	0.01088	0.01081	-0.15105	-0.29756	-0.40037	-0.5653	-0.78168	-1.0529	-1.3109	-1.9668	-2.6564	-3.4975	-4.0557	-4.398	-2.9121	-0.91885	0.18938	0.88164	0.89259	0.68746	0.49461	0.29087	0.16842	0.10167	0.057343	0.058663	0.034013	0.036022	0.041148	0.046532	10.079
831.36	0.044513	0.021275	-0.14199	-0.26889	-0.40891	-0.56391	-0.77381	-0.99867	-1.3051	-1.9921	-2.608	-3.1954	-3.858	-4.4389	-2.6968	-0.8622	0.22459	0.88254	0.91822	0.68624	0.48416	0.29498	0.17583	0.09993	0.066006	0.040693	0.030487	0.041115	0.046745	0.068031	10.146
833.5	0.066757	0.014269	-0.10669	-0.25014	-0.37745	-0.4955	-0.73721	-1.009	-1.3071	-1.9638	-2.6054	-3.1681	-3.9762	-4.2461	-2.5118	-0.85999	0.20012	0.89407	0.90354	0.6864	0.49567	0.29801	0.17719	0.095996	0.067553	0.042386	0.014434	0.032602	0.037392	0.05716	10.024
837.35	0.057177	0.0090148	-0.1428	-0.28135	-0.41204	-0.55399	-0.74243	-1.0226	-1.2834	-1.9817	-2.6056	-3.0587	-4.0672	-4.5516	-2.7563	-1.0466	0.20103	0.86839	0.87135	0.67181	0.47344	0.29476	0.17098	0.086405	0.06895	0.047563	0.019667	0.020737	0.042735	0.046247	10.018
842.69	0.051287	0.031301	-0.12371	-0.19024	-0.34124	-0.48035	-0.65727	-0.99251	-1.2524	-1.9538	-2.579	-3.2655	-3.7337	-4.1639	-2.6801	-0.88848	0.21975	0.88821	0.89716	0.69216	0.49026	0.28913	0.17168	0.056767	-0.0061801	-0.013216	-0.0067953	0.027259	0.073512	0.082986	10.03
845.9	0.054764	0.00036137	-0.13411	-0.26605	-0.44583	-0.58527	-0.74686	-1.0467	-1.2967	-1.9198	-2.5652	-3.0089	-3.8278	-4.309	-2.592	-0.92284	0.19718	0.89454	0.89723	0.68011	0.47942	0.33664	0.22442	0.1924	0.15281	0.11442	0.098181	0.066915	0.065954	0.07213	9.9657
848.04	0.085755	0.051603	-0.094025	-0.24408	-0.35105	-0.47538	-0.71437	-0.95734	-1.2899	-1.9187	-2.5808	-3.17	-3.962	-4.3338	-2.6438	-0.82641	0.21295	0.84776	0.89842	0.6671	0.47105	0.27985	0.1635	0.092544	0.056273	0.023985	0.033378	0.048568	0.058529	0.085967	9.9336
848.68	0.061903	0.0071853	-0.14812	-0.2776	-0.35875	-0.50984	-0.70873	-0.99273	-1.2331	-1.9249	-2.5768	-2.9429	-4.1208	-4.1702	-2.7001	-0.65653	0.22543	0.8742	0.88392	0.6854	0.49217	0.31132	0.17934	0.096085	0.057917	0.025734	0.045555	0.022112	0.042164	0.059637	9.9394
849.96	0.027096	0.034443	-0.1497	-0.26123	-0.44171	-0.54384	-0.76705	-1.0309	-1.2835	-1.9106	-2.5489	-3.1628	-3.7556	-4.5552	-2.6572	-0.73065	0.23049	0.88641	0.88603	0.69188	0.47356	0.31643	0.22689	0.16985	0.13188	0.12798	0.068118	0.050107	0.054776	0.070036	9.9161
852.95	0.039743	0.015641	-0.12223	-0.21619	-0.32525	-0.48997	-0.68488	-0.94105	-1.2339	-1.9001	-2.5719	-3.1889	-3.9392	-4.3797	-2.8026	-0.82165	0.20992	0.86405	0.89841	0.67448	0.48258	0.28751	0.17315	0.0974	0.052594	0.013304	0.017572	0.022001	0.063606	0.0454	9.8636
855.09	0.05599	0.015602	-0.14163	-0.27727	-0.35803	-0.5041	-0.69835	-0.97991	-1.2343	-1.8765	-2.5376	-3.0509	-3.8936	-4.3157	-2.757	-0.61428	0.21478	0.86381	0.89273	0.68959	0.49203	0.32563	0.15511	0.084612	0.035733	0.016776	0.038293	0.038334	0.056246	0.05919	9.8577
854.66	0.028763	0.019001	-0.14349	-0.27565	-0.44126	-0.59079	-0.76621	-1.0288	-1.3007	-1.9227	-2.5786	-3.0896	-3.8599	-4.4063	-2.5654	-0.87603	0.2113	0.85464	0.87086	0.66753	0.47451	0.30914	0.19394	0.1223	0.10605	0.071153	0.043506	0.033434	0.050873	0.054003	9.8577
854.66	0.037848	0.0088321	-0.13453	-0.2915	-0.38392	-0.47746	-0.6987	-0.92124	-1.2522	-1.9359	-2.5548	-3.2198	-3.6279	-4.3002	-2.5268	-0.74531	0.22922	0.8604	0.87429	0.67873	0.47806	0.28323	0.14109	0.063142	0.035751	-0.00075235	0.024463	0.023596	0.029263	0.041832	9.8694
855.09	0.028748	-0.016583	-0.12013	-0.25791	-0.3857	-0.53866	-0.71016	-1.014	-1.2429	-1.9067	-2.5634	-3.0695	-3.6974	-3.9974	-2.6606	-0.78227	0.20761	0.87341	0.87386	0.67093	0.45473	0.27384	0.14454	0.073861	0.030716	0.029046	0.036563	0.053086	0.043649	0.050501	9.8286
855.09	0.012404	-0.0081127	-0.15417	-0.29488	-0.44302	-0.5713	-0.77089	-1.0068	-1.307	-1.9123	-2.5396	-3.2739	-3.6617	-4.1389	-2.622	-0.83827	0.21478	0.86765	0.89444	0.628	0.49203	0.30158	0.18856	0.14195	0.09094	0.0606	0.046945	0.0088327	0.038247	0.033124	9.8344
854.45	0.034224	0.010529	-0.13815	-0.25986	-0.36226	-0.48334	-0.68875	-0.99858	-1.2733	-1.9175	-2.5594	-3.0532	-3.8966	-4.2659	-2.7977	-0.72681	0.22749	0.86062	0.87623	0.66022	0.46219	0.27405	0.14642	0.05957	0.045806	0.018544	0.022738	0.061326	0.049084	0.059234	9.8927
850.82	0.039843	0.046326	-0.11713	-0.26628	-0.33203	-0.52014	-0.71034	-0.97222	-1.277	-1.8897	-2.5244	-3.253	-3.7519	-4.2308	-2.5964	-0.71117	0.23747	0.87201	0.91273	0.68556	0.52842	0.32169	0.20366	0.12286	0.08299	0.085567	0.071527	0.054999	0.087282	0.071713	9.8548
848.68	0.058242	0.027669	-0.11923	-0.24744	-0.37667	-0.52338	-0.70193	-0.99273	-1.282	-1.9059	-2.5608	-3.1114	-3.7972	-4.3305	-2.6029	-0.80699	0.22904	0.88581	0.9012	0.69104	0.48501	0.31877	0.23256	0.15747	0.10848	0.092847	0.082167	0.050183	0.080247	0.049132	9.8315
846.76	0.049204	-0.001352	-0.10141	-0.27289	-0.40347	-0.48774	-0.741	-1.0022	-1.2919	-1.9368	-2.5686	-3.2311	-3.7698	-4.3761	-2.6088	-0.77111	0.22051	0.87037	0.90672	0.66999	0.49329	0.29708	0.17442	0.098113	0.05467	0.047035	0.043912	0.046987	0.04226	0.035204	9.8198
844.83	0.047479	0.0089349	-0.14335	-0.28064	-0.39639	-0.55297	-0.75976	-1.0172	-1.3018	-1.9355	-2.5745	-3.1068	-3.8687	-4.3502	-2.6343	-0.84845	0.21376	0.83932	0.89315	0.67152	0.48183	0.29215	0.16946	0.14186	0.090352	0.066658	0.056272	0.018895	0.051465	0.054632	9.8344
842.91	0.047588	-0.025415	-0.16549	-0.292	-0.43739	-0.57566	-0.77347	-1.0177	-1.282	-1.9361	-2.6025	-3.1893	-3.8232	-4.396	-2.6794	-0.81252	0.20515	0.88214	0.88823	0.66737	0.47572	0.29281	0.20021	0.12401	0.075285	0.056141	0.028315	0.023925	0.051583	0.030077	9.8519
839.06	0.038552	0.0020897	-0.13886	-0.32384	-0.42127	-0.57634	-0.72889	-1.037	-1.3249	-1.97	-2.6651	-3.4122	-3.8953	-4.4523	-2.8687	-0.8733	0.19514	0.86662	0.8958	0.68565	0.47609	0.29793	0.15628	0.0771	0.039827	0.0063771	0.031973	0.039067	0.048149	0.056781	9.8723
834.57	0.027596	-0.018727	-0.1396	-0.30213	-0.42961	-0.58731	-0.78466	-1.0885	-1.3373	-2.0172	-2.6896	-3.4115	-4.1356	-4.5487	-2.8446	-1.0119	0.15947	0.84965	0.88304	0.67022	0.47502	0.31848	0.20041	0.13259	0.096604	0.062091	0.046325	0.037599	0.029968	0.044621	9.8431
832	0.046346	0.00036741	-0.13635	-0.27592	-0.40453	-0.52401	-0.75761	-1.0513	-1.3432	-2.0041	-2.6775	-3.2502	-4.0201	-4.3265	-2.7146	-0.93826	0.15628	0.85424	0.90164	0.71449	0.48926	0.31946	0.17389	0.11643	0.086587	0.046067	0.019794	0.030976	0.039308	0.053689	9.8344
832	0.025815	0.0055893	-0.16029	-0.27049	-0.43906	-0.52204	-0.75414	-1.0495	-1.3468	-1.9828	-2.6632	-3.212	-3.9834	-4.5627	-3.0318	-1.015	0.17101	0.85622	0.89106	0.7049	0.48926	0.30425	0.1576	0.094328	0.062514	0.042462	0.042914	0.019187	0.033762	0.039402	9.8344
832.43	0.031397	-0.0013753	-0.12892	-0.27397	-0.43478	-0.5553	-0.77975	-1.0379	-1.307	-2.0069	-2.7087	-3.0576	-4.1096	-4.5785	-2.951	-1.1487	0.13043	0.8538	0.86945	0.68536	0.49266	0.32879	0.20454	0.12925	0.084823	0.038841	0.028671	0.015808	0.026348	0.039382	9.8227
831.36	0.050116	0.024759	-0.12909	-0.28338	-0.39875	-0.51652	-0.75299	-1.0576	-1.3122	-2.0095	-2.6795	-3.482	-4.0415	-4.6208	-2.9548	-0.88139	0.1435	0.8707	0.87939	0.692	0.49877	0.30068	0.1704	0.096243	0.057402	0.049708	0.032269	0.041115	0.056001	0.084117	9.8811
826.65	0.056039	0.0021211	-0.12055	-0.26132	-0.38875	-0.51946	-0.7154	-1.021	-1.3215	-2.0405	-2.6989	-3.2904	-4.1937	-4.3728	-2.7521	-0.84779	0.17953	0.88161	0.90392	0.72877	0.51631	0.34257	0.20597	0.11347	0.080224	0.028234	0.041401	0.034567	0.043288	0.068418	9.8461
823.87	0.063768	0.030259	-0.1191	-0.29144	-0.41263	-0.5531	-0.80886	-1.0505	-1.3349	-2.0474	-2.7121	-3.3594	-4.0968	-4.7179	-2.9616	-1.0056	0.11877	0.87064	0.9141	0.71767	0.51252	0.33029	0.2085	0.12874	0.11696	0.073812	0.05052	0.026178	0.075192	0.056022	9.8344
821.94	0.018572	0.0038963	-0.15853	-0.29029	-0.43416	-0.57836	-0.75459	-1.053	-1.3399	-2.0443	-2.7268	-3.1933	-4.0507	-4.8209	-2.8883	-0.98858	0.12091	0.87268	0.90553	0.69993	0.51742	0.32529	0.19067	0.067519	0.037175	0.033865	0.0038332	0.031355	0.019193	0.048924	9.8606
822.8	0.022328	-0.022516	-0.1416	-0.33207	-0.42549	-0.58374	-0.81342	-1.0482	-1.3475	-1.9972	-2.7404	-3.3638	-4.0465	-4.7608	-3.0857	-1.0652	0.11334	0.87776	0.89567	0.7089	0.49288	0.29997	0.18315	0.095383	0.054522	0.035652	0.023613	0.034729	0.037878	0.041647	9.8694
822.15	0.052568	-0.0013925	-0.15103	-0.29021	-0.44226	-0.55824	-0.79475	-1.09	-1.3467	-2.0242	-2.7384	-3.6949	-4.2166	-4.93	-2.9477	-0.98832	0.13206	0.87445	0.90173	0.69975	0.48958	0.33675	0.19611	0.095457	0.080663	0.032032	0.039827	0.029643	0.034166	0.070599	9.8606
819.37	0.037584	0.028658	-0.17024	-0.27834	-0.43345	-0.52407	-0.79041	-1.0862	-1.3405	-2.0704	-2.7291	-3.2033	-4.1192	-4.6515	-3.1188	-1.128	0.11755	0.85939	0.91195	0.69823	0.48753	0.31473	0.18392	0.090171	0.073955	0.043116	0.027321	0.040005	0.053064	0.054517	9.8636
816.59	0.052926	0.025207	-0.13142	-0.26085	-0.39975	-0.5339	-0.73658	-1.0674	-1.3613	-2.0577	-2.7301	-3.2142	-4.1333	-4.7044	-3.1496	-0.78006	0.13859	0.87438	0.90069	0.68693	0.48733	0.31193	0.17533	0.092356	0.063694	0.045101	0.036474	0.021264	0.023088	0.040145	9.8957
815.73	0.030135	0.012803	-0.13156	-0.27958	-0.42088	-0.53849	-0.7568	-1.0385	-1.3428	-2.046	-2.7204	-3.1007	-3.988	-4.5796	-2.8294	-0.95697	0.18569	0.91957	0.95019	0.70722	0.50646	0.32777	0.19397	0.10748	0.062008	0.043309	0.029258	0.043619	0.038206	0.049296	9.8373
816.38	0.030112	0.016342	-0.11832	-0.27198	-0.43298	-0.55616	-0.78448	-1.0339	-1.3689	-1.9971	-2.7308	-3.2735	-4.1344	-4.4834	-2.8474	-0.81937	0.16303	0.88266	0.93866	0.69884	0.50235	0.29845	0.18275	0.12429	0.086491	0.054294	0.045546	0.017835	0.057029	0.045615	9.8606
817.66	0.030064	-0.0084841	-0.14437	-0.30285	-0.37236	-0.54926	-0.76737	-1.0716	-1.3614	-2.0471	-2.7244	-3.2489	-3.9786	-4.4578	-2.8025	-0.83761	0.189	0.89532	0.91745	0.69579	0.47184	0.31152	0.16037	0.09036	0.030373	0.023042	0.0092842	0.0040964	0.021176	0.029186	9.8431
818.73	0.011059	-0.019089	-0.1292	-0.31165	-0.44824	-0.57461	-0.79808	-1.0534	-1.374	-2.0523	-2.7188	-3.3999	-3.9548	-4.6736	-2.6981	-0.79751	0.19063	0.89014	0.91625	0.69878	0.50461	0.31305	0.19693	0.13141	0.096726	0.066951	0.039993	0.022921	0.026788	0.034595	9.849
819.59	0.037574	0.0074403	-0.16646	-0.26541	-0.41478	-0.53595	-0.72332	-1.0317	-1.3347	-2.0345	-2.7097	-3.2994	-3.8576	-4.3366	-2.8966	-1.0109	0.18295	0.90724	0.91708	0.69415	0.51149	0.32623	0.20958	0.12193	0.0687	0.05225	0.039951	0.024606	0.047416	0.043623	9.8752
821.94	0.045023	0.007419	-0.15293	-0.26831	-0.3807	-0.5504	-0.71774	-1.0343	-1.3075	-2.0169	-2.6978	-3.2706	-4.1249	-4.4714	-2.808	-1.1245	0.18429	0.87268	0.92159	0.69217	0.4897	0.32144	0.17418	0.11785	0.094608	0.048455	0.039837	0.036472	0.041662	0.052538	9.8198
824.08	0.059981	0.0038862	-0.1358	-0.31146	-0.42277	-0.55295	-0.78414	-1.0819	-1.4136	-2.0253	-2.7114	-3.3778	-4.2808	-4.5332	-2.7807	-1.0441	0.18567	0.86643	0.91386	0.70199	0.49765	0.32253	0.18104	0.10639	0.082212	0.033777	0.032554	0.026171	0.063966	0.054205	9.8373
827.93	0.027817	-0.00488	-0.17218	-0.2791	-0.43305	-0.57814	-0.76307	-1.0972	-1.3641	-2.047	-2.6845	-3.3237	-4.3162	-4.6947	-3.0467	-1.0585	0.16075	0.85844	0.90607	0.70065	0.48249	0.31148	0.19474	0.10404	0.08183	0.060775	0.028827	0.017586	0.028349	0.036004	9.8752
831.57	0.027695	-0.0031177	-0.15116	-0.29598	-0.42913	-0.52823	-0.76147	-1.0555	-1.3226	-2.0458	-2.7156	-3.5957	-4.2423	-4.5469	-2.8548	-1.0539	0.13978	0.87245	0.89505	0.70142	0.49317	0.31772	0.19389	0.11096	0.071148	0.044289	0.028701	0.044476	0.039328	0.032273	9.849
833.71	0.031349	0.00036665	-0.1471	-0.27536	-0.4037	-0.56232	-0.7699	-1.051	-1.3405	-2.0097	-2.6903	-3.1673	-4.0484	-4.4808	-2.7486	-1.2044	0.1339	0.86824	0.89627	0.70919	0.48826	0.33019	0.18437	0.12354	0.093272	0.049568	0.049924	0.049402	0.052152	0.060708	9.8811
833.5	0.029493	-0.010063	-0.17471	-0.2953	-0.39772	-0.55064	-0.7874	-1.0494	-1.3284	-2.0044	-2.7053	-3.3015	-4.1043	-4.3731	-2.8482	-0.99401	0.15232	0.86058	0.91586	0.69597	0.49203	0.32078	0.19706	0.12541	0.081284	0.053178	0.044611	0.037647	0.044779	0.064289	9.8548
834.35	0.033187	0.048976	-0.13046	-0.2571	-0.40744	-0.5304	-0.7572	-1.0502	-1.366	-2.0274	-2.7065	-3.0887	-3.9722	-4.6405	-2.7662	-0.78258	0.15768	0.89315	0.90261	0.73352	0.52793	0.32614	0.2167	0.12161	0.0932	0.056717	0.044565	0.040967	0.046577	0.057101	9.8811
838.2	0.040443	0.029742	-0.12072	-0.28286	-0.37734	-0.55147	-0.77954	-1.0709	-1.3156	-1.9777	-2.688	-3.3588	-3.9175	-4.529	-2.8519	-0.95037	0.16975	0.89297	0.91597	0.71682	0.52369	0.34917	0.19056	0.1247	0.084239	0.056456	0.046124	0.045795	0.06656	0.053292	9.8577
842.48	0.049454	0.010678	-0.12011	-0.26177	-0.39549	-0.56036	-0.71565	-1.0419	-1.309	-1.9983	-2.6724	-3.2852	-4.2235	-4.6854	-2.857	-1.0592	0.1416	0.8592	0.90609	0.71697	0.51562	0.33238	0.20032	0.12044	0.082114	0.043715	0.03711	0.0256	0.033342	0.03362	9.8052
847.18	0.043682	-0.0064796	-0.1104	-0.27453	-0.37534	-0.54369	-0.74063	-1.0379	-1.2965	-1.9283	-2.6275	-3.2107	-3.984	-4.6594	-2.8217	-1.0156	0.1372	0.86412	0.92184	0.71675	0.5271	0.34547	0.18321	0.13424	0.086723	0.062934	0.047383	0.043657	0.038604	0.07553	9.8519
848.68	0.047264	0.029375	-0.1102	-0.25276	-0.40654	-0.54466	-0.68153	-1.0433	-1.3203	-1.9476	-2.6388	-3.3361	-3.959	-4.5087	-2.739	-0.8446	0.13877	0.84132	0.89256	0.72678	0.5208	0.33368	0.19885	0.14303	0.091627	0.069889	0.056017	0.040276	0.060299	0.091155	9.8752
848.25	0.041797	0.0088989	-0.12832	-0.26886	-0.40874	-0.55074	-0.72439	-1.0149	-1.3245	-1.979	-2.6802	-3.1879	-4.015	-4.5644	-2.8765	-0.88266	0.16232	0.87464	0.88955	0.68198	0.49958	0.33012	0.20605	0.13768	0.084928	0.062855	0.0543	0.018819	0.053073	0.047406	9.8548
848.25	0.043627	-0.0064714	-0.11748	-0.27774	-0.42268	-0.55074	-0.7516	-1.0149	-1.3175	-2.0018	-2.6542	-3.2441	-3.979	-4.404	-2.857	-0.8074	0.13883	0.8669	0.90684	0.68763	0.50316	0.31707	0.18653	0.12865	0.059631	0.043418	0.028136	0.025426	0.058515	0.036893	9.8548
849.53	0.0070022	0.025937	-0.14256	-0.28086	-0.39817	-0.50353	-0.77423	-1.0188	-1.3207	-1.9703	-2.6562	-3.3701	-4.1166	-4.8245	-2.8527	-1.2007	0.1278	0.85014	0.87785	0.69223	0.48452	0.31286	0.19511	0.1032	0.061224	0.053938	0.029834	0.046833	0.047555	0.045583	9.8577
853.6	0.025162	-0.008127	-0.18137	-0.29187	-0.40222	-0.52614	-0.75196	-1.0211	-1.2988	-1.9553	-2.6475	-3.1121	-3.972	-4.5536	-2.8391	-0.87713	0.13976	0.84609	0.87367	0.67585	0.48756	0.30767	0.18536	0.11169	0.057583	0.046658	0.026226	0.028551	0.027496	0.015773	9.8927
856.59	0.023261	-0.0047167	-0.12707	-0.28909	-0.41462	-0.52814	-0.75439	-1.005	-1.2995	-1.9842	-2.6026	-2.99	-3.7978	-4.573	-2.9255	-1.0045	0.16253	0.85272	0.87747	0.65485	0.4894	0.31214	0.1689	0.10951	0.065732	0.058742	0.046863	0.033359	0.039977	0.059087	9.8665
857.23	0.035924	0.0020455	-0.096592	-0.252	-0.39065	-0.51816	-0.74877	-1.0418	-1.2864	-1.9602	-2.6026	-3.3769	-3.9195	-4.4814	-2.9426	-1.0037	0.16062	0.85783	0.88195	0.67484	0.49612	0.33035	0.18282	0.11121	0.080701	0.053454	0.041651	0.046413	0.04354	0.059042	9.8606
856.16	0.05048	0.002048	-0.1325	-0.22418	-0.3714	-0.50155	-0.74465	-1.0198	-1.2708	-1.9344	-2.586	-2.8059	-3.8175	-4.2397	-2.7921	-0.9677	0.16619	0.84547	0.88648	0.70178	0.48787	0.32153	0.17426	0.12388	0.080802	0.057022	0.064168	0.043199	0.061569	0.069529	9.8461
854.88	0.034207	0.025775	-0.13987	-0.26326	-0.38382	-0.55416	-0.75927	-1.0232	-1.2831	-1.9524	-2.6038	-3.1632	-3.8232	-4.476	-2.5647	-0.93183	0.13955	0.86019	0.89982	0.7047	0.51525	0.31276	0.20621	0.10973	0.095985	0.06412	0.033111	0.051459	0.061661	0.050513	9.8694
854.24	0.057863	0.0071385	-0.12742	-0.2987	-0.40587	-0.51614	-0.73958	-1.0293	-1.2754	-1.95	-2.5859	-3.1284	-4.0047	-4.4616	-2.9915	-0.87647	0.16835	0.84738	0.88504	0.68468	0.4783	0.33521	0.18875	0.12954	0.060887	0.032585	0.038331	0.02689	0.056302	0.055772	9.8198
854.45	0.02877	0.00035775	-0.13994	-0.28101	-0.40973	-0.55059	-0.75121	-1.0183	-1.2975	-1.9684	-2.625	-3.2949	-3.968	-4.4959	-2.7784	-0.89494	0.16652	0.83564	0.88482	0.6733	0.47463	0.31106	0.17637	0.11337	0.059199	0.044856	0.034858	0.01704	0.038275	0.0488	9.8957
852.74	0.043397	0.0037556	-0.11866	-0.25862	-0.39073	-0.52089	-0.7561	-1.0221	-1.2897	-1.9591	-2.6004	-3.1152	-4.0833	-4.2744	-2.8033	-0.97158	0.17763	0.85464	0.88831	0.70647	0.48626	0.30983	0.18555	0.11	0.066029	0.041429	0.043604	0.035155	0.045573	0.041927	9.8606
850.39	0.072735	0.010579	-0.13881	-0.26642	-0.362	-0.54936	-0.74292	-1.0394	-1.302	-1.9646	-2.6295	-3.1986	-3.9152	-4.4463	-2.6171	-0.91797	0.17812	0.88596	0.89594	0.7103	0.51618	0.31069	0.19845	0.11751	0.079669	0.066222	0.031547	0.056673	0.051129	0.061265	9.849
848.25	0.036304	0.024266	-0.13735	-0.29371	-0.39479	-0.51591	-0.7567	-1.0221	-1.3053	-1.9505	-2.5861	-3.4876	-3.8891	-4.4753	-2.7987	-0.92029	0.16051	0.85723	0.88955	0.69704	0.49958	0.31147	0.19185	0.10516	0.071438	0.062855	0.061278	0.017165	0.047627	0.043901	9.8256
847.18	0.043682	-0.011609	-0.14295	-0.27631	-0.41523	-0.55919	-0.74573	-1.0126	-1.3069	-2.0138	-2.6195	-3.2857	-4.0561	-4.5523	-2.8801	-0.86492	0.18061	0.85637	0.88548	0.67719	0.48408	0.29507	0.17966	0.094445	0.049576	0.036396	0.03865	0.037039	0.058588	0.05448	9.8665
847.4	0.052834	-0.016734	-0.12303	-0.27802	-0.40715	-0.53774	-0.76597	-1.0123	-1.2979	-1.9905	-2.6008	-3.1911	-3.911	-4.3727	-2.8015	-0.97771	0.17875	0.83872	0.89045	0.70151	0.50367	0.31739	0.16895	0.13059	0.083325	0.04169	0.024673	0.03372	0.051309	0.072003	9.8606
846.11	0.040065	0.020904	-0.11235	-0.27844	-0.42974	-0.53273	-0.72792	-1.0283	-1.3331	-1.9593	-2.5927	-3.3649	-4.0612	-4.4866	-2.7863	-0.90376	0.14824	0.86909	0.90394	0.68937	0.49546	0.31226	0.18344	0.1163	0.069925	0.043528	0.068427	0.02549	0.058662	0.044012	9.8636
844.4	0.045665	0.017517	-0.14887	-0.29861	-0.4086	-0.57853	-0.77894	-1.0177	-1.292	-1.9613	-2.61	-3.2401	-4.0513	-4.5136	-2.7724	-0.79217	0.16306	0.86502	0.89534	0.704	0.50366	0.31477	0.1749	0.10746	0.05821	0.04894	0.010741	0.005627	0.073363	0.05114	9.8752
842.48	0.010747	0.026154	-0.13466	-0.2707	-0.40752	-0.53308	-0.77215	-1.0146	-1.3142	-2.0289	-2.6079	-3.4549	-3.9157	-4.3803	-2.72	-0.6803	0.18707	0.85141	0.89564	0.6715	0.503	0.31361	0.17709	0.11134	0.056644	0.049052	0.033598	0.037246	0.029687	0.040675	9.8519
843.12	0.040207	-0.013383	-0.16727	-0.27764	-0.42525	-0.52489	-0.76301	-1.0447	-1.308	-2.0273	-2.6442	-3.1696	-3.9851	-4.3411	-2.6201	-0.88803	0.17421	0.84881	0.88105	0.68614	0.481	0.32462	0.18231	0.11307	0.068478	0.027682	0.047611	0.020595	0.027838	0.054742	9.8344
845.9	0.027226	0.0020728	-0.15042	-0.26605	-0.40388	-0.54063	-0.7571	-1.034	-1.3352	-1.9655	-2.6475	-3.3094	-3.9901	-4.4341	-2.943	-0.84738	0.15371	0.83632	0.86948	0.68388	0.45788	0.31608	0.18527	0.098212	0.056415	0.034678	0.0019764	0.0089287	0.015012	0.036995	9.8606
848.68	-0.00031123	0.0088944	-0.15534	-0.29888	-0.40256	-0.55047	-0.76311	-1.0234	-1.3029	-1.9761	-2.6348	-3.2986	-4.1028	-4.4374	-2.7584	-0.99504	0.16765	0.84906	0.87182	0.6666	0.48859	0.31877	0.18644	0.12136	0.078142	0.039862	0.028122	0.012203	0.034911	0.056137	9.8723
848.68	0.034457	-0.021829	-0.13909	-0.31662	-0.44835	-0.54853	-0.78351	-1.0306	-1.3273	-1.9932	-2.6348	-3.0927	-3.7613	-4.5087	-2.8362	-1.0139	0.1496	0.85293	0.87355	0.68916	0.48859	0.3225	0.17579	0.097891	0.081514	0.046928	0.049043	0.027066	0.024031	0.033374	9.8694
846.76	0.019861	-0.0047715	-0.14122	-0.31378	-0.46534	-0.55559	-0.76485	-1.0312	-1.2954	-1.9806	-2.6549	-3.156	-4.0221	-4.3761	-2.8231	-0.97845	0.15898	0.83354	0.89286	0.67942	0.48611	0.34004	0.18152	0.12344	0.076631	0.041722	0.028186	0.027128	0.033173	0.065038	9.8286
844.83	0.018069	-0.0185	-0.13791	-0.31806	-0.4604	-0.57823	-0.77342	-1.0462	-1.3544	-2.0061	-2.6589	-3.2384	-4.0132	-4.5829	-2.9076	-0.90513	0.13396	0.8607	0.87579	0.68286	0.48003	0.29776	0.18372	0.10196	0.061565	0.022301	0.012486	0.0056242	0.025961	0.026489	9.8519
845.04	0.01439	-0.0047811	-0.17051	-0.31798	-0.42628	-0.56643	-0.80566	-1.0278	-1.34	-2.0151	-2.6723	-3.388	-4.0844	-4.7786	-3.0631	-0.96155	0.13755	0.84882	0.87557	0.67702	0.49069	0.2902	0.16586	0.10194	0.058166	0.041806	0.022991	0.0056227	0.027775	0.01769	9.8548
846.54	0.0088604	-0.025306	-0.15392	-0.30675	-0.47145	-0.58676	-0.76675	-1.0532	-1.3289	-1.9925	-2.6435	-3.3632	-3.987	-4.5558	-2.9797	-0.99756	0.14274	0.84732	0.86709	0.67016	0.47727	0.30276	0.16734	0.076418	0.039475	0.031109	0.017705	0.0023021	0.033182	0.036967	9.8548
847.61	-0.014969	-0.03211	-0.1483	-0.32235	-0.44493	-0.58021	-0.7828	-1.041	-1.3272	-2.0071	-2.6682	-3.3215	-4.126	-4.6214	-2.9176	-0.90216	0.13532	0.86369	0.87638	0.66179	0.47308	0.30052	0.16891	0.090784	0.047864	0.032839	0.03165	0.012219	0.020428	0.022896	9.8752
847.18	0.0070216	-0.021868	-0.13933	-0.30119	-0.40925	-0.57275	-0.78319	-1.0288	-1.3052	-2.0043	-2.6656	-3.3044	-4.074	-4.356	-2.8606	-0.97795	0.15348	0.82924	0.86989	0.68285	0.47691	0.29693	0.16722	0.10891	0.066462	0.038164	0.012452	0.035385	0.031338	0.056236	9.8665
847.18	0.0070216	-0.013318	-0.14476	-0.28875	-0.39329	-0.53012	-0.78149	-1.0723	-1.3646	-2.0138	-2.6555	-3.0982	-3.894	-4.4453	-2.6854	-0.84609	0.12273	0.83699	0.86643	0.67154	0.47332	0.28573	0.18499	0.098064	0.063085	0.034626	0.014201	0.0056085	0.020438	0.029925	9.8606
848.89	0.02713	0.0003601	-0.14988	-0.30235	-0.40046	-0.54066	-0.76972	-1.0448	-1.3287	-2.0231	-2.6242	-3.1294	-3.8861	-4.7569	-2.816	-0.75038	0.1261	0.85658	0.87505	0.68899	0.49562	0.32242	0.18816	0.099672	0.039366	0.061043	0.026371	0.0039457	0.031274	0.029865	9.9277
851.67	0.034336	0.00716	-0.18358	-0.28369	-0.42892	-0.56395	-0.74858	-1.0522	-1.3174	-1.9956	-2.6575	-3.2124	-3.9272	-4.4928	-2.923	-1.1227	0.13468	0.8268	0.87909	0.68487	0.47083	0.30279	0.1628	0.084952	0.047636	0.022122	0.031499	0.010516	0.0040651	0.035001	9.8052
855.52	0.0087674	-0.0064165	-0.1738	-0.30353	-0.43292	-0.55374	-0.77219	-1.0528	-1.3392	-2.0112	-2.6574	-3.3651	-4.1592	-4.4373	-2.9484	-0.91247	0.12512	0.82884	0.8717	0.65567	0.45096	0.27925	0.17439	0.11144	0.044076	0.041295	0.031358	0.02521	0.03643	0.027894	9.8752
858.08	0.019599	-0.0030213	-0.15185	-0.29034	-0.41587	-0.58652	-0.78165	-1.0622	-1.3421	-1.9826	-2.6456	-3.2625	-3.7734	-4.4064	-2.7666	-0.96553	0.10332	0.83975	0.87765	0.67603	0.49386	0.29316	0.17913	0.10753	0.04728	0.044666	0.015744	0.036568	0.032736	0.022617	9.8315
860.01	0.034003	0.0087773	-0.17467	-0.28619	-0.40315	-0.53367	-0.76648	-1.0082	-1.2943	-1.9744	-2.6278	-3.1628	-3.9601	-4.4141	-2.7988	-0.88916	0.12981	0.81115	0.87228	0.6671	0.47509	0.28515	0.17698	0.098384	0.065471	0.020166	0.012266	0.00063584	0.025503	0.031206	9.8636
862.36	0.014101	-0.0097264	-0.14577	-0.28367	-0.47064	-0.55316	-0.76272	-1.0267	-1.3097	-1.9765	-2.6423	-3.2279	-4.0024	-4.4722	-2.9251	-0.88674	0.12768	0.81275	0.85119	0.65232	0.4421	0.29171	0.16602	0.083899	0.032115	0.021848	0.020812	0.00063411	0.032573	0.020783	9.8402
865.77	0.017632	-0.01136	-0.14165	-0.28429	-0.46097	-0.5889	-0.75971	-1.0634	-1.3353	-1.9892	-2.6397	-3.6005	-4.0394	-4.5419	-2.9135	-1.3072	0.13779	0.83229	0.84613	0.65897	0.45263	0.2869	0.16884	0.088879	0.048511	0.021762	0.0087682	0.039481	0.032445	0.020701	9.8694
869.4	0.0032683	-0.032972	-0.20098	-0.29002	-0.42212	-0.577	-0.77977	-1.0501	-1.3569	-1.9772	-2.6209	-3.4941	-3.9348	-4.349	-2.7306	-0.98969	0.098447	0.80049	0.8426	0.64336	0.44725	0.28389	0.12831	0.092031	0.059825	0.007881	0.012133	-0.00098362	0.025227	0.020614	9.8519
869.4	0.0050569	-0.014645	-0.17278	-0.32639	-0.43961	-0.58455	-0.77645	-1.0695	-1.3382	-1.9901	-2.6209	-3.22	-4.0226	-4.5056	-2.8824	-1.0998	0.12312	0.79861	0.83079	0.65988	0.4455	0.28025	0.16467	0.081458	0.045018	0.019948	-0.0014805	0.0086873	0.018145	0.017194	9.884
868.34	0.012215	-0.024671	-0.12712	-0.30772	-0.46545	-0.55502	-0.74916	-1.0408	-1.3075	-2.0019	-2.626	-3.1873	-3.9572	-4.3892	-2.7529	-0.93576	0.14268	0.80715	0.84363	0.65702	0.4478	0.28788	0.14754	0.0745	0.064843	0.03896	0.0087423	0.0070849	0.014624	0.029196	9.849
867.05	0.024771	-0.023036	-0.15912	-0.28387	-0.45055	-0.59181	-0.77855	-1.0282	-1.2906	-1.9844	-2.6319	-3.1371	-4.0335	-4.3608	-2.719	-0.95554	0.13229	0.83674	0.85842	0.65983	0.45196	0.3029	0.16859	0.10288	0.061639	0.02173	0.024113	0.026493	0.023521	0.03438	9.8665
865.56	0.01943	-0.016382	-0.16824	-0.30697	-0.45914	-0.53973	-0.7499	-1.0035	-1.31	-1.9469	-2.6188	-3.2526	-3.9523	-4.4557	-2.6856	-0.92033	0.13783	0.81922	0.85821	0.6665	0.47731	0.29794	0.18976	0.099522	0.04026	0.026964	0.012187	0.021681	-0.0031103	0.051607	9.8694
864.28	0.046411	-0.0080265	-0.14012	-0.3022	-0.4168	-0.54053	-0.74934	-1.0369	-1.317	-1.9852	-2.6089	-3.1104	-3.9405	-4.3748	-2.7659	-0.79243	0.14158	0.82044	0.8442	0.66934	0.46923	0.28923	0.13082	0.090805	0.053561	0.035676	0.025902	0.011983	0.03606	0.031052	9.8431
863.42	0.024876	-0.0080344	-0.16333	-0.30773	-0.44657	-0.58099	-0.73505	-1.0521	-1.3303	-1.989	-2.6253	-3.3895	-4.0681	-4.4667	-2.6922	-0.95956	0.16124	0.84026	0.85863	0.6663	0.45386	0.29867	0.15187	0.089121	0.048643	0.035711	0.010505	0.023357	0.027183	0.027639	9.8869
858.94	0.030428	0.015532	-0.15527	-0.29005	-0.43513	-0.563	-0.79263	-1.0148	-1.3338	-1.9619	-2.6311	-3.2222	-3.8585	-4.7013	-2.9175	-1.0389	0.14424	0.83892	0.88019	0.68465	0.46507	0.30023	0.17019	0.10742	0.070549	0.053347	0.026063	0.033267	0.034494	0.046816	9.8636
854.88	0.017857	-0.0098115	-0.156	-0.2791	-0.40161	-0.56376	-0.74408	-1.0339	-1.3263	-1.9806	-2.6535	-3.2004	-4.0731	-4.4937	-2.6998	-0.95049	0.13059	0.84098	0.87236	0.66923	0.48327	0.30166	0.18684	0.10256	0.062517	0.046588	0.015803	0.028509	0.058061	0.036607	9.8373
850.82	0.012466	-0.026882	-0.15135	-0.31229	-0.43134	-0.52014	-0.78663	-1.0677	-1.3396	-1.9768	-2.6602	-3.4771	-3.9132	-4.5151	-2.829	-0.88	0.1042	0.82184	0.861	0.68743	0.48022	0.28451	0.15235	0.095843	0.066178	0.034478	0.012399	0.020409	0.043868	0.029797	9.8519
848.47	0.010671	-0.023541	-0.15538	-0.31138	-0.45245	-0.55254	-0.79051	-1.0869	-1.3695	-2.0393	-2.6735	-3.4305	-4.2117	-4.5811	-3.1479	-0.97647	0.13338	0.83379	0.8755	0.68181	0.48692	0.30021	0.15809	0.074438	0.06299	0.023973	0.012433	-0.0092667	0.0095245	0.033383	9.8957
846.97	0.02169	-0.035556	-0.15746	-0.3137	-0.44527	-0.59228	-0.78169	-1.0653	-1.3859	-2.0391	-2.7184	-3.2115	-4.0931	-4.4285	-2.9587	-1.0159	0.1101	0.81394	0.86145	0.66606	0.47523	0.30261	0.16726	0.076379	0.044521	0.024015	0.0072152	0.02381	0.031345	0.012388	9.8723
846.11	0.0070305	-0.018472	-0.14313	-0.29089	-0.46569	-0.589	-0.79441	-1.07	-1.3453	-2.0126	-2.7091	-3.3649	-4.0431	-4.5402	-2.9812	-1.0358	0.11746	0.81477	0.86579	0.66862	0.47751	0.27675	0.1781	0.096376	0.05302	0.015182	0.01072	0.022179	0.040472	0.029963	9.8636
844.4	0.014401	-0.0065009	-0.15612	-0.29683	-0.40659	-0.57075	-0.80798	-1.1012	-1.355	-2.0529	-2.6884	-3.2965	-4.232	-4.4241	-2.9677	-0.92448	0.11044	0.82419	0.86928	0.66808	0.47668	0.29604	0.16064	0.091129	0.051432	0.031188	0.00022863	0.0072858	0.036909	0.019462	9.8402
843.33	0.010736	-0.028839	-0.15632	-0.30613	-0.45921	-0.56174	-0.76282	-1.0935	-1.3392	-2.0249	-2.6717	-3.376	-4.0926	-4.5373	-2.8737	-0.9635	0.12693	0.83108	0.8756	0.68217	0.49529	0.31516	0.16441	0.11486	0.076942	0.057889	0.035318	0.015604	0.03878	0.051205	9.8577
843.33	0.021784	-0.013379	-0.12725	-0.29721	-0.45921	-0.55395	-0.76624	-1.059	-1.3603	-2.0287	-2.7039	-3.2818	-4.1107	-4.4117	-2.8737	-0.90674	0.15781	0.86806	0.89648	0.6765	0.49529	0.34517	0.19297	0.096694	0.059979	0.027675	0.049354	0.015604	0.03878	0.035347	9.8694
843.12	-0.003995	-0.0030749	-0.15091	-0.27228	-0.41523	-0.54436	-0.76644	-1.0465	-1.3413	-2.0216	-2.7006	-3.3015	-4.0575	-4.6101	-2.6592	-1.0584	0.13241	0.84881	0.88452	0.69181	0.481	0.30774	0.19124	0.11307	0.063389	0.041902	0.012512	0.033891	0.031489	0.0053946	9.8169
843.55	0.0015286	-0.0047896	-0.15992	-0.30427	-0.42504	-0.57328	-0.81222	-1.0478	-1.3634	-2.0359	-2.673	-3.1868	-4.0916	-4.4823	-2.6579	-0.90651	0.15596	0.84644	0.8806	0.68957	0.48976	0.30384	0.17508	0.096669	0.058269	0.032998	0.019523	0.0089536	0.0059313	0.035338	9.8577
844.19	0.014404	-0.0082175	-0.13438	-0.30582	-0.43272	-0.55534	-0.75863	-1.0652	-1.3624	-2.0229	-2.6649	-3.0339	-4.0524	-4.3535	-2.734	-0.83018	0.14858	0.84774	0.88862	0.71174	0.475	0.29424	0.16959	0.10386	0.063309	0.0383	0.031778	0.028869	0.029627	0.054673	9.8869
843.12	0.029156	0.015823	-0.17454	-0.29728	-0.45532	-0.54436	-0.78525	-1.0284	-1.329	-2.014	-2.6885	-3.245	-3.8766	-4.6281	-2.8157	-0.90697	0.19057	0.85466	0.88801	0.68614	0.472	0.31712	0.17874	0.098536	0.068478	0.050791	0.0090038	0.023919	0.0059343	0.038882	9.8723
841.84	-0.0058483	-0.0013599	-0.1566	-0.29416	-0.42992	-0.57834	-0.82243	-1.0736	-1.3908	-2.0343	-2.6865	-3.5141	-4.0093	-4.5812	-2.8788	-0.8325	0.16719	0.84036	0.8789	0.66443	0.47452	0.28755	0.16649	0.082306	0.054989	0.024162	0.03538	0.020626	0.013254	0.019522	9.8227
842.26	0.016282	-0.0082363	-0.15106	-0.31367	-0.45578	-0.60728	-0.79462	-1.0767	-1.3462	-2.0332	-2.6852	-3.6444	-4.0435	-4.6328	-2.9557	-0.98366	0.14892	0.84383	0.8802	0.67167	0.46526	0.28928	0.15032	0.094996	0.053262	0.02059	0.0072555	0.040582	0.01873	0.0301	9.884
841.62	-0.002158	-0.025454	-0.17667	-0.29244	-0.4742	-0.56873	-0.77637	-1.0666	-1.3595	-2.0444	-2.6973	-3.3263	-4.0828	-4.6363	-2.8795	-0.96546	0.15813	0.83472	0.87738	0.6646	0.49449	0.31393	0.1719	0.084146	0.046504	0.020606	0.012534	0.012306	0.015088	0.023059	9.8811
840.34	-0.0040082	-0.0030851	-0.15323	-0.31439	-0.44878	-0.595	-0.77755	-1.0609	-1.3598	-2.0187	-2.6792	-3.4637	-4.0528	-4.6614	-2.825	-0.94795	0.14379	0.84576	0.8665	0.67701	0.46814	0.29747	0.17754	0.11163	0.0653	0.038475	0.017836	0.030668	0.042582	0.033705	9.8694
837.99	0.010805	-0.0048214	-0.14635	-0.29371	-0.47626	-0.59275	-0.79523	-1.0621	-1.3513	-2.0551	-2.6806	-3.3407	-3.8457	-4.5662	-2.7346	-1.122	0.15699	0.87164	0.87944	0.69224	0.4912	0.30963	0.196	0.086339	0.031343	0.035006	0.021417	0.034099	0.031681	0.032026	9.8811
836.92	0.034941	0.0020951	-0.14471	-0.28689	-0.40821	-0.56016	-0.82037	-1.0689	-1.3371	-2.0173	-2.6942	-3.5728	-3.9053	-4.4817	-2.8366	-0.93275	0.14987	0.87864	0.91737	0.68168	0.50272	0.28924	0.20165	0.11025	0.063859	0.033259	0.024982	0.032469	0.055629	0.040945	9.8811
837.35	0.047904	-0.015205	-0.15012	-0.33169	-0.44433	-0.57164	-0.72865	-1.0684	-1.3523	-2.0221	-2.6725	-3.3053	-4.213	-4.4975	-2.7366	-0.81791	0.16077	0.86643	0.89413	0.70421	0.50609	0.33819	0.17638	0.13398	0.075784	0.036824	0.040872	0.010696	0.064791	0.044473	9.8373
837.13	0.020089	0.005555	-0.11355	-0.28142	-0.46867	-0.55806	-0.80466	-1.0632	-1.3686	-2.0707	-2.6732	-3.2682	-4.0318	-4.625	-2.5994	-1.0088	0.17363	0.86077	0.88559	0.69485	0.50077	0.3005	0.18721	0.09375	0.0365	0.045784	0.021439	0.012372	0.039067	0.030284	9.8636
838.63	0.020054	-0.011728	-0.15537	-0.31144	-0.44365	-0.55902	-0.77226	-1.0667	-1.352	-2.0171	-2.6644	-3.5465	-4.0792	-4.3824	-3.0078	-0.81666	0.16418	0.86315	0.91025	0.6822	0.4872	0.30185	0.17611	0.13012	0.055199	0.056427	0.026694	0.0090061	0.044505	0.033774	9.849
838.42	-0.0040174	-0.013458	-0.17369	-0.30074	-0.4357	-0.58658	-0.79654	-1.0889	-1.3294	-2.0503	-2.661	-3.4527	-3.9347	-4.5999	-2.8709	-0.87397	0.16422	0.84574	0.89998	0.65191	0.46378	0.30758	0.17794	0.13747	0.053506	0.052866	0.024937	0.015696	0.044517	0.046188	9.8519
839.91	0.062549	-0.0065357	-0.17155	-0.30021	-0.40877	-0.59921	-0.80028	-1.0505	-1.3869	-2.0255	-2.6907	-3.7113	-4.0912	-4.5197	-2.7676	-0.7964	0.15298	0.83446	0.88092	0.66975	0.48465	0.31268	0.16508	0.1208	0.061925	0.038495	0.03194	0.014	0.055431	0.040799	9.8344
840.98	0.034773	0.007251	-0.16405	-0.31773	-0.45648	-0.58283	-0.78039	-1.0583	-1.3518	-2.0536	-2.6771	-3.2155	-4.1404	-4.4241	-2.8033	-0.90927	0.1619	0.84512	0.86758	0.66321	0.45333	0.29912	0.1595	0.089677	0.051642	0.034881	0.042455	0.017313	0.022418	0.042513	9.9773
843.55	-0.0076764	0.014099	-0.1472	-0.31141	-0.45308	-0.60052	-0.79512	-1.0769	-1.3494	-2.0378	-2.6791	-3.4505	-4.0554	-4.7333	-2.8338	-1.0957	0.15959	0.84838	0.87016	0.66308	0.48076	0.29446	0.18043	0.074872	0.054877	0.034775	0.024785	0.025567	0.011404	0.02829	9.8636
846.97	0.012523	-0.020164	-0.16651	-0.32615	-0.43928	-0.56902	-0.80042	-1.0436	-1.3597	-1.9972	-2.6783	-3.4178	-4.1832	-4.4821	-2.9198	-0.88399	0.15894	0.84496	0.88916	0.68113	0.47523	0.30074	0.16904	0.083615	0.046211	0.024015	0.02119	-0.015901	0.027711	0.054494	9.8694
849.11	0.0051778	0.002065	-0.15526	-0.32178	-0.39041	-0.58306	-0.75933	-1.059	-1.3911	-2.051	-2.6455	-3.5963	-4.0109	-4.5776	-2.757	-0.86296	0.16757	0.84863	0.89211	0.67378	0.47046	0.28509	0.15088	0.10325	0.064626	0.032781	0.010682	0.030352	0.054831	0.031607	9.8898
850.39	0.038038	0.012281	-0.15863	-0.31421	-0.4395	-0.55515	-0.7548	-1.0466	-1.3368	-2.0195	-2.6595	-3.348	-4.1843	-4.5352	-2.7335	-0.95551	0.16551	0.84156	0.88386	0.69153	0.48761	0.32557	0.17544	0.092288	0.061163	0.036259	0.022847	0.013827	0.051129	0.031559	9.8665
851.67	0.019747	0.0054602	-0.12061	-0.28722	-0.38328	-0.52347	-0.75366	-1.0414	-1.3365	-1.9654	-2.6415	-3.1005	-3.9451	-4.4928	-2.7293	-0.89786	0.17966	0.87306	0.89459	0.68487	0.48153	0.30651	0.18401	0.099347	0.072829	0.052044	0.015862	0.033551	0.029366	0.021043	9.8402
853.38	0.017888	0.0071457	-0.11678	-0.27607	-0.42608	-0.5936	-0.7606	-1.0106	-1.3234	-1.9652	-2.6343	-3.4852	-3.7942	-4.5016	-2.8398	-0.76512	0.15416	0.854	0.89796	0.67227	0.50548	0.32257	0.19776	0.11531	0.05592	0.057207	0.021031	0.046622	0.050949	0.040155	9.8548
855.52	0.021474	-0.016575	-0.12365	-0.29297	-0.41316	-0.54607	-0.76039	-1.0349	-1.3132	-1.9904	-2.6316	-3.1608	-4.1057	-4.4903	-2.852	-0.94978	0.16452	0.86338	0.89057	0.68738	0.49179	0.31253	0.17615	0.11144	0.080863	0.023775	0.024438	0.0088283	0.049022	0.055688	9.8344
857.87	0.0051249	-0.0047097	-0.17511	-0.322	-0.40021	-0.58284	-0.76839	-1.0589	-1.332	-1.9963	-2.6502	-3.4485	-3.9877	-4.5132	-2.6904	-0.89137	0.15692	0.86675	0.89155	0.67806	0.47805	0.31536	0.19321	0.087912	0.058963	0.048172	0.017471	0.030042	0.032744	0.043409	9.8606
859.15	0.017768	0.010471	-0.12491	-0.28122	-0.41142	-0.5342	-0.7387	-1.0573	-1.3473	-1.9914	-2.6482	-3.2769	-3.8397	-4.5769	-2.7056	-0.9272	0.11924	0.85399	0.87314	0.68634	0.4844	0.29648	0.19468	0.08778	0.0672	0.060314	0.022614	0.034892	0.057772	0.050262	9.8577
861.07	0.033961	0.0054005	-0.11218	-0.29983	-0.41639	-0.53492	-0.76888	-1.0514	-1.3391	-1.972	-2.6423	-3.2511	-3.778	-4.4964	-2.757	-0.79538	0.11542	0.84828	0.8746	0.65515	0.48509	0.30133	0.17501	0.10716	0.038809	0.044511	0.03459	0.02342	0.066579	0.036343	9.8811
862.78	0.017693	-0.021472	-0.1528	-0.27829	-0.43515	-0.55098	-0.77739	-1.0493	-1.3227	-1.9961	-2.6449	-3.4104	-4.0181	-4.6102	-2.9045	-1.1453	0.12229	0.83328	0.88307	0.6816	0.4718	0.29706	0.16594	0.10517	0.061944	0.023575	0.041382	0.016876	0.025421	0.039717	9.8169
865.77	-0.00030509	-0.029764	-0.15758	-0.33124	-0.44536	-0.54339	-0.80136	-1.0386	-1.3028	-1.9762	-2.626	-3.2702	-4.198	-4.4546	-2.7611	-0.9754	0.12894	0.82092	0.86816	0.66818	0.46667	0.2796	0.16711	0.076489	0.053469	0.007914	0.02073	0.002251	0.025333	0.043013	9.8811
868.12	0.014007	-0.011329	-0.13774	-0.29392	-0.41301	-0.57407	-0.75101	-1.057	-1.347	-2.0061	-2.6345	-3.3162	-3.8528	-4.547	-2.9436	-1.0095	0.11977	0.81491	0.84891	0.67005	0.45491	0.2752	0.15451	0.083342	0.050027	0.045877	0.012151	0.018388	0.04122	0.039473	9.8519
869.83	-0.0074444	-0.012972	-0.13747	-0.29681	-0.4258	-0.54274	-0.78767	-1.039	-1.3137	-1.9595	-2.6235	-3.401	-3.8452	-4.4512	-2.6534	-1.0442	0.14244	0.84917	0.85736	0.64121	0.45576	0.29647	0.18017	0.10256	0.063086	0.040615	0.046149	0.026408	0.034062	0.032563	9.8694
869.19	0.04079	0.01035	-0.15167	-0.26931	-0.4125	-0.55636	-0.76668	-1.0328	-1.3062	-1.9628	-2.6117	-3.367	-3.9709	-4.3153	-2.94	-0.87976	0.12844	0.84602	0.87994	0.68575	0.48405	0.30579	0.16125	0.1044	0.058195	0.025127	0.034267	0.0086894	0.055334	0.041133	9.8431
869.83	0.026477	-0.021298	-0.16037	-0.28469	-0.44328	-0.53331	-0.75948	-1.032	-1.2678	-1.9632	-2.5747	-3.3097	-3.8978	-4.4512	-2.7482	-0.97085	0.15477	0.83785	0.87254	0.67057	0.47496	0.30556	0.16113	0.10432	0.068019	0.026832	0.013831	0.0038507	0.026983	0.035977	9.849
870.26	0.012188	-0.0063078	-0.15853	-0.31915	-0.3984	-0.54813	-0.75414	-1.028	-1.2825	-1.9234	-2.5754	-3.1073	-3.7557	-4.3621	-2.6711	-0.73196	0.15117	0.83932	0.8384	0.66841	0.47124	0.2927	0.187	0.095463	0.061412	0.04232	0.025724	0.029614	0.03758	0.051329	9.8694
869.83	0.01398	-0.016302	-0.12866	-0.30546	-0.44522	-0.53708	-0.77772	-1.0531	-1.3392	-1.9466	-2.5747	-3.2367	-3.8101	-4.2078	-2.6913	-0.75065	0.13891	0.82841	0.85736	0.65772	0.46973	0.28375	0.14556	0.093748	0.051574	0.0044292	0.013831	0.013518	0.026983	0.012062	9.811
869.4	0.031849	-0.017977	-0.20627	-0.29349	-0.44739	-0.55245	-0.77479	-1.0431	-1.282	-1.9549	-2.5857	-3.2931	-4.0577	-4.2969	-2.6547	-1.0631	0.14074	0.82693	0.85272	0.65254	0.45249	0.28571	0.17506	0.086745	0.040082	0.014775	0.0036239	0.011912	0.025227	0.030869	9.8461
868.12	0.044418	-0.0096618	-0.15715	-0.30779	-0.44221	-0.55894	-0.78922	-1.0711	-1.3504	-1.9931	-2.5778	-3.1149	-3.8704	-4.4077	-2.6586	-0.86245	0.13742	0.84328	0.87764	0.65718	0.46715	0.28613	0.17359	0.093933	0.054971	0.037244	0.01897	0.0038583	0.039446	0.029203	9.8694
864.92	0.01765	-0.011371	-0.16128	-0.29675	-0.41063	-0.54962	-0.76046	-1.0573	-1.3024	-1.9856	-2.5814	-3.0162	-3.8494	-4.2667	-2.6112	-0.73647	0.1521	0.82363	0.85714	0.64854	0.47942	0.31096	0.17075	0.099596	0.045252	0.03565	0.015619	0.011974	0.028916	0.04821	9.8636
862.36	0.015902	0.00035448	-0.1511	-0.2889	-0.41969	-0.5741	-0.77108	-1.0694	-1.3251	-1.9803	-2.6206	-3.0805	-3.8785	-4.332	-2.8103	-1.0533	0.1259	0.83178	0.85289	0.65787	0.47556	0.30271	0.17301	0.080348	0.047046	0.032278	0.032824	0.0038841	0.02365	0.012167	9.8548
861.29	0.017724	-0.034965	-0.15129	-0.30849	-0.42217	-0.61865	-0.80051	-1.0244	-1.3388	-2.0089	-2.6337	-3.6561	-3.9542	-4.4778	-2.9287	-0.98048	0.12428	0.829	0.85054	0.63831	0.4497	0.29207	0.16448	0.098237	0.028835	0.025357	0.010531	0.021788	0.039759	0.032886	9.8548
