14361	11	11	91	24.6	748.5	1	0	32	1.218	128	4096	10	0	0	0	0	155.91	1167.2	1.592e+006	0.12927	0.047067	44.714	0	0	1	0	0	0	13	0	0
1051.3	0.064491	0.015798	-0.18048	-0.2317	-0.30196	-0.34822	-0.39923	-0.36313	-0.15434	0.11189	0.52439	0.83003	1.0052	0.8423	0.58561	0.34659	-0.52736	-1.0269	-0.94037	-0.96788	-0.98191	-0.94686	-0.82125	-0.60209	-1.2755	-0.1715	0.0041988	0.088209	0.11702	0.097628	-6.6233
1034.4	0.11626	0.083818	-0.1476	-0.24052	-0.31415	-0.38987	-0.44168	-0.43511	-0.2324	0.032312	0.42807	0.82833	1.0578	0.98192	0.75386	0.45161	-0.25199	-0.75238	-0.74488	-0.79916	-0.8755	-0.8755	-0.80988	-0.59116	-0.39577	-0.21414	-0.017281	0.13045	0.17174	0.18843	-5.1607
1015.8	0.15307	0.086766	-0.14734	-0.25302	-0.33063	-0.4042	-0.49978	-0.50066	-0.32799	-0.076577	0.32335	0.68083	0.99607	0.98486	0.92123	0.64673	-0.009298	-0.49791	-0.56856	-0.67019	-0.79546	-0.8384	-0.76991	-0.61031	-0.30404	-0.25127	-0.10684	0.098218	0.20444	0.19865	-3.5924
996.36	0.17485	0.12507	-0.13352	-0.27293	-0.34463	-0.48436	-0.57844	-0.60035	-0.45534	-0.20563	0.1634	0.47287	0.81236	0.94254	1.1039	0.81805	0.25972	-0.21021	-0.36597	-0.50461	-0.68848	-0.75667	-0.72296	-0.58606	-0.266	-0.29152	-0.11787	0.038697	0.21692	0.23085	-2.0035
989.46	0.2291	0.15196	-0.11764	-0.28237	-0.42991	-0.47711	-0.63958	-0.70046	-0.57514	-0.36683	-0.0028777	0.34094	0.73471	1.0575	1.0038	1.0155	0.51933	0.088633	-0.1154	-0.325	-0.52601	-0.65196	-0.64964	-0.52588	-0.21631	-0.28446	-0.13596	0.02759	0.19277	0.22706	-0.38
992.33	0.21635	0.16522	-0.13634	-0.28306	-0.38566	-0.58909	-0.68314	-0.78185	-0.68757	-0.51946	-0.20623	0.17339	0.50602	0.85372	1.0505	1.0684	0.72971	0.36465	0.1069	-0.11239	-0.39229	-0.53401	-0.58708	-0.49271	-0.19398	-0.27005	-0.13107	-0.0051055	0.16584	0.20258	1.2435
1008.1	0.23972	0.17185	-0.094461	-0.28454	-0.40867	-0.52446	-0.73699	-0.84717	-0.79778	-0.66023	-0.40151	-0.079168	0.19329	0.84793	0.97705	1.0673	0.86241	0.59505	0.31785	0.077063	-0.20759	-0.38853	-0.46887	-0.38923	-0.11613	-0.23385	-0.11059	0.0096315	0.17927	0.20697	2.9008
1033.3	0.22664	0.18498	-0.10314	-0.28701	-0.42545	-0.50153	-0.77514	-0.91476	-0.91057	-0.82561	-0.6253	-0.28292	-0.0072515	0.53072	0.87387	0.98015	0.92224	0.75774	0.47268	0.23426	-0.070406	-0.27607	-0.36276	-0.33083	-0.070209	-0.20858	-0.11006	0.016887	0.14885	0.18791	4.5321
1055.4	0.22686	0.1689	-0.097395	-0.29019	-0.45063	-0.53932	-0.83953	-0.99775	-1.0264	-0.98744	-0.85758	-0.56783	-0.50418	0.30183	0.68443	0.88467	0.9344	0.8554	0.62958	0.38584	0.091507	-0.12803	-0.27171	-0.26147	-0.028585	-0.13887	-0.060585	0.013866	0.14573	0.1594	6.1337
1060.2	0.2216	0.17421	-0.088399	-0.31	-0.45807	-0.57583	-0.85195	-1.1021	-1.1706	-1.1696	-1.1353	-0.95136	-0.97556	-0.16923	0.40261	0.66441	0.90249	0.92434	0.74766	0.52855	0.217	-0.020306	-0.16469	-0.17791	0.037259	-0.088055	-0.028075	0.04566	0.1458	0.14573	7.697
1040.9	0.2149	0.1953	-0.082772	-0.31072	-0.50192	-0.63547	-0.94812	-1.1999	-1.3495	-1.398	-1.4714	-1.4454	-1.4688	-0.60661	0.16562	0.32726	0.81894	0.9517	0.85562	0.6685	0.34925	0.096845	-0.069393	-0.10613	0.08142	-0.041444	-0.011463	0.05394	0.15515	0.15063	9.1987
1016.1	0.19728	0.16347	-0.081816	-0.32858	-0.52323	-0.70274	-1.0677	-1.3928	-1.5398	-1.6589	-1.8126	-1.6898	-2.0874	-1.1869	-0.34736	0.1018	0.6632	0.93049	0.95335	0.77319	0.48163	0.22038	0.025219	-0.038603	0.13642	-0.0099999	0.031399	0.05941	0.16424	0.13028	10.715
999.34	0.16384	0.14831	-0.071083	-0.31991	-0.5588	-0.75745	-1.1522	-1.5013	-1.6687	-1.9315	-2.1846	-2.2537	-2.8798	-1.9351	-0.87886	-0.39499	0.41133	0.85164	1.0025	0.89446	0.59961	0.33059	0.11528	0.032812	0.17967	0.016829	0.046795	0.078007	0.1462	0.12102	12.18
997.32	0.13261	0.1314	-0.066679	-0.32654	-0.56916	-0.78657	-1.2162	-1.5964	-1.8427	-2.1449	-2.4985	-2.7476	-3.6146	-2.7533	-1.4815	-1.0697	0.035482	0.68711	1.0067	0.96621	0.69106	0.43003	0.2091	0.098174	0.23477	0.065709	0.07669	0.085222	0.12721	0.09985	13.626
1002.9	0.078807	0.074325	-0.087412	-0.34182	-0.59433	-0.82008	-1.2657	-1.7086	-2.0334	-2.4029	-2.8139	-3.4306	-4.3789	-3.6621	-2.2016	-1.6392	-0.38167	0.47947	0.96805	0.98717	0.77997	0.51236	0.27322	0.16637	0.26998	0.1042	0.092559	0.095966	0.12956	0.075715	15.056
1018.3	-0.0048121	0.016311	-0.11282	-0.29855	-0.58289	-0.81803	-1.3105	-1.7708	-2.1418	-2.5952	-3.124	-3.8735	-5.115	-4.5698	-2.9018	-2.2745	-0.85868	0.2167	0.88905	1.0022	0.84159	0.58731	0.36075	0.21652	0.31245	0.12691	0.12108	0.10764	0.1072	0.057344	16.414
1038.1	-0.094961	-0.10664	-0.14125	-0.29501	-0.54678	-0.79618	-1.3089	-1.8292	-2.2466	-2.7722	-3.4329	-4.1938	-5.8909	-5.3534	-3.7399	-2.9013	-1.3657	-0.076031	0.78338	0.95911	0.87622	0.6465	0.41042	0.27659	0.35007	0.16203	0.13666	0.098812	0.087365	0.0084932	17.739
1054.8	-0.16523	-0.19108	-0.22504	-0.31512	-0.51119	-0.77289	-1.2639	-1.8637	-2.3137	-2.9228	-3.7551	-4.4859	-6.5228	-6.235	-4.3502	-3.7477	-1.8851	-0.38768	0.66348	0.94096	0.89279	0.69882	0.45748	0.31509	0.37043	0.18932	0.15141	0.1126	0.055346	-0.0089944	18.993
1060	-0.27753	-0.33587	-0.33446	-0.40295	-0.49206	-0.68887	-1.2171	-1.863	-2.4289	-3.0798	-3.9561	-4.9165	-7.2185	-7.1001	-5.1416	-4.3108	-2.405	-0.66838	0.55524	0.90525	0.9092	0.74254	0.50987	0.34965	0.39501	0.20605	0.16327	0.10872	0.039825	-0.046366	20.187
1053.1	-0.36975	-0.5079	-0.53627	-0.55372	-0.59624	-0.67346	-1.1253	-1.8249	-2.4596	-3.233	-4.2458	-5.4274	-7.978	-7.9984	-5.9318	-4.9401	-2.9385	-0.9846	0.4344	0.86786	0.94347	0.7799	0.54828	0.3818	0.41809	0.22165	0.16083	0.098748	0.0079359	-0.10896	21.333
1045.5	-0.33657	-0.56833	-0.82791	-0.73327	-0.74779	-0.80447	-1.0061	-1.6267	-2.4053	-3.2524	-4.4251	-5.7224	-8.7092	-8.5981	-6.6496	-5.5806	-3.401	-1.2413	0.32903	0.84266	0.96193	0.83793	0.59974	0.42777	0.45475	0.23901	0.17762	0.083307	-0.0037823	-0.12652	22.393
1028.5	-0.49809	-0.50125	-1.1901	-0.98123	-0.9465	-0.97517	-1.0027	-1.2498	-2.1391	-3.1519	-4.4356	-5.8632	-9.0649	-9.0907	-7.1669	-6.0806	-3.7783	-1.4638	0.26429	0.8309	0.99493	0.85568	0.6309	0.46392	0.47905	0.24443	0.1625	0.059379	-0.083156	-0.23244	23.344
1001.6	-0.82427	-0.81467	-1.5436	-1.36	-1.1449	-1.1194	-1.1189	-1.1719	-1.6096	-2.7663	-4.2308	-5.7458	-9.2713	-9.2663	-7.2612	-6.2283	-3.9493	-1.5433	0.2611	0.86205	1.0491	0.91359	0.67267	0.48404	0.49695	0.24577	0.15871	0.017422	-0.21524	-0.44583	24.204
967.8	-1.512	-1.1882	-1.5264	-1.6241	-1.3785	-1.3064	-1.2023	-1.2175	-1.225	-1.937	-3.626	-5.2143	-8.4564	-8.9009	-6.9039	-6.078	-3.7756	-1.4649	0.31207	0.9145	1.0778	0.93315	0.67436	0.47243	0.48609	0.17536	0.066747	-0.13245	-0.48673	-0.85307	24.989
940.57	-2.1638	-1.9853	-1.3881	-1.7544	-1.5501	-1.4217	-1.2667	-1.1809	-1.1238	-1.3056	-2.6188	-4.1351	-7.0278	-7.6843	-6.039	-5.1863	-3.202	-1.1233	0.47305	1.0066	1.1106	0.9382	0.66507	0.4356	0.4742	0.10154	-0.032433	-0.27093	-0.707	-1.1202	25.706
928.97	-1.6914	-1.5559	-1.5658	-1.488	-1.5613	-1.3506	-1.1301	-1.0959	-1.1441	-1.1235	-2.0903	-3.3734	-5.1471	-6.0649	-4.471	-3.8806	-2.36	-0.64605	0.65103	1.0666	1.1278	0.91657	0.62719	0.37012	0.42986	0.047956	-0.11522	-0.35081	-0.77133	-1.1441	26.39
926.31	-1.5506	-1.6654	-1.4772	-1.257	-1.1918	-1.1116	-1.053	-0.99743	-1.0496	-1.3549	-1.371	-2.3379	-3.39	-4.0643	-3.1546	-2.7223	-1.5798	-0.29168	0.79366	1.0991	1.1096	0.88405	0.59568	0.34472	0.4342	0.0019736	-0.16207	-0.39891	-0.78102	-1.1235	26.992
928.12	-1.2383	-1.2698	-1.1941	-1.0705	-1.1066	-1.0972	-1.1334	-1.1338	-1.2719	-1.5328	-1.8041	-1.5192	-1.5908	-2.3725	-1.8042	-1.7799	-0.95296	0.039658	0.87862	1.1264	1.0886	0.87119	0.571	0.32671	0.41478	-0.013372	-0.16736	-0.37994	-0.69741	-0.98569	27.596
928.12	-1.0179	-1.0479	-1.1111	-1.1814	-1.1381	-1.2629	-1.2822	-1.4938	-1.4521	-1.7879	-1.5559	-1.3835	-1.3647	-1.7204	-1.5654	-1.6777	-0.78889	0.11572	0.90085	1.1117	1.0557	0.8421	0.54585	0.30855	0.4024	-0.0020671	-0.12974	-0.32005	-0.56558	-0.76216	28.134
930.68	-0.88544	-0.86365	-1.0771	-1.2872	-1.3876	-1.462	-1.553	-1.4489	-1.4944	-1.4791	-1.4694	-1.3713	-1.3529	-1.5016	-1.4817	-1.4352	-0.76762	0.15862	0.89046	1.1129	1.0741	0.85344	0.57428	0.32252	0.41982	0.020486	-0.08946	-0.26021	-0.49044	-0.69369	28.665
948.23	-0.88485	-0.87331	-1.0795	-1.2547	-1.4246	-1.6014	-1.5627	-1.5037	-1.3712	-1.4433	-1.4147	-1.2131	-1.2883	-1.5061	-1.5322	-1.3919	-0.76563	0.14269	0.87319	1.0813	1.0687	0.84769	0.57397	0.33028	0.40977	0.020898	-0.10269	-0.26578	-0.49678	-0.70739	29.042
973.64	-0.89024	-0.93647	-1.2672	-1.4044	-1.4613	-1.5679	-1.4037	-1.3545	-1.2409	-1.2099	-1.2111	-1.0682	-1.17	-1.0262	-1.2477	-1.1119	-0.64006	0.20389	0.89126	1.0869	1.04	0.8272	0.53966	0.29806	0.38875	-0.010436	-0.12901	-0.31954	-0.55969	-0.75551	29.332
1002.3	-1.3059	-1.3129	-1.2755	-1.4536	-1.4237	-1.3422	-1.1131	-1.0991	-1.0502	-1.0239	-0.96927	-0.88062	-0.92718	-0.95864	-0.99911	-1.0644	-0.45672	0.27749	0.89664	1.0518	0.98364	0.77105	0.48067	0.25743	0.33966	-0.078182	-0.20835	-0.41359	-0.71566	-0.99111	29.448
1016.2	-1.3427	-1.1788	-1.2908	-1.2743	-1.228	-1.1287	-1.0035	-0.9234	-0.92514	-0.94188	-0.8981	-0.8376	-0.95139	-0.89276	-0.92889	-0.7697	-0.33258	0.36255	0.8996	1.0398	0.95143	0.71986	0.43632	0.19209	0.30391	-0.12653	-0.26691	-0.47094	-0.79069	-1.0534	29.534
1006.1	-1.2235	-1.2077	-1.1677	-1.1625	-1.0748	-1.0507	-0.97448	-0.91151	-0.92424	-0.99631	-0.87366	-0.86946	-0.82684	-0.955	-0.97084	-0.76169	-0.30441	0.36944	0.90275	1.0287	0.94049	0.68996	0.40553	0.16508	0.27269	-0.15535	-0.29912	-0.49454	-0.77796	-1.0351	29.586
985.43	-1.0127	-1.0305	-0.98583	-1.0483	-1.0592	-1.0539	-1.008	-1.0717	-1.0578	-1.035	-1.0064	-0.8957	-0.99631	-0.97506	-1.0329	-1.0184	-0.32256	0.36471	0.9247	1.0486	0.95946	0.69236	0.40335	0.15533	0.30393	-0.14721	-0.27826	-0.47351	-0.72479	-0.91211	29.596
969.5	-0.95975	-0.92645	-0.98644	-1.0533	-1.1008	-1.1197	-1.0991	-1.1253	-1.1565	-1.1503	-1.0914	-1.0972	-1.0977	-1.2993	-1.1599	-0.98621	-0.40441	0.3453	0.93838	1.0667	0.9831	0.73487	0.43482	0.19107	0.31855	-0.11407	-0.22	-0.40436	-0.61129	-0.81853	29.582
976.08	-0.81737	-0.84326	-1.0061	-1.102	-1.1902	-1.195	-1.1957	-1.1737	-1.2266	-1.206	-1.1771	-0.98492	-1.1287	-1.0864	-1.1941	-1.012	-0.44127	0.3169	0.92903	1.0661	0.98272	0.73887	0.45888	0.2047	0.33701	-0.088728	-0.19796	-0.35767	-0.56144	-0.72393	29.568
997.32	-0.89466	-0.89344	-1.0332	-1.1578	-1.1951	-1.2028	-1.2133	-1.1586	-1.1016	-1.1071	-1.0896	-0.97183	-1.0145	-1.1017	-1.1358	-0.96663	-0.41095	0.33731	0.9026	1.0603	0.96332	0.72473	0.43477	0.19112	0.3003	-0.10863	-0.22876	-0.39097	-0.61584	-0.80105	29.452
1025.3	-0.97987	-1.042	-1.1075	-1.1357	-1.138	-1.1637	-1.0937	-1.0611	-1.0352	-1.018	-1.0025	-0.88389	-0.91368	-1.0044	-1.0007	-0.90938	-0.3462	0.34812	0.89807	1.0133	0.91842	0.67007	0.40087	0.16274	0.2816	-0.15025	-0.26889	-0.44411	-0.68159	-0.89151	29.213
1044.5	-0.88367	-0.86336	-1.0466	-1.1077	-1.0618	-1.0261	-0.98114	-0.97109	-0.99099	-0.95515	-0.93013	-0.8978	-0.93996	-0.91259	-0.98234	-0.74886	-0.28953	0.38181	0.87242	0.98245	0.87308	0.63192	0.34379	0.096674	0.23379	-0.18911	-0.30236	-0.47368	-0.65508	-0.83644	28.955
1041.5	-0.92936	-0.95372	-1.0082	-1.0377	-0.93787	-0.95443	-0.94548	-0.93667	-0.86127	-0.9022	-0.91582	-0.88524	-0.82751	-0.92254	-0.80386	-0.72821	-0.18348	0.43806	0.89471	0.97754	0.85433	0.60245	0.31803	0.074882	0.21308	-0.21124	-0.33247	-0.47367	-0.67837	-0.83955	28.565
1017.7	-0.90547	-0.91913	-0.94642	-0.98066	-0.93271	-0.92987	-0.92054	-0.91534	-0.91446	-0.91787	-0.89844	-0.83638	-0.86162	-0.97426	-0.79851	-0.72196	-0.12321	0.48301	0.93231	0.99966	0.86985	0.58065	0.30403	0.062333	0.22301	-0.21766	-0.32931	-0.47855	-0.65796	-0.82624	28.132
989.57	-0.83956	-0.84406	-0.93205	-0.95875	-0.98203	-0.96365	-0.94452	-0.9375	-0.9087	-0.91264	-0.89253	-0.8999	-0.78007	-0.80066	-0.73825	-0.63859	-0.079846	0.52493	0.97145	1.0305	0.86065	0.58912	0.27235	0.04862	0.20758	-0.22839	-0.33641	-0.47864	-0.62222	-0.72794	27.614
974.6	-0.80094	-0.81372	-0.91146	-0.90533	-0.91298	-0.92614	-0.90179	-0.89425	-0.87695	-0.86879	-0.86224	-0.76836	-0.74592	-0.97804	-0.74957	-0.49426	-0.0057259	0.57258	0.9894	1.0258	0.84491	0.55742	0.25877	0.010848	0.19087	-0.2665	-0.35607	-0.48238	-0.62625	-0.77668	27.004
972.37	-0.78119	-0.8303	-0.8428	-0.86597	-0.86947	-0.86834	-0.8509	-0.86585	-0.82488	-0.82667	-0.80455	-0.83489	-0.73221	-0.94088	-0.81884	-0.4466	0.069782	0.62623	0.99395	1.0141	0.82646	0.53582	0.22685	0.0014188	0.18096	-0.28099	-0.36835	-0.48711	-0.61819	-0.75101	26.397
971.73	-0.72386	-0.7646	-0.81767	-0.83352	-0.79943	-0.82977	-0.83453	-0.8375	-0.79986	-0.79206	-0.77739	-0.60053	-0.75584	-0.95727	-0.64199	-0.25973	0.16131	0.69338	1.0143	1.0189	0.82229	0.50838	0.20686	-0.02381	0.16482	-0.2642	-0.36553	-0.48018	-0.60197	-0.72874	25.732
965.35	-0.71855	-0.70519	-0.77687	-0.81351	-0.7735	-0.79753	-0.79262	-0.80921	-0.80742	-0.81787	-0.8435	-0.80833	-0.6366	-0.90011	-0.6037	-0.34335	0.21202	0.72516	1.0332	1.019	0.78743	0.46813	0.18093	-0.04222	0.14508	-0.28613	-0.35332	-0.46149	-0.55333	-0.68536	25.033
955.04	-0.6855	-0.68734	-0.74884	-0.76995	-0.75644	-0.77055	-0.75774	-0.77421	-0.77178	-0.81006	-0.81827	-0.66871	-0.83182	-0.95795	-0.57584	-0.3719	0.26611	0.76308	1.0305	1.0073	0.77277	0.4449	0.14584	-0.077972	0.13461	-0.30178	-0.36958	-0.465	-0.55689	-0.668	24.254
956	-0.66835	-0.66197	-0.71804	-0.73171	-0.72593	-0.72068	-0.67992	-0.74405	-0.72669	-0.75358	-0.71454	-0.56925	-0.73692	-0.89289	-0.48082	-0.12339	0.33537	0.79236	1.031	0.98868	0.73131	0.42203	0.11499	-0.10835	0.10217	-0.33048	-0.38942	-0.46895	-0.55794	-0.66015	23.47
967.37	-0.60006	-0.60243	-0.65724	-0.64057	-0.64473	-0.65783	-0.68376	-0.67564	-0.66907	-0.64536	-0.66789	-0.60323	-0.62753	-0.82695	-0.29696	-0.07291	0.42093	0.82802	1.0379	0.95634	0.6825	0.36451	0.069286	-0.14904	0.082409	-0.33744	-0.38868	-0.46198	-0.53866	-0.59168	22.667
980.23	-0.5295	-0.55731	-0.57072	-0.59943	-0.57396	-0.58233	-0.56169	-0.56143	-0.56864	-0.67255	-0.64798	-0.68365	-0.66518	-0.79266	-0.33495	0.040978	0.47928	0.86406	1.0213	0.93725	0.64943	0.32326	0.036891	-0.16116	0.071804	-0.3399	-0.38586	-0.443	-0.4837	-0.56836	21.775
986.39	-0.49732	-0.4864	-0.50507	-0.49432	-0.48215	-0.49911	-0.51395	-0.60026	-0.53103	-0.58782	-0.60557	-0.86292	-0.99533	-0.85762	-0.30789	0.064773	0.51782	0.87281	1.0194	0.90864	0.61521	0.28017	0.0046098	-0.18035	0.051696	-0.34765	-0.38948	-0.44309	-0.45962	-0.52769	20.807
991.91	-0.44997	-0.44331	-0.44814	-0.44267	-0.44488	-0.4433	-0.4498	-0.47673	-0.39553	-0.40917	-0.69206	-0.89778	-1.2316	-0.89145	-0.43859	0.080362	0.53598	0.85719	0.98253	0.86155	0.56796	0.22816	-0.040188	-0.21642	0.032581	-0.35781	-0.37532	-0.41793	-0.42991	-0.48862	19.814
994.35	-0.39309	-0.40194	-0.42119	-0.39656	-0.34533	-0.40151	-0.34799	-0.33504	-0.3571	-0.51601	-0.80029	-1.1647	-1.4848	-1.1666	-0.28066	-0.15045	0.53622	0.87902	0.97938	0.85541	0.52744	0.18366	-0.081725	-0.24901	0.010833	-0.35542	-0.39682	-0.40558	-0.39635	-0.43372	18.748
995.94	-0.30668	-0.30793	-0.31728	-0.29852	-0.27084	-0.23267	-0.27059	-0.32535	-0.42766	-0.72655	-1.0472	-1.2103	-1.8436	-1.2571	-0.4533	0.032396	0.5408	0.87762	0.95415	0.8162	0.48142	0.16582	-0.12014	-0.27554	-0.01082	-0.36614	-0.37082	-0.38939	-0.3509	-0.37866	17.606
999.87	-0.20428	-0.18869	-0.20186	-0.19883	-0.125	-0.19857	-0.19871	-0.35598	-0.58012	-0.95329	-1.2996	-1.4574	-1.8514	-1.2521	-0.353	-0.030992	0.5696	0.87828	0.9423	0.78333	0.45054	0.12783	-0.14376	-0.27599	-0.021552	-0.35121	-0.34856	-0.33016	-0.26409	-0.26351	16.487
1014.5	-0.10161	-0.10983	-0.11995	-0.10181	-0.16196	-0.1989	-0.20783	-0.43916	-0.78486	-1.0805	-1.3745	-1.4209	-1.9503	-1.3096	-0.38027	0.1643	0.59414	0.8826	0.92797	0.76808	0.43577	0.10563	-0.14391	-0.28334	-0.017702	-0.31512	-0.29519	-0.26922	-0.17988	-0.18001	15.321
1033.9	-0.017787	-0.014376	-0.091376	-0.061652	-0.098221	-0.25544	-0.26481	-0.62262	-0.8973	-1.1854	-1.4504	-1.5084	-1.9499	-1.2183	-0.38107	0.031207	0.60916	0.88986	0.92624	0.7591	0.4062	0.10134	-0.14485	-0.24616	-0.002087	-0.27876	-0.25157	-0.19748	-0.10282	-0.092538	14.115
1050.3	-0.028214	-0.029131	-0.058996	-0.18218	-0.17476	-0.18904	-0.38801	-0.76761	-0.99245	-1.2274	-1.4582	-1.5073	-1.8196	-1.1118	-0.16412	0.038243	0.62982	0.88611	0.89213	0.71517	0.37589	0.071018	-0.15549	-0.25763	-0.01026	-0.27155	-0.23844	-0.18301	-0.077766	-0.067129	12.861
1061.1	0.021515	-0.036251	-0.1382	-0.12758	-0.091759	-0.19932	-0.47574	-0.83637	-1.014	-1.2142	-1.4037	-1.4401	-1.7022	-1.0138	-0.14697	0.17945	0.6693	0.88715	0.85667	0.67239	0.32175	0.032864	-0.18086	-0.27378	-0.037229	-0.27303	-0.22481	-0.17253	-0.037086	-0.044881	11.531
1063.3	-0.0046084	-0.020704	-0.046897	-0.049418	-0.087633	-0.21793	-0.56757	-0.86605	-1.0449	-1.2004	-1.3185	-1.3334	-1.4942	-0.80276	0.11579	0.29804	0.73042	0.89225	0.81539	0.61669	0.26728	-0.041908	-0.23145	-0.32148	-0.049986	-0.28232	-0.25159	-0.16753	-0.063786	-0.054113	10.203
1051.8	0.044506	0.03075	0.031656	0.0067975	-0.098937	-0.2611	-0.59215	-0.87627	-1.0376	-1.1366	-1.1907	-1.0712	-1.3396	-0.48379	0.1873	0.48926	0.81413	0.91218	0.78792	0.57238	0.20205	-0.091459	-0.27908	-0.35778	-0.08058	-0.28898	-0.25364	-0.16335	-0.033757	-0.032951	8.7951
1027.9	0.1119	0.094791	0.066966	0.0018739	-0.15253	-0.33252	-0.6303	-0.8686	-1.0084	-1.0641	-1.0638	-0.95063	-0.95518	-0.33853	0.48714	0.63912	0.88573	0.92863	0.74535	0.50849	0.12958	-0.15851	-0.34416	-0.40114	-0.10412	-0.32415	-0.26172	-0.15141	-0.0098378	0.019708	7.3606
1009.2	0.13624	0.12418	0.094422	-0.026928	-0.21339	-0.3523	-0.65187	-0.88165	-0.98873	-1.0137	-0.93682	-0.74981	-0.77232	0.065144	0.49615	0.78414	0.94193	0.90676	0.68759	0.41621	0.040524	-0.23543	-0.41094	-0.43968	-0.1281	-0.33014	-0.25551	-0.15421	0.029633	0.054839	5.9308
999.65	0.18103	0.17259	0.055996	-0.098101	-0.25142	-0.37591	-0.65023	-0.85892	-0.92365	-0.90423	-0.77166	-0.67036	-0.45732	0.25736	0.70616	0.90235	0.94784	0.86369	0.58805	0.3095	-0.062854	-0.33621	-0.49092	-0.50213	-0.17818	-0.33779	-0.27282	-0.1585	0.043001	0.088171	4.4944
998.59	0.21649	0.21432	0.02653	-0.14155	-0.25923	-0.38117	-0.57285	-0.81497	-0.84491	-0.77473	-0.60238	-0.2612	-0.25517	0.5108	0.87955	0.94292	0.93491	0.77007	0.464	0.19181	-0.16756	-0.42805	-0.54044	-0.54639	-0.19923	-0.3434	-0.28799	-0.14035	0.085431	0.13409	2.9765
999.65	0.23801	0.20694	-0.0060201	-0.14587	-0.28407	-0.36943	-0.67026	-0.74042	-0.73587	-0.64756	-0.40071	-0.07984	0.11246	0.70952	0.92787	0.94192	0.87515	0.63952	0.32571	0.05526	-0.28565	-0.52056	-0.6257	-0.578	-0.22992	-0.39777	-0.27208	-0.11697	0.1092	0.16752	1.4968
1001	0.23319	0.20165	-0.014319	-0.13747	-0.25609	-0.34952	-0.515	-0.65823	-0.6152	-0.49193	-0.20024	0.12471	0.30696	0.89223	1.0332	1.0828	0.78437	0.45332	0.16557	-0.09619	-0.41402	-0.60555	-0.685	-0.62772	-0.25758	-0.43241	-0.25982	-0.10487	0.11905	0.19701	-0.067749
1013	0.21489	0.18797	-0.016389	-0.10859	-0.2068	-0.26629	-0.46867	-0.55	-0.46371	-0.32222	0.0054899	0.30195	0.52528	1.0329	1.0372	1.0388	0.61409	0.2308	-0.026905	-0.266	-0.54013	-0.7011	-0.75343	-0.65735	-0.29353	-0.42137	-0.26335	-0.073759	0.17841	0.22178	-1.5282
1033.9	0.21055	0.17103	-0.013864	-0.097738	-0.1743	-0.24291	-0.38379	-0.44414	-0.34556	-0.15668	0.19488	0.47095	0.76114	1.0269	1.0797	0.82659	0.38263	-0.054907	-0.25863	-0.44752	-0.69373	-0.81372	-0.82485	-0.7278	-0.33901	-0.45491	-0.27241	-0.076351	0.1562	0.21435	-3.1323
1041.7	0.20681	0.16494	0.0051088	-0.059039	-0.14166	-0.22477	-0.3301	-0.35333	-0.21675	-0.02358	0.36372	0.55052	0.92806	1.0633	0.93767	0.72927	0.079233	-0.39725	-0.51691	-0.66349	-0.85545	-0.93494	-0.91186	-0.7613	-0.36334	-0.47163	-0.27107	-0.079153	0.1661	0.20761	-4.6626
1033.4	0.17367	0.15243	0.0014927	-0.041463	-0.097462	-0.21328	-0.25525	-0.25258	-0.099053	0.12997	0.51964	0.73778	0.99361	0.86429	0.83404	0.5898	-0.27992	-0.78969	-0.81194	-0.89929	-1.0181	-1.0724	-1.0037	-0.78674	-0.3781	-0.4711	-0.2898	-0.077072	0.15181	0.18198	-6.2274
1010.4	0.16872	0.14528	0.011255	-0.046838	-0.07649	-0.12923	-0.17894	-0.16138	0.016526	0.26894	0.6846	0.98048	1.0459	0.8764	0.54432	0.23542	-0.74762	-1.2919	-1.1665	-1.1999	-1.2406	-1.2391	-1.1242	-0.93811	-0.47699	-0.51965	-0.3089	-0.074647	0.17355	0.18915	-7.744
995.2	0.17657	0.18415	0.020543	0.0094337	-0.01964	-0.052319	-0.092554	-0.070747	0.14595	0.41113	0.81839	1.035	1.0694	0.60492	0.27219	-0.28538	-1.2771	-1.8378	-1.5485	-1.4961	-1.4611	-1.3969	-1.2767	-1.0232	-0.53189	-0.54489	-0.32257	-0.065181	0.16846	0.20276	-9.262
1000.3	0.15619	0.14674	0.035554	0.042955	0.013083	-0.018073	-0.029874	0.02982	0.25839	0.5218	0.90501	1.0769	0.98899	0.37207	-0.19693	-0.78985	-1.8741	-2.3979	-1.9493	-1.8011	-1.677	-1.5637	-1.3959	-1.1023	-0.5895	-0.56385	-0.31795	-0.059926	0.15606	0.17199	-10.752
1019.1	0.12316	0.13913	0.037866	0.042164	0.043224	0.027526	0.040863	0.1254	0.35325	0.62833	0.97003	1.0416	0.96344	-0.11592	-0.74908	-1.3029	-2.6027	-3.0239	-2.3804	-2.1078	-1.8856	-1.6955	-1.4588	-1.1233	-0.61035	-0.55934	-0.3223	-0.052609	0.12223	0.11568	-12.227
1045.3	0.096402	0.11784	0.051379	0.073228	0.061349	0.068639	0.099364	0.19198	0.43311	0.67713	0.98104	1.0832	0.62375	-0.42815	-1.437	-1.9812	-3.2471	-3.5949	-2.7709	-2.3593	-2.0798	-1.8102	-1.5222	-1.1522	-0.63005	-0.56464	-0.30141	-0.049941	0.087499	0.086507	-13.71
1064.8	0.073526	0.11098	0.06819	0.088706	0.10502	0.11603	0.16606	0.27191	0.50545	0.74308	0.97021	0.92297	0.31674	-1.0822	-1.9118	-2.7915	-3.9739	-4.2353	-3.1803	-2.6309	-2.2523	-1.9248	-1.5884	-1.1945	-0.67114	-0.5691	-0.31613	-0.070171	0.038201	0.034784	-15.189
1078.3	0.05036	0.084384	0.068738	0.11181	0.13862	0.15209	0.21704	0.33328	0.56548	0.7971	0.95413	0.91139	0.055608	-1.6015	-2.5652	-3.3651	-4.7154	-4.8748	-3.3671	-2.9109	-2.4426	-2.0398	-1.6578	-1.215	-0.6807	-0.51261	-0.28529	-0.090822	-0.020794	-0.030019	-16.622
1093.2	0.0051152	0.069494	0.077482	0.12531	0.15663	0.18481	0.2553	0.37875	0.62392	0.82838	0.93959	0.67578	-0.19195	-2.2104	-3.2886	-4.1148	-5.4925	-5.5232	-3.6831	-3.1961	-2.6186	-2.145	-1.6993	-1.2244	-0.69245	-0.50494	-0.27665	-0.13914	-0.085269	-0.093097	-17.929
1099.4	-0.026955	0.03983	0.079801	0.14633	0.19762	0.21912	0.30072	0.4464	0.68156	0.86351	0.90682	0.59324	-0.4022	-2.8392	-3.9423	-4.9334	-6.2656	-6.1621	-4.0854	-3.4809	-2.7705	-2.2255	-1.7172	-1.1925	-0.67683	-0.4435	-0.31498	-0.203	-0.19679	-0.17861	-19.262
1093.8	-0.036684	0.038726	0.077444	0.16072	0.21393	0.25205	0.35	0.48826	0.72312	0.88681	0.87763	0.48115	-0.8702	-3.4911	-4.6754	-5.6454	-7.0758	-6.8233	-4.5993	-3.7494	-2.9318	-2.2899	-1.7349	-1.1509	-0.65272	-0.48619	-0.38928	-0.30696	-0.33499	-0.28342	-20.487
1072	-0.080076	0.003483	0.069848	0.17304	0.23623	0.28888	0.39647	0.53997	0.7746	0.91816	0.83977	0.33672	-1.2934	-4.1909	-5.5054	-6.5346	-7.9456	-7.576	-5.0637	-4.0335	-3.0967	-2.3365	-1.735	-1.0514	-0.59093	-0.58765	-0.51917	-0.50681	-0.4545	-0.30981	-21.69
1041.3	-0.12418	-0.01496	0.074085	0.18172	0.25605	0.30594	0.44181	0.58505	0.82688	0.96963	0.82414	0.25594	-1.641	-4.7705	-6.2904	-7.3118	-8.8003	-8.5788	-5.4988	-4.3217	-3.2136	-2.3428	-1.523	-0.95584	-0.50972	-0.78562	-0.73996	-0.75349	-0.54918	-0.38999	-22.75
1015.1	-0.22631	-0.069598	0.043227	0.17244	0.25111	0.31781	0.46377	0.63155	0.87482	1.0032	0.81971	0.15399	-1.7792	-5.3312	-6.8326	-7.9755	-9.3371	-9.1008	-5.6863	-4.3897	-3.1552	-2.0855	-1.2049	-0.98426	-0.54125	-0.98971	-1.0094	-1.1701	-0.55652	-0.55182	-23.75
1001.9	-0.35273	-0.18546	-0.0097791	0.13897	0.23606	0.31798	0.46705	0.65355	0.89515	1.0197	0.80874	0.10104	-1.9075	-5.4324	-6.9312	-7.9942	-9.3897	-8.9452	-5.527	-4.1365	-2.6762	-1.5319	-1.157	-1.1456	-0.63516	-1.136	-1.3149	-1.451	-0.69062	-0.6992	-24.583
1006	-0.68652	-0.45202	-0.14426	0.054578	0.16772	0.27162	0.43456	0.63275	0.88784	1.0147	0.84637	0.0067257	-1.7954	-5.0674	-6.4458	-7.3876	-8.5704	-8.0549	-4.7918	-3.4086	-1.8896	-1.2303	-1.1829	-1.1333	-0.62969	-1.3853	-1.6263	-1.4912	-0.8247	-1.2248	-25.405
1018	-0.90372	-0.61813	-0.25396	-0.029629	0.11067	0.2104	0.37253	0.59696	0.87739	1.0098	0.8777	0.23089	-1.3841	-4.2627	-5.5233	-6.2753	-7.3199	-6.6023	-3.8185	-2.4652	-1.3174	-1.0792	-1.0817	-1.0831	-0.59476	-1.5575	-1.6575	-1.3299	-1.3593	-1.6936	-26.14
1027.9	-0.96869	-0.6971	-0.3442	-0.11574	0.044483	0.13909	0.3279	0.55208	0.82278	0.99546	0.929	0.33587	-0.90413	-3.4913	-4.3683	-5.1459	-5.8615	-5.3219	-2.8517	-1.7715	-1.0176	-0.99934	-0.97323	-1.0421	-0.55692	-1.447	-1.5289	-1.0981	-1.4997	-1.5416	-26.861
1026.8	-1.0055	-0.73335	-0.38873	-0.15292	0.01193	0.11874	0.28993	0.52306	0.79518	0.99029	0.97255	0.56619	-0.54012	-2.7563	-3.5814	-4.1193	-4.7361	-4.2738	-2.5741	-1.5812	-0.95183	-0.93152	-0.91852	-0.96413	-0.48754	-1.3463	-1.2606	-0.94846	-1.5672	-1.6917	-27.551
1010.6	-0.80208	-0.60781	-0.34934	-0.12953	0.035308	0.12385	0.30449	0.51493	0.81228	1.0078	0.99731	0.54411	-0.50429	-2.4518	-3.2408	-3.4343	-4.0487	-3.5992	-2.3909	-2.0715	-1.2079	-1.0321	-0.99136	-0.96899	-0.48613	-1.1596	-1.0764	-1.0284	-1.0905	-1.2472	-28.227
979.7	-0.62311	-0.47731	-0.30788	-0.091721	0.04496	0.15584	0.32285	0.54511	0.83937	1.0282	1.0219	0.61752	-0.60433	-2.6855	-3.5273	-3.8008	-4.7153	-3.8433	-2.5903	-1.9191	-1.4741	-1.2431	-1.1463	-1.1082	-0.57696	-1.1762	-1.0383	-0.89927	-0.7903	-0.74384	-28.936
956.53	-0.62802	-0.48438	-0.29478	-0.07444	0.061795	0.17654	0.35086	0.56864	0.87956	1.0448	1.0378	0.62423	-0.60331	-2.6705	-3.7243	-3.8019	-4.583	-3.6781	-2.4475	-2.1534	-1.6764	-1.4509	-1.3716	-1.2993	-0.72009	-1.2039	-1.1831	-1.0417	-0.80783	-0.84239	-29.571
949.72	-0.74221	-0.55789	-0.33351	-0.10247	0.049905	0.17013	0.36543	0.5951	0.89663	1.0958	1.063	0.60384	-0.62341	-2.5686	-3.3448	-3.4129	-4.1633	-3.1807	-2.7535	-2.1469	-1.7374	-1.5583	-1.3339	-1.3312	-0.74794	-1.3293	-1.2956	-1.1432	-0.95218	-0.93596	-30.02
965.67	-0.82929	-0.6346	-0.36872	-0.14251	0.017019	0.14302	0.34236	0.57269	0.88106	1.0735	1.0803	0.78951	-0.36476	-1.947	-2.8475	-2.5131	-3.222	-2.449	-1.6897	-1.6033	-1.4575	-1.549	-1.4545	-1.2949	-0.71624	-1.4168	-1.3596	-1.2366	-1.0783	-1.0374	-30.389
996.05	-0.83937	-0.65258	-0.40681	-0.18012	-0.026345	0.093971	0.28524	0.52092	0.81753	1.0145	1.0313	0.74962	-0.12792	-1.6877	-2.258	-2.1904	-2.6046	-2.0777	-1.613	-1.453	-1.3212	-1.2881	-1.2703	-1.2062	-0.66556	-1.3766	-1.3211	-1.1713	-1.1049	-1.1344	-30.561
1015.6	-0.86161	-0.6823	-0.42951	-0.20898	-0.06127	0.047542	0.24595	0.48249	0.78527	0.98326	1.0148	0.82046	-0.05166	-1.3384	-1.9883	-1.8991	-2.3232	-1.7169	-1.6313	-1.2474	-1.1809	-1.2758	-1.1948	-1.1905	-0.6457	-1.2439	-1.2387	-1.1723	-1.0587	-1.0705	-30.651
1019.9	-0.82561	-0.65344	-0.42991	-0.21029	-0.076596	0.028295	0.22737	0.45735	0.75328	0.96038	1.0212	0.71664	0.036747	-1.1825	-1.6338	-1.6042	-1.9282	-1.4093	-1.1773	-1.1423	-1.1976	-1.0905	-1.1041	-1.1727	-0.64647	-1.232	-1.1999	-1.166	-1.0881	-1.0308	-30.677
1020.3	-0.81278	-0.64196	-0.42899	-0.20069	-0.0495	0.051287	0.2434	0.46238	0.76657	0.981	1.0397	0.87834	0.1616	-0.87412	-1.3676	-1.309	-1.5653	-1.0701	-0.99631	-1.1222	-1.1059	-1.0612	-1.097	-1.0648	-0.55046	-1.1837	-1.1673	-1.1593	-1.0039	-0.99079	-30.698
1023.5	-0.79707	-0.6176	-0.40476	-0.19351	-0.056703	0.059033	0.23635	0.45649	0.75349	0.97407	1.0595	0.81409	0.19771	-0.93878	-1.3473	-1.1505	-1.4819	-1.0202	-1.0875	-1.009	-1.0816	-1.0657	-1.0818	-1.0151	-0.53472	-1.1398	-1.118	-1.056	-0.97826	-1.0034	-30.674
1029.2	-0.79118	-0.63084	-0.42454	-0.21708	-0.079966	0.029613	0.21002	0.44731	0.73368	0.96017	1.0348	0.86311	0.22573	-0.90379	-1.2601	-1.0826	-1.4737	-0.87899	-0.79946	-0.93328	-0.97254	-1.0613	-1.0136	-1.0266	-0.53593	-1.049	-1.0562	-1.0829	-1.0603	-1.0015	-30.69
1027.8	-0.82879	-0.67421	-0.46856	-0.26096	-0.11591	-0.013653	0.17135	0.3918	0.70774	0.92213	1.0232	0.81073	0.30628	-0.756	-1.198	-0.99955	-1.3713	-0.98089	-0.87659	-0.93463	-0.94055	-0.94688	-1.018	-1.0229	-0.53461	-1.0811	-1.0975	-1.0804	-1.0319	-0.99774	-30.653
1020.3	-0.81498	-0.6728	-0.46529	-0.27602	-0.12413	-0.010579	0.15157	0.39093	0.68425	0.92806	1.029	0.9632	0.30851	-0.85159	-1.3032	-1.0688	-1.379	-0.96389	-1.0259	-0.96028	-0.94141	-0.94676	-0.97377	-0.98601	-0.5033	-1.0508	-1.0596	-1.0655	-0.98131	-0.96762	-30.568
1012	-0.77062	-0.63243	-0.47213	-0.25913	-0.12185	-0.0018705	0.17898	0.40092	0.72095	0.93888	1.0475	0.95563	0.28143	-0.6694	-1.2086	-1.062	-1.3056	-0.92077	-0.96015	-0.93417	-0.95297	-0.92634	-0.96398	-0.9548	-0.48759	-0.97578	-1.0059	-1.0138	-0.95826	-0.93493	-30.264
1006.7	-0.73001	-0.60876	-0.44758	-0.2479	-0.12249	-0.0075078	0.18489	0.41359	0.73708	0.96276	1.0797	0.86681	0.33504	-0.65009	-1.1416	-1.1226	-1.2802	-0.95008	-1.0713	-0.95661	-0.93754	-0.90597	-0.92644	-0.94994	-0.48874	-0.98465	-0.9876	-1.0024	-0.91973	-0.90121	-30.014
1010.3	-0.77859	-0.65119	-0.47742	-0.29133	-0.17424	-0.053142	0.11981	0.35649	0.6636	0.90429	1.0426	0.93386	0.319	-0.61742	-1.0644	-1.1186	-1.1616	-0.97837	-0.9326	-0.96668	-0.93117	-0.92947	-0.95219	-0.96323	-0.48628	-1.0093	-0.97525	-0.95285	-0.89436	-0.89271	-29.628
1017.6	-0.78846	-0.66338	-0.52228	-0.34864	-0.2215	-0.12513	0.052872	0.28229	0.59566	0.85329	0.99293	0.90392	0.41246	-0.54523	-0.91151	-0.97845	-1.0796	-0.92213	-1.1163	-0.91246	-0.872	-0.91186	-0.90761	-0.93296	-0.48208	-0.97481	-1.0077	-0.98472	-0.93784	-0.89154	-29.108
1020.4	-0.78258	-0.67133	-0.54674	-0.38203	-0.24876	-0.14699	0.0099669	0.23685	0.55677	0.81431	0.9819	0.92454	0.44801	-0.46863	-0.86874	-0.95248	-1.0243	-0.90185	-0.89081	-0.85962	-0.86657	-0.84936	-0.86745	-0.86728	-0.43075	-0.92067	-0.94076	-0.91576	-0.88619	-0.86587	-28.519
1016.1	-0.70553	-0.60733	-0.48956	-0.33813	-0.22265	-0.13009	0.020569	0.2558	0.58072	0.83812	1.0341	0.95947	0.62695	-0.29721	-0.60588	-0.85538	-0.86741	-0.82331	-0.90695	-0.78439	-0.80497	-0.75683	-0.76745	-0.78579	-0.36757	-0.8361	-0.849	-0.85044	-0.81728	-0.77499	-27.773
1004.4	-0.66821	-0.57878	-0.47191	-0.31754	-0.2194	-0.13321	0.017248	0.24214	0.56928	0.84548	1.057	1.0333	0.59692	-0.18626	-0.58022	-0.79446	-0.81207	-0.81326	-0.81407	-0.77434	-0.75357	-0.72529	-0.76737	-0.73924	-0.32679	-0.76821	-0.78341	-0.77556	-0.7333	-0.7559	-27.084
987.24	-0.66011	-0.57292	-0.48626	-0.35179	-0.23594	-0.15685	-0.013606	0.20482	0.53258	0.83204	1.0626	1.0274	0.75156	-0.21278	-0.5155	-0.68816	-0.83639	-0.79749	-0.85735	-0.78296	-0.75047	-0.7685	-0.75862	-0.75367	-0.34048	-0.78083	-0.77974	-0.80831	-0.7297	-0.76056	-26.362
971.73	-0.67527	-0.59604	-0.51891	-0.3743	-0.26812	-0.21015	-0.060194	0.14401	0.48997	0.78483	1.0329	1.1167	0.67872	-0.066374	-0.50683	-0.82934	-0.81872	-0.79839	-0.79446	-0.78885	-0.74125	-0.77749	-0.75678	-0.76254	-0.34222	-0.79406	-0.80824	-0.79442	-0.75481	-0.7256	-25.608
963.12	-0.66341	-0.58355	-0.51649	-0.39856	-0.30179	-0.23556	-0.095637	0.12874	0.44885	0.7506	1.0238	1.0694	0.81707	0.012564	-0.37499	-0.64792	-0.85733	-0.7953	-0.81227	-0.82587	-0.78589	-0.73248	-0.71822	-0.73197	-0.33707	-0.77626	-0.78769	-0.75038	-0.71761	-0.72971	-24.804
970.45	-0.61978	-0.54229	-0.50012	-0.38479	-0.29089	-0.22461	-0.093439	0.11524	0.44395	0.75557	1.0299	1.1506	0.78773	0.051949	-0.32987	-0.69192	-0.83811	-0.74869	-0.78868	-0.74032	-0.71944	-0.66883	-0.68331	-0.69091	-0.30492	-0.71556	-0.70365	-0.68236	-0.67413	-0.68647	-24.022
986.92	-0.53047	-0.49918	-0.44964	-0.34359	-0.27077	-0.19462	-0.085358	0.096394	0.42693	0.71561	1.0212	1.0835	0.78977	0.20634	-0.35763	-0.39194	-0.76226	-0.6705	-0.68147	-0.67273	-0.65025	-0.59328	-0.62691	-0.64057	-0.26054	-0.64211	-0.62792	-0.63961	-0.57555	-0.59388	-23.124
1004.1	-0.51392	-0.46072	-0.44496	-0.3496	-0.2928	-0.22917	-0.11738	0.061468	0.38034	0.68516	0.98447	1.1277	0.85836	0.29436	-0.17167	-0.49549	-0.78385	-0.66147	-0.67274	-0.64204	-0.63152	-0.5942	-0.63792	-0.58764	-0.23891	-0.57812	-0.58905	-0.57401	-0.54041	-0.53813	-22.278
1019	-0.48436	-0.44207	-0.45034	-0.38039	-0.31235	-0.27507	-0.16059	0.017349	0.32175	0.62294	0.92062	1.1113	0.85319	0.29758	-0.13695	-0.40289	-0.81491	-0.65022	-0.63402	-0.59099	-0.61857	-0.59256	-0.54515	-0.59487	-0.23895	-0.55058	-0.53598	-0.52629	-0.50232	-0.53852	-21.312
1030.9	-0.46783	-0.41335	-0.44878	-0.38538	-0.33064	-0.29778	-0.20035	-0.041042	0.26629	0.56254	0.8879	1.022	0.90144	0.2644	-0.095538	-0.51326	-0.95165	-0.8019	-0.66309	-0.5779	-0.53814	-0.47703	-0.47164	-0.49433	-0.18462	-0.53836	-0.5485	-0.5072	-0.46663	-0.45902	-20.333
1034.5	-0.42564	-0.41191	-0.44137	-0.38043	-0.35618	-0.30613	-0.22869	-0.067323	0.23148	0.54906	0.88481	0.98802	0.87657	0.33014	-0.14282	-0.4274	-1.2143	-1.222	-0.90573	-0.64021	-0.42052	-0.37709	-0.37105	-0.3719	-0.079842	-0.44086	-0.46112	-0.45579	-0.43376	-0.44047	-19.182
1028.9	-0.39882	-0.37592	-0.40704	-0.368	-0.35731	-0.3078	-0.24384	-0.098687	0.20151	0.4957	0.87247	1.024	0.94692	0.41384	-0.29516	-0.52196	-1.4073	-1.5765	-1.1834	-0.78318	-0.47841	-0.24635	-0.28528	-0.2399	0.00069616	-0.32964	-0.35749	-0.38716	-0.38303	-0.39321	-18.008
1018.1	-0.33018	-0.32301	-0.39057	-0.37704	-0.36768	-0.32935	-0.27524	-0.14225	0.15845	0.47132	0.85283	1.0503	0.9128	0.42577	-0.24993	-0.54302	-1.4951	-1.8069	-1.3328	-1.0435	-0.71573	-0.35196	-0.15819	-0.20031	0.045852	-0.15205	-0.22482	-0.30282	-0.30471	-0.31647	-16.811
1018.2	-0.24477	-0.25273	-0.35934	-0.36454	-0.35367	-0.35475	-0.30822	-0.1922	0.10607	0.42368	0.81393	1.0116	0.92743	0.37304	-0.16122	-0.5818	-1.5132	-1.8744	-1.4383	-1.23	-0.94712	-0.63043	-0.27941	-0.2033	0.040205	-0.15572	-0.062068	-0.12866	-0.17998	-0.19734	-15.578
1026.6	-0.14932	-0.1594	-0.2916	-0.32958	-0.33693	-0.34949	-0.33358	-0.20617	0.059666	0.38927	0.76798	1.011	0.97097	0.37	0.03198	-0.49233	-1.5053	-1.8919	-1.4904	-1.3152	-1.0932	-0.8729	-0.51763	-0.21955	0.021686	-0.19241	-0.15999	-0.046054	-0.06382	-0.081311	-14.315
1036	-0.044517	-0.065435	-0.20649	-0.28193	-0.29267	-0.32366	-0.30845	-0.19989	0.051367	0.37499	0.76099	1.017	0.99831	0.35184	-0.023757	-0.4039	-1.4693	-1.8834	-1.5081	-1.342	-1.1885	-0.98074	-0.71127	-0.30851	-0.046451	-0.1704	-0.19655	-0.12238	-0.02313	0.007039	-13.058
1045.9	-0.072046	-0.06687	-0.20816	-0.2436	-0.28031	-0.29353	-0.30623	-0.21907	0.034123	0.32969	0.73051	0.93215	0.98173	0.52433	-0.0078448	-0.44545	-1.3409	-1.7943	-1.4404	-1.3209	-1.1686	-1.0224	-0.79382	-0.44405	-0.1346	-0.097858	-0.12294	-0.086915	-0.081038	-0.06012	-11.776
1056.7	-0.052158	-0.048587	-0.20174	-0.25523	-0.28379	-0.30661	-0.31935	-0.24198	0.004743	0.27821	0.67928	0.93752	0.98588	0.67124	0.11653	-0.27628	-1.1684	-1.6198	-1.3371	-1.2437	-1.1501	-1.0345	-0.83557	-0.52869	-0.1944	-0.042954	-0.019026	-0.016112	-0.047438	-0.062394	-10.412
1067.2	-0.043215	-0.042075	-0.18628	-0.23383	-0.28568	-0.32329	-0.34232	-0.27516	-0.048003	0.2293	0.62842	0.87662	1.0323	0.69331	0.36918	-0.11053	-0.93014	-1.4091	-1.1941	-1.1434	-1.098	-1.0041	-0.84916	-0.57729	-0.24093	-0.065701	0.020149	0.023601	0.0020625	-0.00031378	-9.0396
