12671	7	11	91	26	747	1	14	8	2.33	128	4096	10	0	0	0	0	298.24	929.09	1.4104e+006	0.11545	0.10058	40.027	0	0	1	0	0	0	13	0	0
896.3	0.055337	0.041751	-0.088213	-0.34088	-0.56112	-0.73433	-1.1563	-1.4754	-1.6901	-1.9448	-2.2325	-2.5465	-3.0682	-2.3676	-1.2724	-0.68247	0.227	0.70002	0.89653	0.79949	0.52171	0.24518	0.03734	-0.047131	-2.0267	-0.052275	-0.039092	-0.022433	0.051719	0.038906	11.276
894.92	0.051237	0.012245	-0.06385	-0.33807	-0.58069	-0.76802	-1.1884	-1.4981	-1.727	-1.9993	-2.3045	-2.7791	-3.274	-2.4141	-1.4578	-0.84254	0.14271	0.66166	0.89874	0.80968	0.54382	0.25443	0.056742	-0.026658	0.014332	-0.062407	-0.050776	-0.037405	0.0432	0.018511	11.612
892.36	0.030388	0.0050662	-0.10216	-0.33402	-0.55985	-0.76025	-1.1758	-1.5287	-1.7737	-2.0478	-2.3554	-2.7253	-3.4933	-2.7044	-1.4712	-0.9513	0.074687	0.62953	0.88976	0.83537	0.56419	0.28988	0.075464	-0.021583	0.22283	-0.044109	-0.022612	-0.018591	0.011418	0.022839	11.993
889.69	0.016157	0.0074934	-0.092266	-0.34173	-0.55118	-0.78436	-1.1994	-1.5572	-1.8242	-2.1227	-2.4286	-2.8839	-3.5796	-2.9794	-1.614	-1.1497	-0.015447	0.59359	0.88663	0.84598	0.58988	0.30325	0.10615	-0.0035647	0.26871	-0.045082	-0.027693	0.008241	0.013181	0.021194	12.343
886.07	-0.004922	-0.0029702	-0.083259	-0.32881	-0.56666	-0.77295	-1.2003	-1.5756	-1.8539	-2.1807	-2.3921	-2.9934	-3.8395	-3.1213	-1.8337	-1.2704	-0.096641	0.56545	0.89858	0.87388	0.61554	0.33945	0.11847	0.011119	0.29169	-0.027506	-0.013551	-0.010782	0.027132	0.0092292	12.732
883.29	-0.027847	-0.042657	-0.086945	-0.33914	-0.57128	-0.79371	-1.2276	-1.6046	-1.8895	-2.2603	-2.53	-3.2434	-3.9449	-3.2352	-1.9881	-1.4534	-0.18971	0.51146	0.89473	0.88116	0.63042	0.35311	0.13589	0.026766	0.31619	-0.035227	-0.024528	-0.017188	0.024603	-0.00024163	13.082
880.41	-0.05603	-0.058232	-0.10268	-0.30465	-0.57315	-0.79722	-1.2251	-1.6478	-1.938	-2.3156	-2.6357	-3.3166	-4.2302	-3.4981	-2.2463	-1.53	-0.2711	0.46186	0.88929	0.87584	0.65415	0.38765	0.15344	0.044258	0.33273	-0.01917	-0.012793	-0.034825	0.00020993	-0.024499	13.462
878.28	-0.071524	-0.083619	-0.12704	-0.31984	-0.56692	-0.79824	-1.2639	-1.6527	-1.9935	-2.3872	-2.7063	-3.477	-4.3685	-3.7072	-2.4013	-1.7318	-0.39762	0.39849	0.87971	0.87889	0.66789	0.38859	0.16666	0.050471	0.3458	-0.0064168	-0.020437	-0.030104	0.0010878	-0.048875	13.86
878.06	-0.10312	-0.10319	-0.13396	-0.31141	-0.55467	-0.80304	-1.2813	-1.6911	-2.0339	-2.4366	-2.7912	-3.6213	-4.5232	-3.9175	-2.6076	-1.9483	-0.50335	0.35559	0.86482	0.87819	0.67327	0.39773	0.18385	0.052228	0.34834	-0.017515	-0.017059	-0.00367	-0.010306	-0.048887	14.238
878.28	-0.12784	-0.1333	-0.18127	-0.31389	-0.525	-0.79455	-1.2924	-1.7262	-2.0791	-2.4967	-2.9418	-3.7907	-4.7867	-4.187	-2.6257	-2.182	-0.61325	0.29756	0.84783	0.90536	0.69655	0.43019	0.20095	0.059194	0.35725	-0.0055623	-0.019593	-0.025297	-0.025198	-0.048007	14.644
878.81	-0.16529	-0.16089	-0.19923	-0.31285	-0.53039	-0.81709	-1.277	-1.7217	-2.0911	-2.543	-2.9687	-3.9944	-4.9117	-4.3239	-2.8296	-2.2256	-0.71315	0.24694	0.84564	0.91393	0.71349	0.44801	0.22224	0.096643	0.37093	-0.0038543	0.0040932	-0.023681	-0.034815	-0.074014	14.984
880.41	-0.18457	-0.18903	-0.22548	-0.31228	-0.52848	-0.77792	-1.2576	-1.7418	-2.1247	-2.5853	-3.0397	-4.0408	-5.0815	-4.4901	-3.0854	-2.3832	-0.80667	0.18869	0.81984	0.89861	0.72345	0.47426	0.24492	0.10604	0.39799	-0.0012916	0.0015553	-0.027633	-0.039123	-0.086008	15.352
883.18	-0.21963	-0.21354	-0.23334	-0.31299	-0.50408	-0.77547	-1.2561	-1.7458	-2.1651	-2.6168	-3.1301	-4.1618	-5.2268	-4.823	-3.1687	-2.4563	-0.95642	0.11095	0.79474	0.9094	0.73931	0.47547	0.25012	0.11525	0.3943	0.017381	0.00070805	-0.024359	-0.051198	-0.098693	15.759
884.46	-0.25321	-0.26418	-0.25779	-0.32688	-0.46929	-0.7103	-1.2559	-1.7313	-2.1694	-2.6489	-3.1798	-4.2536	-5.4056	-4.9719	-3.4333	-2.6048	-1.073	0.041187	0.78194	0.90356	0.7598	0.49454	0.27188	0.12807	0.3986	0.026676	-0.0093729	-0.02512	-0.051994	-0.12356	16.082
885.75	-0.24946	-0.31063	-0.28046	-0.36684	-0.47617	-0.69831	-1.2468	-1.7279	-2.182	-2.7052	-3.2445	-4.0875	-5.5501	-5.2415	-3.6507	-2.8152	-1.1893	-0.0033536	0.75752	0.89229	0.77162	0.50459	0.29018	0.13827	0.42235	0.023252	-0.0068426	-0.025879	-0.068427	-0.13543	16.447
886.28	-0.30512	-0.33546	-0.31356	-0.37083	-0.46833	-0.67598	-1.1936	-1.738	-2.2037	-2.7215	-3.3127	-4.0939	-5.7243	-5.3594	-3.6392	-3.0723	-1.3072	-0.071888	0.73462	0.90171	0.76944	0.5249	0.3002	0.14856	0.41642	0.01901	-0.003487	-0.024277	-0.073594	-0.1431	16.766
885.11	-0.29113	-0.34561	-0.37206	-0.40252	-0.46328	-0.68419	-1.1523	-1.7137	-2.2157	-2.7583	-3.3903	-4.0905	-5.9267	-5.6002	-3.7924	-3.2193	-1.3762	-0.13319	0.72394	0.90924	0.79114	0.54803	0.30995	0.16174	0.42752	0.035971	0.012457	-0.041	-0.085865	-0.15018	17.105
882.33	-0.32177	-0.42451	-0.39551	-0.43169	-0.47517	-0.63773	-1.1543	-1.7286	-2.2078	-2.7913	-3.4362	-4.2282	-6.0812	-5.6351	-4.0555	-3.2563	-1.504	-0.18385	0.70701	0.90847	0.80054	0.56056	0.32031	0.1744	0.44922	0.044578	0.014181	-0.03794	-0.099217	-0.17054	17.467
879.66	-0.38579	-0.45426	-0.42249	-0.46948	-0.52702	-0.6369	-1.1025	-1.7304	-2.2311	-2.8232	-3.5537	-4.2947	-6.2956	-5.8787	-4.2078	-3.4639	-1.5982	-0.25159	0.69827	0.90029	0.81424	0.57671	0.33155	0.18538	0.45711	0.041306	0.020981	-0.046853	-0.11089	-0.19533	17.769
876.14	-0.37451	-0.48711	-0.47683	-0.50799	-0.55971	-0.61452	-1.0474	-1.6723	-2.2184	-2.8545	-3.5958	-4.5725	-6.492	-6.0859	-4.4309	-3.5861	-1.6999	-0.29288	0.68511	0.89841	0.83144	0.59353	0.35608	0.1975	0.46961	0.045748	0.014281	-0.035799	-0.11397	-0.19438	18.08
872.3	-0.37874	-0.53845	-0.54046	-0.53846	-0.59671	-0.64785	-1.0085	-1.6588	-2.224	-2.8534	-3.6386	-4.6107	-6.4863	-6.1742	-4.4598	-3.7288	-1.8075	-0.35064	0.67292	0.91984	0.83948	0.60161	0.36024	0.20803	0.47744	0.062273	0.0075305	-0.047248	-0.11888	-0.21447	18.395
868.56	-0.41057	-0.53171	-0.58109	-0.58545	-0.63974	-0.6497	-0.91817	-1.6144	-2.2151	-2.8639	-3.6543	-4.6215	-6.6781	-6.4566	-4.6302	-3.8359	-1.8856	-0.39845	0.65292	0.91733	0.84924	0.62798	0.37739	0.2098	0.48694	0.062541	0.028093	-0.054743	-0.13889	-0.21012	18.692
864.29	-0.40913	-0.59309	-0.65219	-0.6436	-0.65742	-0.72782	-0.9194	-1.5459	-2.1821	-2.8734	-3.7006	-4.617	-6.6504	-6.6746	-4.748	-3.9372	-1.9835	-0.44411	0.63313	0.92465	0.86138	0.64027	0.39232	0.21971	0.48103	0.058515	0.013618	-0.045244	-0.16183	-0.2544	18.963
858.52	-0.50005	-0.62457	-0.71381	-0.6966	-0.6979	-0.7591	-0.8356	-1.4333	-2.1423	-2.8752	-3.7499	-4.6847	-6.8435	-6.6392	-4.866	-4.1295	-2.0562	-0.49203	0.6331	0.92432	0.86805	0.65013	0.38794	0.23189	0.48929	0.046687	0.0085164	-0.066856	-0.17457	-0.28632	19.225
853.82	-0.47472	-0.63052	-0.8054	-0.72141	-0.73114	-0.74907	-0.85779	-1.3434	-2.1113	-2.8352	-3.739	-4.8119	-6.8724	-6.7924	-4.9793	-4.0781	-2.1228	-0.52166	0.62537	0.93223	0.89338	0.64719	0.39713	0.2233	0.49871	0.051332	-0.019283	-0.083703	-0.20167	-0.30487	19.524
849.01	-0.55773	-0.68296	-0.87319	-0.74131	-0.79738	-0.82003	-0.86012	-1.3	-2.0432	-2.8194	-3.7107	-4.8299	-6.9555	-6.876	-5.1042	-4.2688	-2.184	-0.55361	0.61416	0.9224	0.87867	0.66209	0.40292	0.23449	0.50323	0.047208	-0.0088913	-0.098266	-0.23091	-0.33714	19.727
844.84	-0.50637	-0.69056	-0.86855	-0.8651	-0.81023	-0.83366	-0.87876	-1.2013	-1.9876	-2.7675	-3.6693	-4.8165	-6.9188	-6.928	-5.0516	-4.2525	-2.1929	-0.55538	0.61283	0.93549	0.90468	0.65877	0.41293	0.22204	0.50146	0.032362	-0.034439	-0.10624	-0.24662	-0.37762	19.956
842.49	-0.55938	-0.72305	-0.932	-0.87017	-0.82937	-0.82926	-0.90923	-1.1397	-1.8605	-2.7055	-3.6067	-4.8579	-6.8759	-6.7837	-5.056	-4.2268	-2.1954	-0.55887	0.62941	0.9324	0.90268	0.65872	0.4114	0.22357	0.50627	0.028004	-0.047763	-0.14579	-0.28293	-0.40946	20.146
842.49	-0.63233	-0.75531	-1.0119	-0.88257	-0.87109	-0.88113	-0.90329	-1.0784	-1.7626	-2.5923	-3.5099	-4.7178	-6.7869	-6.7746	-4.9683	-4.1611	-2.1614	-0.53841	0.63553	0.94857	0.90811	0.65872	0.40604	0.2263	0.4986	0.019109	-0.055701	-0.15915	-0.31125	-0.42847	20.343
844.41	-0.69479	-0.78493	-1.0328	-0.91325	-0.86018	-0.905	-0.87158	-1.0328	-1.5959	-2.4858	-3.4162	-4.5486	-6.6028	-6.6412	-4.9278	-4.161	-2.0906	-0.50997	0.6428	0.95116	0.90423	0.67416	0.40333	0.20219	0.48981	-0.009337	-0.082849	-0.18379	-0.34699	-0.50969	20.496
847.94	-0.65566	-0.78673	-1.0589	-0.95258	-0.88917	-0.86879	-0.9211	-0.93718	-1.4661	-2.3452	-3.288	-4.474	-6.3809	-6.4058	-4.7524	-4.0038	-2.0126	-0.46235	0.64968	0.94247	0.89687	0.65074	0.39189	0.19593	0.47676	-0.023439	-0.096526	-0.20625	-0.37822	-0.54445	20.63
851.36	-0.76747	-0.86338	-1.1434	-0.97417	-0.85022	-0.89667	-0.93252	-0.91557	-1.3152	-2.2089	-3.1158	-4.2896	-6.2056	-6.272	-4.608	-3.8205	-1.9119	-0.41904	0.66784	0.94716	0.89864	0.65093	0.37352	0.18975	0.47315	-0.023346	-0.11272	-0.22691	-0.38755	-0.53868	20.764
855.96	-0.77735	-0.89384	-1.0419	-0.95412	-0.93754	-0.90603	-0.8239	-0.85388	-1.2075	-2.0847	-3.0254	-4.0643	-5.9446	-6.0683	-4.4298	-3.6799	-1.8059	-0.35637	0.6763	0.94114	0.88758	0.63537	0.37943	0.17441	0.47649	-0.052113	-0.13381	-0.25364	-0.4466	-0.60707	20.878
858.84	-0.90913	-0.90166	-1.0595	-0.96742	-0.90127	-0.84928	-0.83695	-0.80415	-1.0852	-1.9048	-2.8262	-3.8398	-5.6716	-5.9052	-4.2429	-3.5479	-1.7063	-0.30356	0.69462	0.93892	0.87039	0.61936	0.36325	0.15687	0.45314	-0.070264	-0.14202	-0.28146	-0.49886	-0.66098	20.959
861.83	-0.82336	-0.85538	-1.0707	-0.9277	-0.91756	-0.8961	-0.81164	-0.79431	-0.97381	-1.7701	-2.7267	-3.6986	-5.5476	-5.458	-3.9806	-3.3704	-1.5954	-0.23393	0.72041	0.94682	0.86472	0.60707	0.34714	0.15633	0.4399	-0.090022	-0.17256	-0.30253	-0.48374	-0.65426	21.057
864.18	-0.7795	-0.86795	-1.0258	-0.93209	-0.85019	-0.82811	-0.81771	-0.77546	-0.88749	-1.6807	-2.6132	-3.3971	-5.3504	-5.3191	-3.8748	-3.0959	-1.4515	-0.18201	0.7355	0.94053	0.84912	0.60542	0.31746	0.13108	0.41959	-0.10539	-0.16779	-0.30496	-0.49222	-0.65601	21.134
865.25	-0.8383	-0.8677	-0.97389	-0.87574	-0.8298	-0.79622	-0.78694	-0.75607	-0.81802	-1.6033	-2.4817	-3.2201	-5.1012	-5.1	-3.6423	-3.0007	-1.3497	-0.12107	0.75588	0.94308	0.8472	0.57897	0.31185	0.11852	0.4224	-0.10612	-0.19249	-0.32166	-0.50851	-0.67724	21.186
866.32	-0.80439	-0.77169	-0.94651	-0.84624	-0.7998	-0.78217	-0.76781	-0.7078	-0.84483	-1.5637	-2.4427	-3.2525	-4.9479	-5.0318	-3.581	-2.9879	-1.2838	-0.096285	0.7575	0.92804	0.8215	0.5645	0.30277	0.10423	0.40778	-0.13887	-0.21026	-0.32127	-0.48923	-0.66232	21.211
867.6	-0.8248	-0.84145	-0.86581	-0.80886	-0.79572	-0.78754	-0.73205	-0.70676	-0.80402	-1.49	-2.3635	-3.0934	-4.8801	-4.8301	-3.4054	-2.6827	-1.2097	-0.048837	0.77336	0.95069	0.82908	0.55634	0.27717	0.091713	0.40552	-0.12916	-0.21252	-0.32809	-0.49649	-0.65255	21.272
867.49	-0.74542	-0.80198	-0.83628	-0.76423	-0.77267	-0.72886	-0.70163	-0.68759	-0.78054	-1.4811	-2.3415	-3.0847	-4.7943	-4.7071	-3.3585	-2.6557	-1.1493	-0.018564	0.78195	0.9351	0.81599	0.5381	0.27286	0.078476	0.4006	-0.14473	-0.2331	-0.34922	-0.51252	-0.64472	21.283
867.28	-0.77326	-0.78073	-0.77809	-0.72484	-0.74006	-0.69918	-0.69851	-0.64048	-0.7622	-1.4604	-2.2956	-2.9675	-4.6054	-4.5846	-3.1606	-2.6381	-1.047	0.05336	0.79318	0.95104	0.803	0.53548	0.26685	0.042277	0.38165	-0.16377	-0.24001	-0.34768	-0.51974	-0.64839	21.256
866.21	-0.77334	-0.73215	-0.76333	-0.7197	-0.7004	-0.71873	-0.66386	-0.63864	-0.77579	-1.4695	-2.2722	-2.9893	-4.4467	-4.4576	-3.155	-2.5501	-0.99837	0.085646	0.80096	0.93093	0.78638	0.51322	0.25588	0.037024	0.3672	-0.17522	-0.2446	-0.3473	-0.51327	-0.62718	21.218
865.04	-0.68169	-0.70338	-0.70144	-0.69049	-0.69071	-0.67948	-0.67221	-0.60615	-0.75827	-1.4568	-2.2587	-2.9206	-4.5133	-4.2865	-2.9695	-2.3708	-0.96219	0.096202	0.81653	0.94517	0.79627	0.50565	0.23448	0.03176	0.37932	-0.17979	-0.25438	-0.3616	-0.4944	-0.62715	21.227
864.29	-0.63025	-0.67254	-0.67493	-0.67468	-0.69518	-0.681	-0.64548	-0.62688	-0.7716	-1.481	-2.2344	-2.9049	-4.578	-4.3966	-2.953	-2.4917	-0.9353	0.091536	0.80104	0.9163	0.77577	0.49873	0.22075	0.015831	0.37051	-0.19296	-0.25374	-0.36109	-0.4886	-0.60034	21.179
864.29	-0.62245	-0.66012	-0.65831	-0.67209	-0.67678	-0.66321	-0.65789	-0.60843	-0.79019	-1.4921	-2.2617	-3.0324	-4.5086	-4.2725	-3.1145	-2.3637	-0.93709	0.10483	0.82405	0.92465	0.7793	0.49046	0.21291	0.022037	0.36719	-0.18515	-0.2503	-0.36191	-0.46545	-0.58445	21.095
864.4	-0.59896	-0.62115	-0.63549	-0.67805	-0.67863	-0.6547	-0.58499	-0.6145	-0.80784	-1.491	-2.2264	-2.941	-4.43	-4.3163	-3.0097	-2.4731	-0.89673	0.12761	0.8248	0.93474	0.77392	0.48489	0.2242	0.017604	0.35634	-0.19293	-0.25457	-0.33826	-0.45738	-0.55702	21.032
867.17	-0.57544	-0.60349	-0.63869	-0.65351	-0.60313	-0.59288	-0.58477	-0.62042	-0.80441	-1.4871	-2.2347	-2.9588	-4.4245	-4.1964	-2.858	-2.3102	-0.86712	0.1414	0.82471	0.94192	0.76528	0.4815	0.20873	0.00076097	0.35106	-0.19404	-0.25632	-0.33718	-0.44704	-0.53149	20.925
871.98	-0.55336	-0.58869	-0.63344	-0.6422	-0.61612	-0.5924	-0.58319	-0.59871	-0.82008	-1.5144	-2.2668	-3.0779	-4.443	-4.2875	-2.927	-2.2975	-0.84727	0.16604	0.81848	0.93213	0.75494	0.4752	0.20326	-0.0071512	0.34006	-0.19641	-0.25832	-0.33693	-0.43663	-0.52857	20.814
876.67	-0.56749	-0.56677	-0.61624	-0.60727	-0.58514	-0.56245	-0.54417	-0.55999	-0.82152	-1.5326	-2.2067	-2.8729	-4.3337	-4.1772	-2.8645	-2.2942	-0.81363	0.17919	0.82501	0.92164	0.74568	0.46269	0.18328	-0.022843	0.3194	-0.21417	-0.26032	-0.34476	-0.44834	-0.53095	20.712
881.9	-0.58367	-0.5853	-0.60916	-0.58167	-0.55984	-0.55269	-0.55797	-0.5515	-0.80174	-1.5262	-2.2518	-2.9808	-4.4015	-4.1524	-2.7452	-2.2178	-0.76411	0.19581	0.81762	0.91163	0.72569	0.43293	0.16598	-0.033132	0.3118	-0.21799	-0.27816	-0.35229	-0.44568	-0.52434	20.562
887.67	-0.56806	-0.57586	-0.59413	-0.58378	-0.54867	-0.53908	-0.53098	-0.54108	-0.82534	-1.5047	-2.1595	-3.0146	-4.2548	-3.9701	-2.7551	-2.0253	-0.74435	0.20101	0.81231	0.9021	0.72098	0.42564	0.14624	-0.042411	0.30978	-0.21236	-0.27719	-0.3603	-0.44192	-0.53469	20.407
891.83	-0.57298	-0.54992	-0.58543	-0.58273	-0.52734	-0.51479	-0.50765	-0.53089	-0.8305	-1.5217	-2.1749	-2.6652	-4.2013	-3.8914	-2.6502	-1.9981	-0.7036	0.22032	0.81678	0.88801	0.70991	0.41653	0.1405	-0.056817	0.29706	-0.22902	-0.28173	-0.3602	-0.43123	-0.52108	20.158
895.45	-0.53216	-0.56047	-0.57377	-0.5137	-0.51773	-0.49915	-0.48882	-0.48719	-0.85568	-1.4996	-2.136	-2.8214	-4.1424	-3.7388	-2.557	-1.9723	-0.63774	0.25427	0.83733	0.88173	0.69341	0.39533	0.12732	-0.060864	0.28703	-0.2373	-0.29718	-0.36189	-0.4269	-0.50364	19.924
897.26	-0.53943	-0.55934	-0.517	-0.50601	-0.49057	-0.49453	-0.48943	-0.48197	-0.84174	-1.5001	-2.0951	-2.9824	-3.9754	-3.6544	-2.5243	-1.845	-0.57787	0.28486	0.83646	0.89871	0.68351	0.37948	0.11448	-0.074403	0.27204	-0.25185	-0.29492	-0.3588	-0.4269	-0.49327	19.665
898.86	-0.50846	-0.52413	-0.5001	-0.49017	-0.46084	-0.47204	-0.45196	-0.48534	-0.87844	-1.4965	-2.0493	-2.907	-3.9433	-3.5541	-2.255	-1.8153	-0.5003	0.32818	0.83825	0.88284	0.65599	0.3682	0.10004	-0.088758	0.27396	-0.2539	-0.29027	-0.35034	-0.4347	-0.48475	19.356
898.65	-0.46354	-0.50197	-0.49853	-0.48032	-0.4563	-0.44784	-0.4449	-0.47531	-0.91685	-1.5057	-2.0564	-2.7938	-3.8441	-3.555	-2.2464	-1.7013	-0.44279	0.35384	0.84009	0.87323	0.64511	0.34884	0.092525	-0.099862	0.26923	-0.2573	-0.29282	-0.34964	-0.40826	-0.47214	19.111
897.8	-0.47483	-0.51439	-0.48553	-0.45667	-0.453	-0.43024	-0.41824	-0.47069	-0.89494	-1.5125	-2.0967	-2.9105	-3.8061	-3.2938	-2.1937	-1.6325	-0.38122	0.388	0.85976	0.87049	0.64402	0.3474	0.071651	-0.096544	0.25428	-0.26589	-0.2964	-0.36016	-0.3915	-0.46324	18.843
895.66	-0.47095	-0.49406	-0.46981	-0.46776	-0.43072	-0.41771	-0.39368	-0.48114	-0.92398	-1.5028	-1.9759	-2.9174	-3.6729	-3.2675	-2.0156	-1.4422	-0.33294	0.42008	0.85687	0.86451	0.63023	0.30743	0.058378	-0.13013	0.24847	-0.26234	-0.30457	-0.35866	-0.4079	-0.45242	18.534
892.25	-0.44503	-0.46789	-0.43602	-0.44947	-0.42393	-0.39028	-0.40641	-0.49234	-0.9488	-1.5032	-1.9137	-2.8315	-3.6533	-3.1511	-1.9314	-1.3679	-0.27097	0.44653	0.86427	0.86422	0.62495	0.31484	0.04932	-0.12805	0.25345	-0.26502	-0.30074	-0.35057	-0.39221	-0.45244	18.22
887.77	-0.43377	-0.44286	-0.42119	-0.44166	-0.3912	-0.39863	-0.38832	-0.49653	-0.96922	-1.5277	-1.9793	-2.8724	-3.5367	-3.098	-1.9226	-1.4372	-0.23664	0.49131	0.86781	0.86045	0.60319	0.29764	0.050415	-0.13647	0.24178	-0.28409	-0.30896	-0.33966	-0.37859	-0.43668	17.912
881.8	-0.44011	-0.44018	-0.40175	-0.41503	-0.38531	-0.39399	-0.37716	-0.49818	-1.023	-1.5273	-1.9192	-2.7758	-3.5012	-3.0582	-1.8705	-1.3752	-0.18126	0.51326	0.87619	0.87265	0.59257	0.28885	0.029416	-0.15042	0.22632	-0.27837	-0.2942	-0.34754	-0.36719	-0.43791	17.599
875.93	-0.39172	-0.42272	-0.40099	-0.40503	-0.37547	-0.36891	-0.36662	-0.51625	-1.0499	-1.5457	-1.9119	-2.8034	-3.4305	-2.895	-1.7706	-1.267	-0.1207	0.54106	0.89216	0.86294	0.59828	0.26992	0.019301	-0.15406	0.23521	-0.28109	-0.31314	-0.34987	-0.37141	-0.4095	17.312
870.8	-0.39918	-0.39399	-0.39119	-0.38599	-0.37384	-0.34506	-0.34496	-0.53586	-1.0661	-1.5739	-1.8962	-2.7295	-3.4162	-2.8769	-1.6961	-1.1837	-0.074368	0.56405	0.90248	0.85513	0.58253	0.2633	0.011636	-0.14968	0.2399	-0.28188	-0.30901	-0.32688	-0.34708	-0.41541	17.018
866.42	-0.37093	-0.3737	-0.38008	-0.38364	-0.36124	-0.34868	-0.35661	-0.56486	-1.0858	-1.5672	-1.9067	-2.7796	-3.3643	-2.7853	-1.7047	-1.1349	-0.038165	0.59437	0.90449	0.85945	0.57755	0.24446	0.0021372	-0.16105	0.22619	-0.2686	-0.30885	-0.31798	-0.34262	-0.38142	16.712
864.4	-0.3692	-0.37457	-0.37048	-0.35864	-0.3224	-0.3626	-0.34503	-0.59078	-1.1222	-1.5718	-1.9112	-2.5677	-3.1902	-2.7387	-1.5568	-1.1833	0.0046679	0.61286	0.90747	0.85404	0.56832	0.23768	-0.010919	-0.17384	0.21758	-0.28917	-0.31044	-0.32849	-0.33185	-0.37437	16.362
865.68	-0.34614	-0.36575	-0.35246	-0.32794	-0.32965	-0.31252	-0.32552	-0.64868	-1.1273	-1.5768	-1.8472	-2.5366	-3.2807	-2.6727	-1.5071	-0.98975	0.044843	0.62523	0.90102	0.84259	0.54369	0.22082	-0.030903	-0.19039	0.21643	-0.29134	-0.30054	-0.32557	-0.34203	-0.36237	16.047
867.07	-0.32052	-0.31485	-0.31528	-0.31106	-0.30982	-0.31668	-0.33654	-0.64501	-1.1549	-1.5615	-1.8442	-2.3782	-3.1717	-2.5977	-1.4762	-1.0247	0.086673	0.64884	0.89448	0.83015	0.52963	0.21038	-0.040401	-0.19981	0.20366	-0.2952	-0.30262	-0.30638	-0.31574	-0.35827	15.731
868.45	-0.31397	-0.30364	-0.30607	-0.31486	-0.29102	-0.32363	-0.34919	-0.70082	-1.1632	-1.5681	-1.8025	-2.3834	-3.0717	-2.4524	-1.3888	-0.96839	0.13549	0.67993	0.89729	0.8242	0.51121	0.19084	-0.043803	-0.20214	0.18762	-0.2999	-0.30471	-0.31399	-0.27713	-0.33135	15.383
871.12	-0.28203	-0.29204	-0.2817	-0.28306	-0.29205	-0.29106	-0.33498	-0.73615	-1.1638	-1.5642	-1.8482	-2.34	-3.002	-2.3657	-1.3751	-0.74757	0.16258	0.68539	0.89792	0.80419	0.50439	0.17567	-0.065271	-0.21911	0.19199	-0.30328	-0.30719	-0.31303	-0.2913	-0.33909	15.037
873.37	-0.26672	-0.27818	-0.28357	-0.27891	-0.26926	-0.27826	-0.34968	-0.74991	-1.1675	-1.5429	-1.7905	-2.2619	-2.9514	-2.2105	-1.287	-0.65511	0.20199	0.70431	0.90321	0.79937	0.48563	0.1743	-0.070275	-0.21328	0.19396	-0.29822	-0.30555	-0.29934	-0.28439	-0.30503	14.692
874.97	-0.2688	-0.27604	-0.26923	-0.26135	-0.2506	-0.25	-0.34822	-0.7685	-1.1504	-1.532	-1.8564	-2.1858	-2.7918	-2.1715	-1.1627	-0.67198	0.26611	0.72084	0.89819	0.78142	0.48474	0.15764	-0.083912	-0.23215	0.17719	-0.29596	-0.2897	-0.28512	-0.27595	-0.29401	14.296
876.25	-0.26242	-0.27074	-0.24899	-0.24819	-0.25596	-0.24872	-0.37383	-0.80724	-1.1728	-1.4971	-1.8594	-2.2006	-2.7707	-1.9934	-1.0111	-0.56272	0.2913	0.74133	0.89519	0.78668	0.46489	0.13566	-0.097536	-0.2493	0.17693	-0.29895	-0.30369	-0.2839	-0.27116	-0.27966	13.915
878.28	-0.2456	-0.26441	-0.23636	-0.24252	-0.24108	-0.24446	-0.38111	-0.82181	-1.1918	-1.4972	-1.8312	-2.1776	-2.6619	-1.9888	-1.121	-0.59745	0.33112	0.75364	0.88306	0.76569	0.45079	0.12358	-0.098166	-0.24349	0.17571	-0.31532	-0.29707	-0.28405	-0.26703	-0.28248	13.529
879.24	-0.24619	-0.24053	-0.22922	-0.23377	-0.21893	-0.22026	-0.41649	-0.8425	-1.1913	-1.4766	-1.8043	-2.0588	-2.693	-1.8472	-0.88633	-0.50686	0.3879	0.76589	0.89215	0.76121	0.42254	0.11351	-0.12631	-0.25978	0.15509	-0.30901	-0.29506	-0.29174	-0.2431	-0.25875	13.133
879.34	-0.2257	-0.23318	-0.21114	-0.21337	-0.21605	-0.21655	-0.45874	-0.88385	-1.1911	-1.4864	-1.7735	-2.1302	-2.4626	-1.7076	-0.88622	-0.36292	0.4195	0.78633	0.89204	0.7365	0.40947	0.083688	-0.13571	-0.25365	0.15997	-0.29448	-0.2908	-0.2757	-0.2387	-0.25699	12.771
879.77	-0.21026	-0.20218	-0.18956	-0.1997	-0.1798	-0.22104	-0.46176	-0.90931	-1.1814	-1.4703	-1.7191	-1.9412	-2.4273	-1.6458	-0.78316	-0.29085	0.4808	0.81674	0.87821	0.73432	0.3928	0.07552	-0.1442	-0.26659	0.15173	-0.29434	-0.27883	-0.27397	-0.22109	-0.23172	12.387
878.92	-0.19	-0.18284	-0.20178	-0.19904	-0.17902	-0.22494	-0.49965	-0.9102	-1.195	-1.4708	-1.6854	-1.8804	-2.3871	-1.6997	-0.56911	-0.3181	0.51205	0.82314	0.87152	0.72135	0.37843	0.066556	-0.14434	-0.27557	0.14452	-0.29036	-0.27487	-0.26303	-0.2143	-0.19897	12.024
877.21	-0.18012	-0.19217	-0.2039	-0.18752	-0.18223	-0.21062	-0.53813	-0.94573	-1.1949	-1.4637	-1.6532	-1.92	-2.2636	-1.572	-0.62637	-0.21056	0.54389	0.84626	0.8707	0.70996	0.36439	0.044952	-0.15578	-0.28396	0.14481	-0.29862	-0.27795	-0.2475	-0.1998	-0.20457	11.663
875.82	-0.17869	-0.17859	-0.15761	-0.1597	-0.14717	-0.23498	-0.59125	-0.9637	-1.1768	-1.437	-1.6328	-1.932	-2.1987	-1.487	-0.53364	-0.18381	0.56681	0.84198	0.86787	0.69827	0.34842	0.032325	-0.17407	-0.28091	0.14421	-0.30422	-0.27585	-0.24709	-0.19924	-0.19183	11.316
875.29	-0.16681	-0.16317	-0.14561	-0.14445	-0.14631	-0.21663	-0.62756	-0.98685	-1.1883	-1.447	-1.6127	-1.8253	-2.2	-1.3917	-0.54334	-0.12069	0.59806	0.85281	0.86504	0.70052	0.34427	0.02327	-0.18106	-0.28721	0.14266	-0.283	-0.27177	-0.2392	-0.19409	-0.16668	10.992
874.33	-0.10871	-0.13226	-0.13021	-0.13266	-0.15412	-0.22427	-0.63643	-0.9888	-1.2381	-1.4522	-1.5721	-1.7193	-2.1253	-1.3494	-0.46883	-0.048456	0.63144	0.86407	0.85419	0.67103	0.32022	0.01421	-0.19589	-0.29979	0.14446	-0.30303	-0.25592	-0.23142	-0.15645	-0.15029	10.636
874.65	-0.11552	-0.12322	-0.11633	-0.10958	-0.1665	-0.276	-0.67136	-1.0032	-1.2335	-1.4263	-1.5523	-1.7006	-2.1416	-1.1912	-0.41237	-0.01228	0.64711	0.8722	0.85388	0.67079	0.31139	-0.0030506	-0.20529	-0.29355	0.13373	-0.29692	-0.25328	-0.22892	-0.152	-0.14936	10.346
875.82	-0.10168	-0.11244	-0.10236	-0.11114	-0.16915	-0.29596	-0.71456	-1.0287	-1.241	-1.4271	-1.5224	-1.6894	-1.9848	-1.1371	-0.35558	-0.00324	0.65419	0.86822	0.84264	0.65066	0.29442	-0.01393	-0.21103	-0.30453	0.12863	-0.28454	-0.25803	-0.20772	-0.14125	-0.12913	10.009
877.96	-0.079234	-0.095055	-0.090918	-0.11682	-0.16016	-0.32566	-0.7283	-1.0167	-1.2529	-1.3983	-1.5014	-1.7032	-1.8946	-1.1082	-0.22382	0.11384	0.6702	0.87265	0.82968	0.64634	0.28936	-0.029277	-0.22595	-0.31513	0.1275	-0.29153	-0.26925	-0.22805	-0.12601	-0.12447	9.7251
880.2	-0.072221	-0.076936	-0.082097	-0.097867	-0.18352	-0.37724	-0.74108	-1.0426	-1.268	-1.3983	-1.4938	-1.5289	-1.9919	-1.1141	-0.40045	-0.039155	0.69572	0.87043	0.8192	0.62101	0.2531	-0.022885	-0.22879	-0.31955	0.11494	-0.30782	-0.24324	-0.20829	-0.11869	-0.11723	9.3645
884.04	-0.062582	-0.05961	-0.059506	-0.092377	-0.19313	-0.38933	-0.76941	-1.0467	-1.2625	-1.3904	-1.4673	-1.6113	-1.8222	-0.99659	-0.28728	0.12201	0.69532	0.87036	0.81148	0.61106	0.252	-0.048845	-0.23887	-0.3095	0.12175	-0.30224	-0.25731	-0.20818	-0.10512	-0.10809	9.1047
887.45	-0.045452	-0.04165	-0.045644	-0.10295	-0.21784	-0.40789	-0.7729	-1.0306	-1.2428	-1.3618	-1.4295	-1.5342	-1.849	-0.93233	-0.21216	0.085903	0.71442	0.87072	0.80337	0.606	0.2347	-0.064767	-0.24559	-0.32385	0.11481	-0.29602	-0.24125	-0.21055	-0.096043	-0.092202	8.8199
891.4	-0.011618	-0.031838	-0.045442	-0.11338	-0.24974	-0.41426	-0.78472	-1.0457	-1.2504	-1.3478	-1.3854	-1.4214	-1.6978	-0.87663	-0.16519	0.2718	0.7234	0.8733	0.78825	0.57273	0.22938	-0.057353	-0.24365	-0.32499	0.11591	-0.29218	-0.23352	-0.17647	-0.097343	-0.08067	8.5496
895.34	-0.0098922	0.00025734	-0.036799	-0.10371	-0.2748	-0.44768	-0.80363	-1.0784	-1.231	-1.3463	-1.3596	-1.4591	-1.5648	-0.82142	-0.22864	0.23528	0.73575	0.86762	0.77572	0.55409	0.21644	-0.079278	-0.24594	-0.32014	0.10417	-0.26997	-0.23581	-0.17491	-0.078865	-0.060721	8.2765
900.04	-0.010674	-0.0021298	-0.016447	-0.11146	-0.29289	-0.47502	-0.79785	-1.0635	-1.2311	-1.3198	-1.3394	-1.4428	-1.4401	-0.715	-0.063288	0.25162	0.73879	0.87222	0.76759	0.561	0.20854	-0.085927	-0.26055	-0.31081	0.10682	-0.26773	-0.2255	-0.15836	-0.044255	-0.040914	8.0279
904.19	0.0084391	0.00025482	-0.012191	-0.10517	-0.29988	-0.47821	-0.82424	-1.0754	-1.2198	-1.3023	-1.3026	-1.4361	-1.5163	-0.66936	-0.12654	0.29419	0.75334	0.86185	0.75591	0.55044	0.20083	-0.099589	-0.25519	-0.3187	0.10712	-0.26898	-0.23103	-0.16775	-0.044051	-0.056753	7.809
907.07	0.031547	0.026275	-0.012986	-0.13775	-0.33952	-0.50703	-0.82636	-1.0536	-1.2183	-1.2929	-1.2864	-1.3014	-1.5363	-0.7179	0.063892	0.3717	0.77737	0.85821	0.74052	0.52572	0.17749	-0.098398	-0.26932	-0.32529	0.099655	-0.26978	-0.20327	-0.14162	-0.037973	-0.0094845	7.5401
909.1	0.034774	0.031723	0.00034998	-0.16206	-0.36821	-0.52281	-0.8253	-1.0721	-1.2076	-1.2743	-1.2696	-1.2206	-1.4092	-0.61518	-0.017502	0.24041	0.78924	0.86985	0.74049	0.52014	0.17374	-0.098177	-0.25713	-0.31108	0.098644	-0.27248	-0.1971	-0.13743	-0.023498	-0.0094634	7.3282
909.84	0.076756	0.043489	-0.022086	-0.18326	-0.37895	-0.51349	-0.84349	-1.0896	-1.2018	-1.2654	-1.2437	-1.2369	-1.4163	-0.63151	0.18098	0.39665	0.79029	0.86462	0.72936	0.52235	0.17108	-0.10508	-0.26932	-0.32682	0.10804	-0.24837	-0.20347	-0.11644	-0.010791	0.014017	7.1811
908.67	0.046337	0.051416	-0.029604	-0.19827	-0.38312	-0.53196	-0.85009	-1.1002	-1.2058	-1.2627	-1.2305	-1.2645	-1.4264	-0.57332	0.036678	0.38846	0.78961	0.84767	0.71976	0.50273	0.15367	-0.11833	-0.28541	-0.3205	0.10738	-0.24539	-0.19555	-0.13905	-0.013346	0.0064813	7.0064
906.43	0.095234	0.068903	-0.023837	-0.21852	-0.41915	-0.53417	-0.84509	-1.1071	-1.2144	-1.2719	-1.2103	-1.2676	-1.3141	-0.65924	0.00054819	0.38068	0.80009	0.86335	0.71585	0.4854	0.15658	-0.12037	-0.26452	-0.3196	0.11003	-0.24103	-0.18538	-0.11998	-0.0031917	0.025007	6.8515
902.92	0.10142	0.078678	-0.016394	-0.22268	-0.43097	-0.57748	-0.86819	-1.1114	-1.2223	-1.2725	-1.2336	-1.3161	-1.3525	-0.47515	0.07329	0.34714	0.79636	0.86762	0.72272	0.48551	0.14959	-0.13404	-0.28223	-0.31576	0.10966	-0.25442	-0.19433	-0.10798	0.031739	0.039467	6.6891
897.9	0.097807	0.075133	-0.049323	-0.2555	-0.43804	-0.56899	-0.89613	-1.1286	-1.2365	-1.2734	-1.2396	-1.3235	-1.3517	-0.57167	0.1651	0.45476	0.8008	0.86058	0.71526	0.48912	0.14617	-0.13479	-0.27961	-0.33202	0.10707	-0.2475	-0.20204	-0.10859	0.012204	0.053279	6.5766
894.49	0.10991	0.085017	-0.057119	-0.27149	-0.43971	-0.57658	-0.88596	-1.166	-1.2445	-1.2765	-1.2312	-1.2933	-1.3736	-0.59097	0.092323	0.42997	0.80213	0.86294	0.70811	0.49816	0.14758	-0.12998	-0.279	-0.32729	0.11471	-0.24425	-0.19616	-0.092485	0.014832	0.056039	6.5016
890.97	0.1238	0.096591	-0.064981	-0.30104	-0.45647	-0.58249	-0.89829	-1.1578	-1.2568	-1.2905	-1.2558	-1.2984	-1.3285	-0.56751	-0.017858	0.51154	0.81137	0.86727	0.71008	0.48662	0.1456	-0.13138	-0.27334	-0.33031	0.11516	-0.22082	-0.19193	-0.10627	0.038211	0.05626	6.4366
887.13	0.11927	0.11716	-0.06015	-0.27879	-0.46599	-0.59596	-0.91749	-1.1491	-1.2655	-1.3104	-1.2679	-1.2952	-1.3258	-0.5354	0.10234	0.37115	0.79746	0.8701	0.7198	0.48963	0.13935	-0.13374	-0.27367	-0.32224	0.11242	-0.23276	-0.16764	-0.098802	0.024496	0.067681	6.3415
884.46	0.12556	0.10862	-0.087684	-0.3041	-0.45605	-0.59776	-0.9146	-1.1569	-1.2652	-1.3008	-1.2651	-1.3258	-1.3553	-0.58901	0.15833	0.34545	0.80248	0.87644	0.71947	0.51468	0.15012	-0.12426	-0.27705	-0.32148	0.12007	-0.22075	-0.18915	-0.087965	0.030661	0.063574	6.359
884.14	0.13917	0.1208	-0.076599	-0.31602	-0.47892	-0.61171	-0.90442	-1.1599	-1.2714	-1.3193	-1.2884	-1.2105	-1.449	-0.58055	0.093403	0.36347	0.81414	0.87119	0.72723	0.50942	0.15621	-0.11892	-0.27375	-0.32159	0.11686	-0.2327	-0.16316	-0.084015	0.039376	0.069636	6.3015
883.93	0.13497	0.10869	-0.093724	-0.30006	-0.49229	-0.60819	-0.94428	-1.1679	-1.2775	-1.3223	-1.2754	-1.2465	-1.3476	-0.52868	-0.03658	0.33672	0.81871	0.88254	0.72657	0.49685	0.15366	-0.11355	-0.26871	-0.3104	0.11689	-0.24293	-0.16909	-0.092792	0.038515	0.077419	6.2814
884.04	0.14003	0.11191	-0.097133	-0.28736	-0.49413	-0.59255	-0.94012	-1.1849	-1.279	-1.3177	-1.2847	-1.371	-1.4661	-0.51129	0.12127	0.32772	0.81336	0.86108	0.73565	0.50858	0.15106	-0.11713	-0.27378	-0.3069	0.12744	-0.22679	-0.16402	-0.089598	0.065495	0.082585	6.2689
885.75	0.15161	0.10604	-0.08585	-0.32135	-0.49507	-0.60238	-0.92458	-1.1698	-1.2831	-1.3178	-1.2746	-1.2883	-1.3364	-0.5795	0.046889	0.47887	0.81179	0.87888	0.7334	0.51122	0.17057	-0.12139	-0.26305	-0.30977	0.1207	-0.22297	-0.15867	-0.086247	0.049729	0.088454	6.3215
885.96	0.13889	0.11894	-0.082416	-0.31201	-0.48078	-0.6205	-0.95665	-1.179	-1.2952	-1.3265	-1.2924	-1.288	-1.3868	-0.62259	0.083952	0.38056	0.81596	0.88515	0.73405	0.5111	0.16364	-0.11061	-0.25789	-0.31661	0.11905	-0.22884	-0.15696	-0.07908	0.048849	0.081546	6.2839
886.81	0.15143	0.11963	-0.097682	-0.31171	-0.49636	-0.60895	-0.94525	-1.1701	-1.2816	-1.3395	-1.2997	-1.3667	-1.4784	-0.50106	0.046833	0.36237	0.79426	0.87134	0.74664	0.5097	0.16348	-0.11587	-0.27038	-0.29903	0.12704	-0.22355	-0.14591	-0.083764	0.0462	0.096946	6.314
887.45	0.13612	0.10423	-0.10443	-0.33839	-0.496	-0.6377	-0.95343	-1.1607	-1.298	-1.3278	-1.3035	-1.3923	-1.4774	-0.63018	0.02831	0.28192	0.7902	0.86794	0.72286	0.51656	0.16079	-0.11221	-0.25661	-0.30917	0.13504	-0.21917	-0.16339	-0.086081	0.041831	0.083128	6.4116
886.17	0.13801	0.10438	-0.1097	-0.33467	-0.48727	-0.64044	-0.94109	-1.1847	-1.3246	-1.3387	-1.3243	-1.3232	-1.4288	-0.72619	0.1395	0.27341	0.79658	0.87383	0.72889	0.52907	0.17221	-0.1043	-0.24169	-0.29924	0.12227	-0.21694	-0.15273	-0.087795	0.047102	0.088411	6.4916
885.53	0.14657	0.11172	-0.10124	-0.32733	-0.51125	-0.63268	-0.94823	-1.1718	-1.3214	-1.3701	-1.331	-1.3686	-1.4636	-0.68346	-0.017967	0.28253	0.80326	0.88187	0.74522	0.52583	0.18267	-0.076569	-0.24442	-0.28994	0.13209	-0.22049	-0.15284	-0.064023	0.048874	0.086752	6.5666
885.21	0.14408	0.10772	-0.079923	-0.32492	-0.50198	-0.66491	-0.96392	-1.2005	-1.3252	-1.3706	-1.359	-1.4225	-1.4388	-0.67505	0.074756	0.2737	0.78347	0.88219	0.7613	0.54866	0.19308	-0.078392	-0.22325	-0.27361	0.14674	-0.19009	-0.14954	-0.065635	0.0628	0.11005	6.7166
884.25	0.15017	0.12564	-0.10651	-0.32443	-0.50158	-0.63451	-0.97549	-1.201	-1.3448	-1.3973	-1.3719	-1.4596	-1.5082	-0.74509	-0.036567	0.35449	0.77383	0.88501	0.76546	0.55198	0.22434	-0.057815	-0.20731	-0.25571	0.1599	-0.17928	-0.13794	-0.056954	0.058518	0.09723	6.8565
882.44	0.14369	0.1113	-0.11873	-0.32425	-0.52158	-0.65874	-0.96939	-1.2112	-1.3525	-1.4038	-1.3909	-1.5072	-1.5537	-0.80739	-0.055253	0.34624	0.7798	0.88868	0.77956	0.56311	0.24208	-0.046233	-0.19665	-0.24842	0.16674	-0.17964	-0.15001	-0.058665	0.067359	0.093108	7.0263
880.94	0.14989	0.13829	-0.093183	-0.31463	-0.52911	-0.65067	-1.0003	-1.2219	-1.3772	-1.4413	-1.4439	-1.4919	-1.6499	-0.87834	-0.1392	0.18527	0.76445	0.8874	0.78589	0.57862	0.24336	-0.039999	-0.19357	-0.22536	0.18169	-0.16889	-0.1199	-0.049181	0.088436	0.10106	7.191
880.3	0.1517	0.12132	-0.091534	-0.32842	-0.52284	-0.66678	-1.0124	-1.2426	-1.3923	-1.4667	-1.4717	-1.5019	-1.6256	-0.92249	-0.16727	0.19438	0.75535	0.89177	0.8032	0.60272	0.26693	-0.0075438	-0.17575	-0.21769	0.18346	-0.16135	-0.11661	-0.030035	0.069269	0.094199	7.3781
879.24	0.14677	0.12147	-0.11056	-0.32713	-0.53299	-0.68507	-1.0038	-1.2398	-1.4098	-1.4947	-1.5107	-1.5933	-1.8066	-0.96718	-0.13947	0.2036	0.73868	0.88352	0.8134	0.6144	0.28027	0.00058059	-0.16826	-0.21186	0.19267	-0.15558	-0.09478	-0.046076	0.074605	0.086504	7.6198
879.13	0.13144	0.1101	-0.12606	-0.34754	-0.53877	-0.68332	-1.0072	-1.3142	-1.4523	-1.522	-1.576	-1.5308	-1.8494	-1.0196	-0.27955	0.1047	0.71855	0.88643	0.81349	0.6245	0.28984	0.027685	-0.14174	-0.20055	0.19678	-0.15048	-0.091409	-0.060485	0.069362	0.086518	7.8737
880.2	0.1168	0.10102	-0.12676	-0.34712	-0.54952	-0.67881	-1.0564	-1.3109	-1.4771	-1.5644	-1.6333	-1.7346	-2.0089	-1.0619	-0.24189	0.0057545	0.67377	0.86204	0.82757	0.63832	0.30942	0.031263	-0.14413	-0.19857	0.20959	-0.15541	-0.11072	-0.048422	0.063158	0.075148	8.1522
881.58	0.11407	0.091129	-0.12056	-0.35757	-0.5534	-0.73741	-1.0685	-1.3398	-1.5179	-1.6015	-1.687	-1.8033	-2.0058	-1.3122	-0.33462	0.0057454	0.63764	0.85789	0.81708	0.65459	0.32451	0.048333	-0.1311	-0.18783	0.19704	-0.14666	-0.10296	-0.045952	0.047347	0.073297	8.4156
883.82	0.12311	0.07633	-0.11255	-0.36849	-0.54727	-0.68884	-1.0763	-1.3287	-1.5413	-1.646	-1.7398	-1.8878	-2.2975	-1.3782	-0.65883	-0.0032107	0.58704	0.83064	0.83751	0.66019	0.34785	0.068883	-0.1214	-0.17435	0.22011	-0.15647	-0.09849	-0.043448	0.055062	0.057579	8.743
885.75	0.11607	0.085854	-0.10292	-0.35168	-0.54041	-0.72298	-1.0732	-1.343	-1.5355	-1.6801	-1.7958	-1.9281	-2.2756	-1.4271	-0.53694	-0.19067	0.56483	0.85015	0.85482	0.69949	0.37207	0.090259	-0.080341	-0.161	0.23017	-0.12905	-0.093243	-0.020317	0.041911	0.063482	9.0255
885.96	0.11266	0.098751	-0.095215	-0.36086	-0.54784	-0.71733	-1.0745	-1.3452	-1.5557	-1.7075	-1.8656	-2.0698	-2.3596	-1.5911	-0.57387	-0.26202	0.53153	0.83698	0.86459	0.72014	0.39953	0.10817	-0.064178	-0.13934	0.23336	-0.11887	-0.083998	-0.020314	0.048849	0.083268	9.3175
887.13	0.12096	0.081689	-0.089126	-0.34777	-0.54617	-0.70087	-1.0892	-1.3862	-1.5775	-1.7438	-1.9162	-2.0671	-2.517	-1.7272	-0.65637	-0.32406	0.47419	0.81459	0.87923	0.7463	0.43597	0.14384	-0.036095	-0.12275	0.25734	-0.089988	-0.07216	-0.032976	0.061797	0.078858	9.6683
886.6	0.10497	0.09142	-0.083208	-0.33198	-0.55877	-0.71955	-1.1028	-1.4025	-1.5941	-1.7941	-1.9762	-2.0417	-2.6791	-1.7887	-0.9623	-0.36886	0.45268	0.78915	0.88724	0.74856	0.44397	0.17618	-0.03357	-0.10554	0.26398	-0.096804	-0.052929	-0.027441	0.055759	0.06084	9.9767
886.81	0.098187	0.074461	-0.077222	-0.33611	-0.56429	-0.72029	-1.1162	-1.4013	-1.5732	-1.8402	-2.0506	-2.2631	-2.7377	-1.9006	-0.99909	-0.51144	0.36715	0.78156	0.88785	0.76194	0.46451	0.18689	-0.0038519	-0.087374	0.26715	-0.081569	-0.052078	-0.013948	0.063554	0.072007	10.309
888.31	0.076085	0.067893	-0.083049	-0.35235	-0.53791	-0.72819	-1.1192	-1.4383	-1.6322	-1.8675	-2.0907	-2.3213	-2.9693	-2.1216	-1.0067	-0.65299	0.33521	0.74605	0.89299	0.78683	0.48777	0.20804	0.0088647	-0.079465	0.28692	-0.079744	-0.050318	-0.019467	0.03746	0.052137	10.644
890.65	0.070834	0.051654	-0.10575	-0.32712	-0.55435	-0.73172	-1.1508	-1.4635	-1.659	-1.9268	-2.1787	-2.492	-3.1213	-2.2278	-1.1699	-0.6424	0.27097	0.72197	0.89229	0.78836	0.51303	0.23068	0.022364	-0.060332	0.29342	-0.066912	-0.044346	-0.013885	0.043407	0.024596	10.992
