11771	7	11	91	24	750	1	10	4	1.165	128	4096	10	0	0	0	0	149.12	971.93	1.458e+006	0.11785	0.049434	40.721	0	0	1	0	0	0	13	0	0
955.2	0.11468	0.098677	-0.094392	-0.32908	-0.54327	-0.7095	-1.0772	-1.3727	-1.56	-1.6907	-1.8375	-1.9438	-2.4266	-1.5126	-0.54102	-0.077803	0.56137	0.82652	0.85502	0.69115	0.36478	0.078473	-0.11701	-0.18161	-2.0175	-0.14976	-0.11566	-0.063167	0.030405	0.05417	8.9388
953.71	0.10229	0.09283	-0.069966	-0.33428	-0.52832	-0.7157	-1.0916	-1.3677	-1.5624	-1.7233	-1.8739	-1.9799	-2.2968	-1.5311	-0.63656	-0.17742	0.51685	0.82781	0.85713	0.69391	0.37895	0.082759	-0.1093	-0.18511	-0.25539	-0.14528	-0.12286	-0.031544	0.041748	0.056654	9.1072
951.48	0.10174	0.082526	-0.11065	-0.30997	-0.52077	-0.70717	-1.1002	-1.386	-1.5292	-1.7415	-1.9207	-2.1004	-2.4913	-1.591	-0.72431	-0.21108	0.4872	0.81768	0.87772	0.71324	0.39347	0.10299	-0.086611	-0.15897	-0.046893	-0.15193	-0.12314	-0.071547	0.046698	0.046366	9.2977
952.44	0.087471	0.084694	-0.096254	-0.31671	-0.55803	-0.73365	-1.0945	-1.4046	-1.5898	-1.7881	-1.9735	-2.09	-2.5753	-1.7262	-0.74943	-0.21087	0.47778	0.80824	0.86756	0.72178	0.40508	0.11289	-0.084941	-0.16525	0.0014167	-0.13682	-0.10742	-0.065566	0.045036	0.045519	9.4954
952.22	0.074111	0.06143	-0.083572	-0.31443	-0.53179	-0.73892	-1.1083	-1.3897	-1.5626	-1.7936	-2.0155	-2.14	-2.4893	-1.7909	-0.78408	-0.43512	0.45353	0.78859	0.87472	0.72362	0.41559	0.1271	-0.075475	-0.15644	0.011977	-0.15259	-0.11369	-0.065581	0.019993	0.03111	9.6239
951.91	0.076498	0.050929	-0.07407	-0.31846	-0.54867	-0.74511	-1.0952	-1.4229	-1.6053	-1.8376	-1.9967	-2.1656	-2.7657	-1.8076	-0.85332	-0.3522	0.40578	0.78023	0.88429	0.74239	0.43736	0.13966	-0.062849	-0.15407	0.036126	-0.1306	-0.10436	-0.062647	0.046677	0.039133	9.8435
951.91	0.065474	0.044919	-0.089159	-0.31532	-0.55834	-0.73321	-1.1094	-1.4468	-1.6053	-1.8559	-2.0939	-2.1904	-2.8602	-1.9203	-0.85334	-0.42695	0.39684	0.76989	0.89203	0.74492	0.43896	0.15802	-0.054149	-0.13717	0.05197	-0.13454	-0.10358	-0.067821	0.023235	0.029519	10.051
951.59	0.052108	0.05245	-0.087601	-0.33033	-0.55589	-0.74196	-1.1091	-1.4505	-1.6519	-1.8665	-2.1061	-2.2573	-2.8611	-2.0981	-1.0952	-0.51849	0.35474	0.75893	0.8815	0.74601	0.45033	0.16809	-0.038348	-0.1348	0.064064	-0.12986	-0.10049	-0.060449	0.010303	0.017506	10.248
950.42	0.03719	0.023164	-0.090891	-0.32131	-0.54953	-0.71818	-1.1262	-1.4603	-1.6124	-1.9065	-2.1901	-2.318	-3.0066	-2.0281	-1.0619	-0.56074	0.31532	0.74432	0.88878	0.76633	0.46132	0.18668	-0.032058	-0.12449	0.078502	-0.12607	-0.11312	-0.067187	0.011125	0.011909	10.4
949.46	0.026175	0.017162	-0.088593	-0.30513	-0.54215	-0.74107	-1.1243	-1.4722	-1.6748	-1.9377	-2.202	-2.5442	-3.0412	-2.1835	-1.1408	-0.63626	0.27493	0.72778	0.89744	0.77977	0.47303	0.18604	-0.034469	-0.11009	0.081605	-0.13015	-0.10697	-0.081333	0.0087048	0.0014789	10.622
949.67	0.019068	-0.0024242	-0.080612	-0.27678	-0.56053	-0.72982	-1.1339	-1.4694	-1.6798	-1.9548	-2.1856	-2.5022	-3.2378	-2.2717	-1.2702	-0.74436	0.23824	0.71465	0.89258	0.77875	0.48336	0.19938	-0.0098916	-0.11249	0.086882	-0.12538	-0.1046	-0.06724	0.0014094	-0.0041434	10.813
951.16	0.0056428	-0.00091726	-0.074128	-0.27634	-0.52534	-0.75676	-1.1276	-1.4871	-1.6918	-1.9584	-2.2211	-2.5479	-3.2406	-2.3004	-1.2251	-0.70162	0.2208	0.70404	0.88808	0.79439	0.49704	0.20742	-0.012249	-0.10265	0.096562	-0.11888	-0.089598	-0.069352	0.019207	0.0094953	11.009
950.31	0.0032817	-0.016724	-0.077376	-0.30407	-0.53902	-0.72763	-1.1429	-1.4908	-1.7117	-2.0011	-2.1726	-2.5833	-3.2041	-2.4072	-1.3817	-0.71888	0.18928	0.68912	0.89043	0.7892	0.5023	0.2193	0.0083337	-0.084196	0.10647	-0.11189	-0.10297	-0.076818	-0.0026397	-0.026613	11.208
946.69	-0.0085801	-0.024341	-0.077672	-0.26188	-0.5234	-0.73554	-1.1458	-1.5021	-1.7352	-2.0113	-2.1925	-2.5932	-3.3509	-2.4892	-1.4476	-0.87199	0.14101	0.67008	0.89305	0.79899	0.51067	0.22602	0.0083655	-0.095037	0.10385	-0.12419	-0.098652	-0.083058	-0.014842	-0.02591	11.384
945.52	-0.017311	-0.03118	-0.10256	-0.27089	-0.52051	-0.7296	-1.1381	-1.5144	-1.7567	-2.0381	-2.2636	-2.688	-3.3313	-2.6463	-1.4321	-0.82288	0.10358	0.66136	0.88793	0.8127	0.52582	0.22882	0.021908	-0.083813	0.10625	-0.1085	-0.11213	-0.077952	-0.042532	-0.028362	11.597
944.35	-0.04987	-0.06	-0.093876	-0.26253	-0.51495	-0.72879	-1.1509	-1.5276	-1.7736	-2.0684	-2.2771	-2.7496	-3.4386	-2.7956	-1.5294	-0.96625	0.081608	0.65175	0.90307	0.8188	0.53939	0.2434	0.034691	-0.071747	0.11399	-0.098313	-0.1044	-0.075813	-0.020583	-0.045358	11.766
945.52	-0.041881	-0.047822	-0.10815	-0.27168	-0.50104	-0.71847	-1.1411	-1.5257	-1.7946	-2.0843	-2.3526	-2.7379	-3.5294	-2.7759	-1.6057	-0.97341	0.043083	0.62055	0.88949	0.82118	0.54276	0.25234	0.029075	-0.083002	0.10929	-0.11008	-0.099561	-0.077952	-0.020558	-0.042882	11.973
945.52	-0.081513	-0.064465	-0.10096	-0.23458	-0.49662	-0.71248	-1.1464	-1.512	-1.7946	-2.1028	-2.3677	-2.9044	-3.6642	-2.8083	-1.6057	-1.0738	0.013653	0.62316	0.90429	0.83814	0.55728	0.26998	0.041016	-0.064367	0.11537	-0.095813	-0.1027	-0.081672	-0.047416	-0.062242	12.173
945.63	-0.072787	-0.072022	-0.11534	-0.24876	-0.49302	-0.69186	-1.141	-1.5367	-1.8083	-2.1135	-2.3639	-2.8042	-3.6559	-2.889	-1.7444	-1.0987	-0.007601	0.61007	0.89484	0.83295	0.5677	0.26911	0.042603	-0.06841	0.1351	-0.10214	-0.10505	-0.085384	-0.040086	-0.059009	12.312
946.37	-0.10203	-0.081034	-0.12962	-0.23674	-0.46257	-0.70586	-1.1341	-1.5444	-1.8122	-2.1521	-2.4251	-2.9101	-3.8193	-2.9353	-1.7951	-1.2483	-0.050884	0.57836	0.90581	0.83823	0.57773	0.28485	0.047343	-0.058641	0.12589	-0.10602	-0.09633	-0.086061	-0.048999	-0.06944	12.458
945.52	-0.10846	-0.090185	-0.13214	-0.24326	-0.49042	-0.69622	-1.1442	-1.5313	-1.8293	-2.1558	-2.4593	-2.971	-3.8069	-3.0352	-1.7446	-1.2745	-0.1008	0.55632	0.89883	0.85086	0.5847	0.28931	0.059325	-0.047352	0.12828	-0.10453	-0.11921	-0.083161	-0.049858	-0.062242	12.63
945.63	-0.12034	-0.12119	-0.14412	-0.25586	-0.45851	-0.68844	-1.1395	-1.5408	-1.8515	-2.1706	-2.4661	-3.1788	-3.854	-3.1402	-1.892	-1.266	-0.13022	0.55712	0.89873	0.8533	0.59029	0.29599	0.069667	-0.049775	0.13055	-0.10135	-0.10584	-0.083151	-0.0645	-0.075947	12.837
944.99	-0.12201	-0.11446	-0.16022	-0.24893	-0.44642	-0.67435	-1.1448	-1.5659	-1.8381	-2.2024	-2.4722	-3.081	-3.9914	-3.2477	-1.9367	-1.3672	-0.15157	0.53926	0.90168	0.87	0.60602	0.31553	0.072902	-0.031974	0.14127	-0.10301	-0.098044	-0.10033	-0.0507	-0.08407	12.953
944.03	-0.15944	-0.14185	-0.16358	-0.25313	-0.42826	-0.66475	-1.1361	-1.553	-1.874	-2.213	-2.5362	-3.1341	-3.9558	-3.2834	-1.956	-1.4524	-0.18939	0.51806	0.88621	0.85475	0.59936	0.30827	0.077759	-0.046614	0.14446	-0.1039	-0.096569	-0.092981	-0.080096	-0.093042	13.057
943.29	-0.17308	-0.16471	-0.19577	-0.25254	-0.43392	-0.69272	-1.1211	-1.555	-1.8755	-2.2139	-2.5462	-3.0949	-4.086	-3.2698	-1.9924	-1.5122	-0.19282	0.51847	0.90096	0.87242	0.60226	0.32536	0.085799	-0.043402	0.14305	-0.11908	-0.10452	-0.099766	-0.063845	-0.099583	13.21
942.33	-0.16132	-0.15273	-0.19998	-0.2623	-0.44325	-0.6711	-1.123	-1.5421	-1.8712	-2.2448	-2.5961	-3.1982	-4.2015	-3.4926	-2.1773	-1.5473	-0.24059	0.50506	0.89797	0.8682	0.60854	0.324	0.082692	-0.042632	0.14625	-0.11523	-0.10147	-0.10733	-0.076975	-0.1013	13.329
942.12	-0.21625	-0.18465	-0.20163	-0.25761	-0.4318	-0.66352	-1.1369	-1.5457	-1.8615	-2.2453	-2.5485	-3.3326	-4.1707	-3.3714	-2.0994	-1.5812	-0.26772	0.48252	0.90521	0.86925	0.62082	0.32998	0.084308	-0.036951	0.14857	-0.1065	-0.10386	-0.10362	-0.073725	-0.11752	13.411
941.48	-0.18774	-0.21516	-0.20578	-0.26571	-0.42676	-0.62185	-1.1225	-1.5395	-1.8573	-2.2587	-2.6145	-3.268	-4.1814	-3.4307	-2.1531	-1.4395	-0.28186	0.48198	0.90348	0.8775	0.63177	0.32514	0.099557	-0.036161	0.1479	-0.101	-0.10788	-0.10893	-0.084401	-0.13137	13.539
941.59	-0.23149	-0.21894	-0.21459	-0.26964	-0.43293	-0.6235	-1.1186	-1.5458	-1.8517	-2.2626	-2.5196	-3.3011	-4.2128	-3.4384	-2.2488	-1.5065	-0.28921	0.47495	0.90103	0.87485	0.62603	0.34029	0.088354	-0.025579	0.15018	-0.097009	-0.11181	-0.11116	-0.089294	-0.14594	13.621
942.33	-0.22177	-0.22408	-0.23207	-0.27972	-0.41216	-0.62644	-1.0805	-1.5333	-1.8774	-2.2448	-2.5684	-3.2066	-4.297	-3.5414	-2.1512	-1.5305	-0.28653	0.45803	0.90344	0.88096	0.63444	0.34761	0.082692	-0.028812	0.15311	-0.11363	-0.10542	-0.12525	-0.10229	-0.15149	13.674
942.97	-0.224	-0.23227	-0.22791	-0.28903	-0.39857	-0.58568	-1.0752	-1.5201	-1.8606	-2.2526	-2.5578	-3.4131	-4.1589	-3.4496	-2.1846	-1.4372	-0.30929	0.47164	0.8958	0.87867	0.63644	0.34232	0.1002	-0.026355	0.15224	-0.10402	-0.11086	-0.10875	-0.10222	-0.15219	13.761
942.33	-0.2329	-0.27873	-0.24491	-0.3011	-0.40328	-0.58522	-1.0934	-1.5365	-1.8425	-2.2406	-2.5586	-3.2484	-4.2492	-3.4601	-2.1947	-1.5137	-0.30211	0.45803	0.89797	0.87756	0.63039	0.33749	0.085089	-0.026373	0.15615	-0.10648	-0.12119	-0.12973	-0.095758	-0.1442	13.838
941.69	-0.245	-0.24929	-0.26274	-0.29418	-0.408	-0.61312	-1.0827	-1.5117	-1.8624	-2.232	-2.5541	-3.2338	-4.1566	-3.4787	-2.1788	-1.498	-0.29739	0.46618	0.90092	0.86113	0.62839	0.33519	0.098736	-0.034527	0.15397	-0.11849	-0.11496	-0.1231	-0.10154	-0.14835	13.826
940.63	-0.27874	-0.27999	-0.24214	-0.31117	-0.41202	-0.61553	-1.09	-1.511	-1.8365	-2.2058	-2.5212	-3.3379	-4.0577	-3.5234	-2.0242	-1.4828	-0.29033	0.48154	0.88707	0.88426	0.62991	0.33472	0.098046	-0.052484	0.14193	-0.12181	-0.12851	-0.12399	-0.11884	-0.15338	13.862
940.2	-0.26452	-0.29533	-0.25752	-0.28829	-0.40776	-0.59515	-1.0677	-1.502	-1.8179	-2.2136	-2.5385	-3.2725	-4.1552	-3.5005	-2.1037	-1.4331	-0.27649	0.47914	0.90235	0.87699	0.63182	0.33065	0.087682	-0.028878	0.14505	-0.11469	-0.12936	-0.13975	-0.12217	-0.17454	13.937
940.2	-0.28046	-0.27555	-0.28406	-0.31369	-0.40598	-0.58482	-1.0487	-1.4794	-1.8195	-2.1958	-2.5385	-3.2473	-4.0994	-3.3865	-2.191	-1.5256	-0.27484	0.48438	0.88747	0.86846	0.61965	0.32896	0.081278	-0.047619	0.14887	-0.12346	-0.12699	-0.14649	-0.1369	-0.17941	13.915
940.95	-0.30174	-0.2875	-0.27982	-0.31979	-0.40832	-0.57146	-1.0327	-1.4774	-1.8087	-2.1865	-2.4998	-3.2029	-4.0643	-3.343	-2.0497	-1.5496	-0.27134	0.49272	0.89303	0.878	0.60943	0.32195	0.077214	-0.047582	0.13577	-0.13451	-0.13795	-0.14563	-0.1327	-0.189	13.886
939.35	-0.28949	-0.30245	-0.29961	-0.33622	-0.43841	-0.55692	-1.0215	-1.4694	-1.797	-2.1835	-2.4853	-3.2168	-4.1031	-3.3161	-2.1667	-1.4007	-0.25534	0.49181	0.90317	0.87095	0.62996	0.32757	0.080551	-0.059081	0.15283	-0.12596	-0.1453	-0.14812	-0.13948	-0.18607	13.918
938.61	-0.26497	-0.27526	-0.29018	-0.3174	-0.3924	-0.53495	-0.99561	-1.4665	-1.7658	-2.1725	-2.498	-3.1019	-4.1543	-3.3514	-2.011	-1.4608	-0.24978	0.48258	0.89133	0.87079	0.61583	0.32783	0.072595	-0.055046	0.14759	-0.13964	-0.13987	-0.14899	-0.15107	-0.17403	13.843
939.88	-0.28773	-0.29011	-0.28496	-0.33841	-0.41324	-0.55574	-0.99578	-1.4556	-1.7711	-2.1678	-2.4553	-3.2149	-4.0211	-3.3387	-2.0694	-1.4672	-0.24697	0.51162	0.89639	0.87643	0.60688	0.31893	0.074097	-0.05008	0.13287	-0.13785	-0.1381	-0.13381	-0.14677	-0.16811	13.886
941.27	-0.2881	-0.32387	-0.30382	-0.32206	-0.41441	-0.54461	-1.0042	-1.4317	-1.7701	-2.1596	-2.465	-3.043	-4.0709	-3.2768	-2.1711	-1.5238	-0.24004	0.49604	0.90681	0.86151	0.6149	0.3134	0.060393	-0.055703	0.15023	-0.13685	-0.14106	-0.15828	-0.14492	-0.1946	13.845
939.99	-0.2869	-0.32431	-0.30423	-0.36298	-0.40874	-0.54449	-0.9873	-1.4256	-1.7663	-2.1414	-2.4469	-3.0722	-4.0525	-3.3872	-2.0692	-1.4082	-0.22392	0.50981	0.89472	0.87889	0.61817	0.31129	0.071687	-0.07534	0.13515	-0.15059	-0.15073	-0.15251	-0.16231	-0.20217	13.824
941.37	-0.30877	-0.30712	-0.30298	-0.35135	-0.42947	-0.51962	-0.95621	-1.4017	-1.7396	-2.1231	-2.4201	-3.143	-3.9033	-3.2927	-1.9092	-1.3977	-0.20306	0.50906	0.89888	0.87164	0.60835	0.31421	0.061986	-0.067904	0.12274	-0.14719	-0.15841	-0.16275	-0.15553	-0.17757	13.8
941.59	-0.27766	-0.30477	-0.31014	-0.35999	-0.42227	-0.5195	-0.91726	-1.3901	-1.7307	-2.104	-2.4044	-3.1673	-3.9422	-3.1292	-1.9437	-1.305	-0.19809	0.52203	0.89633	0.87144	0.61388	0.30401	0.060372	-0.071143	0.12729	-0.14795	-0.16074	-0.1672	-0.1653	-0.18806	13.788
942.76	-0.29401	-0.30667	-0.29211	-0.35717	-0.41198	-0.51371	-0.93584	-1.3836	-1.6898	-2.077	-2.3827	-2.8879	-3.8657	-3.1254	-1.8716	-1.2782	-0.14783	0.54053	0.89522	0.8559	0.58561	0.30027	0.037941	-0.074306	0.12256	-0.16208	-0.15423	-0.17296	-0.14714	-0.17973	13.626
941.8	-0.30465	-0.32825	-0.28518	-0.35753	-0.44527	-0.50821	-0.92313	-1.3721	-1.6776	-2.0563	-2.3467	-2.9828	-3.7105	-3.0635	-1.7863	-1.2291	-0.11597	0.56026	0.89769	0.86103	0.59511	0.28623	0.036382	-0.089837	0.11277	-0.15985	-0.17885	-0.17089	-0.16363	-0.18721	13.495
941.8	-0.24895	-0.29559	-0.30927	-0.3813	-0.41151	-0.5022	-0.91325	-1.3495	-1.6861	-2.0276	-2.3351	-2.8658	-3.6787	-2.9984	-1.7689	-1.2207	-0.072472	0.57856	0.89535	0.84656	0.57487	0.27105	0.047573	-0.10529	0.11735	-0.16542	-0.17253	-0.17089	-0.15954	-0.20178	13.394
941.16	-0.32477	-0.30643	-0.32394	-0.35063	-0.40556	-0.49996	-0.89259	-1.3399	-1.6694	-2.0223	-2.2974	-2.8175	-3.721	-3.0655	-1.7439	-1.1544	-0.047883	0.59203	0.90613	0.85735	0.57607	0.27461	0.03161	-0.10292	0.10903	-0.16394	-0.17028	-0.1755	-0.1711	-0.20111	13.287
941.37	-0.29444	-0.23798	-0.29977	-0.35848	-0.41525	-0.48523	-0.88251	-1.3227	-1.6457	-1.983	-2.3201	-2.6831	-3.5848	-2.8289	-1.7523	-1.1961	-0.013383	0.60236	0.90749	0.84694	0.56865	0.26948	0.030001	-0.098829	0.10825	-0.17824	-0.1663	-0.16723	-0.14899	-0.17838	13.176
942.12	-0.26398	-0.27044	-0.28268	-0.36374	-0.40515	-0.48313	-0.89245	-1.3281	-1.639	-1.9781	-2.2004	-2.7979	-3.574	-2.8673	-1.5941	-1.1448	-0.010091	0.60014	0.90443	0.83606	0.5601	0.25241	0.031577	-0.10444	0.1074	-0.17969	-0.17011	-0.19249	-0.16031	-0.19605	13.084
942.23	-0.25599	-0.25447	-0.31474	-0.3344	-0.3909	-0.49424	-0.90373	-1.3481	-1.6256	-1.9829	-2.2501	-2.8645	-3.6054	-2.8995	-1.7594	-1.0188	0.00057392	0.60182	0.89416	0.83426	0.55113	0.25575	0.0012161	-0.12476	0.092904	-0.17171	-0.18034	-0.18575	-0.16029	-0.19441	13.026
943.29	-0.26047	-0.27314	-0.28634	-0.32216	-0.38513	-0.4954	-0.8921	-1.3152	-1.6254	-1.9545	-2.2244	-2.6026	-3.4822	-2.7175	-1.5834	-1.0931	0.038269	0.6255	0.90409	0.83077	0.54809	0.24704	0.0044049	-0.12056	0.09356	-0.19218	-0.18171	-0.18554	-0.15195	-0.17316	12.839
945.1	-0.24174	-0.26202	-0.28659	-0.33496	-0.35341	-0.46363	-0.87752	-1.2925	-1.5983	-1.9138	-2.1846	-2.6809	-3.4121	-2.6313	-1.5022	-0.91528	0.065186	0.63126	0.89066	0.82833	0.53977	0.239	-0.00038113	-0.13411	0.088063	-0.19022	-0.17429	-0.1703	-0.16713	-0.1809	12.686
946.8	-0.21914	-0.22	-0.26132	-0.30205	-0.36515	-0.438	-0.87443	-1.2926	-1.5916	-1.9154	-2.1283	-2.6345	-3.3189	-2.6022	-1.4822	-0.89693	0.083846	0.64139	0.90151	0.8116	0.53397	0.22767	-0.0075363	-0.12577	0.087146	-0.17405	-0.17555	-0.1633	-0.14651	-0.17977	12.557
946.91	-0.22861	-0.22526	-0.2573	-0.29571	-0.33771	-0.46701	-0.87887	-1.3069	-1.5852	-1.885	-2.1618	-2.4762	-3.3739	-2.4968	-1.456	-1.0221	0.12792	0.66212	0.89674	0.81066	0.50733	0.22177	-0.017868	-0.12333	0.09548	-0.18669	-0.17474	-0.17295	-0.13755	-0.18297	12.375
944.89	-0.19896	-0.2053	-0.26985	-0.30661	-0.33046	-0.46716	-0.90649	-1.3194	-1.6033	-1.8974	-2.0872	-2.6731	-3.2066	-2.5021	-1.3548	-0.8318	0.14292	0.66875	0.89009	0.81155	0.50841	0.20291	-0.025875	-0.14387	0.07212	-0.1974	-0.19084	-0.17034	-0.14029	-0.15673	12.268
945.1	-0.21557	-0.22191	-0.23619	-0.28127	-0.3481	-0.45592	-0.91688	-1.3255	-1.5875	-1.881	-2.1214	-2.5809	-3.1821	-2.5178	-1.424	-0.79815	0.16415	0.67816	0.89456	0.79695	0.51072	0.21295	-0.0091419	-0.13492	0.081222	-0.17119	-0.17743	-0.16806	-0.13293	-0.16638	12.127
945.63	-0.16155	-0.18548	-0.22007	-0.26375	-0.30366	-0.45909	-0.91636	-1.3272	-1.5711	-1.8615	-2.1425	-2.5212	-3.2279	-2.3057	-1.3451	-0.76426	0.20166	0.68819	0.91431	0.80074	0.50076	0.20611	-0.030629	-0.13079	0.099405	-0.17506	-0.16398	-0.15755	-0.11251	-0.14531	11.944
946.06	-0.16386	-0.17027	-0.22556	-0.25023	-0.3274	-0.46743	-0.92275	-1.3169	-1.5781	-1.8498	-2.0882	-2.3453	-3.0601	-2.329	-1.3098	-0.72212	0.21709	0.71391	0.88665	0.7919	0.49489	0.1993	-0.036185	-0.14936	0.075826	-0.17973	-0.16312	-0.15971	-0.13117	-0.14283	11.758
944.14	-0.14911	-0.14486	-0.206	-0.24915	-0.32541	-0.52924	-0.96629	-1.3357	-1.5674	-1.8628	-2.0247	-2.5502	-3.1774	-2.2444	-1.1473	-0.62309	0.22736	0.70492	0.89781	0.77822	0.49023	0.17026	-0.039449	-0.15128	0.079784	-0.17692	-0.17447	-0.15557	-0.10861	-0.1205	11.629
942.33	-0.1478	-0.13451	-0.20239	-0.22033	-0.33402	-0.50621	-0.96739	-1.3294	-1.5704	-1.8537	-2.1098	-2.3713	-3.0801	-2.1187	-1.1495	-0.62429	0.26389	0.73067	0.89093	0.78227	0.47175	0.16974	-0.049109	-0.16296	0.065455	-0.18919	-0.17086	-0.15213	-0.10801	-0.13611	11.465
941.91	-0.12798	-0.16191	-0.16556	-0.22043	-0.33151	-0.54081	-0.96327	-1.3421	-1.5572	-1.8157	-2.0277	-2.3139	-2.9065	-2.2091	-0.95826	-0.68333	0.30668	0.7432	0.89681	0.78943	0.45901	0.1656	-0.04114	-0.15734	0.066247	-0.19166	-0.16699	-0.14847	-0.10887	-0.11269	11.24
942.33	-0.11837	-0.11478	-0.18313	-0.22508	-0.33313	-0.57835	-0.97877	-1.3221	-1.5503	-1.82	-2.0893	-2.221	-2.8336	-2.0943	-0.93169	-0.54037	0.31967	0.74635	0.88703	0.78312	0.46042	0.16384	-0.050706	-0.16621	0.067742	-0.18362	-0.18348	-0.14168	-0.10147	-0.094828	11.049
944.99	-0.11725	-0.10386	-0.15222	-0.19918	-0.3809	-0.55445	-0.98813	-1.3473	-1.5421	-1.8199	-2.0336	-2.2064	-2.9287	-1.8452	-1.1028	-0.49702	0.33758	0.75033	0.90402	0.75377	0.45347	0.15077	-0.058529	-0.15763	0.074391	-0.17993	-0.16016	-0.14352	-0.079201	-0.10748	10.879
948.82	-0.080441	-0.075548	-0.13487	-0.20388	-0.37407	-0.57525	-0.97886	-1.3347	-1.5474	-1.7983	-2.0706	-2.2638	-2.8537	-1.9911	-0.91667	-0.54502	0.35822	0.74817	0.87242	0.75241	0.42833	0.14932	-0.086059	-0.18445	0.05441	-0.19185	-0.14933	-0.14516	-0.079692	-0.080515	10.656
949.88	-0.059048	-0.070945	-0.090941	-0.21465	-0.40536	-0.59164	-1.0041	-1.3284	-1.5364	-1.7863	-1.9948	-2.3442	-2.7321	-1.9002	-0.97613	-0.44451	0.3806	0.77671	0.88308	0.73047	0.42946	0.12072	-0.077248	-0.18182	0.05586	-0.18374	-0.16716	-0.12574	-0.073932	-0.061154	10.508
948.93	-0.034624	-0.062727	-0.09661	-0.19442	-0.40401	-0.5965	-0.99458	-1.3441	-1.5241	-1.7738	-1.9542	-2.3714	-2.727	-1.781	-0.88197	-0.26998	0.42253	0.76971	0.88319	0.7329	0.42748	0.13089	-0.086844	-0.17474	0.062729	-0.17682	-0.16967	-0.11623	-0.054545	-0.062822	10.373
947.76	-0.037039	-0.029598	-0.091943	-0.2175	-0.4151	-0.62029	-1.0154	-1.345	-1.5314	-1.7618	-1.9753	-2.1335	-2.6513	-1.7509	-0.83109	-0.45385	0.43202	0.78278	0.86951	0.7135	0.40467	0.11932	-0.093304	-0.18142	0.052956	-0.18653	-0.15969	-0.13122	-0.046493	-0.050829	10.112
948.5	0.0064484	-0.0099682	-0.077524	-0.21339	-0.44477	-0.63602	-1.0237	-1.3367	-1.5202	-1.7487	-1.9338	-2.1816	-2.6176	-1.7656	-0.77851	-0.2701	0.46265	0.80294	0.87582	0.72985	0.40113	0.1008	-0.087675	-0.18936	0.058214	-0.18559	-0.16192	-0.11702	-0.034286	-0.028273	9.9644
948.5	-0.015677	-0.012231	-0.075929	-0.24093	-0.44389	-0.63602	-1.0184	-1.3351	-1.5017	-1.752	-1.9135	-2.0655	-2.6334	-1.6445	-0.84773	-0.26176	0.46183	0.80294	0.87349	0.70618	0.39148	0.094939	-0.10514	-0.19905	0.049884	-0.18717	-0.16348	-0.12073	-0.034286	-0.04516	9.7794
947.54	0.0096199	0.018706	-0.078399	-0.22936	-0.4514	-0.64349	-1.0096	-1.3293	-1.497	-1.711	-1.9074	-2.0509	-2.5174	-1.6461	-0.64936	-0.27037	0.48514	0.80894	0.87748	0.73227	0.39268	0.10174	-0.10603	-0.19359	0.038565	-0.18499	-0.14561	-0.10452	-0.031072	-0.015422	9.5646
946.69	0.034961	0.027033	-0.040138	-0.2603	-0.45888	-0.63552	-1.0271	-1.3136	-1.5293	-1.7025	-1.8745	-2.0777	-2.4326	-1.6315	-0.7193	-0.2539	0.49619	0.82268	0.85648	0.6999	0.3882	0.082533	-0.09977	-0.20752	0.036324	-0.18278	-0.15909	-0.11278	-0.018907	0.0038989	9.3818
945.74	0.044505	0.0437	-0.044974	-0.24163	-0.46996	-0.64044	-1.0297	-1.3334	-1.496	-1.7093	-1.847	-1.9716	-2.443	-1.6007	-0.71136	-0.16219	0.50977	0.82351	0.86825	0.70231	0.37489	0.071697	-0.11818	-0.20044	0.042436	-0.18772	-0.15846	-0.10397	-0.005907	0.00067866	9.1641
946.06	0.046074	0.045196	-0.048956	-0.26127	-0.47246	-0.66333	-1.0248	-1.325	-1.4932	-1.6852	-1.8393	-1.9044	-2.3867	-1.4868	-0.59832	-0.21229	0.5431	0.8215	0.85317	0.69275	0.35622	0.079232	-0.13007	-0.21657	0.032552	-0.22013	-0.13563	-0.10989	-0.0026516	0.0039015	8.9512
949.14	0.065664	0.065396	-0.064726	-0.2502	-0.48062	-0.67055	-1.02	-1.3198	-1.4791	-1.6429	-1.7864	-1.9811	-2.3474	-1.4497	-0.46664	-0.14494	0.55762	0.83007	0.85272	0.67276	0.34622	0.061397	-0.13203	-0.21506	0.017313	-0.18941	-0.15398	-0.092481	0.028166	0.018355	8.8224
952.22	0.073322	0.055419	-0.047843	-0.25723	-0.51158	-0.65563	-1.0257	-1.2924	-1.4782	-1.6367	-1.7594	-1.8838	-2.1115	-1.3806	-0.56858	-0.061448	0.56475	0.83514	0.83062	0.6529	0.33709	0.033669	-0.12923	-0.22321	0.036114	-0.19116	-0.17377	-0.09957	0.0094872	0.019896	8.6463
954.24	0.088875	0.086783	-0.058834	-0.26215	-0.49383	-0.64746	-0.99878	-1.3056	-1.472	-1.5983	-1.7142	-1.7148	-2.3191	-1.2332	-0.47276	-0.10274	0.60243	0.82305	0.83967	0.65656	0.32758	0.047749	-0.15656	-0.22274	0.03152	-0.19311	-0.1477	-0.094934	0.019951	0.051827	8.4404
953.82	0.10384	0.080824	-0.045385	-0.29278	-0.48528	-0.67574	-1.0082	-1.2863	-1.4512	-1.5782	-1.6842	-1.7981	-2.0687	-1.3783	-0.34389	-0.044759	0.62539	0.84923	0.81147	0.64844	0.30694	0.020288	-0.15269	-0.24774	0.0089449	-0.19713	-0.15089	-0.086125	0.0030175	0.036656	8.2889
952.33	0.10873	0.077193	-0.061334	-0.29089	-0.49307	-0.63431	-1.0271	-1.2803	-1.4504	-1.5832	-1.6515	-1.8505	-2.0247	-1.0989	-0.42199	0.11292	0.62962	0.85746	0.82202	0.62925	0.29861	0.0061398	-0.15688	-0.23204	0.013483	-0.1935	-0.16361	-0.089215	0.033728	0.034312	8.1249
950.42	0.10658	0.093152	-0.080549	-0.29619	-0.47645	-0.66454	-1.0051	-1.3005	-1.4333	-1.5479	-1.638	-1.6969	-2.084	-1.1092	-0.22421	-0.019958	0.66911	0.84882	0.82755	0.63811	0.28476	0.012838	-0.18571	-0.2446	0.012	-0.18758	-0.14908	-0.096797	0.029748	0.043208	7.9459
949.99	0.11215	0.10374	-0.065464	-0.30732	-0.50925	-0.65206	-0.99573	-1.2619	-1.4348	-1.5377	-1.6131	-1.6397	-1.9666	-1.2064	-0.30206	0.12152	0.67266	0.86562	0.81551	0.63249	0.28008	-0.0080602	-0.18104	-0.23584	0.014273	-0.1995	-0.15619	-0.090916	0.036242	0.063299	7.7468
949.03	0.11148	0.10987	-0.08465	-0.31628	-0.51241	-0.65357	-1.0058	-1.2712	-1.4277	-1.5384	-1.5908	-1.5916	-1.9449	-1.0462	-0.27642	0.071659	0.70511	0.86736	0.81866	0.62215	0.26911	-0.0047205	-0.18836	-0.25222	-0.0016066	-0.1997	-0.16026	-0.074699	0.036278	0.063363	7.6273
949.46	0.12169	0.11434	-0.085408	-0.29727	-0.50161	-0.66009	-1.0038	-1.2882	-1.4325	-1.5068	-1.5599	-1.5991	-1.8887	-0.92469	-0.21579	0.17157	0.70479	0.86524	0.80899	0.60413	0.25854	-0.020614	-0.21443	-0.25533	-0.003874	-0.20829	-0.15001	-0.09245	0.036262	0.067352	7.4429
950.2	0.12869	0.099196	-0.086933	-0.32531	-0.49417	-0.66043	-1.0098	-1.2712	-1.426	-1.4931	-1.5251	-1.4902	-1.8163	-0.96428	-0.16377	0.18807	0.72539	0.88011	0.80448	0.60788	0.25593	-0.036481	-0.20238	-0.26319	-0.00084772	-0.21681	-0.17179	-0.078308	0.05324	0.080143	7.3282
952.01	0.14025	0.1223	-0.084386	-0.31685	-0.5196	-0.65237	-1.0034	-1.2856	-1.4095	-1.4786	-1.5169	-1.4874	-1.7813	-0.9705	-0.19796	0.10466	0.73944	0.87844	0.79599	0.58146	0.23622	-0.038915	-0.20516	-0.27074	0.0014174	-0.19908	-0.15429	-0.085549	0.044248	0.078386	7.1611
952.44	0.14885	0.12299	-0.095461	-0.30809	-0.51585	-0.65038	-0.99317	-1.281	-1.3881	-1.4545	-1.4747	-1.5198	-1.7963	-0.82528	-0.1203	0.33706	0.74317	0.88322	0.78789	0.57531	0.24572	-0.033061	-0.20823	-0.26821	-9.2053e-005	-0.19899	-0.15969	-0.08625	0.054732	0.063136	7.0663
954.35	0.13284	0.12425	-0.083385	-0.30982	-0.50868	-0.64145	-0.99268	-1.2418	-1.3631	-1.4391	-1.4674	-1.459	-1.667	-0.83165	-0.059855	0.22867	0.7514	0.87284	0.78091	0.56995	0.22445	-0.047143	-0.21255	-0.26526	-0.013638	-0.21037	-0.1508	-0.076493	0.059461	0.084589	6.9165
956.48	0.14274	0.11126	-0.095848	-0.32084	-0.51805	-0.66371	-0.97776	-1.2454	-1.3662	-1.4094	-1.436	-1.6121	-1.6633	-0.89389	-0.042552	0.27777	0.73841	0.86318	0.76454	0.56282	0.21677	-0.067802	-0.22624	-0.29191	-0.016611	-0.21538	-0.1528	-0.07044	0.053695	0.085199	6.7766
954.56	0.14145	0.12422	-0.10871	-0.31601	-0.50594	-0.63791	-0.95874	-1.2232	-1.3483	-1.4105	-1.4221	-1.368	-1.7059	-0.71108	-0.059842	0.29489	0.77795	0.88813	0.77534	0.55135	0.20842	-0.057119	-0.22827	-0.27162	-0.0091202	-0.21425	-0.1461	-0.077952	0.066702	0.098952	6.6341
951.69	0.16078	0.13887	-0.10507	-0.3099	-0.49076	-0.64749	-0.97666	-1.203	-1.3378	-1.3939	-1.3937	-1.43	-1.5929	-0.72933	0.034849	0.32902	0.79329	0.89512	0.76606	0.55133	0.18981	-0.0623	-0.24715	-0.28291	-0.023486	-0.21253	-0.15513	-0.086318	0.062051	0.092839	6.5616
952.01	0.15364	0.10952	-0.10583	-0.33645	-0.50642	-0.65577	-0.9846	-1.2337	-1.3565	-1.3851	-1.3888	-1.4047	-1.5452	-0.76932	0.0089692	0.36213	0.78004	0.88447	0.75884	0.54188	0.19616	-0.084807	-0.23125	-0.30132	-0.022724	-0.2164	-0.15742	-0.07003	0.070922	0.09441	6.4716
954.03	0.15724	0.11529	-0.10402	-0.32557	-0.51148	-0.62554	-0.96077	-1.22	-1.3406	-1.3763	-1.3506	-1.41	-1.4634	-0.62315	-0.051276	0.49397	0.78568	0.88604	0.75646	0.52224	0.19334	-0.089625	-0.24023	-0.29506	-0.027193	-0.19866	-0.17421	-0.083158	0.073998	0.07822	6.4241
954.14	0.15172	0.12952	-0.11114	-0.31224	-0.51406	-0.62293	-0.95317	-1.1999	-1.3198	-1.3612	-1.3487	-1.3191	-1.5339	-0.59899	0.043358	0.36961	0.80665	0.87734	0.7587	0.52555	0.17734	-0.091279	-0.24415	-0.28539	-0.018158	-0.21827	-0.15084	-0.071348	0.068346	0.089404	6.309
953.29	0.15186	0.12213	-0.10965	-0.32269	-0.49081	-0.62603	-0.96527	-1.1874	-1.3156	-1.3433	-1.3217	-1.2377	-1.4645	-0.67989	0.077837	0.35336	0.80332	0.88759	0.73542	0.52433	0.16709	-0.096359	-0.25148	-0.31137	-0.030228	-0.20903	-0.15331	-0.077317	0.054682	0.10629	6.2489
955.1	0.1657	0.13239	-0.10073	-0.3213	-0.51792	-0.63756	-0.9612	-1.2051	-1.3047	-1.3407	-1.2901	-1.3425	-1.3597	-0.49411	0.043315	0.43548	0.79856	0.88677	0.73557	0.50403	0.16757	-0.10782	-0.25257	-0.30436	-0.030923	-0.21413	-0.14291	-0.073488	0.051357	0.090113	6.2064
957.65	0.14882	0.13502	-0.13126	-0.32122	-0.50169	-0.62318	-0.93399	-1.2003	-1.2883	-1.3089	-1.2885	-1.2156	-1.4422	-0.5328	0.19748	0.38477	0.8271	0.87155	0.73899	0.51609	0.16394	-0.1009	-0.2692	-0.30035	-0.037591	-0.23077	-0.13787	-0.084312	0.065683	0.094652	6.1312
958.71	0.15022	0.10951	-0.11218	-0.31542	-0.5055	-0.63262	-0.96503	-1.1744	-1.2891	-1.3133	-1.2747	-1.3374	-1.2921	-0.58813	0.10308	0.42559	0.80764	0.87829	0.71589	0.50297	0.15421	-0.11239	-0.2579	-0.30401	-0.032305	-0.21879	-0.13694	-0.068074	0.076849	0.10171	6.0962
956.48	0.15997	0.10453	-0.11008	-0.3185	-0.50143	-0.64002	-0.95009	-1.1787	-1.2906	-1.318	-1.2804	-1.3899	-1.3186	-0.59752	0.14624	0.33564	0.80791	0.88721	0.73297	0.50247	0.15936	-0.1276	-0.27031	-0.31033	-0.04965	-0.22244	-0.16678	-0.067496	0.060937	0.093173	6.0536
955.41	0.15544	0.12036	-0.12286	-0.32041	-0.50461	-0.61871	-0.94216	-1.1959	-1.2966	-1.3203	-1.2906	-1.169	-1.4142	-0.45385	0.17217	0.36084	0.82823	0.87531	0.73532	0.50051	0.14756	-0.11277	-0.26825	-0.31228	-0.03392	-0.22974	-0.14441	-0.081564	0.073891	0.096469	6.0361
956.37	0.1498	0.12772	-0.12748	-0.32789	-0.51286	-0.62486	-0.94944	-1.1844	-1.2869	-1.309	-1.284	-1.2255	-1.4363	-0.52549	0.13766	0.37701	0.81689	0.86842	0.72226	0.49665	0.14103	-0.1218	-0.27349	-0.31917	-0.042147	-0.23813	-0.15204	-0.080746	0.061748	0.10275	6.0511
957.65	0.1676	0.11784	-0.10678	-0.30408	-0.51305	-0.61558	-0.94519	-1.2035	-1.2784	-1.3089	-1.2595	-1.3553	-1.3404	-0.48479	0.077482	0.45908	0.81903	0.87412	0.72976	0.48092	0.14642	-0.11832	-0.26133	-0.31315	-0.033841	-0.22451	-0.18907	-0.077699	0.059256	0.092262	6.001
958.07	0.15892	0.1275	-0.10437	-0.3242	-0.48924	-0.64318	-0.94029	-1.1847	-1.293	-1.305	-1.2809	-1.2233	-1.2929	-0.52457	0.29165	0.45062	0.82109	0.87802	0.72406	0.5033	0.15034	-0.105	-0.26986	-0.31301	-0.031576	-0.21972	-0.16107	-0.065181	0.062441	0.10257	6.0235
957.97	0.15972	0.12527	-0.12253	-0.32112	-0.50327	-0.63227	-0.93144	-1.1618	-1.2802	-1.306	-1.2854	-1.2974	-1.3322	-0.52463	0.12889	0.41766	0.81231	0.87212	0.71952	0.4975	0.15035	-0.11164	-0.26596	-0.31065	-0.045076	-0.22287	-0.16497	-0.083549	0.061645	0.10417	6.0235
956.27	0.16785	0.11278	-0.12986	-0.32559	-0.51816	-0.6317	-0.96077	-1.1917	-1.2795	-1.31	-1.2719	-1.3737	-1.2954	-0.48548	0.15485	0.45148	0.80567	0.87882	0.72543	0.47575	0.15142	-0.13676	-0.27431	-0.30639	-0.036894	-0.25384	-0.17925	-0.083699	0.056926	0.094788	6.0536
955.31	0.1586	0.12187	-0.12683	-0.30483	-0.50116	-0.612	-0.9213	-1.173	-1.2792	-1.3038	-1.2722	-1.1691	-1.3594	-0.46192	0.051909	0.51816	0.82104	0.884	0.72692	0.49133	0.14678	-0.12277	-0.27695	-0.31311	-0.035427	-0.22428	-0.16232	-0.080835	0.063428	0.085303	6.0786
955.52	0.15543	0.12335	-0.11098	-0.31413	-0.48879	-0.61779	-0.93831	-1.2069	-1.2728	-1.3127	-1.279	-1.2348	-1.3277	-0.49389	0.18075	0.40217	0.8249	0.87435	0.72214	0.49206	0.13797	-0.1269	-0.27846	-0.31385	-0.036172	-0.22109	-0.1615	-0.071982	0.054554	0.10923	6.0611
957.22	0.15672	0.11341	-0.11236	-0.32137	-0.49492	-0.62177	-0.94636	-1.1715	-1.2896	-1.3045	-1.2688	-1.2819	-1.2392	-0.59706	0.086103	0.47581	0.81698	0.87709	0.71316	0.487	0.14888	-0.13497	-0.2701	-0.3349	-0.045111	-0.23088	-0.16122	-0.065975	0.0424	0.097881	6.0636
957.75	0.15585	0.13127	-0.10519	-0.30872	-0.49988	-0.6079	-0.93239	-1.1502	-1.2813	-1.3138	-1.2725	-1.2648	-1.3403	-0.42875	0.068908	0.52508	0.82136	0.8826	0.72738	0.48422	0.14959	-0.12245	-0.26838	-0.30911	-0.035337	-0.24249	-0.17664	-0.078425	0.079336	0.09703	6.1413
958.5	0.15338	0.11028	-0.12404	-0.29602	-0.48815	-0.63107	-0.92346	-1.2087	-1.2681	-1.3069	-1.261	-1.1817	-1.3783	-0.5483	0.13738	0.46693	0.82798	0.87335	0.7245	0.50141	0.15186	-0.10744	-0.27445	-0.30887	-0.031562	-0.23213	-0.14705	-0.070291	0.076866	0.096158	6.1888
958.07	0.14406	0.11331	-0.11936	-0.30628	-0.50234	-0.62122	-0.94253	-1.1942	-1.3007	-1.3233	-1.3116	-1.3054	-1.3868	-0.58053	0.18883	0.26906	0.80576	0.87716	0.7402	0.51083	0.14556	-0.11246	-0.26593	-0.30581	-0.037574	-0.23849	-0.15177	-0.076931	0.05923	0.10655	6.2414
957.86	0.16365	0.12305	-0.096498	-0.3118	-0.50245	-0.61966	-0.94498	-1.1675	-1.2888	-1.341	-1.3119	-1.3961	-1.4497	-0.49268	0.077465	0.54979	0.80271	0.8765	0.73806	0.52099	0.17824	-0.10005	-0.25578	-0.28509	-0.024086	-0.19942	-0.15568	-0.076213	0.07772	0.094631	6.3991
956.37	0.1357	0.12099	-0.11878	-0.31853	-0.49798	-0.65109	-0.95393	-1.1741	-1.319	-1.3522	-1.3535	-1.3324	-1.4441	-0.56553	0.08618	0.31915	0.80558	0.88044	0.75539	0.52096	0.17214	-0.086082	-0.2483	-0.28793	-0.018866	-0.22795	-0.14971	-0.080746	0.077037	0.091587	6.4741
957.01	0.14109	0.1254	-0.089473	-0.3269	-0.50465	-0.6329	-0.96301	-1.2241	-1.3395	-1.3787	-1.3754	-1.4302	-1.4745	-0.70926	0.10327	0.3272	0.79131	0.88157	0.75411	0.5424	0.19274	-0.093496	-0.25443	-0.30215	-0.024857	-0.21291	-0.15349	-0.079957	0.073768	0.097106	6.5891
956.05	0.1428	0.10757	-0.11408	-0.33347	-0.51828	-0.64454	-0.97445	-1.2134	-1.3493	-1.3934	-1.3891	-1.3494	-1.5935	-0.75003	-0.094089	0.38542	0.77512	0.86871	0.75179	0.52449	0.19453	-0.081955	-0.23815	-0.28482	-0.015116	-0.20764	-0.1653	-0.077094	0.062574	0.06529	6.7266
955.84	0.13969	0.11956	-0.12201	-0.31324	-0.51402	-0.63452	-0.9814	-1.2375	-1.3496	-1.3962	-1.407	-1.3414	-1.5782	-0.63799	-0.076928	0.3276	0.78257	0.86547	0.77199	0.53719	0.19378	-0.073663	-0.23427	-0.26485	-0.010611	-0.20926	-0.13191	-0.066806	0.07869	0.093236	6.849
955.52	0.14209	0.11661	-0.095944	-0.32194	-0.50631	-0.66438	-0.98397	-1.249	-1.3684	-1.4183	-1.433	-1.4737	-1.6415	-0.77451	-0.0082515	0.25322	0.75938	0.88294	0.75297	0.54157	0.20182	-0.06787	-0.22253	-0.27696	-0.010615	-0.21011	-0.12651	-0.068301	0.065024	0.076503	6.9489
957.01	0.15597	0.12241	-0.097375	-0.3191	-0.52038	-0.65996	-0.99814	-1.2392	-1.367	-1.4459	-1.4448	-1.496	-1.6546	-0.83734	-0.093995	0.27762	0.75012	0.87556	0.77643	0.55916	0.22542	-0.056144	-0.21668	-0.26373	0.00141	-0.18394	-0.15892	-0.061576	0.074573	0.095511	7.0663
957.86	0.14879	0.11408	-0.10992	-0.3266	-0.5208	-0.66191	-0.98829	-1.2944	-1.3902	-1.4538	-1.4778	-1.5358	-1.7079	-0.78062	-0.068201	0.27737	0.74703	0.85936	0.78497	0.56703	0.23398	-0.043655	-0.21884	-0.25469	0.0014087	-0.19238	-0.1518	-0.07401	0.062456	0.079501	7.2235
958.5	0.13383	0.11625	-0.10669	-0.33807	-0.51346	-0.66484	-1.007	-1.2824	-1.4114	-1.4652	-1.5075	-1.543	-1.6911	-1.0119	-0.10242	0.1452	0.72073	0.87078	0.77677	0.57502	0.23541	-0.043623	-0.20063	-0.26651	-0.0045864	-0.19069	-0.14085	-0.060014	0.051175	0.08104	7.3133
957.75	0.13315	0.11335	-0.10993	-0.33365	-0.52085	-0.65184	-1.0101	-1.2644	-1.4109	-1.4838	-1.5297	-1.6839	-1.7628	-0.98868	-0.14535	0.30217	0.7116	0.87746	0.80736	0.60727	0.27064	-0.020435	-0.19607	-0.24512	0.0044083	-0.19162	-0.14251	-0.062998	0.057642	0.066769	7.4878
956.48	0.13882	0.12023	-0.091895	-0.30445	-0.51805	-0.6561	-1.0196	-1.2954	-1.435	-1.5173	-1.5863	-1.4475	-1.8514	-0.94994	-0.30001	0.062839	0.70608	0.85717	0.81768	0.60892	0.2702	0.012757	-0.17981	-0.22863	0.020934	-0.18718	-0.12328	-0.063819	0.063351	0.083603	7.6248
954.88	0.13826	0.11294	-0.10788	-0.34716	-0.54257	-0.68601	-1.0221	-1.3071	-1.4351	-1.5365	-1.6277	-1.6807	-1.9408	-1.096	-0.26613	0.062944	0.67407	0.86634	0.81288	0.62337	0.27944	0.0069548	-0.17144	-0.23703	0.017209	-0.20083	-0.10948	-0.067609	0.052174	0.070962	7.7791
955.1	0.13038	0.10618	-0.10469	-0.31349	-0.53194	-0.68077	-1.0398	-1.3172	-1.4508	-1.5669	-1.6441	-1.7628	-1.9718	-1.0716	-0.30905	0.087769	0.65126	0.85068	0.8181	0.61904	0.29136	-0.0046905	-0.16746	-0.22896	0.011941	-0.17489	-0.15457	-0.065384	0.063442	0.079731	7.9434
954.46	0.13597	0.1055	-0.088921	-0.31839	-0.5358	-0.66088	-1.0398	-1.2934	-1.4877	-1.5929	-1.6619	-1.6815	-2.0438	-1.1366	-0.49845	0.22037	0.64198	0.85468	0.8279	0.63121	0.31712	0.03359	-0.15811	-0.21306	0.042048	-0.16009	-0.11809	-0.068377	0.048973	0.058208	8.0951
953.82	0.11642	0.09432	-0.085018	-0.32564	-0.51335	-0.69865	-1.0405	-1.3022	-1.5048	-1.6148	-1.7124	-1.7899	-2.0687	-1.2819	-0.41273	-0.011601	0.61567	0.85268	0.81456	0.65013	0.31174	0.033612	-0.15111	-0.22284	0.02551	-0.1767	-0.11661	-0.061047	0.038517	0.064645	8.2641
953.5	0.11803	0.093602	-0.08346	-0.31323	-0.52318	-0.67172	-1.0371	-1.3058	-1.503	-1.6379	-1.75	-1.7657	-2.2345	-1.3788	-0.43869	-0.028182	0.60777	0.84435	0.83955	0.668	0.33184	0.05112	-0.13458	-0.20524	0.036065	-0.16811	-0.12756	-0.069185	0.032074	0.062266	8.4156
954.78	0.10924	0.092727	-0.080181	-0.33235	-0.52335	-0.68269	-1.0589	-1.3375	-1.537	-1.6665	-1.7978	-1.8705	-2.2707	-1.3368	-0.59285	-0.13581	0.57376	0.83291	0.85926	0.6755	0.34577	0.063531	-0.12337	-0.18731	0.048805	-0.15454	-0.1056	-0.060985	0.05218	0.052596	8.5918
956.8	0.084722	0.088046	-0.091864	-0.34256	-0.51	-0.7024	-1.0634	-1.3275	-1.5444	-1.6646	-1.7976	-1.8912	-2.3286	-1.5582	-0.52297	-0.17685	0.55316	0.82772	0.84436	0.70341	0.35461	0.080833	-0.11996	-0.19893	0.037442	-0.155	-0.12479	-0.060857	0.044027	0.051688	8.8001
