12001	7	11	91	25.7	746.75	1	10	10	4.077	128	4096	10	0	0	0	0	521.92	1000.5	1.4653e+006	0.11983	0.16965	41.523	0	0	1	0	0	0	13	0	0
987.25	0.2048	0.14816	-0.10998	-0.29507	-0.43986	-0.54349	-0.80264	-0.93103	-0.94746	-0.86609	-0.64602	-0.31236	-0.10218	0.52939	0.89546	1.0004	0.89479	0.76705	0.49032	0.25758	-0.050664	-0.27523	-0.3496	-0.33587	-1.9105	-0.21878	-0.097701	-0.013997	0.15582	0.16125	4.3308
983.54	0.22158	0.16326	-0.096562	-0.30529	-0.45598	-0.52168	-0.84131	-0.94767	-0.97555	-0.91055	-0.68266	-0.39357	-0.194	0.46128	0.81539	1.1086	0.91389	0.79081	0.53036	0.28546	-0.01751	-0.25446	-0.34097	-0.32234	-0.051939	-0.17846	-0.11091	-0.0068962	0.13371	0.16496	4.7007
979.08	0.20575	0.15597	-0.10009	-0.29143	-0.44268	-0.53563	-0.76113	-0.97138	-1.0128	-0.94391	-0.75792	-0.42752	-0.2944	0.36167	0.77719	0.97641	0.91963	0.83046	0.56739	0.33671	0.013572	-0.21505	-0.31715	-0.31207	0.11655	-0.19535	-0.097757	0.011757	0.13825	0.17273	5.0149
974.3	0.19829	0.15967	-0.10912	-0.30818	-0.47405	-0.58477	-0.83607	-1.0284	-1.0628	-1.0121	-0.83586	-0.53464	-0.41891	0.30839	0.74731	0.98931	0.9289	0.85391	0.5921	0.36634	0.044169	-0.17779	-0.29244	-0.28451	0.16577	-0.16708	-0.077648	-0.0091268	0.12472	0.14852	5.3791
970.15	0.20223	0.15298	-0.11738	-0.31488	-0.48211	-0.56475	-0.94212	-1.0461	-1.111	-1.0639	-0.90183	-0.58561	-0.48252	0.14389	0.68278	0.87127	0.9249	0.86602	0.61969	0.3803	0.064798	-0.17363	-0.28826	-0.30862	0.17463	-0.16934	-0.099423	-0.00046384	0.1189	0.14601	5.7378
966.11	0.17825	0.14918	-0.12726	-0.33319	-0.50665	-0.60899	-0.84982	-1.0968	-1.1504	-1.1169	-0.98132	-0.64507	-0.58537	0.10483	0.71116	0.71942	0.93917	0.89003	0.65888	0.42919	0.087964	-0.1316	-0.26219	-0.26313	0.20509	-0.16384	-0.082919	-0.01066	0.12498	0.14031	6.1137
962.61	0.18669	0.13783	-0.12301	-0.33363	-0.51979	-0.63223	-0.977	-1.1316	-1.1834	-1.1705	-1.06	-0.74555	-0.74322	0.14502	0.60288	0.84525	0.92091	0.90777	0.68883	0.45324	0.1176	-0.12466	-0.25533	-0.25294	0.21778	-0.15821	-0.086309	-0.014353	0.13183	0.14874	6.5041
958.99	0.1741	0.14208	-0.12426	-0.35512	-0.52262	-0.65402	-0.95905	-1.1533	-1.2336	-1.2304	-1.128	-0.88789	-0.832	-0.054167	0.54524	0.80721	0.90504	0.92232	0.71754	0.48672	0.15702	-0.10111	-0.23274	-0.2483	0.22609	-0.15177	-0.075012	-0.02688	0.11146	0.1318	6.9115
954.63	0.17725	0.124	-0.13829	-0.3755	-0.54692	-0.68075	-0.87128	-1.2007	-1.2928	-1.3026	-1.2168	-0.96616	-0.95354	-0.15071	0.44454	0.7612	0.8954	0.93083	0.74783	0.52338	0.19449	-0.061626	-0.20069	-0.21333	0.24292	-0.14697	-0.076134	-0.014475	0.11116	0.12522	7.3108
952.51	0.17057	0.13329	-0.13781	-0.36145	-0.5543	-0.67547	-0.98886	-1.2321	-1.3355	-1.3639	-1.3034	-1.1005	-1.1209	-0.27169	0.32488	0.67159	0.86088	0.93119	0.76187	0.54306	0.21574	-0.047585	-0.19007	-0.22989	0.25327	-0.1591	-0.086444	-0.0071209	0.10333	0.11188	7.7319
950.7	0.1504	0.12	-0.15556	-0.37313	-0.58175	-0.72187	-1.0795	-1.2759	-1.3957	-1.4325	-1.3864	-1.0695	-1.3122	-0.4092	0.23916	0.598	0.84301	0.9226	0.79509	0.57952	0.24664	-0.0067334	-0.16351	-0.186	0.28397	-0.12235	-0.053001	-0.017494	0.097052	0.08562	8.1572
948.78	0.14991	0.098379	-0.13994	-0.4022	-0.58646	-0.71053	-1.096	-1.3225	-1.4308	-1.4856	-1.4752	-1.2791	-1.3386	-0.5473	0.1791	0.58255	0.80886	0.92446	0.80834	0.60012	0.28894	0.018369	-0.14084	-0.17911	0.28151	-0.1068	-0.055458	-0.00047429	0.093192	0.10107	8.6017
947.19	0.14304	0.084953	-0.1306	-0.39184	-0.61041	-0.73138	-1.0911	-1.3624	-1.4888	-1.5552	-1.5682	-1.597	-1.5307	-0.71807	0.075397	0.48335	0.77024	0.92688	0.83225	0.64176	0.31761	0.041044	-0.11723	-0.16566	0.2926	-0.090361	-0.058689	-0.0056733	0.078725	0.070636	9.0379
945.06	0.13068	0.094226	-0.14529	-0.38404	-0.60293	-0.76214	-1.1223	-1.3527	-1.5362	-1.6259	-1.6714	-1.6672	-1.7562	-0.80886	-0.028652	0.40077	0.71308	0.91073	0.86063	0.67799	0.36836	0.079802	-0.079265	-0.12469	0.3267	-0.072324	-0.046243	0.0062247	0.094375	0.097429	9.4979
945.17	0.13542	0.10557	-0.13888	-0.39189	-0.5949	-0.77918	-1.1191	-1.3967	-1.5824	-1.677	-1.7815	-1.6254	-1.9146	-1.0925	-0.15025	0.074472	0.68274	0.91323	0.88625	0.71948	0.378	0.12265	-0.051382	-0.11657	0.33654	-0.07628	-0.019511	0.0099453	0.096805	0.093383	9.9274
946.55	0.12018	0.10163	-0.16423	-0.39211	-0.60994	-0.77377	-1.1643	-1.4356	-1.6163	-1.7467	-1.8677	-1.8891	-2.1414	-1.1799	-0.26277	0.065998	0.61804	0.89109	0.92465	0.74468	0.43627	0.1636	-0.017909	-0.063794	0.36792	-0.040538	-0.021052	0.02108	0.10236	0.077937	10.422
949.21	0.13011	0.11265	-0.11837	-0.39101	-0.6003	-0.77245	-1.1656	-1.4595	-1.668	-1.8063	-1.9679	-1.8589	-2.3249	-1.451	-0.39174	-0.067476	0.55849	0.8687	0.92283	0.78567	0.45996	0.20833	0.0098976	-0.055544	0.38202	-0.037265	-0.0022082	0.035846	0.10369	0.090574	10.855
952.29	0.12575	0.10928	-0.11402	-0.38661	-0.61768	-0.781	-1.1633	-1.446	-1.7032	-1.8588	-2.0516	-2.0017	-2.4591	-1.7118	-0.58871	-0.2001	0.48444	0.85037	0.94073	0.81765	0.50813	0.23852	0.05413	-0.026403	0.39134	-0.016683	0.0040418	0.057155	0.11144	0.08868	11.338
955.8	0.12607	0.11337	-0.10886	-0.37426	-0.5839	-0.78067	-1.1875	-1.5035	-1.6687	-1.916	-2.1523	-2.159	-2.6931	-1.7696	-0.77548	-0.24074	0.39937	0.80603	0.94884	0.83394	0.54616	0.27753	0.077558	0.0081608	0.41095	0.013174	0.035123	0.046639	0.11827	0.084363	11.812
959.1	0.11939	0.098067	-0.099023	-0.36675	-0.60632	-0.79149	-1.1871	-1.5237	-1.7201	-1.9848	-2.2527	-2.2501	-2.8714	-1.9233	-0.97821	-0.42128	0.31256	0.77245	0.9571	0.85281	0.5753	0.31219	0.10868	0.0289	0.44024	0.022505	0.028804	0.056751	0.10503	0.073735	12.268
963.35	0.11808	0.089467	-0.10565	-0.35661	-0.60451	-0.77623	-1.2146	-1.5319	-1.7504	-2.028	-2.3091	-2.5261	-3.0454	-2.2647	-1.025	-0.56716	0.20687	0.73069	0.94217	0.87151	0.60522	0.33638	0.14727	0.057402	0.4547	0.043413	0.032531	0.074758	0.11016	0.088455	12.718
968.24	0.10665	0.096402	-0.083251	-0.35789	-0.59714	-0.8024	-1.2084	-1.5634	-1.7823	-2.0924	-2.3461	-2.5784	-3.301	-2.5065	-1.2996	-0.76029	0.10125	0.6719	0.93817	0.8787	0.62816	0.36586	0.17374	0.068191	0.4613	0.052482	0.062295	0.069293	0.11596	0.082492	13.208
972.38	0.093091	0.081281	-0.096893	-0.351	-0.63848	-0.79482	-1.229	-1.5888	-1.8378	-2.1635	-2.4615	-2.6727	-3.5258	-2.6534	-1.5389	-0.96034	-0.0080916	0.6243	0.94781	0.88815	0.67098	0.41249	0.19622	0.094686	0.47485	0.074609	0.067378	0.065382	0.12021	0.077436	13.648
975.78	0.078942	0.05021	-0.11205	-0.3773	-0.62082	-0.79537	-1.2475	-1.6066	-1.8913	-2.226	-2.5296	-2.9053	-3.7286	-3.0524	-1.6681	-1.0542	-0.14907	0.54641	0.92261	0.90478	0.68349	0.41757	0.21328	0.11006	0.48939	0.069742	0.057246	0.068757	0.086671	0.067785	14.132
977.59	0.048131	0.051582	-0.098697	-0.36821	-0.60855	-0.81128	-1.2803	-1.644	-1.9468	-2.2983	-2.5559	-3.1174	-3.8674	-3.3054	-1.9925	-1.3273	-0.29191	0.47487	0.89152	0.90639	0.69081	0.43224	0.2229	0.12004	0.48628	0.073445	0.062461	0.059994	0.10776	0.058298	14.579
979.71	0.033491	0.025918	-0.10543	-0.37198	-0.61406	-0.85496	-1.2797	-1.6815	-2.0007	-2.3825	-2.7409	-3.2552	-4.2644	-3.5797	-2.1222	-1.5504	-0.43014	0.40179	0.87455	0.92324	0.71189	0.4613	0.25852	0.13699	0.49915	0.080935	0.079009	0.059864	0.087895	0.042601	15.02
981.09	0.015874	0.001093	-0.12454	-0.36841	-0.65243	-0.8455	-1.3122	-1.7	-2.0262	-2.4382	-2.8047	-3.4432	-4.5029	-3.8011	-2.4121	-1.79	-0.57135	0.32342	0.86206	0.91377	0.72877	0.48413	0.26583	0.14226	0.51748	0.086931	0.075867	0.056913	0.061103	0.034767	15.423
982.16	-0.016192	-0.015656	-0.14442	-0.38017	-0.62702	-0.85366	-1.3108	-1.7492	-2.0939	-2.5132	-2.9404	-3.7039	-4.6506	-4.07	-2.6267	-2.0054	-0.71791	0.25119	0.83937	0.91442	0.74507	0.4917	0.29313	0.15927	0.51181	0.086076	0.081082	0.065447	0.058686	0.025409	15.826
982.47	-0.040597	-0.034579	-0.12514	-0.35802	-0.61234	-0.84349	-1.2994	-1.768	-2.1453	-2.5763	-3.0387	-3.7588	-4.9466	-4.4274	-2.8097	-2.2301	-0.86402	0.15754	0.81811	0.92146	0.76578	0.52468	0.29534	0.17013	0.52991	0.10207	0.084081	0.051103	0.043001	0.024625	16.255
981.41	-0.056677	-0.055024	-0.14607	-0.35309	-0.62323	-0.87739	-1.3234	-1.7823	-2.1789	-2.656	-3.1782	-3.7468	-5.1811	-4.6508	-3.1807	-2.3776	-1.024	0.084107	0.79723	0.90612	0.77827	0.54387	0.32864	0.20154	0.54586	0.10981	0.090228	0.078401	0.074411	0.0028914	16.606
980.35	-0.11102	-0.087185	-0.16474	-0.34814	-0.57782	-0.82634	-1.2869	-1.7571	-2.1686	-2.6937	-3.318	-3.8231	-5.4313	-4.9059	-3.3433	-2.727	-1.1923	-0.0053906	0.78156	0.92264	0.78767	0.5396	0.30366	0.1705	0.52081	0.081648	0.078958	0.059107	0.048589	-0.0079976	16.997
978.12	-0.098243	-0.11444	-0.17439	-0.36954	-0.58084	-0.81581	-1.2913	-1.7929	-2.2385	-2.7575	-3.3901	-3.9847	-5.6812	-5.2617	-3.6782	-2.8464	-1.3436	-0.094358	0.74418	0.92557	0.8308	0.58387	0.35745	0.21475	0.57339	0.14773	0.12548	0.070033	0.063649	0.0029011	17.397
975.46	-0.13539	-0.11328	-0.17564	-0.35524	-0.59358	-0.8255	-1.3483	-1.8453	-2.2865	-2.8334	-3.4666	-4.1973	-5.8811	-5.4724	-3.7808	-3.0487	-1.5089	-0.16278	0.72883	0.94124	0.84792	0.6164	0.39546	0.25304	0.58232	0.16657	0.14105	0.093304	0.053566	0.01151	17.72
971.85	-0.17599	-0.15198	-0.19185	-0.3128	-0.57167	-0.81857	-1.3188	-1.8342	-2.2912	-2.8971	-3.5703	-4.3263	-6.1189	-5.7213	-4.1158	-3.2797	-1.668	-0.25291	0.69895	0.93236	0.86833	0.62687	0.39151	0.24688	0.57857	0.12323	0.093408	0.071932	0.041888	-0.0072831	18.076
967.39	-0.17913	-0.17708	-0.21618	-0.32967	-0.57691	-0.83322	-1.3108	-1.8772	-2.3509	-2.9531	-3.685	-4.5009	-6.3485	-6.1199	-4.3384	-3.5563	-1.8323	-0.33214	0.674	0.93003	0.88495	0.6741	0.45401	0.29395	0.61613	0.17416	0.13915	0.099174	0.042877	-0.015201	18.348
961.86	-0.18561	-0.22643	-0.21978	-0.32923	-0.48975	-0.73032	-1.2923	-1.8351	-2.3781	-2.999	-3.7708	-4.6331	-6.6499	-6.3383	-4.5169	-3.7988	-1.9739	-0.41426	0.66026	0.93621	0.8829	0.66311	0.44097	0.26776	0.60399	0.12919	0.10828	0.083652	0.043923	-0.001014	18.599
956.97	-0.22729	-0.28215	-0.25883	-0.36523	-0.5316	-0.74673	-1.3079	-1.8778	-2.4184	-3.0758	-3.8384	-4.7966	-6.8484	-6.6909	-4.7973	-3.9338	-2.1213	-0.48843	0.63515	0.94686	0.90973	0.70551	0.48491	0.32677	0.64386	0.18859	0.14067	0.083344	0.035302	-0.024134	18.878
951.55	-0.23646	-0.28902	-0.26984	-0.37907	-0.51	-0.69656	-1.2311	-1.8717	-2.4299	-3.1183	-3.9902	-4.8322	-7.1001	-6.8417	-4.9713	-4.0892	-2.2438	-0.56109	0.60703	0.93035	0.92453	0.71454	0.46236	0.3069	0.63092	0.16367	0.13444	0.066812	0.045207	-0.025875	19.077
945.59	-0.25301	-0.3105	-0.32271	-0.40987	-0.4964	-0.67527	-1.2707	-1.8835	-2.4514	-3.1556	-4.0207	-5.0208	-7.1527	-7.1036	-5.0808	-4.2153	-2.3757	-0.63407	0.58281	0.93536	0.936	0.71484	0.47164	0.30154	0.62882	0.14171	0.098359	0.059792	0.01294	-0.058301	19.225
939.53	-0.28495	-0.36351	-0.3602	-0.44349	-0.54681	-0.72184	-1.2636	-1.8876	-2.4874	-3.2022	-4.0941	-5.0783	-7.3504	-7.3207	-5.297	-4.5455	-2.5103	-0.71854	0.55756	0.92348	0.92175	0.72622	0.49151	0.32469	0.64817	0.14981	0.12114	0.051192	0.02367	-0.061113	19.333
934.42	-0.32581	-0.40454	-0.42932	-0.48904	-0.54532	-0.6972	-1.1634	-1.8548	-2.4721	-3.2154	-4.1246	-5.1398	-7.543	-7.4755	-5.4929	-4.655	-2.6175	-0.78659	0.53696	0.91223	0.91863	0.71489	0.45956	0.29039	0.61943	0.11774	0.085223	0.019094	-0.010787	-0.082669	19.437
929.84	-0.30968	-0.45807	-0.43143	-0.52194	-0.5876	-0.69977	-1.1676	-1.8084	-2.456	-3.2185	-4.2027	-5.1651	-7.6527	-7.5782	-5.617	-4.7119	-2.6878	-0.82578	0.52296	0.89688	0.92479	0.7073	0.45777	0.27287	0.62402	0.10945	0.064868	0.013892	-0.020772	-0.099482	19.492
924.94	-0.35427	-0.51695	-0.51464	-0.5368	-0.6468	-0.71922	-1.1444	-1.8147	-2.4674	-3.2578	-4.1877	-5.2435	-7.7175	-7.5687	-5.7799	-4.6685	-2.7221	-0.84257	0.51936	0.90077	0.92309	0.71105	0.45368	0.28508	0.62733	0.10031	0.060393	-0.0027687	-0.041681	-0.13959	19.499
921.53	-0.32061	-0.52739	-0.57643	-0.56713	-0.64103	-0.69026	-1.0275	-1.7324	-2.4472	-3.2251	-4.2142	-5.3142	-7.5265	-7.5384	-5.7211	-4.6428	-2.7321	-0.82431	0.51249	0.90236	0.92071	0.68351	0.43494	0.23376	0.60315	0.064086	0.013853	-0.021101	-0.070228	-0.1459	19.49
918.87	-0.38108	-0.53359	-0.61513	-0.68328	-0.71482	-0.77065	-0.98925	-1.7209	-2.4273	-3.2154	-4.1751	-5.0811	-7.6951	-7.5436	-5.6662	-4.7079	-2.6862	-0.82402	0.52119	0.89974	0.91425	0.71315	0.46406	0.27696	0.64241	0.08711	0.048662	-0.02346	-0.073781	-0.14217	19.453
917.17	-0.36544	-0.55486	-0.67562	-0.70733	-0.70794	-0.72267	-0.90999	-1.5908	-2.3307	-3.1296	-4.071	-5.2021	-7.497	-7.4574	-5.5694	-4.5529	-2.6389	-0.77722	0.53742	0.90753	0.90846	0.65731	0.39926	0.20814	0.58331	0.045599	0.0050077	-0.039614	-0.08147	-0.18651	19.381
916.32	-0.35188	-0.54367	-0.72163	-0.73893	-0.75426	-0.73217	-0.91864	-1.5318	-2.2675	-3.0943	-4.0418	-5.1984	-7.3976	-7.4978	-5.467	-4.583	-2.5697	-0.72957	0.5548	0.91887	0.90598	0.67613	0.43167	0.23676	0.61442	0.064451	0.014742	-0.030437	-0.1185	-0.22081	19.266
915.89	-0.30949	-0.54783	-0.84826	-0.79794	-0.73542	-0.78376	-0.84175	-1.482	-2.2271	-3.0194	-3.9739	-5.0547	-7.2947	-7.2671	-5.2903	-4.4902	-2.4966	-0.69586	0.58482	0.93768	0.9139	0.67818	0.43269	0.24775	0.61941	0.0653	0.013127	-0.055032	-0.15468	-0.27671	19.232
915.89	-0.32586	-0.49863	-0.9176	-0.78653	-0.7135	-0.75814	-0.79412	-1.3485	-2.1529	-2.9457	-3.8591	-4.7797	-7.1637	-7.1583	-5.0663	-4.283	-2.3945	-0.64477	0.59206	0.94819	0.91223	0.66604	0.40146	0.19589	0.57001	0.012931	-0.01851	-0.061178	-0.16308	-0.27588	19.088
916.95	-0.38923	-0.55109	-1.0311	-0.82061	-0.81761	-0.80139	-0.85248	-1.3121	-2.0962	-2.8669	-3.8115	-4.7742	-7.0246	-6.9745	-5.0336	-4.2004	-2.3007	-0.58852	0.6227	0.95408	0.90119	0.67653	0.41495	0.23158	0.59911	0.03907	0.0009566	-0.075685	-0.14443	-0.24645	18.963
918.34	-0.46617	-0.63671	-1.0543	-0.83481	-0.74713	-0.74113	-0.79122	-1.1613	-1.9809	-2.7701	-3.7197	-4.6898	-6.7937	-6.8806	-4.874	-4.1252	-2.2046	-0.53669	0.63299	0.9474	0.89152	0.62361	0.36924	0.15031	0.55441	-0.0066905	-0.048398	-0.096257	-0.16768	-0.26518	18.845
921.22	-0.4639	-0.64093	-1.051	-0.86137	-0.77932	-0.79153	-0.81437	-1.1494	-1.901	-2.72	-3.6342	-4.5128	-6.6911	-6.5764	-4.7875	-3.9063	-2.1079	-0.4869	0.64541	0.93661	0.86887	0.62856	0.36237	0.16897	0.5402	-0.027823	-0.070023	-0.14102	-0.22228	-0.34135	18.599
924.41	-0.61553	-0.73544	-1.0653	-0.82933	-0.79925	-0.8028	-0.77828	-1.0387	-1.8099	-2.6195	-3.517	-4.3355	-6.5383	-6.3133	-4.5756	-3.7131	-1.9794	-0.43194	0.66788	0.92904	0.85762	0.59287	0.32529	0.14104	0.5329	-0.052049	-0.098715	-0.19076	-0.28811	-0.44413	18.448
927.07	-0.81263	-0.68626	-1.0346	-0.84949	-0.72114	-0.72106	-0.75599	-0.94232	-1.7046	-2.504	-3.3518	-4.1447	-6.3578	-6.0638	-4.2614	-3.5831	-1.8378	-0.35278	0.68106	0.92897	0.83129	0.57318	0.28944	0.077003	0.49031	-0.11415	-0.1377	-0.22361	-0.35369	-0.5169	18.234
929.84	-0.80779	-0.78575	-1.0266	-0.84214	-0.71179	-0.75373	-0.75066	-0.90032	-1.6234	-2.406	-3.2306	-4.0054	-5.9601	-5.7656	-4.0192	-3.4278	-1.6835	-0.26875	0.71072	0.93482	0.83866	0.59368	0.32339	0.12538	0.5267	-0.067866	-0.1293	-0.23278	-0.36753	-0.51782	17.992
933.78	-0.63825	-0.74184	-0.97855	-0.77706	-0.65861	-0.72021	-0.68162	-0.78836	-1.4875	-2.2564	-3.0792	-3.8958	-5.7022	-5.5116	-3.8265	-3.1594	-1.5399	-0.18938	0.7448	0.94719	0.81879	0.54524	0.26398	0.060041	0.47063	-0.11493	-0.17411	-0.24762	-0.38576	-0.52462	17.755
938.68	-0.62614	-0.67778	-0.88163	-0.76983	-0.7354	-0.69059	-0.69178	-0.75755	-1.3824	-2.1845	-2.9539	-3.6742	-5.4569	-5.2053	-3.7278	-2.907	-1.3894	-0.093078	0.78016	0.94481	0.81777	0.54832	0.28426	0.092373	0.50338	-0.099163	-0.16133	-0.24633	-0.37719	-0.53976	17.507
943.36	-0.58489	-0.66683	-0.83157	-0.74623	-0.68119	-0.6477	-0.62997	-0.72964	-1.292	-2.0423	-2.8233	-3.5142	-5.1041	-4.8871	-3.37	-2.6747	-1.2301	0.0048387	0.80674	0.95627	0.81533	0.52876	0.25652	0.064304	0.47575	-0.10582	-0.1558	-0.23914	-0.36471	-0.49827	17.23
947.4	-0.63145	-0.63454	-0.8001	-0.73911	-0.61999	-0.56464	-0.58274	-0.63355	-1.2263	-1.9607	-2.6702	-3.3413	-4.8766	-4.7369	-3.139	-2.5464	-1.0837	0.087126	0.82818	0.96827	0.79977	0.51225	0.2443	0.035726	0.4434	-0.13464	-0.1818	-0.2396	-0.36884	-0.45831	16.983
950.27	-0.50177	-0.61456	-0.76983	-0.68976	-0.60931	-0.61659	-0.60506	-0.63963	-1.1749	-1.8736	-2.54	-3.091	-4.641	-4.4001	-2.9308	-2.2558	-0.93641	0.15856	0.84351	0.94847	0.77488	0.48562	0.24277	0.038844	0.46246	-0.12792	-0.1664	-0.24554	-0.34749	-0.43927	16.641
952.19	-0.55428	-0.63661	-0.7127	-0.60843	-0.57996	-0.52356	-0.54225	-0.57136	-1.0974	-1.7956	-2.4474	-3.093	-4.4585	-4.1901	-2.7008	-2.0187	-0.80058	0.21772	0.8627	0.93983	0.75169	0.45545	0.1735	-0.022384	0.4027	-0.18985	-0.22849	-0.27756	-0.36699	-0.4512	16.367
953.78	-0.58007	-0.6168	-0.64493	-0.61211	-0.56847	-0.58887	-0.54359	-0.57836	-1.0803	-1.7518	-2.3737	-2.9311	-4.2861	-4.0305	-2.4467	-1.8827	-0.68335	0.28018	0.87284	0.94162	0.73684	0.4322	0.17953	-0.01592	0.40579	-0.17303	-0.22265	-0.28742	-0.38978	-0.47204	16.03
955.91	-0.50038	-0.58176	-0.62847	-0.59514	-0.5602	-0.51983	-0.49749	-0.53974	-1.0328	-1.6889	-2.2655	-2.9822	-4.0727	-3.6769	-2.3812	-1.7296	-0.55891	0.34224	0.884	0.92275	0.70329	0.39717	0.12795	-0.070383	0.37033	-0.23301	-0.26258	-0.31991	-0.40501	-0.50131	15.738
958.25	-0.52419	-0.54451	-0.59695	-0.60069	-0.51168	-0.49745	-0.46791	-0.52733	-1.0303	-1.6359	-2.1661	-2.8517	-3.9142	-3.3561	-2.0327	-1.5769	-0.43655	0.38852	0.88261	0.9046	0.66018	0.36718	0.089927	-0.091796	0.36418	-0.24965	-0.27744	-0.33968	-0.40803	-0.49053	15.397
959.31	-0.51579	-0.52377	-0.59708	-0.56969	-0.54862	-0.50533	-0.47261	-0.5307	-1.0459	-1.6241	-2.1058	-2.7911	-3.5739	-3.1607	-1.885	-1.3856	-0.33373	0.43772	0.87319	0.87351	0.63083	0.31378	0.05138	-0.12364	0.33532	-0.26812	-0.2965	-0.35471	-0.40197	-0.46693	15.065
959.84	-0.48427	-0.4825	-0.58257	-0.56549	-0.51606	-0.46036	-0.45894	-0.5225	-1.0384	-1.5901	-2.0398	-2.724	-3.5641	-2.9195	-1.8241	-1.1377	-0.25865	0.4657	0.86809	0.85298	0.58359	0.27471	0.0074366	-0.16747	0.31344	-0.31092	-0.3211	-0.3743	-0.39373	-0.45237	14.761
959.42	-0.44699	-0.50359	-0.56313	-0.52685	-0.51541	-0.469	-0.44647	-0.51639	-1.0419	-1.5817	-1.9794	-2.6267	-3.3001	-2.9288	-1.6281	-1.0392	-0.16692	0.51296	0.86771	0.82077	0.56636	0.23923	-0.0082533	-0.18431	0.28962	-0.29543	-0.34138	-0.3642	-0.39711	-0.44462	14.449
957.93	-0.47742	-0.51333	-0.53954	-0.47781	-0.47603	-0.45706	-0.43297	-0.52354	-1.0268	-1.5577	-1.8947	-2.5158	-3.2661	-2.6055	-1.5021	-0.90055	-0.071962	0.5506	0.87214	0.81702	0.52504	0.21058	-0.051483	-0.20779	0.27732	-0.3311	-0.35277	-0.38607	-0.39451	-0.47079	14.057
955.8	-0.50122	-0.50025	-0.51068	-0.42891	-0.45171	-0.41744	-0.40999	-0.53185	-1.0444	-1.5096	-1.8241	-2.2908	-2.9597	-2.4349	-1.3852	-0.77846	0.015221	0.60765	0.86714	0.79619	0.51185	0.18528	-0.071287	-0.23471	0.27343	-0.3436	-0.36755	-0.38104	-0.41391	-0.47982	13.747
954.74	-0.47509	-0.49107	-0.46057	-0.40438	-0.40576	-0.39417	-0.37224	-0.53245	-1.0562	-1.4822	-1.8253	-2.2686	-2.8531	-2.3253	-1.1202	-0.72136	0.090533	0.65045	0.87659	0.80296	0.48845	0.15554	-0.083194	-0.25342	0.25192	-0.35497	-0.37652	-0.39473	-0.41518	-0.46357	13.365
954.95	-0.45065	-0.45202	-0.39792	-0.38397	-0.37587	-0.33815	-0.31673	-0.52676	-1.0262	-1.4394	-1.7069	-2.128	-2.7034	-2.06	-1.0426	-0.60527	0.18684	0.69071	0.88257	0.78598	0.46837	0.14469	-0.1013	-0.25979	0.24735	-0.36431	-0.38032	-0.38211	-0.39252	-0.4419	13.014
956.01	-0.39841	-0.39914	-0.36505	-0.35076	-0.35532	-0.32084	-0.31713	-0.54365	-1.0281	-1.4112	-1.6725	-2.0268	-2.5906	-1.9536	-0.85258	-0.47227	0.27072	0.73373	0.88621	0.78176	0.4495	0.12957	-0.12166	-0.26911	0.23205	-0.36782	-0.36436	-0.36991	-0.37116	-0.40072	12.601
956.12	-0.3482	-0.34	-0.32311	-0.32809	-0.31328	-0.26325	-0.28193	-0.54438	-1.0035	-1.3654	-1.6863	-1.9443	-2.4806	-1.769	-0.68078	-0.39778	0.33698	0.76884	0.89228	0.7758	0.43111	0.10214	-0.12873	-0.28511	0.23203	-0.36229	-0.3581	-0.36619	-0.34375	-0.36718	12.239
955.27	-0.3085	-0.31784	-0.27828	-0.26979	-0.26713	-0.24908	-0.24699	-0.57905	-0.99983	-1.335	-1.6447	-1.7153	-2.271	-1.6583	-0.58687	-0.26571	0.42063	0.80132	0.89924	0.75719	0.40993	0.085601	-0.15485	-0.3006	0.21494	-0.36733	-0.35531	-0.3459	-0.31747	-0.32599	11.814
955.48	-0.27549	-0.27809	-0.24894	-0.21897	-0.24255	-0.21515	-0.23646	-0.59482	-0.97132	-1.2906	-1.6021	-1.5584	-2.1998	-1.4174	-0.46647	-0.10013	0.50305	0.83293	0.90906	0.7545	0.39787	0.07145	-0.18082	-0.31096	0.21264	-0.37195	-0.35134	-0.34729	-0.29566	-0.29957	11.401
955.8	-0.22992	-0.21439	-0.21801	-0.2189	-0.20132	-0.1829	-0.23563	-0.60415	-0.96717	-1.2711	-1.5329	-1.5249	-2.0737	-1.2647	-0.43197	0.015719	0.55868	0.8567	0.8972	0.71399	0.373	0.034856	-0.20359	-0.32368	0.20205	-0.36477	-0.35744	-0.33098	-0.27784	-0.27393	10.987
957.72	-0.21381	-0.19903	-0.20732	-0.20366	-0.19043	-0.1724	-0.2135	-0.63387	-0.95075	-1.2511	-1.4684	-1.5055	-1.8504	-1.0781	-0.26825	0.040458	0.60842	0.8747	0.88002	0.69414	0.32606	0.0057568	-0.21891	-0.33343	0.18439	-0.38126	-0.35363	-0.32591	-0.26122	-0.25427	10.57
960.59	-0.18196	-0.20067	-0.18544	-0.19217	-0.1646	-0.13144	-0.24042	-0.67071	-0.9365	-1.2482	-1.3958	-1.4272	-1.8215	-0.93137	-0.23327	0.27082	0.65247	0.88234	0.86129	0.66202	0.30285	-0.033126	-0.24725	-0.36433	0.18833	-0.37856	-0.35566	-0.333	-0.24682	-0.24557	10.169
962.18	-0.18789	-0.18844	-0.18199	-0.18332	-0.14781	-0.12618	-0.23333	-0.6767	-0.96228	-1.1933	-1.334	-1.3022	-1.6471	-0.87409	-0.096401	0.2786	0.68995	0.8894	0.84072	0.64009	0.26589	-0.059489	-0.26952	-0.3924	0.15368	-0.4013	-0.38133	-0.32733	-0.23921	-0.24517	9.6807
964.73	-0.18506	-0.18275	-0.17368	-0.15035	-0.124	-0.1141	-0.27868	-0.71033	-0.93475	-1.1836	-1.2808	-1.2742	-1.5961	-0.67325	0.048499	0.36802	0.72578	0.89046	0.81788	0.60848	0.22328	-0.097209	-0.3086	-0.40327	0.13317	-0.408	-0.37878	-0.33156	-0.22981	-0.23345	9.2433
967.18	-0.1598	-0.15789	-0.14979	-0.12065	-0.10898	-0.10879	-0.30681	-0.71953	-0.96788	-1.1502	-1.2271	-1.1489	-1.3054	-0.63193	0.19266	0.40796	0.74952	0.89075	0.77545	0.56964	0.18171	-0.12817	-0.32183	-0.44027	0.1113	-0.41627	-0.39088	-0.32564	-0.24514	-0.21709	8.7976
969.94	-0.14389	-0.15154	-0.12675	-0.13262	-0.094862	-0.10348	-0.3524	-0.71748	-0.95308	-1.1191	-1.1768	-1.1294	-1.263	-0.40108	0.090561	0.48016	0.7705	0.88568	0.75653	0.5209	0.14424	-0.16794	-0.36049	-0.45955	0.099134	-0.43904	-0.39283	-0.33486	-0.23254	-0.21332	8.3485
973.66	-0.12025	-0.12598	-0.11851	-0.099922	-0.074735	-0.10142	-0.39072	-0.74515	-0.97644	-1.087	-1.0998	-1.0281	-1.1504	-0.44676	0.34312	0.57578	0.80407	0.87808	0.72867	0.49092	0.11235	-0.19912	-0.39468	-0.47825	0.084002	-0.42966	-0.40125	-0.33503	-0.2198	-0.21408	7.8961
976.63	-0.10607	-0.099967	-0.09802	-0.080517	-0.050517	-0.093652	-0.43933	-0.73822	-0.96674	-1.0496	-1.0525	-1.0089	-1.0165	-0.31205	0.4009	0.61452	0.82141	0.87876	0.69704	0.45166	0.069054	-0.23186	-0.40735	-0.49092	0.069774	-0.44217	-0.38786	-0.32608	-0.20416	-0.19077	7.4055
979.39	-0.097349	-0.082889	-0.066864	-0.052098	-0.030723	-0.074383	-0.46	-0.75629	-0.94313	-1.0036	-0.98003	-0.8694	-0.96005	-0.20947	0.55902	0.68544	0.83014	0.85533	0.67025	0.42255	0.043159	-0.25878	-0.43003	-0.50518	0.07031	-0.44169	-0.38676	-0.31439	-0.18551	-0.15208	6.9839
981.84	-0.072681	-0.049172	-0.055919	-0.029169	-0.035761	-0.12118	-0.46468	-0.70724	-0.91326	-0.97928	-0.92193	-0.62673	-0.88896	0.017325	0.54928	0.74011	0.86115	0.84903	0.63707	0.39292	0.017416	-0.26461	-0.45426	-0.51094	0.054774	-0.45204	-0.39791	-0.30644	-0.16781	-0.14393	6.5291
984.49	-0.041275	-0.027971	-0.030425	0.010325	-0.033964	-0.15949	-0.4874	-0.76164	-0.87593	-0.9371	-0.85453	-0.63303	-0.69625	0.11845	0.52278	0.78631	0.87139	0.83507	0.62114	0.35277	-0.012844	-0.29778	-0.47903	-0.51501	0.055355	-0.4394	-0.37646	-0.31062	-0.1525	-0.13192	6.0636
987.78	0.0013514	-0.017739	0.001822	0.020865	-0.055028	-0.16633	-0.52705	-0.79292	-0.85452	-0.90503	-0.77677	-0.66281	-0.57253	0.29643	0.46287	0.98381	0.87866	0.82813	0.58998	0.31182	-0.025156	-0.32333	-0.48429	-0.52028	0.050808	-0.42731	-0.36844	-0.26613	-0.11927	-0.10523	5.6425
989.06	0.0028658	0.0010842	0.037747	0.025366	-0.032961	-0.18821	-0.50685	-0.73662	-0.83644	-0.85889	-0.72561	-0.54257	-0.44298	0.25732	0.68635	0.90259	0.89316	0.81627	0.5639	0.28792	-0.068309	-0.34219	-0.49356	-0.51961	0.041302	-0.40782	-0.36571	-0.27148	-0.080994	-0.09044	5.2159
989.48	0.064215	0.029276	0.059888	0.047226	-0.066773	-0.21839	-0.5182	-0.71712	-0.81172	-0.81276	-0.65137	-0.53439	-0.2307	0.35013	0.68606	1.078	0.88574	0.80182	0.51824	0.25538	-0.082924	-0.36853	-0.49715	-0.53797	0.042011	-0.40764	-0.36255	-0.20666	-0.077849	-0.061111	4.8063
988.53	0.076407	0.077782	0.057651	0.046516	-0.065145	-0.20714	-0.51291	-0.7132	-0.77999	-0.76854	-0.59586	-0.34381	-0.32949	0.35047	0.83618	1.0391	0.8952	0.77602	0.5031	0.23859	-0.1131	-0.39139	-0.51667	-0.54469	0.036965	-0.40577	-0.34937	-0.23177	-0.063911	-0.020276	4.3912
988.53	0.09157	0.082125	0.077537	0.050289	-0.097312	-0.23333	-0.51653	-0.69938	-0.76078	-0.74283	-0.54907	-0.35176	-0.09446	0.51322	0.81127	1.0391	0.8952	0.7536	0.46435	0.20048	-0.1455	-0.41148	-0.53114	-0.55011	0.02534	-0.40425	-0.35688	-0.21113	-0.035109	0.0036417	3.963
989.48	0.099815	0.10084	0.084338	0.026864	-0.14458	-0.26174	-0.52615	-0.6964	-0.74823	-0.7108	-0.5069	-0.17643	-0.064074	0.53594	0.84367	0.95814	0.88262	0.71389	0.41997	0.15734	-0.18236	-0.42071	-0.54736	-0.55423	0.036204	-0.39477	-0.30322	-0.19671	-0.033519	0.023681	3.5899
990.01	0.12777	0.13185	0.095747	0.011774	-0.15887	-0.27876	-0.5237	-0.67915	-0.71685	-0.67111	-0.44633	-0.16043	0.12521	0.58208	0.87638	0.98957	0.86574	0.69526	0.38924	0.12486	-0.21231	-0.46462	-0.55999	-0.56863	0.01587	-0.40667	-0.33008	-0.19305	-0.022619	0.037535	3.1937
988.1	0.13333	0.12776	0.096698	-0.019921	-0.18627	-0.29568	-0.53702	-0.67662	-0.7101	-0.63784	-0.4055	-0.12889	0.14821	0.66851	1.0193	1.0075	0.85412	0.65175	0.34974	0.093458	-0.24205	-0.48079	-0.57707	-0.56663	0.016629	-0.40973	-0.29613	-0.17847	-0.0016345	0.058449	2.8275
984.92	0.13452	0.13616	0.10238	-0.039685	-0.18518	-0.29335	-0.5373	-0.66879	-0.68199	-0.61651	-0.36327	-0.017426	0.20957	0.67067	0.93927	1.0348	0.84276	0.61385	0.31123	0.057943	-0.27304	-0.50251	-0.60263	-0.57858	0.0035567	-0.43465	-0.29935	-0.16476	0.011641	0.058638	2.5242
981.62	0.15329	0.15047	0.092715	-0.074025	-0.22757	-0.3471	-0.54858	-0.7043	-0.71032	-0.60967	-0.34307	-0.0014414	0.18737	0.76657	0.99258	1.0303	0.80306	0.56323	0.26499	0.016482	-0.31436	-0.50581	-0.57168	-0.54696	0.03503	-0.3964	-0.28597	-0.17964	0.0022737	0.067382	2.1803
979.39	0.1567	0.16322	0.062048	-0.063528	-0.22638	-0.295	-0.59291	-0.68884	-0.6754	-0.57538	-0.2992	0.095003	0.21074	0.80743	0.99484	1.0165	0.79621	0.51842	0.23626	-0.014588	-0.33844	-0.52967	-0.61909	-0.5834	0.01091	-0.37894	-0.30787	-0.17359	0.028994	0.07065	1.8285
976.63	0.17633	0.17613	0.042097	-0.10573	-0.24158	-0.33064	-0.56969	-0.67602	-0.65637	-0.56562	-0.26389	0.0066215	0.36482	0.81756	0.98925	0.93836	0.77234	0.49047	0.20224	-0.053212	-0.36438	-0.55639	-0.63626	-0.59839	-0.00082741	-0.38922	-0.30189	-0.15175	0.05429	0.10131	1.5398
974.08	0.19372	0.17586	0.0026234	-0.1558	-0.28516	-0.35892	-0.64167	-0.69182	-0.65584	-0.54916	-0.24214	0.11976	0.28885	0.93767	0.94971	1.0869	0.74579	0.44203	0.16495	-0.096975	-0.38805	-0.59128	-0.64797	-0.58186	0.027191	-0.38331	-0.27369	-0.15575	0.060753	0.11254	1.3245
970.26	0.16977	0.16918	-0.0051571	-0.14642	-0.25869	-0.31446	-0.49972	-0.64602	-0.62605	-0.51939	-0.20843	0.15267	0.49081	0.85451	0.97884	1.026	0.72802	0.42009	0.14131	-0.11223	-0.42338	-0.62963	-0.69009	-0.63785	-0.027481	-0.42422	-0.30311	-0.14187	0.06575	0.11612	1.0534
966.43	0.20378	0.17133	-0.01926	-0.19178	-0.33158	-0.40698	-0.60531	-0.69572	-0.64742	-0.5272	-0.19707	0.2103	0.516	0.92132	0.97421	1.0383	0.7149	0.39627	0.10909	-0.1359	-0.42269	-0.60089	-0.65544	-0.57775	0.014772	-0.33982	-0.24972	-0.12204	0.08751	0.13237	0.85313
962.92	0.19986	0.1571	-0.033462	-0.16768	-0.29021	-0.3135	-0.59934	-0.65173	-0.61792	-0.4953	-0.15413	0.21923	0.49455	0.96445	0.93513	1.1488	0.69343	0.36618	0.090364	-0.16221	-0.44244	-0.64928	-0.69769	-0.64828	-0.025453	-0.42044	-0.29693	-0.12103	0.085431	0.13127	0.66041
959.74	0.20755	0.15389	-0.05563	-0.20711	-0.33738	-0.38284	-0.62369	-0.68713	-0.64053	-0.50025	-0.15377	0.15434	0.55085	0.82397	1.0238	1.0537	0.67076	0.33232	0.056123	-0.18614	-0.46696	-0.64812	-0.67727	-0.6193	-0.0045817	-0.39373	-0.27237	-0.1185	0.0793	0.13965	0.47273
957.5	0.20177	0.14977	-0.077079	-0.22864	-0.36089	-0.42261	-0.62888	-0.71093	-0.65041	-0.50308	-0.13744	0.13827	0.54432	0.84189	1.1462	1.0727	0.6578	0.31767	0.036251	-0.18322	-0.47681	-0.64715	-0.6757	-0.60234	0.0036585	-0.38212	-0.24196	-0.10481	0.10038	0.15591	0.40677
955.7	0.18647	0.15006	-0.060612	-0.183	-0.29591	-0.36244	-0.56122	-0.64077	-0.61649	-0.46247	-0.12274	0.27031	0.60806	0.88355	0.96798	1.083	0.64853	0.31054	0.029382	-0.19615	-0.47612	-0.67746	-0.71478	-0.67643	-0.042178	-0.45499	-0.27274	-0.093966	0.11023	0.17695	0.31036
954.42	0.19457	0.157	-0.076535	-0.25362	-0.38222	-0.435	-0.66463	-0.72039	-0.65863	-0.49222	-0.13876	0.24593	0.61674	0.91684	1.1671	1.0265	0.66073	0.30407	0.030194	-0.18718	-0.47436	-0.62676	-0.65422	-0.57218	0.032265	-0.34488	-0.21628	-0.093355	0.11119	0.18198	0.26977
953.99	0.19309	0.14133	-0.090835	-0.23026	-0.33853	-0.37496	-0.59221	-0.67853	-0.62065	-0.47579	-0.12472	0.18002	0.64058	1.0056	1.073	1.0518	0.64968	0.29302	0.028663	-0.19482	-0.48336	-0.64703	-0.69239	-0.62303	-0.01214	-0.40396	-0.24908	-0.069795	0.12092	0.17487	0.23425
954.74	0.20157	0.14272	-0.10581	-0.24337	-0.37333	-0.42129	-0.63819	-0.7122	-0.63929	-0.4854	-0.13343	0.18814	0.53803	1.0048	1.0721	1.0344	0.64837	0.29537	0.041757	-0.17956	-0.45503	-0.61907	-0.6477	-0.58162	0.026988	-0.36046	-0.21698	-0.085218	0.11921	0.18672	0.26723
956.01	0.22717	0.15524	-0.071664	-0.22587	-0.33869	-0.45205	-0.62238	-0.71045	-0.64073	-0.47811	-0.11566	0.25375	0.52163	0.9554	1.105	1.0578	0.66771	0.307	0.047866	-0.17764	-0.44485	-0.61326	-0.65628	-0.57122	0.026952	-0.34979	-0.21048	-0.061554	0.13193	0.18328	0.27992
958.46	0.21721	0.1735	-0.082524	-0.21128	-0.33608	-0.40446	-0.59094	-0.69121	-0.61318	-0.4802	-0.118	0.29417	0.54377	1.0249	1.1108	1.1129	0.68537	0.32078	0.072339	-0.16129	-0.43098	-0.60009	-0.65147	-0.58016	0.017892	-0.35437	-0.18591	-0.060662	0.13721	0.18281	0.27738
961.12	0.22596	0.17228	-0.082296	-0.23089	-0.3752	-0.47323	-0.62949	-0.71695	-0.63885	-0.50284	-0.1273	0.26059	0.44089	1.03	1.0479	1.0687	0.68428	0.33014	0.079037	-0.13999	-0.40518	-0.56371	-0.59876	-0.51	0.064174	-0.31129	-0.17302	-0.040729	0.15925	0.19817	0.37633
964.63	0.23058	0.17833	-0.074159	-0.20374	-0.33133	-0.40271	-0.57826	-0.66632	-0.60775	-0.46972	-0.12945	0.38204	0.5403	1.0025	1.0441	1.155	0.71224	0.35276	0.091731	-0.1345	-0.40292	-0.58308	-0.63716	-0.56613	0.031925	-0.34745	-0.19011	-0.033287	0.15947	0.2101	0.43721
968.66	0.21569	0.16208	-0.069948	-0.22138	-0.3576	-0.43612	-0.63492	-0.71136	-0.64065	-0.494	-0.14453	0.13668	0.54578	0.99826	1.0736	1.1093	0.70448	0.37502	0.11949	-0.10828	-0.37841	-0.55276	-0.57933	-0.49733	0.06145	-0.29184	-0.15864	-0.029517	0.15404	0.19663	0.54375
973.45	0.23311	0.17304	-0.08669	-0.21953	-0.36014	-0.40904	-0.62666	-0.71489	-0.65401	-0.50463	-0.14987	0.13601	0.52769	1.0485	1.0852	1.2176	0.69467	0.37824	0.11814	-0.10939	-0.37106	-0.55821	-0.58808	-0.52164	0.063362	-0.30272	-0.18228	-0.022868	0.15723	0.19488	0.73903
977.27	0.20459	0.15187	-0.090993	-0.23776	-0.369	-0.45298	-0.64031	-0.71753	-0.67014	-0.52217	-0.18714	0.13547	0.46428	0.95029	1.0978	1.0429	0.70144	0.37844	0.12522	-0.10076	-0.37976	-0.55196	-0.57192	-0.50941	0.053561	-0.33528	-0.19677	-0.042935	0.14875	0.19334	0.84806
980.88	0.19543	0.13964	-0.1053	-0.27416	-0.37959	-0.52145	-0.66202	-0.74818	-0.69597	-0.54778	-0.21646	0.14299	0.43201	0.89212	1.144	1.0633	0.70516	0.40048	0.12776	-0.09058	-0.36825	-0.54264	-0.58362	-0.51066	0.054827	-0.3096	-0.17711	-0.052821	0.13015	0.19807	1.0407
984.81	0.18628	0.14053	-0.11947	-0.28064	-0.38402	-0.47335	-0.65284	-0.7583	-0.71396	-0.57221	-0.26939	0.15842	0.33896	0.80299	1.0477	0.97875	0.72511	0.40555	0.14296	-0.074751	-0.3691	-0.53483	-0.58665	-0.52885	0.054608	-0.34185	-0.19149	-0.055466	0.12416	0.16552	1.2105
988.42	0.17802	0.12121	-0.12209	-0.29094	-0.42664	-0.44951	-0.71196	-0.79702	-0.75569	-0.61915	-0.30073	0.030434	0.37564	0.80781	0.99405	1.0392	0.71151	0.42649	0.15734	-0.0688	-0.34383	-0.52323	-0.5548	-0.49592	0.060949	-0.3224	-0.17952	-0.068077	0.1058	0.1572	1.436
991.92	0.15473	0.10275	-0.15062	-0.30045	-0.42682	-0.49688	-0.71017	-0.80722	-0.77364	-0.64579	-0.33188	0.054119	0.38942	0.75088	0.99054	0.99565	0.72459	0.44815	0.16644	-0.058049	-0.34031	-0.51738	-0.56423	-0.50421	0.051321	-0.32126	-0.19312	-0.062872	0.10853	0.13819	1.6589
994.05	0.15288	0.10901	-0.13585	-0.30281	-0.42759	-0.48767	-0.71153	-0.82689	-0.78668	-0.66359	-0.36078	0.04609	0.18503	0.84947	1.0215	0.96171	0.73315	0.45875	0.20166	-0.025664	-0.3158	-0.48431	-0.54939	-0.49465	0.056991	-0.34169	-0.19869	-0.081139	0.10443	0.14327	1.9171
995.21	0.16852	0.12613	-0.14633	-0.3047	-0.44475	-0.49767	-0.74879	-0.85796	-0.82099	-0.67957	-0.3933	-0.0014218	0.20741	0.73301	1.078	0.97646	0.75248	0.49698	0.22659	-0.0014658	-0.28401	-0.4582	-0.51471	-0.4679	0.078575	-0.2961	-0.17456	-0.073976	0.09735	0.12547	2.1752
996.38	0.16607	0.10875	-0.13401	-0.3036	-0.43835	-0.5044	-0.72135	-0.84324	-0.82076	-0.70907	-0.41478	-0.040926	0.23723	0.79367	0.98611	1.0388	0.78186	0.52523	0.25294	0.025089	-0.25918	-0.4473	-0.52015	-0.47427	0.071274	-0.30629	-0.17063	-0.056236	0.10419	0.14523	2.4281
997.23	0.17419	0.12588	-0.13011	-0.29586	-0.43797	-0.52588	-0.74871	-0.85394	-0.84423	-0.72997	-0.4431	-0.16717	0.18444	0.70847	1.0429	1.0379	0.79747	0.56759	0.29113	0.059639	-0.22072	-0.41984	-0.48121	-0.43622	0.089939	-0.27972	-0.16303	-0.068887	0.10564	0.14893	2.7568
997.55	0.1794	0.11436	-0.12704	-0.30175	-0.43783	-0.51517	-0.77858	-0.87955	-0.86593	-0.75602	-0.48932	-0.18289	0.10925	0.72363	0.91913	1.0851	0.81426	0.59209	0.3287	0.092573	-0.19159	-0.38068	-0.46446	-0.42379	0.11439	-0.27437	-0.14213	-0.029369	0.11486	0.14659	3.0574
997.23	0.1772	0.13879	-0.12101	-0.28688	-0.43378	-0.51939	-0.77238	-0.87069	-0.86327	-0.76741	-0.51983	-0.23821	0.12431	0.63165	0.99351	0.97449	0.8432	0.64249	0.37017	0.14004	-0.15647	-0.3585	-0.42611	-0.40396	0.12811	-0.24215	-0.14143	-0.018796	0.12571	0.17417	3.3654
994.9	0.20398	0.14558	-0.10914	-0.2883	-0.41713	-0.50515	-0.76269	-0.90327	-0.89613	-0.79716	-0.55486	-0.17547	-0.078783	0.65623	1.0288	1.0404	0.86538	0.6902	0.41769	0.18791	-0.11314	-0.31782	-0.40593	-0.37333	0.14502	-0.22011	-0.12458	-0.030861	0.12368	0.15848	3.7135
992.24	0.20679	0.14885	-0.094953	-0.28606	-0.43765	-0.50977	-0.78635	-0.90109	-0.92061	-0.82731	-0.6038	-0.27906	-0.048783	0.56533	0.89096	1.0431	0.88406	0.71686	0.44553	0.21669	-0.091919	-0.30506	-0.3926	-0.37047	0.15047	-0.20862	-0.1324	-0.016761	0.12168	0.15045	4.0134
