20861	6	11	91	22.4	756	2	-0	4	92.954	256	8192	5	0	0	0	0	550.05	1006.9	1.5002e+006	0.11947	0.010837	41.171	0	0	1	0	0	0	13	0	0
1012	0.13771	0.1036	-0.12349	-0.26188	-0.35175	-0.48056	-0.62634	-0.68539	-0.62523	-0.46446	-0.15901	-0.05288	0.39442	0.6312	0.80784	0.77054	0.58276	0.21314	-0.03456	-0.25384	-0.52165	-0.69567	-0.70953	-0.62521	-0.5086	-0.40733	-0.24993	-0.10859	0.11946	0.16493	-0.017675
1011.4	0.17041	0.099417	-0.14748	-0.26056	-0.37679	-0.41045	-0.61542	-0.68582	-0.61262	-0.48047	-0.16743	0.040468	0.30574	0.78309	0.90574	0.88047	0.58466	0.20191	-0.047692	-0.24607	-0.52349	-0.68825	-0.7189	-0.65591	-0.53416	-0.42093	-0.25155	-0.11701	0.12105	0.16202	0.016712
1011.6	0.16444	0.089498	-0.12653	-0.25313	-0.37175	-0.40716	-0.62519	-0.66766	-0.6356	-0.45995	-0.14744	0.11827	0.43904	0.69206	0.80818	0.92718	0.56467	0.20186	-0.037487	-0.2698	-0.52639	-0.7101	-0.73364	-0.62548	-0.50571	-0.40602	-0.24122	-0.10586	0.11799	0.19063	0.021626
1011.4	0.17041	0.093762	-0.12506	-0.25024	-0.36521	-0.46486	-0.61259	-0.70084	-0.62996	-0.47575	-0.16909	-0.00623	0.39467	0.72249	0.92198	0.72412	0.56784	0.20678	-0.054976	-0.254	-0.53103	-0.70082	-0.7189	-0.64985	-0.52353	-0.41648	-0.27359	-0.11005	0.10127	0.14995	-0.0078497
1012	0.15104	0.08522	-0.14142	-0.26483	-0.35175	-0.49815	-0.6221	-0.69439	-0.62956	-0.46761	-0.14738	0.0093352	0.42404	0.7069	0.79161	0.70803	0.56291	0.19529	-0.03456	-0.26493	-0.52467	-0.67997	-0.71845	-0.63884	-0.50578	-0.39697	-0.25433	-0.097468	0.096645	0.16493	0.031452
1012.2	0.16434	0.099334	-0.13392	-0.25592	-0.36656	-0.36693	-0.6149	-0.68375	-0.61788	-0.4628	-0.14901	0.087094	0.37952	0.8127	0.92121	0.91099	0.57042	0.19525	-0.01272	-0.27121	-0.51702	-0.69553	-0.71533	-0.616	-0.5225	-0.4339	-0.25575	-0.12108	0.11791	0.16942	-0.012763
1011.8	0.14663	0.097961	-0.12351	-0.27226	-0.38325	-0.46627	-0.62929	-0.69754	-0.64268	-0.46927	-0.14076	-0.037342	0.42413	0.75248	0.82424	0.72381	0.56913	0.18398	-0.040392	-0.2745	-0.54588	-0.68797	-0.73199	-0.64049	-0.53522	-0.43705	-0.25879	-0.11001	0.10123	0.1529	-0.037324
1012.4	0.1569	0.090836	-0.11447	-0.26177	-0.37144	-0.41801	-0.62325	-0.6926	-0.6394	-0.47055	-0.16725	-0.0062234	0.2166	0.8882	0.8075	0.89518	0.57641	0.18872	-0.059284	-0.27749	-0.54855	-0.6844	-0.7241	-0.6416	-0.51249	-0.40864	-0.27184	-0.12383	0.087484	0.14979	0.02654
1012.7	0.14207	0.076691	-0.15178	-0.27498	-0.3945	-0.541	-0.64572	-0.69996	-0.65369	-0.49085	-0.14895	0.35133	0.46818	0.91828	0.92082	0.92621	0.5885	0.18706	-0.050542	-0.2711	-0.5379	-0.68268	-0.71651	-0.62936	-0.4968	-0.38635	-0.23069	-0.11825	0.092025	0.15278	-0.027499
1011.8	0.16885	0.11917	-0.14294	-0.25898	-0.37663	-0.46786	-0.62647	-0.69304	-0.61092	-0.47084	-0.14409	0.024902	0.33525	0.7979	0.79177	0.89575	0.59816	0.20182	-0.038936	-0.2745	-0.52779	-0.70053	-0.72604	-0.63443	-0.51557	-0.41927	-0.27788	-0.10027	0.11492	0.14386	0.051107
1011.8	0.16589	0.080997	-0.1549	-0.26046	-0.37498	-0.45187	-0.66181	-0.72006	-0.65279	-0.50539	-0.16902	-0.0062274	0.2908	0.75248	0.74311	0.75507	0.57066	0.2002	-0.053496	-0.27291	-0.53684	-0.67698	-0.70224	-0.58597	-0.48231	-0.40149	-0.25879	-0.096098	0.098187	0.14687	0.041279
1012.4	0.16282	0.086599	-0.1324	-0.27061	-0.3764	-0.44519	-0.62184	-0.6866	-0.63218	-0.46427	-0.14068	-0.0062234	0.42386	0.52501	0.85615	0.80144	0.56114	0.20332	-0.050552	-0.26641	-0.53349	-0.67969	-0.72559	-0.63101	-0.49923	-0.39532	-0.25422	-0.080749	0.11181	0.16185	0.12974
1012.2	0.15101	0.10357	-0.14139	-0.26477	-0.37482	-0.37013	-0.66012	-0.70775	-0.64242	-0.48006	-0.17393	0.055978	0.11299	0.73702	0.82389	0.83287	0.58111	0.19363	-0.034553	-0.26013	-0.51401	-0.66884	-0.68558	-0.62357	-0.47864	-0.36134	-0.23079	-0.087717	0.10271	0.1664	0.21824
1013.1	0.17456	0.083719	-0.12037	-0.28812	-0.39433	-0.44172	-0.64545	-0.70416	-0.65053	-0.47652	-0.17213	0.13363	0.39401	0.73641	0.80699	0.83217	0.59131	0.23398	-0.030161	-0.23775	-0.51358	-0.67142	-0.69838	-0.60792	-0.48261	-0.38027	-0.23353	-0.095977	0.10414	0.15422	0.26742
1012.2	0.17026	0.083789	-0.14736	-0.29426	-0.42773	-0.51724	-0.65871	-0.70475	-0.65396	-0.5036	-0.17726	-0.068427	0.33511	0.79757	0.79144	0.86411	0.59333	0.20661	-0.021454	-0.25696	-0.50949	-0.67198	-0.7183	-0.62357	-0.48773	-0.38207	-0.244	-0.096057	0.11335	0.16339	0.34121
1011.4	0.14966	0.089517	-0.11758	-0.2827	-0.40161	-0.56248	-0.67341	-0.72937	-0.67329	-0.5056	-0.20401	0.10274	0.43913	0.85884	0.98691	0.81794	0.61217	0.2506	-0.015646	-0.22705	-0.48729	-0.65527	-0.66532	-0.58773	-0.48778	-0.39277	-0.22511	-0.085008	0.10584	0.14844	0.51348
1011.6	0.11406	0.068287	-0.14895	-0.29002	-0.4098	-0.49196	-0.64498	-0.72021	-0.66737	-0.51649	-0.2289	-0.021782	0.37976	0.6769	0.85687	0.77087	0.6151	0.26191	0.0032915	-0.22542	-0.47663	-0.65984	-0.67857	-0.59367	-0.47252	-0.37491	-0.23975	-0.10029	0.10734	0.14238	0.62183
1011.8	0.13922	0.1022	-0.15041	-0.27963	-0.4246	-0.41028	-0.69574	-0.77559	-0.70477	-0.53522	-0.22387	-0.052891	0.27598	0.75248	0.77556	0.7707	0.62414	0.25861	0.017852	-0.2016	-0.46447	-0.62987	-0.66504	-0.57689	-0.46924	-0.37483	-0.21767	-0.084973	0.078412	0.13632	0.74502
1012.9	0.12872	0.085148	-0.14428	-0.29407	-0.40598	-0.47536	-0.66959	-0.7358	-0.69826	-0.55034	-0.27677	-0.11501	0.098125	0.72143	0.62888	0.67621	0.6418	0.29724	0.039652	-0.20455	-0.4685	-0.63235	-0.67623	-0.59897	-0.50034	-0.40699	-0.24238	-0.09183	0.098084	0.14672	0.89787
1012.9	0.15388	0.11057	-0.15324	-0.30144	-0.44563	-0.56006	-0.70914	-0.79877	-0.74874	-0.58171	-0.28507	-0.037302	0.2461	0.78195	0.87199	0.70743	0.66317	0.32965	0.057106	-0.16181	-0.43537	-0.57431	-0.61678	-0.53544	-0.41971	-0.33004	-0.21304	-0.070991	0.093525	0.13015	1.0558
1013.3	0.15381	0.089348	-0.14721	-0.27333	-0.41407	-0.47517	-0.67073	-0.75347	-0.71527	-0.58931	-0.28661	-0.037287	0.15725	0.75138	0.87162	0.97247	0.69646	0.35382	0.10797	-0.14117	-0.41562	-0.59916	-0.65961	-0.58662	-0.48057	-0.38611	-0.23788	-0.08346	0.1026	0.16171	1.1742
1013.7	0.15079	0.08649	-0.16206	-0.29383	-0.4238	-0.51009	-0.69867	-0.8041	-0.76108	-0.61727	-0.3346	0.11802	0.15718	0.66037	0.79028	0.70684	0.68244	0.38282	0.10066	-0.11422	-0.40792	-0.56443	-0.60141	-0.54104	-0.44086	-0.34603	-0.1938	-0.066767	0.078264	0.14359	1.3619
1013.5	0.16561	0.12038	-0.13226	-0.28211	-0.41894	-0.52777	-0.71152	-0.79977	-0.75548	-0.62838	-0.35624	-0.16153	0.098064	0.5698	0.80665	0.7538	0.73444	0.42178	0.14865	-0.084184	-0.36887	-0.55985	-0.62085	-0.54417	-0.45363	-0.36385	-0.19384	-0.065393	0.12232	0.14813	1.5943
1013.7	0.18332	0.10907	-0.1546	-0.29088	-0.43371	-0.56598	-0.70854	-0.81009	-0.77117	-0.64705	-0.36114	-0.052792	0.21632	0.7964	0.90366	0.97206	0.75107	0.45246	0.18641	-0.049368	-0.33268	-0.52682	-0.57617	-0.52592	-0.42508	-0.3342	-0.20553	-0.079259	0.10863	0.15864	1.7378
1015	0.17718	0.10752	-0.11717	-0.2964	-0.42327	-0.53497	-0.7147	-0.81506	-0.78603	-0.64781	-0.37891	-0.25436	0.15699	0.49349	0.77313	0.89294	0.75774	0.47615	0.19633	-0.024029	-0.33377	-0.51989	-0.57989	-0.50715	-0.43335	-0.3515	-0.17453	-0.040342	0.11607	0.14491	1.921
1014.8	0.19642	0.12446	-0.15593	-0.29058	-0.42666	-0.46012	-0.71767	-0.83019	-0.79915	-0.6636	-0.42042	-0.17684	0.068387	0.68989	0.87035	0.76845	0.78228	0.48434	0.19783	-0.014553	-0.32031	-0.50591	-0.56815	-0.52386	-0.43426	-0.34714	-0.21117	-0.056992	0.091833	0.16448	2.1241
1014.1	0.18324	0.11043	-0.13217	-0.29959	-0.45663	-0.47158	-0.74774	-0.8367	-0.81406	-0.68908	-0.44059	-0.083812	-0.03503	0.61478	0.67666	0.94046	0.77972	0.51378	0.24734	0.0091554	-0.29343	-0.4937	-0.55217	-0.48189	-0.397	-0.31928	-0.18347	-0.076453	0.1101	0.16459	2.3224
1014.4	0.16843	0.10195	-0.13364	-0.27304	-0.43178	-0.49541	-0.71515	-0.83204	-0.81821	-0.71869	-0.47033	-0.37868	0.053633	0.55422	0.77361	0.90908	0.81461	0.52986	0.26327	0.024962	-0.25878	-0.46854	-0.5669	-0.49538	-0.39463	-0.31626	-0.21273	-0.061175	0.094906	0.15402	2.4812
1014.8	0.15359	0.099085	-0.15891	-0.31411	-0.46788	-0.54305	-0.78393	-0.89455	-0.86969	-0.76223	-0.50991	-0.25441	-0.12363	0.59929	0.70858	0.78402	0.8036	0.55229	0.27913	0.034431	-0.26018	-0.45112	-0.55183	-0.48007	-0.39722	-0.31908	-0.17603	-0.087497	0.10245	0.14494	2.6202
1014.8	0.15063	0.08076	-0.15593	-0.3097	-0.44645	-0.50159	-0.76278	-0.88258	-0.85242	-0.77632	-0.54305	-0.363	-0.035008	0.49359	0.75712	0.72169	0.81731	0.56846	0.2922	0.054974	-0.26018	-0.44642	-0.54738	-0.50121	-0.40955	-0.32499	-0.20092	-0.094431	0.082734	0.15697	2.8189
1013.9	0.13893	0.085059	-0.14711	-0.31143	-0.46663	-0.54032	-0.77753	-0.91926	-0.91364	-0.80674	-0.57336	-0.34777	-0.21244	0.50911	0.59584	0.75349	0.81952	0.5997	0.31859	0.067671	-0.23783	-0.44366	-0.53299	-0.48954	-0.41618	-0.33856	-0.19963	-0.107	0.060034	0.11949	2.9382
1013.7	0.13748	0.079434	-0.16206	-0.30855	-0.46177	-0.53564	-0.74665	-0.91196	-0.92104	-0.81631	-0.60169	-0.4876	-0.22726	0.46388	0.95223	0.90965	0.83037	0.61602	0.32302	0.096156	-0.23035	-0.43435	-0.53161	-0.49116	-0.41151	-0.33716	-0.22605	-0.10563	0.072193	0.12403	3.0724
1012.4	0.13617	0.083772	-0.15181	-0.3222	-0.46731	-0.53631	-0.82529	-0.93411	-0.95105	-0.86755	-0.64065	-0.50377	-0.28677	0.55526	0.56427	0.78583	0.83752	0.63463	0.36999	0.1042	-0.21106	-0.42705	-0.5412	-0.47967	-0.41844	-0.35387	-0.21753	-0.10299	0.05404	0.10911	3.2167
1011.6	0.14962	0.095155	-0.14297	-0.30182	-0.48259	-0.56876	-0.85427	-0.96792	-0.97206	-0.89183	-0.67942	-0.36414	-0.45	0.34368	0.62967	0.72396	0.85045	0.65951	0.37467	0.13757	-0.19012	-0.39914	-0.49106	-0.46189	-0.40439	-0.34379	-0.23975	-0.10307	0.075387	0.13635	3.3859
1009.7	0.14842	0.084001	-0.13875	-0.30535	-0.4835	-0.56022	-0.83605	-1.0089	-1.0188	-0.91555	-0.69569	-0.5831	-0.27271	0.32916	0.66339	0.72533	0.86277	0.68677	0.4031	0.1553	-0.16631	-0.33381	-0.45024	-0.396	-0.38201	-0.34592	-0.20782	-0.10745	0.074004	0.11999	3.4755
1009.7	0.1603	0.10384	-0.11179	-0.23883	-0.40394	-0.47686	-0.80913	-0.93967	-0.96812	-0.91555	-0.72567	-0.5675	-0.42115	0.25328	0.82597	0.81931	0.86277	0.68026	0.41186	0.15371	-0.18444	-0.40304	-0.5069	-0.50526	-0.44269	-0.37413	-0.27699	-0.10466	0.06181	0.12301	3.5452
1008.2	0.1531	0.096894	-0.14795	-0.33096	-0.47924	-0.56586	-0.82025	-0.99829	-1.0318	-0.94999	-0.74009	-0.59956	-0.39205	0.22325	0.63179	0.80481	0.85484	0.70406	0.43146	0.17461	-0.14235	-0.35321	-0.44493	-0.4133	-0.34744	-0.28845	-0.20665	-0.11179	0.090906	0.1247	3.6897
1007.1	0.14731	0.091315	-0.12709	-0.29723	-0.41826	-0.53753	-0.8268	-0.92696	-0.97636	-0.91944	-0.7392	-0.67835	-0.31805	0.10178	0.51835	0.94699	0.85728	0.72763	0.43777	0.18435	-0.14552	-0.38198	-0.50818	-0.49132	-0.43742	-0.36615	-0.22753	-0.11191	0.086416	0.1112	3.7296
1006.5	0.14293	0.08853	-0.13919	-0.34042	-0.49667	-0.56038	-0.92965	-0.97282	-0.99295	-0.95317	-0.76473	-0.6475	-0.49694	0.3302	0.5676	0.71191	0.87779	0.70688	0.43658	0.18288	-0.15926	-0.36328	-0.47559	-0.43074	-0.3518	-0.28745	-0.20553	-0.098002	0.069651	0.12037	3.6947
1006.7	0.14886	0.1013	-0.14516	-0.30921	-0.42841	-0.49435	-0.95077	-0.92434	-0.98113	-0.92456	-0.76456	-0.55355	-0.49684	0.10183	0.46965	0.7903	0.8561	0.72467	0.44966	0.20354	-0.15013	-0.40897	-0.52335	-0.50066	-0.4207	-0.34248	-0.23353	-0.11196	0.048233	0.14307	3.7346
1007.6	0.15617	0.092695	-0.12703	-0.28525	-0.45628	-0.5116	-0.83923	-0.94316	-0.9774	-0.91432	-0.76058	-0.86555	-0.66007	0.20819	0.567	0.72686	0.86459	0.71428	0.44197	0.21292	-0.13184	-0.37709	-0.48256	-0.47743	-0.4054	-0.33029	-0.22891	-0.096502	0.095545	0.15203	3.7744
1008.2	0.16648	0.1196	-0.10296	-0.31468	-0.44438	-0.55141	-0.78478	-0.92599	-0.97823	-0.89641	-0.75343	-0.58396	-0.31771	0.31444	0.59922	0.78914	0.88398	0.75617	0.47092	0.21597	-0.11814	-0.39103	-0.48674	-0.45737	-0.35278	-0.26764	-0.18455	-0.089463	0.1138	0.14437	3.7495
1009.5	0.20488	0.12795	-0.10133	-0.26993	-0.40237	-0.48338	-0.73703	-0.89473	-0.94372	-0.88741	-0.74082	-0.58322	-0.34701	0.29887	0.7936	0.78814	0.89971	0.76335	0.46449	0.23475	-0.12705	-0.37323	-0.50999	-0.49626	-0.42636	-0.35045	-0.23436	-0.078199	0.084692	0.14117	3.7296
1010.8	0.19276	0.12778	-0.1027	-0.29026	-0.43498	-0.56924	-0.75309	-0.95521	-0.97722	-0.9083	-0.74488	-0.69151	-0.39106	0.22269	0.56522	0.64634	0.89246	0.74452	0.46973	0.21384	-0.12086	-0.36332	-0.47658	-0.44712	-0.36166	-0.28773	-0.20025	-0.073924	0.10895	0.13345	3.7545
1010.5	0.18983	0.13489	-0.095238	-0.25635	-0.39367	-0.47646	-0.77448	-0.88628	-0.93839	-0.87862	-0.72007	-0.56703	-0.53948	0.29856	0.50038	0.78732	0.91712	0.76742	0.49462	0.22499	-0.09673	-0.34139	-0.46625	-0.45328	-0.38897	-0.31152	-0.17824	-0.071155	0.12116	0.1848	3.7844
1009.7	0.20038	0.15626	-0.092324	-0.2477	-0.42383	-0.48648	-0.87572	-0.90056	-0.93339	-0.88565	-0.71901	-0.5675	-0.40631	0.25328	0.69589	0.70966	0.89799	0.77457	0.49941	0.23788	-0.084726	-0.32437	-0.4398	-0.43241	-0.35672	-0.28209	-0.18869	-0.036374	0.1304	0.15323	3.7346
1010.5	0.21208	0.17594	-0.098232	-0.25045	-0.42348	-0.5085	-0.81128	-0.89981	-0.9355	-0.85976	-0.72007	-0.52029	-0.37631	0.14693	0.72779	0.83427	0.90488	0.77392	0.48149	0.23768	-0.087673	-0.34296	-0.44092	-0.42599	-0.37405	-0.30559	-0.17383	-0.072548	0.13029	0.18027	3.7296
1009.9	0.19886	0.15906	-0.10278	-0.27425	-0.42374	-0.50561	-0.67581	-0.91541	-0.95489	-0.88704	-0.72719	-0.59856	-0.55465	0.22287	0.54945	0.72518	0.87637	0.74514	0.47013	0.22513	-0.12398	-0.35419	-0.47549	-0.44446	-0.36133	-0.285	-0.18276	-0.05866	0.096848	0.17585	3.6797
1009.9	0.17808	0.12223	-0.11327	-0.27573	-0.43369	-0.52645	-0.78488	-0.92894	-0.95779	-0.91693	-0.73718	-0.58298	-0.43591	0.32909	0.56569	0.78781	0.90392	0.75002	0.48472	0.21243	-0.11341	-0.34632	-0.45909	-0.42322	-0.33019	-0.25977	-0.19601	-0.078166	0.099897	0.13658	3.7296
1009.7	0.17811	0.12225	-0.12677	-0.29943	-0.46859	-0.53778	-0.80205	-0.94418	-0.98548	-0.936	-0.74899	-0.64546	-0.48054	0.29881	0.61459	0.89763	0.88115	0.72904	0.46293	0.20453	-0.12552	-0.37315	-0.48901	-0.46428	-0.39561	-0.32366	-0.20929	-0.089331	0.098393	0.15625	3.7047
1008.6	0.12331	0.084089	-0.14939	-0.30567	-0.47406	-0.54155	-0.72914	-0.97228	-0.98362	-0.93699	-0.75645	-0.44325	-0.43646	0.39027	0.63152	0.82018	0.86981	0.72493	0.44005	0.19362	-0.1559	-0.39717	-0.50146	-0.48148	-0.41117	-0.34034	-0.23751	-0.13825	0.063401	0.11104	3.6548
1006.5	0.14591	0.091372	-0.1467	-0.35228	-0.49833	-0.58772	-0.94386	-0.9864	-1.0263	-0.9437	-0.79981	-0.8039	-0.40759	0.11706	0.45344	0.74333	0.844	0.70525	0.41755	0.17172	-0.15016	-0.41379	-0.49205	-0.47793	-0.38499	-0.30532	-0.22767	-0.10919	0.080354	0.10976	3.6748
1005.4	0.14309	0.072974	-0.16791	-0.33038	-0.48388	-0.54649	-0.85523	-0.97535	-1.026	-0.94785	-0.78226	-0.61687	-0.43784	0.23911	0.53555	0.69694	0.83874	0.6913	0.42386	0.1735	-0.18825	-0.41106	-0.5285	-0.51044	-0.44699	-0.37571	-0.25747	-0.14149	0.051355	0.097737	3.6499
1005.7	0.14753	0.070112	-0.17689	-0.38968	-0.49875	-0.61718	-0.7825	-0.99025	-1.0345	-0.96345	-0.80718	-0.67935	-0.39304	0.34571	0.6497	0.8226	0.83702	0.68952	0.40618	0.15592	-0.15636	-0.41572	-0.51791	-0.49205	-0.42329	-0.35178	-0.23821	-0.13307	0.048284	0.085581	3.7047
1006.1	0.11022	0.074349	-0.17982	-0.33611	-0.50353	-0.56545	-0.87033	-0.99587	-1.0427	-0.982	-0.81185	-0.71037	-0.52696	0.2085	0.32309	0.77509	0.83974	0.69086	0.42212	0.14789	-0.16994	-0.42659	-0.55211	-0.5223	-0.45082	-0.37845	-0.26469	-0.147	0.043674	0.084029	3.6299
1007.8	0.14127	0.077062	-0.16602	-0.36664	-0.50601	-0.57573	-0.90435	-0.99118	-1.0294	-0.95512	-0.78378	-0.78726	-0.42195	0.19294	0.5506	0.83655	0.8368	0.70436	0.43311	0.16991	-0.14846	-0.37858	-0.49143	-0.47277	-0.42079	-0.34955	-0.20527	-0.13418	0.064982	0.099025	3.6997
1007.4	0.1815	0.095556	-0.14958	-0.31346	-0.44143	-0.52778	-0.811	-0.95541	-0.99646	-0.9224	-0.77577	-0.5532	-0.45189	0.2995	0.71381	0.71131	0.84482	0.71443	0.44791	0.19705	-0.14852	-0.40082	-0.50359	-0.49426	-0.39531	-0.31399	-0.24813	-0.089538	0.083344	0.11118	3.7246
1008	0.16503	0.10543	-0.12098	-0.33695	-0.46439	-0.5451	-0.85023	-0.94728	-0.98569	-0.92182	-0.74692	-0.6934	-0.49621	0.2385	0.48533	0.75793	0.86729	0.71235	0.45932	0.20806	-0.13935	-0.35486	-0.48983	-0.44986	-0.37218	-0.3019	-0.2008	-0.11321	0.089398	0.1444	3.7495
1007.1	0.18452	0.11404	-0.13459	-0.28537	-0.43986	-0.5311	-0.84242	-0.96165	-0.98507	-0.92575	-0.75756	-0.64709	-0.46688	0.3604	0.66507	0.77428	0.85114	0.74066	0.45825	0.21938	-0.10614	-0.35516	-0.46334	-0.43199	-0.36928	-0.30364	-0.19212	-0.081175	0.11851	0.15513	3.6947
1007.8	0.19927	0.14236	-0.12251	-0.26446	-0.41965	-0.53077	-0.7695	-0.93241	-0.96995	-0.89048	-0.72872	-0.47486	-0.40708	0.19294	0.68093	0.88362	0.91043	0.763	0.51059	0.2447	-0.080345	-0.32656	-0.44362	-0.42107	-0.3872	-0.32278	-0.15808	-0.082519	0.12301	0.16108	3.6997
1009.5	0.21527	0.15912	-0.087849	-0.24184	-0.41398	-0.50422	-0.78663	-0.90978	-0.93504	-0.88584	-0.73416	-0.28693	-0.4658	0.32923	0.72856	0.74114	0.91962	0.76009	0.48492	0.24905	-0.078699	-0.31657	-0.45183	-0.41733	-0.33383	-0.26285	-0.17695	-0.057291	0.11061	0.17744	3.7545
1010.8	0.1972	0.14901	-0.083252	-0.25335	-0.4267	-0.53561	-0.77007	-0.91164	-0.95843	-0.91144	-0.71826	-0.64478	-0.43554	0.13174	0.64643	0.84974	0.89858	0.76726	0.51638	0.23287	-0.075582	-0.32874	-0.43636	-0.40164	-0.33848	-0.27141	-0.15321	-0.061393	0.11504	0.1591	3.6797
1011.8	0.20292	0.13755	-0.096614	-0.28258	-0.43122	-0.50146	-0.85409	-0.9362	-0.96609	-0.88851	-0.73911	-0.62856	-0.5388	0.32847	0.662	0.8176	0.90222	0.76159	0.49691	0.26908	-0.095101	-0.31584	-0.4359	-0.41485	-0.32015	-0.24002	-0.15892	-0.057159	0.11644	0.15743	3.7695
1010.5	0.20763	0.15754	-0.059327	-0.26078	-0.42348	-0.50689	-0.84526	-0.92836	-0.95429	-0.9022	-0.7234	-0.58261	-0.46531	0.35919	0.59784	0.70907	0.89724	0.77554	0.50482	0.26307	-0.080125	-0.32567	-0.43794	-0.41689	-0.33429	-0.25812	-0.16353	-0.047482	0.1242	0.16517	3.7346
1009.3	0.20938	0.16057	-0.10285	-0.28477	-0.45718	-0.54281	-0.84774	-0.96414	-0.99023	-0.92381	-0.76264	-0.61454	-0.37678	0.3293	0.64738	0.75697	0.90296	0.76676	0.48794	0.2491	-0.083249	-0.31506	-0.42955	-0.42045	-0.34786	-0.26884	-0.15196	-0.068455	0.11216	0.14271	3.7495
1009.1	0.19308	0.10957	-0.10437	-0.28927	-0.44069	-0.53491	-0.80964	-0.94177	-0.99334	-0.92872	-0.77113	-0.64587	-0.58482	0.23825	0.43602	0.58474	0.88783	0.77018	0.49242	0.23803	-0.096872	-0.33717	-0.45351	-0.44028	-0.36605	-0.29118	-0.18881	-0.086599	0.12743	0.15181	3.6947
1009.7	0.18405	0.12509	-0.12976	-0.32604	-0.4719	-0.53938	-0.72696	-0.98479	-1.0188	-0.96275	-0.7823	-0.9261	-0.39147	0.11669	0.61459	0.85064	0.86584	0.7518	0.46147	0.23788	-0.086237	-0.32752	-0.44428	-0.42938	-0.35609	-0.28654	-0.19899	-0.093512	0.09382	0.14567	3.7396
1010.1	0.14984	0.09388	-0.12971	-0.30965	-0.46508	-0.52634	-0.81162	-0.97837	-1.0183	-0.96707	-0.78697	-0.5361	-0.55453	0.2835	0.45182	0.72503	0.86853	0.74336	0.48024	0.21556	-0.10734	-0.35883	-0.47688	-0.45044	-0.35154	-0.27455	-0.20921	-0.1088	0.08921	0.11541	3.7346
1011.2	0.16451	0.078217	-0.14153	-0.35951	-0.47452	-0.5642	-0.83765	-0.97133	-1.036	-0.95977	-0.80943	-0.70679	-0.3909	0.17714	0.56498	0.78682	0.8508	0.74583	0.46953	0.2074	-0.1027	-0.36003	-0.46595	-0.44693	-0.36368	-0.28909	-0.20311	-0.11703	0.078461	0.11679	3.7495
1010.1	0.14836	0.069803	-0.15067	-0.32442	-0.47667	-0.5728	-0.915	-1.0069	-1.0617	-0.99381	-0.81361	-0.7387	-0.56936	0.055974	0.51683	0.58413	0.83486	0.71248	0.45982	0.20603	-0.11187	-0.36513	-0.48284	-0.46864	-0.39682	-0.32797	-0.2401	-0.11855	0.070926	0.10635	3.7744
1009.3	0.14551	0.098208	-0.1433	-0.3247	-0.50029	-0.58611	-0.8775	-0.9837	-1.0612	-0.98992	-0.84095	-0.64573	-0.6738	0.10157	0.54979	0.6943	0.84782	0.72121	0.45145	0.21256	-0.12859	-0.35126	-0.46982	-0.46903	-0.39642	-0.32379	-0.23589	-0.11865	0.070986	0.091322	3.8492
1009.9	0.138	0.064151	-0.1492	-0.32302	-0.495	-0.58574	-0.91236	-1.0071	-1.0417	-1.016	-0.82876	-0.69209	-0.62886	0.29875	0.50069	0.74083	0.84116	0.73051	0.49055	0.22989	-0.12851	-0.35104	-0.47698	-0.47784	-0.42242	-0.35327	-0.24015	-0.11997	0.061797	0.091264	3.8043
1011.4	0.13039	0.079617	-0.16393	-0.32402	-0.48104	-0.55928	-0.82899	-0.99816	-1.0532	-0.99256	-0.83752	-0.7689	-0.67239	-0.0046907	0.46748	0.64593	0.83687	0.71808	0.46652	0.20577	-0.11475	-0.3631	-0.46288	-0.46199	-0.41235	-0.34831	-0.23833	-0.13231	0.041924	0.089621	3.8193
1012.4	0.1495	0.06823	-0.16077	-0.35611	-0.48549	-0.59866	-0.85214	-1.0046	-1.0535	-1.0119	-0.83831	-0.737	-0.67169	0.17692	0.40212	0.70773	0.8421	0.71571	0.48204	0.22456	-0.11161	-0.3329	-0.45496	-0.45091	-0.39831	-0.32722	-0.19698	-0.11549	0.090525	0.11514	3.8692
1012	0.15104	0.10784	-0.14739	-0.30464	-0.44766	-0.55733	-0.8525	-0.98402	-1.0453	-0.97623	-0.82371	-0.83063	-0.40537	0.040722	0.71051	0.81743	0.8837	0.76305	0.48661	0.24367	-0.10262	-0.34089	-0.48044	-0.43596	-0.3781	-0.3155	-0.19266	-0.1072	0.058626	0.10313	3.8941
1011	0.14675	0.08814	-0.14456	-0.3212	-0.45475	-0.5339	-0.88311	-0.97304	-1.0363	-0.98197	-0.82956	-0.90936	-0.52442	0.11655	0.5651	0.83392	0.85863	0.74436	0.50752	0.24393	-0.083109	-0.33339	-0.45414	-0.43036	-0.35957	-0.29211	-0.19874	-0.092004	0.07239	0.12135	3.8343
1009.1	0.15743	0.12375	-0.11786	-0.28927	-0.45893	-0.58784	-0.89328	-0.98993	-1.0324	-0.97911	-0.83613	-0.61467	-0.59968	0.056033	0.61498	0.60041	0.87404	0.76041	0.49972	0.2428	-0.087802	-0.33717	-0.43859	-0.43421	-0.36649	-0.29712	-0.20648	-0.079626	0.075577	0.1382	3.8343
1008.6	0.17533	0.11813	-0.11791	-0.28643	-0.46244	-0.53032	-0.88089	-0.98432	-1.0242	-0.98267	-0.82314	-0.84904	-0.67423	0.22315	0.50132	0.8672	0.89434	0.78352	0.53499	0.27311	-0.060617	-0.30738	-0.43131	-0.40553	-0.35586	-0.30171	-0.20509	-0.090822	0.10765	0.14885	3.8741
1009.1	0.16486	0.12233	-0.11636	-0.29518	-0.43903	-0.5317	-0.86918	-0.96735	-1.0237	-0.94604	-0.80446	-0.69267	-0.61453	0.20788	0.58246	0.75713	0.8817	0.77343	0.526	0.27617	-0.065125	-0.30883	-0.42964	-0.41295	-0.36212	-0.29861	-0.17997	-0.081021	0.096929	0.13216	3.8442
1010.8	0.18682	0.12071	-0.12514	-0.30207	-0.45319	-0.54362	-0.72619	-0.97625	-1.0235	-0.96803	-0.82973	-0.59805	-0.67281	0.32881	0.45154	0.77151	0.89093	0.76238	0.51055	0.25032	-0.074072	-0.30359	-0.41849	-0.40922	-0.33487	-0.26548	-0.18555	-0.072532	0.090677	0.14552	3.8542
1010.1	0.17359	0.1392	-0.11624	-0.30522	-0.45348	-0.54877	-0.80737	-0.96784	-1.0357	-0.96077	-0.83359	-0.64519	-0.43582	0.025639	0.46807	0.59977	0.87925	0.76937	0.52399	0.26794	-0.042406	-0.29278	-0.42024	-0.411	-0.32242	-0.24933	-0.18861	-0.062827	0.11968	0.14712	3.8243
1008.8	0.19164	0.12094	-0.11338	-0.30116	-0.4723	-0.54625	-0.79138	-0.95551	-1.0211	-0.96829	-0.81297	-0.69282	-0.52552	0.11679	0.55002	0.82	0.89568	0.79149	0.52758	0.28258	-0.051531	-0.2837	-0.42674	-0.40848	-0.38455	-0.32987	-0.18001	-0.06988	0.092374	0.15335	3.8991
1006.7	0.19799	0.13682	-0.12564	-0.29883	-0.43007	-0.54419	-0.76747	-0.97865	-1.016	-0.9719	-0.80967	-0.61609	-0.58618	0.071389	0.61641	0.71176	0.89296	0.7687	0.51698	0.28159	-0.066792	-0.30008	-0.43512	-0.39868	-0.36479	-0.31568	-0.1922	-0.092391	0.10786	0.15368	3.8143
1005.9	0.14154	0.11134	-0.092674	-0.32876	-0.4687	-0.58005	-0.82927	-0.99155	-1.043	-0.97588	-0.8371	-0.60095	-0.72079	0.10191	0.55165	0.7438	0.90908	0.77914	0.52327	0.26588	-0.08353	-0.29559	-0.43249	-0.40816	-0.36997	-0.31296	-0.18202	-0.088272	0.089587	0.11893	3.8642
1007.1	0.15922	0.13534	-0.12258	-0.31945	-0.47808	-0.54235	-0.81544	-0.98427	-1.046	-1.0062	-0.86109	-0.8034	-0.55617	0.16263	0.45316	0.64865	0.86496	0.77	0.5036	0.25281	-0.087969	-0.31257	-0.44091	-0.42134	-0.35299	-0.28131	-0.17146	-0.064409	0.11239	0.14907	3.8941
1009.3	0.17967	0.1138	-0.13881	-0.26555	-0.45552	-0.56847	-0.85199	-0.99725	-1.0206	-1.0025	-0.83262	-0.77052	-0.6144	0.10157	0.53352	0.72564	0.89071	0.77489	0.53028	0.26022	-0.066624	-0.31191	-0.42955	-0.42197	-0.31873	-0.24211	-0.20349	-0.09913	0.072511	0.13969	3.8542
1010.1	0.16023	0.098126	-0.12821	-0.29783	-0.46839	-0.54717	-0.89943	-0.97837	-1.0472	-0.99066	-0.83692	-0.64519	-0.55453	0.11664	0.61433	0.85028	0.87466	0.75961	0.5167	0.25207	-0.071099	-0.32738	-0.4426	-0.43679	-0.37676	-0.3072	-0.19744	-0.11716	0.075498	0.10937	3.8243
1009.5	0.15291	0.099605	-0.15825	-0.31576	-0.45708	-0.55713	-0.81639	-0.99704	-1.0465	-0.98971	-0.8641	-0.70798	-0.73306	-0.0046996	0.54968	0.5845	0.85836	0.75521	0.50097	0.26335	-0.077188	-0.33073	-0.45183	-0.43251	-0.3509	-0.28512	-0.22553	-0.092139	0.072496	0.13059	3.8492
1007.4	0.15323	0.10124	-0.12556	-0.31494	-0.46801	-0.57758	-0.93029	-1.0067	-1.0487	-0.9981	-0.86592	-0.75634	-0.63045	0.040911	0.56712	0.71131	0.86784	0.77473	0.50203	0.2639	-0.075837	-0.30935	-0.43783	-0.43494	-0.36746	-0.29613	-0.19945	-0.10211	0.089454	0.12027	3.8941
1006.5	0.17719	0.12832	-0.13318	-0.30779	-0.4684	-0.54913	-0.77474	-1.0045	-1.0466	-0.98474	-0.84325	-0.5693	-0.46717	0.22362	0.5513	0.77476	0.86243	0.75581	0.50245	0.25616	-0.080446	-0.31277	-0.43671	-0.43683	-0.40282	-0.33659	-0.18486	-0.093808	0.083414	0.11582	3.8492
1007.8	0.14573	0.088418	-0.1195	-0.3311	-0.46781	-0.58698	-0.91996	-0.98817	-1.0468	-0.99138	-0.85554	-0.75602	-0.64505	0.10172	0.40398	0.67963	0.85214	0.77441	0.50328	0.24151	-0.068236	-0.32341	-0.45856	-0.4454	-0.38162	-0.31088	-0.19937	-0.11324	0.069563	0.12627	3.8492
1007.8	0.1725	0.11539	-0.13451	-0.30296	-0.4728	-0.57092	-0.74537	-1.0078	-1.0511	-0.99926	-0.84886	-0.69355	-0.60044	-0.019918	0.50174	0.63255	0.84907	0.77604	0.52082	0.25583	-0.089426	-0.36124	-0.45109	-0.44388	-0.39958	-0.33319	-0.1979	-0.096482	0.066509	0.11567	3.8243
1008	0.15908	0.10827	-0.13598	-0.32363	-0.46273	-0.51781	-0.90416	-0.98796	-1.0408	-0.98644	-0.84869	-0.80272	-0.68953	0.086491	0.55049	0.85207	0.87803	0.79704	0.5251	0.26214	-0.060655	-0.31861	-0.44204	-0.42402	-0.37321	-0.31082	-0.1949	-0.09367	0.095505	0.14289	3.8592
1006.7	0.1831	0.11125	-0.13315	-0.30921	-0.47828	-0.5474	-0.88541	-0.98619	-1.0421	-0.99716	-0.84976	-0.66301	-0.5564	0.22358	0.46965	0.75889	0.87914	0.77196	0.52576	0.26566	-0.078915	-0.31586	-0.4426	-0.43521	-0.37816	-0.30823	-0.18925	-0.089595	0.081867	0.14762	3.8492
1006.1	0.15492	0.11274	-0.12121	-0.30199	-0.44864	-0.58958	-0.84047	-0.99285	-1.0514	-0.98989	-0.84696	-0.78859	-0.60145	0.086655	0.63312	0.6179	0.87355	0.77734	0.49827	0.24989	-0.085029	-0.32711	-0.44288	-0.43396	-0.36994	-0.298	-0.18641	-0.099443	0.080388	0.12193	3.8542
1006.5	0.17868	0.11269	-0.13318	-0.31966	-0.47007	-0.53948	-0.84722	-0.99092	-1.0292	-0.98316	-0.84158	-0.69442	-0.61608	0.16274	0.50238	0.68049	0.87318	0.78191	0.53026	0.27209	-0.06529	-0.2954	-0.43222	-0.43378	-0.36937	-0.29936	-0.20405	-0.082623	0.07118	0.12795	3.8642
1006.3	0.17127	0.13546	-0.10916	-0.30489	-0.46185	-0.55728	-0.7024	-0.97604	-1.0367	-0.98337	-0.85179	-0.86664	-0.63112	0.071419	0.53509	0.72778	0.8918	0.7935	0.52891	0.26099	-0.062272	-0.32388	-0.43231	-0.43235	-0.34951	-0.26666	-0.16718	-0.084041	0.10178	0.131	3.8592
1006.9	0.18009	0.12401	-0.15865	-0.30322	-0.45159	-0.58265	-0.68917	-0.98297	-1.0288	-0.99537	-0.84791	-0.61596	-0.46698	0.16267	0.59998	0.71161	0.8636	0.7881	0.51394	0.27834	-0.059203	-0.31737	-0.42456	-0.42143	-0.34963	-0.28286	-0.21134	-0.095166	0.10783	0.1082	3.8692
1006.3	0.17872	0.11698	-0.12118	-0.29303	-0.4552	-0.55889	-0.87014	-1.0017	-1.0294	-0.98652	-0.83341	-0.75714	-0.69069	-0.1113	0.51879	0.71206	0.88258	0.7886	0.52745	0.27693	-0.078948	-0.30968	-0.44577	-0.41865	-0.3485	-0.28602	-0.20557	-0.091033	0.058959	0.14616	3.8143
1006.3	0.16084	0.10419	-0.14372	-0.30489	-0.46352	-0.54924	-0.91421	-0.98208	-1.0396	-0.98179	-0.8451	-0.86664	-0.63112	-0.019947	0.58406	0.82208	0.87183	0.77718	0.54794	0.27693	-0.047113	-0.31915	-0.42483	-0.42322	-0.38652	-0.32028	-0.17308	-0.088235	0.1079	0.16132	3.8692
1005.2	0.17443	0.11283	-0.1183	-0.29334	-0.46567	-0.57236	-0.72449	-0.9816	-1.0422	-0.99073	-0.84265	-0.67964	-0.49757	0.17819	0.45402	0.76001	0.88198	0.79596	0.53387	0.25967	-0.060821	-0.32581	-0.44025	-0.42519	-0.35669	-0.28632	-0.18509	-0.11912	0.098829	0.12507	3.8343
1005	0.16701	0.14275	-0.16045	-0.31716	-0.45411	-0.57087	-0.70898	-0.99843	-1.0293	-0.97987	-0.87462	-0.74244	-0.617	0.086747	0.6828	0.58709	0.88524	0.77817	0.51492	0.28845	-0.06387	-0.31165	-0.42237	-0.4268	-0.36111	-0.29384	-0.21322	-0.089746	0.089662	0.12662	3.8791
1003.5	0.17323	0.091643	-0.12302	-0.30722	-0.46979	-0.56043	-0.85685	-1.012	-1.0585	-1.0051	-0.84072	-0.72785	-0.60298	0.20903	0.34026	0.60371	0.8696	0.77277	0.52302	0.26011	-0.085245	-0.32002	-0.4425	-0.44881	-0.37736	-0.30025	-0.20021	-0.078662	0.075992	0.10096	3.8542
1002.3	0.16747	0.12173	-0.13374	-0.30016	-0.48041	-0.54499	-0.91075	-1.0178	-1.038	-1.0016	-0.8636	-0.7916	-0.69347	0.13285	0.60278	0.85694	0.89076	0.79013	0.5281	0.27644	-0.061002	-0.30775	-0.43104	-0.42339	-0.35553	-0.29016	-0.21084	-0.08859	0.06534	0.12544	3.8692
1001.6	0.16309	0.080393	-0.13081	-0.30184	-0.46233	-0.55665	-0.79708	-1.0064	-1.0736	-0.99112	-0.85576	-0.74496	-0.54428	0.17883	0.57037	0.76274	0.88052	0.78736	0.54461	0.2414	-0.074747	-0.32063	-0.45386	-0.42213	-0.35904	-0.29783	-0.20208	-0.10269	0.089966	0.12857	3.8692
1001.6	0.1586	0.11895	-0.15949	-0.3227	-0.47904	-0.55988	-0.92847	-0.99727	-1.0605	-1.0086	-0.88262	-0.7921	-0.60413	-0.035343	0.50483	0.63643	0.86972	0.77589	0.50637	0.25741	-0.091499	-0.32381	-0.46138	-0.45272	-0.37929	-0.30531	-0.20801	-0.094265	0.080746	0.12095	3.914
1000.8	0.16622	0.10476	-0.12185	-0.31999	-0.46105	-0.58461	-0.92211	-1.0072	-1.0789	-1.0253	-0.87497	-0.87142	-0.64956	0.11773	0.42323	0.65278	0.88127	0.78146	0.51563	0.24481	-0.083955	-0.33361	-0.46177	-0.45005	-0.37913	-0.30707	-0.20819	-0.09294	0.059284	0.12563	3.8791
999.51	0.15443	0.11348	-0.13714	-0.32638	-0.45662	-0.5724	-0.90182	-1.0009	-1.0715	-1.0059	-0.88954	-0.73079	-0.77037	0.087226	0.55516	0.89093	0.88858	0.81202	0.53987	0.27881	-0.042856	-0.32132	-0.43374	-0.43069	-0.37173	-0.30446	-0.20251	-0.10995	0.082458	0.11511	3.8692
999.72	0.13491	0.090562	-0.14769	-0.31586	-0.46322	-0.56095	-0.76998	-1.0235	-1.064	-1.02	-0.87085	-0.62041	-0.72522	0.13319	0.5879	0.52692	0.87911	0.78065	0.53092	0.27233	-0.070312	-0.31966	-0.45473	-0.44286	-0.38899	-0.32239	-0.20395	-0.093038	0.077821	0.12576	3.8841
1000.4	0.16179	0.12768	-0.14458	-0.31416	-0.47463	-0.59942	-0.91106	-1.0122	-1.0691	-1.0273	-0.88711	-0.77738	-0.75473	-0.020065	0.70238	0.7321	0.8801	0.79164	0.51732	0.26415	-0.074842	-0.33692	-0.45294	-0.45636	-0.39186	-0.31769	-0.20976	-0.11971	0.056233	0.09671	3.8891
1001	0.16319	0.093304	-0.15053	-0.33335	-0.48269	-0.55539	-0.8376	-1.007	-1.0568	-1.0346	-0.8899	-0.60388	-0.76923	0.17895	0.40672	0.66845	0.87954	0.76818	0.53907	0.26878	-0.077842	-0.30814	-0.4331	-0.42699	-0.37213	-0.30401	-0.18736	-0.074645	0.074648	0.14389	3.8741
1002.3	0.17644	0.13172	-0.11564	-0.31059	-0.45035	-0.55468	-0.83796	-0.99512	-1.0598	-0.99366	-0.87032	-0.83872	-0.6486	-0.0506	0.57	0.80958	0.89076	0.79505	0.55309	0.28284	-0.059479	-0.30775	-0.45207	-0.42033	-0.35521	-0.29614	-0.21233	-0.11246	0.085302	0.12392	3.8741
1004.2	0.16118	0.093009	-0.13198	-0.31148	-0.46283	-0.523	-0.8791	-0.99474	-1.0622	-1.0028	-0.87201	-0.66469	-0.43839	0.08682	0.58529	0.71356	0.87521	0.77392	0.52123	0.28869	-0.062404	-0.30084	-0.42723	-0.43784	-0.39609	-0.32693	-0.19121	-0.094026	0.083608	0.13432	3.8891
1004.4	0.15368	0.1172	-0.12744	-0.30844	-0.46606	-0.57607	-0.69377	-1.0097	-1.0605	-1.009	-0.8802	-0.66455	-0.63232	0.14783	0.53611	0.69767	0.8935	0.79991	0.53578	0.28384	-0.068467	-0.31501	-0.43163	-0.43622	-0.37145	-0.3	-0.203	-0.088403	0.078991	0.093283	3.9041
1004.8	0.16854	0.1143	-0.14093	-0.31425	-0.48085	-0.55972	-0.84153	-0.99562	-1.047	-1.0054	-0.85974	-0.75826	-0.66188	0.26975	0.56856	0.71311	0.89004	0.7865	0.52383	0.26936	-0.062364	-0.31171	-0.42546	-0.41927	-0.35768	-0.28793	-0.18073	-0.07156	0.083555	0.13879	3.8991
1005.7	0.16243	0.11421	-0.13179	-0.3036	-0.45882	-0.57856	-0.90483	-0.99629	-1.0533	-0.99347	-0.86403	-0.64805	-0.49736	0.14765	0.33954	0.83832	0.87699	0.79726	0.52192	0.26435	-0.044109	-0.30987	-0.44007	-0.42196	-0.33405	-0.26086	-0.19092	-0.096685	0.088074	0.13715	3.8741
1006.9	0.1786	0.095596	-0.12261	-0.30025	-0.46156	-0.54407	-0.97472	-0.99956	-1.0549	-1.0111	-0.85793	-0.78793	-0.72003	0.20832	0.38803	0.74302	0.8851	0.77832	0.52565	0.25923	-0.063749	-0.31106	-0.444	-0.42295	-0.37153	-0.30817	-0.18773	-0.074204	0.11089	0.1385	3.8991
1007.4	0.17109	0.12396	-0.13006	-0.30457	-0.46967	-0.5567	-0.80532	-0.99914	-1.069	-0.99968	-0.8726	-0.75634	-0.64532	0.010492	0.50196	0.61712	0.85403	0.7894	0.52543	0.26708	-0.062207	-0.32039	-0.42887	-0.41973	-0.37464	-0.30953	-0.1788	-0.093729	0.11237	0.11875	3.8741
1008.2	0.17094	0.10683	-0.12995	-0.30135	-0.456	-0.54499	-0.95079	-0.98624	-1.0434	-0.99569	-0.85518	-0.66203	-0.62992	0.13207	0.64806	0.74208	0.90545	0.78222	0.52499	0.27799	-0.060642	-0.31067	-0.43	-0.41786	-0.36681	-0.30629	-0.20223	-0.095046	0.077166	0.13227	3.919
1008.8	0.15152	0.10818	-0.13137	-0.3056	-0.43414	-0.55267	-0.95586	-0.99014	-1.0558	-0.99821	-0.85297	-0.78643	-0.58495	0.11679	0.43611	0.67891	0.87882	0.7801	0.54072	0.28576	-0.05758	-0.3026	-0.43122	-0.41911	-0.37107	-0.3061	-0.18001	-0.092197	0.063388	0.13823	3.929
1009.5	0.16479	0.11944	-0.11481	-0.30837	-0.47863	-0.55553	-0.88582	-1.0136	-1.0624	-1.0086	-0.8691	-0.83273	-0.61427	-0.080593	0.43584	0.8038	0.87214	0.77798	0.52578	0.26811	-0.074166	-0.31185	-0.42647	-0.4234	-0.3461	-0.27324	-0.19315	-0.10886	0.075545	0.12455	3.8243
1009.9	0.19143	0.12506	-0.13123	-0.28459	-0.45192	-0.5585	-0.6744	-0.99361	-1.0518	-1.0192	-0.8654	-0.72326	-0.65854	-0.035054	0.48441	0.70951	0.85035	0.77928	0.52265	0.268	-0.056008	-0.31329	-0.43226	-0.4126	-0.29592	-0.21524	-0.18276	-0.080953	0.11056	0.13205	3.8941
1010.3	0.19284	0.10802	-0.1222	-0.28743	-0.45835	-0.57428	-0.86526	-0.98868	-1.0369	-1.0077	-0.86004	-0.66064	-0.6286	0.025633	0.69545	0.66227	0.8913	0.7887	0.53701	0.27106	-0.068064	-0.31316	-0.42611	-0.42304	-0.34232	-0.27153	-0.20622	-0.096239	0.092238	0.10783	3.8791
1011	0.16158	0.12351	-0.11315	-0.31234	-0.47131	-0.55151	-0.79396	-0.98506	-1.0507	-0.99926	-0.87946	-0.70694	-0.53925	-0.035017	0.54887	0.63055	0.87086	0.77846	0.51918	0.27406	-0.063494	-0.30353	-0.42734	-0.41217	-0.37373	-0.32177	-0.21638	-0.097571	0.083046	0.10475	3.914
1011	0.17196	0.093801	-0.13558	-0.30644	-0.47958	-0.55951	-0.79396	-0.99106	-1.0334	-0.99768	-0.86449	-0.70694	-0.82094	0.040765	0.27281	0.66185	0.88616	0.78009	0.54541	0.28834	-0.05444	-0.30667	-0.43478	-0.40611	-0.34326	-0.27877	-0.17375	-0.10175	0.09218	0.1304	3.909
1010.8	0.15716	0.12071	-0.13411	-0.30355	-0.47141	-0.56924	-0.8564	-0.98977	-1.061	-1.0073	-0.87466	-0.80053	-0.68765	0.13174	0.58148	0.64634	0.88787	0.77376	0.52658	0.27253	-0.057471	-0.30674	-0.43338	-0.42438	-0.33896	-0.264	-0.18996	-0.07114	0.10133	0.16212	3.9539
1011.4	0.1541	0.098002	-0.12805	-0.28713	-0.46118	-0.57848	-0.82475	-0.99365	-1.0344	-0.99256	-0.85581	-0.6755	-0.58347	0.16195	0.51618	0.59902	0.87508	0.80086	0.52625	0.28822	-0.057435	-0.3144	-0.41823	-0.41503	-0.33884	-0.2668	-0.1869	-0.090574	0.070837	0.11677	3.8841
1012.9	0.15388	0.11904	-0.11592	-0.31028	-0.45224	-0.56006	-0.77834	-0.9922	-1.0588	-1.0068	-0.87283	-1.0164	-0.58262	-0.034951	0.46679	0.72305	0.85396	0.77862	0.50948	0.26088	-0.057351	-0.32178	-0.44288	-0.41896	-0.36921	-0.3108	-0.2013	-0.097387	0.090487	0.11359	3.9041
1015	0.14617	0.11457	-0.13504	-0.33022	-0.46284	-0.57802	-0.89792	-0.99761	-1.0696	-1.0125	-0.87763	-0.70413	-0.65524	0.101	0.56286	0.61248	0.85522	0.76243	0.50986	0.25402	-0.078272	-0.32894	-0.43602	-0.41506	-0.371	-0.31606	-0.2082	-0.09857	0.073618	0.13138	3.8791
1015.4	0.15349	0.13565	-0.12159	-0.3242	-0.48242	-0.57141	-0.90459	-0.98672	-1.0519	-1.0105	-0.86567	-0.78134	-0.59593	0.16131	0.54646	0.81469	0.85334	0.78475	0.51691	0.27444	-0.061713	-0.30377	-0.43288	-0.41941	-0.42039	-0.37202	-0.19202	-0.10823	0.096322	0.12682	3.8891
1015.6	0.16084	0.10041	-0.13943	-0.30503	-0.46914	-0.53623	-0.80722	-0.99548	-1.0531	-0.99936	-0.85555	-0.67268	-0.5958	0.11601	0.49787	0.73665	0.87752	0.79752	0.5284	0.28228	-0.05419	-0.28962	-0.42241	-0.4314	-0.36032	-0.28192	-0.17881	-0.099893	0.078117	0.1298	3.8592
1014.8	0.15949	0.1005	-0.14699	-0.30676	-0.47118	-0.58133	-0.92348	-1.0128	-1.0511	-1.0065	-0.87284	-0.92146	-0.77355	0.040612	0.38503	0.75286	0.86454	0.79818	0.52594	0.26355	-0.060249	-0.32431	-0.4376	-0.4227	-0.35096	-0.28511	-0.20678	-0.10275	0.076666	0.11788	3.8741
1013.5	0.16561	0.11332	-0.13077	-0.288	-0.47178	-0.57089	-0.75104	-0.99607	-1.0452	-1.0218	-0.84573	-0.67409	-0.62663	0.10114	0.38551	0.67579	0.86868	0.76841	0.52515	0.27654	-0.067851	-0.29023	-0.42032	-0.41265	-0.34446	-0.27363	-0.17625	-0.064004	0.067652	0.14061	3.8941
1013.9	0.16998	0.11187	-0.10387	-0.28199	-0.45342	-0.55149	-0.88475	-0.97618	-1.0476	-0.99633	-0.85201	-0.68934	-0.55245	0.055763	0.61202	0.7223	0.88813	0.79885	0.52929	0.28275	-0.051272	-0.30734	-0.41866	-0.42154	-0.35291	-0.275	-0.16299	-0.088957	0.081285	0.13152	3.9041
1014.4	0.18173	0.11041	-0.13364	-0.30835	-0.44333	-0.54488	-0.85336	-0.98775	-1.04	-0.98808	-0.86989	-0.67353	-0.59655	0.13127	0.66034	0.76877	0.87252	0.78395	0.51745	0.28263	-0.063282	-0.30252	-0.43036	-0.42136	-0.36422	-0.29705	-0.18636	-0.090309	0.090355	0.12545	3.8692
1014.1	0.18176	0.11466	-0.099373	-0.30842	-0.45828	-0.5801	-0.81263	-0.99245	-1.0488	-0.98829	-0.8452	-0.81338	-0.5671	0.085967	0.57954	0.69096	0.90014	0.7744	0.52772	0.2732	-0.075329	-0.30885	-0.43936	-0.41239	-0.31666	-0.23947	-0.16588	-0.08339	0.076714	0.14353	3.934
1012.9	0.19087	0.13458	-0.11741	-0.29849	-0.45885	-0.55846	-0.83484	-0.99819	-1.0228	-0.98482	-0.8612	-0.70561	-0.68621	0.16171	0.64508	0.7699	0.88601	0.7851	0.53275	0.27671	-0.057351	-0.30767	-0.42504	-0.42047	-0.35837	-0.29452	-0.2101	-0.075158	0.096564	0.13166	3.934
1011.2	0.17044	0.13622	-0.1221	-0.31375	-0.44804	-0.54019	-0.84755	-0.98935	-1.036	-0.98805	-0.83936	-0.70679	-0.68736	0.13168	0.54875	0.67734	0.88444	0.79129	0.5249	0.28669	-0.060464	-0.31761	-0.43767	-0.43178	-0.35282	-0.27575	-0.18253	-0.083635	0.093682	0.12283	3.944
1009.1	0.16931	0.096812	-0.12685	-0.29962	-0.4722	-0.5718	-0.91455	-0.99445	-1.0483	-0.99012	-0.86946	-0.72387	-0.61453	0.056033	0.68007	0.78847	0.87251	0.78156	0.51286	0.26028	-0.072684	-0.31355	-0.43113	-0.42965	-0.37118	-0.30455	-0.20501	-0.089387	0.086252	0.1246	3.8891
1008.2	0.14269	0.11392	-0.12845	-0.31172	-0.45766	-0.56265	-0.84295	-0.9998	-1.0608	-0.99726	-0.84684	-0.77133	-0.52585	0.25366	0.46895	0.71071	0.89011	0.77245	0.52791	0.27322	-0.063668	-0.31539	-0.43597	-0.42849	-0.35298	-0.28102	-0.19634	-0.089463	0.083273	0.11411	3.8891
1006.3	0.17276	0.11698	-0.13471	-0.29748	-0.47682	-0.56533	-0.96396	-1.0002	-1.0469	-0.98652	-0.84343	-0.77279	-0.54175	0.16277	0.73086	0.71206	0.88258	0.78534	0.50841	0.27215	-0.06682	-0.32388	-0.42483	-0.42017	-0.36185	-0.29347	-0.1849	-0.067259	0.08496	0.13404	3.909
1005.4	0.16545	0.11566	-0.13482	-0.30812	-0.45558	-0.52878	-0.87372	-0.99046	-1.0434	-0.99526	-0.83244	-0.77344	-0.63165	0.16291	0.68251	0.71266	0.86795	0.76967	0.50738	0.27397	-0.053223	-0.31626	-0.43866	-0.43729	-0.35799	-0.2803	-0.18949	-0.070116	0.091156	0.13415	3.9041
1004.6	0.17454	0.11575	-0.13042	-0.31878	-0.48429	-0.56145	-0.7819	-0.99734	-1.0414	-1.0008	-0.84653	-0.72708	-0.82614	0.07154	0.42162	0.61882	0.88407	0.76705	0.51954	0.26782	-0.073007	-0.3102	-0.44803	-0.41631	-0.34774	-0.2865	-0.20296	-0.084183	0.088167	0.11908	3.914
1003.1	0.16284	0.12163	-0.12609	-0.3014	-0.45831	-0.56389	-0.79304	-1.0079	-1.056	-1.0213	-0.85449	-0.66539	-0.67794	0.14802	0.52044	0.5882	0.86689	0.76328	0.51296	0.25862	-0.070074	-0.31699	-0.42318	-0.42914	-0.34162	-0.26153	-0.18696	-0.056251	0.099038	0.13902	3.8941
1003.1	0.17032	0.13304	-0.10649	-0.33115	-0.4483	-0.58325	-0.82442	-0.99125	-1.0633	-0.9754	-0.8394	-0.58692	-0.49862	0.22438	0.66774	0.79314	0.88538	0.76983	0.51737	0.26342	-0.074636	-0.29799	-0.42017	-0.43372	-0.3658	-0.2944	-0.21215	-0.098334	0.07449	0.13142	3.8891
1002.5	0.17491	0.10744	-0.12014	-0.32392	-0.4803	-0.57394	-0.85491	-1.001	-1.0523	-1.0014	-0.84497	-0.76002	-0.52886	0.10226	0.47163	0.65167	0.86436	0.79324	0.51917	0.26519	-0.057946	-0.31878	-0.43245	-0.41719	-0.36064	-0.29758	-0.19449	-0.094185	0.09296	0.13302	3.8791
1000.8	0.15574	0.10476	-0.13696	-0.3021	-0.446	-0.57815	-0.86922	-1.0072	-1.0439	-0.99037	-0.86825	-0.68266	-0.82929	-0.035373	0.48883	0.62118	0.86428	0.76178	0.5171	0.26724	-0.082432	-0.33043	-0.43319	-0.42402	-0.37808	-0.31905	-0.21116	-0.078879	0.059284	0.13173	3.8841
1000.8	0.16922	0.10905	-0.14603	-0.31999	-0.48948	-0.56359	-0.80061	-0.9966	-1.0526	-0.98402	-0.85144	-0.58829	-0.40993	0.24022	0.52165	0.82661	0.89054	0.78638	0.51858	0.26564	-0.058044	-0.2971	-0.43469	-0.41483	-0.37005	-0.30707	-0.17404	-0.085909	0.10081	0.12715	3.934
999.51	0.16193	0.12207	-0.11747	-0.30248	-0.42815	-0.56593	-0.76585	-1.0115	-1.054	-1.0012	-0.8357	-0.68353	-0.57541	0.087226	0.57158	0.87512	0.9025	0.80217	0.52366	0.27239	-0.041329	-0.31337	-0.4247	-0.42762	-0.36123	-0.29246	-0.20697	-0.084612	0.076299	0.11816	3.8991
999.72	0.16939	0.11346	-0.13559	-0.32929	-0.45819	-0.54314	-0.79431	-1.0068	-1.0552	-1.0025	-0.86749	-0.80936	-0.5603	0.13319	0.5222	0.71674	0.87911	0.76259	0.50586	0.25629	-0.068787	-0.32125	-0.45322	-0.43213	-0.37443	-0.30889	-0.19503	-0.11274	0.097834	0.11508	3.934
1001.2	0.14519	0.10186	-0.12935	-0.31837	-0.46587	-0.5682	-0.96887	-1.022	-1.0668	-0.99472	-0.84772	-0.82389	-0.63433	-0.081259	0.50504	0.6367	0.867	0.78605	0.511	0.27353	-0.062589	-0.32077	-0.43601	-0.42537	-0.38364	-0.3234	-0.20068	-0.094305	0.086929	0.10577	3.914
1001	0.1587	0.10045	-0.1324	-0.33036	-0.47935	-0.52951	-0.75614	-0.99639	-1.0407	-0.99969	-0.82606	-0.71398	-0.55959	0.10241	0.57073	0.71583	0.8888	0.7567	0.51111	0.2848	-0.070222	-0.30814	-0.44062	-0.43464	-0.3732	-0.3055	-0.20518	-0.094325	0.073111	0.12408	3.914
1001.4	0.13618	0.11184	-0.13536	-0.30638	-0.46577	-0.60041	-0.79582	-0.99748	-1.052	-1.0056	-0.85258	-0.76083	-0.57431	0.20947	0.48852	0.76291	0.8591	0.77605	0.51678	0.24785	-0.074763	-0.33498	-0.43742	-0.44517	-0.39761	-0.32783	-0.20064	-0.081639	0.089985	0.14687	3.8941
1001.4	0.16611	0.10469	-0.13687	-0.31085	-0.48248	-0.57454	-0.77725	-1.0248	-1.0461	-1.0024	-0.85762	-0.74512	-0.7689	0.13296	0.5377	0.52602	0.88071	0.75146	0.49177	0.26226	-0.097611	-0.3096	-0.43592	-0.42681	-0.35879	-0.28891	-0.19322	-0.074613	0.082301	0.14078	3.909
1002.5	0.15996	0.097447	-0.15483	-0.31945	-0.46695	-0.56748	-0.90771	-1.001	-1.0538	-0.99504	-0.86007	-0.82285	-0.5737	0.071691	0.53713	0.58858	0.87669	0.78341	0.51182	0.25079	-0.068597	-0.3267	-0.43095	-0.43858	-0.34388	-0.2587	-0.18412	-0.085764	0.088354	0.1102	3.934
1003.1	0.17629	0.11592	-0.094435	-0.31181	-0.475	-0.57196	-0.81301	-0.99276	-1.04	-1.0055	-0.83102	-0.79093	-0.7676	0.20911	0.50408	0.71432	0.88538	0.77146	0.51296	0.26342	-0.080719	-0.30115	-0.43368	-0.42761	-0.35146	-0.27348	-0.17067	-0.074487	0.088298	0.13598	3.8941
1005.4	0.16843	0.12277	-0.12881	-0.31109	-0.4689	-0.55614	-0.78267	-1.0071	-1.0507	-0.99052	-0.83913	-0.78909	-0.61673	0.08671	0.55188	0.75985	0.8741	0.77947	0.52789	0.27078	-0.057774	-0.30994	-0.44465	-0.419	-0.34138	-0.27583	-0.20279	-0.093907	0.10187	0.12505	3.8841
1006.5	0.15932	0.12264	-0.13468	-0.30038	-0.47506	-0.59094	-0.8529	-0.98036	-1.0452	-0.98474	-0.84325	-0.47546	-0.45228	0.025731	0.53498	0.66478	0.887	0.75581	0.50831	0.25297	-0.08651	-0.31119	-0.45466	-0.43074	-0.35683	-0.28298	-0.17452	-0.089613	0.075768	0.12643	3.919
1007.8	0.18291	0.11823	-0.14051	-0.31925	-0.45287	-0.58537	-1.0392	-1.0047	-1.0482	-0.99138	-0.83385	-0.63107	-0.49631	0.040894	0.51802	0.75809	0.86441	0.76137	0.50474	0.25424	-0.071263	-0.30764	-0.41673	-0.41955	-0.36046	-0.29452	-0.20232	-0.06716	0.097051	0.14443	3.929
1009.3	0.17076	0.12372	-0.13281	-0.28921	-0.46547	-0.54281	-0.85199	-1.0003	-1.0192	-0.99149	-0.84095	-0.61454	-0.68866	0.29894	0.74498	0.7413	0.90143	0.77977	0.53611	0.27293	-0.072669	-0.31349	-0.42209	-0.41893	-0.38975	-0.3327	-0.19908	-0.089369	0.08471	0.13969	3.8891
1009.9	0.17066	0.12789	-0.12375	-0.3171	-0.45689	-0.56331	-0.81463	-1.0147	-1.0677	-0.99873	-0.86207	-0.77003	-0.61401	0.025644	0.53318	0.7565	0.86719	0.75652	0.50514	0.25847	-0.06054	-0.34003	-0.43822	-0.42322	-0.39832	-0.34437	-0.20189	-0.10603	0.10142	0.14413	3.9041
1012	0.1777	0.12056	-0.1459	-0.30169	-0.47908	-0.58292	-0.91893	-1.011	-1.0453	-1.0013	-0.84531	-0.69064	-0.62754	0.14672	0.33741	0.72366	0.88523	0.77116	0.52883	0.26427	-0.070965	-0.30635	-0.43581	-0.42385	-0.38553	-0.33032	-0.21615	-0.10025	0.076875	0.12122	3.8941
1012	0.13327	0.1149	-0.11153	-0.30317	-0.45924	-0.54773	-0.75214	-0.98553	-1.0366	-0.97152	-0.85528	-0.73731	-0.64235	0.14672	0.4834	0.64553	0.87453	0.77278	0.51573	0.26744	-0.064934	-0.31577	-0.43135	-0.43445	-0.35709	-0.27848	-0.18385	-0.090517	0.069271	0.1378	3.8841
1012.7	0.16723	0.10494	-0.15477	-0.33393	-0.48043	-0.57136	-0.80958	-1.0029	-1.0287	-0.97248	-0.84312	-0.5192	-0.53835	0.22227	0.58039	0.67635	0.88009	0.78364	0.51831	0.28469	-0.063388	-0.32028	-0.42811	-0.42812	-0.37508	-0.31087	-0.20868	-0.079342	0.073787	0.10608	3.8841
1013.1	0.16272	0.11761	-0.12784	-0.32053	-0.46536	-0.56314	-0.8869	-0.98899	-1.0471	-0.98462	-0.83944	-0.93853	-0.65648	0.025564	0.33705	0.67607	0.85988	0.75901	0.51519	0.24342	-0.067879	-0.30917	-0.45765	-0.41736	-0.36357	-0.30482	-0.18953	-0.086254	0.096543	0.13916	3.909
1013.5	0.16117	0.063923	-0.14121	-0.32334	-0.48333	-0.54533	-0.91335	-1.0036	-1.0409	-0.98734	-0.85734	-0.72069	-0.71535	0.13138	0.36932	0.6914	0.86258	0.78137	0.51933	0.27179	-0.072365	-0.3059	-0.43815	-0.42172	-0.37626	-0.32096	-0.21877	-0.07511	0.082838	0.12405	3.929
1013.1	0.17752	0.10349	-0.13679	-0.31022	-0.47362	-0.55515	-0.66663	-0.99948	-1.0384	-0.9956	-0.84442	-0.78314	-0.65648	0.17681	0.59634	0.75412	0.87667	0.76873	0.51519	0.26557	-0.066373	-0.31074	-0.43387	-0.41887	-0.37865	-0.32257	-0.20713	-0.086254	0.069199	0.11808	3.914
1013.7	0.17741	0.1006	-0.14267	-0.29383	-0.46672	-0.56757	-0.86518	-1.0019	-1.0507	-1.0106	-0.86546	-0.68948	-0.62649	0.010427	0.61215	0.69125	0.8746	0.77635	0.51486	0.26699	-0.064826	-0.31054	-0.43508	-0.44279	-0.36819	-0.28688	-0.18061	-0.091753	0.076747	0.14509	3.8841
1012.7	0.17315	0.11907	-0.12042	-0.30592	-0.45399	-0.5378	-0.80534	-0.97741	-1.0461	-1.0086	-0.87135	-0.78347	-0.62715	0.040697	0.43447	0.69197	0.86635	0.77068	0.51977	0.2546	-0.055856	-0.32499	-0.41919	-0.41904	-0.35066	-0.28422	-0.20868	-0.10297	0.076827	0.11662	3.924
1012.4	0.16134	0.090836	-0.12792	-0.30451	-0.46731	-0.57468	-0.93267	-0.99711	-1.0434	-1.0088	-0.85326	-0.72145	-0.59767	0.25259	0.59671	0.75459	0.87722	0.77408	0.52279	0.27841	-0.064907	-0.29838	-0.42076	-0.41459	-0.33458	-0.26207	-0.18671	-0.08353	0.075324	0.14829	3.8692
1012.7	0.16871	0.11624	-0.12192	-0.31624	-0.44077	-0.5394	-0.82512	-0.97741	-1.0518	-0.99915	-0.8647	-0.73685	-0.55314	0.025574	0.56415	0.83252	0.88162	0.77716	0.53286	0.27835	-0.067908	-0.31244	-0.42365	-0.40694	-0.30942	-0.23538	-0.1852	-0.089069	0.095065	0.11813	3.8741
1012	0.15401	0.12197	-0.15187	-0.30022	-0.46916	-0.59091	-0.8426	-1.0005	-1.0409	-0.99978	-0.87189	-0.61286	-0.64235	0.071015	0.58075	0.58303	0.86995	0.77116	0.52009	0.28803	-0.072471	-0.30321	-0.40755	-0.41628	-0.35742	-0.29033	-0.19853	-0.082173	0.082959	0.11067	3.8791
1011.8	0.14663	0.1121	-0.10857	-0.28996	-0.45437	-0.55265	-0.9064	-0.99474	-1.0469	-0.99057	-0.86044	-0.73746	-0.5388	0.10131	0.59709	0.69255	0.86249	0.79728	0.52166	0.27383	-0.055903	-0.31898	-0.43293	-0.42394	-0.35982	-0.29187	-0.19417	-0.087754	0.076891	0.11823	3.929
1010.8	0.17793	0.11646	-0.15057	-0.31831	-0.45816	-0.54362	-0.80403	-0.99578	-1.0437	-1.001	-0.85303	-0.55134	-0.59868	0.20753	0.56522	0.75586	0.89705	0.78675	0.51638	0.27888	-0.055961	-0.31774	-0.42445	-0.4259	-0.33001	-0.25213	-0.20025	-0.080885	0.084586	0.11986	3.9539
1009.3	0.17819	0.1138	-0.10585	-0.31435	-0.47376	-0.57328	-0.90727	-0.98521	-1.0467	-0.99936	-0.84095	-0.72372	-0.68866	0.10157	0.43593	0.64729	0.87233	0.80417	0.53757	0.29041	-0.062089	-0.30562	-0.43999	-0.41893	-0.36122	-0.29557	-0.18141	-0.08658	0.10911	0.097367	3.929
1008	0.17395	0.099752	-0.11648	-0.30438	-0.47768	-0.54029	-0.85732	-1.0015	-1.035	-0.99905	-0.87038	-0.86518	-0.70441	0.025693	0.53419	0.63241	0.88263	0.78727	0.5251	0.25419	-0.062168	-0.29812	-0.41963	-0.43314	-0.37743	-0.30338	-0.18459	-0.083899	0.10161	0.13078	3.8841
1007.4	0.16662	0.11686	-0.12406	-0.3105	-0.47964	-0.59044	-0.92745	-1.0067	-1.0675	-0.99968	-0.84755	-0.67821	-0.63045	0.1474	0.30638	0.67991	0.86631	0.7894	0.54005	0.27664	-0.042522	-0.30146	-0.4453	-0.41669	-0.35547	-0.29018	-0.1788	-0.082554	0.09251	0.13844	3.8991
1006.1	0.16981	0.13407	-0.11069	-0.29309	-0.46361	-0.54453	-0.8163	-0.98983	-1.0485	-0.98831	-0.8737	-0.7573	-0.61634	0.086655	0.58418	0.71221	0.89045	0.79366	0.52902	0.27539	-0.054704	-0.3129	-0.42492	-0.4096	-0.34942	-0.29055	-0.21004	-0.077065	0.086507	0.12648	3.929
1005.2	0.14163	0.10003	-0.11229	-0.31264	-0.469	-0.5788	-0.89383	-1.0073	-1.0712	-1.0097	-0.87276	-0.58568	-0.52741	0.14771	0.50301	0.68135	0.88813	0.78617	0.54706	0.27084	-0.072961	-0.30842	-0.45373	-0.42366	-0.34767	-0.28036	-0.19396	-0.092528	0.08505	0.12962	3.924
1003.5	0.18219	0.094495	-0.117	-0.29383	-0.46646	-0.56527	-0.82835	-1.0045	-1.0614	-1.0114	-0.87089	-0.77491	-0.70753	0.041067	0.61836	0.6825	0.8696	0.77932	0.50981	0.2665	-0.076125	-0.31528	-0.432	-0.42285	-0.37745	-0.3107	-0.17504	-0.078662	0.092862	0.13288	3.939
1003.1	0.15089	0.11022	-0.10649	-0.30586	-0.46165	-0.57519	-0.82584	-0.99731	-1.0516	-1.0102	-0.85952	-0.69677	-0.51357	0.14802	0.50408	0.69856	0.88847	0.78947	0.54968	0.26981	-0.06247	-0.30115	-0.43968	-0.43525	-0.35783	-0.27647	-0.16623	-0.091321	0.06375	0.14815	3.919
1001.2	0.17214	0.12043	-0.14143	-0.30346	-0.4408	-0.5585	-0.81456	-0.99314	-1.0566	-0.99948	-0.8578	-0.65093	-0.64929	0.20951	0.45585	0.82626	0.87009	0.80245	0.53749	0.26392	-0.070207	-0.31601	-0.43752	-0.42231	-0.41257	-0.36383	-0.20513	-0.098522	0.093078	0.11491	3.909
1000.1	0.17382	0.11198	-0.12798	-0.28438	-0.48142	-0.57204	-0.86405	-1.017	-1.0577	-1.0291	-0.8688	-0.85624	-0.67995	0.14846	0.45633	0.62157	0.87719	0.76883	0.50123	0.25458	-0.088585	-0.31952	-0.42744	-0.42582	-0.37717	-0.31326	-0.20089	-0.081743	0.040856	0.13334	3.939
1000.6	0.15727	0.1105	-0.15059	-0.29769	-0.49293	-0.56533	-0.89657	-1.009	-1.0645	-1.0049	-0.86339	-0.65134	-0.70963	0.010564	0.39049	0.65292	0.86909	0.77835	0.52163	0.27531	-0.062629	-0.3178	-0.44231	-0.43636	-0.36097	-0.28766	-0.19932	-0.10843	0.059297	0.095163	3.914
1001.2	0.16316	0.11329	-0.13237	-0.33328	-0.47089	-0.55365	-0.89171	-0.99162	-1.0478	-1.0153	-0.85276	-0.82389	-0.58941	0.087078	0.43944	0.74727	0.86391	0.76965	0.50953	0.25912	-0.083919	-0.32236	-0.44503	-0.42537	-0.37725	-0.31592	-0.19623	-0.077441	0.082318	0.10882	3.909
1001.4	0.16761	0.10755	-0.13083	-0.33618	-0.4758	-0.58263	-0.82724	-1.002	-1.0578	-1.012	-0.8677	-0.74512	-0.54439	0.071767	0.43935	0.63657	0.87917	0.77933	0.52119	0.27347	-0.071716	-0.32546	-0.42991	-0.42375	-0.36789	-0.30388	-0.2036	-0.08445	0.065395	0.10727	3.919
1001.2	0.15717	0.11472	-0.14294	-0.33477	-0.4642	-0.54557	-0.91457	-1.0159	-1.0741	-1.0169	-0.87292	-0.79243	-0.78404	0.041162	0.40663	0.6683	0.87009	0.74506	0.51836	0.26712	-0.070207	-0.31918	-0.46157	-0.43455	-0.38746	-0.3264	-0.1992	-0.10696	0.07617	0.087484	3.9041
1001	0.14372	0.1076	-0.14902	-0.33185	-0.49439	-0.57964	-0.92048	-1.0055	-1.0583	-0.99969	-0.85798	-0.6668	-0.48471	0.025872	0.48872	0.57365	0.88417	0.78786	0.50964	0.26558	-0.064127	-0.31449	-0.43911	-0.42546	-0.38589	-0.32347	-0.18588	-0.09292	0.06081	0.11189	3.924
999.93	0.17086	0.10199	-0.12044	-0.3143	-0.49994	-0.59482	-0.86281	-1.0005	-1.0696	-1.0198	-0.85553	-0.69899	-0.60516	0.16381	0.48924	0.65333	0.8712	0.7575	0.51312	0.24662	-0.080975	-0.30688	-0.44861	-0.41518	-0.32581	-0.25786	-0.19648	-0.08176	0.082423	0.11658	3.914
1001.2	0.15118	0.12186	-0.11878	-0.32582	-0.4408	-0.56497	-0.92458	-1.0068	-1.0639	-0.99154	-0.8578	-0.74528	-0.51455	0.22481	0.55422	0.81044	0.88244	0.7713	0.53454	0.26072	-0.082397	-0.3176	-0.44955	-0.4269	-0.36208	-0.29795	-0.20365	-0.10274	0.073095	0.10882	3.8941
1001.6	0.18553	0.10039	-0.13232	-0.32866	-0.49074	-0.57604	-0.83421	-1.017	-1.0547	-1.0102	-0.85408	-0.68208	-0.70888	0.10234	0.47203	0.6996	0.89441	0.75949	0.50784	0.2542	-0.083884	-0.31112	-0.44334	-0.42366	-0.34009	-0.27389	-0.21691	-0.088646	0.0746	0.12705	3.944
1001.8	0.15707	0.091798	-0.12172	-0.28539	-0.47059	-0.57915	-0.82118	-1.0001	-1.0632	-0.99567	-0.84886	-0.7448	-0.51422	0.056436	0.71774	0.65209	0.85256	0.77081	0.51362	0.26375	-0.073208	-0.30788	-0.43724	-0.43733	-0.34993	-0.26784	-0.18127	-0.073178	0.073049	0.13463	3.9041
1003.1	0.15537	0.09596	-0.12006	-0.29842	-0.46832	-0.5768	-0.82727	-0.98368	-1.0429	-1.015	-0.85617	-0.82233	-0.46875	0.16329	0.52044	0.8089	0.88384	0.79928	0.53206	0.26821	-0.053346	-0.30274	-0.42468	-0.41845	-0.37102	-0.31084	-0.20474	-0.10535	0.068353	0.10557	3.929
1004	0.15076	0.11155	-0.14556	-0.30114	-0.48793	-0.60372	-0.80377	-1.0086	-1.0639	-1.0252	-0.87889	-0.71187	-0.51314	0.056317	0.6508	0.69797	0.87385	0.78553	0.52134	0.27278	-0.08065	-0.32464	-0.44531	-0.43641	-0.36821	-0.29863	-0.20457	-0.073023	0.056031	0.15714	3.8692
1005.9	0.15346	0.11987	-0.13476	-0.30651	-0.50031	-0.59614	-0.76669	-1.0067	-1.0459	-0.99642	-0.85884	-0.75746	-0.69098	0.16284	0.56796	0.63375	0.88757	0.77098	0.52181	0.25791	-0.080497	-0.30665	-0.43549	-0.42492	-0.36074	-0.28912	-0.17759	-0.092469	0.063575	0.099213	3.919
1006.9	0.14883	0.094176	-0.1181	-0.28543	-0.46821	-0.53604	-0.77441	-1.0101	-1.0578	-1.0111	-0.87129	-0.81921	-0.61583	0.071374	0.63259	0.69591	0.86207	0.77995	0.5198	0.28312	-0.057689	-0.31579	-0.43204	-0.41991	-0.34385	-0.27393	-0.19363	-0.10355	0.07268	0.10971	3.929
1008	0.16949	0.10827	-0.14348	-0.30586	-0.49262	-0.54832	-0.97653	-0.9985	-1.0422	-1.0117	-0.85202	-0.67778	-0.73414	0.1777	0.46905	0.77362	0.8903	0.78076	0.54264	0.2701	-0.063681	-0.30915	-0.43457	-0.4073	-0.33286	-0.26769	-0.18753	-0.081106	0.052753	0.11262	3.8741
1008.8	0.16489	0.10676	-0.13737	-0.3204	-0.47562	-0.57673	-0.84101	-1.0067	-1.0544	-1.0187	-0.87631	-0.75523	-0.71866	0.13199	0.46866	0.85135	0.88955	0.77034	0.51297	0.27305	-0.059091	-0.31677	-0.44166	-0.43582	-0.36038	-0.28381	-0.18443	-0.078249	0.083221	0.12614	3.9539
1010.1	0.16765	0.10096	-0.12821	-0.30522	-0.46011	-0.56319	-0.88243	-1.016	-1.0472	-1.0143	-0.8802	-0.75428	-0.71776	0.20767	0.48431	0.64675	0.87159	0.797	0.52545	0.27588	-0.065057	-0.32109	-0.4277	-0.4292	-0.35991	-0.28345	-0.17684	-0.093473	0.081592	0.13051	3.8991
1011.2	0.15414	0.098023	-0.14004	-0.32999	-0.47121	-0.5578	-0.88433	-0.99236	-1.0534	-0.99433	-0.86597	-0.69122	-0.5836	0.10138	0.61369	0.81811	0.88291	0.7783	0.52344	0.27718	-0.057447	-0.30661	-0.44511	-0.42117	-0.3425	-0.27723	-0.20899	-0.096158	0.07694	0.11981	3.9041
1013.3	0.17748	0.10205	-0.12184	-0.30721	-0.47518	-0.55823	-0.87543	-0.99928	-1.0555	-1.0111	-0.86084	-0.75191	-0.65634	0.13141	0.40178	0.80077	0.86733	0.77667	0.52526	0.27027	-0.066359	-0.30283	-0.43527	-0.42332	-0.34974	-0.28109	-0.19975	-0.08207	0.076779	0.12107	3.9041
1014.4	0.1507	0.11746	-0.10382	-0.31571	-0.46973	-0.57839	-0.78566	-0.98925	-1.0587	-0.98808	-0.85165	-0.73561	-0.53745	0.14638	0.64413	0.722	0.87709	0.75482	0.51454	0.2526	-0.073809	-0.31191	-0.44668	-0.43194	-0.37794	-0.31035	-0.18636	-0.080597	0.087319	0.12846	3.8841
1014.8	0.16393	0.116	-0.12911	-0.30087	-0.46788	-0.5606	-0.89529	-0.99033	-1.0468	-0.99706	-0.84964	-0.78183	-0.50767	0.10102	0.41739	0.72169	0.86454	0.78039	0.52159	0.29673	-0.052733	-0.30552	-0.42721	-0.41817	-0.33902	-0.26738	-0.19067	-0.087497	0.079699	0.13592	3.919
1014.1	0.14186	0.13018	-0.13665	-0.30106	-0.44673	-0.54978	-0.86764	-0.98646	-1.0589	-1.004	-0.8452	-0.81338	-0.58189	0.16151	0.51477	0.87807	0.8788	0.7744	0.53353	0.27162	-0.058782	-0.30415	-0.42896	-0.41843	-0.34107	-0.27051	-0.19226	-0.084777	0.081268	0.14202	3.934
1012.7	0.14503	0.11624	-0.11146	-0.29708	-0.45564	-0.55858	-0.7333	-0.9924	-1.0605	-1.0039	-0.8647	-0.64357	-0.55314	-0.0046848	0.46689	0.64512	0.86025	0.77878	0.51395	0.27677	-0.055856	-0.30773	-0.42662	-0.42812	-0.34947	-0.27682	-0.20428	-0.080732	0.079866	0.13018	3.934
1012.2	0.1599	0.13184	-0.11749	-0.28836	-0.45253	-0.5796	-0.78731	-0.99732	-1.0638	-0.99329	-0.87503	-0.84602	-0.81991	0.040714	0.4022	0.70788	0.86824	0.771	0.53891	0.26263	-0.064921	-0.30943	-0.44613	-0.43436	-0.36871	-0.29915	-0.19702	-0.080766	0.098145	0.13174	3.8891
1011.6	0.18074	0.12202	-0.12653	-0.29444	-0.45116	-0.56716	-0.84154	-1.0025	-1.0414	-1.0049	-0.86561	-0.64424	-0.67225	0.040739	0.66214	0.53637	0.88254	0.77311	0.52177	0.28181	-0.064962	-0.3002	-0.41665	-0.43009	-0.37433	-0.30082	-0.18393	-0.068297	0.10125	0.14841	3.8891
1011.6	0.16444	0.12202	-0.12653	-0.30772	-0.45447	-0.55436	-0.9575	-0.99945	-1.0587	-0.99549	-0.86561	-0.84655	-0.61298	0.025601	0.46738	0.67706	0.87948	0.79745	0.54944	0.27389	-0.049883	-0.3159	-0.42707	-0.421	-0.35206	-0.28156	-0.18833	-0.094728	0.095165	0.14389	3.8791
1011	0.16455	0.10512	-0.13558	-0.32268	-0.47131	-0.5371	-0.75717	-1.0031	-1.0493	-1.0228	-0.89443	-0.69136	-0.64302	0.040765	0.41897	0.70877	0.87392	0.78821	0.52647	0.27723	-0.05595	-0.31767	-0.42882	-0.41975	-0.34415	-0.27729	-0.20903	-0.071125	0.089135	0.11682	3.8741
1010.3	0.178	0.12642	-0.11172	-0.29777	-0.46332	-0.56948	-0.88791	-0.99921	-1.06	-0.99517	-0.8667	-0.70739	-0.65827	-0.019867	0.37048	0.70922	0.876	0.79195	0.53263	0.26154	-0.051455	-0.31787	-0.42313	-0.4003	-0.33241	-0.26708	-0.17533	-0.083706	0.1029	0.14105	3.944
1008.4	0.1605	0.092617	-0.13293	-0.31905	-0.47582	-0.54006	-0.88959	-0.99959	-1.036	-1.0034	-0.86501	-0.52138	-0.70411	0.10166	0.4363	0.72625	0.89452	0.78043	0.53803	0.29702	-0.043989	-0.29169	-0.43289	-0.41473	-0.34839	-0.28542	-0.20219	-0.095026	0.10004	0.12619	3.919
1007.4	0.16365	0.11402	-0.11655	-0.30753	-0.46137	-0.56634	-0.77266	-1.0022	-1.0574	-1.0076	-0.86425	-0.80323	-0.48165	0.056127	0.46935	0.67991	0.86938	0.78125	0.51519	0.26868	-0.071293	-0.32827	-0.45278	-0.42733	-0.3414	-0.26786	-0.18618	-0.067188	0.095565	0.12481	3.8841
1006.1	0.16683	0.099941	-0.14676	-0.32424	-0.49522	-0.55097	-0.86464	-1.014	-1.0543	-0.99463	-0.8737	-0.74166	-0.54186	0.13235	0.66577	0.6965	0.88277	0.79203	0.50413	0.28974	-0.054704	-0.31606	-0.42941	-0.41721	-0.34577	-0.28012	-0.20414	-0.099443	0.089568	0.14013	3.8991
1005.2	0.17294	0.11853	-0.1183	-0.30521	-0.46067	-0.55465	-0.93083	-1.0118	-1.0698	-1.0129	-0.87946	-0.72662	-0.73616	0.20867	0.552	0.74427	0.86967	0.78943	0.53093	0.26924	-0.066891	-0.32107	-0.43876	-0.42366	-0.3663	-0.30272	-0.19988	-0.085529	0.095767	0.11748	3.919
1005.2	0.16996	0.10003	-0.13635	-0.30225	-0.45069	-0.55626	-0.82268	-0.99067	-1.048	-1.0113	-0.86607	-0.93021	-0.75106	0.17819	0.43768	0.74427	0.88813	0.7927	0.53533	0.2852	-0.062338	-0.2942	-0.43576	-0.42519	-0.37301	-0.30571	-0.18214	-0.10093	0.091175	0.14328	3.8841
1004.8	0.14467	0.084408	-0.15447	-0.32762	-0.46253	-0.54683	-0.7732	-1.0032	-1.0659	-0.99905	-0.86309	-0.75826	-0.61713	0.071525	0.56856	0.71311	0.88235	0.77016	0.52969	0.28691	-0.0654	-0.31804	-0.44494	-0.43604	-0.38603	-0.31926	-0.19404	-0.10377	0.054451	0.10843	3.8941
1004.8	0.15959	0.11288	-0.1319	-0.31723	-0.48252	-0.59193	-0.82302	-1.0183	-1.0615	-1.0417	-0.87481	-0.82094	-0.81106	0.086765	0.53589	0.71311	0.87773	0.77343	0.50477	0.26457	-0.088173	-0.31171	-0.44044	-0.41774	-0.36552	-0.30584	-0.19848	-0.10097	0.072833	0.13272	3.8642
1003.5	0.18518	0.087368	-0.13508	-0.32655	-0.46646	-0.55882	-0.90104	-1.0045	-1.0774	-1.0241	-0.87424	-0.79059	-0.61791	0.16322	0.58566	0.71401	0.87422	0.78095	0.54798	0.25851	-0.054843	-0.32477	-0.4425	-0.42285	-0.35826	-0.29278	-0.19577	-0.1039	0.088261	0.12376	3.8692
1003.1	0.15836	0.12733	-0.13815	-0.27908	-0.44497	-0.57196	-0.85294	-1.0124	-1.0808	-1.0213	-0.8964	-0.74386	-0.70783	0.056365	0.55316	0.71432	0.87768	0.80419	0.54234	0.289	-0.057909	-0.30591	-0.42468	-0.43372	-0.39537	-0.33176	-0.20622	-0.12078	0.068353	0.13598	3.8592
1002.3	0.14504	0.098894	-0.15034	-0.32697	-0.46538	-0.56275	-1.0078	-1.0194	-1.0598	-1.0428	-0.86864	-0.7916	-0.70843	0.10228	0.38983	0.65181	0.87071	0.77048	0.54133	0.27964	-0.062523	-0.31251	-0.44306	-0.43868	-0.38504	-0.31559	-0.19305	-0.092802	0.073018	0.11327	3.8891
1002.1	0.16302	0.13746	-0.10208	-0.31661	-0.45546	-0.56772	-0.88097	-1.0135	-1.079	-1.0303	-0.89903	-0.72893	-0.6637	-0.0047344	0.55375	0.82556	0.89249	0.79686	0.54585	0.2957	-0.047313	-0.3316	-0.43564	-0.41736	-0.35373	-0.29022	-0.19903	-0.074566	0.08532	0.14222	3.939
1002.1	0.1675	0.11747	-0.11868	-0.32108	-0.4588	-0.57095	-0.93521	-1.0044	-1.0703	-1.0161	-0.8705	-0.88603	-0.6637	0.056424	0.43907	0.73086	0.90175	0.7903	0.55026	0.2893	-0.047313	-0.29672	-0.43414	-0.40054	-0.35031	-0.29321	-0.18123	-0.091418	0.07764	0.12242	3.8991
1002.3	0.16896	0.11602	-0.13827	-0.30612	-0.48542	-0.56114	-0.86651	-1.0239	-1.0773	-1.0285	-0.87703	-0.5403	-0.70843	0.056412	0.55363	0.47824	0.9031	0.79341	0.52957	0.28124	-0.059479	-0.30617	-0.44607	-0.44021	-0.38776	-0.31858	-0.19305	-0.070339	0.094515	0.13305	3.929
1002.3	0.17196	0.12459	-0.11564	-0.33441	-0.48709	-0.5676	-0.8294	-1.0057	-1.0788	-1.0365	-0.9173	-0.85443	-0.63365	0.17872	0.52088	0.71492	0.87379	0.80324	0.53104	0.26524	-0.073177	-0.32043	-0.43705	-0.42951	-0.37537	-0.30811	-0.19157	-0.08157	0.082231	0.12697	3.8841
1002.7	0.17188	0.13024	-0.12765	-0.28515	-0.46852	-0.55767	-0.73489	-1.0144	-1.0565	-1.0154	-0.88169	-0.71277	-0.58854	0.14808	0.50429	0.66731	0.89963	0.79962	0.5602	0.30351	-0.057933	-0.29494	-0.42486	-0.42932	-0.34791	-0.26911	-0.18408	-0.068904	0.088335	0.15277	3.914
1002.5	0.18687	0.11885	-0.12466	-0.3269	-0.47864	-0.55618	-0.92055	-1.0055	-1.0742	-1.022	-0.89865	-0.79143	-0.79799	0.04111	0.58628	0.699	0.88286	0.7916	0.52064	0.27318	-0.047293	-0.30452	-0.42495	-0.4233	-0.32247	-0.24375	-0.19746	-0.089974	0.073003	0.14976	3.929
1003.1	0.16882	0.097386	-0.11403	-0.3014	-0.47333	-0.54937	-0.81729	-1.0064	-1.072	-1.0197	-0.87293	-0.88509	-0.54347	0.056365	0.40586	0.60396	0.87768	0.78456	0.54087	0.27461	-0.054866	-0.30115	-0.42768	-0.4215	-0.36381	-0.29739	-0.19289	-0.099738	0.069886	0.11621	3.8841
1005	0.15955	0.094355	-0.12886	-0.30082	-0.47742	-0.58054	-0.8869	-1.0226	-1.0584	-1.0241	-0.88131	-0.85209	-0.73631	0.056258	0.45411	0.65002	0.88986	0.7847	0.53105	0.27728	-0.060834	-0.30216	-0.43435	-0.4207	-0.32421	-0.2491	-0.19548	-0.098147	0.086598	0.14635	3.914
1005.9	0.15048	0.11134	-0.12124	-0.31096	-0.46704	-0.57361	-0.96437	-1.0157	-1.0604	-1.0154	-0.88726	-0.69486	-0.67608	0.10191	0.51901	0.68092	0.86144	0.78567	0.51449	0.28183	-0.050167	-0.3177	-0.42351	-0.4371	-0.38913	-0.32041	-0.2027	-0.081277	0.080405	0.12196	3.944
1007.8	0.17548	0.12532	-0.115	-0.32221	-0.49106	-0.58377	-0.83195	-1.0047	-1.0555	-1.0213	-0.85387	-0.56858	-0.76404	0.28415	0.48543	0.63255	0.87361	0.76952	0.52375	0.26061	-0.072776	-0.29188	-0.4242	-0.42563	-0.35258	-0.28262	-0.20674	-0.095086	0.063454	0.12022	3.8642
1008.8	0.14855	0.10392	-0.14636	-0.29968	-0.4723	-0.59759	-0.85377	-1.0172	-1.0732	-1.036	-0.87298	-0.83325	-0.73353	0.010477	0.50122	0.58486	0.87116	0.76057	0.51735	0.27623	-0.068165	-0.33251	-0.44166	-0.4343	-0.36703	-0.29867	-0.208	-0.086617	0.072542	0.13219	3.924
1010.1	0.16468	0.1222	-0.15366	-0.31556	-0.45348	-0.57601	-0.84561	-1.0099	-1.0689	-1.0095	-0.87521	-0.78544	-0.70293	0.071149	0.43557	0.80329	0.867	0.77262	0.53858	0.27588	-0.065057	-0.30693	-0.42918	-0.41251	-0.35349	-0.28939	-0.18714	-0.092081	0.098351	0.13806	3.919
1009.7	0.17366	0.10667	-0.11778	-0.30239	-0.45864	-0.55701	-0.98764	-1.0074	-1.0535	-1.0037	-0.85892	-0.67664	-0.67352	0.040816	0.5333	0.64702	0.87196	0.77619	0.53735	0.27758	-0.057532	-0.31178	-0.43533	-0.41876	-0.36675	-0.30287	-0.18575	-0.10606	0.078576	0.1079	3.8642
1010.8	0.16161	0.12071	-0.1012	-0.2814	-0.47472	-0.55162	-0.7078	-1.0168	-1.0553	-1.0026	-0.86634	-0.78495	-0.52453	0.025623	0.67893	0.67763	0.87563	0.77538	0.53387	0.27571	-0.051433	-0.31303	-0.43338	-0.41377	-0.35368	-0.29217	-0.19878	-0.090631	0.069358	0.13646	3.8941
1010.5	0.16906	0.098085	-0.15359	-0.32281	-0.49635	-0.55334	-1.025	-1.0095	-1.0569	-1.0311	-0.8765	-0.76955	-0.65813	0.025628	0.53285	0.69343	0.87429	0.78529	0.52086	0.2837	-0.06805	-0.31623	-0.429	-0.43054	-0.36962	-0.29817	-0.19	-0.1185	0.10288	0.1214	3.8841
1011.4	0.16596	0.12063	-0.11609	-0.31074	-0.48104	-0.58168	-0.94497	-1.0012	-1.0618	-1.002	-0.87244	-0.58212	-0.43527	0.1165	0.5324	0.81794	0.90413	0.79437	0.53207	0.28663	-0.061959	-0.31283	-0.4212	-0.42109	-0.33267	-0.2579	-0.19866	-0.068311	0.083011	0.11828	3.914
1011.2	0.16748	0.13056	-0.12658	-0.30342	-0.47121	-0.5546	-0.83907	-0.98785	-1.049	-1.0022	-0.84934	-0.8469	-0.56877	0.13168	0.50006	0.84939	0.8982	0.79129	0.5453	0.28035	-0.048395	-0.30347	-0.42129	-0.41814	-0.36637	-0.29946	-0.18253	-0.10868	0.086071	0.14395	3.939
1010.8	0.17496	0.098064	-0.096715	-0.30798	-0.47141	-0.56123	-0.87055	-1.0258	-1.0553	-1.0089	-0.87466	-0.67593	-0.70248	0.19237	0.46777	0.5994	0.87563	0.777	0.51492	0.26936	-0.086146	-0.34132	-0.44083	-0.44106	-0.38331	-0.3159	-0.21349	-0.098984	0.060223	0.10024	3.8841
1010.5	0.15572	0.11366	-0.12816	-0.3169	-0.47482	-0.55014	-0.72493	-1.005	-1.0656	-1.0075	-0.88316	-0.86301	-0.7323	0.040782	0.51661	0.86556	0.86511	0.77879	0.53106	0.26783	-0.046915	-0.30995	-0.43198	-0.41386	-0.34252	-0.27592	-0.19147	-0.086471	0.080034	0.14857	3.9041
1010.1	0.17359	0.12362	-0.12821	-0.31556	-0.48496	-0.5712	-0.85977	-0.9919	-1.053	-0.99066	-0.87354	-0.5361	-0.71776	0.16216	0.56557	0.64675	0.88996	0.80512	0.53129	0.28858	-0.054486	-0.2975	-0.43366	-0.43223	-0.37561	-0.30423	-0.1842	-0.080936	0.090734	0.13655	3.8941
1010.1	0.1543	0.11512	-0.12971	-0.31408	-0.47336	-0.55197	-0.76631	-0.99791	-1.0603	-1.0095	-0.85856	-0.78544	-0.56936	0.071149	0.54933	0.772	0.88078	0.78399	0.53275	0.25842	-0.072608	-0.3085	-0.43515	-0.41251	-0.39332	-0.34281	-0.19302	-0.10044	0.086162	0.13202	3.8991
1010.1	0.18249	0.081133	-0.15516	-0.3126	-0.49324	-0.54877	-0.90367	-1.0024	-1.0487	-1.0111	-0.85689	-0.62961	-0.59905	0.20767	0.54933	0.75634	0.88231	0.77912	0.52983	0.2727	-0.057508	-0.31008	-0.43813	-0.43375	-0.39277	-0.33094	-0.20626	-0.11298	0.084639	0.1139	3.8492
1010.8	0.16903	0.10656	-0.10569	-0.32422	-0.45154	-0.59326	-0.90169	-1.0108	-1.0639	-1.0136	-0.8497	-0.7538	-0.6135	0.11657	0.5165	0.83409	0.87257	0.76726	0.52366	0.26777	-0.055961	-0.30202	-0.42147	-0.41983	-0.36952	-0.307	-0.20319	-0.087846	0.08154	0.14401	3.9739
1010.3	0.1602	0.10518	-0.13866	-0.32731	-0.4716	-0.55666	-0.76614	-0.9962	-1.0456	-1.0109	-0.85838	-0.83203	-0.61376	0.22278	0.50048	0.66227	0.88365	0.75783	0.5268	0.26789	-0.063534	-0.30372	-0.43357	-0.42001	-0.32876	-0.25966	-0.21505	-0.08649	0.064819	0.13501	3.909
1010.3	0.16762	0.13067	-0.13567	-0.31402	-0.46995	-0.57749	-0.82278	-1.0172	-1.0557	-1.0093	-0.8667	-0.5983	-0.65827	0.17729	0.59797	0.78748	0.86682	0.7757	0.52534	0.26471	-0.060515	-0.3336	-0.43059	-0.42911	-0.37163	-0.29972	-0.17975	-0.078134	0.089192	0.12142	3.924
1010.1	0.16914	0.08963	-0.12522	-0.31408	-0.46342	-0.55197	-0.77622	-1.0039	-1.0603	-1.0253	-0.87021	-0.66078	-0.55453	0.10148	0.51683	0.80329	0.86853	0.76774	0.51816	0.27429	-0.071099	-0.3085	-0.44558	-0.43375	-0.37314	-0.30126	-0.17978	-0.079542	0.098351	0.11994	3.9589
1010.3	0.14388	0.10377	-0.10573	-0.2889	-0.4716	-0.57749	-0.97569	-1.0037	-1.0412	-0.99517	-0.85505	-0.58273	-0.65827	0.071134	0.54922	0.584	0.88365	0.77895	0.51659	0.26947	-0.065043	-0.3163	-0.42462	-0.4185	-0.358	-0.28785	-0.17681	-0.053063	0.083099	0.10934	3.929
1010.5	0.18686	0.10375	-0.14162	-0.30361	-0.46819	-0.56616	-0.88914	-1.0065	-1.0468	-1.0107	-0.8582	-0.67607	-0.65813	0.26822	0.64657	0.80296	0.89112	0.77229	0.52523	0.27418	-0.069559	-0.30523	-0.41858	-0.41992	-0.32574	-0.24774	-0.19147	-0.08508	0.081558	0.12744	3.909
1009.3	0.1574	0.11097	-0.11184	-0.30252	-0.44889	-0.55885	-0.869	-1.0093	-1.0597	-1.0088	-0.86594	-0.66133	-0.51044	0.10157	0.48472	0.67863	0.87692	0.77652	0.52589	0.26658	-0.068136	-0.31978	-0.4385	-0.4326	-0.36173	-0.28815	-0.18877	-0.092158	0.06946	0.11097	3.8941
1008.4	0.15604	0.10964	-0.12693	-0.31313	-0.46088	-0.57698	-0.81866	-1.0071	-1.0693	-1.0223	-0.87835	-0.92727	-0.83788	0.086455	0.4363	0.66352	0.87459	0.76903	0.52049	0.25885	-0.074244	-0.30902	-0.4314	-0.42688	-0.34667	-0.27353	-0.19777	-0.085259	0.08936	0.12317	3.8941
1007.1	0.1607	0.091315	-0.11358	-0.32094	-0.4382	-0.56806	-0.76288	-0.99784	-1.0648	-1.0078	-0.8661	-0.83466	-0.55617	0.22348	0.48574	0.72717	0.88491	0.78957	0.53578	0.27829	-0.071308	-0.30784	-0.44091	-0.42286	-0.35212	-0.2828	-0.18769	-0.075585	0.10017	0.13392	3.8642
1006.7	0.1712	0.11409	-0.13315	-0.30773	-0.48327	-0.56026	-0.86551	-1.0058	-1.0537	-1.0145	-0.87482	-0.67863	-0.72018	0.20837	0.63272	0.66464	0.89603	0.77685	0.53308	0.28318	-0.071338	-0.31428	-0.4426	-0.43674	-0.37496	-0.30674	-0.20548	-0.097982	0.072695	0.1067	3.939
1005.7	0.15349	0.092871	-0.12427	-0.31102	-0.47213	-0.56568	-0.91052	-0.99176	-1.0867	-1.0187	-0.87407	-0.94546	-0.5868	0.16287	0.45383	0.58671	0.88468	0.77604	0.5351	0.26435	-0.088099	-0.31145	-0.44905	-0.42806	-0.39738	-0.33539	-0.17319	-0.095287	0.083484	0.13109	3.8791
1004.6	0.15664	0.11433	-0.11838	-0.30838	-0.4643	-0.58884	-0.94281	-1.0034	-1.0588	-1.0167	-0.87834	-0.7741	-0.61726	0.1478	0.38893	0.8392	0.88869	0.803	0.54447	0.29495	-0.066933	-0.29913	-0.43154	-0.41478	-0.33574	-0.26711	-0.19408	-0.089784	0.071316	0.14186	3.924
1003.1	0.18526	0.12306	-0.13966	-0.31627	-0.46499	-0.57035	-0.83012	-0.99882	-1.0648	-1.0087	-0.8679	-0.77524	-0.51357	0.071646	0.48769	0.76162	0.8823	0.79274	0.535	0.27621	-0.03966	-0.30115	-0.42017	-0.43678	-0.36838	-0.28992	-0.18696	-0.10114	0.11131	0.13446	3.919
1002.3	0.18093	0.12887	-0.10206	-0.28825	-0.46204	-0.56114	-1.0007	-1.0088	-1.0715	-1.0238	-0.85689	-0.82302	-0.70843	0.10228	0.42261	0.76226	0.8923	0.77212	0.53104	0.27324	-0.067089	-0.29666	-0.43255	-0.42645	-0.34075	-0.26474	-0.19009	-0.077359	0.099122	0.16654	3.8991
