31121	6	11	91	26.4	756	3	39	-40	-0.72942	256	8192	5	0	0	0	0	4.4001	958.37	1.4386e+006	0.11656	-8.6578e-005	40.437	0	0	1	0	0	0	13	0	0
616.4	-1.371	-1.3985	-1.2914	-0.72823	-1.4575	-1.6275	-1.4014	-1.3611	-1.3633	-1.3543	-1.3313	-1.4358	-1.3747	-1.481	-1.5612	-1.4162	-1.2364	-0.25967	0.68177	1.0715	1.2313	1.0953	0.90416	0.64645	0.41909	0.2815	0.10289	-0.17007	-0.58294	-0.89611	38.7
611.86	-0.99897	-1.0418	-1.2713	-0.8873	-1.6325	-1.5337	-1.531	-1.4879	-1.4403	-1.4526	-1.4511	-1.4207	-1.5073	-1.4169	-1.5996	-1.5042	-1.3492	-0.34478	0.65794	1.0794	1.2579	1.1606	0.92071	0.66878	0.44276	0.31053	0.15223	-0.11614	-0.48665	-0.7432	38.534
593.25	-0.92418	-0.99731	-1.2169	-0.87236	-1.5313	-1.4563	-1.497	-1.4987	-1.4412	-1.5062	-1.4427	-1.3857	-1.5041	-1.4097	-1.4285	-1.6047	-1.2846	-0.29748	0.73569	1.1376	1.2613	1.1595	0.92167	0.66651	0.41856	0.27732	0.13446	-0.13639	-0.48116	-0.70223	38.393
611.42	-0.8722	-0.97702	-1.2129	-0.74879	-1.5132	-1.601	-1.5415	-1.4641	-1.3577	-1.3705	-1.4219	-1.1127	-1.4839	-1.2425	-1.3591	-1.7381	-1.2743	-0.31011	0.6825	1.0828	1.2438	1.1562	0.91397	0.68679	0.44895	0.31075	0.17907	-0.086302	-0.41148	-0.63645	38.217
558.16	-1.3314	-1.2907	-1.3503	-0.64378	-1.3308	-1.3971	-1.3656	-1.3862	-1.3145	-1.3561	-1.3707	-1.1908	-1.3838	-1.3061	-1.5771	-1.819	-1.1106	-0.10441	0.85322	1.2465	1.3242	1.2124	0.90949	0.659	0.37928	0.21688	0.076354	-0.23068	-0.60793	-0.94862	38.098
617.91	-1.2415	-1.2145	-1.3054	-0.63708	-1.2996	-1.2568	-1.1965	-1.2251	-1.1732	-1.1735	-1.2001	-1.0501	-1.2985	-1.155	-1.398	-1.3104	-0.99569	-0.12354	0.75401	1.1259	1.2233	1.0875	0.81424	0.56552	0.31729	0.16922	0.0088494	-0.2858	-0.66869	-0.97045	37.957
630.01	-1.4817	-1.5249	-1.2131	-0.66274	-1.3171	-1.379	-1.3143	-1.2618	-1.2411	-1.267	-1.2464	-1.1549	-0.96428	-1.1085	-1.1888	-1.4609	-1.0968	-0.18371	0.73252	1.0814	1.2144	1.0691	0.84399	0.59357	0.3452	0.1969	0.034626	-0.21553	-0.65829	-1.0123	37.811
595.85	-1.1566	-1.3219	-1.3004	-0.74082	-1.3898	-1.45	-1.4017	-1.3673	-1.2584	-1.265	-1.2473	-1.0626	-1.0699	-1.1978	-1.0916	-1.3589	-1.0429	-0.10332	0.82149	1.1891	1.2686	1.1224	0.86207	0.62246	0.38542	0.23838	0.064046	-0.21845	-0.62629	-0.88862	37.656
613.37	-1.539	-1.4753	-1.4457	-0.70262	-1.3774	-1.3479	-1.3103	-1.2911	-1.2415	-1.278	-1.2062	-1.0066	-1.2104	-1.2385	-1.3816	-1.3716	-1.0535	-0.1539	0.74999	1.1107	1.2249	1.0955	0.82027	0.57969	0.31444	0.15581	0.00407	-0.31544	-0.74139	-1.1219	37.488
621.59	-1.3933	-1.3569	-1.2466	-0.65012	-1.2004	-1.1816	-1.1688	-1.1128	-1.0958	-1.095	-1.0794	-1.2718	-1.1703	-1.025	-1.0992	-1.1245	-0.88783	-0.030374	0.81118	1.1399	1.194	1.0248	0.75372	0.50548	0.26909	0.11999	-0.070092	-0.35428	-0.78359	-1.058	37.35
623.1	-1.082	-1.0414	-1.1586	-0.59345	-1.3371	-1.2904	-1.322	-1.2466	-1.2315	-1.2581	-1.2306	-1.3698	-1.2396	-1.1208	-1.5181	-1.4517	-1.0321	-0.11724	0.7903	1.1011	1.1985	1.0402	0.82195	0.59032	0.33892	0.18706	0.035011	-0.22922	-0.53962	-0.81793	37.239
601.26	-1.029	-1.1006	-1.1378	-0.67458	-1.2827	-1.3562	-1.3605	-1.4055	-1.3369	-1.3064	-1.3284	-1.1054	-1.509	-1.3399	-1.3821	-1.6886	-1.0953	-0.16792	0.77245	1.1544	1.2268	1.1097	0.82677	0.56844	0.31695	0.1764	0.041225	-0.23286	-0.57202	-0.82227	37.029
630.88	-1.014	-1.1328	-1.13	-0.65947	-1.5488	-1.4746	-1.4826	-1.4551	-1.3228	-1.3232	-1.3194	-1.2781	-1.2481	-1.3499	-1.2912	-1.509	-1.0512	-0.12881	0.74085	1.1155	1.2006	1.0878	0.83807	0.5879	0.35782	0.22752	0.086399	-0.16171	-0.54273	-0.78608	36.877
600.83	-1.3491	-1.3442	-1.262	-0.78188	-1.4368	-1.4918	-1.402	-1.3914	-1.3841	-1.4211	-1.377	-1.3944	-1.3853	-1.7234	-1.4378	-1.5582	-1.1038	-0.15984	0.77301	1.1579	1.2378	1.0682	0.82486	0.551	0.30315	0.16156	0.0016831	-0.28456	-0.71845	-1.0031	36.769
614.45	-1.3241	-1.6171	-1.3767	-0.80097	-1.4186	-1.4245	-1.315	-1.2592	-1.168	-1.2137	-1.1384	-0.97917	-1.1838	-0.86229	-1.3524	-1.1376	-0.90569	-0.02271	0.86616	1.1505	1.2377	1.0652	0.77962	0.55623	0.3018	0.13846	-0.039468	-0.32863	-0.70251	-0.99081	36.657
634.55	-1.242	-1.2706	-1.0543	-0.62743	-1.1231	-1.1396	-1.1201	-1.1403	-1.0803	-1.1077	-1.0626	-0.94815	-1.0282	-1.0764	-0.9474	-1.2262	-0.80391	0.037512	0.82247	1.1368	1.1768	1.0114	0.74781	0.49274	0.25042	0.11046	-0.04056	-0.31378	-0.68754	-0.97385	36.487
633.04	-1.2142	-1.251	-1.2861	-0.60535	-1.1681	-1.2114	-1.3284	-1.2246	-1.1937	-1.2459	-1.1927	-1.1245	-1.1491	-1.1274	-1.5461	-1.5039	-0.91573	-0.029824	0.82676	1.1193	1.2038	1.0138	0.78289	0.53506	0.29923	0.15334	-0.026574	-0.27452	-0.60895	-0.87738	36.338
606.67	-1.2571	-1.4657	-1.3545	-0.72023	-1.2437	-1.3281	-1.306	-1.2878	-1.2191	-1.2608	-1.2057	-1.1734	-1.2732	-1.0754	-1.2886	-1.465	-0.94279	-0.0094713	0.86756	1.1891	1.2712	1.0814	0.81196	0.55832	0.31981	0.17483	-0.00078123	-0.28877	-0.64557	-0.94318	36.172
611.64	-1.4184	-1.3836	-1.3237	-0.79977	-1.4525	-1.4602	-1.3936	-1.3643	-1.2975	-1.2765	-1.2619	-1.0352	-1.3363	-1.2671	-1.305	-1.5306	-0.94776	-0.052338	0.82678	1.1716	1.2234	1.0908	0.79797	0.54626	0.29122	0.1538	0.042953	-0.25192	-0.67555	-0.99786	35.978
617.91	-1.3676	-1.314	-1.2564	-0.77716	-1.3321	-1.3772	-1.3123	-1.2595	-1.2087	-1.2327	-1.2083	-1.203	-1.3228	-1.155	-1.2652	-1.5919	-0.93815	-0.035868	0.82078	1.1674	1.1888	1.0309	0.75576	0.506	0.24634	0.089171	-0.077724	-0.37233	-0.78576	-1.0766	35.815
640.6	-1.3683	-1.493	-1.3819	-0.71003	-1.2588	-1.2274	-1.1832	-1.1912	-1.1819	-1.1964	-1.1838	-1.0129	-1.2759	-1.138	-1.246	-1.4121	-0.82528	0.024344	0.8446	1.1386	1.13	0.97952	0.69844	0.47373	0.22923	0.083673	-0.056413	-0.35036	-0.69546	-0.98133	35.615
626.12	-0.95466	-1.034	-1.1216	-0.58343	-1.1783	-1.2635	-1.3202	-1.3133	-1.2582	-1.2825	-1.2676	-1.3129	-1.3533	-1.4091	-1.4846	-1.5962	-0.90856	-0.0039335	0.8453	1.1675	1.1951	1.0529	0.76749	0.51894	0.29846	0.17658	0.044334	-0.21238	-0.51735	-0.72871	35.488
644.92	-1.1639	-1.1725	-1.1663	-0.70296	-1.2841	-1.2995	-1.2684	-1.2633	-1.2555	-1.2426	-1.2202	-1.2502	-1.1744	-1.2967	-1.2886	-1.4762	-0.94441	-0.021638	0.80925	1.1111	1.1437	0.98528	0.73579	0.48244	0.24894	0.11565	-0.03069	-0.27601	-0.60728	-0.88487	35.37
640.38	-1.2073	-1.2121	-1.3233	-0.65201	-1.2357	-1.1899	-1.2283	-1.194	-1.1366	-1.1572	-1.1186	-1.3329	-1.1359	-1.282	-1.4002	-1.3632	-0.77969	0.067936	0.83569	1.1039	1.1328	0.93768	0.67988	0.4045	0.16675	0.029868	-0.13765	-0.37245	-0.72934	-0.95784	35.256
636.06	-0.99395	-1.0111	-1.2634	-0.68459	-1.3914	-1.4066	-1.4098	-1.4456	-1.3855	-1.4298	-1.4302	-1.3666	-1.6149	-1.3148	-1.7711	-1.8448	-0.99158	-0.068396	0.83441	1.1568	1.1788	1.0415	0.73419	0.5277	0.28681	0.14554	0.027288	-0.2157	-0.49959	-0.70533	35.047
649.02	-1.2674	-1.2136	-1.5061	-0.7882	-1.4565	-1.3486	-1.2758	-1.2085	-1.1958	-1.2005	-1.1814	-1.1211	-1.0977	-1.2177	-1.1286	-1.2232	-0.85507	0.024029	0.82684	1.1065	1.1271	0.93254	0.68938	0.44162	0.22687	0.094135	-0.087738	-0.34148	-0.7149	-0.96154	34.942
640.81	-1.1854	-1.1398	-1.2068	-0.61431	-1.1121	-1.1563	-1.1627	-1.1315	-1.1245	-1.1415	-1.0942	-0.86521	-0.99481	-1.1137	-1.2456	-1.1895	-0.69955	0.1345	0.8995	1.1708	1.1582	0.96927	0.70056	0.45923	0.22675	0.088324	-0.067989	-0.29974	-0.67842	-0.91434	34.704
647.94	-1.251	-1.2774	-1.1212	-0.60525	-1.1154	-1.1286	-1.1565	-1.1191	-1.085	-1.048	-1.0381	-1.0743	-1.0995	-1.1252	-1.0038	-1.0056	-0.64176	0.15835	0.88506	1.1257	1.1455	0.90467	0.65568	0.39742	0.15747	0.020265	-0.12916	-0.37897	-0.72084	-0.9655	34.608
659.16	-1.1638	-1.2123	-1.3132	-0.75796	-1.3478	-1.3623	-1.3408	-1.3258	-1.2882	-1.2784	-1.2832	-1.2232	-1.24	-1.3152	-1.5596	-1.5642	-0.95214	-0.028642	0.79623	1.1041	1.1422	0.98568	0.73816	0.50921	0.2762	0.13362	-0.025521	-0.23162	-0.58715	-0.84261	34.429
638.22	-1.263	-1.1982	-1.2852	-0.68462	-1.1638	-1.1736	-1.1652	-1.1837	-1.1473	-1.1586	-1.1593	-0.99205	-1.2337	-1.1423	-1.3278	-1.12	-0.66121	0.1479	0.92162	1.1529	1.1294	0.94085	0.65387	0.41068	0.1767	0.037014	-0.12182	-0.39796	-0.73181	-0.94435	34.268
639.09	-1.1393	-1.1765	-1.2172	-0.70004	-1.3744	-1.3975	-1.3494	-1.2891	-1.2852	-1.3484	-1.3314	-1.3848	-1.2789	-1.2606	-1.6599	-1.5391	-0.90948	0.05523	0.87888	1.1564	1.1685	0.98432	0.72365	0.47246	0.2462	0.11202	-0.051899	-0.25651	-0.59355	-0.88101	34.098
653.12	-1.1103	-1.1008	-1.1679	-0.59816	-1.1501	-1.1097	-1.0904	-1.1265	-1.0809	-1.0957	-1.0633	-1.0658	-1.2744	-0.92854	-1.1718	-1.2155	-0.62246	0.16213	0.91639	1.1217	1.1083	0.91209	0.60208	0.3802	0.16106	0.03158	-0.10766	-0.36734	-0.6727	-0.8831	33.946
664.34	-1.1615	-1.1598	-1.1777	-0.64872	-1.1836	-1.1616	-1.1431	-1.1692	-1.1308	-1.1322	-1.139	-1.1426	-1.456	-1.2358	-1.2262	-1.4568	-0.67944	0.10502	0.88539	1.1221	1.0942	0.93017	0.63496	0.40606	0.16028	0.024277	-0.083477	-0.31454	-0.64976	-0.87278	33.78
662.83	-1.0827	-1.1343	-1.1325	-0.54887	-1.204	-1.2644	-1.2622	-1.2154	-1.1687	-1.1947	-1.1746	-1.0977	-1.0974	-1.1692	-1.4766	-1.3409	-0.72996	0.12508	0.87629	1.1149	1.122	0.91551	0.65685	0.40699	0.17964	0.051471	-0.08815	-0.31738	-0.61177	-0.85636	33.622
667.79	-1.1263	-1.1538	-1.0743	-0.50904	-1.1424	-1.1556	-1.135	-1.0744	-1.0637	-1.074	-1.0702	-0.92454	-1.1791	-1.0229	-1.2936	-1.3072	-0.55091	0.22494	0.92935	1.1379	1.0977	0.90633	0.63168	0.36725	0.13592	0.0084417	-0.132	-0.36349	-0.6925	-0.91852	33.46
668.22	-1.0246	-1.001	-1.1686	-0.70302	-1.2418	-1.2251	-1.145	-1.1397	-1.098	-1.0852	-1.1072	-1.0417	-1.1783	-1.091	-1.3173	-1.3064	-0.64078	0.15109	0.89347	1.1203	1.0947	0.89148	0.62226	0.37619	0.14035	0.010678	-0.1119	-0.35694	-0.63908	-0.82205	33.293
658.73	-0.94837	-1.0285	-1.0133	-0.59307	-1.1759	-1.1641	-1.1897	-1.1607	-1.1338	-1.1298	-1.1181	-0.88947	-1.1725	-1.0369	-1.1619	-1.0851	-0.6289	0.20561	0.93318	1.1706	1.129	0.95015	0.65637	0.40254	0.18179	0.063169	-0.06163	-0.29158	-0.56885	-0.76443	33.177
669.73	-0.91265	-0.90478	-0.93345	-0.60784	-1.1116	-1.1402	-1.136	-1.1212	-1.113	-1.1349	-1.1374	-0.96887	-1.019	-1.3173	-1.0937	-1.1381	-0.62087	0.21203	0.88046	1.1274	1.1036	0.86812	0.62985	0.35475	0.15323	0.041987	-0.1183	-0.2931	-0.60317	-0.76326	33.01
679.22	-1.1537	-1.2565	-1.0985	-0.60375	-1.1182	-1.0933	-1.1054	-1.0944	-1.0975	-1.1097	-1.0893	-0.95534	-1.0489	-1.2313	-1.296	-0.95926	-0.57351	0.21149	0.89202	1.0998	1.077	0.84664	0.58559	0.33626	0.1214	-0.0027348	-0.15603	-0.36566	-0.65592	-0.88735	32.87
662.83	-0.98773	-0.99621	-1.0367	-0.59165	-1.055	-1.0715	-1.0399	-1.071	-1.032	-1.0293	-1.0249	-0.9077	-0.93914	-0.96119	-1.0308	-1.1739	-0.46641	0.3034	0.95853	1.1585	1.0921	0.88435	0.5978	0.3307	0.11957	0.0062425	-0.13299	-0.34285	-0.63267	-0.82874	32.656
681.8	-1.1009	-1.0986	-1.0456	-0.56424	-1.0379	-1.0512	-1.0299	-1.0635	-1.0354	-1.0636	-1.0235	-0.99789	-0.935	-1.0018	-1.0985	-1.2108	-0.46249	0.30219	0.92754	1.1098	1.0371	0.82712	0.55467	0.30352	0.083509	-0.035702	-0.16198	-0.36427	-0.67375	-0.8907	32.502
691.5	-1.157	-1.2094	-1.0703	-0.56928	-1.1177	-1.0668	-1.0465	-1.0288	-1.0082	-0.9958	-0.9751	-1.0522	-0.94356	-0.9878	-1.1068	-1.0794	-0.42024	0.29083	0.94223	1.1058	1.0667	0.82471	0.54907	0.31035	0.099882	-0.024363	-0.17905	-0.39986	-0.71995	-0.95763	32.352
686.76	-1.1759	-1.1615	-1.0975	-0.5906	-1.162	-1.2038	-1.112	-1.089	-1.0918	-1.0975	-1.0749	-0.94485	-0.99374	-1.0616	-1.0666	-1.2481	-0.5357	0.21394	0.91012	1.0901	1.0496	0.82809	0.55505	0.30133	0.082473	-0.041993	-0.1911	-0.38828	-0.70026	-0.92425	32.212
671.24	-0.97759	-1.0796	-1.1521	-0.61759	-1.1465	-1.1087	-1.1143	-1.13	-1.0974	-1.0969	-1.0947	-1.1074	-1.1284	-1.1317	-1.4092	-1.1356	-0.4928	0.25803	0.9553	1.1201	1.0784	0.83303	0.54994	0.31743	0.095409	-0.029566	-0.15567	-0.37839	-0.65455	-0.85699	32.076
677.49	-0.99733	-1.0148	-1.0009	-0.60088	-1.1655	-1.1964	-1.1462	-1.1151	-1.1153	-1.068	-1.0797	-1.074	-1.1401	-1.3248	-1.0085	-1.1718	-0.4449	0.30653	0.96606	1.1618	1.082	0.823	0.57597	0.32807	0.11363	-0.0049551	-0.13888	-0.33128	-0.62351	-0.79054	31.935
692.36	-0.9521	-1.0095	-1.0733	-0.55348	-1.1308	-1.0819	-1.0555	-1.0626	-1.0576	-1.0932	-1.0686	-1.0964	-1.0723	-1.053	-1.3662	-0.98673	-0.45098	0.30232	0.92191	1.0743	1.0345	0.79844	0.54186	0.29004	0.072253	-0.041653	-0.15522	-0.35262	-0.59679	-0.8	31.738
672.75	-1.02	-1.1623	-1.1293	-0.58958	-1.1414	-1.1567	-1.1181	-1.0959	-1.0841	-1.1062	-1.0973	-1.0113	-1.215	-1.0609	-1.2352	-1.1565	-0.43885	0.30869	0.96192	1.1366	1.0647	0.84297	0.55318	0.29394	0.062119	-0.06069	-0.17962	-0.40682	-0.69197	-0.89815	31.583
701.62	-0.98653	-1.0308	-1.0139	-0.57809	-1.0634	-1.0676	-0.95999	-0.94472	-0.92916	-0.94747	-0.94665	-0.85752	-0.86587	-0.73333	-0.90363	-0.81593	-0.33485	0.37554	0.97903	1.1264	1.0426	0.80602	0.51754	0.2884	0.06945	-0.053921	-0.17858	-0.38206	-0.61743	-0.81118	31.432
709.37	-1.0645	-1.07	-1.0774	-0.55073	-1.0919	-1.1107	-1.0282	-1.0521	-1.0014	-1.0133	-1.0264	-0.80377	-0.89867	-0.94133	-1.0095	-1.0522	-0.40965	0.32284	0.93511	1.1073	1.0355	0.82185	0.53523	0.29389	0.067912	-0.05122	-0.15568	-0.39574	-0.63672	-0.87544	31.258
692.79	-0.94069	-0.9903	-1.0595	-0.5316	-1.0239	-1.0392	-0.98462	-0.9743	-0.97474	-0.96414	-0.95386	-0.89118	-0.83364	-1.1408	-1.0573	-0.98612	-0.29672	0.39455	0.94047	1.0922	0.98984	0.76355	0.46981	0.22351	0.0098521	-0.10004	-0.20445	-0.39912	-0.65862	-0.81272	31.064
707	-0.9769	-1.0028	-0.95055	-0.53147	-0.9867	-0.96103	-0.95269	-0.92679	-0.93655	-0.93352	-0.91804	-0.91779	-0.77446	-1.0095	-0.96642	-0.69788	-0.29513	0.41448	0.96116	1.102	1.0109	0.76168	0.49018	0.24502	0.041996	-0.070474	-0.20665	-0.38512	-0.66498	-0.85032	30.965
687.62	-1.0677	-1.056	-1.0939	-0.52691	-1.0729	-1.1129	-1.0732	-1.0987	-1.0415	-1.0407	-1.0686	-0.94366	-1.1451	-1.0379	-0.94591	-1.2235	-0.29895	0.37841	0.98825	1.1214	1.0084	0.78084	0.47991	0.23856	0.018279	-0.098617	-0.20816	-0.42258	-0.66805	-0.83214	30.761
718.84	-0.87532	-0.87879	-0.90334	-0.49988	-0.93786	-0.92719	-0.92108	-0.91786	-0.90284	-0.94688	-0.931	-0.83698	-0.97023	-0.95023	-1.1104	-1.0604	-0.25586	0.40537	0.94534	1.0615	0.96458	0.7403	0.47164	0.22181	0.01815	-0.083908	-0.18671	-0.35138	-0.58123	-0.74083	30.638
707.86	-0.85925	-0.89444	-0.9558	-0.56456	-0.99023	-0.97129	-0.98386	-0.99431	-0.98494	-1.002	-1.012	-1.1168	-0.90058	-1.1598	-1.174	-1.0098	-0.2904	0.42325	0.97872	1.0848	1.0097	0.74505	0.47895	0.22092	0.042206	-0.055563	-0.2064	-0.35484	-0.5598	-0.7243	30.481
724.21	-0.92057	-0.94733	-0.97597	-0.51059	-1.021	-0.98959	-0.9735	-1.0012	-0.95261	-0.95301	-0.91712	-0.89598	-1.0458	-1.0067	-1.1475	-0.89966	-0.2134	0.4341	0.96273	1.0714	0.97848	0.72822	0.45566	0.22651	0.030468	-0.075005	-0.18943	-0.36431	-0.60029	-0.80273	30.296
703.56	-0.87303	-0.89991	-0.98099	-0.51074	-0.99391	-0.97494	-1.0041	-0.99392	-0.98058	-0.98551	-0.96078	-1.0118	-0.9913	-1.0798	-1.0178	-0.76873	-0.24384	0.43984	0.9889	1.1165	1.0224	0.76089	0.47546	0.24405	0.060911	-0.045251	-0.19288	-0.36501	-0.6026	-0.75692	30.158
705.92	-0.98688	-0.96174	-0.99698	-0.53862	-0.98821	-0.98542	-0.95009	-0.96907	-0.94832	-0.9732	-0.97423	-0.96379	-0.79688	-1.1195	-1.1307	-1.0798	-0.17732	0.48255	1.0065	1.1082	0.9779	0.73134	0.44188	0.20416	-0.0014441	-0.1088	-0.21539	-0.39767	-0.62456	-0.8192	29.973
717.54	-0.9333	-0.998	-0.95133	-0.51118	-0.97454	-0.93112	-0.94866	-0.91528	-0.90853	-0.90873	-0.89517	-0.94818	-0.90931	-1.0587	-1.1353	-0.68762	-0.14644	0.4816	0.97578	1.0813	0.97695	0.70399	0.42003	0.17096	-0.020135	-0.11957	-0.24089	-0.42653	-0.6788	-0.84208	29.844
717.76	-0.85158	-0.86616	-0.93419	-0.4736	-0.96725	-0.96692	-0.99022	-0.95309	-0.94489	-0.93945	-0.92771	-0.90404	-0.8464	-0.95166	-0.70035	-0.77554	-0.13132	0.50204	1.0248	1.1279	1.0022	0.73477	0.44508	0.19866	0.004223	-0.094475	-0.20355	-0.38915	-0.60354	-0.75044	29.667
732.6	-0.8732	-0.90915	-0.95035	-0.50882	-0.97507	-0.9385	-0.96236	-0.95245	-0.93373	-0.96162	-0.92958	-0.90722	-0.93156	-0.97421	-1.0447	-0.71666	-0.16243	0.46722	0.97785	1.0525	0.94854	0.70037	0.41551	0.19045	0.0027704	-0.10075	-0.22377	-0.39664	-0.61653	-0.78313	29.515
735.82	-0.86734	-0.85267	-0.89687	-0.50659	-0.91394	-0.90579	-0.8901	-0.90906	-0.85817	-0.86673	-0.91179	-0.83906	-0.80524	-0.78253	-0.83931	-0.69204	-0.11339	0.49418	0.99559	1.0632	0.94853	0.68866	0.41983	0.1917	-0.0095658	-0.11864	-0.23289	-0.39872	-0.59082	-0.77555	29.366
719.7	-0.89927	-0.92346	-0.95899	-0.50965	-0.94605	-0.93283	-0.9498	-0.91466	-0.90582	-0.88615	-0.89717	-1.0766	-0.86494	-0.97037	-0.7669	-0.66358	-0.092301	0.53719	0.9831	1.0536	0.93163	0.65995	0.40413	0.13212	-0.042078	-0.12963	-0.26701	-0.41743	-0.65111	-0.78657	29.204
713.24	-0.87799	-0.89371	-0.93587	-0.46404	-0.9288	-0.9095	-0.95839	-0.95275	-0.91811	-0.93649	-0.89586	-1.1305	-1.1039	-0.87176	-0.93496	-0.60309	-0.13866	0.50292	1.0271	1.0811	0.98284	0.66815	0.38457	0.15695	-0.01333	-0.11189	-0.25901	-0.44094	-0.6311	-0.8001	29.05
743.13	-0.83461	-0.93476	-0.89619	-0.44538	-0.87342	-0.84026	-0.86209	-0.82042	-0.81828	-0.83896	-0.82136	-1.0003	-0.75699	-0.93977	-0.89736	-0.57883	-0.049866	0.55781	0.99175	1.0484	0.931	0.63272	0.38126	0.13621	-0.053016	-0.14974	-0.26259	-0.39291	-0.61194	-0.75972	28.887
753.23	-0.87516	-0.88805	-0.89823	-0.42158	-0.85949	-0.85478	-0.84864	-0.8195	-0.80925	-0.9142	-0.89519	-0.96597	-0.90605	-0.90685	-0.84172	-0.69704	-0.071774	0.52853	0.98041	1.0407	0.91041	0.64112	0.34617	0.14252	-0.052853	-0.1557	-0.24132	-0.44369	-0.63847	-0.80219	28.681
739.05	-0.74389	-0.7483	-0.83567	-0.45996	-0.87598	-0.87775	-0.85331	-0.85577	-0.84257	-0.81995	-0.835	-0.72889	-0.9437	-1.0694	-0.63575	-0.96719	0.010522	0.54978	1.0092	1.0954	0.90518	0.65771	0.35078	0.13281	-0.058908	-0.15057	-0.2178	-0.36462	-0.57575	-0.65039	28.498
735.61	-0.8411	-0.87431	-0.92797	-0.44182	-0.92331	-0.88405	-0.83396	-0.83913	-0.78693	-0.83243	-0.79775	-0.53971	-0.90736	-0.92857	-0.81725	-0.56324	0.039994	0.59475	1.0299	1.0766	0.9177	0.65863	0.35651	0.13135	-0.033476	-0.12071	-0.23902	-0.39693	-0.61401	-0.77785	28.392
750.22	-0.83871	-0.86873	-0.87563	-0.44515	-0.84063	-0.84526	-0.82344	-0.82886	-0.83197	-0.8268	-0.84274	-0.78099	-0.84973	-1.0534	-0.84509	-0.59443	0.012425	0.59192	1.004	1.0471	0.87136	0.58227	0.33151	0.094072	-0.075645	-0.16232	-0.27794	-0.41358	-0.61846	-0.75254	28.218
746.57	-0.81069	-0.82507	-0.86979	-0.43333	-0.8694	-0.8559	-0.8313	-0.85529	-0.84973	-0.85213	-0.84686	-0.86915	-0.97435	-1.0586	-0.7393	-0.74562	0.02284	0.58822	1.0128	1.0672	0.8838	0.61704	0.33111	0.10069	-0.081295	-0.16913	-0.25541	-0.41372	-0.61324	-0.71331	28.055
756.66	-0.73846	-0.7668	-0.82621	-0.4098	-0.7826	-0.77817	-0.77106	-0.79169	-0.77083	-0.78617	-0.76	-0.58711	-0.66422	-0.96348	-0.55586	-0.56848	0.092003	0.6281	1.011	1.0593	0.88007	0.61091	0.33664	0.099344	-0.070141	-0.15301	-0.25593	-0.4082	-0.58065	-0.68161	27.9
756.45	-0.74462	-0.75757	-0.76248	-0.38427	-0.78725	-0.76983	-0.77506	-0.78991	-0.75367	-0.76749	-0.78467	-0.69131	-0.82291	-0.88274	-0.83814	-0.52683	0.10021	0.62611	1.023	1.0596	0.88839	0.60478	0.31684	0.1095	-0.062803	-0.15305	-0.25011	-0.39157	-0.53809	-0.67979	27.721
757.95	-0.74116	-0.75606	-0.7869	-0.4032	-0.80777	-0.80674	-0.78484	-0.77833	-0.75988	-0.77854	-0.7942	-0.68994	-0.70264	-0.77991	-0.85814	-0.65097	0.10612	0.64003	1.021	1.0512	0.84637	0.58681	0.30628	0.087047	-0.10122	-0.19428	-0.2751	-0.41122	-0.55124	-0.68448	27.533
755.16	-0.78757	-0.78917	-0.80183	-0.39876	-0.75757	-0.79472	-0.77828	-0.76914	-0.72787	-0.74145	-0.76596	-0.69249	-0.78462	-0.9654	-0.70914	-0.48583	0.10856	0.6337	0.99936	1.0593	0.84748	0.57005	0.28947	0.073168	-0.10424	-0.19103	-0.27218	-0.42019	-0.59811	-0.69913	27.387
759.45	-0.76733	-0.78094	-0.76344	-0.36506	-0.77532	-0.76465	-0.74374	-0.6868	-0.68336	-0.77909	-0.74392	-0.83369	-0.66178	-1.0608	-0.85644	-0.42063	0.15273	0.67335	1.0267	1.0322	0.84872	0.56264	0.29972	0.066699	-0.10558	-0.186	-0.27064	-0.41782	-0.55825	-0.71526	27.266
760.53	-0.72485	-0.72341	-0.82002	-0.40968	-0.81164	-0.81252	-0.801	-0.77369	-0.76499	-0.80933	-0.82247	-0.7911	-0.77909	-0.91828	-0.5962	-0.54479	0.10576	0.65082	1.0291	1.0624	0.87761	0.60154	0.33097	0.10891	-0.059136	-0.14632	-0.25463	-0.38762	-0.52711	-0.65007	27.067
756.45	-0.66535	-0.68192	-0.71251	-0.37243	-0.72973	-0.7142	-0.69185	-0.69756	-0.69187	-0.70448	-0.6824	-0.69131	-0.78329	-1.0245	-0.66453	-0.69407	0.19422	0.68905	1.0308	1.0448	0.84806	0.58378	0.29694	0.071017	-0.10444	-0.18476	-0.256	-0.38971	-0.51571	-0.62736	26.917
769.33	-0.73605	-0.75604	-0.76937	-0.38171	-0.76537	-0.76115	-0.78068	-0.74115	-0.71826	-0.72366	-0.77153	-0.82299	-0.77017	-1.0273	-0.67473	-0.45634	0.16685	0.68178	1.0078	1.0315	0.83783	0.52651	0.2587	0.043936	-0.11705	-0.1953	-0.28262	-0.41245	-0.55709	-0.65651	26.766
768.68	-0.74446	-0.76039	-0.76215	-0.40922	-0.75512	-0.73442	-0.73853	-0.75165	-0.73027	-0.747	-0.74374	-0.72128	-0.63432	-0.88861	-0.65395	-0.53901	0.17302	0.69303	1.0259	1.0282	0.83456	0.54762	0.2785	0.055932	-0.10813	-0.18767	-0.27899	-0.37802	-0.53953	-0.66103	26.572
772.33	-0.71766	-0.74939	-0.75659	-0.39183	-0.73206	-0.70161	-0.7017	-0.67928	-0.70979	-0.83193	-0.8295	-0.7994	-0.72837	-0.86459	-0.45956	-0.4341	0.18622	0.69188	1.0077	1.0378	0.83061	0.52858	0.26354	0.02988	-0.12665	-0.19454	-0.2719	-0.39627	-0.56489	-0.64606	26.396
766.97	-0.7129	-0.71547	-0.73231	-0.38484	-0.76554	-0.78249	-0.77002	-0.81274	-0.76428	-0.76525	-0.78267	-0.72289	-0.90935	-1.0904	-0.65542	-0.45774	0.16333	0.68816	1.0109	1.0346	0.81256	0.52192	0.26342	0.038077	-0.12751	-0.20177	-0.27381	-0.41005	-0.55077	-0.67842	26.211
777.26	-0.67453	-0.70783	-0.71677	-0.37206	-0.74679	-0.75546	-0.71381	-0.70623	-0.68462	-0.72445	-0.69658	-0.61205	-0.68518	-0.79995	-0.60449	-0.39064	0.22879	0.71072	1.0278	1.0209	0.80768	0.52727	0.24637	0.03363	-0.11978	-0.18945	-0.26253	-0.41367	-0.52962	-0.65177	26.06
761.81	-0.71969	-0.70904	-0.7452	-0.38352	-0.75754	-0.7899	-0.7696	-0.74846	-0.69275	-0.70786	-0.7085	-0.54179	-0.64004	-0.87652	-0.59519	-0.48159	0.23952	0.73591	1.0409	1.0458	0.81805	0.55047	0.26718	0.050403	-0.11719	-0.19329	-0.26005	-0.39435	-0.56056	-0.65698	25.86
769.33	-0.70292	-0.74674	-0.78313	-0.3953	-0.75449	-0.72959	-0.72675	-0.78458	-0.70877	-0.76703	-0.71688	-0.67974	-0.8481	-0.96755	-0.71743	-0.35356	0.2613	0.7266	1.0327	1.0273	0.79619	0.53271	0.23326	0.028002	-0.13277	-0.20699	-0.27297	-0.41611	-0.54908	-0.65057	25.747
766.11	-0.69414	-0.68453	-0.71339	-0.37748	-0.72927	-0.74745	-0.68686	-0.73832	-0.71365	-0.68938	-0.7155	-0.62096	-0.59733	-0.9916	-0.57042	-0.5821	0.29266	0.76822	1.0332	1.0295	0.77166	0.49347	0.21655	-0.013881	-0.17042	-0.23917	-0.31679	-0.41786	-0.56144	-0.66525	25.557
794.2	-0.62617	-0.65491	-0.65769	-0.3303	-0.66975	-0.67617	-0.64815	-0.67587	-0.73071	-0.735	-0.72407	-0.6981	-0.74605	-1.0723	-0.52958	-0.56151	0.24922	0.69763	0.98733	0.99714	0.75972	0.50802	0.23164	0.0059035	-0.14895	-0.21372	-0.27751	-0.3889	-0.51445	-0.58793	25.385
785.41	-0.55684	-0.64584	-0.70356	-0.34349	-0.70068	-0.71465	-0.73737	-0.74531	-0.70169	-0.69063	-0.69149	-0.72595	-0.67807	-0.86968	-0.4728	-0.24564	0.30515	0.75142	1.0265	0.98788	0.77988	0.47325	0.20931	0.015724	-0.11965	-0.18748	-0.27873	-0.38967	-0.50648	-0.58286	25.312
783.91	-0.71853	-0.71825	-0.73384	-0.36319	-0.70416	-0.66646	-0.65119	-0.64987	-0.65272	-0.68183	-0.68209	-0.60686	-0.69847	-0.91044	-0.57841	-0.26627	0.34912	0.7759	1.0153	0.97954	0.76386	0.45997	0.20971	0.00011676	-0.14359	-0.21461	-0.31149	-0.40298	-0.54868	-0.6696	25.091
773.4	-0.6779	-0.7872	-0.80246	-0.39514	-0.73104	-0.69645	-0.68963	-0.71761	-0.74092	-0.76093	-0.76746	-0.8797	-0.7855	-0.96245	-0.64996	-0.33126	0.24793	0.72489	1.0082	1.0032	0.77818	0.47443	0.21451	-0.01375	-0.16108	-0.22528	-0.30611	-0.41938	-0.5641	-0.64911	24.974
794.2	-0.67147	-0.66751	-0.71862	-0.35848	-0.69925	-0.70063	-0.66256	-0.67396	-0.70496	-0.66699	-0.72195	-0.44042	-0.78379	-0.74431	-0.5916	-0.16328	0.31345	0.7121	1.0133	0.97089	0.76548	0.48801	0.18994	-0.003743	-0.1579	-0.22127	-0.25506	-0.41725	-0.5377	-0.64171	24.748
789.06	-0.65495	-0.65192	-0.71947	-0.37974	-0.7738	-0.8016	-0.78835	-0.74572	-0.73177	-0.70557	-0.76716	-0.66274	-0.88389	-0.92392	-0.42901	-0.4249	0.24105	0.72507	1.0068	1.0138	0.77821	0.50932	0.2465	0.005942	-0.1349	-0.19042	-0.26614	-0.37182	-0.5295	-0.60143	24.556
780.05	-0.62792	-0.66129	-0.69288	-0.35925	-1.0531	-0.90423	-0.82862	-0.79327	-0.85446	-0.82777	-0.84715	-1.0538	-1.2976	-1.3667	-0.83383	-0.55143	0.14474	0.69135	1.0185	1.0132	0.79893	0.48057	0.23584	0.0060106	-0.13613	-0.2003	-0.29398	-0.38153	-0.5001	-0.60251	24.433
795.7	-0.62876	-0.67345	-0.76287	-0.41032	-0.79258	-0.79491	-0.77637	-0.81583	-0.84683	-0.83944	-0.88756	-0.97376	-1.2533	-1.1473	-0.83806	-0.44121	0.17298	0.68806	0.99288	0.99324	0.76979	0.47711	0.19715	-0.0075869	-0.14851	-0.21143	-0.28259	-0.40408	-0.50381	-0.59641	24.276
783.06	-0.68868	-0.73182	-0.82153	-0.40361	-0.82462	-0.79328	-0.7542	-0.8038	-0.86051	-0.84082	-0.86753	-0.60752	-0.90981	-1.068	-0.70485	-0.52912	0.25671	0.72014	0.99763	0.98881	0.74132	0.46047	0.18687	-0.023364	-0.18266	-0.2493	-0.29664	-0.40702	-0.53553	-0.63721	24.025
811.77	-0.57385	-0.63721	-0.64346	-0.34705	-0.66763	-0.68945	-0.7751	-0.76975	-0.6915	-0.73671	-0.75398	-0.72178	-0.71145	-0.95469	-0.51812	-0.25713	0.31619	0.74118	0.98775	0.94988	0.71697	0.43048	0.18212	-0.018761	-0.16451	-0.22202	-0.26052	-0.37182	-0.47677	-0.57897	23.921
785.2	-0.65626	-0.68246	-0.73071	-0.39301	-0.78187	-0.78699	-0.76672	-0.76486	-0.72607	-0.69689	-0.71738	-0.72614	-0.60188	-1.0651	-0.59838	-0.34641	0.32296	0.78299	1.0062	0.99224	0.74706	0.44505	0.20745	-0.017445	-0.16055	-0.21808	-0.28259	-0.38082	-0.51838	-0.64713	23.729
783.06	-0.61212	-0.65875	-0.69409	-0.37312	-0.70921	-0.65893	-0.63729	-0.68937	-0.64597	-0.67851	-0.64847	-0.48691	-0.66098	-0.8723	-0.55807	-0.1454	0.4265	0.8082	1.024	0.97243	0.72768	0.42395	0.16572	-0.039017	-0.18205	-0.24165	-0.29664	-0.39624	-0.53356	-0.62552	23.581
785.63	-0.69979	-0.71122	-0.69374	-0.3795	-0.67706	-0.66913	-0.6097	-0.56339	-0.69406	-0.69854	-0.66775	-0.78587	-0.56341	-0.77193	-0.38909	-0.1248	0.3523	0.7951	1.0206	0.97332	0.7253	0.42054	0.16135	-0.031088	-0.17517	-0.24276	-0.3127	-0.41464	-0.51418	-0.6293	23.433
808.77	-0.66679	-0.65195	-0.73371	-0.34649	-0.66596	-0.674	-0.66301	-0.66182	-0.68684	-0.69426	-0.7443	-0.68553	-0.76967	-0.97718	-0.49974	-0.1799	0.33457	0.76626	0.9823	0.9534	0.73095	0.43404	0.15859	-0.030198	-0.16787	-0.2284	-0.28538	-0.40277	-0.53372	-0.5962	23.25
784.56	-0.65871	-0.70125	-0.72553	-0.41996	-0.70358	-0.71543	-0.68165	-0.66676	-0.71177	-0.68937	-0.68367	-0.70669	-0.6406	-0.9878	-0.43147	-0.084665	0.36657	0.78991	0.99572	0.97874	0.72434	0.41504	0.14238	-0.066284	-0.18597	-0.23545	-0.31123	-0.417	-0.54431	-0.61655	23.072
805.35	-0.50025	-0.56414	-0.65986	-0.35908	-0.71452	-0.70098	-0.66583	-0.62692	-0.59363	-0.70905	-0.73076	-0.76663	-0.64268	-0.88621	-0.42033	-0.14138	0.3955	0.79602	0.99563	0.92361	0.6886	0.39052	0.14618	-0.024619	-0.15355	-0.21821	-0.29397	-0.37304	-0.45191	-0.54002	22.918
810.49	-0.60805	-0.68234	-0.71724	-0.33471	-0.6914	-0.70852	-0.78339	-0.87966	-0.70161	-0.83196	-0.80912	-0.80061	-0.93451	-1.0507	-0.64047	-0.21854	0.3167	0.74843	0.99113	0.95732	0.71246	0.42332	0.13411	-0.039586	-0.18402	-0.24456	-0.27377	-0.37935	-0.46803	-0.55542	22.725
786.06	-0.65936	-0.69991	-0.77031	-0.41536	-0.75972	-0.74083	-0.74222	-0.72345	-0.76988	-0.83559	-0.84496	-1.2661	-1.1542	-1.3173	-0.7648	-0.3058	0.2872	0.77796	1.0182	0.98707	0.74237	0.40212	0.14594	-0.052512	-0.17812	-0.23882	-0.33143	-0.40904	-0.52565	-0.63284	22.577
813.48	-0.58001	-0.64993	-0.74248	-0.32797	-0.71765	-0.69198	-0.74182	-0.66172	-0.56614	-0.61993	-0.72138	-0.7396	-0.78365	-0.8585	-0.59775	-0.12053	0.40675	0.78604	0.98929	0.9124	0.68734	0.38075	0.14657	-0.056393	-0.1872	-0.24182	-0.30564	-0.37968	-0.4909	-0.58525	22.413
810.49	-0.66353	-0.68411	-0.7303	-0.43783	-0.74095	-0.72649	-0.7022	-0.75223	-0.74307	-0.83589	-0.89627	-0.97541	-1.2119	-1.3343	-0.88353	-0.55023	0.21942	0.69172	0.9875	0.94347	0.70681	0.42332	0.16197	-0.018791	-0.15551	-0.21682	-0.27194	-0.37935	-0.50791	-0.61376	22.244
812.2	-0.6123	-0.66858	-0.73248	-0.32482	-0.73527	-0.71101	-0.70248	-0.74317	-0.81344	-0.88107	-0.87781	-0.93459	-1.0802	-1.1428	-0.67956	-0.27648	0.29509	0.71249	0.98541	0.9553	0.70345	0.41656	0.15236	-0.024411	-0.15143	-0.20898	-0.26954	-0.37682	-0.46515	-0.56176	22.135
803.2	-0.70127	-0.73484	-0.89882	-0.54585	-0.8081	-0.70486	-0.68007	-0.65317	-0.74981	-1.0591	-1.0803	-1.2782	-1.4842	-1.5753	-1.0346	-0.59459	0.15789	0.6796	0.98544	0.95402	0.71513	0.41332	0.15782	-0.028499	-0.16319	-0.22252	-0.27995	-0.36527	-0.49144	-0.62693	21.946
803.2	-0.6994	-0.71703	-0.72939	-0.3619	-0.76018	-0.75927	-0.6213	-0.61535	-0.75344	-0.94434	-1.0551	-1.2978	-1.4095	-1.5181	-0.78934	-0.57491	0.23103	0.72661	0.98361	0.96201	0.73032	0.41529	0.15594	-0.049483	-0.17248	-0.22066	-0.2818	-0.38805	-0.4991	-0.61173	21.703
808.77	-0.56115	-0.6095	-0.59349	-0.30589	-0.6701	-0.66999	-0.71076	-0.81204	-0.74645	-0.96338	-1.4118	-1.4641	-1.6963	-1.9434	-1.1087	-0.8056	0.021083	0.62214	0.96044	0.96332	0.72717	0.42226	0.16976	-0.020726	-0.14637	-0.20246	-0.27251	-0.34884	-0.44048	-0.54339	21.569
812.2	-0.59385	-0.63511	-0.72131	-0.36892	-0.6817	-0.64923	-0.69191	-0.72821	-0.82783	-0.93975	-1.0683	-1.2835	-1.56	-1.6522	-1.0232	-0.49067	0.19801	0.71654	0.97634	0.94148	0.70908	0.38527	0.12456	-0.064028	-0.17039	-0.21267	-0.27685	-0.36469	-0.4822	-0.59369	21.369
807.06	-0.69978	-0.75614	-0.75213	-0.36572	-0.68397	-0.71955	-0.68391	-0.76484	-0.93266	-1.245	-1.2731	-1.5647	-1.9228	-2.0045	-1.1517	-0.82689	0.0096354	0.61329	0.96248	0.96933	0.73439	0.43103	0.16266	-0.028363	-0.1547	-0.20474	-0.25284	-0.34958	-0.48146	-0.56534	21.195
807.49	-0.64743	-0.67602	-0.72926	-0.4986	-0.82246	-0.76727	-0.74201	-0.58576	-0.75668	-0.89014	-0.96832	-1.252	-1.3835	-1.6618	-0.70384	-0.70896	0.27192	0.72275	0.96744	0.95294	0.66599	0.39342	0.13274	-0.071991	-0.20559	-0.25104	-0.27847	-0.35985	-0.4793	-0.52914	21.011
811.77	-0.6237	-0.65835	-0.74404	-0.37279	-0.70886	-0.65157	-0.68347	-0.7922	-1.055	-1.2867	-1.5288	-1.9629	-2.5579	-2.1816	-1.4484	-0.99744	-0.1085	0.55311	0.96597	0.96371	0.7414	0.41678	0.16728	-0.0055484	-0.13323	-0.19063	-0.24588	-0.33195	-0.418	-0.50568	20.856
805.99	-0.52589	-0.50689	-0.55803	-0.26807	-0.6122	-0.62813	-0.69192	-0.78281	-1.0753	-1.4082	-1.7567	-2.1527	-3.1156	-2.6535	-1.7643	-1.3774	-0.2608	0.46338	0.95096	0.95868	0.72969	0.44934	0.17221	0.0039172	-0.133	-0.19014	-0.21999	-0.32735	-0.38089	-0.47524	20.717
831.68	-0.52406	-0.54456	-0.52443	-0.27055	-0.56512	-0.63986	-0.60175	-0.76594	-1.0421	-1.4564	-1.8642	-2.6541	-3.542	-3.1242	-2.0651	-1.6391	-0.36986	0.41946	0.91805	0.93871	0.72732	0.43928	0.15423	-0.0017313	-0.12501	-0.18066	-0.2257	-0.32062	-0.37283	-0.47157	20.517
826.33	-0.60546	-0.64849	-0.59187	-0.24521	-0.60321	-0.64401	-0.73375	-0.747	-0.81898	-1.0813	-1.4021	-1.9473	-2.6035	-2.4584	-1.5421	-1.0756	-0.12716	0.54138	0.92756	0.93121	0.71173	0.41136	0.1534	-0.036973	-0.14915	-0.19816	-0.27392	-0.35335	-0.46464	-0.57061	20.382
844.08	-0.48618	-0.5213	-0.55792	-0.24005	-0.48544	-0.49048	-0.46749	-0.53337	-0.91944	-1.6722	-2.3608	-3.0813	-4.3778	-3.9315	-2.8905	-1.9148	-0.79483	0.19157	0.85743	0.93631	0.79434	0.50058	0.22687	0.06546	-0.062381	-0.12473	-0.18717	-0.28257	-0.36188	-0.44837	20.233
847.08	-0.4473	-0.50764	-0.51668	-0.23745	-0.53114	-0.4983	-0.52833	-0.51894	-1.0007	-1.7038	-2.3366	-3.2377	-4.3801	-4.0261	-2.7834	-1.9827	-0.73362	0.23547	0.86136	0.9349	0.77353	0.4688	0.20118	0.020006	-0.09955	-0.1526	-0.21809	-0.28821	-0.33335	-0.44499	20.058
850.28	-0.48792	-0.5074	-0.5094	-0.21373	-0.46025	-0.44693	-0.4624	-0.49376	-0.94022	-1.6432	-2.2784	-3.1144	-4.3812	-3.8848	-2.5219	-1.845	-0.63813	0.26934	0.87717	0.92949	0.74909	0.44088	0.18095	0.0091197	-0.10233	-0.15026	-0.20853	-0.28216	-0.36648	-0.43613	19.918
863.1	-0.48241	-0.5297	-0.48957	-0.22266	-0.49995	-0.50593	-0.46548	-0.5093	-1.1107	-1.7605	-2.3478	-3.0864	-4.1772	-3.9513	-2.5415	-1.7993	-0.63581	0.26914	0.85048	0.91568	0.74149	0.43617	0.20792	0.012534	-0.10231	-0.15151	-0.22609	-0.28449	-0.37709	-0.465	19.733
862.68	-0.47048	-0.48187	-0.52311	-0.24353	-0.48856	-0.47803	-0.46239	-0.49899	-0.9572	-1.6582	-2.2827	-2.8689	-4.2835	-3.8112	-2.3144	-1.9285	-0.63971	0.27118	0.85944	0.92915	0.74363	0.45481	0.19755	0.0072101	-0.11655	-0.16374	-0.20725	-0.28626	-0.35765	-0.42456	19.558
868.87	-0.47576	-0.48667	-0.47936	-0.2521	-0.46389	-0.47835	-0.43605	-0.49369	-1.0075	-1.6848	-2.2645	-3.1203	-4.115	-3.978	-2.6002	-2.0603	-0.61914	0.30325	0.87027	0.9336	0.72955	0.46253	0.20307	0.00010535	-0.1204	-0.16085	-0.19894	-0.26803	-0.36041	-0.43734	19.332
864.81	-0.50745	-0.53693	-0.55504	-0.2412	-0.46993	-0.48996	-0.48771	-0.59961	-1.215	-1.8048	-2.4734	-3.4807	-4.5329	-4.1562	-2.7453	-2.0334	-0.71142	0.24393	0.86072	0.93056	0.77178	0.45368	0.18835	-0.012296	-0.11589	-0.15294	-0.21533	-0.31647	-0.3799	-0.46408	19.247
871.22	-0.502	-0.50178	-0.52319	-0.23429	-0.478	-0.4622	-0.49398	-0.64924	-1.1943	-1.8207	-2.3877	-3.4371	-4.3963	-3.9145	-2.744	-1.964	-0.66183	0.28171	0.87976	0.93292	0.73633	0.43393	0.16796	-0.0069293	-0.12239	-0.17074	-0.22399	-0.29153	-0.35414	-0.47293	19.037
873.35	-0.51965	-0.54314	-0.52364	-0.21834	-0.50366	-0.49072	-0.48294	-0.59201	-1.2415	-1.8508	-2.4088	-3.4467	-4.1796	-3.7821	-2.4553	-1.923	-0.5894	0.31485	0.86749	0.94716	0.7258	0.43469	0.18824	0.014141	-0.11508	-0.16861	-0.20812	-0.26826	-0.34094	-0.44208	18.892
877.84	-0.47602	-0.48496	-0.49685	-0.22742	-0.44199	-0.46609	-0.41856	-0.46442	-1.0438	-1.6984	-2.3045	-3.3215	-4.0729	-3.6407	-2.368	-1.8231	-0.50186	0.36561	0.87816	0.94232	0.71341	0.4198	0.16327	-0.012114	-0.12766	-0.17287	-0.21553	-0.27651	-0.34621	-0.41375	18.701
875.7	-0.51997	-0.51065	-0.5326	-0.22116	-0.44689	-0.49865	-0.46041	-0.57828	-1.0914	-1.7334	-2.2545	-3.1858	-4.1513	-3.877	-2.3925	-1.8637	-0.55428	0.32151	0.88199	0.94096	0.72385	0.42808	0.1757	-0.0051434	-0.11228	-0.15275	-0.20247	-0.26112	-0.3699	-0.44263	18.495
882.32	-0.46171	-0.47439	-0.44463	-0.22627	-0.42078	-0.40869	-0.40508	-0.53952	-1.123	-1.7636	-2.2757	-3.4295	-3.9503	-3.7611	-2.2815	-1.8676	-0.53085	0.35259	0.88372	0.94117	0.71151	0.42127	0.18632	-0.017261	-0.12949	-0.16519	-0.20601	-0.25916	-0.34271	-0.3909	18.34
876.56	-0.44764	-0.48893	-0.49068	-0.23627	-0.48082	-0.48708	-0.45833	-0.65915	-1.2837	-1.8531	-2.3981	-3.4161	-4.2328	-3.9431	-2.4276	-1.7897	-0.522	0.36802	0.90298	0.93089	0.71619	0.41135	0.17381	-0.010383	-0.11727	-0.15773	-0.21075	-0.25444	-0.36252	-0.42132	18.189
881.68	-0.50284	-0.5445	-0.565	-0.21458	-0.49131	-0.48242	-0.49299	-0.72767	-1.3292	-1.891	-2.4395	-3.4499	-4.2422	-3.7638	-2.4507	-1.9049	-0.50669	0.35284	0.8877	0.91094	0.70511	0.39455	0.16085	-0.019012	-0.12943	-0.16871	-0.20616	-0.28169	-0.33598	-0.41368	17.989
884.67	-0.42829	-0.42139	-0.40243	-0.17843	-0.44614	-0.40395	-0.40239	-0.59474	-1.2174	-1.811	-2.3571	-3.2247	-4.1262	-3.6126	-2.2198	-1.7018	-0.47352	0.3665	0.8897	0.92236	0.69583	0.40399	0.1569	-0.015484	-0.1328	-0.17492	-0.20042	-0.27279	-0.3331	-0.38814	17.818
883.6	-0.41863	-0.42999	-0.44912	-0.19554	-0.46562	-0.42092	-0.4223	-0.57311	-1.2668	-1.8635	-2.3028	-3.1929	-4.0972	-3.5129	-2.3897	-1.668	-0.40761	0.42268	0.91579	0.90896	0.70357	0.40987	0.14005	-0.015503	-0.12326	-0.16326	-0.18889	-0.26674	-0.33002	-0.38689	17.652
884.88	-0.4536	-0.45038	-0.54929	-0.24248	-0.44414	-0.47518	-0.48635	-0.83831	-1.3987	-1.9021	-2.4249	-3.2061	-4.1929	-3.8195	-2.3306	-1.7371	-0.4769	0.37012	0.87284	0.92033	0.69394	0.40389	0.15686	-0.022406	-0.13563	-0.17488	-0.20541	-0.25682	-0.31563	-0.38805	17.486
887.44	-0.47425	-0.5055	-0.546	-0.19806	-0.46738	-0.49205	-0.56394	-1.0327	-1.533	-2.0327	-2.4331	-3.5339	-4.5187	-3.8257	-2.4348	-1.9459	-0.50514	0.3413	0.87862	0.93032	0.69194	0.40452	0.13436	-0.013708	-0.1278	-0.16931	-0.1797	-0.25291	-0.31645	-0.38349	17.26
891.49	-0.43846	-0.46951	-0.45192	-0.23064	-0.43522	-0.44079	-0.42979	-0.89683	-1.426	-1.9022	-2.3598	-3.2176	-4.0946	-3.9458	-2.1475	-1.8129	-0.45429	0.36922	0.86636	0.92429	0.68879	0.3902	0.15063	-0.037708	-0.13555	-0.16013	-0.18222	-0.23597	-0.32537	-0.35779	17.169
883.81	-0.40327	-0.44769	-0.43532	-0.21744	-0.46551	-0.45561	-0.43191	-0.6967	-1.3227	-1.8792	-2.3327	-3.1922	-4.0623	-3.512	-2.1105	-1.7213	-0.36203	0.43001	0.92223	0.92688	0.67752	0.39899	0.14513	-0.024167	-0.13338	-0.17	-0.19221	-0.24598	-0.29511	-0.36953	16.993
894.48	-0.38337	-0.44235	-0.47408	-0.17647	-0.47305	-0.41037	-0.46034	-0.8412	-1.4392	-1.9403	-2.3481	-3.2773	-4.0139	-3.5558	-2.2872	-1.6301	-0.39574	0.40469	0.88653	0.88894	0.69502	0.37647	0.14172	-0.022166	-0.10763	-0.13781	-0.18659	-0.23833	-0.29676	-0.37706	16.817
901.95	-0.37688	-0.42759	-0.48022	-0.23127	-0.43574	-0.41954	-0.51997	-0.9319	-1.4597	-1.9524	-2.4089	-3.3549	-4.0804	-3.4924	-2.2136	-1.6867	-0.36675	0.42136	0.89226	0.89936	0.65882	0.35222	0.11551	-0.035571	-0.13162	-0.16825	-0.20482	-0.25508	-0.28236	-0.33504	16.636
894.48	-0.37835	-0.43276	-0.4352	-0.18982	-0.39822	-0.40675	-0.47953	-0.92609	-1.4735	-1.9527	-2.3463	-3.2949	-4.0474	-3.4016	-2.2688	-1.471	-0.375	0.44507	0.91124	0.90328	0.69672	0.37469	0.14676	-0.023879	-0.1087	-0.14116	-0.20487	-0.21945	-0.2589	-0.32931	16.49
895.12	-0.43836	-0.4692	-0.42982	-0.17301	-0.49702	-0.43539	-0.50956	-0.98481	-1.4888	-1.9886	-2.4066	-3.1518	-4.1115	-3.3992	-2.1755	-1.5406	-0.33328	0.44658	0.9254	0.91517	0.68259	0.3691	0.13657	-0.028998	-0.12229	-0.15279	-0.18646	-0.22401	-0.29482	-0.36316	16.283
901.95	-0.43671	-0.46248	-0.44166	-0.21142	-0.45058	-0.44287	-0.65162	-1.1525	-1.5925	-2.0528	-2.3884	-3.2676	-4.097	-3.5094	-2.5413	-1.6166	-0.42331	0.38496	0.89389	0.87803	0.67573	0.37688	0.14555	-0.016885	-0.12291	-0.15329	-0.1554	-0.21296	-0.26017	-0.3232	16.112
901.95	-0.4151	-0.44504	-0.4601	-0.17832	-0.42832	-0.40518	-0.5628	-1.0009	-1.5083	-1.9806	-2.3101	-3.1804	-4.0305	-3.2715	-2.1772	-1.336	-0.29476	0.46322	0.93473	0.90292	0.67404	0.35574	0.11884	-0.021982	-0.11077	-0.14664	-0.18835	-0.24884	-0.27041	-0.3824	15.981
903.01	-0.41461	-0.44926	-0.41769	-0.231	-0.42781	-0.41366	-0.53995	-1.0132	-1.4887	-1.9642	-2.3502	-3.2986	-4.0258	-3.5392	-2.2656	-1.5621	-0.392	0.41359	0.89121	0.90007	0.68676	0.37115	0.1187	-0.042318	-0.128	-0.15311	-0.18154	-0.22829	-0.2735	-0.37012	15.785
904.5	-0.39901	-0.39317	-0.41701	-0.18772	-0.38455	-0.43624	-0.63079	-1.1056	-1.5719	-2.0172	-2.4411	-3.2236	-4.2511	-3.6519	-2.044	-1.7169	-0.37255	0.42562	0.88485	0.90923	0.65527	0.36351	0.11518	-0.035471	-0.12465	-0.1512	-0.1681	-0.21546	-0.25944	-0.3088	15.613
905.57	-0.37206	-0.41166	-0.38479	-0.20728	-0.3841	-0.40535	-0.48788	-1.0254	-1.5458	-2.0025	-2.3918	-3.1502	-3.9482	-3.4276	-2.0416	-1.68	-0.2748	0.49944	0.90821	0.90107	0.63766	0.34028	0.11172	-0.057426	-0.14783	-0.17254	-0.1958	-0.2292	-0.26423	-0.32865	15.381
908.55	-0.32959	-0.38354	-0.39351	-0.17374	-0.38836	-0.39689	-0.55713	-1.1023	-1.5391	-1.9854	-2.3229	-3.0186	-4.0177	-3.2983	-2.1253	-1.5526	-0.2688	0.48335	0.91009	0.89282	0.64396	0.35315	0.10969	-0.040374	-0.11808	-0.14063	-0.16899	-0.21605	-0.27183	-0.30238	15.22
909.62	-0.38523	-0.41455	-0.38308	-0.20307	-0.37871	-0.42845	-0.64454	-1.096	-1.5277	-1.9831	-2.4052	-3.0151	-3.9306	-3.5135	-1.9965	-1.4812	-0.28208	0.48639	0.90255	0.91293	0.66165	0.36671	0.12611	-0.050433	-0.12971	-0.14211	-0.15408	-0.19105	-0.26644	-0.31712	15.069
912.39	-0.35942	-0.3929	-0.34711	-0.17792	-0.36289	-0.36506	-0.69746	-1.1959	-1.6335	-2.0328	-2.3868	-3.1957	-3.7872	-3.4356	-1.9544	-1.5287	-0.24394	0.50111	0.87882	0.88203	0.61283	0.32555	0.097682	-0.053638	-0.13827	-0.16304	-0.18456	-0.19818	-0.23864	-0.30446	14.882
909.41	-0.34741	-0.37689	-0.41642	-0.20804	-0.39904	-0.41253	-0.59121	-1.0913	-1.5489	-1.9853	-2.3336	-3.085	-3.8491	-3.4974	-1.9789	-1.4294	-0.24985	0.48831	0.88656	0.90432	0.66516	0.34583	0.10462	-0.065608	-0.1272	-0.1339	-0.16066	-0.21276	-0.24111	-0.32391	14.756
914.95	-0.33057	-0.35585	-0.41886	-0.1709	-0.43138	-0.41181	-0.55636	-1.1361	-1.5731	-2.0184	-2.3232	-3.118	-4.0388	-3.1246	-2.1463	-1.2998	-0.25509	0.47997	0.91823	0.87081	0.63612	0.33679	0.092473	-0.026694	-0.10435	-0.12818	-0.13532	-0.1884	-0.20769	-0.2786	14.589
917.5	-0.30351	-0.33147	-0.40945	-0.17205	-0.39187	-0.39125	-0.53766	-1.0949	-1.5353	-1.9713	-2.2416	-2.8862	-3.8968	-2.999	-2.0866	-1.1238	-0.15497	0.53947	0.91246	0.86139	0.6144	0.31507	0.079088	-0.044989	-0.11134	-0.13599	-0.17543	-0.21088	-0.19202	-0.2878	14.423
918.14	-0.33431	-0.34994	-0.34494	-0.14267	-0.34238	-0.40861	-0.69153	-1.2215	-1.6058	-2.0356	-2.37	-3.21	-3.9268	-3.097	-1.9243	-1.4158	-0.19359	0.53551	0.91182	0.88349	0.61895	0.30966	0.083952	-0.049965	-0.13283	-0.15875	-0.1737	-0.19387	-0.21535	-0.26766	14.241
920.27	-0.29934	-0.35068	-0.37371	-0.17477	-0.4107	-0.4358	-0.72879	-1.2285	-1.5989	-2.0516	-2.3189	-2.8262	-3.82	-3.1398	-2.0804	-1.2579	-0.17298	0.51465	0.8985	0.85705	0.62747	0.33484	0.085393	-0.049849	-0.11257	-0.12418	-0.13615	-0.1766	-0.19478	-0.25378	14.095
923.04	-0.29519	-0.28454	-0.27758	-0.17587	-0.41672	-0.34507	-0.61967	-1.1821	-1.5862	-1.9904	-2.2919	-2.8348	-3.8734	-3.147	-1.7718	-1.2541	-0.11216	0.53445	0.91656	0.88401	0.61732	0.32007	0.073721	-0.069619	-0.13585	-0.14492	-0.14702	-0.18065	-0.20254	-0.23153	13.883
926.24	-0.3055	-0.31599	-0.30927	-0.14142	-0.38095	-0.34737	-0.62062	-1.1895	-1.5681	-2.0024	-2.2241	-2.791	-3.7144	-2.9376	-1.9429	-1.1132	-0.081734	0.56274	0.91181	0.85673	0.60696	0.30353	0.062088	-0.059453	-0.12692	-0.14765	-0.16897	-0.18762	-0.2035	-0.29661	13.736
920.91	-0.25193	-0.30539	-0.32748	-0.11631	-0.40133	-0.41617	-0.87741	-1.353	-1.7025	-2.102	-2.3374	-3.149	-3.8498	-3.2541	-1.972	-1.3257	-0.13761	0.56421	0.92508	0.88084	0.61709	0.28803	0.088604	-0.053142	-0.12181	-0.14037	-0.16833	-0.15051	-0.17125	-0.22047	13.56
920.06	-0.26356	-0.30723	-0.27026	-0.11317	-0.34349	-0.4535	-0.88755	-1.3807	-1.7263	-2.1091	-2.3432	-2.9466	-3.8208	-3.1572	-1.9024	-1.241	-0.085644	0.56473	0.91152	0.86248	0.5928	0.29175	0.062505	-0.071509	-0.12817	-0.13235	-0.13134	-0.16135	-0.17141	-0.22897	13.378
925.81	-0.23278	-0.27751	-0.32248	-0.13987	-0.33413	-0.45592	-0.87586	-1.3213	-1.6824	-2.0857	-2.2977	-2.9283	-3.6838	-3.1044	-1.8729	-1.2845	-0.11517	0.57541	0.917	0.86578	0.5957	0.29337	0.078378	-0.071065	-0.13761	-0.14448	-0.14336	-0.14363	-0.1371	-0.18635	13.196
925.39	-0.19563	-0.23899	-0.25237	-0.14639	-0.3596	-0.44914	-0.93346	-1.3695	-1.6658	-2.0558	-2.2879	-2.9127	-3.7665	-3.0396	-1.785	-1.1313	-0.063432	0.56858	0.92061	0.86272	0.59598	0.28492	0.054011	-0.081033	-0.13287	-0.13645	-0.14504	-0.15586	-0.14548	-0.17325	13.06
925.17	-0.1973	-0.26997	-0.27367	-0.17062	-0.35787	-0.43175	-0.93212	-1.3731	-1.7246	-2.0545	-2.3466	-2.9984	-3.6053	-3.09	-1.7854	-1.2683	-0.071802	0.59	0.89693	0.84558	0.58622	0.26953	0.076804	-0.079395	-0.13464	-0.13486	-0.14186	-0.12852	-0.13054	-0.13867	12.883
930.5	-0.18651	-0.22999	-0.20061	-0.10389	-0.33964	-0.5319	-1.0037	-1.4109	-1.7148	-2.0667	-2.3458	-2.8628	-3.7941	-2.9077	-1.7576	-1.2271	-0.064746	0.56369	0.92347	0.86315	0.5927	0.28848	0.069894	-0.060828	-0.12524	-0.12926	-0.10751	-0.13081	-0.10994	-0.14935	12.691
931.99	-0.15404	-0.17897	-0.24896	-0.11333	-0.28882	-0.45811	-0.96829	-1.407	-1.7199	-2.0668	-2.3439	-2.9089	-3.7076	-2.8866	-1.7548	-1.1742	-0.021514	0.62092	0.9125	0.8566	0.57375	0.27438	0.071398	-0.070594	-0.14009	-0.14835	-0.13923	-0.12305	-0.10812	-0.12783	12.514
931.35	-0.17346	-0.17756	-0.20367	-0.074945	-0.28542	-0.52099	-1.0365	-1.4064	-1.732	-2.0204	-2.313	-2.7926	-3.4044	-2.6912	-1.5092	-0.90333	0.051508	0.6284	0.88782	0.83481	0.55613	0.2541	0.058515	-0.080515	-0.13385	-0.13558	-0.13773	-0.11407	-0.12306	-0.12301	12.348
932.41	-0.18452	-0.16815	-0.20019	-0.055654	-0.34073	-0.49262	-1.0016	-1.4145	-1.716	-2.03	-2.222	-2.6881	-3.5934	-2.8195	-1.6307	-1.1228	0.0066814	0.61711	0.90893	0.85449	0.5604	0.26062	0.040688	-0.086995	-0.14135	-0.14185	-0.128	-0.12149	-0.098163	-0.13268	12.156
933.69	-0.17142	-0.16792	-0.18049	-0.061969	-0.37253	-0.55782	-1.0278	-1.3963	-1.723	-2.0511	-2.1775	-2.7687	-3.4279	-2.6844	-1.7164	-0.918	0.031509	0.63034	0.91084	0.82585	0.54983	0.25006	0.051919	-0.070465	-0.12613	-0.13202	-0.12942	-0.12735	-0.098028	-0.15374	12.03
937.1	-0.11642	-0.13678	-0.16047	-0.084042	-0.36046	-0.59725	-1.0149	-1.4545	-1.723	-2.008	-2.1768	-2.6915	-3.4795	-2.7074	-1.3598	-0.99904	0.056141	0.64731	0.88237	0.83653	0.53644	0.24406	0.032452	-0.093102	-0.13024	-0.12195	-0.11468	-0.11637	-0.081248	-0.086438	11.848
935.39	-0.12303	-0.12938	-0.19147	-0.090577	-0.38438	-0.62429	-1.0473	-1.449	-1.6808	-2.0202	-2.2472	-2.6122	-3.3736	-2.5812	-1.3974	-0.96705	0.12401	0.67306	0.90131	0.82263	0.526	0.24281	0.030903	-0.089994	-0.15295	-0.15422	-0.11807	-0.1226	-0.084686	-0.086595	11.661
943.69	-0.096539	-0.10854	-0.090448	-0.083455	-0.39696	-0.65481	-1.0684	-1.4041	-1.6954	-1.9738	-2.2007	-2.6727	-3.2328	-2.4936	-1.3851	-0.90826	0.12947	0.67236	0.90743	0.81369	0.53107	0.22047	0.022654	-0.089202	-0.13581	-0.13698	-0.12963	-0.10661	-0.070895	-0.084218	11.489
939.01	-0.077865	-0.086225	-0.11666	-0.053673	-0.39894	-0.62705	-1.0692	-1.4369	-1.6759	-1.9599	-2.2619	-2.6022	-3.2169	-2.5223	-1.3395	-0.91279	0.15975	0.68795	0.90882	0.81092	0.51585	0.21142	-0.0044883	-0.12391	-0.15104	-0.13766	-0.13027	-0.099652	-0.05158	-0.083013	11.287
943.69	-0.060008	-0.087313	-0.10968	-0.097688	-0.46257	-0.64795	-1.0912	-1.4588	-1.666	-1.9738	-2.1508	-2.656	-3.1851	-2.4936	-1.3851	-0.90826	0.16551	0.65845	0.89026	0.8069	0.50521	0.20532	-0.0076564	-0.1233	-0.15946	-0.15286	-0.14537	-0.099158	-0.077418	-0.047038	11.166
944.33	-0.042506	-0.053927	-0.098393	-0.072335	-0.43745	-0.66294	-1.0889	-1.4224	-1.6463	-1.922	-2.1227	-2.3375	-3.1353	-2.2485	-1.3668	-0.63971	0.22597	0.71015	0.91306	0.80975	0.52102	0.21696	-0.0028697	-0.10861	-0.15245	-0.14641	-0.11538	-0.096111	-0.048029	-0.0567	10.989
941.78	-0.017157	-0.054073	-0.071365	-0.080455	-0.4955	-0.70427	-1.0797	-1.4279	-1.6337	-1.9525	-2.2124	-2.3939	-3.0961	-2.0757	-1.353	-0.59106	0.25121	0.72777	0.9171	0.78811	0.50138	0.19224	-0.012468	-0.10891	-0.14192	-0.13567	-0.12042	-0.097866	-0.0073045	-0.035796	10.838
945.4	-0.0075787	0.00060652	-0.063095	-0.086461	-0.49715	-0.66733	-1.0862	-1.3983	-1.6708	-1.9165	-2.1825	-2.3848	-2.9733	-2.246	-1.0006	-0.65572	0.26496	0.7354	0.88865	0.79188	0.47848	0.17806	-0.0028665	-0.13442	-0.16079	-0.14307	-0.13254	-0.076653	-0.034952	-0.022752	10.631
946.46	0.020937	-0.032647	-0.056636	-0.10056	-0.48951	-0.66658	-1.1107	-1.4128	-1.638	-1.8774	-2.141	-2.3322	-2.9541	-2.1301	-1.1382	-0.5046	0.30223	0.75192	0.90011	0.78082	0.48117	0.17954	-0.02036	-0.1278	-0.15029	-0.13499	-0.1214	-0.09292	-0.031659	-0.034007	10.464
946.89	-0.010733	-0.0039285	-0.059802	-0.087901	-0.4946	-0.7056	-1.0981	-1.4154	-1.591	-1.8681	-2.1045	-2.3478	-2.9369	-1.9674	-1.0683	-0.48768	0.36087	0.76025	0.89504	0.75676	0.45518	0.16772	-0.045789	-0.13259	-0.16204	-0.15076	-0.1182	-0.10031	-0.017018	-0.024326	10.247
950.71	0.02242	0.027685	-0.057972	-0.10953	-0.51197	-0.67552	-1.0786	-1.3905	-1.5861	-1.8573	-2.0536	-2.3218	-2.7674	-2.0078	-1.0468	-0.41918	0.35617	0.77964	0.88833	0.77227	0.46939	0.17874	-0.026604	-0.14495	-0.15758	-0.13597	-0.13179	-0.076224	-0.028282	-0.021019	10.116
953.9	0.0050602	0.0050989	-0.051436	-0.055964	-0.48043	-0.67835	-1.078	-1.3827	-1.5747	-1.8144	-2.0467	-2.248	-2.6325	-1.9368	-0.94	-0.36804	0.37767	0.78908	0.89772	0.76464	0.44543	0.15149	-0.040717	-0.1284	-0.16266	-0.15751	-0.13603	-0.068593	0.0056965	-0.00015896	9.9144
949.44	0.020872	-0.00090335	-0.05805	-0.097097	-0.4774	-0.68836	-1.0996	-1.3764	-1.5744	-1.8347	-2.0546	-2.2586	-2.7396	-2.0105	-1.0136	-0.36977	0.35502	0.75821	0.87246	0.73953	0.43628	0.13547	-0.064692	-0.15483	-0.16706	-0.14562	-0.11945	-0.067434	-0.010487	-0.02426	9.7883
947.52	0.063625	0.036839	-0.040614	-0.097293	-0.50839	-0.68975	-1.0868	-1.3968	-1.5807	-1.8149	-2.0179	-2.2631	-2.6502	-1.9661	-0.89436	-0.37052	0.42916	0.80132	0.90687	0.75287	0.43877	0.13407	-0.060059	-0.15191	-0.1636	-0.14275	-0.12126	-0.072025	-0.0056368	-0.0033812	9.5865
953.69	0.066357	0.042598	-0.045106	-0.10136	-0.52265	-0.69886	-1.0632	-1.3782	-1.572	-1.7948	-1.9766	-2.1164	-2.6645	-1.8087	-0.76808	-0.41787	0.46691	0.80475	0.87938	0.73119	0.40394	0.11988	-0.067561	-0.15735	-0.18069	-0.16069	-0.11424	-0.081889	0.013767	0.019035	9.4151
954.12	0.049047	0.047078	-0.051425	-0.12165	-0.50663	-0.68159	-1.0478	-1.368	-1.4763	-1.7358	-1.8929	-2.132	-2.4119	-1.5992	-0.52685	-0.30165	0.50721	0.81471	0.86663	0.72077	0.37978	0.1015	-0.076999	-0.17495	-0.18549	-0.16376	-0.1469	-0.064153	-0.0039841	0.038211	9.2184
954.12	0.085179	0.066569	-0.041917	-0.10444	-0.52593	-0.69176	-1.0583	-1.3569	-1.5192	-1.7274	-1.8541	-2.033	-2.5062	-1.5349	-0.73331	-0.069618	0.51207	0.81987	0.8759	0.70061	0.40536	0.10317	-0.086466	-0.17013	-0.17578	-0.15119	-0.12354	-0.077427	0.055699	0.011033	9.0823
956.03	0.099121	0.069428	-0.095608	-0.12609	-0.50562	-0.69038	-1.0651	-1.3399	-1.5192	-1.7024	-1.8311	-1.9301	-2.3914	-1.5158	-0.59448	-0.18527	0.52236	0.82338	0.87106	0.70591	0.38061	0.096317	-0.083143	-0.17139	-0.1818	-0.15559	-0.11552	-0.053723	0.041099	0.022178	8.8958
958.37	0.097312	0.070751	-0.071708	-0.10242	-0.51835	-0.67181	-1.0461	-1.3207	-1.5186	-1.6966	-1.8108	-1.8926	-2.3387	-1.2883	-0.55877	0.013198	0.55657	0.82994	0.8674	0.69583	0.37491	0.081162	-0.11436	-0.17257	-0.17613	-0.15052	-0.10283	-0.078551	0.071511	0.060325	8.7446
954.54	0.13539	0.087519	-0.091005	-0.12941	-0.51167	-0.63889	-1.0398	-1.3404	-1.5568	-1.6967	-1.804	-1.9991	-2.2695	-1.3898	-0.61261	0.013251	0.55881	0.84359	0.86316	0.69022	0.37961	0.073166	-0.11166	-0.1845	-0.17873	-0.15113	-0.12971	-0.053807	0.049225	0.05897	8.5935
957.95	0.092663	0.06929	-0.087525	-0.14142	-0.52382	-0.68224	-1.0481	-1.3086	-1.5162	-1.6724	-1.7765	-1.8606	-2.2615	-1.0809	-0.5076	-0.03631	0.58103	0.83716	0.8724	0.68274	0.35119	0.051345	-0.13798	-0.19984	-0.1994	-0.17249	-0.13235	-0.084463	0.023345	0.034874	8.3819
957.73	0.1146	0.084242	-0.093859	-0.13677	-0.52569	-0.66212	-1.0438	-1.328	-1.4876	-1.623	-1.6944	-1.6966	-2.1837	-1.1932	-0.43916	0.029726	0.64088	0.84763	0.86644	0.66615	0.32897	0.038087	-0.15059	-0.21588	-0.22217	-0.18662	-0.10445	-0.075665	0.041026	0.042845	8.2107
956.46	0.11005	0.093327	-0.078175	-0.13383	-0.51589	-0.67146	-1.0422	-1.2758	-1.514	-1.6252	-1.7002	-1.8635	-2.0143	-1.1467	-0.43974	0.013225	0.63851	0.89167	0.84757	0.6486	0.31027	0.029832	-0.13662	-0.20656	-0.21593	-0.18843	-0.131	-0.063996	0.049127	0.046092	8.0295
959.86	0.10965	0.088526	-0.070021	-0.13647	-0.50709	-0.67245	-1.0355	-1.276	-1.4782	-1.5731	-1.6521	-1.7256	-1.9915	-1.1905	-0.30135	0.12851	0.64268	0.87312	0.82461	0.64129	0.30917	0.0098647	-0.15653	-0.23616	-0.21271	-0.17059	-0.14447	-0.082828	0.045746	0.058643	7.8986
958.8	0.1301	0.10802	-0.11899	-0.13506	-0.52511	-0.66138	-1.0113	-1.298	-1.4326	-1.5533	-1.6241	-1.6619	-1.9937	-1.08	-0.37019	0.16165	0.67565	0.87751	0.83628	0.64367	0.3111	0.024788	-0.15513	-0.22204	-0.20512	-0.17078	-0.14618	-0.072648	0.058639	0.036434	7.7024
960.5	0.13455	0.095914	-0.079421	-0.13172	-0.53463	-0.68212	-1.02	-1.3321	-1.4589	-1.5506	-1.6037	-1.7409	-1.8341	-1.11	-0.23279	0.19429	0.67928	0.88621	0.8256	0.63251	0.29308	-0.0066827	-0.15486	-0.22802	-0.20606	-0.16111	-0.11653	-0.047612	0.064944	0.063369	7.5615
961.13	0.12355	0.11222	-0.10139	-0.13007	-0.49945	-0.65809	-0.98804	-1.2917	-1.4154	-1.4999	-1.5449	-1.5104	-1.8329	-1.1252	-0.078914	0.12834	0.71743	0.88221	0.78826	0.62542	0.25797	-0.003371	-0.18451	-0.25019	-0.23096	-0.18596	-0.12882	-0.054901	0.048888	0.09507	7.3352
963.26	0.15906	0.10158	-0.12001	-0.13444	-0.53136	-0.62135	-0.99774	-1.2447	-1.3895	-1.4768	-1.4944	-1.5725	-1.7977	-0.83637	-0.044641	0.24299	0.72869	0.87004	0.78652	0.58908	0.2479	-0.033052	-0.19192	-0.24328	-0.22208	-0.18244	-0.13625	-0.059163	0.061563	0.096443	7.1995
963.47	0.15281	0.11789	-0.091731	-0.12666	-0.53124	-0.67665	-0.97376	-1.2381	-1.3741	-1.4617	-1.4818	-1.4087	-1.7196	-0.86799	-0.1639	0.11162	0.74618	0.87155	0.78941	0.57897	0.21618	-0.031397	-0.20125	-0.25912	-0.25505	-0.21818	-0.14856	-0.06207	0.045575	0.088506	7.0085
967.72	0.1289	0.095198	-0.091328	-0.13382	-0.50643	-0.64357	-0.99461	-1.2405	-1.3741	-1.4388	-1.4527	-1.5815	-1.6191	-0.76918	0.040388	0.22552	0.7381	0.88299	0.79203	0.58471	0.22942	-0.049317	-0.21126	-0.2564	-0.23183	-0.19553	-0.16326	-0.076339	0.039012	0.077081	6.8427
963.05	0.16221	0.094173	-0.10276	-0.13137	-0.52974	-0.6467	-0.97419	-1.2481	-1.3368	-1.4079	-1.369	-1.5401	-1.4557	-0.64563	-0.010576	0.4401	0.77701	0.90091	0.7714	0.53926	0.21311	-0.0809	-0.21385	-0.27197	-0.23143	-0.18248	-0.15325	-0.053332	0.072761	0.093295	6.687
965.6	0.14781	0.11911	-0.099359	-0.12484	-0.51274	-0.60643	-0.96569	-1.1662	-1.309	-1.368	-1.3444	-1.4545	-1.3432	-0.51698	0.0064602	0.38978	0.79897	0.88153	0.75868	0.51957	0.20465	-0.090558	-0.23823	-0.28236	-0.2546	-0.20838	-0.14823	-0.072136	0.086915	0.10727	6.5113
966.87	0.15847	0.14854	-0.12112	-0.13393	-0.48437	-0.58555	-0.94814	-1.207	-1.3088	-1.3547	-1.327	-1.3224	-1.4965	-0.59553	0.023438	0.38927	0.8139	0.87527	0.75615	0.52386	0.19333	-0.07072	-0.23636	-0.28515	-0.26012	-0.20966	-0.13267	-0.073495	0.072473	0.10555	6.3406
968.57	0.15819	0.098067	-0.10686	-0.12599	-0.49907	-0.63465	-0.97011	-1.1673	-1.2869	-1.326	-1.2969	-1.4826	-1.3546	-0.51539	0.10813	0.48656	0.81726	0.89408	0.75483	0.51301	0.18354	-0.11816	-0.25304	-0.29256	-0.27781	-0.23715	-0.16312	-0.086441	0.077115	0.11639	6.1349
969.85	0.15644	0.13039	-0.10984	-0.12583	-0.48461	-0.62213	-0.90983	-1.183	-1.246	-1.2915	-1.2432	-1.1398	-1.3219	-0.35672	0.15877	0.43701	0.82735	0.8692	0.71434	0.49084	0.13297	-0.11801	-0.2822	-0.30324	-0.28718	-0.23992	-0.13072	-0.07472	0.069079	0.087924	5.9644
964.75	0.14949	0.12218	-0.11198	-0.11257	-0.48023	-0.60697	-0.92799	-1.1451	-1.236	-1.2671	-1.2114	-1.1458	-1.1113	-0.34273	0.19364	0.52127	0.84294	0.8789	0.7059	0.4818	0.13051	-0.13345	-0.28213	-0.30802	-0.29738	-0.25362	-0.14836	-0.061988	0.058277	0.11685	5.794
965.81	0.17106	0.12205	-0.12125	-0.10936	-0.48664	-0.613	-0.92697	-1.1455	-1.2165	-1.2394	-1.1613	-1.0141	-1.2498	-0.31063	0.32942	0.55344	0.86762	0.85924	0.69902	0.45305	0.10668	-0.14811	-0.30988	-0.32196	-0.28922	-0.23627	-0.13743	-0.091058	0.064587	0.12304	5.5986
969.42	0.16424	0.10979	-0.1052	-0.10279	-0.49173	-0.58067	-0.89695	-1.0989	-1.1984	-1.2249	-1.1362	-1.2052	-1.0751	-0.26205	0.36206	0.584	0.84525	0.87128	0.69034	0.45136	0.10785	-0.16722	-0.29475	-0.32076	-0.27338	-0.22148	-0.17064	-0.067495	0.056408	0.10842	5.4884
970.7	0.17946	0.11848	-0.11753	-0.11342	-0.47212	-0.59324	-0.93556	-1.0896	-1.1712	-1.1955	-1.0844	-0.89551	-0.88836	-0.10386	0.26011	0.61583	0.86007	0.85322	0.65452	0.41608	0.085709	-0.17519	-0.30987	-0.33928	-0.2928	-0.23663	-0.17194	-0.068856	0.064262	0.10042	5.253
969.85	0.15798	0.12154	-0.1114	-0.10429	-0.4708	-0.57874	-0.89951	-1.1078	-1.1798	-1.1965	-1.1027	-1.0586	-1.0282	-0.21455	0.31113	0.50221	0.88154	0.86074	0.68092	0.42306	0.082639	-0.17862	-0.32256	-0.34431	-0.30144	-0.24765	-0.17669	-0.076171	0.077014	0.095788	5.1029
969.21	0.14881	0.098002	-0.14111	-0.12437	-0.47975	-0.59917	-1.0329	-1.0725	-1.1444	-1.1416	-1.0288	-1.0431	-0.96705	-0.15145	0.39601	0.71467	0.86298	0.8359	0.62664	0.38859	0.055937	-0.22135	-0.35384	-0.36193	-0.29589	-0.2339	-0.17527	-0.084932	0.078652	0.11316	4.9578
968.36	0.1799	0.10991	-0.12406	-0.11524	-0.46116	-0.58799	-0.91123	-1.0609	-1.1378	-1.1311	-1.0245	-0.88142	-0.90597	-0.19905	0.36245	0.61732	0.8829	0.84172	0.62111	0.38065	0.05126	-0.22319	-0.34482	-0.37174	-0.29016	-0.21708	-0.17083	-0.07193	0.064417	0.11169	4.7828
970.91	0.16707	0.1273	-0.12217	-0.11647	-0.46857	-0.59645	-0.90589	-1.0487	-1.1123	-1.097	-0.97162	-0.86289	-0.7029	-0.056501	0.42915	0.63197	0.86625	0.82429	0.6043	0.35653	0.022845	-0.24224	-0.35942	-0.3755	-0.31728	-0.25664	-0.1918	-0.087683	0.081685	0.10982	4.6229
968.79	0.16589	0.11872	-0.1084	-0.088996	-0.47305	-0.55432	-0.85324	-1.0306	-1.1162	-1.1027	-0.99111	-0.88103	-0.82821	-0.040803	0.43009	0.68234	0.87294	0.84135	0.61475	0.3689	0.026044	-0.24113	-0.36021	-0.37949	-0.32412	-0.26494	-0.20143	-0.06173	0.077098	0.12424	4.448
971.13	0.16086	0.096337	-0.12838	-0.13335	-0.45123	-0.56798	-0.807	-1.0125	-1.0835	-1.0363	-0.91599	-0.81406	-0.74904	-0.0091515	0.51358	0.69698	0.87243	0.82242	0.58293	0.33334	-0.0085767	-0.27818	-0.37484	-0.38962	-0.3371	-0.27202	-0.17799	-0.071725	0.067403	0.14279	4.2882
970.7	0.1949	0.13322	-0.098837	-0.11188	-0.44798	-0.57324	-0.65114	-1.0036	-1.0523	-1.0154	-0.85056	-0.81442	-0.64128	0.1329	0.56454	0.87649	0.86962	0.79234	0.53613	0.28558	-0.038437	-0.29139	-0.40137	-0.41347	-0.34338	-0.26751	-0.17348	-0.077554	0.095971	0.17113	4.1485
972.61	0.17294	0.12413	-0.11419	-0.10859	-0.43849	-0.57544	-0.96314	-0.99535	-1.0488	-0.9922	-0.86444	-0.60242	-0.71708	0.16416	0.64783	0.66339	0.88381	0.78234	0.54114	0.3015	-0.050911	-0.27775	-0.40058	-0.41423	-0.34328	-0.27007	-0.18841	-0.090422	0.086289	0.16139	3.944
971.55	0.14999	0.11544	-0.12365	-0.1379	-0.44759	-0.53109	-0.71094	-0.98706	-1.0274	-0.97203	-0.81	-0.61927	-0.5173	0.24318	0.46264	0.81062	0.87204	0.78658	0.5205	0.26222	-0.052536	-0.31076	-0.42426	-0.4273	-0.32484	-0.24259	-0.19168	-0.094867	0.10222	0.10033	3.7744
976.44	0.18915	0.12511	-0.11684	-0.10358	-0.43335	-0.52014	-0.80261	-0.96035	-1.0013	-0.9574	-0.76978	-0.56781	-0.34586	0.25766	0.54439	0.91992	0.88668	0.786	0.50733	0.24941	-0.066333	-0.32385	-0.42368	-0.43457	-0.36674	-0.28743	-0.1755	-0.069892	0.084374	0.12951	3.6
975.37	0.16784	0.12818	-0.10301	-0.088395	-0.42696	-0.51573	-0.79468	-0.93648	-0.96941	-0.9275	-0.7413	-0.61684	-0.33086	0.35221	0.51134	0.96956	0.87021	0.74646	0.49278	0.23818	-0.10081	-0.34538	-0.44884	-0.40834	-0.35333	-0.30004	-0.20616	-0.091609	0.089201	0.11245	3.4407
972.61	0.16062	0.10649	-0.14528	-0.1178	-0.43849	-0.50721	-0.7337	-0.93914	-0.95714	-0.90073	-0.69154	-0.57005	-0.36262	0.1484	0.64783	0.7772	0.85997	0.70976	0.43662	0.19599	-0.12619	-0.35779	-0.4594	-0.44731	-0.37422	-0.30397	-0.21591	-0.074508	0.056223	0.13786	3.2565
975.16	0.16635	0.12087	-0.1449	-0.094535	-0.43392	-0.54405	-0.6467	-0.92578	-0.94715	-0.90001	-0.7087	-0.48784	-0.39241	0.30513	0.62928	0.72653	0.86406	0.7079	0.4385	0.18232	-0.14776	-0.36826	-0.47827	-0.44928	-0.36199	-0.28934	-0.21078	-0.091629	0.082907	0.13594	3.0873
974.95	0.15715	0.12824	-0.11547	-0.094556	-0.42543	-0.49935	-0.7965	-0.8886	-0.9069	-0.83013	-0.61743	-0.48795	-0.19264	0.39951	0.7473	0.75913	0.83412	0.66428	0.40535	0.14454	-0.16501	-0.40256	-0.49227	-0.46353	-0.3825	-0.30939	-0.2154	-0.091649	0.10818	0.14692	2.9034
974.74	0.18179	0.11946	-0.11549	-0.089983	-0.4135	-0.49116	-0.85097	-0.8997	-0.9071	-0.83357	-0.61584	-0.47191	-0.22344	0.4782	0.61272	0.87286	0.8454	0.66274	0.39788	0.13799	-0.16974	-0.39939	-0.48775	-0.45419	-0.3811	-0.31253	-0.21239	-0.098887	0.10347	0.15008	2.7444
973.46	0.18049	0.10198	-0.11564	-0.12076	-0.43467	-0.48349	-0.86531	-0.87904	-0.88878	-0.79387	-0.58382	-0.34314	-0.22373	0.36863	0.78217	0.79278	0.8608	0.64843	0.36057	0.11016	-0.19817	-0.42602	-0.51777	-0.50201	-0.41714	-0.33296	-0.2203	-0.10335	0.097282	0.14714	2.5805
977.07	0.17676	0.11918	-0.13224	-0.12337	-0.41765	-0.48833	-0.73181	-0.87889	-0.86905	-0.75678	-0.53864	-0.29355	-0.16154	0.41432	0.71206	0.83839	0.8323	0.62251	0.33209	0.086782	-0.20836	-0.43745	-0.51585	-0.49231	-0.42388	-0.344	-0.20276	-0.08713	0.098497	0.15753	2.3969
975.8	0.16316	0.12813	-0.12931	-0.089885	-0.3959	-0.47238	-0.71664	-0.85358	-0.82527	-0.73661	-0.51694	-0.19714	-0.084949	0.72891	0.7803	0.80709	0.81913	0.58799	0.32649	0.075393	-0.23677	-0.43803	-0.53658	-0.47097	-0.38214	-0.30759	-0.19541	-0.11897	0.12071	0.1421	2.1985
979.84	0.18391	0.11738	-0.12261	-0.09256	-0.39598	-0.49356	-0.75457	-0.84387	-0.82783	-0.72871	-0.4719	-0.21239	-0.084599	0.53824	0.86084	0.91673	0.8126	0.57887	0.29808	0.052171	-0.24981	-0.46541	-0.54359	-0.50656	-0.41491	-0.3308	-0.21584	-0.086884	0.091935	0.13218	2.0547
974.74	0.18333	0.10772	-0.10308	-0.11448	-0.41694	-0.48452	-0.6822	-0.8218	-0.81868	-0.70644	-0.44159	-0.29425	0.11488	0.46246	0.81483	0.90531	0.78355	0.56	0.25731	0.02448	-0.28398	-0.50859	-0.54953	-0.5265	-0.43772	-0.35098	-0.23221	-0.072902	0.10189	0.15165	1.8913
975.16	0.16942	0.10327	-0.12474	-0.089943	-0.41504	-0.45941	-0.69511	-0.7934	-0.78087	-0.67844	-0.40173	-0.22956	0.068708	0.65082	0.76396	0.986	0.77211	0.52104	0.24058	-0.011708	-0.28073	-0.49371	-0.54929	-0.50742	-0.42292	-0.34621	-0.23668	-0.098844	0.097112	0.12812	1.7576
976.01	0.16927	0.095855	-0.10295	-0.10516	-0.37352	-0.43911	-0.67105	-0.77715	-0.78019	-0.65181	-0.3807	-0.21322	0.11473	0.44616	0.9315	0.90412	0.75401	0.49199	0.19811	-0.02484	-0.32112	-0.51769	-0.57811	-0.53994	-0.45184	-0.36127	-0.21516	-0.088666	0.11122	0.17177	1.5646
977.71	0.16284	0.098614	-0.10431	-0.10497	-0.39855	-0.46152	-0.67574	-0.78512	-0.77136	-0.63442	-0.37144	-0.10014	0.14519	0.50807	0.82915	0.75698	0.75903	0.49113	0.19173	-0.039559	-0.33772	-0.51842	-0.57095	-0.54841	-0.46009	-0.36831	-0.23151	-0.076997	0.084264	0.16835	1.3916
974.31	0.17726	0.10336	-0.10623	-0.090022	-0.38448	-0.42658	-0.6825	-0.76604	-0.74257	-0.61544	-0.33822	-0.068182	0.14569	0.65139	0.79833	0.9544	0.74263	0.44904	0.16519	-0.072611	-0.35143	-0.54958	-0.60539	-0.56133	-0.47532	-0.38652	-0.23689	-0.094598	0.095615	0.14075	1.1989
978.77	0.16573	0.12628	-0.1042	-0.10181	-0.37418	-0.4296	-0.6677	-0.75013	-0.71829	-0.5753	-0.31606	-0.1322	0.20629	0.67971	0.82825	0.82078	0.71714	0.42854	0.15691	-0.069004	-0.36229	-0.56493	-0.61186	-0.56503	-0.47332	-0.38475	-0.24644	-0.12004	0.074739	0.15881	1.0656
976.86	0.16145	0.11334	-0.096665	-0.097426	-0.36635	-0.45032	-0.65289	-0.74072	-0.7182	-0.57317	-0.3184	-0.10023	0.23737	0.57126	0.93069	0.79002	0.71221	0.4193	0.12856	-0.08227	-0.38643	-0.56928	-0.60535	-0.57869	-0.48444	-0.38397	-0.22714	-0.095791	0.085913	0.15132	0.84855
977.5	0.15215	0.10742	-0.13063	-0.10652	-0.35755	-0.4285	-0.65393	-0.73868	-0.69382	-0.53867	-0.25798	-0.035754	0.28322	0.69628	0.96367	0.88658	0.6643	0.34009	0.075722	-0.13963	-0.4127	-0.59979	-0.64654	-0.58458	-0.47436	-0.37605	-0.23308	-0.09429	0.10003	0.16214	0.73517
981.54	0.17443	0.10843	-0.10853	-0.090881	-0.35096	-0.46467	-0.63521	-0.71708	-0.68501	-0.53969	-0.22093	-0.035607	0.3126	0.70903	0.80919	0.94738	0.64267	0.33702	0.0589	-0.16846	-0.43743	-0.61189	-0.65002	-0.58686	-0.47498	-0.37604	-0.23363	-0.096768	0.093345	0.14438	0.5578
974.31	0.16187	0.12685	-0.12175	-0.083895	-0.37074	-0.43157	-0.62083	-0.69745	-0.63762	-0.51108	-0.20013	0.077244	0.31491	0.77719	0.66354	0.82454	0.61887	0.26706	0.036654	-0.20756	-0.47198	-0.61969	-0.67028	-0.58335	-0.47425	-0.38036	-0.22926	-0.085932	0.12247	0.16894	0.37073
982.38	0.14529	0.069021	-0.11921	-0.07409	-0.3694	-0.48404	-0.62884	-0.67317	-0.63386	-0.45998	-0.14542	0.044547	0.44966	0.73961	0.95888	1.0431	0.58703	0.25652	-0.0041382	-0.20749	-0.46966	-0.64533	-0.67397	-0.59259	-0.48016	-0.38792	-0.25461	-0.090955	0.086996	0.15823	0.24774
980.05	0.1594	0.088161	-0.10869	-0.066652	-0.35662	-0.41748	-0.59969	-0.66703	-0.61153	-0.45946	-0.16636	0.076792	0.4966	0.6632	0.92767	0.69064	0.59947	0.26383	-0.0026456	-0.20962	-0.49724	-0.66632	-0.68326	-0.60964	-0.48492	-0.38272	-0.24915	-0.098351	0.096628	0.16328	0.031452
980.9	0.17607	0.085167	-0.083935	-0.054424	-0.33072	-0.41547	-0.60792	-0.67883	-0.61546	-0.4542	-0.13364	0.028575	0.3128	0.69387	0.85991	1.0447	0.58319	0.23849	-0.031181	-0.23069	-0.48281	-0.66412	-0.69495	-0.62785	-0.48541	-0.37628	-0.26408	-0.104	0.08399	0.14758	-0.071701
977.29	0.16598	0.098657	-0.10436	-0.045463	-0.34735	-0.4435	-0.57942	-0.64405	-0.5714	-0.42337	-0.10832	0.14142	0.51335	0.8532	0.86309	0.82203	0.52049	0.14699	-0.10516	-0.30046	-0.55952	-0.70234	-0.716	-0.65526	-0.52776	-0.41295	-0.25289	-0.074151	0.096901	0.16998	-0.3122
977.5	0.20121	0.11327	-0.11671	-0.028657	-0.34556	-0.42354	-0.59539	-0.64857	-0.56829	-0.41352	-0.084212	0.04477	0.42123	0.80602	0.84611	0.83802	0.51721	0.13352	-0.093084	-0.31023	-0.57344	-0.72494	-0.73895	-0.62847	-0.50173	-0.40212	-0.25132	-0.10437	0.11577	0.18399	-0.4348
978.35	0.15201	0.10001	-0.12897	-0.045413	-0.32816	-0.3603	-0.55979	-0.62472	-0.53644	-0.38231	-0.056636	0.25391	0.45151	0.77398	0.79503	0.82114	0.47252	0.079706	-0.1442	-0.3411	-0.60569	-0.73405	-0.7383	-0.64358	-0.52733	-0.42322	-0.24654	-0.10571	0.098368	0.15577	-0.60142
978.56	0.15198	0.078061	-0.10113	-0.042352	-0.35032	-0.42804	-0.56551	-0.61217	-0.52886	-0.38385	-0.041157	0.12516	0.49736	0.97738	0.77809	0.82096	0.44872	0.0562	-0.14417	-0.37216	-0.60711	-0.74688	-0.75045	-0.67789	-0.52316	-0.39709	-0.24953	-0.10713	0.12823	0.16976	-0.81195
976.44	0.1431	0.079698	-0.14007	-0.042444	-0.32709	-0.33283	-0.55209	-0.60261	-0.50757	-0.33587	0.005254	0.31891	0.60591	0.85395	0.84703	0.80656	0.41803	-0.0025223	-0.18824	-0.39432	-0.62875	-0.75501	-0.75979	-0.66368	-0.54614	-0.43787	-0.24855	-0.10016	0.11275	0.15451	-0.97825
983.23	0.13754	0.096605	-0.12064	-0.017865	-0.31632	-0.38979	-0.53664	-0.59536	-0.4996	-0.31255	0.0035082	0.23665	0.61696	0.89481	1.0415	0.76881	0.40885	0.0091827	-0.20642	-0.39975	-0.63526	-0.76595	-0.77138	-0.67779	-0.53108	-0.41197	-0.25288	-0.089445	0.09788	0.17361	-1.0223
979.84	0.17014	0.10132	-0.12569	-0.020973	-0.31229	-0.3102	-0.55018	-0.60052	-0.51624	-0.33957	-0.0084954	0.1732	0.46612	0.75717	0.76032	0.80376	0.42289	0.0025133	-0.21165	-0.40441	-0.63123	-0.75564	-0.7802	-0.67076	-0.52707	-0.41493	-0.25982	-0.10699	0.10764	0.1711	-1.0271
977.29	0.1169	0.0767	-0.12293	-0.028664	-0.3268	-0.50147	-0.54722	-0.58344	-0.49068	-0.3177	8.6567e-005	0.18975	0.65139	0.9316	0.86309	0.74112	0.40818	-0.00083959	-0.20768	-0.4071	-0.63912	-0.77061	-0.77454	-0.62704	-0.52029	-0.43902	-0.2757	-0.09287	0.1032	0.1575	-1.0467
979.84	0.15943	0.1057	-0.12261	-0.0042191	-0.30716	-0.41427	-0.54288	-0.60207	-0.50432	-0.33146	-0.015359	0.33386	0.51202	0.88227	1.0116	0.75534	0.44025	0.020944	-0.18458	-0.37659	-0.62189	-0.74591	-0.76945	-0.65825	-0.53318	-0.42564	-0.24314	-0.12279	0.12178	0.18511	-1.0369
978.99	0.15651	0.1204	-0.10881	-0.014894	-0.32965	-0.37495	-0.55065	-0.60725	-0.51371	-0.33824	-0.015372	0.26982	0.49714	0.69522	0.82807	0.7883	0.41536	-0.0041917	-0.20431	-0.39821	-0.61776	-0.76441	-0.76704	-0.66664	-0.53367	-0.42142	-0.24942	-0.095583	0.10617	0.16346	-1.0076
977.92	0.15514	0.095667	-0.10429	-0.021014	-0.33515	-0.41508	-0.55564	-0.59548	-0.51128	-0.33699	0.0018069	0.22182	0.559	0.69598	0.86252	0.75682	0.39684	-0.0041962	-0.22562	-0.40028	-0.63247	-0.76849	-0.77249	-0.67363	-0.53298	-0.41574	-0.24513	-0.084175	0.1173	0.17611	-1.0174
979.2	0.14576	0.095543	-0.11033	-0.0072699	-0.33129	-0.40627	-0.54031	-0.59936	-0.51956	-0.33006	0.017261	0.23763	0.51235	0.80462	0.79434	0.73968	0.35844	-0.046104	-0.25241	-0.44397	-0.64878	-0.76749	-0.77302	-0.64772	-0.52343	-0.42286	-0.25088	-0.11568	0.12186	0.15563	-1.0125
980.26	0.15019	0.082306	-0.10404	-0.01183	-0.30874	-0.38272	-0.54994	-0.60026	-0.50708	-0.3378	0.017242	0.15707	0.52708	0.86627	0.77674	0.88408	0.40536	-0.014235	-0.21306	-0.41732	-0.62318	-0.76342	-0.77526	-0.65483	-0.51097	-0.40405	-0.25819	-0.09833	0.11545	0.16013	-0.98314
977.92	0.14288	0.095667	-0.12439	0.00035136	-0.31803	-0.42335	-0.54833	-0.61101	-0.52173	-0.34673	0.0018069	0.22182	0.54367	0.83699	0.79538	0.87002	0.42056	0.015947	-0.19549	-0.39208	-0.61531	-0.76849	-0.77711	-0.6611	-0.53243	-0.42801	-0.26033	-0.11151	0.1173	0.14335	-0.98314
978.77	0.15654	0.098507	-0.11501	0.00035105	-0.33143	-0.4048	-0.55662	-0.60583	-0.50934	-0.35293	-0.017096	0.18946	0.57382	0.86758	0.69406	0.65921	0.43757	0.019289	-0.19984	-0.40648	-0.63192	-0.76295	-0.76721	-0.69966	-0.55382	-0.42916	-0.27073	-0.084102	0.11562	0.1744	-1.0418
978.99	0.15345	0.094103	-0.11499	0.0033997	-0.32794	-0.33527	-0.5565	-0.59794	-0.49431	-0.33824	-0.0016304	0.17335	0.48184	1.0082	0.77776	0.83675	0.4122	-0.012576	-0.19528	-0.4064	-0.62711	-0.77739	-0.77627	-0.65412	-0.53539	-0.43366	-0.2479	-0.10133	0.11874	0.15722	-1.0174
979.2	0.16107	0.09116	-0.1057	-0.0042219	-0.31078	-0.44099	-0.55346	-0.61487	-0.52255	-0.34791	-0.018805	0.25369	0.52765	0.91414	1.0123	0.98193	0.47211	0.049458	-0.15762	-0.35063	-0.58958	-0.74315	-0.76534	-0.6665	-0.53844	-0.42592	-0.24329	-0.10275	0.12029	0.1603	-0.98314
981.54	0.16374	0.10406	-0.090043	-0.013334	-0.32539	-0.40531	-0.53902	-0.58711	-0.51237	-0.34708	0.01722	0.31725	0.54167	0.74025	0.87608	0.73792	0.41744	-0.00083595	-0.21428	-0.39717	-0.62082	-0.75271	-0.76812	-0.69301	-0.53815	-0.40963	-0.2518	-0.10394	0.091776	0.1708	-1.0027
977.71	0.15518	0.11178	-0.10431	-0.013386	-0.32324	-0.42013	-0.54845	-0.59251	-0.51886	-0.33218	0.0018073	0.17357	0.62044	0.72749	0.9131	0.75698	0.41274	0.012594	-0.20608	-0.39873	-0.63573	-0.77353	-0.76496	-0.68005	-0.54	-0.42196	-0.25886	-0.085633	0.10945	0.16991	-1.0125
978.77	0.17645	0.10874	-0.081027	0.0049258	-0.32801	-0.45937	-0.54639	-0.5779	-0.48546	-0.31397	0.027579	0.2538	0.69634	0.94586	0.94564	0.80464	0.40282	-0.015933	-0.2194	-0.41632	-0.64127	-0.77431	-0.77182	-0.67462	-0.51953	-0.40007	-0.25555	-0.10423	0.11719	0.16972	-1.0369
978.56	0.13513	0.075139	-0.12277	-0.0011746	-0.31953	-0.42804	-0.54066	-0.59044	-0.49751	-0.32216	0.029302	0.14124	0.52799	0.80514	0.79486	0.8533	0.36183	-0.051167	-0.24655	-0.43935	-0.63829	-0.76799	-0.77045	-0.65754	-0.5132	-0.40628	-0.26775	-0.089872	0.11408	0.16508	-1.0027
