8.2593e+005	5	1	92	26.3	762.5	2	-1	40	190.8	256	8192	5	0	0	0	0	550.05	966.72	1.4517e+006	0.11656	0.022649	40.433	0	0	1	0	0	0	13	0	0
999.27	0.10436	0.079809	-0.12768	-0.22954	-0.33001	-0.4009	-0.54195	-0.60386	-0.4965	-0.32219	0.0046386	0.28687	0.58726	0.7857	0.81815	0.71723	0.34452	0.013127	-0.1484	-0.38339	-0.62137	-0.7278	-0.75682	-0.64262	-2.3754	-0.37232	-0.23265	-0.045483	0.10744	0.14104	-0.99906
999.06	0.11188	0.065507	-0.10198	-0.25349	-0.30831	-0.39774	-0.5435	-0.59183	-0.50245	-0.32226	-0.00041076	0.25542	0.57239	0.70918	0.93335	0.79653	0.33841	0.024632	-0.1381	-0.37384	-0.61234	-0.73908	-0.75547	-0.6719	-0.38023	-0.3769	-0.24312	-0.04831	0.10439	0.13344	-0.9641
999.06	0.095377	0.072666	-0.10955	-0.22809	-0.33008	-0.41719	-0.55639	-0.59791	-0.49075	-0.33339	-0.0020931	0.28693	0.60238	0.75519	0.83476	0.78071	0.33995	0.034492	-0.13073	-0.37384	-0.6215	-0.74067	-0.75849	-0.66883	-0.22064	-0.3874	-0.24758	-0.062395	0.10747	0.1258	-0.97409
998.21	0.136	0.087059	-0.11418	-0.20885	-0.34881	-0.38025	-0.5368	-0.59233	-0.46629	-0.34481	0.0012759	0.33449	0.61791	0.98609	0.73679	0.86057	0.35418	0.023009	-0.12346	-0.40146	-0.59605	-0.72698	-0.76366	-0.63103	-0.16038	-0.3592	-0.22248	-0.059628	0.12914	0.12896	-0.93414
998.42	0.13297	0.094204	-0.11719	-0.21778	-0.32191	-0.41907	-0.51949	-0.5922	-0.48375	-0.31451	-0.0088331	0.41325	0.54271	0.81704	0.75308	0.76536	0.35566	0.034514	-0.13819	-0.39174	-0.62954	-0.72523	-0.75596	-0.66312	-0.16611	-0.38314	-0.24178	-0.083576	0.087495	0.12741	-0.97909
998.84	0.1149	0.061225	-0.12622	-0.23412	-0.34858	-0.38649	-0.56367	-0.62084	-0.49817	-0.34619	0.0029578	0.16092	0.46745	0.70933	0.71989	0.81252	0.32919	0.013132	-0.13961	-0.38836	-0.60942	-0.75674	-0.78126	-0.67051	-0.18041	-0.36647	-0.25953	-0.093401	0.10749	0.12583	-0.93414
1000.1	0.096773	0.075451	-0.12908	-0.21741	-0.33475	-0.40541	-0.53577	-0.62005	-0.49462	-0.32192	-0.013861	0.31812	0.37694	0.84631	0.83388	0.63756	0.35505	0.01804	-0.13059	-0.37184	-0.61932	-0.73353	-0.77274	-0.65434	-0.15721	-0.39598	-0.2176	-0.065143	0.11812	0.14549	-0.97409
1000.5	0.1192	0.06398	-0.13961	-0.26803	-0.36806	-0.42627	-0.55127	-0.62434	-0.51046	-0.32654	-0.0037715	0.19211	0.60148	0.73874	0.99759	0.77955	0.35336	0.049208	-0.12759	-0.36527	-0.61296	-0.73481	-0.74683	-0.64946	-0.15283	-0.33889	-0.21751	-0.081992	0.090387	0.12866	-0.90417
1001	0.12365	0.063953	-0.12897	-0.23809	-0.32945	-0.3889	-0.52817	-0.57856	-0.48398	-0.32799	-0.0037699	0.19203	0.58626	0.86089	0.81676	0.8108	0.3424	0.019664	-0.13048	-0.38113	-0.6127	-0.771	-0.79163	-0.67674	-0.16999	-0.39565	-0.22038	-0.063681	0.090349	0.13166	-0.92914
1000.5	0.15965	0.06827	-0.11392	-0.24267	-0.35134	-0.41171	-0.56271	-0.60613	-0.49295	-0.3329	0.0063142	0.20783	0.48164	0.8	0.68584	0.95341	0.35645	0.049208	-0.11876	-0.37328	-0.58856	-0.74751	-0.76037	-0.65559	-0.14996	-0.33889	-0.20117	-0.063708	0.1273	0.12866	-0.81426
1000.5	0.1267	0.081136	-0.097294	-0.21284	-0.32457	-0.40524	-0.55127	-0.62586	-0.49002	-0.33131	0.007994	0.30224	0.46666	0.87657	0.88275	0.89017	0.39662	0.054129	-0.10403	-0.33322	-0.59161	-0.69829	-0.79197	-0.64946	-0.15857	-0.35986	-0.20562	-0.062303	0.13499	0.13934	-0.76431
1002.2	0.15639	0.10241	-0.098638	-0.24524	-0.33905	-0.41425	-0.5746	-0.61722	-0.52126	-0.3355	-0.022222	0.23891	0.49579	0.72221	0.94677	0.77823	0.39286	0.075332	-0.087686	-0.32625	-0.56169	-0.69711	-0.72454	-0.64378	-0.12391	-0.32485	-0.18304	-0.021481	0.1102	0.15584	-0.67937
1003.5	0.13528	0.06094	-0.13769	-0.23154	-0.33862	-0.40566	-0.5696	-0.63006	-0.50895	-0.35407	-0.017168	0.2386	0.42048	0.91979	0.76561	0.79299	0.41239	0.086688	-0.068488	-0.31625	-0.55034	-0.68514	-0.72662	-0.62006	-0.11659	-0.3573	-0.20502	-0.053706	0.11773	0.13284	-0.54446
1004.1	0.13072	0.095091	-0.096944	-0.24031	-0.33841	-0.42635	-0.57636	-0.61756	-0.53773	-0.35227	-0.050651	0.23845	0.56948	0.72083	0.91227	0.66649	0.4306	0.11443	-0.0347	-0.29369	-0.55759	-0.68312	-0.70217	-0.61661	-0.1251	-0.34663	-0.22708	-0.038256	0.11152	0.16466	-0.47948
1003.5	0.13528	0.095151	-0.12413	-0.26723	-0.37698	-0.44759	-0.60238	-0.6346	-0.54971	-0.36832	-0.054035	0.17585	0.5549	0.85871	0.83105	0.82451	0.42472	0.14231	-0.030317	-0.28749	-0.5321	-0.67406	-0.69361	-0.58799	-0.092259	-0.33639	-0.19021	-0.041084	0.11619	0.14044	-0.24454
1001.6	0.12955	0.07391	-0.13644	-0.24987	-0.3777	-0.44683	-0.59639	-0.65856	-0.54055	-0.40551	-0.079323	0.22333	0.4961	0.87565	0.78348	0.87345	0.43479	0.1393	-0.030375	-0.29124	-0.53311	-0.67693	-0.70846	-0.59829	-0.098172	-0.33104	-0.21282	-0.063641	0.10105	0.12853	-0.044508
1002	0.11753	0.058176	-0.17562	-0.26465	-0.38255	-0.45471	-0.60613	-0.65828	-0.54032	-0.41326	-0.11789	0.0032988	0.28646	0.79882	0.78315	0.7626	0.46854	0.14907	-0.012718	-0.27191	-0.52223	-0.66079	-0.71417	-0.60416	-0.101	-0.3309	-0.16231	-0.046763	0.088716	0.10564	0.10555
1001.6	0.13105	0.075339	-0.14701	-0.26626	-0.37937	-0.4743	-0.61353	-0.68737	-0.59306	-0.44358	-0.15152	0.20761	0.28658	0.70738	0.88181	0.77872	0.48572	0.19011	0.0049281	-0.23521	-0.50722	-0.62617	-0.67089	-0.58147	-0.088132	-0.33104	-0.19502	-0.070665	0.077998	0.11634	0.3157
1001.6	0.11908	0.046775	-0.16663	-0.29606	-0.4178	-0.48238	-0.65066	-0.71163	-0.61202	-0.46895	-0.15488	0.050455	0.54099	0.75327	0.88181	0.88923	0.51813	0.23928	0.038759	-0.19999	-0.45696	-0.59762	-0.63481	-0.53251	-0.069488	-0.30111	-0.1787	-0.050997	0.076461	0.11787	0.57096
1001.2	0.12512	0.071084	-0.13952	-0.2604	-0.36282	-0.44863	-0.61665	-0.70586	-0.61811	-0.47233	-0.19694	0.081921	0.21184	0.7842	0.76739	0.85802	0.53225	0.2443	0.06232	-0.19367	-0.44649	-0.6185	-0.65162	-0.57865	-0.08243	-0.36262	-0.18768	-0.036963	0.10263	0.10573	0.80128
999.48	0.10583	0.051167	-0.14581	-0.32057	-0.45385	-0.52875	-0.705	-0.76632	-0.66301	-0.53353	-0.2141	0.0033072	0.31719	0.61689	0.73585	0.82783	0.55481	0.28578	0.087485	-0.16993	-0.4152	-0.54326	-0.61055	-0.51678	-0.052389	-0.31525	-0.17611	-0.083487	0.055066	0.10438	1.1068
997.78	0.14507	0.084229	-0.12333	-0.25082	-0.38753	-0.47125	-0.65602	-0.74479	-0.66414	-0.54558	-0.23132	0.019081	0.33275	0.7715	0.75356	0.92433	0.59139	0.33069	0.12603	-0.13326	-0.36851	-0.55214	-0.59801	-0.53302	-0.056798	-0.30527	-0.21513	-0.044141	0.10452	0.11985	1.3774
997.99	0.14054	0.095677	-0.12027	-0.27469	-0.41428	-0.54575	-0.70892	-0.78877	-0.70205	-0.57571	-0.27845	0.034857	0.19751	0.7867	0.85209	0.89244	0.62999	0.36188	0.15552	-0.089848	-0.3562	-0.48516	-0.55112	-0.46688	-0.012166	-0.29019	-0.15403	-0.073741	0.098329	0.12135	1.6381
998.84	0.11641	0.10419	-0.11865	-0.2655	-0.39885	-0.47723	-0.67108	-0.78962	-0.69707	-0.58	-0.30683	-0.12276	0.15232	0.60195	0.83494	0.70171	0.66351	0.4043	0.20259	-0.046426	-0.3391	-0.48952	-0.59135	-0.50944	-0.055299	-0.33046	-0.18663	-0.044094	0.087458	0.11666	1.8737
999.06	0.12688	0.095575	-0.13225	-0.29681	-0.44567	-0.53221	-0.73251	-0.81833	-0.73348	-0.61645	-0.34212	-0.12274	0.2273	0.60182	0.85118	0.79653	0.68348	0.44365	0.22909	-0.035182	-0.2917	-0.46398	-0.52191	-0.46792	-0.0064005	-0.25087	-0.15536	-0.037042	0.093602	0.12733	2.2299
999.06	0.13889	0.10273	-0.10349	-0.26544	-0.41049	-0.51601	-0.71676	-0.82441	-0.72909	-0.64507	-0.36232	-0.075478	0.12228	0.72451	0.8019	0.98648	0.72062	0.49131	0.26301	-0.0030807	-0.26268	-0.43058	-0.53547	-0.46486	0.0036642	-0.28688	-0.15536	-0.053945	0.10747	0.11053	2.6013
998.21	0.139	0.12145	-0.1157	-0.2866	-0.42425	-0.50834	-0.72453	-0.82816	-0.7663	-0.65995	-0.41485	-0.12284	0.032278	0.51023	0.85191	0.82889	0.74601	0.51475	0.2957	0.037075	-0.24304	-0.41662	-0.51934	-0.47907	-0.013601	-0.28112	-0.15549	-0.042713	0.081348	0.11674	2.8623
998.21	0.12849	0.078461	-0.12479	-0.30753	-0.43431	-0.55374	-0.76466	-0.88749	-0.81313	-0.71406	-0.45192	-0.21747	-0.14792	0.55628	0.70391	0.84472	0.75221	0.53777	0.31784	0.057959	-0.20789	-0.39593	-0.4937	-0.43609	0.010863	-0.2661	-0.18378	-0.083594	0.053594	0.087702	3.2139
997.99	0.11951	0.10858	-0.12633	-0.29114	-0.44446	-0.55224	-0.72899	-0.87703	-0.83233	-0.74127	-0.52784	-0.17019	-0.07285	0.37216	0.83565	0.81321	0.788	0.58559	0.35039	0.099744	-0.211	-0.38487	-0.50285	-0.45	-0.0049687	-0.26465	-0.16744	-0.054002	0.042811	0.11371	3.5203
997.99	0.1165	0.094244	-0.11875	-0.28666	-0.43943	-0.53764	-0.78345	-0.89377	-0.85282	-0.76674	-0.5666	-0.24906	-0.19299	0.40287	0.85209	0.74983	0.80504	0.61849	0.38139	0.12867	-0.17431	-0.35781	-0.46212	-0.45307	0.00078825	-0.27216	-0.15552	-0.061052	0.05669	0.11523	3.8168
997.57	0.11355	0.081378	-0.12335	-0.30024	-0.44465	-0.53787	-0.77662	-0.90176	-0.88686	-0.81644	-0.59718	-0.35963	-0.16303	0.44912	0.67143	0.98795	0.81778	0.66977	0.41995	0.15605	-0.12545	-0.34682	-0.44723	-0.43329	0.012309	-0.26627	-0.16453	-0.054025	0.052085	0.087758	4.2693
995.45	0.11981	0.093049	-0.12817	-0.29939	-0.44392	-0.56666	-0.81132	-0.95098	-0.90343	-0.86606	-0.6559	-0.45529	-0.26878	0.31153	0.70586	0.81529	0.83661	0.67779	0.44009	0.1741	-0.10733	-0.30925	-0.43306	-0.38958	0.035423	-0.22166	-0.13054	-0.035763	0.053743	0.086414	4.5962
994.81	0.10633	0.088793	-0.11001	-0.30858	-0.46607	-0.5719	-0.80609	-0.9638	-0.94365	-0.87779	-0.71887	-0.37646	-0.49497	0.32714	0.70631	0.81581	0.8589	0.69803	0.46999	0.22256	-0.076732	-0.2823	-0.40912	-0.38829	0.052773	-0.25495	-0.15303	-0.058418	0.046041	0.094136	4.8779
993.96	0.10491	0.098945	-0.13293	-0.33136	-0.45974	-0.6131	-0.82981	-0.99366	-0.9812	-0.93608	-0.75839	-0.55099	-0.43506	0.23492	0.64084	0.78471	0.85808	0.74487	0.49411	0.25179	-0.058381	-0.26176	-0.38524	-0.37012	0.045592	-0.21446	-0.15017	-0.062715	0.063114	0.078869	5.2252
994.39	0.11391	0.077325	-0.14351	-0.31171	-0.46627	-0.5754	-0.82082	-0.99629	-0.99107	-0.95805	-0.78851	-0.67741	-0.43487	0.14238	0.525	0.76846	0.85615	0.75776	0.5339	0.27265	-0.016936	-0.23449	-0.36539	-0.3638	0.054241	-0.23999	-0.16505	-0.048537	0.064634	0.065028	5.5675
993.75	0.098902	0.078813	-0.12991	-0.3044	-0.49352	-0.60997	-0.87461	-1.0336	-1.0299	-1.0194	-0.88209	-0.61448	-0.66141	0.065373	0.50881	0.62574	0.8847	0.79459	0.56241	0.32284	0.010683	-0.19308	-0.31261	-0.33165	0.090413	-0.22053	-0.12329	-0.040073	0.050737	0.08042	5.9098
992.26	0.10358	0.074606	-0.12401	-0.30035	-0.49594	-0.62231	-0.86294	-1.0367	-1.0403	-1.0562	-0.86816	-0.75817	-0.61708	0.050037	0.55921	0.72229	0.86422	0.81894	0.60631	0.36211	0.047596	-0.18856	-0.30852	-0.30744	0.099235	-0.21331	-0.14294	-0.025951	0.049262	0.074392	6.2574
991.2	0.11277	0.064583	-0.084481	-0.30217	-0.45764	-0.56092	-0.88119	-1.0424	-1.062	-1.0813	-0.96241	-0.77487	-0.87482	-0.042667	0.477	0.69116	0.86202	0.81651	0.62777	0.36573	0.076887	-0.18395	-0.31645	-0.34024	0.089195	-0.23622	-0.15209	-0.064309	0.03534	0.063699	6.5999
991.63	0.09458	0.05013	-0.13476	-0.32311	-0.52664	-0.67167	-0.93995	-1.1354	-1.1367	-1.161	-1.0417	-0.99678	-1.0558	-0.25896	0.42712	0.64301	0.85542	0.8294	0.63344	0.41247	0.095315	-0.12139	-0.26166	-0.27365	0.13262	-0.18171	-0.12355	-0.062863	0.046189	0.065209	6.9375
993.54	0.083836	0.058673	-0.11624	-0.28494	-0.47172	-0.59381	-0.87768	-1.0934	-1.1419	-1.1699	-1.0752	-1.0424	-0.99346	-0.33557	0.45936	0.57811	0.85066	0.83938	0.67226	0.44234	0.1197	-0.13555	-0.28388	-0.30859	0.102	-0.22963	-0.15921	-0.051411	0.036807	0.057408	7.2601
995.66	0.095702	0.058548	-0.091696	-0.3353	-0.49929	-0.6592	-0.95626	-1.1414	-1.1952	-1.2105	-1.1253	-1.0718	-1.1419	-0.39642	0.26051	0.60865	0.83177	0.84913	0.69598	0.46395	0.16081	-0.074627	-0.21221	-0.22945	0.14795	-0.15688	-0.093204	-0.061196	0.046002	0.054221	7.6028
996.3	0.085108	0.04846	-0.1311	-0.30362	-0.47546	-0.60516	-0.8896	-1.1194	-1.1724	-1.2305	-1.1803	-1.2133	-1.1562	-0.39617	0.26034	0.59239	0.83899	0.87001	0.70885	0.49745	0.17602	-0.082553	-0.24079	-0.28467	0.11758	-0.20793	-0.12745	-0.065393	0.039794	0.052655	7.9457
994.17	0.06569	0.047125	-0.099438	-0.32679	-0.52697	-0.67972	-0.94618	-1.1737	-1.2469	-1.2795	-1.2539	-1.1209	-1.2793	-0.58196	0.1288	0.40276	0.8128	0.8603	0.71036	0.51464	0.19634	-0.047572	-0.18679	-0.23596	0.15106	-0.17973	-0.10082	-0.051378	0.012014	0.038958	8.2533
991.84	0.076424	0.050119	-0.10272	-0.31101	-0.49615	-0.63563	-0.96139	-1.204	-1.2469	-1.3513	-1.3195	-1.2346	-1.4183	-0.52152	-0.10262	0.54722	0.79912	0.86564	0.73877	0.52555	0.21987	-0.01725	-0.1933	-0.2118	0.18328	-0.17411	-0.10255	-0.047244	0.046179	0.02367	8.6012
991.63	0.031093	0.047246	-0.10274	-0.28398	-0.48107	-0.63576	-0.97602	-1.1905	-1.2958	-1.3789	-1.3521	-1.3619	-1.4337	-0.76887	0.013247	0.21242	0.78994	0.87245	0.77162	0.56447	0.26145	-0.0012321	-0.18119	-0.21802	0.15579	-0.18473	-0.12805	-0.052928	0.012045	0.015984	8.8988
992.48	0.038618	0.038555	-0.10722	-0.31081	-0.53631	-0.70861	-0.99969	-1.2308	-1.3359	-1.4289	-1.4898	-1.4242	-1.6892	-0.86084	-0.13563	0.14852	0.75811	0.85681	0.78728	0.58823	0.27506	0.02758	-0.13098	-0.1777	0.20632	-0.14077	-0.10099	-0.076987	0.013585	0.032877	9.2419
992.69	0.02351	0.019814	-0.093495	-0.2942	-0.48056	-0.66606	-0.94615	-1.2183	-1.3224	-1.4734	-1.4675	-1.5507	-1.7946	-0.84523	-0.26791	0.18033	0.7377	0.85002	0.80344	0.61233	0.29652	0.037179	-0.16128	-0.19618	0.17444	-0.17245	-0.12642	-0.058543	0.025984	0.015967	9.6303
990.99	0.014476	0.019848	-0.1257	-0.33085	-0.55062	-0.71457	-1.0301	-1.2694	-1.3969	-1.5144	-1.5328	-1.6646	-1.7674	-1.0322	-0.21867	0.037021	0.70777	0.85644	0.82563	0.63927	0.34013	0.08694	-0.082566	-0.12075	0.22547	-0.10015	-0.083147	-0.030244	0.0089454	0.0036782	9.9381
987.59	0.0084536	0.015571	-0.087852	-0.31537	-0.45253	-0.67933	-0.98145	-1.2769	-1.4372	-1.5389	-1.6385	-1.5428	-2.0619	-1.2219	-0.25266	-0.058922	0.68046	0.84609	0.81952	0.66582	0.33975	0.075976	-0.11638	-0.17858	0.20007	-0.1612	-0.09848	-0.055995	0.012094	0.0036908	10.251
983.77	-0.01132	-0.020721	-0.13584	-0.29232	-0.54105	-0.69678	-1.0507	-1.3281	-1.471	-1.6192	-1.6945	-1.8688	-2.207	-1.4136	-0.37046	-0.12345	0.6501	0.83603	0.84068	0.68634	0.37674	0.1118	-0.072459	-0.13098	0.22566	-0.1024	-0.0898	-0.033327	-0.011326	-0.019553	10.614
981.43	0.00087011	-0.017855	-0.10843	-0.31278	-0.5287	-0.70174	-1.0649	-1.3359	-1.5043	-1.6506	-1.7499	-1.9535	-2.4413	-1.495	-0.55533	-0.12374	0.61069	0.82631	0.86069	0.69287	0.41494	0.1412	-0.06036	-0.11881	0.24523	-0.12098	-0.086984	-0.056347	0.020011	-0.0071646	10.947
981.43	-0.028148	-0.0091103	-0.10227	-0.28997	-0.49118	-0.71163	-1.0241	-1.3468	-1.5043	-1.6927	-1.8407	-1.8572	-2.4566	-1.6355	-0.50516	-0.22043	0.59179	0.83467	0.8712	0.73699	0.43048	0.16549	-0.035817	-0.11412	0.24084	-0.1057	-0.085471	-0.043443	0.0090325	-0.018045	11.296
981.43	-0.034255	-0.038261	-0.12538	-0.33255	-0.56621	-0.72977	-1.0911	-1.3824	-1.5846	-1.7412	-1.8613	-1.9535	-2.5482	-1.7916	-0.73934	-0.3171	0.55871	0.80456	0.88921	0.74679	0.4569	0.2011	-0.012809	-0.068848	0.26572	-0.069047	-0.046104	-0.021936	-0.027035	-0.032035	11.563
981.01	-0.044967	-0.042652	-0.12081	-0.3114	-0.51187	-0.71029	-1.0303	-1.3923	-1.5883	-1.7889	-2.0078	-2.0827	-2.748	-1.933	-0.87354	-0.31724	0.50853	0.78483	0.8866	0.75528	0.48354	0.20443	-0.00053719	-0.093869	0.26437	-0.090469	-0.062786	-0.053501	0.0027614	-0.039823	11.952
979.52	-0.075641	-0.05294	-0.1318	-0.34082	-0.53486	-0.75598	-1.1137	-1.4393	-1.6459	-1.8695	-2.0572	-2.2787	-2.7828	-2.108	-0.90839	-0.39845	0.45564	0.77094	0.89095	0.78099	0.50763	0.25177	0.045571	-0.03457	0.30143	-0.044698	-0.037093	-0.023415	-0.0019485	-0.047669	12.325
978.88	-0.080283	-0.071971	-0.14115	-0.28768	-0.49246	-0.70356	-1.0691	-1.431	-1.635	-1.8805	-2.0826	-2.3606	-2.9989	-2.2033	-1.0431	-0.59257	0.38012	0.71777	0.89755	0.79132	0.53133	0.2422	0.039448	-0.04868	0.29283	-0.093728	-0.044707	-0.030618	-0.0082383	-0.032118	12.653
978.88	-0.10631	-0.10266	-0.14888	-0.33189	-0.53349	-0.75317	-1.1378	-1.4698	-1.6738	-1.9551	-2.196	-2.4893	-3.1827	-2.3128	-1.2947	-0.64104	0.32011	0.70268	0.90206	0.81753	0.55471	0.299	0.085586	0.0029743	0.32951	-0.03554	-0.028006	-0.033494	-0.0050941	-0.052376	13.012
978.67	-0.12625	-0.096836	-0.17826	-0.28164	-0.51822	-0.69545	-1.1336	-1.4639	-1.7234	-2.0026	-2.2618	-2.6346	-3.3672	-2.6108	-1.2614	-0.89972	0.25699	0.6458	0.90076	0.82426	0.55483	0.29257	0.068684	-0.015813	0.30316	-0.064648	-0.043196	-0.030624	-0.0098134	-0.061739	13.35
979.73	-0.13529	-0.12885	-0.16727	-0.30876	-0.50912	-0.74425	-1.1353	-1.5072	-1.7499	-2.0313	-2.3537	-2.5996	-3.3635	-2.6549	-1.3439	-0.83418	0.2078	0.6518	0.91632	0.84137	0.60717	0.32469	0.13622	0.024866	0.34975	-0.017152	-0.02495	-0.024846	-0.012944	-0.063229	13.748
980.16	-0.14288	-0.14485	-0.19188	-0.31319	-0.49694	-0.70265	-1.1334	-1.5376	-1.7849	-2.0855	-2.4093	-2.743	-3.6985	-2.8413	-1.5275	-0.99517	0.13673	0.57447	0.88736	0.84428	0.59912	0.34076	0.094691	0.018603	0.32615	-0.032436	-0.029488	-0.036321	-0.02079	-0.074096	14.056
980.37	-0.17037	-0.19151	-0.23194	-0.33139	-0.49001	-0.75037	-1.1696	-1.545	-1.8382	-2.1466	-2.3917	-2.9672	-3.8659	-3.0908	-1.6611	-1.1724	0.061012	0.53919	0.89018	0.85718	0.641	0.37147	0.14995	0.04048	0.35246	-0.0064365	-0.014324	-0.013349	-0.038054	-0.083417	14.424
980.8	-0.17335	-0.19289	-0.23184	-0.3206	-0.49321	-0.70549	-1.1399	-1.5459	-1.8076	-2.1603	-2.6667	-3.0462	-3.9865	-3.1832	-1.9617	-1.2686	-0.025708	0.50882	0.8958	0.86826	0.65472	0.38427	0.1591	0.059207	0.36548	-0.01866	-0.024923	-0.033428	-0.016068	-0.074048	14.803
980.8	-0.21461	-0.22498	-0.25034	-0.31603	-0.49833	-0.7286	-1.1254	-1.5706	-1.8538	-2.2267	-2.6615	-3.1746	-4.0782	-3.4488	-1.878	-1.3331	-0.088757	0.4653	0.88228	0.88297	0.6765	0.40695	0.18212	0.077956	0.36841	0.016491	-0.00068206	-0.02769	-0.01136	-0.091156	15.12
979.52	-0.21642	-0.25594	-0.25066	-0.34234	-0.50752	-0.68162	-1.1443	-1.5711	-1.8771	-2.2572	-2.7474	-3.0501	-4.2212	-3.5158	-2.0816	-1.464	-0.13149	0.42904	0.89997	0.88248	0.6914	0.43991	0.21617	0.092135	0.39676	0.011921	0.025109	-0.023415	-0.033372	-0.092832	15.443
978.25	-0.25501	-0.28551	-0.29272	-0.36415	-0.46712	-0.70402	-1.0888	-1.5887	-1.9407	-2.3429	-2.8318	-3.2311	-4.4719	-3.8337	-2.3025	-1.6761	-0.22648	0.35911	0.86801	0.8951	0.70009	0.4616	0.2026	0.087556	0.38553	0.0012109	-0.0037202	-0.024884	-0.042856	-0.14753	15.801
977.61	-0.23371	-0.32228	-0.2991	-0.3766	-0.49995	-0.65647	-1.1334	-1.6255	-1.939	-2.3493	-2.8973	-3.2976	-4.5054	-3.9929	-2.304	-1.7742	-0.33416	0.30393	0.85501	0.89569	0.72552	0.47815	0.24739	0.12053	0.41516	0.041076	0.0084352	-0.016265	-0.047608	-0.1055	16.139
978.03	-0.29645	-0.35432	-0.32061	-0.39475	-0.49631	-0.66942	-1.0905	-1.5953	-1.968	-2.4328	-2.9235	-3.5054	-4.7334	-4.1322	-2.6051	-2.0968	-0.43676	0.24673	0.84109	0.90186	0.7252	0.47957	0.25036	0.11421	0.41351	0.011939	0.012991	-0.022012	-0.053881	-0.12105	16.487
978.25	-0.36687	-0.40835	-0.36846	-0.40686	-0.49963	-0.6974	-1.1283	-1.5856	-1.9437	-2.4615	-3.1068	-3.6656	-4.7323	-4.2722	-2.7052	-2.0156	-0.53306	0.16948	0.83337	0.89674	0.74687	0.49733	0.2657	0.14864	0.42811	0.050242	0.016025	-0.024884	-0.064882	-0.15221	16.865
977.4	-0.32885	-0.4248	-0.409	-0.42707	-0.53088	-0.67648	-1.1029	-1.5776	-2.0216	-2.4587	-3.0011	-3.7976	-4.9972	-4.4327	-2.7915	-2.3085	-0.56674	0.12596	0.81903	0.90737	0.75845	0.52539	0.28441	0.15818	0.42995	0.044152	0.026683	-0.0061906	-0.057065	-0.11332	17.192
975.49	-0.29876	-0.46523	-0.41291	-0.47227	-0.51991	-0.64794	-1.1051	-1.6337	-2.051	-2.514	-3.226	-3.9019	-5.1145	-4.6927	-2.9821	-2.232	-0.67404	0.062252	0.7874	0.89928	0.78026	0.54434	0.31584	0.15849	0.44552	0.053459	0.035875	-0.004761	-0.077687	-0.16515	17.57
972.94	-0.31957	-0.48409	-0.47615	-0.49192	-0.55912	-0.65962	-1.0683	-1.588	-2.0789	-2.5811	-3.0754	-3.993	-5.2204	-4.8152	-3.1249	-2.5304	-0.77273	-0.0084542	0.7819	0.90823	0.79799	0.57026	0.3213	0.1841	0.44669	0.05822	0.019168	-0.017788	-0.1032	-0.20321	17.917
972.51	-0.42297	-0.53726	-0.50435	-0.52896	-0.57141	-0.70817	-1.0393	-1.6621	-1.9702	-2.5609	-3.3482	-4.2052	-5.4847	-5.0852	-3.3795	-2.6128	-0.89706	-0.074292	0.76709	0.90203	0.81402	0.55581	0.33383	0.18575	0.46461	0.055163	0.02529	-0.033713	-0.098499	-0.21428	18.28
971.02	-0.4653	-0.52482	-0.56585	-0.56359	-0.59469	-0.70426	-1.0026	-1.5786	-1.9928	-2.5796	-3.3915	-4.2927	-5.4622	-5.3612	-3.3678	-2.796	-0.95575	-0.12682	0.73792	0.90837	0.80741	0.58611	0.34984	0.19551	0.45792	0.075314	0.03451	-0.010578	-0.093894	-0.18005	18.642
970.6	-0.41918	-0.62969	-0.58635	-0.57306	-0.62598	-0.67288	-0.95737	-1.5856	-2.0659	-2.6593	-3.5628	-4.4406	-5.5109	-5.332	-3.5215	-2.895	-1.0263	-0.17592	0.74279	0.89225	0.83763	0.59291	0.37792	0.21769	0.47884	0.087702	0.029932	-0.004785	-0.084422	-0.16441	18.989
968.9	-0.423	-0.64409	-0.64512	-0.60949	-0.65299	-0.69411	-0.95315	-1.5163	-2.0062	-2.741	-3.4544	-4.3021	-5.83	-5.3888	-3.8157	-2.949	-1.0967	-0.21351	0.73954	0.90871	0.85327	0.63494	0.38635	0.24654	0.50637	0.09095	0.04532	-0.032386	-0.1354	-0.28435	19.316
966.13	-0.42421	-0.5719	-0.66575	-0.66685	-0.67391	-0.7028	-0.95143	-1.442	-2.0391	-2.7785	-3.5688	-4.5914	-5.6915	-5.7373	-3.7587	-3.203	-1.1702	-0.26339	0.71573	0.91462	0.84466	0.63018	0.39213	0.23139	0.49444	0.089658	0.03776	-0.033936	-0.16446	-0.3199	19.663
964.22	-0.35666	-0.61606	-0.76586	-0.72234	-0.69434	-0.7428	-0.93403	-1.4811	-2.0932	-2.5714	-3.7258	-4.6005	-6.0137	-5.5738	-4.0215	-3.275	-1.2431	-0.33883	0.72479	0.9048	0.8669	0.63802	0.41164	0.26204	0.51776	0.10072	0.056329	-0.034003	-0.15521	-0.31737	20
963.37	-0.33052	-0.52454	-0.87327	-0.73537	-0.70538	-0.75353	-0.88882	-1.3421	-2.0056	-2.5539	-3.8967	-4.719	-5.8945	-5.7696	-3.9058	-3.4584	-1.3148	-0.38344	0.70555	0.9289	0.86925	0.67981	0.41669	0.27499	0.51673	0.097695	0.062548	-0.0092018	-0.1186	-0.2559	20.331
963.16	-0.49089	-0.66723	-0.96922	-0.79132	-0.75419	-0.78731	-0.93506	-1.3881	-2.053	-2.7112	-4.06	-4.6873	-5.8647	-6.0254	-4.0259	-3.492	-1.3809	-0.42613	0.68582	0.92078	0.90112	0.68491	0.45586	0.28301	0.53176	0.12417	0.065648	-0.012127	-0.13141	-0.25437	20.673
962.31	-0.6502	-0.76296	-1.0109	-0.80753	-0.78094	-0.81828	-0.90913	-1.3641	-2.0366	-2.6987	-4.0758	-4.806	-5.8699	-6.0626	-4.2001	-3.528	-1.4624	-0.47598	0.66039	0.92659	0.90191	0.70533	0.47035	0.28804	0.52775	0.12584	0.068794	-0.019448	-0.16991	-0.30057	21.024
959.76	-0.63475	-0.68748	-1.0845	-0.819	-0.83358	-0.80191	-0.9026	-1.2269	-1.5732	-2.792	-4.2338	-4.6875	-5.7606	-5.935	-4.2797	-3.389	-1.4985	-0.51488	0.67597	0.91736	0.9202	0.71383	0.46532	0.31913	0.54412	0.1293	0.056591	-0.050288	-0.20885	-0.41739	21.401
958.06	-0.542	-0.74843	-1.0959	-0.89523	-0.79663	-0.83543	-0.91317	-1.2322	-1.6309	-2.5797	-4.3765	-4.5973	-5.5987	-6.0255	-4.0645	-3.6757	-1.506	-0.53636	0.64949	0.92736	0.91388	0.72836	0.47715	0.29571	0.53909	0.10293	0.036527	-0.079753	-0.3024	-0.50411	21.652
957.63	-0.72851	-0.89963	-1.1043	-0.88004	-0.84767	-0.8527	-0.8822	-1.1503	-1.8056	-2.8347	-4.828	-4.55	-5.1942	-5.7562	-4.272	-3.4957	-1.5713	-0.53317	0.63131	0.91772	0.91587	0.72205	0.4805	0.29904	0.53933	0.09202	0.027234	-0.10477	-0.32985	-0.56168	22.038
957.21	-0.96059	-0.72518	-1.1774	-0.9163	-0.89525	-0.86322	-0.90501	-1.2286	-1.7789	-3.05	-4.3505	-4.5685	-4.993	-5.5987	-4.1539	-3.6624	-1.5461	-0.56942	0.64545	0.91143	0.93062	0.74726	0.47442	0.32159	0.54257	0.098324	0.014826	-0.12393	-0.3702	-0.61134	22.348
956.57	-0.78573	-0.80642	-1.1767	-0.99335	-0.8731	-0.88241	-0.90711	-0.98804	-1.7373	-3.0055	-4.2022	-4.0943	-4.4478	-5.2821	-3.7962	-3.3838	-1.4906	-0.53204	0.6428	0.94892	0.93762	0.74444	0.50937	0.31219	0.56095	0.092122	0.016388	-0.11518	-0.39619	-0.62929	22.684
954.44	-1.045	-0.99107	-1.1476	-1.0347	-0.8014	-0.84198	-0.84019	-0.98706	-1.6922	-3.5932	-4.1675	-4.0209	-4.0023	-4.7641	-3.5811	-3.2422	-1.4502	-0.50571	0.65658	0.95607	0.9461	0.77273	0.50734	0.33375	0.5607	0.10332	0.017984	-0.11986	-0.40191	-0.66745	23.045
951.89	-0.97382	-0.99222	-1.2221	-1.0484	-0.83168	-0.78303	-0.77782	-1.2689	-2.3873	-3.6295	-3.9278	-3.8994	-3.8556	-4.5837	-3.539	-3.118	-1.3924	-0.47774	0.6831	0.95358	0.97108	0.75144	0.52452	0.33787	0.5788	0.10675	-0.010069	-0.14236	-0.40783	-0.64841	23.4
949.55	-0.97938	-0.97358	-1.2363	-1.0117	-0.80201	-0.73212	-0.87916	-1.1633	-2.8794	-3.4778	-3.4699	-3.3951	-3.5336	-4.1109	-3.3229	-2.9425	-1.303	-0.44089	0.68944	0.95762	0.96544	0.77671	0.52264	0.34354	0.5651	0.10228	0.00086107	-0.15753	-0.40398	-0.6243	23.745
947.63	-0.68241	-0.91667	-1.2181	-0.89878	-0.72239	-0.70627	-0.7164	-1.6721	-3.2706	-3.3843	-3.1291	-3.3355	-3.1453	-4.0707	-2.9658	-2.9818	-1.2273	-0.37421	0.69861	0.98494	0.95773	0.78667	0.53005	0.32483	0.55563	0.086665	-0.010114	-0.1519	-0.42915	-0.56761	24.065
946.36	-1.0144	-1.0207	-1.0088	-0.78487	-0.63848	-0.57724	-0.85643	-2.4767	-3.1993	-3.1353	-2.9947	-2.8576	-3.0387	-3.5743	-3.0219	-2.6683	-1.1212	-0.34176	0.72757	0.96254	0.96386	0.77094	0.51168	0.32689	0.56245	0.063024	-0.030541	-0.19969	-0.46876	-0.66025	24.37
944.44	-0.91484	-1.0031	-0.9372	-0.72483	-0.55118	-0.65382	-1.252	-3.0478	-3.0372	-2.7464	-2.6108	-2.7467	-2.6322	-3.4031	-2.5761	-2.4896	-1.0039	-0.25032	0.73841	0.99675	0.96581	0.78428	0.52706	0.32918	0.5575	0.066325	-0.032176	-0.20606	-0.51046	-0.75204	24.794
940.19	-1.1023	-0.98327	-0.86425	-0.59318	-0.53053	-0.60341	-1.7826	-3.3927	-2.776	-2.5155	-2.3991	-2.5582	-2.3412	-3.1088	-2.5179	-2.2149	-0.9575	-0.23225	0.74958	0.98762	0.98803	0.77093	0.52625	0.32252	0.5692	0.071409	-0.059191	-0.22645	-0.56188	-0.85929	25.144
935.93	-1.189	-1.0749	-0.8391	-0.55123	-0.55798	-0.72029	-2.6986	-3.3076	-2.6419	-2.3979	-2.189	-2.2167	-2.2237	-2.6646	-2.3189	-2.0053	-0.84953	-0.14911	0.79392	1.0092	1.0007	0.79481	0.53668	0.34363	0.59327	0.065327	-0.030881	-0.22447	-0.50852	-0.77681	25.458
932.52	-1.0567	-0.88551	-0.73028	-0.65087	-0.7341	-0.96244	-3.1794	-3.3066	-2.4494	-2.2176	-2.0834	-2.2754	-2.2158	-2.8222	-2.3449	-2.1822	-0.80953	-0.12853	0.80156	0.99574	0.98633	0.80282	0.54187	0.36296	0.59698	0.091283	-0.016653	-0.19058	-0.47242	-0.75348	25.797
930.39	-0.82877	-0.77837	-0.76283	-0.77748	-0.94803	-1.41	-3.6602	-2.6955	-2.2965	-2.0843	-2.0339	-2.0776	-1.9953	-2.6145	-2.1386	-2.0173	-0.77151	-0.10059	0.80023	1.0221	1.0066	0.81661	0.56738	0.36544	0.60298	0.10116	0.007267	-0.15018	-0.41891	-0.63387	26.17
928.05	-0.69197	-0.72638	-0.73054	-0.85181	-1.2371	-2.003	-3.4043	-2.5943	-2.1134	-2.0537	-1.9557	-1.9641	-1.9357	-2.3405	-2.2324	-1.869	-0.73347	-0.083158	0.81336	1.0213	1.024	0.83579	0.57368	0.39608	0.62307	0.11918	0.032904	-0.13388	-0.347	-0.56808	26.569
925.07	-0.68123	-0.70089	-0.92086	-1.0675	-1.6554	-2.6341	-3.0983	-2.5255	-2.0175	-1.9693	-1.982	-1.9364	-1.9258	-2.5965	-2.0089	-2.0801	-0.73584	-0.081651	0.81758	1.0332	1.0174	0.84363	0.5918	0.4106	0.62198	0.14873	0.050681	-0.10389	-0.31983	-0.46273	26.907
920.38	-0.6505	-0.69047	-0.94855	-1.2854	-2.0111	-2.9359	-2.8887	-2.3981	-2.0231	-1.9327	-1.8349	-1.8265	-1.8704	-2.3433	-2.0191	-1.7986	-0.73287	-0.076715	0.80893	1.0263	1.0292	0.84793	0.60627	0.41269	0.64075	0.15274	0.070314	-0.095248	-0.29638	-0.47834	27.26
916.12	-0.66662	-0.72023	-0.95627	-1.6416	-2.5356	-3.0344	-2.5055	-2.2568	-2.219	-1.8047	-1.7462	-1.8006	-1.7646	-2.1535	-1.9748	-1.8588	-0.72109	-0.075281	0.81109	1.0381	1.039	0.86228	0.61402	0.4397	0.65627	0.17145	0.060909	-0.094154	-0.30784	-0.48223	27.627
912.71	-0.68224	-0.71665	-1.1238	-1.8521	-2.6716	-2.723	-2.3236	-2.0655	-1.7728	-1.6669	-1.5998	-1.5487	-1.6891	-2.044	-1.8742	-1.6058	-0.68821	-0.057575	0.81089	1.0279	1.0545	0.87072	0.62456	0.43295	0.64928	0.17045	0.067649	-0.091424	-0.3073	-0.49239	27.995
910.37	-0.66424	-0.75778	-1.2297	-2.0946	-2.7484	-2.6571	-2.1285	-1.9374	-1.6907	-1.5491	-1.482	-1.4143	-1.5782	-1.8642	-1.7889	-1.61	-0.66451	-0.054117	0.81297	1.0464	1.0455	0.89565	0.6179	0.43743	0.65569	0.16101	0.089042	-0.10093	-0.31147	-0.50036	28.337
908.66	-0.76446	-0.86153	-1.445	-2.2332	-2.7056	-2.5374	-1.8759	-1.7237	-1.5813	-1.5327	-1.5033	-1.5382	-1.3997	-1.834	-1.7019	-1.5956	-0.65725	-0.046991	0.81936	1.0519	1.0693	0.88859	0.64059	0.44331	0.66166	0.17781	0.04669	-0.10887	-0.36118	-0.54327	28.679
906.11	-0.82452	-0.93027	-1.6744	-2.4223	-2.6098	-2.407	-1.807	-1.6414	-1.4504	-1.4476	-1.4648	-1.2993	-1.4532	-1.7715	-1.6342	-1.5303	-0.63693	-0.03263	0.83631	1.0513	1.0673	0.90162	0.65071	0.44795	0.6667	0.15515	0.059942	-0.12625	-0.36899	-0.565	29.006
902.48	-0.90091	-1.0465	-1.8353	-2.4569	-2.4219	-2.1512	-1.7065	-1.5437	-1.4708	-1.4288	-1.3663	-1.4441	-1.2764	-1.8125	-1.6408	-1.4838	-0.63092	-0.021848	0.82171	1.0626	1.0665	0.89468	0.63497	0.42598	0.64709	0.13252	0.014079	-0.17042	-0.43698	-0.67376	29.342
898.64	-1.0332	-1.1959	-1.9659	-2.4192	-2.341	-2.1064	-1.5657	-1.5047	-1.4364	-1.3394	-1.3366	-1.5203	-1.4486	-1.718	-1.7757	-1.5958	-0.60781	-0.034727	0.83014	1.0333	1.0694	0.88082	0.62931	0.42609	0.66104	0.11307	-0.017281	-0.20246	-0.50736	-0.77	29.634
896.51	-1.1025	-1.3519	-2.0667	-2.3267	-2.0796	-1.8424	-1.5535	-1.4693	-1.3583	-1.3107	-1.3285	-1.3835	-1.3518	-1.7392	-1.6151	-1.4585	-0.6127	-0.011005	0.82719	1.0554	1.0736	0.88114	0.62409	0.39292	0.64179	0.076559	-0.057103	-0.26573	-0.57723	-0.8484	30.014
893.53	-1.2522	-1.3772	-2.0059	-2.2276	-1.9442	-1.6294	-1.485	-1.4096	-1.322	-1.2831	-1.2803	-1.2824	-1.2892	-1.6421	-1.4368	-1.4633	-0.54727	0.0036571	0.83654	1.0661	1.0618	0.87698	0.60764	0.38395	0.62625	0.055006	-0.09388	-0.32803	-0.69456	-0.96903	30.276
891.39	-1.4267	-1.5314	-1.9582	-2.1476	-1.8456	-1.5752	-1.3698	-1.3619	-1.2252	-1.1686	-1.223	-1.1265	-1.1746	-1.4569	-1.4402	-1.3072	-0.48615	0.062599	0.85838	1.0669	1.0524	0.84699	0.58545	0.35564	0.62453	-0.0053968	-0.14245	-0.40459	-0.805	-1.1185	30.572
887.34	-1.6241	-1.6577	-1.8257	-2.0497	-1.8352	-1.5003	-1.1955	-1.2842	-1.1436	-1.1542	-1.1433	-1.2559	-1.2137	-1.4118	-1.3913	-1.2775	-0.45875	0.10359	0.87226	1.0735	1.0486	0.83654	0.55589	0.32446	0.58529	-0.045963	-0.22683	-0.49049	-0.9457	-1.311	30.942
883.28	-1.8148	-1.7786	-1.8341	-1.9713	-1.7565	-1.4779	-1.1767	-1.1268	-1.0777	-1.0462	-1.0552	-0.99429	-1.0156	-1.453	-1.1746	-1.2296	-0.38735	0.13194	0.88794	1.0785	1.0344	0.82959	0.55503	0.28952	0.55382	-0.10217	-0.28507	-0.58514	-1.1051	-1.4725	31.193
879.02	-2.0589	-2.1241	-1.6469	-1.8484	-1.6298	-1.3175	-1.1222	-1.0337	-0.98653	-0.95909	-0.95131	-1.017	-1.0035	-1.1811	-1.2364	-0.98374	-0.30833	0.19235	0.90902	1.0636	1.0394	0.79747	0.50977	0.24037	0.5418	-0.16065	-0.36084	-0.70324	-1.2646	-1.707	31.503
874.32	-2.6975	-2.5986	-1.6574	-1.5323	-1.5352	-1.2431	-1.0448	-1.0462	-0.925	-0.91518	-0.88718	-1.0045	-0.88889	-1.205	-1.1491	-1.0433	-0.22157	0.24971	0.91727	1.0675	1.0101	0.77995	0.48324	0.21538	0.51678	-0.2198	-0.42906	-0.79231	-1.4668	-2.0127	31.808
868.98	-3.2229	-3.1265	-1.9269	-1.5177	-1.3771	-1.1949	-1.0463	-0.9181	-0.83822	-0.81659	-0.79006	-0.84762	-0.91161	-1.0537	-0.8917	-0.9769	-0.17668	0.29092	0.94833	1.087	1.0076	0.78108	0.47235	0.18849	0.49847	-0.27117	-0.46077	-0.85548	-1.5732	-2.155	32.152
862.57	-3.4484	-3.5146	-2.2129	-1.4494	-1.3796	-1.1212	-1.0408	-0.87563	-0.8055	-0.76003	-0.74914	-0.78092	-0.70985	-1.0615	-0.95541	-0.92915	-0.11705	0.35017	0.95709	1.0876	0.99912	0.77215	0.46888	0.18811	0.51883	-0.25581	-0.46764	-0.86509	-1.6009	-2.2223	32.456
855.74	-3.4444	-3.6647	-2.5698	-1.3615	-1.3065	-1.0885	-1.0391	-0.91102	-0.79486	-0.76054	-0.73744	-0.78716	-0.55788	-1.0342	-0.92467	-0.8257	-0.10173	0.36832	0.97678	1.0888	1.0124	0.77275	0.4779	0.19499	0.5129	-0.24559	-0.46616	-0.8309	-1.5795	-2.2365	32.76
850.39	-3.2898	-3.6827	-2.5202	-1.3841	-1.3049	-1.1924	-0.98336	-0.96496	-0.8428	-0.81389	-0.78557	-0.71807	-0.82577	-1.1128	-1.2201	-0.90527	-0.10419	0.36291	0.97426	1.0806	1.0206	0.78321	0.48799	0.20883	0.54146	-0.21893	-0.40968	-0.78648	-1.4664	-2.0568	33.088
846.55	-2.7665	-3.2449	-2.3227	-1.565	-1.289	-1.1883	-1.0149	-0.99805	-0.91911	-0.91705	-0.84477	-0.98165	-0.81183	-1.1721	-1.0705	-0.89069	-0.15579	0.33353	0.94562	1.0893	1.0234	0.78865	0.50087	0.23331	0.55919	-0.16858	-0.35537	-0.68866	-1.2476	-1.7058	33.441
845.05	-2.523	-2.8409	-2.4431	-1.7125	-1.323	-1.1119	-1.1013	-1.0663	-0.95185	-0.98824	-0.93781	-0.96477	-0.90195	-1.2105	-1.0529	-1.0233	-0.2201	0.25836	0.95776	1.0836	1.0289	0.8126	0.51601	0.26092	0.56698	-0.14759	-0.32083	-0.62493	-1.1515	-1.5301	33.778
845.26	-2.1092	-2.3647	-2.2725	-1.5426	-1.3583	-1.1575	-1.1247	-1.1595	-1.0864	-1.0801	-1.0888	-1.0018	-1.1855	-1.464	-1.3246	-1.2475	-0.32247	0.18255	0.90174	1.072	1.0196	0.81239	0.52657	0.25722	0.57364	-0.13692	-0.28207	-0.6048	-1.082	-1.4701	34.081
845.48	-2.0644	-2.1915	-1.9286	-1.6852	-1.4233	-1.2185	-1.2429	-1.2759	-1.2347	-1.2546	-1.2238	-1.225	-1.1497	-1.6267	-1.3825	-1.3594	-0.43575	0.091242	0.86318	1.0489	1.041	0.82722	0.54246	0.29522	0.58538	-0.076604	-0.23806	-0.53142	-0.98525	-1.3453	34.467
849.54	-1.7475	-1.9352	-1.8393	-1.4277	-1.3692	-1.1879	-1.4053	-1.4218	-1.4352	-1.3888	-1.3387	-1.3488	-1.3736	-1.7452	-1.6271	-1.3343	-0.57925	0.0057779	0.81222	1.0194	1.0432	0.84384	0.58771	0.3407	0.62655	-0.021544	-0.1757	-0.45434	-0.87727	-1.2544	34.852
857.66	-1.5597	-1.8001	-1.7073	-1.3828	-1.2762	-1.3163	-1.442	-1.5836	-1.563	-1.5035	-1.4927	-1.5012	-1.5004	-1.8537	-1.7074	-1.5798	-0.71617	-0.12061	0.75472	1.0116	1.0333	0.87475	0.58917	0.3607	0.63066	0.0048763	-0.12899	-0.39261	-0.78283	-1.0949	35.159
870.9	-1.3931	-1.505	-1.3844	-1.1442	-1.1089	-1.2982	-1.5844	-1.7444	-1.67	-1.6922	-1.6766	-1.6411	-1.5808	-2.0718	-1.9642	-1.8282	-0.87214	-0.23376	0.71279	0.98334	1.0509	0.88881	0.61997	0.40096	0.65571	0.070204	-0.080961	-0.3107	-0.65075	-0.94166	35.514
889.05	-1.1202	-1.2619	-1.1249	-1.0436	-0.90553	-1.4301	-1.9221	-1.9275	-1.8068	-1.806	-1.7994	-1.6784	-1.852	-2.0985	-2.1826	-1.8976	-0.9778	-0.32501	0.6651	0.94704	1.0517	0.89569	0.65981	0.43931	0.68757	0.11935	-0.0091099	-0.2458	-0.52841	-0.79204	35.863
909.52	-0.80165	-0.90633	-0.96986	-0.93152	-1.0784	-1.6737	-2.162	-2.0076	-1.9059	-1.8807	-1.8883	-1.7618	-1.7609	-2.2028	-2.0613	-2.0983	-1.0952	-0.41697	0.61287	0.94864	1.0297	0.92793	0.688	0.50186	0.71	0.17435	0.066252	-0.15054	-0.39468	-0.59307	36.198
930.18	-0.62592	-0.71549	-0.84916	-0.87553	-1.2883	-1.9671	-2.4153	-2.061	-1.9562	-1.955	-1.953	-1.875	-1.8507	-2.2857	-2.2979	-2.2047	-1.2404	-0.51713	0.56441	0.9086	1.038	0.93806	0.72127	0.52201	0.72357	0.23009	0.10951	-0.080631	-0.31973	-0.47002	36.499
951.25	-0.61994	-0.66506	-0.82399	-0.85927	-1.4586	-2.2809	-2.416	-2.0425	-1.9912	-2.0002	-1.9999	-2.0982	-1.9988	-2.2351	-2.4368	-2.1725	-1.3397	-0.6006	0.53797	0.88848	1.0551	0.94568	0.73694	0.56199	0.74076	0.28015	0.15239	-0.035947	-0.25117	-0.43877	36.833
970.6	-0.59832	-0.70044	-0.8434	-1.0159	-1.4398	-2.3755	-2.4769	-2.1426	-2.0147	-1.9767	-1.9791	-2.024	-2.0362	-2.2537	-2.2191	-2.3736	-1.3671	-0.62245	0.52725	0.90051	1.0592	0.98412	0.76723	0.59499	0.75264	0.30699	0.18303	0.0068137	-0.21286	-0.37501	37.099
989.93	-0.61994	-0.67665	-0.82235	-1.2508	-1.8259	-2.4713	-2.6915	-2.3048	-2.0403	-1.8916	-1.9167	-1.9685	-1.9661	-2.0394	-2.2255	-2.1675	-1.381	-0.65176	0.50207	0.89588	1.0786	0.99058	0.79636	0.62826	0.77132	0.34491	0.20798	0.030846	-0.1916	-0.36769	37.36
1007.1	-0.57216	-0.58982	-0.89389	-1.4162	-2.2168	-2.6075	-2.5547	-2.2142	-1.9504	-1.8924	-1.8589	-1.7942	-1.8135	-2.0046	-2.1386	-2.209	-1.3881	-0.68953	0.48326	0.88696	1.0738	1.0163	0.80518	0.64644	0.76956	0.35986	0.24869	0.048483	-0.1868	-0.39019	37.621
1021.1	-0.61422	-0.71202	-1.1289	-1.5079	-2.2274	-2.5718	-2.6135	-2.108	-1.9794	-1.8758	-1.8417	-1.8005	-1.862	-2.0671	-2.1415	-2.2562	-1.407	-0.71384	0.47087	0.87166	1.0606	1.0023	0.80299	0.63458	0.76323	0.35052	0.21472	0.047819	-0.20685	-0.40128	37.785
1030.4	-0.65376	-0.75277	-1.1084	-1.8824	-2.5109	-2.5925	-2.29	-2.2422	-1.9502	-1.8974	-1.8593	-1.7078	-1.8161	-2.0336	-2.138	-2.1437	-1.4422	-0.72969	0.44802	0.87311	1.0717	1.0256	0.84394	0.66601	0.78839	0.39826	0.26037	0.024171	-0.22589	-0.42429	37.953
1032.3	-0.7687	-0.87886	-1.3481	-2.155	-2.6538	-2.5846	-2.2955	-2.1351	-1.9084	-1.8816	-1.8721	-2.0249	-1.8128	-2.1337	-2.1977	-2.2776	-1.5145	-0.74265	0.43292	0.85752	1.0638	0.97142	0.78405	0.63064	0.74797	0.39608	0.25269	0.021399	-0.26275	-0.47522	38.156
1028.1	-0.87247	-1.0202	-1.4816	-2.0623	-2.5818	-2.3984	-2.138	-2.1483	-1.9034	-1.8553	-1.852	-1.9414	-1.8494	-2.068	-2.2547	-2.3485	-1.5027	-0.77605	0.4304	0.84701	1.0386	0.92906	0.73603	0.54084	0.69237	0.26212	0.14967	-0.023677	-0.31323	-0.54247	38.266
1019.8	-1.0045	-1.0846	-1.7115	-2.0761	-2.5469	-2.4607	-2.3082	-2.1583	-1.9332	-1.7722	-1.7615	-1.741	-1.7468	-1.8293	-2.0798	-2.2125	-1.4603	-0.74532	0.444	0.86017	1.0589	1.0223	0.82171	0.64138	0.76137	0.32304	0.16982	-0.0763	-0.3867	-0.65157	38.377
1008	-1.1085	-1.1456	-1.2307	-2.2308	-2.6101	-2.4046	-2.2999	-1.9246	-1.7052	-1.6591	-1.6571	-1.6366	-1.4551	-1.6685	-2.0228	-2.1444	-1.3839	-0.71013	0.4697	0.85281	1.0563	0.97285	0.76418	0.53949	0.69481	0.19747	0.061256	-0.10791	-0.4508	-0.71524	38.459
994.6	-1.0676	-1.266	-1.5041	-2.4349	-2.5543	-2.5688	-2.0806	-1.8588	-1.831	-1.6191	-1.5847	-1.5478	-1.4897	-1.5831	-1.852	-1.9029	-1.3201	-0.65035	0.47601	0.86265	1.0582	0.98113	0.78656	0.57139	0.73448	0.19409	0.024728	-0.22113	-0.57446	-0.84909	38.55
980.58	-1.2189	-1.2185	-1.6721	-2.3738	-2.6642	-2.4998	-2.0957	-1.6701	-1.665	-1.4981	-1.5113	-1.602	-1.5874	-1.6838	-1.8282	-2.0753	-1.2712	-0.60272	0.48131	0.87008	1.0158	0.92387	0.6888	0.47017	0.65561	0.077638	-0.068876	-0.2903	-0.64389	-0.90322	38.531
964.01	-1.0922	-1.1341	-1.7213	-2.4069	-2.7829	-2.662	-2.0219	-1.7256	-1.5178	-1.5486	-1.5234	-1.6132	-1.4281	-1.6651	-1.7404	-2.0125	-1.2353	-0.59094	0.49723	0.86175	1.0174	0.93151	0.73031	0.49733	0.68179	0.1194	-0.071601	-0.34346	-0.7252	-0.96623	38.565
945.08	-1.2838	-1.2597	-1.8309	-2.403	-2.5996	-2.628	-1.9308	-1.6509	-1.5142	-1.5275	-1.4863	-1.4623	-1.3933	-1.5687	-1.8621	-1.8186	-1.2094	-0.55067	0.51187	0.86713	1.0217	0.91823	0.70034	0.45055	0.66504	0.04249	-0.14222	-0.41139	-0.79347	-1.0969	38.579
923.79	-1.487	-1.3956	-1.8535	-2.3921	-2.6251	-2.5326	-1.9303	-1.638	-1.5175	-1.4595	-1.4877	-1.3426	-1.3605	-1.5883	-1.7629	-1.9803	-1.1134	-0.48161	0.5428	0.90795	1.0122	0.92219	0.66759	0.41781	0.63372	-0.036038	-0.19054	-0.48941	-0.91671	-1.2263	38.488
902.27	-1.7085	-1.6556	-1.8491	-2.3863	-2.6599	-2.663	-1.8702	-1.6703	-1.5213	-1.445	-1.389	-1.3398	-1.4096	-1.5752	-1.8777	-1.6595	-1.0748	-0.43487	0.57698	0.91716	1.0667	0.93715	0.70353	0.42268	0.66317	0.0046352	-0.2132	-0.56035	-1.0426	-1.4026	38.574
881.36	-1.9463	-1.8474	-1.8312	-2.2719	-2.5939	-2.5187	-1.8041	-1.5755	-1.4298	-1.3603	-1.3647	-1.3715	-1.2049	-1.5083	-1.6428	-1.6629	-1.0214	-0.38	0.63747	0.97712	1.0661	0.9071	0.62627	0.34057	0.59251	-0.092194	-0.2975	-0.62313	-1.1232	-1.5172	38.57
861.29	-2.0439	-2.2177	-1.902	-2.2278	-2.563	-2.4101	-1.7299	-1.6687	-1.4275	-1.3367	-1.3438	-1.3669	-1.3374	-1.5968	-1.643	-1.6283	-0.92495	-0.33548	0.69851	1.0036	1.1157	0.95591	0.68632	0.41077	0.6697	-0.047353	-0.2751	-0.62459	-1.1369	-1.5207	38.531
837.78	-2.3803	-2.4626	-1.847	-1.9928	-2.2314	-2.2556	-1.5787	-1.6067	-1.4728	-1.34	-1.3314	-1.2174	-1.3392	-1.6233	-1.7675	-1.7306	-0.89186	-0.26456	0.73042	1.0433	1.127	0.96378	0.66425	0.35828	0.64906	-0.13277	-0.32539	-0.66563	-1.2203	-1.6581	38.521
812.53	-2.482	-2.5902	-1.9156	-1.8123	-2.0557	-2.1822	-1.6771	-1.681	-1.4987	-1.3406	-1.3293	-1.3521	-1.1594	-1.6361	-1.6406	-1.5897	-0.8663	-0.23035	0.77851	1.0915	1.1808	1.0348	0.74233	0.45805	0.71873	-0.035436	-0.29344	-0.67766	-1.2677	-1.7359	38.57
787.88	-2.4074	-2.4679	-2.2615	-1.8917	-1.8906	-1.9691	-1.5534	-1.7412	-1.3361	-1.3503	-1.4007	-1.1946	-1.3098	-1.5706	-1.6711	-1.6796	-0.85611	-0.20213	0.83277	1.148	1.2313	1.0107	0.67574	0.3518	0.66281	-0.1583	-0.35354	-0.6667	-1.237	-1.6624	38.517
766.43	-2.3731	-2.4194	-2.0821	-2.0401	-1.9063	-1.813	-1.6491	-1.79	-1.6232	-1.4627	-1.4114	-1.5978	-1.4638	-1.7145	-1.6536	-1.6235	-0.90226	-0.20565	0.83494	1.1676	1.2518	1.068	0.74572	0.41962	0.72822	-0.08255	-0.30139	-0.63212	-1.1792	-1.5855	38.483
749.9	-2.1316	-2.2552	-2.0191	-1.902	-1.7765	-1.7407	-1.6016	-1.7748	-1.6648	-1.5543	-1.5681	-1.612	-1.5961	-1.8544	-1.8214	-1.8912	-0.91597	-0.26053	0.85924	1.1741	1.2774	1.0725	0.73406	0.42275	0.73278	-0.072378	-0.29219	-0.62354	-1.1437	-1.5228	38.401
738.73	-1.9589	-1.9679	-1.8777	-1.7772	-1.8714	-1.7451	-1.589	-1.707	-1.5793	-1.6014	-1.6738	-1.6577	-1.6811	-2.0692	-1.8489	-2.0911	-0.9947	-0.27336	0.8483	1.2135	1.2637	1.0715	0.75535	0.40218	0.7322	-0.083618	-0.26643	-0.59869	-1.0755	-1.393	38.372
732.07	-1.7474	-1.7963	-1.8039	-1.773	-1.9067	-1.8207	-1.7207	-1.845	-1.7573	-1.9394	-1.7602	-1.6728	-1.7373	-1.9624	-2.0227	-2.1101	-1.0354	-0.3364	0.84194	1.2049	1.2773	1.1138	0.76223	0.47072	0.77418	0.0036645	-0.18969	-0.52917	-0.95498	-1.2744	38.324
732.71	-1.8973	-1.9235	-1.7879	-1.6696	-1.8296	-1.8235	-1.7953	-1.7708	-1.8993	-1.9117	-1.8734	-1.8861	-1.7972	-2.2534	-2.1106	-2.1298	-1.1063	-0.40332	0.82109	1.1863	1.2865	1.0781	0.78005	0.46612	0.77546	0.024119	-0.18344	-0.49221	-0.98144	-1.342	38.319
740.88	-1.8278	-1.7035	-1.6049	-1.5343	-1.8027	-1.8974	-1.9821	-1.9501	-1.9966	-2.0192	-1.8596	-1.9716	-2.0404	-2.0632	-2.3311	-2.1063	-1.1775	-0.40109	0.8001	1.1711	1.2827	1.1134	0.80193	0.52096	0.82508	0.078477	-0.12927	-0.4659	-0.9083	-1.2696	38.358
757.42	-1.489	-1.5208	-1.5359	-1.4752	-1.6749	-1.8282	-2.0257	-1.9998	-1.9376	-1.7969	-1.7968	-1.8454	-1.6198	-2.0181	-1.8467	-2.0604	-1.1559	-0.414	0.77874	1.1582	1.2526	1.0681	0.76851	0.48531	0.77672	0.058955	-0.14214	-0.3907	-0.79296	-1.0968	38.329
781.45	-1.3512	-1.324	-1.3049	-1.4929	-1.8719	-1.948	-2.0751	-1.9849	-1.8444	-1.7965	-1.7652	-1.7282	-1.7042	-2.0148	-2.105	-2.2196	-1.1975	-0.44539	0.71708	1.1021	1.2278	1.0902	0.8335	0.56058	0.819	0.14729	-0.023673	-0.30305	-0.68192	-0.98503	38.305
809.53	-1.2099	-1.2763	-1.3642	-1.5443	-1.7697	-1.9804	-1.9112	-1.9311	-1.7876	-1.8107	-1.8037	-1.8433	-1.6637	-2.0018	-2.0928	-2.2012	-1.1961	-0.45428	0.6904	1.0718	1.1946	1.0641	0.78227	0.54492	0.76753	0.14033	-0.013674	-0.24561	-0.61264	-0.89434	38.324
840.13	-1.1515	-1.1634	-1.4081	-1.5876	-1.8427	-1.9256	-1.9046	-1.8806	-1.766	-1.7807	-1.758	-1.8698	-1.6744	-2.02	-2.1143	-2.2152	-1.2335	-0.50417	0.64771	1.0155	1.1729	1.0424	0.80933	0.57066	0.79942	0.21551	0.03281	-0.20149	-0.57017	-0.83997	38.339
870.9	-1.0868	-1.1732	-1.466	-1.54	-1.7545	-1.9282	-1.8127	-1.8229	-1.7807	-1.7853	-1.6882	-1.5688	-1.6497	-1.7727	-1.9076	-2.0279	-1.2005	-0.50332	0.61298	1.0017	1.1244	1.0384	0.79802	0.56809	0.78107	0.1924	0.064072	-0.18629	-0.53235	-0.79278	38.319
901.84	-1.1193	-1.1456	-1.3185	-1.5733	-1.7018	-1.8351	-1.7648	-1.7839	-1.671	-1.6835	-1.7067	-1.6546	-1.5266	-1.8308	-1.915	-2.0811	-1.2296	-0.54976	0.56908	0.96205	1.1028	1.0151	0.78233	0.57749	0.75745	0.2207	0.056928	-0.16118	-0.5175	-0.78418	38.343
932.31	-1.1052	-1.0975	-1.2316	-1.5523	-1.7197	-1.7838	-1.7393	-1.6719	-1.6133	-1.6796	-1.6509	-1.5836	-1.6857	-1.8367	-2.1518	-2.2166	-1.2093	-0.55469	0.55522	0.91341	1.0749	0.98534	0.76806	0.56354	0.75273	0.21832	0.075789	-0.15742	-0.49234	-0.74874	38.281
959.97	-0.99998	-1.0971	-1.3064	-1.5262	-1.6336	-1.7307	-1.6296	-1.6363	-1.5805	-1.6014	-1.5578	-1.6036	-1.4498	-1.704	-1.953	-1.9386	-1.2083	-0.50621	0.52234	0.90046	1.0582	0.96026	0.76005	0.54571	0.72655	0.21827	0.076701	-0.13383	-0.47334	-0.73193	38.358
982.5	-1.0243	-1.0297	-1.281	-1.5854	-1.6166	-1.7339	-1.5995	-1.5803	-1.5428	-1.5421	-1.5135	-1.4387	-1.4013	-1.6961	-1.8581	-2.0068	-1.1177	-0.55476	0.52986	0.87655	1.034	0.9722	0.76101	0.57219	0.72305	0.23463	0.09763	-0.13506	-0.47189	-0.70273	38.353
998.21	-0.96167	-0.99777	-1.1957	-1.526	-1.5526	-1.6531	-1.5457	-1.5174	-1.4512	-1.4748	-1.4459	-1.416	-1.4843	-1.7462	-1.7301	-1.8168	-1.1264	-0.50162	0.50972	0.86917	1.0208	0.93143	0.73395	0.51867	0.69728	0.2024	0.061855	-0.14562	-0.466	-0.68861	38.43
1006.3	-0.96886	-0.88743	-1.3755	-1.4337	-1.6366	-1.5852	-1.4921	-1.475	-1.457	-1.452	-1.4143	-1.3734	-1.4129	-1.6865	-1.6673	-1.8494	-1.1051	-0.51392	0.51881	0.87496	1.0141	0.9366	0.72508	0.53735	0.68884	0.2127	0.065788	-0.17382	-0.50815	-0.72554	38.444
1012.2	-1.0639	-1.0702	-1.2867	-1.4489	-1.5113	-1.5918	-1.4452	-1.3959	-1.4181	-1.3618	-1.3379	-1.3498	-1.3009	-1.5555	-1.4791	-1.698	-1.0589	-0.46225	0.52013	0.8619	1.0082	0.91227	0.70892	0.5009	0.6777	0.17295	0.025765	-0.19782	-0.56447	-0.8313	38.478
1017.7	-1.2967	-1.2373	-1.1654	-1.4674	-1.4159	-1.4751	-1.4064	-1.3793	-1.353	-1.3232	-1.2959	-1.1878	-1.2202	-1.4267	-1.584	-1.6888	-1.0471	-0.43232	0.51586	0.85093	0.9862	0.90264	0.70656	0.48614	0.6698	0.1455	0.012485	-0.23823	-0.61585	-0.90174	38.517
1020.5	-1.3799	-1.2984	-1.2645	-1.4576	-1.4137	-1.3965	-1.3591	-1.3146	-1.2749	-1.2745	-1.2314	-1.1846	-1.2022	-1.4228	-1.4511	-1.6067	-0.96852	-0.40059	0.53035	0.86278	0.98055	0.89398	0.67957	0.47432	0.64124	0.12895	-0.023954	-0.27895	-0.6896	-0.98899	38.526
1020.5	-1.5209	-1.3937	-1.42	-1.4328	-1.4088	-1.3743	-1.3101	-1.2982	-1.2191	-1.1998	-1.1754	-1.0766	-1.2316	-1.3027	-1.4832	-1.4827	-0.91852	-0.35715	0.55345	0.86749	0.99998	0.89553	0.6781	0.4578	0.64406	0.11573	-0.041427	-0.30653	-0.72127	-1.0548	38.545
1014.3	-1.4163	-1.4473	-1.4585	-1.3782	-1.4058	-1.3539	-1.2912	-1.2627	-1.1214	-1.1334	-1.0714	-1.0521	-1.1652	-1.2502	-1.3304	-1.3982	-0.84331	-0.30267	0.58876	0.89014	0.99251	0.8994	0.6644	0.46058	0.63522	0.089833	-0.070979	-0.34446	-0.78027	-1.1093	38.579
1003.5	-1.5809	-1.5214	-1.3793	-1.3812	-1.3826	-1.3863	-1.2624	-1.2309	-1.084	-1.0744	-1.0444	-1.032	-0.98358	-1.2178	-1.312	-1.3502	-0.80157	-0.26831	0.60245	0.88695	1.0047	0.87901	0.66406	0.43653	0.63491	0.078851	-0.1058	-0.37762	-0.84236	-1.1744	38.57
992.48	-1.7163	-1.6911	-1.3961	-1.3228	-1.3845	-1.3479	-1.2058	-1.165	-1.0754	-1.0479	-0.99336	-1.0277	-0.99452	-1.1696	-1.3101	-1.3971	-0.7435	-0.22663	0.62993	0.91459	0.99131	0.87758	0.66234	0.43367	0.63763	0.046501	-0.12345	-0.42719	-0.906	-1.3059	38.565
979.95	-1.827	-1.6952	-1.5004	-1.3413	-1.2929	-1.2941	-1.1803	-1.1257	-1.031	-1.0095	-0.95287	-1.1693	-1.0072	-1.0595	-1.2095	-1.2536	-0.69779	-0.2044	0.66354	0.92301	1.0164	0.89205	0.64316	0.43608	0.62086	0.047096	-0.14626	-0.44126	-0.93486	-1.3163	38.613
965.07	-1.8427	-1.8058	-1.5094	-1.3929	-1.2868	-1.2168	-1.1689	-1.0989	-1.003	-0.97398	-0.9571	-0.95897	-1.0072	-1.1234	-1.1091	-1.3385	-0.65888	-0.15482	0.69362	0.96382	1.021	0.88439	0.65151	0.40629	0.62596	0.0121	-0.15313	-0.4641	-0.97319	-1.335	38.579
944.87	-1.9091	-1.9534	-1.3801	-1.29	-1.3196	-1.188	-1.1061	-1.0533	-1.0059	-0.98976	-0.95976	-1.0128	-0.87014	-1.0339	-1.1849	-1.116	-0.64189	-0.12859	0.70221	0.97254	1.0493	0.89994	0.66544	0.42308	0.64391	0.015532	-0.16899	-0.47701	-0.96794	-1.37	38.613
918.89	-1.8945	-1.8654	-1.4553	-1.2598	-1.315	-1.2004	-1.0704	-1.0765	-1.0248	-1.0108	-0.98323	-0.99002	-1.0578	-1.0965	-1.1291	-1.4746	-0.62302	-0.11972	0.7397	1.0035	1.0607	0.92884	0.65476	0.43671	0.65898	0.015971	-0.17538	-0.49355	-0.99027	-1.3457	38.541
890.11	-1.8295	-1.7987	-1.2186	-1.3777	-1.2918	-1.2083	-1.1516	-1.0635	-1.0612	-1.0239	-1.0056	-1.0397	-0.85629	-1.0976	-1.2763	-1.2202	-0.63448	-0.081169	0.75699	1.0342	1.1002	0.94102	0.7013	0.43017	0.68998	0.016488	-0.15768	-0.47315	-0.93238	-1.3001	38.627
859.58	-1.7968	-1.816	-1.4642	-1.5343	-1.2442	-1.1703	-1.1293	-1.1384	-1.0887	-1.088	-1.0237	-0.91184	-1.0262	-1.1544	-1.3216	-1.2635	-0.60845	-0.097421	0.79759	1.0597	1.1304	0.98923	0.7122	0.46506	0.70445	0.03974	-0.15291	-0.4654	-0.94759	-1.2895	38.632
828.37	-1.8085	-1.8862	-1.5157	-1.2462	-1.2587	-1.1479	-1.1528	-1.152	-1.1632	-1.1117	-1.0947	-1.0032	-1.0106	-1.3458	-1.3516	-1.4448	-0.64818	-0.093166	0.81342	1.1016	1.1711	1.0188	0.75176	0.46964	0.72753	0.041237	-0.13894	-0.46595	-0.98516	-1.3528	38.618
797.32	-1.7153	-1.7695	-1.5179	-1.3995	-1.3938	-1.2535	-1.2193	-1.2578	-1.1975	-1.1968	-1.1669	-1.1213	-1.144	-1.2637	-1.5072	-1.382	-0.71414	-0.11738	0.84879	1.1445	1.2186	1.0585	0.7716	0.50522	0.77748	0.072922	-0.12012	-0.44527	-0.90385	-1.2639	38.651
765.15	-1.5053	-1.7467	-1.5718	-1.4096	-1.5334	-1.3443	-1.3696	-1.3742	-1.2689	-1.3032	-1.2643	-1.2918	-1.1529	-1.437	-1.5705	-1.7089	-0.80074	-0.15665	0.87485	1.201	1.2659	1.1093	0.82962	0.5525	0.81581	0.09754	-0.10575	-0.40698	-0.8815	-1.2074	38.632
736.58	-1.4355	-1.5697	-1.5835	-1.4116	-1.4406	-1.4162	-1.3839	-1.477	-1.4054	-1.4444	-1.4161	-1.3206	-1.2993	-1.5135	-1.8098	-1.6463	-0.87587	-0.22067	0.87478	1.191	1.3005	1.1372	0.85566	0.57185	0.85134	0.10336	-0.089674	-0.39411	-0.81957	-1.1755	38.632
715.07	-1.4808	-1.5629	-1.4852	-1.5083	-1.636	-1.615	-1.6176	-1.6042	-1.5375	-1.5589	-1.5339	-1.5584	-1.4013	-1.8162	-1.8871	-1.9833	-0.98004	-0.27781	0.864	1.2402	1.3289	1.1847	0.87928	0.59118	0.87092	0.12952	-0.063278	-0.35677	-0.77535	-1.0658	38.666
701.52	-1.3855	-1.4524	-1.3307	-1.5907	-1.6223	-1.5885	-1.7426	-1.7261	-1.6609	-1.6479	-1.6211	-1.6783	-1.6634	-2.0042	-1.9704	-2.0217	-1.0629	-0.34169	0.8597	1.2368	1.3698	1.1985	0.9113	0.6179	0.90618	0.19399	-0.034845	-0.32956	-0.71793	-0.98855	38.69
694.62	-1.2568	-1.37	-1.4506	-1.5012	-1.5252	-1.7814	-1.8011	-1.8482	-1.7216	-1.6963	-1.7002	-1.6269	-1.7015	-2.0902	-1.99	-2.0645	-1.1291	-0.35453	0.86398	1.2583	1.3834	1.2356	0.93118	0.63727	0.91931	0.19376	0.016152	-0.28219	-0.66745	-0.972	38.709
692.26	-1.246	-1.3148	-1.3769	-1.5192	-1.6634	-1.9628	-1.9106	-1.9225	-1.7866	-1.7709	-1.7376	-1.8144	-1.7073	-1.9867	-2.1865	-2.1172	-1.1776	-0.43637	0.8563	1.2487	1.4124	1.2536	0.94959	0.66601	0.94528	0.22906	0.029088	-0.25673	-0.6475	-0.93566	38.719
695.92	-1.2566	-1.3305	-1.3349	-1.5155	-1.6811	-1.9711	-1.9334	-1.9233	-1.8506	-1.8392	-1.7767	-1.737	-1.7199	-1.9763	-2.2929	-2.2424	-1.2514	-0.46003	0.84121	1.2467	1.405	1.2379	0.9619	0.68232	0.95682	0.23432	0.048152	-0.24325	-0.65736	-0.9417	38.757
705.39	-1.2249	-1.2558	-1.2998	-1.5163	-1.6846	-2.0227	-1.9967	-1.9513	-1.8134	-1.828	-1.8196	-1.7583	-1.718	-2.0149	-2.2156	-2.3244	-1.2784	-0.50272	0.80694	1.2368	1.3818	1.2685	0.98099	0.6927	0.95619	0.2418	0.064357	-0.21205	-0.63108	-0.92256	38.714
721.1	-1.2148	-1.2285	-1.3365	-1.5806	-1.7175	-2.0482	-2.0087	-1.9257	-1.8407	-1.8124	-1.7987	-1.7419	-1.8261	-2.0985	-2.0535	-2.4054	-1.2763	-0.52137	0.77097	1.201	1.3326	1.2299	0.9471	0.67761	0.92341	0.24484	0.077382	-0.20548	-0.61733	-0.88343	38.699
742.38	-1.0488	-1.1508	-1.3695	-1.5292	-1.7404	-1.9786	-1.9646	-1.8459	-1.7742	-1.7733	-1.7335	-1.798	-1.7334	-2.0177	-2.1273	-2.0382	-1.3001	-0.50863	0.73696	1.1622	1.3438	1.1903	0.94023	0.66438	0.91822	0.256	0.067156	-0.1958	-0.56232	-0.8355	38.781
765.15	-1.0724	-1.0325	-1.3347	-1.4467	-1.7564	-1.9282	-1.8202	-1.8089	-1.6947	-1.7579	-1.6929	-1.6004	-1.7014	-1.9577	-2.1928	-2.1635	-1.2553	-0.5171	0.71696	1.113	1.2858	1.1923	0.91028	0.68466	0.88902	0.26013	0.090406	-0.17158	-0.50737	-0.79669	38.752
786.6	-1.026	-1.0698	-1.3117	-1.5002	-1.6766	-1.9023	-1.8196	-1.7248	-1.654	-1.6454	-1.666	-1.6368	-1.5025	-1.8653	-1.8616	-2.0643	-1.2388	-0.49882	0.70303	1.0989	1.2643	1.1376	0.91225	0.64262	0.88304	0.25876	0.080383	-0.1508	-0.48767	-0.72842	38.733
806.53	-1.0081	-0.92806	-1.3149	-1.5741	-1.7286	-1.8593	-1.7782	-1.6652	-1.5896	-1.5949	-1.556	-1.4793	-1.484	-1.6862	-1.9174	-2.0133	-1.1929	-0.47632	0.68565	1.0797	1.2236	1.1272	0.88971	0.64003	0.85409	0.25051	0.087609	-0.16801	-0.4966	-0.74635	38.728
826.23	-0.97499	-1.0341	-1.3568	-1.6179	-1.7765	-1.7954	-1.7791	-1.6549	-1.5358	-1.5049	-1.4762	-1.5012	-1.5212	-1.85	-1.8717	-1.8888	-1.1251	-0.43715	0.68001	1.0676	1.2148	1.1022	0.86486	0.61921	0.81808	0.24635	0.056744	-0.17763	-0.51457	-0.74333	38.762
845.9	-0.96117	-1.0455	-1.3324	-1.6067	-1.6699	-1.7039	-1.6904	-1.5069	-1.4534	-1.4136	-1.4279	-1.3174	-1.5035	-1.5534	-1.6923	-1.9009	-1.0533	-0.40563	0.68335	1.0484	1.1793	1.086	0.84474	0.61205	0.81094	0.20341	0.071234	-0.19346	-0.52443	-0.7585	38.709
865.14	-1.0247	-0.97432	-1.3604	-1.5658	-1.5747	-1.6267	-1.6181	-1.4102	-1.3485	-1.3601	-1.3242	-1.4882	-1.2102	-1.7314	-1.5978	-1.6576	-1.0388	-0.36246	0.66134	1.0344	1.1654	1.0472	0.82248	0.59313	0.77133	0.20581	0.028429	-0.20217	-0.55369	-0.79277	38.781
883.07	-1.0905	-1.0436	-1.2027	-1.4563	-1.4461	-1.4856	-1.467	-1.3592	-1.2533	-1.2713	-1.2535	-1.3154	-1.2535	-1.3666	-1.5653	-1.5881	-0.92664	-0.32535	0.69129	1.0097	1.1469	1.0241	0.78702	0.56894	0.76542	0.18296	-0.00075754	-0.25065	-0.59299	-0.83022	38.738
899.07	-1.1127	-1.1635	-1.2536	-1.4154	-1.4148	-1.3655	-1.4043	-1.2691	-1.2277	-1.2169	-1.177	-1.2395	-1.1979	-1.2911	-1.5375	-1.4895	-0.89468	-0.29948	0.66916	0.98463	1.1062	1.0041	0.76464	0.53155	0.73742	0.14303	-0.013966	-0.2681	-0.61667	-0.87144	38.728
913.35	-1.0477	-1.0795	-1.2621	-1.4047	-1.3926	-1.3034	-1.2601	-1.211	-1.1494	-1.1405	-1.1052	-1.0994	-1.0314	-1.2709	-1.4415	-1.4835	-0.80114	-0.24986	0.68934	0.98152	1.0855	0.97448	0.74444	0.51485	0.71331	0.1293	-0.038151	-0.30089	-0.67275	-0.91626	38.699
926.77	-1.1215	-1.1148	-1.128	-1.4681	-1.2587	-1.2985	-1.1308	-1.1411	-1.0902	-1.0794	-1.0493	-0.9986	-1.1297	-1.1864	-1.3675	-1.3596	-0.75784	-0.2179	0.69684	0.96904	1.0698	0.96037	0.72229	0.49747	0.69988	0.099936	-0.058443	-0.33297	-0.70452	-0.982	38.699
937.85	-1.0619	-1.1489	-1.2469	-1.2439	-1.2938	-1.2435	-1.0686	-1.0483	-1.043	-1.0158	-1.0046	-1.0372	-1.1004	-1.2051	-1.2813	-1.3267	-0.6912	-0.18382	0.68705	0.96102	1.0409	0.94056	0.69932	0.47526	0.67783	0.081176	-0.083104	-0.35004	-0.73395	-1.0127	38.704
948.06	-1.2971	-1.2286	-1.2064	-1.2636	-1.1899	-1.1959	-1.1084	-0.99211	-1.0179	-0.95627	-0.95121	-1.026	-0.86721	-1.2567	-1.1636	-1.3625	-0.66745	-0.15413	0.6812	0.95067	1.0265	0.89691	0.68861	0.44429	0.66144	0.078721	-0.10102	-0.34479	-0.76987	-1.0324	38.709
954.87	-1.3993	-1.3262	-1.1075	-1.1952	-1.1954	-1.1382	-1.0271	-0.9564	-0.93264	-0.93115	-0.90216	-0.95273	-0.9238	-0.89474	-1.2585	-1.0381	-0.6384	-0.13068	0.70875	0.94557	1.0367	0.88886	0.66478	0.44593	0.66274	0.068739	-0.1143	-0.37917	-0.76922	-1.0905	38.767
960.39	-1.2773	-1.3633	-1.1956	-1.1712	-1.0613	-1.0474	-1.051	-0.9588	-0.89685	-0.90925	-0.87946	-0.96364	-0.91848	-1.0172	-1.3367	-1.1803	-0.60253	-0.11113	0.69699	0.93011	1.0054	0.88374	0.63744	0.4306	0.63649	0.052736	-0.11674	-0.37845	-0.75518	-1.0334	38.719
962.73	-1.4237	-1.3555	-1.2068	-1.1761	-1.097	-1.018	-1.0439	-0.98172	-0.90378	-0.89549	-0.86509	-0.9286	-0.83841	-1.1262	-1.1289	-1.161	-0.58341	-0.075046	0.69071	0.94117	1.0045	0.85684	0.64215	0.39932	0.62748	0.040155	-0.11954	-0.37461	-0.77253	-1.0499	38.733
961.88	-1.3143	-1.3582	-1.1953	-1.2035	-1.1171	-1.0424	-1.0374	-0.97153	-0.8818	-0.90123	-0.85187	-0.89669	-0.88589	-0.98379	-1.164	-1.1785	-0.53892	-0.075113	0.69898	0.94534	1.0006	0.87576	0.63802	0.42356	0.63849	0.065123	-0.098021	-0.35885	-0.74921	-1.035	38.728
956.78	-1.3104	-1.2981	-1.0547	-1.054	-1.0233	-1.1157	-1.0175	-0.96401	-0.91398	-0.8911	-0.87399	-0.8192	-0.8593	-1.0691	-1.0672	-1.1352	-0.54341	-0.075513	0.71349	0.94703	1.0108	0.88043	0.64142	0.42742	0.63739	0.052935	-0.084567	-0.34606	-0.70334	-0.94642	38.723
947.42	-1.0813	-1.166	-1.0045	-1.0912	-1.0917	-1.0293	-1.0578	-0.99758	-0.95077	-0.91667	-0.89328	-0.87713	-0.75703	-1.1605	-1.0778	-1.1464	-0.56346	-0.058931	0.70187	0.95977	1.0224	0.88578	0.66842	0.42194	0.64824	0.080356	-0.069718	-0.30046	-0.64368	-0.87688	38.743
934.23	-1.1479	-1.1779	-1.0575	-1.0043	-1.1609	-1.1218	-1.0115	-1.0604	-0.94856	-0.96023	-0.89509	-1.058	-0.81586	-1.1113	-1.3215	-1.0949	-0.58962	-0.082609	0.72125	0.96131	1.0548	0.90169	0.67947	0.45742	0.64356	0.11679	-0.072294	-0.30169	-0.64783	-0.90396	38.762
917.83	-1.1161	-1.1522	-1.055	-1.019	-1.0558	-1.1436	-1.1013	-1.0728	-1.0101	-1.0016	-0.96972	-0.76821	-0.91209	-0.89747	-1.1125	-1.2695	-0.56479	-0.093028	0.75179	0.99246	1.062	0.93857	0.69489	0.47728	0.69262	0.11887	-0.029869	-0.28102	-0.59233	-0.84199	38.743
899.07	-1.0927	-1.1444	-1.0097	-1.0635	-1.0816	-1.1099	-1.1672	-1.1424	-1.1026	-1.0543	-1.033	-1.0118	-1.0145	-1.2911	-1.1905	-1.4367	-0.65395	-0.12601	0.72487	1.015	1.0773	0.95462	0.71441	0.48553	0.70707	0.12969	-0.017273	-0.26654	-0.62694	-0.85786	38.738
878.38	-1.0724	-1.0199	-1.0662	-1.0699	-1.1604	-1.1802	-1.2289	-1.197	-1.1619	-1.1551	-1.1358	-1.1253	-1.0725	-1.3041	-1.4055	-1.3625	-0.71336	-0.1701	0.73692	1.0224	1.1062	0.97349	0.72953	0.50046	0.72209	0.14298	-0.015987	-0.26801	-0.61368	-0.83639	38.733
857.87	-1.0264	-1.0326	-1.0653	-1.1459	-1.192	-1.2198	-1.2733	-1.2398	-1.2373	-1.2161	-1.2159	-1.1155	-1.1506	-1.2995	-1.3625	-1.561	-0.76284	-0.21626	0.73392	1.0487	1.1433	1.019	0.77153	0.53386	0.75777	0.1499	0.0061501	-0.24161	-0.58888	-0.81549	38.723
838.63	-0.97308	-1.0188	-1.0086	-1.1704	-1.2034	-1.323	-1.3195	-1.3226	-1.3093	-1.2989	-1.2979	-1.31	-1.1591	-1.5303	-1.4329	-1.6534	-0.87067	-0.25646	0.73495	1.0709	1.1604	1.0272	0.79282	0.55159	0.77001	0.19087	0.020467	-0.21192	-0.56018	-0.80691	38.728
822.16	-0.95429	-1.0096	-1.0361	-1.1757	-1.2744	-1.2905	-1.4469	-1.4414	-1.3621	-1.3616	-1.3157	-1.3363	-1.2735	-1.5237	-1.7611	-1.5711	-0.92385	-0.28755	0.74967	1.0787	1.2245	1.0632	0.81603	0.57568	0.80815	0.2111	0.028105	-0.21445	-0.54894	-0.80267	38.752
810.38	-0.95151	-1.0331	-1.0978	-1.2333	-1.3011	-1.3971	-1.4838	-1.5486	-1.3927	-1.4324	-1.3888	-1.5111	-1.5879	-1.4702	-1.888	-1.7891	-0.97733	-0.3363	0.75693	1.0884	1.2329	1.0963	0.8316	0.6143	0.84117	0.21417	0.056019	-0.20715	-0.51893	-0.79551	38.733
801.6	-1.0087	-0.99622	-1.091	-1.2338	-1.4323	-1.4144	-1.5518	-1.5504	-1.4335	-1.454	-1.4481	-1.3705	-1.4557	-1.6201	-1.7039	-1.8876	-1.0343	-0.36251	0.75052	1.1204	1.235	1.1282	0.84823	0.62868	0.83605	0.224	0.065902	-0.1866	-0.53614	-0.76997	38.719
796.03	-0.93101	-1.0122	-1.148	-1.2631	-1.4339	-1.5423	-1.613	-1.5765	-1.5041	-1.4582	-1.4519	-1.4197	-1.4282	-1.824	-1.7571	-1.8213	-1.0513	-0.35062	0.74652	1.1201	1.2628	1.1301	0.8901	0.62923	0.84731	0.24816	0.077565	-0.16316	-0.53602	-0.78877	38.733
791.53	-1.0177	-1.027	-1.2252	-1.3306	-1.4167	-1.594	-1.6222	-1.6239	-1.5385	-1.5328	-1.5026	-1.4676	-1.5689	-1.6601	-1.8708	-1.8317	-1.1041	-0.40861	0.74518	1.1225	1.2661	1.1425	0.87424	0.65023	0.86846	0.25525	0.07425	-0.19075	-0.52935	-0.79904	38.757
789.81	-1.0067	-1.0998	-1.2547	-1.358	-1.6147	-1.6896	-1.6166	-1.6312	-1.564	-1.5582	-1.5357	-1.4907	-1.4015	-1.7219	-1.7917	-1.9558	-1.1378	-0.42196	0.73187	1.1107	1.2573	1.1309	0.88185	0.62254	0.84489	0.22354	0.049955	-0.20542	-0.55388	-0.82009	38.738
792.6	-1.1241	-1.105	-1.2636	-1.438	-1.6238	-1.7	-1.6344	-1.6427	-1.5401	-1.5287	-1.5176	-1.5847	-1.4155	-1.6579	-1.889	-1.909	-1.1455	-0.43084	0.72001	1.0967	1.2394	1.1049	0.86736	0.60875	0.84192	0.19817	0.025405	-0.22068	-0.57718	-0.86725	38.723
797.1	-1.1009	-1.1508	-1.1977	-1.4898	-1.644	-1.7087	-1.6018	-1.6125	-1.5223	-1.5081	-1.4605	-1.4968	-1.5203	-1.5139	-1.8165	-1.8784	-1.0828	-0.42635	0.73443	1.0865	1.2343	1.1106	0.84735	0.62646	0.83716	0.19517	0.019667	-0.25297	-0.60288	-0.87957	38.738
800.74	-1.2475	-1.1938	-1.2678	-1.552	-1.6846	-1.6686	-1.5856	-1.5634	-1.4825	-1.4397	-1.4475	-1.2737	-1.5322	-1.4879	-1.7672	-2.0081	-1.0567	-0.42236	0.73293	1.0995	1.2268	1.1234	0.83786	0.60256	0.83515	0.18492	0.028856	-0.27994	-0.65395	-0.91177	38.69
801.17	-1.1739	-1.2074	-1.3879	-1.5716	-1.6044	-1.6596	-1.5848	-1.4982	-1.4416	-1.4052	-1.388	-1.4302	-1.363	-1.5063	-1.7253	-1.9084	-1.0387	-0.37705	0.73253	1.117	1.228	1.099	0.85056	0.58694	0.82036	0.14367	-0.023091	-0.29208	-0.67858	-0.93222	38.723
799.24	-1.1973	-1.1853	-1.3893	-1.5997	-1.6334	-1.5826	-1.5313	-1.4847	-1.3409	-1.3808	-1.3177	-1.3549	-1.1974	-1.3565	-1.6473	-1.6557	-1.0142	-0.36153	0.75826	1.0896	1.2501	1.0957	0.83566	0.59602	0.82413	0.18527	-0.051036	-0.32448	-0.69177	-0.96692	38.757
798.17	-1.2346	-1.203	-1.4121	-1.6	-1.5978	-1.5624	-1.4581	-1.4296	-1.372	-1.3349	-1.33	-1.2384	-1.3305	-1.4927	-1.6084	-1.658	-0.95354	-0.30442	0.75928	1.1171	1.2326	1.0892	0.82358	0.54691	0.79645	0.11979	-0.064138	-0.35841	-0.73512	-1.0045	38.719
798.17	-1.1651	-1.2192	-1.4651	-1.6187	-1.4972	-1.5057	-1.4169	-1.3687	-1.3317	-1.2871	-1.2647	-1.3962	-1.2178	-1.6655	-1.5878	-1.6976	-0.90706	-0.30237	0.75559	1.097	1.2192	1.0773	0.81038	0.53155	0.77845	0.10665	-0.073447	-0.36546	-0.77947	-1.0236	38.743
800.74	-1.167	-1.1849	-1.4906	-1.6228	-1.5362	-1.4362	-1.3587	-1.3434	-1.2763	-1.2631	-1.2291	-1.1754	-1.3637	-1.354	-1.7262	-1.6329	-0.85395	-0.2809	0.78996	1.0875	1.223	1.0917	0.79461	0.54324	0.78492	0.10256	-0.089911	-0.39943	-0.7712	-1.0451	38.723
805.24	-1.3634	-1.2973	-1.4917	-1.5859	-1.4903	-1.4	-1.3067	-1.251	-1.2311	-1.1969	-1.1721	-0.99291	-1.2071	-1.2132	-1.5127	-1.5648	-0.79734	-0.21612	0.80018	1.1133	1.2161	1.0816	0.78082	0.50405	0.76983	0.081512	-0.089409	-0.41642	-0.79938	-1.1226	38.704
810.6	-1.5282	-1.3628	-1.4632	-1.5441	-1.466	-1.3907	-1.2611	-1.2222	-1.1743	-1.1616	-1.154	-1.064	-0.90331	-1.4131	-1.3205	-1.5935	-0.78445	-0.18027	0.78945	1.1158	1.1855	1.049	0.79053	0.50073	0.75411	0.075427	-0.12365	-0.41367	-0.91372	-1.2168	38.699
816.38	-1.5651	-1.3059	-1.4621	-1.4893	-1.4474	-1.367	-1.2731	-1.1931	-1.1571	-1.1378	-1.117	-1.2108	-1.0438	-1.3656	-1.5122	-1.3885	-0.76374	-0.15486	0.77844	1.0883	1.1995	1.0299	0.78308	0.48779	0.75581	0.082238	-0.14098	-0.42798	-0.91479	-1.2512	38.771
824.73	-1.6292	-1.3603	-1.2291	-1.3983	-1.382	-1.2923	-1.2204	-1.1773	-1.1205	-1.1128	-1.0873	-1.0649	-1.0514	-1.1474	-1.4372	-1.3169	-0.74101	-0.1513	0.80093	1.0792	1.1689	1.0195	0.7423	0.50144	0.73771	0.074135	-0.11432	-0.42706	-0.86074	-1.2552	38.733
837.56	-1.5864	-1.389	-1.2247	-1.3768	-1.3169	-1.2938	-1.2239	-1.1574	-1.1156	-1.109	-1.0626	-1.1613	-1.0174	-1.3311	-1.2779	-1.5045	-0.69828	-0.1725	0.7781	1.0627	1.1546	0.99248	0.74171	0.47911	0.73669	0.080158	-0.12499	-0.39531	-0.83836	-1.134	38.723
852.96	-1.4628	-1.3337	-1.2292	-1.4167	-1.3206	-1.2477	-1.1766	-1.1633	-1.1109	-1.0834	-1.0711	-1.085	-1.1748	-1.1813	-1.4474	-1.2734	-0.72918	-0.16362	0.76406	1.0435	1.1338	0.98201	0.72303	0.47586	0.73013	0.080468	-0.10183	-0.37663	-0.75286	-1.0688	38.747
868.13	-1.2612	-1.2115	-1.2721	-1.3318	-1.2686	-1.2371	-1.1561	-1.1657	-1.0898	-1.0974	-1.0814	-1.0117	-1.137	-1.3018	-1.2897	-1.4879	-0.71109	-0.18345	0.74053	1.0253	1.0946	0.97034	0.70692	0.4799	0.71407	0.089421	-0.060681	-0.33115	-0.67056	-0.91304	38.747
878.38	-1.1748	-1.1876	-1.2831	-1.3129	-1.2442	-1.1802	-1.1002	-1.1521	-1.1336	-1.1135	-1.1071	-0.98194	-1.1749	-1.4437	-1.2746	-1.4166	-0.738	-0.19813	0.7084	1.0389	1.094	0.96626	0.70211	0.46383	0.6992	0.11398	-0.037979	-0.30005	-0.65573	-0.86071	38.747
885.21	-1.2013	-1.2722	-1.1912	-1.2673	-1.1666	-1.1638	-1.1435	-1.1518	-1.143	-1.1139	-1.1004	-1.2411	-1.0304	-1.4152	-1.3575	-1.2448	-0.73929	-0.16507	0.70793	1.0037	1.1028	0.9588	0.7222	0.46025	0.68893	0.12325	-0.056151	-0.2723	-0.64546	-0.89543	38.767
891.18	-1.1175	-1.1593	-1.168	-1.1232	-1.1306	-1.1615	-1.1663	-1.2003	-1.1534	-1.1813	-1.1157	-1.0915	-1.1076	-1.2854	-1.4958	-1.3785	-0.7725	-0.22476	0.71476	0.98436	1.0869	0.96842	0.71567	0.49155	0.70365	0.14766	-0.015757	-0.25627	-0.59105	-0.87573	38.752
896.94	-1.1037	-1.1104	-1.1116	-1.0827	-1.1625	-1.2244	-1.1763	-1.2078	-1.1671	-1.1418	-1.1554	-1.102	-1.2174	-1.4138	-1.413	-1.6341	-0.77443	-0.21782	0.69374	1.0066	1.0765	0.95866	0.73289	0.48498	0.71996	0.15172	0.010853	-0.20128	-0.56495	-0.79527	38.733
898.64	-0.9965	-1.0558	-1.0725	-1.0391	-1.1827	-1.1554	-1.1932	-1.2106	-1.1503	-1.1927	-1.1738	-1.1875	-1.1984	-1.2235	-1.5747	-1.455	-0.80909	-0.22106	0.70718	1.0012	1.0897	0.96922	0.7449	0.54544	0.73457	0.1848	0.029021	-0.18994	-0.51249	-0.78697	38.762
894.81	-0.95889	-1.0092	-1.0399	-1.127	-1.1653	-1.211	-1.2367	-1.2514	-1.2156	-1.2174	-1.2277	-1.1574	-1.2371	-1.2973	-1.6182	-1.5319	-0.81601	-0.27522	0.70857	1.0108	1.1114	0.99823	0.75315	0.54778	0.75538	0.21071	0.052395	-0.17031	-0.48889	-0.74603	38.743
886.27	-0.98504	-0.97207	-1.0601	-1.1243	-1.1576	-1.1989	-1.276	-1.308	-1.2751	-1.2631	-1.2832	-1.2929	-1.1813	-1.6037	-1.4485	-1.8143	-0.89713	-0.26675	0.68048	1.0206	1.1032	0.99888	0.77399	0.5375	0.76266	0.17384	0.044518	-0.16242	-0.48839	-0.71707	38.709
877.31	-0.97802	-0.98363	-1.1003	-1.0406	-1.2343	-1.2721	-1.3543	-1.3422	-1.3065	-1.2942	-1.2905	-1.4317	-1.0909	-1.4454	-1.5007	-1.5625	-0.93449	-0.28632	0.68911	1.0237	1.1423	1.0055	0.80077	0.57966	0.777	0.23542	0.05852	-0.14965	-0.4811	-0.73135	38.767
870.9	-0.98005	-0.96951	-1.1014	-1.0911	-1.278	-1.2907	-1.3971	-1.4026	-1.3245	-1.3201	-1.3174	-1.3699	-1.3915	-1.3681	-1.5683	-1.6829	-0.96622	-0.35252	0.70433	1.0091	1.1612	1.0238	0.8032	0.58745	0.79426	0.25092	0.089665	-0.12974	-0.44576	-0.69994	38.738
865.78	-1.0049	-1.0628	-1.2057	-1.1941	-1.3435	-1.375	-1.3426	-1.4372	-1.3391	-1.3187	-1.331	-1.3053	-1.3997	-1.447	-1.6345	-1.839	-0.94515	-0.33375	0.69319	1.0447	1.1469	1.0556	0.79926	0.60331	0.80892	0.24202	0.12109	-0.12401	-0.43773	-0.71642	38.709
860.65	-1.0266	-1.0824	-1.1743	-1.2931	-1.3788	-1.3738	-1.3622	-1.3999	-1.3369	-1.3284	-1.3077	-1.3131	-1.1817	-1.4556	-1.5489	-1.703	-0.95618	-0.31666	0.69731	1.0416	1.1715	1.0655	0.84426	0.61759	0.81207	0.26262	0.11318	-0.10022	-0.47074	-0.74905	38.757
853.6	-1.0227	-1.0797	-1.2371	-1.3142	-1.3156	-1.4079	-1.4053	-1.4008	-1.3017	-1.3264	-1.2988	-1.2133	-1.3319	-1.2881	-1.7732	-1.5132	-1.0039	-0.37312	0.70653	1.0465	1.1955	1.0874	0.84594	0.63705	0.82887	0.26127	0.11934	-0.13567	-0.46922	-0.78561	38.733
845.9	-1.1224	-1.1571	-1.2859	-1.4568	-1.4147	-1.4226	-1.3911	-1.383	-1.3239	-1.3103	-1.3027	-1.2243	-1.0782	-1.644	-1.5953	-1.8448	-0.97467	-0.36682	0.68857	1.0541	1.1919	1.0954	0.8483	0.61568	0.80585	0.24593	0.083531	-0.15354	-0.53535	-0.82883	38.714
840.34	-1.1851	-1.1869	-1.334	-1.4078	-1.438	-1.4282	-1.4037	-1.3994	-1.3396	-1.3038	-1.3113	-1.2137	-1.2637	-1.4725	-1.6449	-1.9323	-0.95904	-0.35166	0.69137	1.0534	1.1853	1.0932	0.86107	0.60516	0.82314	0.21724	0.05756	-0.1713	-0.57552	-0.86336	38.69
836.28	-1.1317	-1.2748	-1.4164	-1.436	-1.485	-1.4138	-1.419	-1.3899	-1.3182	-1.3045	-1.2714	-1.3325	-1.2699	-1.4064	-1.751	-1.5824	-0.96001	-0.34355	0.71763	1.0451	1.2148	1.0776	0.84006	0.61177	0.81684	0.21829	0.032961	-0.21756	-0.6096	-0.92774	38.762
832.86	-1.221	-1.2251	-1.4331	-1.4491	-1.481	-1.4158	-1.3682	-1.3956	-1.3218	-1.3098	-1.2867	-1.0734	-1.3651	-1.4306	-1.6794	-1.7598	-0.93611	-0.31934	0.70643	1.0475	1.1886	1.1011	0.82001	0.59404	0.8064	0.19039	0.02953	-0.26407	-0.66385	-0.992	38.714
826.87	-1.3839	-1.3844	-1.3685	-1.4668	-1.4108	-1.3653	-1.3902	-1.3157	-1.2837	-1.2597	-1.2635	-1.0812	-1.1393	-1.5336	-1.493	-1.7917	-0.91484	-0.29783	0.71868	1.0687	1.1825	1.0726	0.83687	0.56685	0.79313	0.15733	-0.0061992	-0.29322	-0.73194	-1.0545	38.675
817.66	-1.4912	-1.4613	-1.358	-1.4158	-1.4062	-1.3471	-1.3376	-1.3045	-1.2303	-1.2467	-1.1975	-1.1511	-1.1888	-1.2885	-1.5901	-1.5217	-0.89111	-0.29717	0.75019	1.0827	1.2032	1.0866	0.81131	0.56198	0.79152	0.14627	-0.038983	-0.33438	-0.77971	-1.1466	38.752
809.1	-1.5959	-1.5121	-1.4416	-1.3994	-1.3818	-1.3373	-1.2952	-1.2488	-1.1946	-1.1696	-1.1582	-1.0855	-1.1273	-1.3211	-1.3635	-1.5574	-0.81265	-0.24959	0.77816	1.1021	1.2216	1.0686	0.8106	0.54142	0.78924	0.12929	-0.070616	-0.37096	-0.82791	-1.1493	38.743
802.03	-1.6716	-1.5825	-1.3091	-1.4118	-1.3815	-1.3208	-1.2852	-1.2409	-1.1687	-1.1462	-1.1118	-1.1539	-1.1746	-1.1799	-1.5188	-1.5514	-0.82945	-0.21699	0.78318	1.1138	1.2039	1.0701	0.78583	0.54046	0.78545	0.1024	-0.097177	-0.41458	-0.84672	-1.2051	38.733
796.24	-1.6819	-1.7	-1.4497	-1.4745	-1.381	-1.304	-1.2479	-1.2022	-1.1349	-1.1366	-1.0882	-1.103	-1.1455	-1.2847	-1.4267	-1.4038	-0.74228	-0.17115	0.80553	1.1158	1.203	1.0599	0.78398	0.51745	0.75508	0.091846	-0.12215	-0.4388	-0.92052	-1.2886	38.738
788.31	-1.8129	-1.9058	-1.5122	-1.461	-1.3609	-1.2494	-1.2404	-1.1835	-1.1223	-1.1339	-1.097	-1.1141	-1.138	-1.3365	-1.4828	-1.3978	-0.71249	-0.15413	0.83232	1.1352	1.2287	1.0646	0.78232	0.5246	0.78272	0.11369	-0.10829	-0.45214	-0.93955	-1.3325	38.771
