8.3611e+005	5	1	92	28.2	762.5	3	39	-40	-94.705	256	8192	5	0	0	0	0	312.21	963.75	1.4378e+006	0.11639	-0.011224	40.498	0	0	1	0	0	0	13	0	0
614.62	-1.1117	-1.0948	-1.3692	-1.6073	-1.7737	-1.7347	-1.5899	-1.5986	-1.4798	-1.3745	-0.90981	-1.2268	-1.3225	-1.8158	-1.5823	-1.7679	-1.046	-0.40217	0.6828	1.0804	1.2	1.0987	0.86789	0.62673	-2.5345	0.25158	0.094051	-0.20504	-0.60123	-0.8742	39.419
619.38	-1.3113	-1.3012	-1.2683	-1.4552	-1.6952	-1.7266	-1.5292	-1.4367	-1.393	-1.3691	-0.89196	-1.4207	-1.3124	-1.5051	-1.4376	-1.7543	-0.98808	-0.37523	0.69659	1.067	1.1907	1.0877	0.88067	0.63428	0.48828	0.26417	0.076532	-0.18756	-0.62394	-0.94138	39.462
624.14	-1.5823	-1.6466	-1.3192	-1.5349	-1.6314	-1.7161	-1.5267	-1.3917	-1.3286	-1.323	-0.85822	-1.4099	-1.0862	-1.3708	-1.5845	-1.6396	-0.97808	-0.36448	0.70072	1.0511	1.1939	1.0642	0.88362	0.62454	0.78375	0.26696	0.064045	-0.22221	-0.6833	-1.0295	39.477
629.97	-1.5724	-1.5768	-1.1606	-1.3028	-1.502	-1.4895	-1.6511	-1.3788	-1.3371	-1.2578	-0.79688	-1.2719	-1.0762	-1.2852	-1.4395	-1.524	-0.93712	-0.35068	0.6919	1.0236	1.1635	1.0291	0.81569	0.57741	0.79018	0.21452	0.035148	-0.24472	-0.6672	-1.0103	39.438
634.72	-1.537	-1.6642	-1.3615	-1.4271	-1.293	-1.4172	-1.348	-1.347	-1.2581	-1.2309	-0.82006	-1.188	-1.2098	-1.5169	-1.2477	-1.8116	-0.89844	-0.3403	0.68671	1.0614	1.1379	1.0389	0.83093	0.58757	0.82952	0.21292	0.034885	-0.25176	-0.69373	-0.96669	39.424
637.1	-1.4325	-1.5435	-1.4799	-1.4381	-1.388	-1.3052	-1.2576	-1.249	-1.2304	-1.1839	-0.76421	-1.1589	-0.99354	-1.3911	-1.578	-1.6062	-0.89994	-0.30038	0.71884	1.0348	1.1744	1.0525	0.84201	0.595	0.83996	0.22624	0.058077	-0.25744	-0.68148	-0.97745	39.347
635.15	-1.215	-1.4131	-1.4773	-1.4989	-1.3317	-1.2582	-1.2592	-1.2265	-1.2365	-1.17	-0.68447	-1.2367	-1.1382	-1.1782	-1.5828	-1.3373	-0.84671	-0.27028	0.7396	1.0506	1.1852	1.0307	0.8114	0.59441	0.84931	0.25289	0.065276	-0.24051	-0.6351	-0.87236	39.16
628.89	-1.22	-1.3566	-1.3309	-1.4806	-1.2997	-1.2579	-1.2354	-1.2218	-1.1606	-1.1387	-0.65385	-1.174	-1.0542	-1.2143	-1.4942	-1.4009	-0.83057	-0.23904	0.75634	1.0687	1.1873	1.0359	0.82188	0.58327	0.83721	0.20059	-0.016774	-0.30555	-0.67814	-0.97808	39.05
618.52	-1.2647	-1.2776	-1.2848	-1.5031	-1.3404	-1.2345	-1.189	-1.1834	-1.1021	-1.1861	-0.68657	-0.93915	-1.2415	-1.1851	-1.5989	-1.3988	-0.78451	-0.24835	0.76187	1.0529	1.1628	1.0096	0.77724	0.52369	0.83035	0.13368	-0.055499	-0.35618	-0.73679	-1.0142	38.858
609	-1.4198	-1.5959	-1.4116	-1.2741	-1.2707	-1.299	-1.2757	-1.2717	-1.1865	-1.1498	-0.69177	-1.3674	-1.1132	-1.0778	-1.4082	-1.3428	-0.76376	-0.19562	0.80765	1.0957	1.1885	1.0071	0.76961	0.52684	0.82682	0.1013	-0.11005	-0.3964	-0.80137	-1.1127	38.589
599.7	-1.4843	-1.4465	-1.4259	-1.4556	-1.363	-1.3569	-1.212	-1.2636	-1.1756	-1.1994	-0.68007	-1.0211	-1.1805	-1.3501	-1.5669	-1.5218	-0.73694	-0.19592	0.79806	1.0699	1.1561	1.0254	0.769	0.48136	0.84204	0.085382	-0.10184	-0.41428	-0.84203	-1.1503	38.339
590.18	-1.1832	-1.3632	-1.3593	-1.335	-1.3169	-1.2554	-1.3455	-1.2865	-1.2045	-1.243	-0.69959	-1.171	-1.1487	-1.1901	-1.3697	-1.7071	-0.72526	-0.12954	0.83341	1.1306	1.185	1.05	0.77886	0.51509	0.82642	0.068979	-0.11104	-0.38997	-0.7487	-1.019	38.016
583.47	-1.4049	-1.5235	-1.6859	-1.3503	-1.3952	-1.2726	-1.334	-1.2389	-1.1608	-1.211	-0.67305	-1.2923	-1.0849	-1.3613	-1.6387	-1.4015	-0.76275	-0.12822	0.85815	1.1519	1.2117	1.0186	0.78007	0.50526	0.84085	0.10831	-0.11996	-0.3824	-0.7705	-1.083	37.707
583.9	-1.4962	-1.5346	-1.3066	-1.311	-1.3655	-1.4158	-1.3257	-1.2744	-1.1949	-1.2319	-0.70999	-1.2375	-1.2638	-1.1504	-1.525	-1.4276	-0.70658	-0.10282	0.86256	1.1346	1.1978	1.0069	0.75113	0.48652	0.82546	0.082557	-0.11478	-0.38453	-0.75411	-1.1135	37.35
589.53	-1.2023	-1.4642	-1.2274	-1.0934	-1.1622	-1.3474	-1.2863	-1.2545	-1.2058	-1.1986	-0.73744	-1.0654	-1.4043	-1.2954	-1.3712	-1.3871	-0.68148	-0.096267	0.85682	1.1509	1.1967	1.0242	0.74652	0.48447	0.8322	0.084314	-0.080911	-0.38085	-0.68948	-1.0123	36.954
595.37	-1.0243	-1.1639	-1.2992	-1.1504	-1.2773	-1.364	-1.2953	-1.2575	-1.2234	-1.2402	-0.74715	-1.1079	-1.1891	-1.3856	-1.4405	-1.4798	-0.69037	-0.070506	0.86821	1.1208	1.1798	1.0062	0.73666	0.48228	0.82403	0.093554	-0.070137	-0.31566	-0.6155	-0.89735	36.542
605.76	-0.97211	-0.99044	-1.222	-1.2391	-1.225	-1.3433	-1.3109	-1.2334	-1.1856	-1.2137	-0.77043	-1.2968	-1.2182	-1.5136	-1.3074	-1.5588	-0.67343	-0.063877	0.83873	1.1254	1.152	0.95746	0.729	0.44872	0.79805	0.096901	-0.041946	-0.28005	-0.56175	-0.76612	36.184
616.57	-0.84323	-0.93827	-1.2128	-1.394	-1.342	-1.3276	-1.2902	-1.2093	-1.1837	-1.2156	-0.74601	-1.1719	-1.2697	-1.3877	-1.5241	-1.2237	-0.64407	-0.054769	0.84074	1.0926	1.1417	0.9381	0.69668	0.45079	0.79104	0.1268	-0.02916	-0.27286	-0.53193	-0.72052	35.883
625.43	-0.97508	-1.005	-1.1714	-1.3814	-1.3524	-1.2208	-1.2674	-1.2043	-1.146	-1.1831	-0.71931	-1.0294	-1.06	-1.221	-1.5025	-1.1558	-0.55337	-0.011996	0.86417	1.072	1.1329	0.94004	0.67718	0.44196	0.76375	0.11542	-0.052506	-0.28024	-0.549	-0.77617	35.484
635.37	-1.2146	-1.1176	-1.1769	-1.2823	-1.2548	-1.2705	-1.252	-1.1711	-1.1211	-1.1421	-0.70541	-1.0877	-1.0906	-1.226	-1.3239	-1.3866	-0.51308	0.02178	0.86456	1.0855	1.0863	0.91534	0.66422	0.43504	0.76085	0.075869	-0.068059	-0.30022	-0.61066	-0.89127	35.047
638.39	-1.284	-1.3768	-1.1784	-1.2201	-1.2541	-1.2899	-1.2372	-1.206	-1.0815	-1.0869	-0.63885	-1.1072	-1.062	-1.2682	-1.3177	-1.1075	-0.47917	0.052538	0.86277	1.0804	1.0931	0.89358	0.63513	0.41138	0.7505	0.073163	-0.10032	-0.32525	-0.63429	-0.90378	34.725
639.91	-1.2177	-1.3467	-1.0622	-1.2429	-1.2773	-1.2691	-1.1806	-1.1201	-1.0264	-1.0446	-0.61106	-1.1538	-0.98918	-1.4807	-1.3659	-1.2779	-0.41039	0.11142	0.87916	1.0929	1.0786	0.88651	0.65951	0.39844	0.73525	0.070646	-0.07222	-0.29809	-0.62317	-0.89688	34.389
644.66	-1.2134	-1.3035	-1.1904	-1.2708	-1.3069	-1.2246	-1.1763	-1.0435	-1.003	-1.0024	-0.5622	-1.0232	-0.9354	-1.2084	-1.2539	-0.9496	-0.40257	0.14116	0.89782	1.0823	1.1038	0.87504	0.66633	0.3955	0.73652	0.077104	-0.071688	-0.2697	-0.5947	-0.82874	34.135
645.95	-1.0021	-1.0395	-1.3051	-1.356	-1.2783	-1.1871	-1.1075	-1.0297	-0.97386	-0.99305	-0.5767	-1.1186	-1.0031	-1.2059	-1.2768	-1.1191	-0.36826	0.15866	0.91198	1.0876	1.0851	0.87821	0.65334	0.40657	0.75061	0.10015	-0.062341	-0.2757	-0.56254	-0.80819	33.847
644.23	-1.0164	-1.1112	-1.2006	-1.223	-1.1908	-1.1375	-1.0528	-0.99001	-0.92658	-0.97351	-0.54692	-0.92612	-1.1221	-1.3043	-1.0254	-1.073	-0.28525	0.19731	0.9533	1.1353	1.0975	0.89783	0.63406	0.4029	0.71695	0.070173	-0.053285	-0.28299	-0.57599	-0.79141	33.578
645.52	-1.0446	-1.1643	-1.1584	-1.1951	-1.1625	-1.08	-1.0418	-0.99978	-0.96546	-0.97402	-0.55885	-1.0462	-1.027	-1.3966	-1.176	-1.0463	-0.27271	0.20709	0.93313	1.0958	1.0811	0.85911	0.6188	0.34987	0.71551	0.04217	-0.076196	-0.31294	-0.62252	-0.8489	33.363
643.58	-1.1223	-1.1212	-1.183	-1.1315	-1.1192	-1.0758	-1.0227	-0.96504	-0.9593	-0.97696	-0.53963	-1.0738	-0.91369	-1.3532	-1.1795	-1.0249	-0.25912	0.25618	0.94282	1.1265	1.082	0.86911	0.62534	0.36521	0.70204	0.049282	-0.083351	-0.29421	-0.64831	-0.87517	33.123
637.1	-1.0984	-1.173	-1.0005	-1.1219	-1.0728	-1.0867	-1.0196	-0.96771	-0.96217	-0.947	-0.51872	-1.0353	-0.89944	-1.2467	-1.1657	-1.085	-0.24477	0.27425	0.98709	1.143	1.0906	0.85799	0.61043	0.36171	0.72722	0.03802	-0.11686	-0.35021	-0.66215	-0.92238	32.912
630.4	-1.1885	-1.1968	-1.083	-1.0533	-1.0948	-1.0905	-1.0214	-0.99244	-0.9469	-0.95202	-0.50289	-0.84652	-0.95655	-1.0898	-1.1	-0.87074	-0.19832	0.28237	0.99758	1.145	1.107	0.85199	0.59542	0.34854	0.73495	0.026535	-0.11574	-0.35393	-0.63745	-0.92492	32.667
619.81	-1.1508	-1.2034	-1.0601	-0.99666	-1.0703	-1.2058	-1.0665	-1.029	-0.99372	-1.0324	-0.58203	-1.115	-0.99708	-1.2568	-1.2512	-1.2428	-0.25409	0.266	0.98372	1.1413	1.0742	0.85885	0.58859	0.34708	0.7081	-0.021377	-0.13689	-0.335	-0.62599	-0.90134	32.348
609	-1.0851	-1.1566	-1.0541	-1.0805	-1.0729	-1.0916	-1.0596	-1.0173	-1.0497	-1.0663	-0.56474	-1.0831	-0.89172	-1.5307	-1.1386	-0.74551	-0.24845	0.28421	0.98425	1.1431	1.0983	0.81671	0.57679	0.29286	0.69001	-0.038986	-0.14665	-0.37099	-0.68259	-0.91484	32.132
601	-1.0621	-1.1102	-1.1209	-1.1024	-1.0816	-1.0685	-1.0714	-1.0562	-1.0686	-1.0832	-0.60304	-1.2023	-1.1031	-1.5511	-1.1811	-1.1502	-0.25433	0.28799	0.99	1.1396	1.0799	0.79586	0.54941	0.28401	0.69203	-0.044495	-0.19805	-0.38295	-0.68144	-0.89149	31.886
596.67	-1.0171	-1.0846	-1.1037	-1.1154	-1.0866	-1.0654	-1.0791	-1.0791	-1.0567	-1.0804	-0.63843	-1.0791	-0.93525	-1.434	-1.2447	-1.1055	-0.24321	0.29008	0.9873	1.1318	1.0622	0.81761	0.54077	0.27323	0.67779	-0.049839	-0.18454	-0.38573	-0.66059	-0.83915	31.567
592.56	-0.98364	-1.0608	-1.0629	-1.0828	-1.0913	-1.0837	-1.1349	-1.0763	-1.0838	-1.1067	-0.64569	-1.1663	-0.99236	-1.599	-1.2256	-0.97972	-0.23969	0.31702	1.0066	1.1532	1.0773	0.81256	0.55977	0.25703	0.70189	-0.045129	-0.18332	-0.37891	-0.6418	-0.81923	31.257
592.56	-0.86223	-0.95698	-1.0042	-1.0652	-1.0659	-1.0755	-1.1156	-1.0609	-1.0591	-1.0611	-0.62015	-1.1397	-0.94174	-1.599	-1.198	-1.1932	-0.19272	0.35858	1.0265	1.1775	1.0876	0.80988	0.57248	0.29064	0.70189	-0.03248	-0.17329	-0.34329	-0.5457	-0.73428	30.991
598.19	-0.83407	-0.90493	-0.93158	-1.0402	-1.0531	-1.0383	-1.0142	-1.0408	-1.0321	-1.0431	-0.59464	-0.89211	-1.0081	-1.5584	-1.1043	-0.89118	-0.11338	0.40735	1.0513	1.1798	1.108	0.83148	0.55702	0.2751	0.69769	-0.019646	-0.12197	-0.32359	-0.52513	-0.66617	30.602
602.3	-0.8234	-0.818	-0.9679	-1.0157	-1.0209	-1.0554	-1.0144	-0.97572	-0.96683	-0.97534	-0.52636	-0.96444	-1.0261	-1.3442	-1.1241	-0.96388	-0.066402	0.44273	1.0808	1.1878	1.0726	0.83371	0.57072	0.30884	0.70485	-0.014532	-0.11867	-0.3097	-0.51387	-0.70974	30.296
613.11	-0.70619	-0.74057	-0.9163	-1.0489	-0.9865	-0.99722	-1.0059	-0.96594	-0.93787	-0.94518	-0.5061	-0.99878	-0.91018	-1.3705	-0.86324	-0.79213	-0.037495	0.45367	1.0521	1.1799	1.0487	0.79828	0.53364	0.2759	0.67133	-0.016719	-0.15294	-0.31801	-0.52489	-0.67483	29.945
630.4	-0.732	-0.75657	-0.86958	-1.0438	-1.0178	-0.95959	-0.96011	-0.91535	-0.91446	-0.90917	-0.51356	-0.84652	-0.909	-1.4058	-0.94375	-0.9209	-0.016847	0.46987	1.035	1.1373	1.003	0.76126	0.4999	0.22458	0.62785	-0.040038	-0.14874	-0.31375	-0.52026	-0.6539	29.589
644.23	-0.821	-0.84026	-0.8251	-0.99828	-0.92846	-0.92393	-0.92175	-0.88628	-0.8699	-0.902	-0.45816	-0.90167	-0.88949	-1.233	-0.99993	-0.7784	-0.0092857	0.4445	0.98532	1.0656	0.94592	0.69067	0.4401	0.20074	0.56755	-0.088042	-0.18246	-0.34633	-0.55449	-0.72038	29.238
658.9	-0.98015	-0.97786	-0.87098	-0.90809	-0.92302	-0.86159	-0.86648	-0.86193	-0.81505	-0.85297	-0.45306	-0.92937	-1.0062	-1.1822	-0.77835	-0.68906	0.030808	0.45951	0.97455	1.0443	0.92022	0.64877	0.39374	0.17301	0.57235	-0.10655	-0.22575	-0.40482	-0.62623	-0.80851	28.951
672.06	-0.94089	-0.95445	-0.84043	-0.85034	-0.87258	-0.83268	-0.80908	-0.79534	-0.81648	-0.84337	-0.41416	-0.67693	-0.94186	-1.2047	-0.8364	-0.60499	0.060109	0.48471	0.96205	1.0048	0.88178	0.63843	0.38827	0.11947	0.5526	-0.14908	-0.24344	-0.3948	-0.60023	-0.81311	28.545
677.23	-0.97132	-1.0338	-0.83624	-0.83062	-0.86839	-0.82871	-0.80501	-0.79823	-0.77789	-0.8205	-0.40107	-0.78799	-0.8904	-1.1955	-0.6603	-0.64707	0.10302	0.52222	0.9634	1.0137	0.84576	0.59602	0.35418	0.12082	0.5208	-0.15236	-0.24378	-0.42503	-0.64564	-0.81591	28.223
675.72	-0.92026	-0.96198	-0.8851	-0.74413	-0.82327	-0.80901	-0.77928	-0.77754	-0.78179	-0.79882	-0.37459	-0.74316	-0.80367	-1.2208	-0.73469	-0.46128	0.15816	0.5574	0.95465	1.0065	0.85216	0.58324	0.33715	0.093876	0.51772	-0.15936	-0.24652	-0.41557	-0.6448	-0.81096	27.886
670.12	-0.83848	-0.88891	-0.87896	-0.77708	-0.7877	-0.79886	-0.79648	-0.77045	-0.75999	-0.76757	-0.34008	-0.77287	-0.85512	-1.2311	-0.74084	-0.55952	0.18024	0.57431	0.97803	1.0245	0.85701	0.57153	0.33997	0.096949	0.51776	-0.14056	-0.26411	-0.39175	-0.58819	-0.73124	27.622
661.27	-0.93583	-0.88133	-0.84727	-0.83261	-0.79824	-0.8071	-0.80064	-0.77616	-0.77457	-0.75141	-0.3904	-0.83079	-0.91189	-1.2012	-0.52729	-0.66268	0.19669	0.58199	0.99334	1.043	0.85463	0.59359	0.34907	0.10288	0.53554	-0.15604	-0.24517	-0.39486	-0.5751	-0.72949	27.31
647.25	-0.90285	-0.88054	-0.81657	-0.82529	-0.80519	-0.81709	-0.78263	-0.76247	-0.7733	-0.78488	-0.37548	-0.8488	-0.93165	-1.2035	-0.76701	-0.6526	0.2105	0.60475	1.008	1.0186	0.85194	0.58681	0.32407	0.10037	0.52718	-0.14553	-0.21604	-0.37515	-0.56141	-0.73351	27.006
639.47	-0.82475	-0.80847	-0.78394	-0.83532	-0.83068	-0.81437	-0.7899	-0.76936	-0.80554	-0.80684	-0.3853	-0.83451	-0.94298	-1.1942	-0.59661	-0.48742	0.25174	0.65061	1.0502	1.0786	0.90046	0.60637	0.35626	0.11597	0.54482	-0.11682	-0.23725	-0.36431	-0.53213	-0.67563	26.733
632.13	-0.64464	-0.79297	-0.77391	-0.79545	-0.79003	-0.83407	-0.81266	-0.78791	-0.78486	-0.79108	-0.3685	-0.89401	-0.88279	-1.2808	-0.70741	-0.51811	0.28157	0.69193	1.0904	1.1114	0.90851	0.6109	0.35802	0.12701	0.54206	-0.11106	-0.20475	-0.33515	-0.47258	-0.60385	26.474
622.19	-0.62602	-0.68608	-0.74739	-0.80576	-0.85914	-0.8552	-0.81644	-0.8005	-0.80914	-0.85479	-0.39871	-0.6553	-0.96917	-1.2766	-0.74511	-0.57722	0.30594	0.6766	1.0747	1.0853	0.89116	0.61555	0.32987	0.12165	0.56457	-0.12007	-0.18892	-0.33372	-0.45539	-0.58898	26.165
618.95	-0.68743	-0.74977	-0.74398	-0.84374	-0.84201	-0.84137	-0.82534	-0.81942	-0.79921	-0.83873	-0.40895	-0.88761	-0.90159	-1.3328	-0.56335	-0.60578	0.31004	0.71197	1.0898	1.0988	0.87364	0.58541	0.33403	0.082682	0.54896	-0.14734	-0.21391	-0.35138	-0.47767	-0.60932	25.887
617.65	-0.69372	-0.74671	-0.75778	-0.85276	-0.83835	-0.81432	-0.86182	-0.83343	-0.83874	-0.80705	-0.34446	-1.0424	-0.90348	-1.5093	-0.61769	-0.47906	0.32321	0.74802	1.0802	1.0959	0.88288	0.57378	0.33717	0.075415	0.54313	-0.14765	-0.22399	-0.34073	-0.5011	-0.62047	25.602
616.14	-0.74895	-0.80659	-0.80136	-0.85001	-0.85128	-0.84521	-0.85465	-0.82808	-0.78389	-0.83224	-0.38352	-0.86612	-0.83274	-1.3638	-0.67252	-0.40323	0.31648	0.72321	1.0757	1.083	0.87267	0.55713	0.32333	0.065654	0.53514	-0.16261	-0.25107	-0.35299	-0.52731	-0.66656	25.278
616.57	-0.77273	-0.81762	-0.82042	-0.83247	-0.82897	-0.78949	-0.83085	-0.78809	-0.7786	-0.81104	-0.37234	-0.78894	-1.0023	-1.2634	-0.64541	-0.30033	0.32879	0.71472	1.0821	1.0666	0.87206	0.54128	0.27916	0.04324	0.52312	-0.18194	-0.28463	-0.39382	-0.53692	-0.68094	25.004
618.95	-0.75281	-0.78675	-0.80505	-0.77863	-0.79063	-0.77077	-0.73983	-0.78016	-0.76853	-0.78226	-0.34102	-0.81132	-0.90159	-1.2338	-0.69597	-0.47805	0.37998	0.72788	1.0993	1.0625	0.85393	0.56231	0.26106	0.043074	0.50486	-0.21999	-0.30755	-0.41731	-0.55724	-0.69065	24.719
622.62	-0.75078	-0.81427	-0.81973	-0.76924	-0.74834	-0.72723	-0.75844	-0.73653	-0.72646	-0.71895	-0.27419	-0.80654	-0.87221	-1.0297	-0.34911	-0.22123	0.40257	0.76578	1.1094	1.0769	0.86849	0.54368	0.2571	0.032977	0.51111	-0.21387	-0.32721	-0.43067	-0.55642	-0.69882	24.43
628.46	-0.74858	-0.7498	-0.77362	-0.78585	-0.73872	-0.76168	-0.7605	-0.72969	-0.69414	-0.70975	-0.27967	-0.77401	-0.76869	-1.2883	-0.45035	-0.44564	0.42097	0.77956	1.0804	1.072	0.82401	0.51841	0.23076	-0.018529	0.46522	-0.25959	-0.336	-0.42219	-0.5733	-0.66563	24.095
637.53	-0.69325	-0.72118	-0.68434	-0.76764	-0.72034	-0.73307	-0.71827	-0.62878	-0.66135	-0.68221	-0.27305	-0.81238	-0.68724	-1.2459	-0.52119	-0.31527	0.4271	0.78392	1.0326	1.0467	0.78836	0.46618	0.21803	-0.030282	0.44734	-0.23944	-0.30791	-0.41177	-0.55066	-0.62027	23.835
645.95	-0.64477	-0.67856	-0.67074	-0.71143	-0.69799	-0.69344	-0.66461	-0.61588	-0.60524	-0.6438	-0.25387	-0.75305	-0.70147	-1.0873	-0.5398	-0.2622	0.46222	0.80166	1.0534	1.0007	0.77808	0.44042	0.20353	-0.025143	0.43706	-0.21079	-0.28779	-0.37373	-0.49582	-0.60037	23.515
654.15	-0.61148	-0.61757	-0.63921	-0.67741	-0.66366	-0.66496	-0.61036	-0.58262	-0.60212	-0.61387	-0.19156	-0.57513	-0.66977	-1.0737	-0.23188	-0.23473	0.50606	0.80917	1.0312	0.98574	0.73801	0.44219	0.18257	-0.038883	0.43377	-0.23106	-0.28872	-0.37549	-0.4802	-0.55787	23.195
665.8	-0.57376	-0.58528	-0.59851	-0.62969	-0.6244	-0.63387	-0.59968	-0.59067	-0.57622	-0.62222	-0.22104	-0.51779	-0.95071	-0.96287	-0.32646	-0.30188	0.48791	0.76296	0.99985	0.95164	0.70906	0.41297	0.15676	-0.047405	0.42187	-0.22927	-0.28144	-0.37104	-0.44174	-0.50458	22.899
674.86	-0.51498	-0.58378	-0.56359	-0.59913	-0.55898	-0.56541	-0.58527	-0.54899	-0.57498	-0.61151	-0.18568	-0.76744	-0.73806	-1.0862	-0.3464	-0.22753	0.4974	0.80381	1.0104	0.95787	0.7018	0.40508	0.16135	-0.051312	0.41195	-0.22397	-0.26885	-0.34104	-0.42897	-0.48198	22.554
681.33	-0.52109	-0.53415	-0.5649	-0.5562	-0.55122	-0.55292	-0.57971	-0.56384	-0.60169	-0.59172	-0.2086	-0.69084	-0.81905	-0.85097	-0.36721	-0.20217	0.48587	0.77208	0.98356	0.92525	0.6638	0.36392	0.12668	-0.05982	0.3975	-0.24165	-0.27503	-0.35432	-0.42264	-0.48636	22.253
686.07	-0.4869	-0.50544	-0.53455	-0.53713	-0.52058	-0.53258	-0.55069	-0.57987	-0.57198	-0.55984	-0.17775	-0.50249	-0.90079	-0.9791	-0.46038	-0.085517	0.51632	0.77392	0.97462	0.90951	0.66588	0.36836	0.11264	-0.066107	0.39894	-0.22031	-0.27529	-0.36418	-0.40178	-0.46966	21.993
686.93	-0.48192	-0.53188	-0.51627	-0.48866	-0.52236	-0.50599	-0.53542	-0.54377	-0.49683	-0.55914	-0.16038	-0.66228	-0.89966	-0.91095	-0.5076	-0.016339	0.55618	0.81119	0.99913	0.90603	0.68947	0.3702	0.14098	-0.037028	0.41308	-0.20913	-0.27711	-0.34119	-0.41023	-0.51793	21.672
686.71	-0.48862	-0.52788	-0.4856	-0.5388	-0.48353	-0.50851	-0.53559	-0.54173	-0.52251	-0.48528	-0.10411	-0.54786	-0.76897	-0.84429	-0.14918	0.0066941	0.59687	0.85926	0.99086	0.92499	0.6497	0.36801	0.11253	-0.081663	0.3902	-0.23102	-0.26854	-0.34539	-0.42157	-0.47366	21.341
684.34	-0.49032	-0.52344	-0.51822	-0.5145	-0.51944	-0.50554	-0.53326	-0.51919	-0.49871	-0.51482	-0.099554	-0.50376	-0.77163	-0.86961	-0.29362	0.029813	0.60798	0.84064	0.97922	0.87899	0.64527	0.34607	0.082122	-0.095379	0.37266	-0.23182	-0.28901	-0.37127	-0.42528	-0.50428	21.049
681.97	-0.43927	-0.51477	-0.48898	-0.49878	-0.53597	-0.50967	-0.50785	-0.4965	-0.43832	-0.46769	-0.087572	-0.57476	-0.92817	-0.7603	-0.46315	0.029917	0.64409	0.85319	0.99127	0.86324	0.62291	0.31466	0.077992	-0.10021	0.38448	-0.23922	-0.29873	-0.36224	-0.40193	-0.45906	20.763
678.09	-0.44842	-0.46497	-0.49401	-0.51263	-0.52423	-0.50781	-0.48122	-0.44335	-0.42575	-0.46334	-0.070713	-0.57805	-1.0219	-0.69685	-0.22369	0.030088	0.64322	0.86292	1.0035	0.88946	0.60847	0.30474	0.058458	-0.10304	0.37397	-0.25606	-0.30044	-0.35809	-0.37246	-0.45719	20.467
669.9	-0.50089	-0.49201	-0.53165	-0.5746	-0.52814	-0.53335	-0.46361	-0.50318	-0.50074	-0.52355	-0.1971	-0.60863	-1.2358	-1.0027	-0.22643	-0.087581	0.6557	0.84651	0.95635	0.86204	0.57492	0.2895	0.027709	-0.14089	0.33781	-0.28604	-0.30634	-0.38767	-0.42526	-0.46733	20.146
662.78	-0.50853	-0.53615	-0.54192	-0.5515	-0.51866	-0.47803	-0.49233	-0.48567	-0.48187	-0.51958	-0.19668	-0.90018	-1.136	-0.85167	-0.27839	0.0785	0.63242	0.85808	0.95106	0.84952	0.57419	0.25186	0.00075114	-0.15628	0.33276	-0.28233	-0.33429	-0.40882	-0.43911	-0.50687	19.879
652.64	-0.49346	-0.54009	-0.52485	-0.52805	-0.45749	-0.47058	-0.47149	-0.46064	-0.51622	-0.50331	-0.26931	-1.0106	-1.3603	-1.0292	-0.30788	-0.065679	0.62567	0.87896	0.96809	0.86272	0.55975	0.23873	0.01691	-0.17044	0.34454	-0.31887	-0.34631	-0.38067	-0.41764	-0.48203	19.558
640.99	-0.47438	-0.51198	-0.48958	-0.48643	-0.4632	-0.43621	-0.46891	-0.49981	-0.46863	-0.52486	-0.27158	-1.0045	-1.502	-1.1197	-0.28786	0.10585	0.6491	0.88214	0.9834	0.85089	0.56754	0.22324	-0.013316	-0.19984	0.31719	-0.31064	-0.36884	-0.39857	-0.43724	-0.48841	19.281
632.78	-0.49237	-0.52314	-0.47203	-0.47387	-0.46921	-0.45721	-0.44786	-0.4679	-0.46317	-0.6095	-0.31497	-1.0424	-1.4504	-1.2553	-0.39539	-0.042739	0.63309	0.8858	0.9752	0.84419	0.5508	0.23618	-0.020625	-0.20243	0.32584	-0.29098	-0.34544	-0.40374	-0.43561	-0.47546	18.974
625.43	-0.45741	-0.46296	-0.46065	-0.4699	-0.46937	-0.43412	-0.40966	-0.4224	-0.44992	-0.55315	-0.2622	-1.0294	-1.5873	-1.221	-0.40003	-0.068536	0.69738	0.9277	1.0243	0.88231	0.5719	0.25166	-0.013648	-0.19256	0.34345	-0.32556	-0.34237	-0.38374	-0.44319	-0.47861	18.713
625.43	-0.45502	-0.48811	-0.45582	-0.4699	-0.42923	-0.42118	-0.43482	-0.39569	-0.47094	-0.5811	-0.37513	-1.256	-1.755	-1.123	-0.26879	-0.043241	0.68996	0.91458	1.0079	0.85411	0.54995	0.21101	-0.037719	-0.20726	0.32508	-0.31836	-0.36376	-0.41299	-0.41612	-0.45422	18.396
631.91	-0.39817	-0.41746	-0.44396	-0.43673	-0.40894	-0.38868	-0.38056	-0.42047	-0.43143	-0.53491	-0.4112	-1.1933	-1.9268	-1.2812	-0.39593	0.0072746	0.71224	0.91299	0.98819	0.86565	0.53948	0.20885	-0.049244	-0.20513	0.33538	-0.31747	-0.3271	-0.39762	-0.38993	-0.42301	18.099
640.55	-0.38344	-0.40736	-0.3766	-0.40056	-0.35117	-0.37081	-0.35086	-0.4148	-0.41649	-0.54754	-0.50017	-1.3246	-1.971	-1.3596	-0.31369	-0.11627	0.69539	0.93399	0.97947	0.84145	0.50839	0.18867	-0.043878	-0.2215	0.3174	-0.31085	-0.31805	-0.3615	-0.37987	-0.38158	17.766
655.88	-0.3242	-0.35204	-0.33092	-0.33431	-0.33275	-0.29798	-0.34921	-0.32406	-0.36667	-0.56381	-0.55771	-1.0776	-1.6279	-1.0475	-0.28132	0.15167	0.7145	0.93469	0.99926	0.82668	0.5314	0.19395	-0.029081	-0.18596	0.32094	-0.27845	-0.29703	-0.32301	-0.3311	-0.36103	17.464
670.55	-0.32605	-0.34434	-0.31691	-0.33367	-0.28305	-0.32043	-0.32023	-0.3283	-0.3739	-0.60597	-0.61072	-1.1245	-1.7711	-1.276	-0.2507	-0.063925	0.68504	0.88732	0.95763	0.81816	0.48565	0.19445	-0.050897	-0.1956	0.30535	-0.27012	-0.26394	-0.31805	-0.31468	-0.33039	17.137
684.56	-0.28653	-0.30177	-0.28171	-0.28106	-0.29925	-0.29968	-0.30323	-0.33711	-0.35558	-0.6423	-0.60805	-1.2395	-1.7786	-1.1827	-0.14965	-0.039506	0.6665	0.89074	0.966	0.81782	0.498	0.18119	-0.043255	-0.17369	0.32218	-0.25802	-0.27373	-0.30332	-0.27226	-0.29466	16.86
698.35	-0.22721	-0.26508	-0.248	-0.26696	-0.28616	-0.27522	-0.30339	-0.28913	-0.32973	-0.67285	-0.64661	-1.4179	-1.7435	-1.2691	-0.33475	0.051848	0.63785	0.86375	0.91107	0.76263	0.48379	0.14348	-0.05318	-0.18342	0.30553	-0.24005	-0.29812	-0.28927	-0.28672	-0.28884	16.587
702.65	-0.20876	-0.22071	-0.19914	-0.24834	-0.24868	-0.24359	-0.21602	-0.24629	-0.34018	-0.72073	-0.66658	-1.2076	-1.6048	-1.1522	-0.21587	-0.038489	0.66034	0.87715	0.90129	0.77394	0.45478	0.16521	-0.035717	-0.17794	0.32002	-0.25138	-0.23496	-0.25746	-0.2324	-0.24148	16.25
701.36	-0.23051	-0.21907	-0.234	-0.26795	-0.23482	-0.22096	-0.23478	-0.25324	-0.36164	-0.75603	-0.73735	-1.2996	-1.7574	-1.0888	-0.16946	-0.061117	0.69683	0.89281	0.93236	0.79822	0.45779	0.17231	-0.055101	-0.18482	0.28988	-0.26894	-0.25658	-0.25994	-0.24599	-0.2354	15.917
701.79	-0.21542	-0.24136	-0.23817	-0.25077	-0.19652	-0.23697	-0.23667	-0.27256	-0.43635	-0.82348	-0.71533	-1.1417	-1.8204	-1.0663	-0.21614	0.09668	0.68759	0.87355	0.91289	0.76575	0.46185	0.14052	-0.057211	-0.17597	0.31836	-0.24955	-0.2543	-0.26379	-0.2283	-0.22656	15.66
699.21	-0.20335	-0.25657	-0.2304	-0.21754	-0.23076	-0.22396	-0.24982	-0.25185	-0.47557	-0.84925	-0.69873	-1.3711	-1.6985	-0.85113	-0.21694	0.16487	0.69013	0.88147	0.9247	0.7594	0.46138	0.13649	-0.072494	-0.18101	0.31132	-0.24833	-0.26162	-0.26074	-0.23354	-0.22958	15.322
690.81	-0.19064	-0.21207	-0.17848	-0.22019	-0.22872	-0.22668	-0.23215	-0.25491	-0.55537	-0.88947	-0.77539	-1.2738	-1.871	-1.1498	-0.12452	-0.039149	0.71418	0.87318	0.90608	0.76167	0.42283	0.13585	-0.09081	-0.22535	0.29223	-0.25352	-0.22608	-0.24965	-0.2141	-0.186	14.994
683.7	-0.20358	-0.21846	-0.18033	-0.22029	-0.19193	-0.20774	-0.21783	-0.25534	-0.58678	-0.94287	-0.7687	-1.4713	-1.8247	-1.1394	-0.1018	-0.016416	0.72387	0.90147	0.92628	0.77429	0.42945	0.13262	-0.082946	-0.20304	0.28897	-0.26712	-0.26538	-0.27694	-0.23884	-0.21694	14.666
680.9	-0.1758	-0.21095	-0.19218	-0.20148	-0.21484	-0.19195	-0.19772	-0.26308	-0.64283	-0.94442	-0.76445	-1.3617	-1.8102	-1.0991	-0.17455	0.21576	0.74501	0.92446	0.94091	0.76805	0.44018	0.11683	-0.085499	-0.21288	0.2986	-0.244	-0.25338	-0.24915	-0.20366	-0.19318	14.419
674.65	-0.133	-0.19806	-0.18948	-0.19007	-0.19451	-0.20332	-0.18471	-0.31054	-0.65528	-1.0026	-0.77153	-1.351	-1.7381	-0.92754	-0.34651	0.33496	0.76108	0.9379	0.93216	0.73952	0.442	0.10143	-0.092986	-0.21485	0.30349	-0.24626	-0.26453	-0.23686	-0.19642	-0.24698	14.091
667.53	-0.1883	-0.22803	-0.16658	-0.2301	-0.21413	-0.22246	-0.21025	-0.3093	-0.74105	-1.0157	-0.78983	-1.4362	-1.6443	-1.144	-0.15347	0.24378	0.75993	0.94543	0.9134	0.76902	0.41243	0.088227	-0.10976	-0.25387	0.28951	-0.27808	-0.27626	-0.26468	-0.21235	-0.21305	13.789
665.37	-0.16639	-0.19007	-0.1603	-0.21739	-0.21734	-0.19399	-0.19588	-0.38106	-0.78517	-1.0285	-0.82778	-1.3225	-1.8299	-1.1477	-0.1046	0.22079	0.76937	0.95097	0.91857	0.75705	0.41606	0.0909	-0.10107	-0.25009	0.27966	-0.27898	-0.26599	-0.23593	-0.2061	-0.1633	13.471
663.43	-0.18043	-0.20357	-0.17217	-0.23827	-0.21293	-0.18481	-0.19429	-0.41423	-0.81389	-1.0363	-0.86315	-1.4688	-1.5867	-1.2897	-0.055421	0.078424	0.78327	0.96365	0.91682	0.74476	0.38509	0.055247	-0.12179	-0.26929	0.25666	-0.30239	-0.29588	-0.24086	-0.2183	-0.17068	13.153
662.78	-0.15121	-0.20808	-0.18602	-0.21824	-0.18536	-0.15812	-0.19017	-0.43296	-0.81027	-1.0685	-0.82086	-1.3277	-1.7918	-0.96726	-0.080254	0.22165	0.79803	0.92991	0.92439	0.72372	0.39697	0.064888	-0.16733	-0.26724	0.25907	-0.28233	-0.28945	-0.27719	-0.17207	-0.18696	12.916
665.16	-0.19574	-0.21594	-0.20582	-0.19727	-0.19476	-0.20379	-0.2239	-0.50677	-0.87766	-1.0957	-0.81541	-1.4413	-1.6502	-1.1481	-0.12933	0.07822	0.8068	0.94634	0.89008	0.71149	0.35199	0.050325	-0.169	-0.29163	0.24735	-0.30837	-0.28618	-0.25928	-0.20847	-0.19087	12.552
670.33	-0.16739	-0.20147	-0.15912	-0.14676	-0.19576	-0.16841	-0.1987	-0.50739	-0.82076	-1.0588	-0.78151	-1.1953	-1.7046	-0.75063	-0.030373	0.28994	0.81902	0.93903	0.90299	0.70121	0.35609	0.040459	-0.17219	-0.27109	0.25402	-0.27692	-0.25737	-0.25307	-0.17472	-0.20761	12.265
672.7	-0.16235	-0.18588	-0.097866	-0.20171	-0.16521	-0.13414	-0.22139	-0.5372	-0.82438	-1.0457	-0.78376	-1.4953	-1.498	-0.74799	-0.030266	0.26542	0.81154	0.94548	0.89323	0.69159	0.3503	0.0048904	-0.15815	-0.28152	0.25525	-0.2804	-0.28076	-0.22917	-0.16267	-0.16606	11.992
677.66	-0.1324	-0.15707	-0.14624	-0.19143	-0.14919	-0.1236	-0.21132	-0.58034	-0.85499	-1.0521	-0.72591	-1.1824	-1.5976	-0.76513	-0.030045	0.45015	0.8056	0.92161	0.86061	0.65813	0.32523	0.0071977	-0.17477	-0.28173	0.25763	-0.28055	-0.26774	-0.23788	-0.20236	-0.17835	11.644
684.13	-0.1443	-0.16395	-0.18022	-0.15471	-0.15022	-0.15556	-0.24278	-0.60149	-0.84905	-1.0723	-0.71413	-1.0792	-1.5387	-0.66832	0.042235	0.26099	0.82737	0.9081	0.86109	0.66129	0.30655	0.0048087	-0.19732	-0.29474	0.24469	-0.2779	-0.25001	-0.23152	-0.1622	-0.15214	11.341
686.28	-0.16132	-0.17178	-0.12016	-0.12596	-0.12537	-0.11733	-0.29413	-0.61731	-0.85064	-1.0574	-0.72904	-1.2364	-1.4247	-0.66622	0.1378	0.37539	0.82477	0.90046	0.83906	0.62884	0.29447	-0.0021518	-0.21425	-0.28935	0.23137	-0.27266	-0.25355	-0.24925	-0.16169	-0.18722	11.043
689.52	-0.14317	-0.16475	-0.13715	-0.1535	-0.13934	-0.12617	-0.2969	-0.62763	-0.8636	-1.0432	-0.70855	-1.2534	-1.3963	-0.70754	0.23236	0.37363	0.81193	0.901	0.82017	0.61659	0.27097	-0.041312	-0.22198	-0.31021	0.22195	-0.28877	-0.29331	-0.23787	-0.17433	-0.14874	10.71
694.9	-0.155	-0.15112	-0.14479	-0.17594	-0.11899	-0.14848	-0.30283	-0.66648	-0.88214	-1.0488	-0.70064	-0.94919	-1.5149	-0.81231	0.18334	0.34796	0.83011	0.87985	0.79686	0.58874	0.24472	-0.038705	-0.25709	-0.33648	0.20783	-0.30811	-0.26966	-0.26235	-0.16412	-0.16075	10.443
697.48	-0.15013	-0.15261	-0.13775	-0.11751	-0.16174	-0.14793	-0.33453	-0.69449	-0.86002	-1.0586	-0.71975	-0.99081	-1.4233	-0.52371	0.017902	0.32399	0.82482	0.87188	0.79179	0.56587	0.22413	-0.068173	-0.24319	-0.32425	0.20912	-0.32416	-0.26226	-0.25533	-0.18557	-0.16453	10.125
699.64	-0.12824	-0.16645	-0.10706	-0.15768	-0.13493	-0.12203	-0.37848	-0.65545	-0.86572	-1.0258	-0.64061	-1.1003	-1.2904	-0.34691	0.15862	0.59424	0.82007	0.89735	0.79357	0.55725	0.22562	-0.095213	-0.2532	-0.32763	0.20847	-0.2996	-0.2742	-0.25655	-0.13221	-0.16621	9.8271
703.73	-0.09981	-0.11467	-0.080659	-0.11435	-0.10323	-0.11442	-0.39661	-0.69912	-0.87315	-1.0244	-0.65123	-1.161	-1.2829	-0.49728	0.1577	0.52338	0.8219	0.87814	0.75755	0.53122	0.20263	-0.094659	-0.24959	-0.34096	0.1991	-0.29359	-0.27472	-0.21707	-0.16206	-0.14356	9.479
705.88	-0.080395	-0.089999	-0.11254	-0.10554	-0.10766	-0.10949	-0.38932	-0.71635	-0.83944	-1.001	-0.61589	-0.91211	-1.2789	-0.257	0.18049	0.58898	0.86319	0.88709	0.77611	0.52279	0.19553	-0.083117	-0.25949	-0.30519	0.20866	-0.28633	-0.26125	-0.2184	-0.12014	-0.15177	9.2166
705.88	-0.10587	-0.11837	-0.11683	-0.094973	-0.11003	-0.11637	-0.39945	-0.71205	-0.856	-1.0078	-0.57777	-0.8898	-1.2153	-0.43066	0.3898	0.43216	0.87633	0.88011	0.75524	0.51143	0.17176	-0.09662	-0.27655	-0.33558	0.19645	-0.2927	-0.26125	-0.22638	-0.1136	-0.13016	8.8787
704.8	-0.084769	-0.092165	-0.11057	-0.088767	-0.086455	-0.12803	-0.44471	-0.74546	-0.84694	-0.96873	-0.55718	-0.82417	-1.1959	-0.19218	0.34379	0.52258	0.89083	0.88146	0.75849	0.50994	0.16986	-0.094515	-0.27911	-0.33392	0.18453	-0.30803	-0.25743	-0.22273	-0.1225	-0.11954	8.5508
706.1	-0.073999	-0.1082	-0.041843	-0.073809	-0.057855	-0.13238	-0.47631	-0.68602	-0.83298	-0.93771	-0.52758	-0.95644	-0.93891	-0.30034	0.36642	0.61121	0.8695	0.90077	0.72371	0.50673	0.15442	-0.12809	-0.285	-0.3485	0.17605	-0.29473	-0.26117	-0.20837	-0.10266	-0.086913	8.2482
704.8	-0.067756	-0.090136	-0.050502	-0.061238	-0.05321	-0.1441	-0.48531	-0.72822	-0.83036	-0.94394	-0.50229	-0.95819	-0.94063	-0.040008	0.34379	0.81427	0.87109	0.89776	0.73758	0.46899	0.14605	-0.16214	-0.30047	-0.35131	0.18249	-0.30591	-0.27219	-0.21075	-0.13561	-0.10006	7.9911
699.21	-0.049006	-0.068354	-0.031442	-0.072401	-0.082358	-0.20544	-0.5117	-0.71016	-0.85999	-0.93104	-0.52315	-0.80825	-0.81955	-0.3252	0.65178	0.63986	0.87143	0.89556	0.69081	0.47045	0.11668	-0.18161	-0.31149	-0.40453	0.16135	-0.3255	-0.27225	-0.20841	-0.14109	-0.083406	7.6079
696.41	-0.042745	-0.068629	-0.044597	-0.046975	-0.094705	-0.19929	-0.49527	-0.73482	-0.85715	-0.93479	-0.50352	-0.76629	-0.82284	-0.10648	0.60725	0.61971	0.90601	0.86851	0.69359	0.44931	0.097431	-0.18919	-0.34733	-0.39515	0.15787	-0.30959	-0.30961	-0.22339	-0.099672	-0.079359	7.3407
692.75	-0.029987	-0.056598	-0.040468	-0.075231	-0.095206	-0.20268	-0.54125	-0.74747	-0.8891	-0.9512	-0.48191	-0.92941	-0.78392	-0.32823	0.58676	0.69148	0.90857	0.89443	0.67386	0.44011	0.078129	-0.19936	-0.33612	-0.41936	0.13175	-0.32854	-0.27907	-0.20426	-0.12464	-0.1018	7.0131
687.36	0.0024864	-0.036232	-0.0011891	-0.038909	-0.095952	-0.24901	-0.54133	-0.73565	-0.88969	-0.93322	-0.43431	-0.73057	-0.6156	-0.085603	0.49583	0.76592	0.91344	0.90144	0.67056	0.4249	0.074302	-0.20786	-0.34095	-0.4115	0.15995	-0.31585	-0.28558	-0.16697	-0.11218	-0.071527	6.7057
681.33	0.013509	-0.017659	-0.0056357	-0.03049	-0.091889	-0.27972	-0.56502	-0.77783	-0.85254	-0.92983	-0.43075	-0.62152	-0.84106	0.07106	0.50022	0.72627	0.93968	0.89256	0.6765	0.40748	0.048093	-0.22369	-0.37932	-0.41514	0.15504	-0.33845	-0.2663	-0.20975	-0.045404	-0.067683	6.3581
676.15	-0.0019036	-0.013561	-0.034751	-0.04176	-0.13715	-0.27708	-0.54395	-0.79726	-0.8461	-0.89465	-0.39673	-0.603	-0.93616	0.11694	0.64971	0.77862	0.93772	0.85811	0.66425	0.40111	0.034924	-0.24185	-0.40894	-0.42285	0.14985	-0.3366	-0.26614	-0.21552	-0.066238	-0.047896	6.0861
673.78	0.027007	-0.013609	0.018986	-0.026402	-0.15005	-0.27805	-0.5947	-0.74597	-0.81873	-0.8695	-0.37068	-0.65185	-0.53903	0.25379	0.70075	0.75788	0.9502	0.88549	0.64909	0.36921	0.021463	-0.27571	-0.3858	-0.45845	0.13546	-0.34446	-0.29575	-0.1933	-0.041344	-0.029952	5.7588
674.86	0.058061	0.0076103	0.025676	-0.044052	-0.14733	-0.28241	-0.57891	-0.77403	-0.84123	-0.87047	-0.32274	-0.51084	-0.64922	0.071741	0.69963	0.85039	0.94639	0.84516	0.62841	0.35436	0.0033453	-0.2682	-0.42088	-0.44864	0.14376	-0.35057	-0.2138	-0.20759	-0.045839	-0.043465	5.4567
681.11	0.050923	0.0075405	0.02544	-0.034882	-0.17792	-0.28219	-0.5988	-0.76916	-0.80777	-0.83915	-0.27533	-0.69106	-0.48922	0.22857	0.69321	0.8658	0.92636	0.83258	0.59236	0.31344	-0.036998	-0.30073	-0.42365	-0.44902	0.12767	-0.32095	-0.27948	-0.17676	-0.034119	-0.034109	5.1648
691.24	0.04801	0.023985	0.038193	-0.0646	-0.18741	-0.30615	-0.5921	-0.76009	-0.82764	-0.82686	-0.26887	-0.52152	-0.48205	0.24738	0.75428	1.0819	0.91726	0.81089	0.55597	0.28797	-0.029837	-0.30092	-0.43269	-0.45352	0.11541	-0.33142	-0.25604	-0.18028	-0.044753	0.010526	4.9031
701.79	0.07292	0.044008	0.041928	-0.038109	-0.18698	-0.29002	-0.59542	-0.71836	-0.75483	-0.77368	-0.20731	-0.60339	-0.43207	0.28732	0.71956	0.9755	0.90347	0.79869	0.56021	0.27679	-0.046776	-0.31904	-0.4176	-0.45107	0.10549	-0.33712	-0.26277	-0.15952	-0.017763	0.010368	4.5509
716.86	0.079749	0.065035	0.017845	-0.031062	-0.16438	-0.30199	-0.55497	-0.71598	-0.74304	-0.73747	-0.20765	-0.43699	-0.48572	0.28129	0.79604	0.84469	0.88017	0.72923	0.49911	0.24413	-0.081969	-0.31676	-0.44242	-0.45441	0.1173	-0.34049	-0.22616	-0.14832	0.0040806	0.037813	4.2442
726.54	0.08694	0.062199	0.036338	-0.028593	-0.19904	-0.29128	-0.51017	-0.68553	-0.70298	-0.71234	-0.1447	-0.45285	-0.37609	0.50951	0.80804	0.89875	0.86206	0.70144	0.47421	0.20998	-0.097673	-0.33878	-0.44896	-0.45469	0.11178	-0.35246	-0.24564	-0.17346	-0.012921	0.014214	3.9023
733.42	0.10452	0.085021	0.044243	-0.064954	-0.21087	-0.32165	-0.5639	-0.6791	-0.68444	-0.67317	-0.12041	-0.29835	-0.16819	0.52564	0.71091	0.84719	0.84343	0.67919	0.45168	0.16865	-0.11964	-0.3616	-0.46117	-0.46505	0.083314	-0.3328	-0.24942	-0.13154	0.04176	0.036959	3.6108
736.42	0.095948	0.084674	0.064595	-0.068742	-0.20319	-0.30935	-0.5344	-0.64333	-0.67371	-0.64237	-0.1085	-0.25436	-0.045383	0.33623	0.81947	0.88668	0.83579	0.66081	0.42183	0.16579	-0.14193	-0.38601	-0.46542	-0.47979	0.06932	-0.30702	-0.24234	-0.11954	-0.0022981	0.053382	3.3394
736.42	0.095948	0.092445	0.056383	-0.076848	-0.23273	-0.33572	-0.53051	-0.6887	-0.67966	-0.65747	-0.10165	-0.21162	-0.18786	0.52349	0.64114	0.7793	0.8169	0.63629	0.39182	0.12224	-0.18543	-0.40327	-0.50426	-0.50268	0.053714	-0.35994	-0.23225	-0.12718	0.026961	0.047165	2.9678
736.42	0.095948	0.074961	0.052277	-0.10319	-0.20773	-0.33792	-0.55771	-0.67014	-0.67569	-0.61001	-0.046842	-0.33988	-0.025041	0.46108	0.95321	0.73636	0.7833	0.60062	0.35981	0.11571	-0.2165	-0.4119	-0.49813	-0.50268	0.049814	-0.33958	-0.24033	-0.14247	0.02487	0.072022	2.6715
730.62	0.11107	0.10101	0.029925	-0.13057	-0.25977	-0.34946	-0.5641	-0.68586	-0.64507	-0.63442	-0.024197	-0.2995	-0.20988	0.65347	0.62375	0.95866	0.7853	0.59191	0.34654	0.061758	-0.23701	-0.44561	-0.54124	-0.52345	0.050209	-0.33818	-0.23817	-0.14938	0.029282	0.074683	2.4155
725.89	0.12006	0.12335	0.048869	-0.094411	-0.23841	-0.36066	-0.52639	-0.64011	-0.62311	-0.56634	0.02198	-0.062902	0.098503	0.69996	0.76353	0.72527	0.78616	0.57768	0.33662	0.068788	-0.27008	-0.45727	-0.54684	-0.52686	0.044601	-0.37136	-0.23153	-0.1329	0.037953	0.083575	1.9791
723.74	0.15355	0.11185	0.013497	-0.13593	-0.26918	-0.32595	-0.55563	-0.6672	-0.6189	-0.56582	0.073166	-0.23708	-0.046179	0.65968	0.7658	0.96778	0.75218	0.52722	0.30504	0.026897	-0.25613	-0.50912	-0.56718	-0.53266	0.062594	-0.36211	-0.2815	-0.15469	0.052952	0.10069	1.7434
718.79	0.17337	0.12854	0.028315	-0.14518	-0.24775	-0.33945	-0.53756	-0.62742	-0.60081	-0.53656	0.087706	0.045982	0.18288	0.68554	0.83957	0.99645	0.76381	0.51943	0.2846	-0.0041493	-0.30034	-0.50378	-0.57946	-0.53419	0.049036	-0.35626	-0.23382	-0.1303	0.068304	0.12472	1.4025
711.05	0.13732	0.11385	0.00097793	-0.15515	-0.29046	-0.36136	-0.56957	-0.66629	-0.58886	-0.54911	0.086295	-0.15274	-0.089161	0.58527	0.73327	0.80712	0.72429	0.46968	0.24833	-0.049296	-0.33364	-0.53831	-0.62389	-0.57018	0.019269	-0.36646	-0.28443	-0.14953	0.066883	0.098193	1.0818
706.96	0.15507	0.13879	-0.013988	-0.16871	-0.29451	-0.35429	-0.53846	-0.62933	-0.59227	-0.51633	0.1201	0.0022419	0.12233	0.67534	0.94652	0.85652	0.70006	0.43756	0.21017	-0.067727	-0.3852	-0.57289	-0.63176	-0.58215	0.017347	-0.37282	-0.26506	-0.12651	0.058562	0.12465	0.79126
705.02	0.15975	0.10468	-0.01617	-0.16918	-0.29057	-0.36675	-0.54806	-0.60521	-0.57732	-0.47944	0.18483	-0.15405	0.35655	0.56853	0.85597	0.94859	0.63181	0.41548	0.15433	-0.097481	-0.39924	-0.61953	-0.62922	-0.62939	-0.015204	-0.38022	-0.28265	-0.12287	0.063089	0.13149	0.49087
701.79	0.15408	0.11331	-0.020553	-0.1891	-0.27521	-0.37305	-0.5465	-0.61882	-0.57373	-0.47033	0.20246	0.047096	0.33682	0.74582	0.97687	1.0656	0.62811	0.35891	0.13824	-0.12992	-0.42934	-0.61106	-0.67716	-0.62137	0.0031472	-0.3777	-0.23736	-0.12143	0.076539	0.12122	0.26566
700.71	0.14362	0.097156	-0.055113	-0.16809	-0.25414	-0.33897	-0.55347	-0.61543	-0.54751	-0.45745	0.23637	-0.020213	0.14482	0.81257	0.72067	1.0222	0.58936	0.30558	0.10271	-0.18961	-0.47136	-0.63695	-0.6868	-0.6267	-0.0050474	-0.42962	-0.29499	-0.16178	0.054692	0.12141	0.040524
700.5	0.15436	0.07472	-0.05513	-0.18732	-0.29484	-0.36911	-0.55772	-0.62646	-0.5456	-0.44398	0.25805	0.024723	0.31606	0.87844	0.93181	0.86442	0.54982	0.26349	0.062782	-0.2057	-0.48893	-0.65075	-0.7171	-0.64657	-0.0050489	-0.40836	-0.30356	-0.1337	0.078876	0.11056	-0.19453
700.93	0.14358	0.082838	-0.07451	-0.19997	-0.28272	-0.36427	-0.56758	-0.60874	-0.5536	-0.42104	0.28428	0.137	0.40139	0.70301	0.93123	0.9767	0.53184	0.21648	0.029111	-0.22616	-0.50168	-0.65262	-0.70807	-0.63962	-0.0091443	-0.40597	-0.28642	-0.11355	0.081024	0.13878	-0.36452
700.71	0.1586	0.1094	-0.065902	-0.19578	-0.31146	-0.43367	-0.56367	-0.6111	-0.52875	-0.40303	0.30117	0.1595	0.4443	0.79069	1.0487	0.90931	0.51435	0.21889	0.003889	-0.24682	-0.51708	-0.67549	-0.69754	-0.64856	-0.015298	-0.38256	-0.25681	-0.097515	0.078852	0.1606	-0.49948
702.87	0.13039	0.12331	-0.074305	-0.2249	-0.33194	-0.40471	-0.56398	-0.63731	-0.52505	-0.38824	0.29307	0.33819	0.3363	0.85367	0.9053	0.839	0.50618	0.18319	0.016455	-0.2415	-0.52417	-0.65082	-0.70183	-0.60734	0.0031423	-0.36433	-0.2222	-0.083204	0.10489	0.14274	-0.6444
704.37	0.12372	0.076342	-0.082732	-0.24137	-0.33598	-0.38087	-0.56075	-0.60792	-0.526	-0.39868	0.33303	0.15867	0.54839	0.80834	0.97329	0.85966	0.47217	0.17347	-0.017048	-0.27286	-0.52522	-0.66747	-0.69819	-0.63867	-0.021337	-0.36142	-0.24282	-0.079029	0.080628	0.13161	-0.71935
708.46	0.12936	0.092054	-0.086525	-0.19785	-0.32459	-0.41294	-0.53732	-0.61084	-0.50235	-0.36499	0.32161	0.20219	0.35481	0.86857	0.96767	0.81006	0.48472	0.15393	0.0017681	-0.26223	-0.5308	-0.67259	-0.72178	-0.60686	-0.0049922	-0.38684	-0.22464	-0.098435	0.1084	0.14807	-0.79928
716.64	0.12579	0.091003	-0.087646	-0.23724	-0.30921	-0.38338	-0.52121	-0.5848	-0.51292	-0.35639	0.31794	0.35367	0.539	0.79451	1.0483	0.80082	0.47056	0.14989	-0.016756	-0.257	-0.53539	-0.65826	-0.70305	-0.61918	-0.010949	-0.36778	-0.21793	-0.1032	0.068509	0.14851	-0.85422
723.95	0.15143	0.086132	-0.07423	-0.21629	-0.31765	-0.3728	-0.5357	-0.58938	-0.49564	-0.36157	0.33796	0.11091	0.55427	0.97696	0.85627	0.88012	0.44018	0.14837	-0.018621	-0.28763	-0.51944	-0.64941	-0.68139	-0.58541	0.0010677	-0.33301	-0.21573	-0.084666	0.12522	0.12805	-0.85922
731.27	0.13147	0.07549	-0.081758	-0.22842	-0.29616	-0.38014	-0.52839	-0.5461	-0.51465	-0.33188	0.33688	0.17437	0.7332	0.65289	1.0947	0.84968	0.42943	0.13791	-0.064773	-0.26282	-0.51842	-0.66899	-0.66428	-0.62775	-0.018587	-0.33583	-0.23389	-0.062653	0.077663	0.14763	-0.88919
739	0.12604	0.070826	-0.087039	-0.22804	-0.33156	-0.36959	-0.54415	-0.56094	-0.51322	-0.35206	0.33108	0.12995	0.46184	0.81193	0.86103	0.81938	0.39984	0.11425	-0.014255	-0.27526	-0.51299	-0.63619	-0.6777	-0.59008	-0.0067304	-0.34448	-0.20932	-0.081039	0.095593	0.13163	-0.90417
744.38	0.10499	0.079924	-0.090475	-0.22239	-0.3449	-0.39736	-0.51908	-0.57525	-0.48596	-0.36019	0.31513	0.25589	0.3377	0.84724	0.78867	0.66475	0.40526	0.1024	-0.031965	-0.29266	-0.53798	-0.66148	-0.67887	-0.57964	0.0010384	-0.342	-0.21979	-0.082343	0.11144	0.12864	-0.92415
746.95	0.13473	0.091142	-0.071945	-0.20963	-0.28994	-0.35049	-0.50963	-0.57937	-0.48233	-0.33129	0.33431	0.33932	0.39674	0.86483	0.742	0.85302	0.41421	0.10205	-0.0081852	-0.2938	-0.51774	-0.65069	-0.69467	-0.592	-0.02012	-0.35085	-0.21903	-0.10278	0.096637	0.14044	-0.95911
747.17	0.14472	0.093029	-0.069899	-0.22156	-0.28762	-0.36988	-0.52289	-0.56091	-0.48806	-0.3312	0.33196	0.25493	0.43674	0.78256	0.91754	0.81042	0.40374	0.10641	-0.055507	-0.28084	-0.51555	-0.6505	-0.69447	-0.59799	-0.012423	-0.32868	-0.20505	-0.085802	0.11309	0.1649	-0.9691
745.02	0.13307	0.095216	-0.057924	-0.19014	-0.29294	-0.36009	-0.48983	-0.54214	-0.44829	-0.29803	0.35775	0.23455	0.45811	0.8465	1.0965	0.81276	0.43396	0.12875	-0.0042517	-0.24936	-0.51704	-0.65451	-0.68839	-0.59354	-0.016317	-0.33969	-0.18769	-0.050165	0.11548	0.18176	-0.99407
741.8	0.13163	0.091775	-0.058176	-0.2131	-0.29421	-0.32456	-0.50353	-0.5404	-0.4719	-0.32503	0.3593	0.21434	0.56114	0.76756	0.90207	0.85895	0.40667	0.1271	-0.051937	-0.28287	-0.51517	-0.65521	-0.6792	-0.60645	-0.016388	-0.32096	-0.19451	-0.037103	0.10353	0.14965	-0.99906
737.07	0.13044	0.0846	-0.072909	-0.20839	-0.33016	-0.35958	-0.52035	-0.56035	-0.46898	-0.33143	0.35248	0.21571	0.52407	0.83486	0.86329	0.86446	0.41137	0.11455	-0.034279	-0.27816	-0.53296	-0.66157	-0.69582	-0.58539	-0.00090095	-0.33929	-0.21391	-0.071706	0.12508	0.15681	-1.034
734.27	0.13093	0.073233	-0.08966	-0.23358	-0.32002	-0.36095	-0.51258	-0.56455	-0.47673	-0.31754	0.34695	0.21653	0.36274	0.75455	0.84423	0.8462	0.41083	0.10604	-0.050462	-0.29013	-0.53084	-0.66625	-0.69026	-0.61475	-0.018511	-0.32425	-0.21067	-0.081561	0.10878	0.13456	-1.024
730.84	0.11514	0.081405	-0.081806	-0.22038	-0.32381	-0.36708	-0.53066	-0.54643	-0.52495	-0.34512	0.33017	0.28218	0.6721	0.65327	1.0279	0.80689	0.39584	0.1043	-0.086987	-0.30467	-0.55212	-0.69765	-0.69145	-0.63651	-0.026461	-0.36474	-0.24623	-0.06269	0.07139	0.1498	-1.084
727.61	0.10535	0.06014	-0.096716	-0.22136	-0.29535	-0.38428	-0.5448	-0.57389	-0.51924	-0.33137	0.33626	0.19687	0.32487	0.8036	0.96476	0.78874	0.39547	0.095732	-0.075222	-0.30161	-0.55038	-0.69637	-0.73176	-0.63722	-0.01868	-0.3643	-0.23098	-0.095845	0.092857	0.15676	-1.1039
726.11	0.13654	0.083908	-0.090668	-0.25059	-0.33745	-0.38061	-0.54002	-0.59391	-0.5002	-0.34737	0.36012	0.47913	0.55263	0.84746	1.0346	0.89928	0.40694	0.080107	-0.05103	-0.32211	-0.55782	-0.69344	-0.73535	-0.63854	-0.020698	-0.36505	-0.24988	-0.11155	0.09305	0.13397	-1.1389
722.88	0.12263	0.062513	-0.099439	-0.25171	-0.35284	-0.42038	-0.55826	-0.59866	-0.51456	-0.3687	0.33381	0.21994	0.53435	0.78765	0.81212	0.81577	0.3724	0.062295	-0.089981	-0.34129	-0.5793	-0.72291	-0.75113	-0.63503	-0.028738	-0.3729	-0.24483	-0.10037	0.1105	0.13879	-1.1838
720.3	0.1418	0.050821	-0.11239	-0.24018	-0.34249	-0.39267	-0.55232	-0.60081	-0.50018	-0.35017	0.38637	0.11148	0.53627	0.93938	0.97455	1.0163	0.36515	0.060238	-0.09644	-0.35142	-0.57502	-0.71888	-0.75591	-0.63518	-0.026848	-0.35343	-0.23127	-0.083143	0.091665	0.13717	-1.1439
718.36	0.09836	0.048967	-0.10638	-0.2616	-0.31779	-0.39823	-0.54983	-0.59185	-0.51983	-0.34669	0.33825	0.22133	0.41253	0.68596	0.9315	0.66682	0.34461	0.032977	-0.12131	-0.3479	-0.61479	-0.72745	-0.74956	-0.68382	-0.044915	-0.38151	-0.23189	-0.069654	0.08977	0.13117	-1.2088
721.16	0.12916	0.062663	-0.09129	-0.23576	-0.3212	-0.38772	-0.5477	-0.56429	-0.49148	-0.33213	0.36259	0.26412	0.55642	0.98075	0.99618	0.9493	0.35399	0.057889	-0.096325	-0.3421	-0.58491	-0.71802	-0.74039	-0.6323	-0.026816	-0.38418	-0.22068	-0.081094	0.11076	0.16662	-1.2088
725.89	0.16135	0.060283	-0.08028	-0.2116	-0.30988	-0.38519	-0.54215	-0.57944	-0.4923	-0.33215	0.38803	0.17566	0.53214	0.88993	0.85398	1.0738	0.35169	0.055251	-0.08758	-0.3465	-0.56639	-0.74617	-0.72727	-0.6514	-0.030599	-0.36103	-0.24177	-0.08638	0.088839	0.15293	-1.2038
732.99	0.11685	0.092879	-0.077439	-0.22788	-0.30003	-0.3925	-0.53105	-0.54897	-0.49352	-0.30943	0.36362	0.4102	0.48609	0.8186	1.0249	0.67508	0.35672	0.054716	-0.09075	-0.3344	-0.59004	-0.70644	-0.72639	-0.65136	-0.030303	-0.37594	-0.22726	-0.058665	0.12997	0.16393	-1.2337
740.51	0.11161	0.049434	-0.11749	-0.22758	-0.32637	-0.38195	-0.53531	-0.57005	-0.47075	-0.31701	0.3622	0.23598	0.4609	0.89304	1.0145	0.75366	0.34683	0.025339	-0.077891	-0.33966	-0.58405	-0.7057	-0.74747	-0.62199	-0.037754	-0.38224	-0.24903	-0.11128	0.099555	0.12107	-1.2237
748.46	0.11243	0.085224	-0.096041	-0.22516	-0.32066	-0.38006	-0.51434	-0.57009	-0.45794	-0.337	0.3561	0.33864	0.35587	0.92452	0.89404	0.89354	0.35554	0.02507	-0.092812	-0.34034	-0.57581	-0.68547	-0.73753	-0.63585	-0.031594	-0.36216	-0.20668	-0.10257	0.090271	0.13405	-1.2138
755.12	0.12335	0.048477	-0.097197	-0.23701	-0.32448	-0.38314	-0.53822	-0.555	-0.47325	-0.32771	0.35296	0.23141	0.47184	0.79461	0.66875	0.73908	0.33398	0.050938	-0.090042	-0.32885	-0.57477	-0.70467	-0.71906	-0.63227	-0.046535	-0.37683	-0.24422	-0.096081	0.097629	0.14095	-1.2088
758.12	0.12682	0.046399	-0.10678	-0.23213	-0.34086	-0.39016	-0.54363	-0.56683	-0.48486	-0.31174	0.356	0.25125	0.56881	0.89251	0.88265	0.84045	0.33877	0.055067	-0.10134	-0.32754	-0.56646	-0.6914	-0.71224	-0.62977	-0.031192	-0.35557	-0.22365	-0.090131	0.070852	0.13234	-1.2088
758.55	0.091174	0.055802	-0.10672	-0.232	-0.31198	-0.3878	-0.5207	-0.57051	-0.47303	-0.32413	0.33363	0.2511	0.46971	0.89201	0.86049	0.79826	0.35285	0.050707	-0.089634	-0.33581	-0.56211	-0.70148	-0.70786	-0.63143	-0.046324	-0.37118	-0.22352	-0.07895	0.097187	0.12422	-1.2387
758.12	0.111	0.050173	-0.12075	-0.23607	-0.34307	-0.37735	-0.5493	-0.55881	-0.48101	-0.32222	0.33825	0.25125	0.39089	0.91273	0.88265	0.84045	0.33877	0.042075	-0.093573	-0.33177	-0.56042	-0.71654	-0.72812	-0.64189	-0.036876	-0.36348	-0.23933	-0.0957	0.095213	0.12831	-1.2038
755.54	0.11336	0.044665	-0.11315	-0.25268	-0.33316	-0.36793	-0.53413	-0.56876	-0.49425	-0.35065	0.33273	0.2521	0.57075	0.77389	0.86392	0.75958	0.33788	0.046564	-0.10169	-0.32866	-0.58454	-0.71058	-0.71267	-0.65422	-0.052211	-0.35877	-0.23031	-0.069952	0.073129	0.12472	-1.2587
751.03	0.12202	0.039217	-0.099738	-0.24227	-0.35076	-0.38522	-0.55257	-0.55397	-0.50694	-0.33372	0.35264	0.10691	0.59415	0.73771	0.93467	0.84838	0.32962	0.053401	-0.12388	-0.34344	-0.58196	-0.73177	-0.71495	-0.64387	-0.041049	-0.35693	-0.24554	-0.083487	0.085865	0.13968	-1.2287
745.45	0.135	0.041431	-0.137	-0.25009	-0.34216	-0.37074	-0.5452	-0.56424	-0.46959	-0.31917	0.38913	0.21329	0.45785	0.88712	0.80954	0.96081	0.32587	0.040587	-0.11295	-0.34817	-0.57404	-0.71167	-0.7304	-0.62403	-0.024015	-0.35558	-0.21349	-0.072786	0.10509	0.11208	-1.1938
741.37	0.1034	0.064813	-0.1194	-0.23939	-0.35082	-0.40771	-0.53855	-0.55915	-0.49188	-0.32307	0.34136	0.27817	0.50082	0.83002	0.79187	0.85945	0.32349	0.043026	-0.1255	-0.36522	-0.59366	-0.72631	-0.72224	-0.62953	-0.033835	-0.37573	-0.23271	-0.088374	0.095288	0.1127	-1.2287
736.21	0.13059	0.063325	-0.10791	-0.23904	-0.34191	-0.36	-0.54427	-0.58576	-0.49334	-0.33397	0.36431	0.34427	0.42288	0.83583	0.95349	0.88694	0.32786	0.018797	-0.13038	-0.35254	-0.58953	-0.73571	-0.75184	-0.64643	-0.028218	-0.35597	-0.21012	-0.081346	0.085503	0.13628	-1.2138
732.34	0.12718	0.06366	-0.12913	-0.24235	-0.35286	-0.39726	-0.54324	-0.593	-0.50392	-0.34441	0.35935	0.26009	0.42511	0.84025	0.80163	0.74046	0.3317	0.023381	-0.11296	-0.37629	-0.60514	-0.72441	-0.73731	-0.64984	-0.053865	-0.38855	-0.22949	-0.076011	0.11327	0.15783	-1.2088
731.27	0.12327	0.052015	-0.08796	-0.24882	-0.33278	-0.40449	-0.56947	-0.58557	-0.51265	-0.32971	0.35068	0.19589	0.52822	0.84148	1.0273	0.71994	0.33219	0.02566	-0.11716	-0.3615	-0.63107	-0.73852	-0.7384	-0.66337	-0.051981	-0.40962	-0.19122	-0.066502	0.10502	0.15597	-1.2687
733.2	0.11886	0.040171	-0.1166	-0.26445	-0.34103	-0.40563	-0.56211	-0.59023	-0.51329	-0.33534	0.37498	0.28127	0.5064	0.71387	0.93502	0.84744	0.32499	0.016636	-0.149	-0.37804	-0.619	-0.7409	-0.77135	-0.66162	-0.051844	-0.36561	-0.24341	-0.10087	0.079556	0.13892	-1.1988
735.99	0.12045	0.084723	-0.11616	-0.23911	-0.35793	-0.3865	-0.54249	-0.58799	-0.49348	-0.34702	0.37356	0.2588	0.52483	0.83608	0.86455	0.93017	0.30485	-0.0012699	-0.12041	-0.39621	-0.60628	-0.74888	-0.75001	-0.64246	-0.036033	-0.34589	-0.24652	-0.10814	0.11062	0.11767	-1.1938
740.72	0.091346	0.01659	-0.12766	-0.25371	-0.33757	-0.37966	-0.55061	-0.58014	-0.48442	-0.33194	0.35982	0.23591	0.37983	0.83074	0.79256	0.88153	0.31125	0.00095326	-0.13754	-0.3742	-0.60859	-0.73981	-0.76352	-0.64663	-0.047439	-0.38618	-0.24094	-0.078952	0.12862	0.13751	-1.2088
743.95	0.13729	0.051129	-0.088494	-0.24659	-0.32486	-0.38019	-0.52707	-0.56129	-0.49999	-0.32622	0.35374	0.12908	0.59981	0.82714	0.92152	0.81394	0.3286	0.025222	-0.14288	-0.36396	-0.60186	-0.73233	-0.75819	-0.65619	-0.054957	-0.36234	-0.22591	-0.067258	0.097027	0.14511	-1.2337
746.74	0.11871	0.0586	-0.10031	-0.27165	-0.32588	-0.40261	-0.54426	-0.57547	-0.51181	-0.33139	0.34792	0.27617	0.49722	0.68041	0.8961	0.74737	0.33359	0.029524	-0.1384	-0.35615	-0.6139	-0.73172	-0.74124	-0.64347	-0.050904	-0.35697	-0.23502	-0.083968	0.094603	0.14457	-1.2088
749.96	0.10821	0.052627	-0.11198	-0.25655	-0.32225	-0.38146	-0.52666	-0.56489	-0.50572	-0.31514	0.36885	0.17002	0.595	0.73877	0.89225	0.89175	0.30535	0.022832	-0.13191	-0.37173	-0.59703	-0.74129	-0.73805	-0.65705	-0.054516	-0.35944	-0.24193	-0.072348	0.10035	0.13174	-1.1988
751.46	0.106	0.043003	-0.11578	-0.25802	-0.34833	-0.39146	-0.54464	-0.5577	-0.49304	-0.35045	0.36587	0.27443	0.61376	0.77809	0.75938	0.86893	0.31709	0.031524	-0.13165	-0.36885	-0.58568	-0.73346	-0.72255	-0.64962	-0.046761	-0.3647	-0.23354	-0.08344	0.091961	0.12336	-1.2038
752.97	0.11773	0.052417	-0.097475	-0.23372	-0.32541	-0.39068	-0.54166	-0.58079	-0.49012	-0.32443	0.36514	0.23207	0.4931	0.93932	0.91048	0.82519	0.32056	0.018379	-0.10987	-0.36811	-0.60275	-0.71512	-0.7511	-0.6239	-0.040944	-0.37592	-0.22715	-0.081404	0.10404	0.14135	-1.2237
755.12	0.1174	0.071212	-0.10721	-0.23504	-0.34665	-0.39386	-0.54959	-0.56305	-0.49066	-0.35296	0.33515	0.29394	0.39245	0.71345	0.69048	0.78094	0.32374	0.011806	-0.11931	-0.37132	-0.60103	-0.71308	-0.75096	-0.64242	-0.052241	-0.36095	-0.2206	-0.084899	0.089475	0.14095	-1.2287
756.62	0.12112	0.054055	-0.095005	-0.27205	-0.33269	-0.3888	-0.5466	-0.57197	-0.49548	-0.32286	0.35226	0.29335	0.58976	0.79303	0.90608	0.86301	0.3088	0.02697	-0.13854	-0.3621	-0.59984	-0.72007	-0.71763	-0.64317	-0.050239	-0.36024	-0.2398	-0.082871	0.089297	0.16889	-1.2237
758.77	0.083247	0.048244	-0.11466	-0.23784	-0.33175	-0.38556	-0.52809	-0.56434	-0.49407	-0.33032	0.34683	0.33403	0.62762	0.79078	0.86025	0.81889	0.29366	0.013911	-0.13621	-0.38643	-0.59613	-0.72012	-0.72751	-0.6575	-0.053883	-0.35527	-0.22541	-0.080782	0.082961	0.12419	-1.2038
760.7	0.11062	0.072569	-0.12829	-0.24312	-0.3441	-0.39948	-0.5117	-0.57888	-0.4717	-0.32531	0.35922	0.43666	0.44867	0.90964	0.87966	0.69208	0.32137	0.0030851	-0.12424	-0.36648	-0.60063	-0.69741	-0.74743	-0.61555	-0.036752	-0.38589	-0.22094	-0.078728	0.10298	0.11585	-1.2537
761.56	0.12624	0.063095	-0.096375	-0.25264	-0.30636	-0.36502	-0.52428	-0.56427	-0.47692	-0.3166	0.3544	0.25011	0.46785	0.82812	0.90021	0.83666	0.30274	-0.0012273	-0.13571	-0.35975	-0.60196	-0.73209	-0.75845	-0.64705	-0.06123	-0.37365	-0.23435	-0.10266	0.090742	0.13375	-1.2337
760.7	0.12639	0.07069	-0.11437	-0.23723	-0.3133	-0.40799	-0.53051	-0.57888	-0.50242	-0.32322	0.35701	0.2711	0.5866	0.80892	0.87966	0.81681	0.30714	0.0095621	-0.1378	-0.36859	-0.60665	-0.72038	-0.73357	-0.64174	-0.057525	-0.38392	-0.23266	-0.073178	0.11108	0.14192	-1.1938
758.34	0.10504	0.040726	-0.11672	-0.25175	-0.32973	-0.42207	-0.56046	-0.58268	-0.50977	-0.33261	0.33816	0.14738	0.48961	0.71042	0.92567	0.73594	0.31625	0.016085	-0.13434	-0.37608	-0.60854	-0.74567	-0.73387	-0.64575	-0.06149	-0.35942	-0.24514	-0.077118	0.087067	0.13633	-1.2437
755.12	0.10747	0.046584	-0.10721	-0.24689	-0.3267	-0.37885	-0.54012	-0.58115	-0.49066	-0.32351	0.3641	0.29394	0.47184	0.91636	0.86441	0.8019	0.3176	0.011806	-0.12516	-0.36707	-0.59901	-0.7194	-0.73501	-0.63836	-0.046535	-0.40065	-0.24225	-0.10353	0.10171	0.14095	-1.2088
751.25	0.12598	0.063961	-0.12386	-0.26803	-0.3618	-0.38942	-0.5448	-0.57808	-0.49318	-0.33786	0.37493	0.33738	0.49423	0.90068	0.78145	0.97443	0.31512	0.003124	-0.12973	-0.38817	-0.58382	-0.72733	-0.76284	-0.64369	-0.037214	-0.36082	-0.24547	-0.098449	0.10838	0.12543	-1.2088
747.6	0.11256	0.014525	-0.11638	-0.2394	-0.34566	-0.39349	-0.56085	-0.58293	-0.49559	-0.34163	0.36551	0.17056	0.61694	1.0076	0.8731	0.91573	0.28771	-0.010035	-0.12642	-0.38363	-0.60912	-0.75426	-0.74643	-0.65298	-0.048925	-0.38463	-0.23673	-0.093283	0.098611	0.11788	-1.1938
745.23	0.10085	0.043363	-0.13704	-0.25417	-0.35573	-0.42297	-0.57799	-0.6072	-0.50696	-0.35337	0.3441	0.3401	0.43788	0.84626	0.91993	0.70644	0.29484	-0.043111	-0.15055	-0.3913	-0.63357	-0.74173	-0.77506	-0.65299	-0.045224	-0.39189	-0.24746	-0.10302	0.086533	0.1203	-1.2437
746.09	0.10877	0.0529	-0.12675	-0.26388	-0.36205	-0.4073	-0.58499	-0.59225	-0.51226	-0.34019	0.3685	0.2131	0.65836	0.7426	0.94086	0.81159	0.28	-0.016655	-0.17012	-0.40159	-0.63079	-0.75365	-0.74995	-0.67894	-0.064425	-0.37335	-0.25314	-0.06518	0.071994	0.11812	-1.2038
748.24	0.098441	0.043188	-0.11628	-0.24717	-0.34312	-0.39964	-0.56228	-0.60069	-0.49712	-0.32223	0.37194	0.10731	0.59636	0.84286	0.96013	0.85155	0.2792	-0.016607	-0.14403	-0.37901	-0.6249	-0.75148	-0.74981	-0.64218	-0.060401	-0.39432	-0.26632	-0.083799	0.08207	0.13408	-1.1988
748.89	0.10436	0.054613	-0.11618	-0.27087	-0.33836	-0.39065	-0.57135	-0.59815	-0.50839	-0.34953	0.34467	0.31741	0.37569	0.88305	0.82776	0.80857	0.30786	-0.010018	-0.14391	-0.39796	-0.64066	-0.73174	-0.76123	-0.64981	-0.045003	-0.38798	-0.22442	-0.074332	0.098441	0.1299	-1.2138
751.25	0.08807	0.052537	-0.13795	-0.24419	-0.34398	-0.42605	-0.56003	-0.59627	-0.48346	-0.33151	0.33911	0.29545	0.39447	0.94146	0.91256	0.76392	0.31306	-0.0056164	-0.13365	-0.38817	-0.63865	-0.76328	-0.77486	-0.65796	-0.065894	-0.41269	-0.23163	-0.12654	0.10018	0.10512	-1.2337
755.33	0.11339	0.040889	-0.14321	-0.26658	-0.37314	-0.40446	-0.56837	-0.58903	-0.51179	-0.35496	0.34618	0.33555	0.41217	0.93638	0.73377	0.82261	0.31751	-0.0208	-0.15243	-0.40305	-0.61298	-0.75074	-0.77865	-0.67469	-0.080753	-0.3668	-0.22251	-0.08674	0.093527	0.11869	-1.1838
760.27	0.075195	0.042505	-0.12438	-0.26289	-0.35971	-0.43802	-0.55903	-0.56522	-0.51231	-0.33594	0.33509	0.31266	0.68551	0.84969	0.92332	0.69247	0.30935	0.0074073	-0.13982	-0.37513	-0.62104	-0.72079	-0.74983	-0.65217	-0.065112	-0.41174	-0.23279	-0.071367	0.10506	0.12595	-1.2487
764.13	0.096394	0.025442	-0.13958	-0.25961	-0.3557	-0.38709	-0.57118	-0.60212	-0.49634	-0.35919	0.3532	0.084473	0.42705	0.84539	0.74679	0.75104	0.28553	-0.0012232	-0.14682	-0.37533	-0.6139	-0.74417	-0.74998	-0.64487	-0.061024	-0.38808	-0.253	-0.1152	0.068279	0.11133	-1.1938
768.42	0.12316	0.062531	-0.1388	-0.25621	-0.34935	-0.38282	-0.54565	-0.60073	-0.48596	-0.33858	0.37311	0.2274	0.44416	0.90049	0.76399	0.97322	0.30204	-0.0033536	-0.13258	-0.37323	-0.58268	-0.71521	-0.75558	-0.63728	-0.055076	-0.36641	-0.22838	-0.10723	0.083922	0.10277	-1.1788
772.5	0.09923	0.0010926	-0.12045	-0.25486	-0.34534	-0.41223	-0.55018	-0.5897	-0.50798	-0.32239	0.33849	0.20582	0.51944	0.83623	0.82369	0.74291	0.28844	0.02429	-0.15286	-0.37126	-0.61515	-0.74434	-0.73406	-0.65771	-0.07152	-0.39552	-0.23872	-0.097561	0.077501	0.12	-1.1938
775.29	0.1008	0.049062	-0.10247	-0.26164	-0.31388	-0.39196	-0.52975	-0.56798	-0.50804	-0.32123	0.34595	0.24568	0.69157	0.65536	1.0325	0.74024	0.27943	0.0030271	-0.15611	-0.35338	-0.6031	-0.72526	-0.71588	-0.65337	-0.071263	-0.36896	-0.23019	-0.069985	0.089135	0.13728	-1.2637
776.15	0.11035	0.037948	-0.12379	-0.25366	-0.33294	-0.40404	-0.55128	-0.5654	-0.48113	-0.31678	0.34557	0.22514	0.45906	0.8323	0.86214	0.78016	0.28709	-0.013896	-0.15973	-0.37365	-0.60636	-0.70195	-0.73837	-0.62501	-0.056379	-0.39173	-0.23568	-0.086225	0.11283	0.13713	-1.2437
774	0.10872	0.060233	-0.098732	-0.23701	-0.34467	-0.36961	-0.56205	-0.57482	-0.48435	-0.32587	0.3726	0.24609	0.61526	0.894	0.88573	0.88449	0.2699	-0.018176	-0.13162	-0.37054	-0.58637	-0.73263	-0.72874	-0.63268	-0.060245	-0.3444	-0.22098	-0.07192	0.1032	0.11583	-1.1738
768.85	0.095802	0.034589	-0.11513	-0.27354	-0.34045	-0.40156	-0.55093	-0.57867	-0.50469	-0.33012	0.35978	0.18631	0.61938	0.7007	0.8276	0.78757	0.29785	-0.0012157	-0.15358	-0.38554	-0.61609	-0.7334	-0.74146	-0.64888	-0.068123	-0.3896	-0.23985	-0.077892	0.071863	0.13843	-1.2487
765.85	0.10401	0.055271	-0.1215	-0.24148	-0.33305	-0.40947	-0.54749	-0.59878	-0.48378	-0.32727	0.33704	0.28982	0.52395	0.90352	0.80943	0.72872	0.29498	-0.0076538	-0.12918	-0.38286	-0.62249	-0.72176	-0.76795	-0.64542	-0.074016	-0.38721	-0.23885	-0.11311	0.098269	0.12702	-1.2287
763.7	0.096448	0.047932	-0.12382	-0.27734	-0.30769	-0.42758	-0.54528	-0.58853	-0.51192	-0.32819	0.34899	0.18757	0.4469	0.6653	0.89768	0.79288	0.29986	-0.0055248	-0.17198	-0.38394	-0.60226	-0.74251	-0.7504	-0.6693	-0.072344	-0.36475	-0.24731	-0.089472	0.084441	0.13537	-1.1988
761.34	0.13415	0.036808	-0.10832	-0.23507	-0.38338	-0.39064	-0.55261	-0.56443	-0.50967	-0.3459	0.3545	0.16748	0.64517	0.8686	0.83577	0.85766	0.29064	0.013864	-0.14542	-0.39776	-0.61014	-0.74064	-0.72504	-0.64522	-0.057476	-0.38557	-0.24027	-0.073116	0.10694	0.12577	-1.1688
761.13	0.12631	0.019904	-0.12027	-0.26651	-0.3615	-0.40563	-0.58847	-0.57456	-0.49446	-0.33347	0.35901	0.20889	0.60597	0.94937	0.92227	0.81635	0.28869	0.00092771	-0.12611	-0.3747	-0.6043	-0.75755	-0.74898	-0.66955	-0.076364	-0.38174	-0.26376	-0.089775	0.092814	0.12781	-1.2237
762.2	0.10057	0.042398	-0.13597	-0.25831	-0.35001	-0.39232	-0.56325	-0.57973	-0.50143	-0.33717	0.38057	0.2499	0.52646	0.88773	0.72715	1.0019	0.28625	-0.020613	-0.13946	-0.40573	-0.58544	-0.75023	-0.75188	-0.6666	-0.059295	-0.39103	-0.2439	-0.08411	0.10278	0.10761	-1.1638
763.49	0.10629	0.027336	-0.12386	-0.25005	-0.34504	-0.39166	-0.55855	-0.60461	-0.49676	-0.34285	0.36231	0.063917	0.38814	0.86616	0.81193	0.83454	0.27969	-0.031329	-0.16431	-0.39244	-0.61842	-0.75728	-0.77625	-0.64942	-0.051668	-0.37074	-0.24154	-0.11714	0.088494	0.13341	-1.2138
764.13	0.092469	0.038545	-0.1099	-0.27523	-0.32942	-0.39768	-0.56557	-0.58224	-0.51737	-0.328	0.3576	0.22868	0.62321	0.70503	0.85421	0.87521	0.28553	0.00092406	-0.15646	-0.39211	-0.6159	-0.75665	-0.74801	-0.67294	-0.085463	-0.39004	-0.26273	-0.087581	0.062237	0.11333	-1.1738
764.35	0.098328	0.042279	-0.11778	-0.25758	-0.34684	-0.38698	-0.56541	-0.58009	-0.50958	-0.33623	0.3399	0.12564	0.5838	0.70483	0.78953	0.75083	0.29354	0.0095164	-0.15256	-0.37522	-0.60375	-0.73773	-0.74583	-0.66072	-0.066645	-0.40758	-0.24321	-0.076512	0.094438	0.1113	-1.2088
766.71	0.099979	0.032819	-0.1332	-0.27041	-0.35669	-0.38368	-0.5562	-0.59811	-0.5061	-0.3269	0.36298	0.24843	0.5429	0.80258	0.80852	0.83104	0.31482	0.015909	-0.10213	-0.38661	-0.61781	-0.74789	-0.76906	-0.66468	-0.075808	-0.37114	-0.23859	-0.076276	0.080093	0.11494	-1.1938
770.14	0.10927	0.056819	-0.10708	-0.27115	-0.34858	-0.41349	-0.55372	-0.58559	-0.50764	-0.32957	0.32861	0.24732	0.59888	0.7791	0.82622	0.86838	0.31944	0.013706	-0.14185	-0.37656	-0.60119	-0.74043	-0.74608	-0.65376	-0.07547	-0.37921	-0.25875	-0.075936	0.079736	0.11839	-1.2088
772.29	0.11284	0.028878	-0.11853	-0.2414	-0.35411	-0.39977	-0.57256	-0.58396	-0.49677	-0.33482	0.34511	0.18548	0.5778	0.87614	0.95148	0.80455	0.29252	0.007292	-0.14336	-0.38382	-0.6015	-0.73837	-0.74206	-0.66782	-0.077121	-0.3801	-0.25033	-0.077546	0.10741	0.12991	-1.2038
775.93	0.11618	0.045334	-0.12187	-0.25758	-0.34597	-0.42709	-0.53853	-0.58121	-0.51326	-0.34554	0.34133	0.20491	0.51714	0.6943	0.82005	0.94343	0.29115	0.0072577	-0.15218	-0.37788	-0.59474	-0.73695	-0.75021	-0.64493	-0.067502	-0.36866	-0.23383	-0.084437	0.08311	0.10964	-1.2237
779.58	0.088715	0.015763	-0.13682	-0.26212	-0.33577	-0.39188	-0.55069	-0.58629	-0.50712	-0.348	0.32894	0.18375	0.57239	0.75002	0.81622	0.81732	0.29574	0.024069	-0.16092	-0.37406	-0.59783	-0.73962	-0.73512	-0.6714	-0.074556	-0.39	-0.24799	-0.064184	0.080746	0.11696	-1.1788
782.58	0.10561	0.028498	-0.1305	-0.24395	-0.34517	-0.39865	-0.55771	-0.58792	-0.48464	-0.35072	0.32553	0.12271	0.47444	1.0212	0.62429	0.77375	0.31633	0.02188	-0.11136	-0.38697	-0.59358	-0.73881	-0.72845	-0.63358	-0.063256	-0.37701	-0.23754	-0.1035	0.092237	0.10871	-1.1938
785.59	0.11093	0.011999	-0.1454	-0.26581	-0.35237	-0.36004	-0.55376	-0.57987	-0.49766	-0.34534	0.33713	0.082166	0.4917	0.8418	0.78909	1.0124	0.30332	0.023885	-0.13156	-0.36916	-0.56801	-0.73801	-0.73716	-0.64871	-0.064843	-0.36031	-0.2669	-0.081606	0.095801	0.09276	-1.1588
786.87	0.095514	0.046521	-0.1048	-0.2559	-0.34755	-0.43761	-0.5474	-0.56928	-0.4987	-0.34275	0.31307	0.24207	0.66233	0.80148	0.97557	0.76953	0.30478	0.013414	-0.12011	-0.36856	-0.59616	-0.72065	-0.72639	-0.65154	-0.073865	-0.39972	-0.24569	-0.10293	0.093689	0.13138	-1.2437
786.66	0.11078	0.03926	-0.11829	-0.24458	-0.32637	-0.41304	-0.54573	-0.57522	-0.48027	-0.31053	0.33881	0.28215	0.47199	0.68484	0.80887	0.78985	0.28718	-0.0095371	-0.15573	-0.37477	-0.59633	-0.72892	-0.74381	-0.65562	-0.079364	-0.37697	-0.25142	-0.10296	0.066324	0.10039	-1.2088
785.59	0.10521	0.035672	-0.12615	-0.27341	-0.32468	-0.3724	-0.54466	-0.57794	-0.5051	-0.315	0.3457	0.26251	0.51079	0.74429	0.93537	0.71042	0.29938	-0.0053709	-0.13906	-0.38345	-0.61462	-0.72789	-0.73716	-0.66041	-0.075815	-0.39465	-0.24609	-0.099518	0.068375	0.12189	-1.2537
782.8	0.094095	0.030317	-0.13239	-0.2477	-0.33866	-0.41094	-0.55939	-0.58582	-0.4901	-0.32424	0.33619	0.082459	0.53174	0.74694	0.91774	0.71295	0.29255	-0.003292	-0.13579	-0.37867	-0.6168	-0.73658	-0.74748	-0.64906	-0.076085	-0.37117	-0.23938	-0.0801	0.10597	0.14181	-1.2237
778.29	0.1139	0.034169	-0.12733	-0.26255	-0.35783	-0.40292	-0.56447	-0.58531	-0.5042	-0.34653	0.36406	0.22452	0.55407	0.84968	0.88085	0.87961	0.29623	0.0093459	-0.15172	-0.38292	-0.58901	-0.749	-0.76728	-0.66266	-0.058069	-0.3868	-0.24267	-0.10226	0.067037	0.099507	-1.1738
774.22	0.089329	0.047281	-0.13191	-0.29285	-0.35323	-0.42177	-0.55635	-0.61193	-0.5144	-0.3422	0.30516	0.24602	0.51829	0.775	0.82187	0.70041	0.31176	0.00091202	-0.12778	-0.38286	-0.63743	-0.74679	-0.76549	-0.65823	-0.082493	-0.38109	-0.23435	-0.077353	0.06739	0.11383	-1.2287
769.28	0.097697	0.010395	-0.13079	-0.25787	-0.36637	-0.41816	-0.57666	-0.59216	-0.50441	-0.34233	0.33116	0.22715	0.58005	0.85964	0.95519	0.82826	0.29567	0.00091787	-0.1535	-0.37698	-0.63359	-0.76397	-0.77235	-0.68835	-0.086757	-0.40302	-0.25903	-0.10529	0.065821	0.1205	-1.2387
766.06	0.13332	0.021642	-0.12147	-0.28428	-0.37009	-0.39668	-0.57908	-0.60853	-0.5256	-0.35414	0.35231	0.20755	0.50423	0.72324	0.8092	0.91431	0.28683	-0.02908	-0.17337	-0.40159	-0.6243	-0.76926	-0.77364	-0.70324	-0.085247	-0.37732	-0.25624	-0.098381	0.078153	0.11105	-1.1888
763.06	0.10635	0.034852	-0.13384	-0.26193	-0.37374	-0.40461	-0.57199	-0.58704	-0.52384	-0.34304	0.34929	0.18772	0.683	0.78633	0.98451	0.7521	0.27378	-0.024892	-0.19337	-0.39057	-0.65275	-0.77853	-0.75892	-0.68995	-0.096877	-0.41024	-0.25725	-0.098768	0.080476	0.13948	-1.2187
761.13	0.10662	0.046216	-0.1302	-0.26651	-0.37469	-0.41627	-0.5678	-0.60849	-0.51557	-0.35226	0.35239	0.22958	0.5075	0.80847	0.79287	0.71246	0.28463	-0.037896	-0.16289	-0.42948	-0.63437	-0.77007	-0.78854	-0.68566	-0.097123	-0.39552	-0.2501	-0.10087	0.064505	0.10977	-1.1788
761.56	0.077039	0.023651	-0.1063	-0.26832	-0.34372	-0.3969	-0.5919	-0.60415	-0.52103	-0.35206	0.33452	0.25011	0.64499	0.90861	0.90021	0.71206	0.27229	-0.012006	-0.17247	-0.40607	-0.66005	-0.77172	-0.79798	-0.68125	-0.08198	-0.40711	-0.26557	-0.087878	0.10489	0.11572	-1.2187
764.35	0.096366	0.046021	-0.14746	-0.25953	-0.35122	-0.43357	-0.57477	-0.6238	-0.5306	-0.35077	0.3157	0.20801	0.36809	0.70483	0.85397	0.6267	0.29152	-0.02485	-0.18726	-0.3941	-0.68159	-0.76891	-0.80886	-0.68879	-0.10423	-0.42523	-0.25099	-0.12254	0.090411	0.12927	-1.2237
767.57	0.088152	0.05142	-0.12517	-0.27983	-0.35847	-0.40012	-0.57422	-0.59151	-0.52647	-0.34723	0.32752	0.24815	0.58135	0.72182	0.89316	0.87129	0.29835	-0.005497	-0.18455	-0.4029	-0.64892	-0.76568	-0.75839	-0.68989	-0.094438	-0.3922	-0.23832	-0.12752	0.067974	0.1327	-1.2038
771.86	0.11291	0.02704	-0.13035	-0.25121	-0.36948	-0.3937	-0.56361	-0.58428	-0.50462	-0.35765	0.34749	0.18558	0.61697	0.97588	0.84566	0.88695	0.27466	-0.024608	-0.14344	-0.4152	-0.61764	-0.7676	-0.76198	-0.64238	-0.064135	-0.38614	-0.25624	-0.088527	0.099501	0.10627	-1.1888
777.44	0.087032	0.041567	-0.14498	-0.25324	-0.3367	-0.41794	-0.54669	-0.58205	-0.51039	-0.33874	0.33851	0.32601	0.53541	0.90975	0.94518	0.8399	0.29257	-0.020209	-0.13104	-0.38128	-0.60929	-0.74983	-0.76038	-0.6358	-0.063674	-0.37565	-0.24676	-0.1078	0.10274	0.11924	-1.1938
782.37	0.08265	0.044961	-0.14793	-0.24592	-0.35596	-0.41531	-0.55421	-0.60749	-0.49597	-0.34269	0.32777	0.40443	0.26382	1.0215	0.77134	0.77396	0.30851	-0.026375	-0.13775	-0.40142	-0.62689	-0.73698	-0.77291	-0.6455	-0.057766	-0.3867	-0.23951	-0.10712	0.092262	0.10679	-1.2487
787.73	0.09541	0.044655	-0.11237	-0.25183	-0.34929	-0.40632	-0.55952	-0.58794	-0.49631	-0.33028	0.32767	0.2418	0.43327	0.80061	0.912	0.66833	0.30053	-0.0053563	-0.15365	-0.36408	-0.61681	-0.72995	-0.76573	-0.64694	-0.079256	-0.38026	-0.23033	-0.10818	0.097496	0.13124	-1.2487
790.09	0.11979	0.055384	-0.11969	-0.29263	-0.34613	-0.40101	-0.55242	-0.57273	-0.50037	-0.34739	0.33734	0.32079	0.6217	0.75943	0.82615	0.78642	0.28985	0.0029704	-0.16624	-0.39547	-0.62463	-0.74386	-0.75202	-0.66828	-0.084472	-0.39999	-0.25033	-0.086484	0.085515	0.11926	-1.2088
793.09	0.087204	0.033532	-0.11161	-0.25765	-0.35959	-0.39541	-0.54492	-0.57056	-0.49295	-0.32805	0.33182	0.20047	0.56264	0.8918	0.78163	0.8632	0.28095	0.0029591	-0.14332	-0.39195	-0.62034	-0.75306	-0.74348	-0.6445	-0.075098	-0.38525	-0.24189	-0.10567	0.081312	0.1015	-1.2088
794.38	0.088948	0.06409	-0.13808	-0.23093	-0.31898	-0.40495	-0.55664	-0.57919	-0.50135	-0.33151	0.33129	0.27941	0.48626	0.8132	0.96635	0.8021	0.28633	-0.019778	-0.1468	-0.38728	-0.61165	-0.74184	-0.75554	-0.65889	-0.074976	-0.39029	-0.26021	-0.10196	0.075367	0.11286	-1.2038
795.23	0.07943	0.046032	-0.12082	-0.26071	-0.34599	-0.39841	-0.53805	-0.59576	-0.47693	-0.32516	0.3267	0.4177	0.42918	0.92794	0.96531	0.80123	0.31713	-0.0094342	-0.12811	-0.38081	-0.61291	-0.72306	-0.75662	-0.65625	-0.076701	-0.37102	-0.23003	-0.087695	0.10432	0.1089	-1.2088
795.23	0.096393	0.064021	-0.11701	-0.23632	-0.35441	-0.40452	-0.54525	-0.58621	-0.51183	-0.32716	0.32458	0.18013	0.52343	0.69671	0.94468	0.6819	0.30352	-0.030079	-0.14664	-0.38686	-0.62442	-0.74104	-0.7623	-0.67359	-0.10018	-0.40495	-0.24311	-0.10185	0.081093	0.13192	-1.2537
795.23	0.088852	0.046032	-0.12272	-0.27385	-0.33126	-0.40452	-0.55064	-0.58048	-0.50816	-0.32516	0.32458	0.14054	0.63651	0.67746	0.90339	0.92054	0.29769	0.01121	-0.14849	-0.36871	-0.60908	-0.75303	-0.74337	-0.65818	-0.080313	-0.3861	-0.25806	-0.085925	0.083027	0.11849	-1.2387
793.73	0.094688	0.044318	-0.13247	-0.27813	-0.37195	-0.40732	-0.53907	-0.59114	-0.5036	-0.3498	0.33579	0.22015	0.58108	0.87178	0.65688	0.8625	0.29241	0.017435	-0.14135	-0.39365	-0.60254	-0.74845	-0.73718	-0.67101	-0.091325	-0.37361	-0.25293	-0.096723	0.090941	0.10142	-1.1988
791.37	0.089286	0.035411	-0.13669	-0.24501	-0.35403	-0.39626	-0.56237	-0.59866	-0.50694	-0.33077	0.33892	0.18101	0.54491	0.93247	0.84556	0.88506	0.28352	0.0029656	-0.14735	-0.38672	-0.60626	-0.73863	-0.76411	-0.65558	-0.078891	-0.37472	-0.22927	-0.11302	0.10093	0.13256	-1.1938
790.95	0.095022	0.033623	-0.15206	-0.25646	-0.36057	-0.39852	-0.55001	-0.59899	-0.51276	-0.35103	0.32634	0.36025	0.45047	0.83609	0.82525	0.82556	0.27585	-0.017787	-0.1791	-0.39707	-0.62974	-0.73301	-0.75501	-0.66562	-0.080749	-0.40335	-0.22376	-0.097064	0.073748	0.11335	-1.2337
788.37	0.10674	0.044619	-0.11995	-0.27245	-0.34051	-0.40393	-0.57176	-0.59131	-0.50331	-0.32396	0.34234	0.20167	0.64205	0.83882	0.86959	0.748	0.27871	-0.0095163	-0.15726	-0.37599	-0.62599	-0.75756	-0.74983	-0.67168	-0.095589	-0.40467	-0.23203	-0.086672	0.095462	0.14081	-1.1838
786.66	0.086012	0.051991	-0.13174	-0.25407	-0.3604	-0.40687	-0.5621	-0.59646	-0.51555	-0.33477	0.34522	0.36221	0.49103	0.76274	1.0593	0.80996	0.28718	-0.024145	-0.15947	-0.387	-0.6196	-0.75114	-0.76678	-0.6751	-0.093971	-0.38459	-0.24198	-0.097593	0.085887	0.11978	-1.2138
785.16	0.084267	0.017472	-0.12044	-0.26786	-0.35683	-0.38497	-0.57957	-0.5976	-0.52026	-0.36171	0.33089	0.22256	0.60652	0.8813	0.74771	0.77121	0.27788	-0.026281	-0.16165	-0.41225	-0.62855	-0.75864	-0.75482	-0.65297	-0.075857	-0.39296	-0.24623	-0.10316	0.097816	0.10447	-1.2038
784.94	0.093838	0.048458	-0.13396	-0.25272	-0.33561	-0.42425	-0.5688	-0.60937	-0.50551	-0.34562	0.3117	0.40311	0.45391	0.94011	0.83156	0.711	0.29962	-0.022106	-0.1373	-0.38172	-0.62872	-0.74468	-0.77421	-0.63948	-0.077706	-0.41025	-0.26523	-0.09243	0.099802	0.11227	-1.2387
785.37	0.089968	0.04661	-0.15314	-0.28869	-0.3546	-0.43639	-0.57577	-0.61097	-0.52384	-0.35554	0.31581	0.28261	0.2819	0.7445	0.83111	0.69047	0.29356	-0.030456	-0.16911	-0.39172	-0.64392	-0.75439	-0.78912	-0.68986	-0.086809	-0.39094	-0.22724	-0.090587	0.086028	0.11803	-1.2237
785.59	0.09567	0.032031	-0.12422	-0.27531	-0.33533	-0.42597	-0.57379	-0.60501	-0.52555	-0.34736	0.30288	0.32263	0.56802	0.7833	0.99805	0.69028	0.29151	0.005078	-0.14281	-0.37324	-0.62044	-0.75823	-0.76399	-0.68772	-0.099585	-0.41183	-0.25555	-0.1031	0.084047	0.12771	-1.2437
786.01	0.10134	0.0010738	-0.13377	-0.28466	-0.36922	-0.40926	-0.59168	-0.61627	-0.54571	-0.36132	0.32411	0.082121	0.58678	0.6854	0.91399	0.93134	0.28545	0.00089833	-0.17085	-0.3914	-0.61428	-0.75782	-0.754	-0.69904	-0.10501	-0.37537	-0.27999	-0.086932	0.044839	0.11018	-1.1938
787.94	0.10109	0.033751	-0.12193	-0.26502	-0.35982	-0.39593	-0.57934	-0.59163	-0.5073	-0.33825	0.32972	0.22177	0.62339	0.87818	0.93257	0.74841	0.31026	0.0092314	-0.13678	-0.36399	-0.61858	-0.74789	-0.77126	-0.66621	-0.090172	-0.39157	-0.25101	-0.090291	0.066216	0.12152	-1.2237
