921	26	2	92	26.5	757	0	-2	30	0	128	4096	1	0	0	0	0	100	943.44	1.4277e+006	0.11557	0	40.101	0	0	0	0	0	0	14	0	0
944.03	0.13602	0.072216	-0.075635	-0.14304	-0.2224	-0.27958	-0.36565	-0.45626	-0.34343	-0.14268	0.11954	0.29261	0.66246	0.84355	0.74086	0.82365	0.14185	-0.23209	-0.40601	-0.53416	-0.67475	-0.77954	-0.81154	-0.57473	-0.41525	-0.32384	-0.2204	-0.083945	0.090499	0.13037	-2.0396
942.96	0.13617	0.072297	-0.0836	-0.15115	-0.23868	-0.29971	-0.39088	-0.48913	-0.38633	-0.19972	0.059596	0.29294	0.66321	0.8445	0.82633	0.82458	0.28632	-0.093669	-0.29845	-0.4398	-0.60843	-0.71871	-0.77254	-0.59036	-0.3891	-0.30712	-0.20804	-0.076024	0.090601	0.1391	-1.5439
944.03	0.13602	0.072216	-0.083506	-0.16686	-0.25443	-0.31659	-0.41523	-0.52898	-0.42836	-0.2563	-0.00048056	0.21715	0.48604	0.7613	0.8254	0.82365	0.40613	0.019771	-0.20681	-0.36816	-0.54911	-0.67167	-0.7318	-0.55228	-0.37093	-0.29824	-0.19521	-0.075938	0.090499	0.13894	-1.0966
942.96	0.13617	0.072297	-0.09148	-0.16705	-0.26274	-0.3286	-0.43224	-0.55384	-0.46285	-0.28909	-0.051974	0.14186	0.48658	0.76216	0.82633	0.82458	0.48676	0.10804	-0.13226	-0.30527	-0.49103	-0.63387	-0.7007	-0.53042	-0.3536	-0.2815	-0.19543	-0.076024	0.090601	0.13052	-0.5984
944.03	0.13602	0.072216	-0.091377	-0.18274	-0.27846	-0.3511	-0.4648	-0.58553	-0.51329	-0.34557	-0.12907	0.066243	0.48604	0.67906	0.90994	0.91316	0.59033	0.22126	-0.040818	-0.22588	-0.43185	-0.57922	-0.66004	-0.49989	-0.33548	-0.27265	-0.19521	-0.067929	0.082662	0.13037	-0.12407
944.03	0.13602	0.072216	-0.091377	-0.19068	-0.28647	-0.3691	-0.49785	-0.61785	-0.56425	-0.41861	-0.20622	-0.0092116	0.30961	0.59681	0.8254	0.91316	0.67842	0.33459	0.058779	-0.14684	-0.36484	-0.52529	-0.62017	-0.46996	-0.32662	-0.25558	-0.17003	-0.067929	0.082662	0.13037	0.35127
944.03	0.14421	0.072216	-0.099247	-0.19862	-0.30248	-0.39218	-0.5309	-0.65825	-0.60671	-0.45918	-0.25766	-0.084652	0.22142	0.51456	0.8254	0.82365	0.72647	0.39755	0.10858	-0.099407	-0.32296	-0.49447	-0.58828	-0.44751	-0.30002	-0.24705	-0.17003	-0.067929	0.082662	0.13037	0.82758
942.96	0.13617	0.080532	-0.09148	-0.19884	-0.31084	-0.40757	-0.55631	-0.69135	-0.64991	-0.51657	-0.33519	-0.23583	0.13335	0.35045	0.82633	0.82458	0.7754	0.48625	0.2001	-0.020386	-0.25624	-0.44104	-0.54903	-0.43303	-0.29149	-0.23024	-0.15761	-0.059988	0.082755	0.12194	1.3048
944.03	0.13602	0.06399	-0.099247	-0.21449	-0.32651	-0.41539	-0.56395	-0.73096	-0.70013	-0.58903	-0.41196	-0.31101	0.04499	0.2678	0.74086	0.82365	0.82258	0.57385	0.27457	0.042874	-0.2057	-0.39431	-0.51651	-0.40261	-0.27343	-0.22145	-0.14484	-0.05992	0.082662	0.1218	1.7829
941.9	0.13633	0.080623	-0.10736	-0.21498	-0.3433	-0.42742	-0.5735	-0.7731	-0.75278	-0.64729	-0.49881	-0.38734	-0.13173	0.18597	0.65781	0.7358	0.84851	0.63826	0.34174	0.098429	-0.15579	-0.3566	-0.48571	-0.37352	-0.26517	-0.20485	-0.14517	-0.052029	0.082849	0.13067	2.2366
942.96	0.13617	0.072297	-0.10724	-0.22268	-0.35093	-0.47181	-0.65557	-0.80458	-0.79445	-0.70344	-0.56691	-0.46244	-0.21989	0.021086	0.65707	0.73497	0.85557	0.68796	0.39952	0.15371	-0.1053	-0.30991	-0.45324	-0.35811	-0.26487	-0.19608	-0.1324	-0.043953	0.082755	0.12194	2.7163
940.84	0.13648	0.080714	-0.10748	-0.23115	-0.35976	-0.45388	-0.62389	-0.84694	-0.84737	-0.77831	-0.66281	-0.5392	-0.39742	-0.14393	0.4889	0.64682	0.85751	0.7527	0.46705	0.22544	-0.046711	-0.26423	-0.40626	-0.32889	-0.24768	-0.18796	-0.12006	-0.044052	0.075079	0.12221	3.1967
939.77	0.13664	0.080805	-0.1076	-0.23939	-0.37626	-0.47876	-0.6578	-0.88036	-0.89952	-0.84441	-0.74967	-0.69139	-0.57507	-0.30934	0.40455	0.55764	0.84239	0.77885	0.52594	0.28128	-0.0046951	-0.22583	-0.37468	-0.30671	-0.23905	-0.17103	-0.1202	-0.036057	0.075164	0.12235	3.6778
937.64	0.13695	0.072707	-0.10785	-0.23993	-0.38517	-0.48019	-0.65929	-0.92303	-0.95287	-0.91169	-0.83768	-0.76893	-0.66519	-0.47567	0.23525	0.46879	0.82818	0.81865	0.57727	0.32967	0.045892	-0.1798	-0.34342	-0.27727	-0.22175	-0.16283	-0.10779	-0.028075	0.075334	0.12263	4.1595
936.58	0.1371	0.07279	-0.10797	-0.24821	-0.39368	-0.49769	-0.69335	-0.9648	-0.99675	-0.96999	-0.9164	-0.92191	-0.84377	-0.642	0.15031	0.28888	0.79683	0.83228	0.61139	0.37785	0.088157	-0.13341	-0.31166	-0.25495	-0.20413	-0.16301	-0.095223	-0.028107	0.07542	0.11413	4.6418
934.45	0.13742	0.072956	-0.10822	-0.25679	-0.40267	-0.50679	-0.71162	-1.0078	-1.0505	-1.0378	-1.0138	-1.0002	-1.0239	-0.89275	-0.020158	0.19912	0.7501	0.85962	0.67148	0.42662	0.13913	-0.094802	-0.28015	-0.23285	-0.18669	-0.15476	-0.09544	-0.028171	0.075592	0.11439	5.0992
936.58	0.1371	0.07279	-0.1159	-0.25621	-0.4179	-0.52699	-0.73499	-1.0381	-1.0995	-1.109	-1.1065	-1.1501	-1.1105	-1.1394	-0.19053	0.018228	0.68382	0.87036	0.70341	0.47346	0.18102	-0.063523	-0.24736	-0.20969	-0.16839	-0.13721	-0.08253	-0.028107	0.07542	0.11413	5.608
934.45	0.13742	0.081265	-0.10822	-0.26481	-0.42694	-0.54638	-0.77005	-1.0731	-1.1535	-1.1772	-1.2043	-1.2289	-1.2913	-1.3082	-0.27635	-0.16258	0.62065	0.87234	0.73856	0.51446	0.22375	-0.024752	-0.20765	-0.18749	-0.15982	-0.12028	-0.082718	-0.02008	0.067675	0.11439	6.0664
933.39	0.12929	0.073039	-0.10834	-0.27315	-0.42743	-0.55437	-0.796	-1.107	-1.1977	-1.2606	-1.3184	-1.3829	-1.5604	-1.5593	-0.53317	-0.34383	0.52416	0.87333	0.78137	0.56302	0.26636	0.014183	-0.18369	-0.165	-0.13311	-0.11179	-0.070076	-0.020103	0.067752	0.10585	6.5761
933.39	0.12101	0.073039	-0.10038	-0.26512	-0.43553	-0.56875	-0.81271	-1.1234	-1.2321	-1.3098	-1.3877	-1.5356	-1.7388	-1.8088	-0.61867	-0.43436	0.46746	0.8606	0.78976	0.587	0.30024	0.045351	-0.15143	-0.14229	-0.12415	-0.10316	-0.070076	-0.012003	0.067752	0.097177	7.0607
930.19	0.1048	0.07329	-0.092736	-0.26603	-0.4289	-0.56983	-0.83227	-1.1518	-1.2622	-1.3473	-1.4708	-1.694	-1.9238	-2.0655	-0.87818	-0.70836	0.35528	0.85077	0.81774	0.62913	0.33528	0.076783	-0.12768	-0.12759	-0.11558	-0.094855	-0.070316	-0.020172	0.052078	0.08011	7.5456
930.19	0.096496	0.056595	-0.07676	-0.26603	-0.43703	-0.58164	-0.84904	-1.1764	-1.288	-1.3967	-1.4882	-1.8471	-2.0134	-2.2324	-1.0497	-0.7992	0.274	0.83799	0.84301	0.65319	0.36928	0.10806	-0.1034	-0.1124	-0.10658	-0.086196	-0.057536	-0.020172	0.044124	0.062709	8.0052
929.13	0.079967	0.056659	-0.076848	-0.2502	-0.42939	-0.57972	-0.85841	-1.2024	-1.3413	-1.456	-1.5596	-1.9259	-2.1949	-2.4857	-1.3086	-0.982	0.16853	0.80057	0.84398	0.67804	0.40374	0.1395	-0.079217	-0.089721	-0.097697	-0.077625	-0.057602	-0.020195	0.044175	0.054073	8.5162
927	0.071812	0.040039	-0.069009	-0.24269	-0.43853	-0.58978	-0.8688	-1.2298	-1.3703	-1.5172	-1.6505	-2.0072	-2.3796	-2.6589	-1.4838	-1.1666	0.054741	0.77676	0.87128	0.70374	0.43026	0.16335	-0.055038	-0.074685	-0.079868	-0.077803	-0.057734	-0.020242	0.028316	0.036736	8.9762
924.87	0.046903	0.02334	-0.069168	-0.23514	-0.42319	-0.58529	-0.88766	-1.2574	-1.4255	-1.587	-1.7505	-2.1658	-2.5652	-3.0009	-1.6598	-1.4433	-0.075924	0.73998	0.87328	0.73764	0.46545	0.19519	-0.022609	-0.05958	-0.071004	-0.060565	-0.045013	-0.020288	0.012383	0.028071	9.4619
923.8	0.030224	0.006556	-0.069248	-0.2273	-0.42368	-0.58954	-0.89713	-1.2754	-1.4531	-1.6386	-1.8226	-2.3225	-2.7484	-3.2565	-2.0073	-1.7194	-0.21514	0.68936	0.88277	0.75464	0.49166	0.2269	-0.0063402	-0.036707	-0.052971	-0.051915	-0.045065	-0.028496	0.012397	0.010582	9.9477
922.74	0.013504	-0.0018514	-0.069328	-0.22756	-0.41598	-0.58476	-0.90662	-1.3016	-1.4983	-1.6903	-1.8861	-2.4024	-2.9321	-3.5127	-2.0961	-1.9045	-0.33009	0.65151	0.88379	0.77169	0.51794	0.25081	0.018126	-0.021437	-0.043964	-0.051975	-0.045117	-0.020335	-0.0036242	0.0018237	10.433
919.54	-0.011668	-0.02719	-0.077649	-0.22021	-0.4092	-0.57937	-0.90977	-1.3228	-1.5384	-1.7545	-1.9895	-2.4882	-3.0328	-3.7782	-2.3637	-2.0949	-0.46279	0.60206	0.88686	0.7906	0.53694	0.27541	0.042747	-0.0061461	-0.035017	-0.043396	-0.032345	-0.028628	-0.011682	-0.01577	10.894
918.48	-0.05376	-0.061036	-0.10201	-0.19598	-0.38498	-0.56045	-0.90233	-1.3243	-1.5576	-1.7982	-2.0623	-2.5687	-3.3083	-4.0362	-2.6271	-2.3733	-0.62795	0.53804	0.88789	0.81589	0.57199	0.30741	0.067382	0.0015386	-0.025947	-0.034676	-0.032383	-0.036893	-0.035859	-0.033411	11.405
918.48	-0.095841	-0.1033	-0.13437	-0.19598	-0.35206	-0.53013	-0.89384	-1.3243	-1.5663	-1.8149	-2.1063	-2.7238	-3.399	-4.2053	-2.8009	-2.5573	-0.74319	0.49921	0.87936	0.82401	0.58921	0.32324	0.083773	0.016922	-0.025947	-0.025906	-0.045326	-0.045124	-0.051969	-0.059845	11.865
914.22	-0.16393	-0.18023	-0.20814	-0.24608	-0.32062	-0.4673	-0.82975	-1.2887	-1.5649	-1.8401	-2.1516	-2.7365	-3.5059	-4.3947	-2.9012	-2.6617	-0.84589	0.46253	0.87489	0.82785	0.60061	0.34066	0.092397	0.032455	-0.016914	-0.026027	-0.045537	-0.061874	-0.084581	-0.11324	12.351
911.02	-0.17299	-0.20643	-0.23333	-0.27162	-0.34664	-0.47479	-0.81554	-1.2933	-1.5615	-1.8465	-2.1591	-2.7461	-3.6096	-4.4954	-2.999	-2.7638	-0.89865	0.42501	0.87796	0.83895	0.6114	0.34984	0.10925	0.040323	-0.0077886	-0.026118	-0.045697	-0.062091	-0.092997	-0.11363	12.836
905.69	-0.25935	-0.29337	-0.33315	-0.36425	-0.39041	-0.40925	-0.62227	-1.1493	-1.4822	-1.7813	-2.1182	-2.7622	-3.5389	-4.4361	-3.1048	-2.78	-0.91229	0.42751	0.88312	0.84389	0.62372	0.35993	0.10989	0.03276	-0.017074	-0.04406	-0.059092	-0.095846	-0.15072	-0.17685	13.321
903.56	-0.31129	-0.34563	-0.3915	-0.43976	-0.47501	-0.43776	-0.54604	-1.0338	-1.4058	-1.7431	-2.0963	-2.7687	-3.6394	-4.5325	-3.1121	-2.8801	-0.97301	0.4022	0.87653	0.84588	0.63394	0.36883	0.11848	0.032838	-0.017114	-0.044164	-0.072389	-0.11281	-0.18383	-0.21309	13.78
899.29	-0.32996	-0.37317	-0.41814	-0.43351	-0.46045	-0.41837	-0.50527	-0.94543	-1.3501	-1.7088	-2.0793	-2.7819	-3.5641	-4.554	-3.1268	-2.7998	-0.98603	0.39089	0.87198	0.84989	0.63695	0.37058	0.11904	0.032993	-0.0265	-0.044373	-0.072732	-0.13016	-0.20938	-0.2591	14.29
895.03	-0.38335	-0.41832	-0.44504	-0.44395	-0.46264	-0.41489	-0.43796	-0.71985	-1.2222	-1.6142	-2.0259	-2.636	-3.5811	-4.5757	-3.1417	-2.8132	-1.0245	0.37947	0.87613	0.86228	0.64882	0.38047	0.12802	0.041044	-0.026626	-0.053584	-0.086361	-0.15612	-0.25997	-0.31458	14.749
890.76	-0.37651	-0.42033	-0.42214	-0.42925	-0.43091	-0.40168	-0.41379	-0.56917	-1.102	-1.5617	-1.9992	-2.6486	-3.5982	-4.5104	-3.1568	-2.9215	-1.0634	0.36794	0.88033	0.86641	0.66081	0.39862	0.13708	0.049171	-0.026754	-0.062884	-0.10012	-0.16535	-0.26952	-0.32518	15.233
883.3	-0.37969	-0.41509	-0.4173	-0.40742	-0.40887	-0.37165	-0.38196	-0.56535	-1.0932	-1.5229	-1.9612	-2.5903	-3.5344	-4.4607	-3.1835	-2.8505	-1.021	0.37106	0.8789	0.86528	0.65744	0.39376	0.13824	0.041589	-0.036454	-0.072533	-0.11443	-0.19243	-0.28855	-0.33709	15.716
875.82	-0.42706	-0.47182	-0.46328	-0.44513	-0.47279	-0.43385	-0.46537	-0.74434	-1.2124	-1.6233	-2.0611	-2.6938	-3.7547	-4.676	-3.3929	-3.0678	-1.1851	0.30635	0.87745	0.87266	0.67208	0.40542	0.14801	0.05001	-0.02721	-0.063956	-0.1154	-0.18544	-0.29102	-0.3492	16.198
874.76	-0.40991	-0.44577	-0.44686	-0.42853	-0.43015	-0.40436	-0.40353	-0.50983	-0.95721	-1.4502	-1.9341	-2.6156	-3.6641	-4.6817	-3.397	-3.0715	-1.1952	0.29314	0.86061	0.88226	0.68194	0.42255	0.16541	0.058147	-0.027243	-0.064034	-0.11554	-0.18566	-0.30828	-0.35888	16.681
868.35	-0.44854	-0.48482	-0.49293	-0.47485	-0.47685	-0.44519	-0.45141	-0.60143	-1.1028	-1.5667	-2.0508	-2.7169	-3.787	-4.8951	-3.514	-3.2888	-1.2911	0.26792	0.86696	0.88877	0.69607	0.42566	0.16663	0.058576	-0.017808	-0.064507	-0.1164	-0.18703	-0.31908	-0.37085	17.162
868.35	-0.44854	-0.48482	-0.50149	-0.48348	-0.48556	-0.47078	-0.4604	-0.49602	-0.93657	-1.4609	-1.9763	-2.7169	-3.787	-4.8951	-3.514	-3.2888	-1.3346	0.24054	0.84891	0.88877	0.70518	0.44241	0.18396	0.066712	-0.017808	-0.055231	-0.1164	-0.19574	-0.3276	-0.38949	17.643
859.81	-0.453	-0.48061	-0.48919	-0.47085	-0.46401	-0.4494	-0.44683	-0.49208	-0.91791	-1.4397	-1.9677	-2.6611	-3.8246	-4.9438	-3.6417	-3.3215	-1.3742	0.2291	0.86646	0.8976	0.71219	0.45527	0.18579	0.067375	-0.017985	-0.065148	-0.13138	-0.20648	-0.34806	-0.40277	18.123
854.46	-0.46488	-0.51088	-0.51834	-0.48257	-0.4846	-0.46943	-0.45875	-0.49516	-0.85796	-1.4218	-1.9705	-2.6777	-3.946	-5.0655	-3.7579	-3.4412	-1.4359	0.20271	0.87188	0.92068	0.73515	0.46663	0.19576	0.084332	-0.0083041	-0.056128	-0.11829	-0.21662	-0.3589	-0.41476	18.577
854.46	-0.45583	-0.4927	-0.50094	-0.4738	-0.46691	-0.45381	-0.44049	-0.45053	-0.74537	-1.3322	-1.9137	-2.6777	-3.8485	-4.9747	-3.7579	-3.4412	-1.4448	0.17488	0.85354	0.90321	0.73515	0.46663	0.19576	0.084332	-0.018097	-0.065555	-0.1322	-0.22547	-0.35024	-0.41476	19.081
850.19	-0.50358	-0.54085	-0.5559	-0.52907	-0.51372	-0.49613	-0.4794	-0.48868	-0.75854	-1.3299	-1.9233	-2.6912	-3.8679	-5.091	-3.7768	-3.4585	-1.4876	0.17576	0.85783	0.90775	0.73884	0.47753	0.21445	0.084756	-0.018188	-0.065885	-0.13286	-0.2266	-0.3694	-0.4454	19.559
848.05	-0.51396	-0.55137	-0.5573	-0.5304	-0.51501	-0.4987	-0.48061	-0.48092	-0.68483	-1.2519	-1.8709	-2.614	-3.8776	-5.1038	-3.8804	-3.5668	-1.5538	0.14817	0.86923	0.93644	0.75935	0.49589	0.22387	0.10163	-0.0083669	-0.066051	-0.1332	-0.23608	-0.38778	-0.45607	20.036
844.85	-0.53421	-0.56265	-0.55062	-0.52354	-0.53487	-0.52847	-0.51013	-0.5008	-0.74436	-1.3292	-1.9451	-2.7925	-4.0895	-5.307	-3.9896	-3.6804	-1.6491	0.10652	0.85398	0.93116	0.76223	0.50638	0.23363	0.10201	-0.0083986	-0.066302	-0.14777	-0.24593	-0.40677	-0.47695	20.512
838.43	-0.51986	-0.54843	-0.55483	-0.52755	-0.52994	-0.5154	-0.49543	-0.50463	-0.57793	-1.1018	-1.8055	-2.644	-3.9221	-5.1624	-4.0201	-3.8093	-1.6978	0.064796	0.83248	0.92939	0.7775	0.51893	0.25337	0.11965	0.011498	-0.057202	-0.13473	-0.23879	-0.39223	-0.4613	20.962
827.73	-0.69467	-0.73375	-0.75948	-0.74262	-0.7286	-0.68553	-0.66203	-0.75994	-0.75975	-0.99573	-1.4573	-2.2479	-3.2686	-4.3849	-3.1079	-3.0419	-1.1261	0.29543	0.9095	0.93238	0.75889	0.49927	0.22027	0.095589	-0.018682	-0.087133	-0.16519	-0.28755	-0.48668	-0.57481	21.436
798.83	-0.68111	-0.7117	-0.75906	-0.74135	-0.7455	-0.72653	-0.71527	-0.76835	-0.83743	-0.96463	-1.4087	-1.9726	-3.1784	-3.6687	-3.0206	-2.7288	-1.0817	0.36564	0.9228	0.95678	0.76655	0.49913	0.21882	0.081362	-0.029833	-0.090287	-0.17117	-0.28849	-0.50429	-0.58548	21.909
788.11	-0.77864	-0.81005	-0.82595	-0.81799	-0.75564	-0.72833	-0.74479	-0.82719	-0.82847	-1.0069	-1.4792	-1.9994	-3.3273	-3.8172	-3.0617	-2.6587	-1.0868	0.3857	0.94529	0.96979	0.78701	0.49669	0.21224	0.073504	-0.051474	-0.10174	-0.20367	-0.34038	-0.5487	-0.65505	22.38
797.75	-0.77892	-0.80999	-0.79734	-0.76113	-0.72755	-0.72526	-0.74557	-0.76938	-0.77825	-0.98513	-1.4309	-1.9752	-3.1827	-3.771	-3.0246	-2.6266	-1.0357	0.39594	0.94368	0.95806	0.76758	0.49068	0.20024	0.06376	-0.050852	-0.1207	-0.21611	-0.34574	-0.56061	-0.65727	22.826
791.33	-0.77548	-0.80676	-0.82259	-0.77678	-0.76212	-0.74373	-0.74177	-0.79491	-0.80484	-1.0222	-1.463	-1.9012	-3.2085	-3.5073	-3.1501	-2.6479	-1.1397	0.35409	0.94145	0.97528	0.7938	0.52224	0.23041	0.091061	-0.04069	-0.1115	-0.20284	-0.34855	-0.57451	-0.67284	23.32
789.18	-0.79717	-0.81879	-0.81541	-0.75041	-0.74503	-0.71582	-0.70425	-0.7874	-0.81719	-1.0347	-1.4772	-1.9967	-3.1117	-3.2216	-3.0575	-2.548	-1.0949	0.37011	0.95393	0.98738	0.80598	0.52366	0.23103	0.082356	-0.040801	-0.1118	-0.21845	-0.35907	-0.58545	-0.69518	23.764
787.04	-0.76988	-0.81115	-0.81763	-0.78102	-0.77588	-0.76097	-0.74581	-0.76047	-0.83979	-1.0375	-1.5121	-2.0021	-3.0144	-2.9344	-3.1672	-2.555	-1.1843	0.34091	0.93662	0.99007	0.81822	0.54357	0.25079	0.10951	-0.03028	-0.10187	-0.20394	-0.35045	-0.56824	-0.67651	24.231
785.97	-0.82011	-0.85178	-0.84711	-0.79162	-0.7577	-0.73598	-0.72698	-0.75181	-0.82053	-1.0486	-1.5245	-2.0048	-2.8066	-2.5433	-2.9685	-2.3435	-1.0897	0.37163	0.94787	0.99142	0.81934	0.55357	0.26071	0.10966	-0.030321	-0.11226	-0.20422	-0.36054	-0.59726	-0.70832	24.696
778.46	-0.79822	-0.82009	-0.8171	-0.78	-0.765	-0.73706	-0.71395	-0.74926	-0.84904	-1.0686	-1.4872	-1.9327	-2.6197	-2.2686	-2.8946	-2.2575	-1.11	0.35994	0.94694	1.0106	0.8374	0.57759	0.28256	0.12887	-0.0091149	-0.092649	-0.20619	-0.3446	-0.59351	-0.69436	25.185
779.53	-0.80704	-0.83889	-0.83504	-0.79815	-0.76395	-0.73743	-0.74298	-0.8265	-1.0124	-1.2833	-1.5059	-1.5645	-1.6547	-1.9666	-1.8669	-1.9292	-0.70109	0.45094	0.97579	1.0092	0.83624	0.57679	0.28217	0.13775	-0.0091023	-0.092521	-0.20591	-0.36352	-0.60218	-0.6934	25.623
774.17	-0.81263	-0.83467	-0.84082	-0.794	-0.76924	-0.73912	-0.72798	-0.79282	-1.0712	-1.3417	-1.5268	-1.5753	-1.451	-1.9803	-1.6736	-1.9426	-0.65711	0.45407	0.98255	1.0258	0.86246	0.59958	0.3133	0.14783	0.012452	-0.082757	-0.19198	-0.34651	-0.60636	-0.69821	26.084
769.88	-0.8272	-0.85949	-0.84551	-0.78869	-0.78335	-0.76358	-0.7523	-0.79724	-1.0668	-1.2696	-1.4512	-1.3991	-1.351	-1.7896	-1.5793	-1.8437	-0.61168	0.4566	0.98803	1.0315	0.86727	0.61237	0.31504	0.15783	0.012522	-0.083219	-0.17761	-0.35826	-0.61935	-0.72312	26.52
761.29	-0.76546	-0.80799	-0.79649	-0.75821	-0.76239	-0.7565	-0.74029	-0.72608	-0.76287	-1.0726	-1.2337	-1.2277	-1.4756	-1.1978	-1.5971	-1.4205	-0.61858	0.46175	0.97859	1.0236	0.87705	0.61927	0.32848	0.17817	0.034644	-0.062997	-0.17961	-0.34244	-0.58746	-0.68876	27.002
741.96	-0.82707	-0.86043	-0.88733	-0.86887	-0.87396	-0.87067	-0.8647	-0.86835	-0.88	-0.92498	-0.92772	-0.87571	-0.95286	-0.91505	-0.9934	-1.0019	-0.37995	0.53787	0.99352	1.0402	0.88924	0.64521	0.35733	0.20185	0.046825	-0.042926	-0.16826	-0.34117	-0.60276	-0.71761	27.435
725.84	-0.85609	-0.89024	-0.89681	-0.90882	-0.90379	-0.90187	-0.89466	-0.87713	-0.87745	-0.87164	-0.88143	-0.79705	-0.74457	-0.93538	-0.90552	-0.90779	-0.36756	0.53344	0.97241	1.0324	0.8981	0.65954	0.38601	0.21607	0.059394	-0.032782	-0.15562	-0.32791	-0.62634	-0.73355	27.89
721.54	-0.88262	-0.90631	-0.92275	-0.91424	-0.93013	-0.92362	-0.89999	-0.88236	-0.88268	-0.88745	-0.8979	-0.8018	-0.86442	-0.83334	-0.91092	-0.9132	-0.36975	0.52014	0.98906	1.0386	0.90345	0.66347	0.38831	0.21736	0.059748	-0.032977	-0.15655	-0.34035	-0.63008	-0.73792	27.89
722.61	-0.82782	-0.86198	-0.89053	-0.88176	-0.8869	-0.8763	-0.85548	-0.84938	-0.84808	-0.84372	-0.85177	-0.80061	-0.86313	-0.8321	-0.90956	-0.91184	-0.29596	0.56872	0.98759	1.0267	0.88022	0.64236	0.35648	0.18771	0.048079	-0.055222	-0.17277	-0.33984	-0.6189	-0.71442	27.435
738.74	-0.79929	-0.84316	-0.85098	-0.83208	-0.83684	-0.83014	-0.81569	-0.81019	-0.80787	-0.80457	-0.81127	-0.78313	-0.73157	-0.70885	-0.88971	-0.89194	-0.23833	0.60458	0.98725	1.0043	0.86101	0.60864	0.31813	0.16448	0.024377	-0.064921	-0.18509	-0.34266	-0.59538	-0.69883	26.978
752.7	-0.82554	-0.84815	-0.82532	-0.77681	-0.76105	-0.73805	-0.73838	-0.81543	-0.99526	-1.1764	-1.2693	-1.2418	-1.1605	-1.6241	-1.4033	-1.549	-0.5051	0.49861	0.97934	1.0154	0.85554	0.59735	0.30223	0.15205	0.0016904	-0.074418	-0.19745	-0.35639	-0.61382	-0.70737	26.544
763.44	-0.8038	-0.83623	-0.82344	-0.77571	-0.77015	-0.76305	-0.73821	-0.69407	-0.73972	-1.0595	-1.3998	-1.5042	-1.6896	-1.703	-1.8017	-1.7485	-0.63664	0.49159	0.9861	1.0109	0.84351	0.57943	0.28812	0.1314	-0.0092942	-0.094472	-0.21025	-0.36128	-0.60519	-0.70802	26.084
770.95	-0.81602	-0.86837	-0.84433	-0.78759	-0.75284	-0.73004	-0.73102	-0.78624	-1.0341	-1.3473	-1.5961	-1.5819	-1.4571	-2.19	-1.7842	-1.9507	-0.65005	0.47138	0.97649	1.0011	0.84555	0.57378	0.28531	0.13012	-0.0092036	-0.093551	-0.2082	-0.35776	-0.60889	-0.71162	25.623
773.1	-0.81376	-0.83583	-0.82277	-0.77571	-0.76053	-0.74394	-0.74917	-0.81365	-1.0209	-1.3733	-1.5917	-1.6697	-1.5608	-2.1839	-1.8824	-1.9453	-0.60913	0.50083	0.99405	1.0079	0.83298	0.56278	0.26505	0.12062	-0.020002	-0.10371	-0.20762	-0.36655	-0.6072	-0.70964	25.16
780.6	-0.79603	-0.83773	-0.82437	-0.78745	-0.7629	-0.73159	-0.72198	-0.79606	-0.84671	-1.0558	-1.4727	-1.9274	-2.8259	-2.5607	-2.8866	-2.3596	-1.0682	0.38941	0.96441	0.99823	0.82496	0.54805	0.25286	0.11041	-0.01981	-0.11303	-0.20562	-0.35334	-0.59188	-0.69245	24.696
787.04	-0.79934	-0.84075	-0.82707	-0.75245	-0.71824	-0.69305	-0.68635	-0.7314	-0.81941	-1.0375	-1.5224	-1.8211	-2.9086	-2.8358	-2.9644	-2.4476	-1.0979	0.38623	0.94657	0.99955	0.81822	0.54357	0.25079	0.10053	-0.03028	-0.11211	-0.20394	-0.35045	-0.58704	-0.68679	24.231
790.25	-0.80587	-0.85698	-0.84251	-0.77784	-0.76315	-0.75573	-0.75264	-0.75738	-0.84651	-1.0139	-1.4752	-1.994	-3.2129	-3.4138	-3.1543	-2.6515	-1.1795	0.33952	0.94272	0.98605	0.81489	0.54136	0.24024	0.091185	-0.030157	-0.12185	-0.20311	-0.35859	-0.58465	-0.69424	23.764
794.54	-0.80153	-0.83281	-0.84732	-0.78307	-0.76855	-0.7465	-0.73877	-0.79169	-0.80158	-0.96983	-1.4673	-1.9832	-3.3003	-3.9817	-3.0369	-2.8499	-1.0875	0.38258	0.93764	0.97133	0.78064	0.50182	0.21053	0.064018	-0.051057	-0.13133	-0.21698	-0.34714	-0.59081	-0.68031	23.296
798.83	-0.75852	-0.78946	-0.83347	-0.80702	-0.75496	-0.72721	-0.69575	-0.66332	-0.66681	-0.89749	-1.3378	-1.7942	-2.9699	-3.6687	-2.621	-2.5173	-0.81665	0.4847	0.96203	0.96612	0.74676	0.47181	0.18113	0.045987	-0.071732	-0.15079	-0.2307	-0.35474	-0.57838	-0.65639	22.826
794.54	-0.74315	-0.78395	-0.79121	-0.74534	-0.74952	-0.71969	-0.66023	-0.6285	-0.63004	-0.87341	-1.2737	-1.8039	-2.7763	-3.4931	-2.4343	-2.3182	-0.68784	0.5322	0.96722	0.95255	0.73088	0.45605	0.16316	0.037343	-0.072119	-0.1516	-0.21698	-0.34714	-0.56288	-0.63956	22.355
795.61	-0.73244	-0.77313	-0.79014	-0.76318	-0.76752	-0.74803	-0.71816	-0.72352	-0.68965	-0.91075	-1.3534	-1.8015	-2.9819	-3.586	-2.6316	-2.4212	-0.77244	0.5016	0.95607	0.95127	0.73983	0.45544	0.1724	0.037293	-0.061506	-0.14127	-0.21669	-0.33717	-0.54352	-0.62853	21.909
791.33	-0.7071	-0.7577	-0.82259	-0.78626	-0.79078	-0.76587	-0.74177	-0.78527	-0.80484	-1.0125	-1.4937	-1.9913	-3.2085	-3.8998	-2.9484	-2.6479	-1.0059	0.41418	0.93154	0.95642	0.76383	0.47629	0.20187	0.064278	-0.04069	-0.10132	-0.18781	-0.30078	-0.49972	-0.60125	21.436
804.18	-0.73424	-0.7842	-0.79096	-0.75505	-0.72173	-0.6974	-0.69111	-0.73478	-0.73215	-1.0058	-1.4597	-1.9594	-3.0537	-3.6443	-2.7028	-2.3954	-0.79241	0.49625	0.94588	0.93185	0.72212	0.44154	0.15184	0.036895	-0.071254	-0.13977	-0.19959	-0.32417	-0.51933	-0.61177	20.962
806.32	-0.6556	-0.70508	-0.72436	-0.71586	-0.71982	-0.7164	-0.7183	-0.74228	-0.77992	-1.0507	-1.4559	-1.9542	-3.0456	-3.6346	-2.5966	-2.3891	-0.77155	0.50968	0.94337	0.92937	0.71039	0.43135	0.16077	0.036797	-0.050311	-0.11942	-0.18432	-0.28581	-0.48125	-0.54992	20.487
813.82	-0.68755	-0.73675	-0.77247	-0.7461	-0.73176	-0.69161	-0.67334	-0.77294	-0.76289	-0.98451	-1.4723	-1.9362	-3.1198	-3.6966	-2.7688	-2.3671	-0.84805	0.46116	0.92505	0.91164	0.70385	0.43631	0.15004	0.045139	-0.049848	-0.10842	-0.16802	-0.29246	-0.47682	-0.56475	19.986
826.66	-0.62077	-0.67834	-0.7335	-0.75264	-0.76612	-0.72977	-0.70062	-0.78861	-0.74134	-1.0434	-1.5179	-1.9923	-3.1721	-3.7331	-2.7258	-2.3303	-0.78915	0.48276	0.92015	0.90651	0.68335	0.42073	0.1295	0.027346	-0.059196	-0.12622	-0.17979	-0.27878	-0.44256	-0.51681	19.534
833.08	-0.58815	-0.63584	-0.71001	-0.72885	-0.70577	-0.68402	-0.6765	-0.71844	-0.75487	-1.0261	-1.5354	-2.0625	-3.1477	-3.8907	-2.8964	-2.5152	-0.91012	0.43623	0.90366	0.89952	0.69707	0.43495	0.16464	0.052576	-0.038651	-0.086574	-0.14986	-0.24033	-0.41251	-0.48369	19.056
851.26	-0.47571	-0.52192	-0.52902	-0.49319	-0.50419	-0.48222	-0.46048	-0.50598	-0.9177	-1.4452	-1.9684	-2.6878	-3.863	-4.9934	-3.6783	-3.3548	-1.4058	0.20347	0.85675	0.89785	0.71934	0.4513	0.18766	0.076351	-0.018165	-0.065802	-0.1327	-0.20855	-0.35156	-0.41632	18.602
877.96	-0.46124	-0.50605	-0.496	-0.47819	-0.48025	-0.45545	-0.45536	-0.5601	-0.96285	-1.4885	-2.01	-2.7683	-3.8404	-5.0184	-3.6573	-3.4453	-1.4147	0.19728	0.85747	0.89604	0.71547	0.45414	0.19052	0.074029	-0.017613	-0.072974	-0.12866	-0.21082	-0.34087	-0.39444	18.098
869.42	-0.46577	-0.49316	-0.48378	-0.45703	-0.45018	-0.42045	-0.42394	-0.54805	-1.0461	-1.5296	-2.0204	-2.7136	-3.7823	-4.8891	-3.6014	-3.2848	-1.2982	0.26759	0.87491	0.89626	0.70431	0.44187	0.17508	0.06663	-0.027411	-0.073691	-0.12992	-0.2042	-0.34421	-0.39832	17.618
874.76	-0.46293	-0.5079	-0.49782	-0.47994	-0.48201	-0.44236	-0.43919	-0.59702	-1.0947	-1.5465	-2.0173	-2.697	-3.7593	-4.7705	-3.397	-3.1681	-1.2384	0.27954	0.86957	0.88226	0.69098	0.43086	0.1568	0.058147	-0.027243	-0.073241	-0.11554	-0.20295	-0.33366	-0.38663	17.137
879.03	-0.39033	-0.42594	-0.44469	-0.42645	-0.41946	-0.4033	-0.40157	-0.45529	-0.93432	-1.4518	-1.9431	-2.6029	-3.741	-4.659	-3.3805	-3.1527	-1.1894	0.29171	0.86534	0.87797	0.67862	0.42877	0.15604	0.057865	-0.017592	-0.072885	-0.11498	-0.18476	-0.3152	-0.35714	16.655
881.16	-0.42447	-0.47778	-0.48577	-0.45094	-0.46992	-0.42044	-0.436	-0.70521	-1.1868	-1.6048	-2.0486	-2.7583	-3.7319	-4.7358	-3.2817	-3.1451	-1.135	0.33148	0.88103	0.88432	0.67698	0.40297	0.13858	0.04169	-0.027045	-0.072709	-0.1147	-0.17573	-0.29765	-0.34709	16.198
886.5	-0.39576	-0.44863	-0.44932	-0.43131	-0.43298	-0.40081	-0.42458	-0.62353	-1.1435	-1.5779	-2.018	-2.7417	-3.6155	-4.6197	-3.262	-3.0309	-1.0941	0.35631	0.87573	0.87899	0.67291	0.40054	0.13774	0.049408	-0.026883	-0.063187	-0.1006	-0.17468	-0.28751	-0.33587	15.716
889.7	-0.35959	-0.4121	-0.43935	-0.45503	-0.49091	-0.45715	-0.51948	-0.8699	-1.3196	-1.7186	-2.1472	-2.8119	-3.7897	-4.8649	-3.4297	-3.2099	-1.2091	0.30157	0.86377	0.87583	0.67049	0.40728	0.14571	0.057171	-0.017381	-0.044852	-0.086879	-0.14006	-0.23659	-0.28009	15.233
898.23	-0.34756	-0.3909	-0.41864	-0.41734	-0.41891	-0.36891	-0.39298	-0.66634	-1.1821	-1.5914	-2.0006	-2.6266	-3.5683	-4.473	-3.0417	-2.8031	-0.99562	0.39135	0.87301	0.85921	0.64651	0.38721	0.12756	0.040898	-0.017216	-0.053393	-0.099289	-0.14715	-0.25905	-0.29544	14.749
901.43	-0.34633	-0.38951	-0.41715	-0.41585	-0.44258	-0.39647	-0.45216	-0.82474	-1.2758	-1.6537	-2.0295	-2.6963	-3.5557	-4.4571	-3.0309	-2.7932	-0.95015	0.40315	0.87861	0.84788	0.63544	0.3697	0.12711	0.040752	-0.026437	-0.053204	-0.098936	-0.12985	-0.23351	-0.27644	14.29
908.89	-0.30947	-0.36923	-0.41373	-0.43718	-0.46391	-0.41587	-0.48277	-0.89349	-1.3094	-1.6654	-2.0306	-2.6741	-3.5265	-4.4205	-3.006	-2.6773	-0.9174	0.41292	0.87139	0.84092	0.63023	0.36667	0.11779	0.040418	-0.02622	-0.043905	-0.085044	-0.12046	-0.19903	-0.24746	13.78
913.15	-0.29109	-0.33349	-0.38738	-0.41872	-0.44518	-0.42316	-0.56593	-1.0731	-1.4174	-1.7332	-2.0832	-2.7396	-3.51	-4.3999	-2.9046	-2.6648	-0.86344	0.45005	0.87591	0.84516	0.61863	0.34903	0.10899	0.024756	-0.016934	-0.0437	-0.071628	-0.095063	-0.1738	-0.20199	13.296
917.41	-0.20549	-0.24731	-0.2803	-0.31875	-0.36895	-0.42998	-0.69083	-1.2011	-1.507	-1.8003	-2.1176	-2.7269	-3.5845	-4.3794	-2.9781	-2.6524	-0.85943	0.44796	0.87184	0.8331	0.61575	0.3474	0.10849	0.032342	-0.016856	-0.034716	-0.045379	-0.0699	-0.11654	-0.15695	12.836
920.61	-0.1376	-0.17054	-0.17441	-0.22809	-0.31839	-0.47581	-0.84941	-1.3129	-1.5801	-1.8523	-2.1718	-2.7948	-3.572	-4.4486	-2.9678	-2.735	-0.85644	0.45932	0.87732	0.83832	0.60503	0.3383	0.099932	0.032229	-0.0077075	-0.025846	-0.045221	-0.053232	-0.092028	-0.10366	12.351
931.26	-0.069624	-0.10189	-0.11657	-0.20134	-0.36346	-0.53626	-0.88995	-1.3225	-1.5534	-1.7982	-2.0687	-2.6099	-3.3524	-4.1476	-2.6767	-2.4315	-0.70864	0.50513	0.86729	0.80469	0.57264	0.311	0.07454	0.01669	-0.016605	-0.0342	-0.031938	-0.044505	-0.051256	-0.059024	11.865
931.26	-0.036421	-0.060199	-0.10061	-0.20939	-0.38782	-0.55841	-0.89833	-1.3225	-1.5362	-1.7735	-2.0166	-2.5334	-3.1735	-3.8974	-2.5053	-2.25	-0.57063	0.55619	0.87571	0.80469	0.56415	0.29538	0.058374	0.0091037	-0.025591	-0.04285	-0.031938	-0.028268	-0.027423	-0.032953	11.379
934.45	-0.0032095	-0.035065	-0.07641	-0.21669	-0.41076	-0.57525	-0.89526	-1.3098	-1.5052	-1.7183	-1.9577	-2.4485	-3.0736	-3.6348	-2.326	-2.0615	-0.43923	0.60518	0.8811	0.78597	0.53683	0.27102	0.03401	-0.006048	-0.034458	-0.042704	-0.044551	-0.028171	-0.011496	-0.015519	10.919
937.64	0.0050455	-0.018384	-0.068226	-0.22395	-0.41743	-0.58057	-0.89221	-1.2891	-1.4916	-1.6716	-1.8734	-2.3642	-2.7967	-3.4568	-2.0627	-1.8743	-0.31678	0.66651	0.86974	0.76738	0.50971	0.24682	0.017838	-0.028631	-0.043265	-0.042558	-0.0444	-0.028075	-0.0035666	-0.0068364	10.433
938.71	0.037977	0.014724	-0.068149	-0.23168	-0.42501	-0.58269	-0.88289	-1.2714	-1.4386	-1.6044	-1.7851	-2.2098	-2.6161	-3.122	-1.8054	-1.6021	-0.15534	0.71641	0.86876	0.74266	0.48386	0.21555	-0.0062395	-0.043649	-0.061043	-0.051091	-0.044349	-0.019989	0.0043188	0.019035	9.9477
941.9	0.054262	0.022918	-0.075806	-0.23885	-0.42357	-0.58169	-0.87989	-1.2509	-1.3997	-1.5501	-1.7103	-2.1267	-2.5188	-2.8642	-1.5451	-1.3275	-0.034419	0.75185	0.86581	0.7243	0.45703	0.19166	-0.038184	-0.058502	-0.06972	-0.06802	-0.044199	-0.019922	0.020013	0.027563	9.4619
941.9	0.070676	0.039405	-0.067918	-0.24681	-0.43159	-0.57997	-0.86333	-1.2347	-1.3656	-1.5095	-1.6415	-1.9754	-2.342	-2.6993	-1.3756	-1.2378	0.069929	0.78971	0.86581	0.70845	0.43185	0.16077	-0.062159	-0.073503	-0.078604	-0.076572	-0.056821	-0.019922	0.027868	0.044747	8.9762
945.09	0.086795	0.039272	-0.083412	-0.24597	-0.43813	-0.58453	-0.85216	-1.1982	-1.3271	-1.4395	-1.5418	-1.8934	-2.0697	-2.4437	-1.2021	-0.96542	0.17369	0.8122	0.83801	0.67448	0.39692	0.12944	-0.077879	-0.088205	-0.087193	-0.076314	-0.069208	-0.019854	0.027774	0.044596	8.5162
946.16	0.094867	0.05564	-0.083318	-0.26154	-0.42965	-0.56947	-0.83472	-1.1727	-1.2832	-1.3893	-1.4802	-1.816	-1.9794	-2.1947	-0.94769	-0.78571	0.27737	0.83642	0.82879	0.65006	0.36305	0.10624	-0.10961	-0.10304	-0.10478	-0.084741	-0.056565	-0.011841	0.04338	0.070205	8.0308
947.22	0.11108	0.055577	-0.098913	-0.26124	-0.42917	-0.56346	-0.81731	-1.1472	-1.2395	-1.3311	-1.4444	-1.5883	-1.8893	-1.9464	-0.86239	-0.60642	0.37284	0.84803	0.81132	0.61782	0.3376	0.075403	-0.13333	-0.1253	-0.1135	-0.09315	-0.069052	-0.01981	0.051141	0.07867	7.5201
949.35	0.12712	0.063632	-0.10652	-0.26066	-0.42821	-0.56128	-0.80727	-1.1205	-1.2198	-1.2878	-1.3559	-1.5097	-1.6219	-1.6966	-0.60827	-0.42706	0.48349	0.87117	0.78474	0.57713	0.2952	0.036927	-0.16475	-0.14734	-0.13087	-0.10143	-0.068897	-0.011801	0.066613	0.087018	7.0607
952.54	0.13481	0.07157	-0.11396	-0.26765	-0.42677	-0.54708	-0.78	-1.1008	-1.1736	-1.2192	-1.2579	-1.3551	-1.4416	-1.4464	-0.43867	-0.24821	0.56124	0.86825	0.75743	0.54386	0.2527	0.0062616	-0.1879	-0.16168	-0.13922	-0.10954	-0.068667	-0.019699	0.06639	0.10372	6.5506
953.6	0.13466	0.063348	-0.11383	-0.2595	-0.41837	-0.53632	-0.76277	-1.0756	-1.1387	-1.1616	-1.1716	-1.2789	-1.3527	-1.2005	-0.18713	-0.070708	0.6399	0.87975	0.73194	0.50413	0.21925	-0.031882	-0.21927	-0.18373	-0.16539	-0.12631	-0.081057	-0.019677	0.074074	0.1036	6.0664
954.66	0.13451	0.063277	-0.11371	-0.25921	-0.40998	-0.52213	-0.73741	-1.0344	-1.087	-1.08	-1.0771	-1.1283	-1.0895	-1.0365	-0.10333	0.017883	0.70254	0.87877	0.69829	0.46449	0.1776	-0.069939	-0.25056	-0.21312	-0.17397	-0.12617	-0.080966	-0.019655	0.073991	0.11197	5.5826
956.79	0.13421	0.071252	-0.11345	-0.2508	-0.39327	-0.49379	-0.69501	-0.99225	-1.026	-1.0055	-0.98162	-0.97688	-0.91299	-0.79075	0.14713	0.28277	0.76419	0.85197	0.64761	0.41666	0.12762	-0.10779	-0.28934	-0.2348	-0.19982	-0.15115	-0.093212	-0.027513	0.081559	0.11172	5.1247
955.73	0.14244	0.063207	-0.11358	-0.24324	-0.39371	-0.48715	-0.6713	-0.96143	-0.98517	-0.95055	-0.89804	-0.90344	-0.73974	-0.62914	0.2308	0.3715	0.79669	0.84048	0.60734	0.37028	0.086391	-0.14596	-0.32117	-0.25723	-0.2088	-0.15132	-0.10575	-0.035455	0.073909	0.11184	4.6418
957.85	0.14213	0.063067	-0.11333	-0.23487	-0.37705	-0.46332	-0.63724	-0.91948	-0.93276	-0.88446	-0.80311	-0.7527	-0.65115	-0.38457	0.39692	0.45889	0.83438	0.80138	0.55691	0.31492	0.028414	-0.1912	-0.35975	-0.28617	-0.21707	-0.1678	-0.10552	-0.035376	0.073745	0.12004	4.1595
958.92	0.14197	0.062997	-0.10545	-0.23461	-0.36874	-0.45807	-0.6284	-0.87869	-0.88156	-0.81956	-0.71782	-0.67758	-0.47675	-0.22219	0.39648	0.54651	0.84922	0.7757	0.50727	0.26788	-0.012847	-0.22891	-0.39075	-0.30795	-0.24301	-0.17601	-0.1178	-0.043221	0.073663	0.11991	3.6524
961.04	0.14166	0.070937	-0.10522	-0.22629	-0.36006	-0.46132	-0.63512	-0.845	-0.82956	-0.76195	-0.64045	-0.52786	-0.38906	-0.060106	0.56166	0.63322	0.85521	0.7245	0.45723	0.21294	-0.053957	-0.26624	-0.42121	-0.32932	-0.25988	-0.18401	-0.12991	-0.050993	0.0735	0.11964	3.1714
961.04	0.14166	0.062857	-0.10522	-0.21849	-0.34433	-0.43426	-0.59454	-0.80532	-0.7795	-0.6902	-0.55624	-0.45374	-0.21576	0.10147	0.6447	0.72115	0.85521	0.67502	0.392	0.14306	-0.11155	-0.31922	-0.46037	-0.35137	-0.25988	-0.20077	-0.14228	-0.050993	0.081198	0.12806	2.7163
961.04	0.14166	0.062857	-0.10522	-0.2107	-0.33646	-0.43969	-0.60266	-0.76564	-0.72945	-0.62643	-0.47203	-0.30551	-0.12911	0.18227	0.72774	0.80907	0.83948	0.61317	0.32678	0.080938	-0.16914	-0.36463	-0.49954	-0.38078	-0.26859	-0.20915	-0.14228	-0.05886	0.081198	0.11964	2.2366
963.17	0.14134	0.062719	-0.097275	-0.20245	-0.32002	-0.41494	-0.56894	-0.73227	-0.67789	-0.56141	-0.38697	-0.23088	0.044096	0.3431	0.72614	0.80728	0.80623	0.53776	0.25285	0.026528	-0.21803	-0.40158	-0.52969	-0.40194	-0.27668	-0.21705	-0.15431	-0.05873	0.081019	0.11938	1.7577
964.23	0.13317	0.06265	-0.097168	-0.19445	-0.31183	-0.40561	-0.55213	-0.69983	-0.63557	-0.51312	-0.31101	-0.15675	0.13041	0.42325	0.8081	0.89403	0.77398	0.47553	0.18756	-0.035413	-0.26699	-0.44639	-0.56034	-0.4308	-0.29374	-0.23352	-0.16647	-0.058665	0.08093	0.11925	1.2797
964.23	0.13317	0.06265	-0.089462	-0.18668	-0.29614	-0.37864	-0.51168	-0.66028	-0.594	-0.44956	-0.25226	-0.082878	0.21678	0.58431	0.8081	0.80639	0.71909	0.38922	0.1063	-0.10506	-0.32439	-0.4992	-0.59937	-0.46011	-0.30241	-0.24187	-0.16647	-0.058665	0.08093	0.12764	0.80249
965.29	0.13302	0.062581	-0.089363	-0.17871	-0.28799	-0.36061	-0.4788	-0.62794	-0.55181	-0.40145	-0.18491	-0.0090086	0.30279	0.58366	0.80721	0.89304	0.64781	0.30259	0.033134	-0.16679	-0.38137	-0.54386	-0.6299	-0.47424	-0.32809	-0.2583	-0.1786	-0.066433	0.080841	0.11912	0.32623
965.29	0.13302	0.062581	-0.081666	-0.17095	-0.28016	-0.34969	-0.45456	-0.58053	-0.49367	-0.33795	-0.10946	0.064783	0.38906	0.74453	0.80721	0.89304	0.56949	0.19175	-0.048036	-0.2441	-0.43872	-0.58153	-0.66889	-0.51815	-0.34542	-0.26664	-0.1786	-0.066433	0.088505	0.11912	-0.14906
966.36	0.13288	0.070547	-0.089265	-0.16301	-0.2642	-0.32997	-0.42985	-0.54833	-0.45165	-0.28209	-0.042341	0.21213	0.4748	0.74371	0.80633	0.80462	0.45933	0.093125	-0.14528	-0.32105	-0.49551	-0.63357	-0.7071	-0.53951	-0.36236	-0.28302	-0.1907	-0.074183	0.080752	0.12736	-0.62334
965.29	0.13302	0.062581	-0.081666	-0.15542	-0.24883	-0.31098	-0.40608	-0.51732	-0.40231	-0.22684	0.024682	0.21237	0.5616	0.82497	0.80721	0.80551	0.32669	-0.042242	-0.25096	-0.40643	-0.56159	-0.68701	-0.74687	-0.54743	-0.3801	-0.29167	-0.20323	-0.074265	0.088505	0.1275	-1.0966
965.29	0.13302	0.062581	-0.089363	-0.14766	-0.24099	-0.30095	-0.38992	-0.49362	-0.36909	-0.18716	0.074983	0.28616	0.5616	0.82497	0.80721	0.80551	0.23271	-0.14076	-0.32401	-0.46828	-0.61073	-0.72469	-0.77806	-0.56938	-0.39744	-0.30002	-0.20323	-0.082096	0.088505	0.1275	-1.5687
966.36	0.13288	0.062512	-0.081576	-0.14749	-0.22508	-0.27671	-0.3572	-0.45361	-0.3355	-0.13939	0.12515	0.35956	0.64715	0.82406	0.80633	0.71718	0.1151	-0.25133	-0.42095	-0.53726	-0.67552	-0.76905	-0.80836	-0.59069	-0.40566	-0.31636	-0.21531	-0.082005	0.080752	0.12736	-2.0149
