13221	2	3	92	21.7	760	1	4	10	0.233	128	4096	10	0	0	0	0	29.824	963.69	1.4761e+006	0.11657	0.010034	40.124	0	0	1	0	0	0	14	0	0
962.05	0.11964	0.055367	-0.11903	-0.25427	-0.39253	-0.49126	-0.67026	-0.91002	-0.92426	-0.86703	-0.7753	-0.80317	-0.66875	-0.39354	0.26661	0.59006	0.83288	0.76054	0.50206	0.2564	-0.019562	-0.2308	-0.39879	-0.31445	-0.25071	-0.18503	-0.1234	-0.065604	0.065473	0.086493	4.004
960.13	0.12149	0.054669	-0.12236	-0.27429	-0.39962	-0.5	-0.69759	-0.96506	-0.99875	-0.94456	-0.87462	-0.95315	-0.85221	-0.75014	0.11752	0.33601	0.79517	0.8054	0.5708	0.3222	0.038872	-0.19489	-0.34627	-0.29006	-0.20937	-0.19379	-0.13107	-0.056285	0.067915	0.10942	4.5343
963.75	0.12183	0.055269	-0.12576	-0.2756	-0.43028	-0.53278	-0.72492	-1.0042	-1.0441	-1.0261	-0.97462	-0.95696	-1.0218	-0.92459	0.083977	0.14185	0.75532	0.81595	0.60687	0.37519	0.08057	-0.14511	-0.31607	-0.26552	-0.20859	-0.17384	-0.10467	-0.045091	0.055378	0.11657	5.0433
958.01	0.12982	0.05398	-0.13504	-0.27881	-0.4518	-0.55849	-0.7602	-1.0699	-1.1089	-1.1058	-1.0877	-1.0742	-1.2453	-1.0841	-0.16543	-0.051335	0.71802	0.83076	0.65549	0.42729	0.1314	-0.091317	-0.27947	-0.24351	-0.18975	-0.17321	-0.10903	-0.044571	0.054164	0.092771	5.5283
959.92	0.11507	0.065195	-0.13787	-0.3009	-0.46192	-0.56999	-0.7855	-1.1123	-1.1543	-1.1762	-1.1893	-1.3541	-1.425	-1.3004	-0.33968	-0.25368	0.63389	0.82167	0.69581	0.46686	0.16656	-0.063857	-0.24676	-0.20991	-0.17368	-0.16111	-0.098901	-0.046845	0.0687	0.093428	6.039
956.73	0.10738	0.061356	-0.14454	-0.2925	-0.48085	-0.59215	-0.81013	-1.163	-1.2302	-1.2634	-1.304	-1.3958	-1.6299	-1.54	-0.50764	-0.36935	0.56883	0.83311	0.72761	0.51131	0.21092	-0.026059	-0.22083	-0.19141	-0.16201	-0.15491	-0.093017	-0.048583	0.047278	0.075131	6.5621
954.18	0.10847	0.053382	-0.1239	-0.30271	-0.46787	-0.60842	-0.86053	-1.1565	-1.273	-1.3383	-1.4034	-1.6981	-1.7303	-1.9022	-0.82682	-0.48546	0.45626	0.84406	0.76569	0.55491	0.27197	0.018843	-0.18198	-0.17119	-0.15455	-0.11987	-0.072085	-0.038412	0.057483	0.07618	7.0795
953.86	0.092303	0.052586	-0.11382	-0.2761	-0.46248	-0.60541	-0.86654	-1.2025	-1.2953	-1.3925	-1.5023	-1.6987	-2.0189	-2.204	-0.91076	-0.76909	0.35972	0.82316	0.79141	0.5989	0.30771	0.050112	-0.14416	-0.14681	-0.12741	-0.098801	-0.087066	-0.034462	0.049747	0.069418	7.6014
952.69	0.080244	0.042871	-0.0929	-0.30318	-0.46464	-0.60133	-0.87333	-1.2344	-1.3507	-1.465	-1.5253	-1.8877	-2.2924	-2.4431	-1.2386	-1.045	0.24112	0.78673	0.81459	0.6247	0.33299	0.095981	-0.11984	-0.1151	-0.10824	-0.11245	-0.072198	-0.051963	0.031171	0.052514	8.0554
950.67	0.073098	0.029894	-0.099349	-0.28412	-0.48789	-0.63009	-0.89242	-1.2555	-1.3874	-1.5181	-1.629	-2.0491	-2.4987	-2.5953	-1.4175	-1.145	0.15177	0.76965	0.82868	0.65429	0.36281	0.12373	-0.087635	-0.10197	-0.093511	-0.10845	-0.062348	-0.042531	0.027347	0.056883	8.5346
953.54	0.046938	0.01189	-0.090479	-0.28877	-0.45709	-0.60875	-0.90446	-1.2757	-1.4118	-1.5633	-1.698	-2.1325	-2.6047	-2.9295	-1.6643	-1.3099	0.032382	0.74364	0.83522	0.68049	0.40069	0.13861	-0.069214	-0.092772	-0.082698	-0.091231	-0.075874	-0.037645	0.0047641	0.032948	9.0056
949.29	0.043076	0.0054	-0.094015	-0.28927	-0.4663	-0.62372	-0.92987	-1.316	-1.4637	-1.6187	-1.755	-2.3072	-2.7041	-3.049	-1.7558	-1.5205	-0.060655	0.70064	0.84392	0.69219	0.41998	0.17601	-0.056044	-0.070119	-0.076018	-0.090792	-0.073708	-0.052149	0.0055643	0.017749	9.4475
951.73	0.020224	-0.018274	-0.086748	-0.27357	-0.47781	-0.64153	-0.94059	-1.3142	-1.4818	-1.6717	-1.8304	-2.421	-2.8721	-3.3348	-2.028	-1.6942	-0.19078	0.66761	0.84916	0.71707	0.45628	0.19695	-0.021892	-0.049895	-0.06791	-0.068553	-0.067277	-0.055988	0.00555	0.012603	9.943
947.9	-8.0709e-005	-0.0044227	-0.08553	-0.25886	-0.44146	-0.611	-0.93617	-1.3299	-1.5233	-1.7181	-1.93	-2.4458	-2.9804	-3.6268	-2.213	-1.9417	-0.31836	0.65024	0.86086	0.76011	0.47731	0.22384	0.0026369	-0.053079	-0.048763	-0.057784	-0.065039	-0.025107	-0.020962	0.02119	10.384
945.46	0.00073621	-0.024965	-0.10225	-0.25081	-0.46579	-0.6428	-0.96664	-1.3648	-1.551	-1.7971	-1.9932	-2.5425	-3.2699	-3.784	-2.6323	-2.1791	-0.44393	0.56139	0.87634	0.75971	0.49945	0.25365	0.0058281	-0.01959	-0.040925	-0.060488	-0.032515	-0.061955	-0.019452	-0.0010095	10.726
944.71	-0.027901	-0.047178	-0.11571	-0.24625	-0.46056	-0.62964	-0.95501	-1.3893	-1.593	-1.8285	-2.0582	-2.6425	-3.3254	-4.1076	-2.7273	-2.4044	-0.55872	0.56058	0.86128	0.78085	0.52328	0.27078	0.035314	-0.011382	-0.041842	-0.036662	-0.0489	-0.037195	-0.028082	-0.02671	11.117
945.35	-0.0426	-0.061929	-0.10462	-0.23815	-0.45065	-0.63159	-0.97005	-1.3884	-1.6131	-1.8532	-2.1099	-2.7236	-3.4289	-4.2115	-2.8859	-2.4832	-0.65031	0.50487	0.87561	0.79532	0.5497	0.29445	0.0544	0.0080564	-0.028537	-0.031526	-0.035034	-0.045969	-0.0061506	-0.030116	11.507
943.65	-0.071346	-0.084259	-0.13316	-0.25208	-0.42903	-0.60241	-0.95692	-1.4071	-1.6441	-1.898	-2.1857	-2.872	-3.4968	-4.3755	-2.9672	-2.6757	-0.75484	0.46169	0.84813	0.79913	0.54985	0.2919	0.056093	0.00058437	-0.025928	-0.032436	-0.046434	-0.042847	-0.046144	-0.043891	11.825
943.65	-0.09674	-0.1147	-0.16308	-0.2354	-0.409	-0.59357	-0.96518	-1.4111	-1.6645	-1.9337	-2.2638	-2.8116	-3.7263	-4.6223	-3.1279	-2.819	-0.87662	0.42263	0.85145	0.81019	0.56828	0.31888	0.078428	0.012565	-0.013514	-0.040119	-0.048955	-0.053261	-0.054768	-0.058472	12.151
940.24	-0.12915	-0.13411	-0.16446	-0.24263	-0.37028	-0.55432	-0.94877	-1.4032	-1.6492	-1.9415	-2.2737	-2.9884	-3.722	-4.7134	-3.1731	-2.9011	-0.9401	0.4229	0.86537	0.83059	0.59305	0.32777	0.10193	0.025382	-0.021571	-0.032554	-0.056719	-0.041394	-0.058901	-0.069011	12.478
941.1	-0.1545	-0.17524	-0.19352	-0.25675	-0.38119	-0.54483	-0.92388	-1.4174	-1.6681	-1.9796	-2.3284	-3.0387	-4.0195	-4.9814	-3.4755	-3.1229	-1.0702	0.36567	0.86542	0.83698	0.61184	0.35607	0.10584	0.032864	-0.0082152	-0.031669	-0.04277	-0.06385	-0.095796	-0.084427	12.714
937.9	-0.16574	-0.18826	-0.22508	-0.26242	-0.37523	-0.53415	-0.91039	-1.4019	-1.6858	-2.0166	-2.3769	-2.9959	-4.193	-5.0811	-3.598	-3.2957	-1.1504	0.31875	0.86085	0.8438	0.61645	0.36658	0.11101	0.03825	0.00067875	-0.041224	-0.044185	-0.068098	-0.10322	-0.11319	13.005
941.31	-0.21605	-0.24119	-0.24399	-0.28535	-0.34898	-0.4725	-0.83252	-1.3676	-1.6788	-1.9678	-2.3605	-2.9548	-4.0186	-5.1288	-3.5595	-3.2479	-1.1663	0.33402	0.86606	0.83599	0.62766	0.36989	0.1226	0.053872	-0.0055463	-0.03166	-0.051603	-0.080702	-0.11306	-0.12825	13.242
937.8	-0.22758	-0.2421	-0.26234	-0.33917	-0.40591	-0.48606	-0.7874	-1.3475	-1.6355	-1.9866	-2.3625	-3.057	-4.1757	-5.0734	-3.692	-3.3592	-1.1933	0.29344	0.85175	0.84867	0.62579	0.36895	0.12226	0.032227	-0.013598	-0.045522	-0.061937	-0.086647	-0.14425	-0.1598	13.466
940.35	-0.29601	-0.30584	-0.30429	-0.38766	-0.44983	-0.50169	-0.75291	-1.2895	-1.6217	-1.9616	-2.3586	-3.0638	-4.191	-5.1092	-3.7159	-3.386	-1.2077	0.29896	0.85777	0.84954	0.62914	0.38342	0.12833	0.051673	-0.005552	-0.03769	-0.059239	-0.077568	-0.13993	-0.16539	13.634
936.94	-0.27563	-0.32105	-0.37042	-0.42186	-0.46438	-0.47362	-0.6774	-1.2389	-1.5882	-1.9483	-2.3456	-3.0598	-4.0818	-5.2355	-3.6783	-3.3713	-1.2549	0.27213	0.85002	0.85741	0.64071	0.38015	0.13121	0.049599	-0.01629	-0.039546	-0.072143	-0.10771	-0.16018	-0.1945	13.838
937.69	-0.35043	-0.36716	-0.40896	-0.47268	-0.51722	-0.48279	-0.61115	-1.1525	-1.5288	-1.8749	-2.273	-2.9662	-4.0608	-5.0823	-3.5733	-3.2965	-1.1773	0.296	0.846	0.84638	0.61996	0.36822	0.11826	0.029219	-0.024308	-0.067004	-0.094905	-0.1181	-0.20029	-0.23922	13.94
937.58	-0.34799	-0.35644	-0.44149	-0.5175	-0.50115	-0.46172	-0.5796	-1.0403	-1.4443	-1.8334	-2.2197	-2.9437	-3.9102	-4.8924	-3.4971	-3.1527	-1.125	0.31759	0.85445	0.8409	0.61919	0.36516	0.11185	0.036003	-0.019849	-0.060996	-0.1076	-0.14473	-0.21372	-0.24874	14.085
937.58	-0.32739	-0.38708	-0.41534	-0.46794	-0.48825	-0.44956	-0.55215	-1.0127	-1.4195	-1.795	-2.2068	-2.9057	-3.7593	-4.8676	-3.3694	-3.1076	-1.0726	0.34802	0.86615	0.84807	0.62088	0.36826	0.11105	0.026207	-0.028774	-0.054124	-0.082239	-0.13424	-0.21294	-0.23925	14.186
937.05	-0.40346	-0.45027	-0.47108	-0.4962	-0.52726	-0.46356	-0.52333	-0.98476	-1.3938	-1.7633	-2.1458	-2.8162	-3.8147	-4.804	-3.3543	-3.0643	-1.0385	0.35583	0.86163	0.84855	0.6187	0.36536	0.11192	0.01265	-0.035041	-0.080802	-0.11273	-0.14803	-0.22964	-0.26529	14.235
936.2	-0.3642	-0.41585	-0.45246	-0.49505	-0.50512	-0.45474	-0.52297	-0.927	-1.3703	-1.7257	-2.089	-2.91	-3.5424	-4.6259	-3.3062	-2.8324	-0.9805	0.38282	0.86241	0.83338	0.61757	0.34394	0.091917	0.013417	-0.056524	-0.076575	-0.12934	-0.16109	-0.24644	-0.28196	14.283
935.03	-0.41095	-0.45042	-0.44747	-0.47803	-0.48959	-0.43922	-0.52696	-0.98526	-1.3917	-1.7467	-2.1384	-2.7766	-3.627	-4.5736	-3.2676	-2.9354	-1.0036	0.37822	0.86768	0.83043	0.61581	0.34826	0.095252	0.010412	-0.053908	-0.078394	-0.1028	-0.16048	-0.24754	-0.28318	14.316
938.86	-0.38787	-0.45023	-0.486	-0.51679	-0.5053	-0.46245	-0.54309	-0.92356	-1.357	-1.7224	-2.0814	-2.8714	-3.7985	-4.5549	-3.3138	-2.9234	-0.95356	0.36908	0.87082	0.8334	0.6015	0.34607	0.086044	0.011122	-0.049232	-0.088369	-0.10871	-0.17432	-0.24653	-0.2803	14.308
935.99	-0.34529	-0.40267	-0.44622	-0.47674	-0.49797	-0.45127	-0.53226	-0.96877	-1.3826	-1.6974	-2.0964	-2.728	-3.6856	-4.7846	-3.2131	-2.9324	-0.94841	0.39434	0.8534	0.83437	0.60335	0.34169	0.095958	-0.000921	-0.049385	-0.078312	-0.12175	-0.15466	-0.23227	-0.26992	14.359
937.05	-0.32427	-0.36824	-0.47425	-0.4786	-0.47643	-0.44182	-0.53914	-0.94162	-1.3314	-1.7241	-2.0828	-2.7402	-3.6814	-4.5389	-3.235	-2.911	-0.95782	0.38755	0.87668	0.84138	0.60941	0.35062	0.093439	0.011898	-0.033254	-0.072206	-0.093702	-0.14884	-0.22253	-0.25493	14.306
934.28	-0.34674	-0.38928	-0.44226	-0.46558	-0.46327	-0.4357	-0.55243	-0.97788	-1.3842	-1.7431	-2.1349	-2.7788	-3.9419	-4.7185	-3.3727	-2.9377	-0.97037	0.36452	0.86502	0.83269	0.60529	0.34932	0.08566	0.014956	-0.053953	-0.088802	-0.099069	-0.16061	-0.21369	-0.25482	14.197
934.82	-0.34324	-0.38656	-0.44042	-0.43565	-0.49859	-0.46015	-0.5396	-0.98793	-1.3689	-1.7208	-2.0705	-2.7162	-3.8149	-4.6328	-3.2086	-2.9089	-0.91644	0.41137	0.8771	0.83861	0.59903	0.33901	0.089637	0.0013452	-0.052131	-0.080134	-0.11427	-0.14273	-0.23968	-0.26506	14.108
932.05	-0.32684	-0.38105	-0.41382	-0.4683	-0.48061	-0.4375	-0.52781	-0.96386	-1.3824	-1.7325	-2.0723	-2.8007	-3.585	-4.6216	-3.1411	-2.8632	-0.89888	0.42407	0.87214	0.82909	0.59996	0.32519	0.080213	-0.012292	-0.068447	-0.080372	-0.12226	-0.15532	-0.21658	-0.25977	14.014
935.99	-0.33042	-0.34958	-0.42955	-0.40708	-0.45031	-0.42043	-0.53976	-1.0364	-1.4014	-1.7514	-2.1094	-2.7204	-3.7479	-4.6768	-3.1023	-2.9143	-0.87975	0.43244	0.87182	0.83915	0.59574	0.33003	0.085503	-0.0077131	-0.050279	-0.078314	-0.12302	-0.15143	-0.23701	-0.25695	13.884
937.16	-0.32836	-0.36074	-0.38778	-0.40577	-0.44733	-0.45066	-0.61482	-1.0929	-1.4287	-1.7574	-2.1033	-2.8007	-3.601	-4.5218	-3.1666	-2.7934	-0.85203	0.44332	0.86905	0.82138	0.58994	0.3335	0.077366	0.0028487	-0.052893	-0.097124	-0.097497	-0.15124	-0.20356	-0.22554	13.683
932.16	-0.29944	-0.30853	-0.34682	-0.42564	-0.45054	-0.45341	-0.63151	-1.129	-1.4657	-1.7833	-2.1502	-2.8004	-3.7186	-4.571	-3.1151	-2.89	-0.87769	0.40871	0.86279	0.82499	0.57868	0.31969	0.066476	-0.005471	-0.0442	-0.082954	-0.092917	-0.13259	-0.18719	-0.21286	13.499
933.11	-0.27759	-0.29241	-0.35682	-0.41396	-0.45899	-0.47396	-0.65761	-1.1442	-1.4332	-1.7716	-2.076	-2.7288	-3.6077	-4.4332	-3.0948	-2.7512	-0.82656	0.44524	0.88038	0.82414	0.57301	0.32248	0.0535	-0.0016805	-0.050432	-0.08028	-0.095371	-0.12759	-0.1648	-0.19009	13.316
935.56	-0.30661	-0.33314	-0.37653	-0.39205	-0.44971	-0.46595	-0.65005	-1.1477	-1.4655	-1.7563	-2.0922	-2.7065	-3.5181	-4.3884	-2.9417	-2.7621	-0.77187	0.4517	0.86216	0.80763	0.55629	0.30453	0.068646	-0.005451	-0.035097	-0.084375	-0.10402	-0.11999	-0.17544	-0.18008	13.099
933.22	-0.23698	-0.2566	-0.33369	-0.33521	-0.38279	-0.43217	-0.67676	-1.1882	-1.4949	-1.7615	-2.0818	-2.6293	-3.5537	-4.441	-2.855	-2.6785	-0.72925	0.49742	0.86013	0.81845	0.55091	0.29672	0.062367	-0.020605	-0.054013	-0.081997	-0.10937	-0.11705	-0.16002	-0.16665	12.8
937.05	-0.24178	-0.25969	-0.29506	-0.33064	-0.39978	-0.47647	-0.73725	-1.2053	-1.4683	-1.7617	-2.069	-2.6794	-3.5125	-4.2323	-2.8263	-2.5232	-0.69964	0.49031	0.87333	0.81032	0.55794	0.29551	0.060505	-0.01072	-0.055578	-0.078223	-0.077209	-0.099624	-0.13805	-0.14784	12.55
934.39	-0.23999	-0.25295	-0.30703	-0.35965	-0.41305	-0.47679	-0.73434	-1.2284	-1.4853	-1.7585	-2.0697	-2.7099	-3.5493	-4.2942	-2.7489	-2.5666	-0.66684	0.50825	0.87582	0.81183	0.5443	0.28545	0.039731	-0.025115	-0.05305	-0.086205	-0.08888	-0.11366	-0.12974	-0.14913	12.24
935.14	-0.18689	-0.22784	-0.26388	-0.3209	-0.37958	-0.48476	-0.78964	-1.2461	-1.4979	-1.7538	-2.0646	-2.7229	-3.2882	-4.1911	-2.5846	-2.4471	-0.61538	0.54852	0.86591	0.80161	0.54809	0.27434	0.046945	-0.028118	-0.065535	-0.075799	-0.097708	-0.096596	-0.1233	-0.14122	11.956
937.9	-0.15585	-0.17998	-0.20131	-0.27201	-0.33573	-0.47217	-0.81392	-1.2465	-1.4969	-1.7364	-2.0076	-2.5706	-3.1809	-3.8393	-2.5259	-2.1696	-0.49668	0.58873	0.87171	0.78095	0.5195	0.26655	0.033163	-0.0318	-0.058205	-0.079871	-0.082211	-0.089862	-0.12057	-0.10025	11.62
937.9	-0.11546	-0.13114	-0.19022	-0.22166	-0.35025	-0.50869	-0.85467	-1.2856	-1.5088	-1.716	-1.9722	-2.4947	-3.2341	-3.7234	-2.4068	-2.1245	-0.42735	0.59	0.86085	0.76822	0.49589	0.24561	0.014703	-0.041593	-0.063558	-0.091894	-0.077139	-0.077771	-0.08429	-0.080399	11.261
936.09	-0.079355	-0.077473	-0.13185	-0.19327	-0.37757	-0.54916	-0.88632	-1.306	-1.5374	-1.7218	-1.9198	-2.4766	-2.9735	-3.6974	-2.3262	-1.9752	-0.37488	0.62543	0.86921	0.75775	0.49263	0.2251	-0.0029586	-0.042427	-0.063681	-0.075722	-0.089988	-0.078728	-0.05442	-0.055484	10.934
937.8	-0.04047	-0.040074	-0.08566	-0.2081	-0.41639	-0.57914	-0.8872	-1.2938	-1.4979	-1.6843	-1.8973	-2.5177	-2.9415	-3.5334	-2.1432	-1.8004	-0.30244	0.64204	0.85593	0.75239	0.4892	0.21462	-0.0037555	-0.045365	-0.060888	-0.075584	-0.074611	-0.061656	-0.016456	-0.031221	10.554
936.84	-0.016584	-0.017737	-0.088922	-0.25552	-0.42731	-0.59643	-0.92225	-1.3066	-1.4874	-1.6721	-1.8569	-2.4367	-2.8556	-3.5039	-2.1795	-1.8564	-0.25595	0.65792	0.8727	0.74758	0.47873	0.20862	-0.027864	-0.058229	-0.077922	-0.073082	-0.069615	-0.060912	-0.037004	0.0067547	10.116
940.99	0.0073125	-0.016007	-0.094055	-0.24085	-0.42944	-0.59766	-0.91072	-1.2846	-1.4698	-1.6192	-1.8058	-2.3502	-2.781	-3.3152	-1.8307	-1.6596	-0.16644	0.68661	0.85719	0.72843	0.44469	0.17756	-0.04454	-0.075991	-0.08736	-0.088169	-0.086994	-0.044574	-0.021116	0.00070478	9.7082
938.75	0.027915	-0.00033085	-0.066578	-0.23982	-0.44818	-0.58813	-0.86719	-1.2901	-1.4366	-1.5855	-1.7273	-2.1585	-2.6724	-2.9756	-1.665	-1.4205	-0.021873	0.73636	0.86257	0.71029	0.4289	0.16868	-0.059882	-0.091223	-0.087568	-0.092668	-0.077069	-0.039849	-0.0061938	0.019673	9.2537
943.44	0.047439	0.016132	-0.070186	-0.26247	-0.45317	-0.61011	-0.89596	-1.2457	-1.3844	-1.5289	-1.6432	-2.0044	-2.5355	-2.6317	-1.5045	-1.1717	0.10806	0.75287	0.85413	0.6601	0.38235	0.13316	-0.091498	-0.095263	-0.11906	-0.11099	-0.075427	-0.054076	0.0095205	0.041877	8.7805
940.35	0.074722	0.046737	-0.09807	-0.27767	-0.48923	-0.62091	-0.86572	-1.2344	-1.3565	-1.4867	-1.5746	-1.9579	-2.349	-2.4504	-1.3651	-1.0677	0.18881	0.77936	0.84611	0.65512	0.36343	0.11116	-0.12142	-0.11661	-0.11589	-0.11564	-0.080731	-0.055057	0.033154	0.054925	8.2938
943.97	0.088356	0.067943	-0.083526	-0.27899	-0.4449	-0.58691	-0.85662	-1.1949	-1.2978	-1.4104	-1.4991	-1.807	-2.1106	-2.2436	-1.1401	-0.75029	0.293	0.81541	0.81381	0.62811	0.33439	0.077606	-0.13929	-0.13338	-0.13318	-0.11349	-0.080422	-0.034823	0.036945	0.04957	7.8609
940.14	0.081316	0.052528	-0.11469	-0.28332	-0.4427	-0.58466	-0.85596	-1.1908	-1.2758	-1.3525	-1.4768	-1.6553	-1.951	-2.2445	-0.92405	-0.7893	0.36497	0.84782	0.79796	0.59891	0.28949	0.03924	-0.15587	-0.16172	-0.1444	-0.14737	-0.1111	-0.047831	0.018996	0.051494	7.3678
946.95	0.10849	0.057069	-0.096603	-0.27257	-0.46346	-0.59942	-0.83827	-1.1484	-1.2362	-1.3291	-1.4004	-1.6434	-1.8226	-1.7855	-0.61401	-0.39993	0.46613	0.82917	0.76492	0.55678	0.26236	0.015916	-0.18575	-0.17101	-0.14778	-0.13184	-0.091468	-0.033914	0.038391	0.078471	6.921
946.31	0.11836	0.074339	-0.12729	-0.28147	-0.43182	-0.56942	-0.8207	-1.1089	-1.215	-1.2506	-1.3056	-1.4262	-1.4103	-1.5898	-0.4289	-0.39126	0.54874	0.8762	0.74225	0.52798	0.23413	-0.024809	-0.20417	-0.1965	-0.16468	-0.12853	-0.085247	-0.028345	0.058744	0.093917	6.4477
945.56	0.12745	0.059618	-0.11953	-0.27614	-0.43696	-0.55816	-0.78835	-1.1001	-1.1897	-1.2119	-1.233	-1.3294	-1.5259	-1.4186	-0.36173	-0.17712	0.60594	0.85301	0.72295	0.50078	0.18999	-0.058674	-0.24175	-0.21758	-0.17101	-0.15078	-0.11423	-0.045958	0.063485	0.095702	5.8905
948.12	0.12629	0.047991	-0.13253	-0.27856	-0.43339	-0.54777	-0.76731	-1.0714	-1.1416	-1.1359	-1.129	-1.2582	-1.2934	-1.1691	-0.26817	0.055085	0.67926	0.85448	0.69456	0.44434	0.15779	-0.093036	-0.26968	-0.22966	-0.21203	-0.16397	-0.11518	-0.053807	0.064873	0.078373	5.4501
947.48	0.13127	0.065233	-0.12635	-0.26926	-0.42012	-0.52032	-0.7242	-1.0399	-1.0705	-1.0647	-1.023	-0.92077	-1.1448	-0.91588	-0.0072276	0.13538	0.75313	0.82996	0.6421	0.40289	0.089463	-0.13302	-0.31197	-0.27679	-0.2051	-0.18703	-0.11024	-0.035492	0.058671	0.11003	4.8998
949.82	0.12769	0.062619	-0.13933	-0.27885	-0.42067	-0.54139	-0.7528	-0.9932	-1.0121	-0.98789	-0.91223	-1.046	-0.87899	-0.54575	0.085209	0.33966	0.78391	0.79537	0.58112	0.33826	0.052614	-0.1771	-0.34845	-0.28503	-0.23631	-0.18148	-0.12373	-0.055303	0.069431	0.10891	4.4037
952.26	0.11762	0.071429	-0.146	-0.27341	-0.40609	-0.51541	-0.71319	-0.95301	-0.9708	-0.92019	-0.82405	-0.74411	-0.64938	-0.48727	0.26935	0.43639	0.81762	0.7771	0.54343	0.28881	0.00099732	-0.2156	-0.38312	-0.31323	-0.24186	-0.19032	-0.12966	-0.067071	0.063814	0.10863	3.9021
951.1	0.12183	0.058454	-0.13915	-0.25484	-0.40023	-0.49092	-0.6624	-0.92371	-0.91804	-0.85688	-0.7621	-0.70008	-0.56262	-0.26744	0.38717	0.49024	0.85122	0.7618	0.48808	0.2468	-0.048054	-0.2671	-0.42	-0.3463	-0.2404	-0.20665	-0.13107	-0.067154	0.061559	0.11472	3.4236
954.92	0.12377	0.059034	-0.13081	-0.2648	-0.38359	-0.51838	-0.72754	-0.87607	-0.86483	-0.78445	-0.65735	-0.73457	-0.42957	-0.24197	0.41903	0.61215	0.85097	0.69899	0.43771	0.17235	-0.10417	-0.31401	-0.4459	-0.34861	-0.27799	-0.21172	-0.14921	-0.070843	0.050466	0.10493	2.9343
954.5	0.12544	0.067193	-0.11141	-0.23351	-0.3695	-0.44256	-0.58404	-0.82612	-0.81229	-0.73182	-0.57116	-0.4364	-0.23783	0.10771	0.55299	0.70095	0.85214	0.64077	0.36238	0.11692	-0.15972	-0.33854	-0.48948	-0.40057	-0.27723	-0.24219	-0.14554	-0.071666	0.062116	0.10753	2.3661
955.35	0.12371	0.060632	-0.10664	-0.24037	-0.3478	-0.49177	-0.69864	-0.78946	-0.76542	-0.64938	-0.46816	-0.37637	-0.0022523	0.16451	0.56085	0.83299	0.81735	0.58296	0.28661	0.05199	-0.19765	-0.40599	-0.52765	-0.40761	-0.30852	-0.2268	-0.18648	-0.084264	0.063608	0.092182	1.9312
957.37	0.12184	0.04996	-0.12116	-0.22655	-0.34707	-0.43608	-0.58555	-0.76469	-0.7169	-0.59439	-0.41983	-0.32349	-0.12404	0.22904	0.59302	0.76063	0.80615	0.51219	0.23363	-0.0034597	-0.26	-0.44312	-0.57135	-0.44512	-0.3035	-0.26334	-0.18857	-0.086456	0.057291	0.098749	1.4069
959.5	0.11835	0.066844	-0.12631	-0.22058	-0.34867	-0.44855	-0.594	-0.72643	-0.66769	-0.5268	-0.33793	-0.18915	-0.0022426	0.32565	0.69982	0.75013	0.74921	0.43548	0.15227	-0.071114	-0.31217	-0.49748	-0.58656	-0.45371	-0.32986	-0.2636	-0.20302	-0.082324	0.073356	0.099374	0.96899
956.2	0.12522	0.063014	-0.10655	-0.19704	-0.32378	-0.39979	-0.52182	-0.68825	-0.618	-0.47894	-0.26546	-0.12276	0.12838	0.38361	0.76899	0.79691	0.70594	0.35244	0.076583	-0.13301	-0.36038	-0.53038	-0.62794	-0.47744	-0.35638	-0.28473	-0.20621	-0.099211	0.062004	0.09887	0.43381
960.03	0.11345	0.067616	-0.11309	-0.21031	-0.33194	-0.38764	-0.48318	-0.65611	-0.5838	-0.42756	-0.20455	-0.040657	0.25797	0.52766	0.72437	0.68812	0.63303	0.25197	0.0036397	-0.20166	-0.42812	-0.58508	-0.66621	-0.4954	-0.37675	-0.30289	-0.22767	-0.10118	0.05174	0.096789	-0.020221
958.54	0.11685	0.039368	-0.11636	-0.20829	-0.31037	-0.37157	-0.47498	-0.62292	-0.53369	-0.36668	-0.13057	-0.0035708	0.25837	0.66619	0.64224	0.7597	0.52438	0.14694	-0.088722	-0.28527	-0.48901	-0.63152	-0.69473	-0.52491	-0.38431	-0.31933	-0.22554	-0.10055	0.053363	0.1096	-0.47963
960.98	0.12379	0.047348	-0.10447	-0.19684	-0.29777	-0.36387	-0.46403	-0.58165	-0.48978	-0.31632	-0.068769	0.070561	0.40503	0.70489	0.6406	0.87208	0.45381	0.068634	-0.16188	-0.35055	-0.53713	-0.67608	-0.72899	-0.55666	-0.41642	-0.31516	-0.22992	-0.11367	0.067084	0.10933	-0.94178
960.88	0.10289	0.063515	-0.10757	-0.18906	-0.27814	-0.33427	-0.42593	-0.54758	-0.44811	-0.24938	-0.019085	0.055765	0.40507	0.68881	0.74865	0.77545	0.34607	-0.048893	-0.25077	-0.41737	-0.58904	-0.7193	-0.75179	-0.57143	-0.4217	-0.34789	-0.25221	-0.10817	0.067091	0.11187	-1.3699
965.66	0.11919	0.047924	-0.10012	-0.18114	-0.2658	-0.32603	-0.41494	-0.50695	-0.39442	-0.20134	0.0623	0.092364	0.42895	0.75776	0.59617	0.7191	0.20813	-0.17176	-0.35907	-0.5034	-0.65817	-0.76545	-0.80107	-0.58323	-0.4352	-0.33782	-0.23866	-0.11233	0.056034	0.11047	-1.8164
963.75	0.09697	0.072188	-0.099544	-0.17295	-0.24907	-0.29789	-0.37934	-0.48817	-0.36858	-0.15802	0.096013	0.2921	0.40386	0.67064	0.65533	0.64162	0.094795	-0.28188	-0.45246	-0.56634	-0.7243	-0.82206	-0.81906	-0.61884	-0.44388	-0.3502	-0.24283	-0.10471	0.066892	0.10229	-2.2341
965.98	0.10075	0.05032	-0.1047	-0.1547	-0.2438	-0.29699	-0.37201	-0.46099	-0.32125	-0.11879	0.15276	0.29143	0.55811	0.75752	0.57119	0.60515	-0.022039	-0.40307	-0.51712	-0.63456	-0.76109	-0.84877	-0.86159	-0.63203	-0.44112	-0.36856	-0.23858	-0.1029	0.070567	0.13138	-2.6649
967.57	0.10058	0.038199	-0.096079	-0.15058	-0.23871	-0.2816	-0.33996	-0.42555	-0.29006	-0.08138	0.19767	0.31304	0.55718	0.78836	0.4548	0.51682	-0.18922	-0.53755	-0.62235	-0.71449	-0.82277	-0.89623	-0.89518	-0.65801	-0.44905	-0.38128	-0.26398	-0.13555	0.062039	0.10356	-3.017
965.55	0.095988	0.038278	-0.088584	-0.14313	-0.22511	-0.27342	-0.33501	-0.39958	-0.25331	-0.041083	0.23999	0.4096	0.61873	0.7096	0.3483	0.46539	-0.33525	-0.65071	-0.70642	-0.78399	-0.87117	-0.92824	-0.92589	-0.65792	-0.47338	-0.37373	-0.25961	-0.12252	0.072897	0.10294	-3.3769
967.79	0.095767	0.054237	-0.10604	-0.14899	-0.19881	-0.24217	-0.31006	-0.37344	-0.23947	-0.0045746	0.26954	0.43072	0.66032	0.76413	0.30627	0.42939	-0.44072	-0.74503	-0.7817	-0.82999	-0.90266	-0.96067	-0.9502	-0.69071	-0.48786	-0.37537	-0.26515	-0.10349	0.062027	0.11023	-3.7315
964.7	0.099278	0.047972	-0.094054	-0.13549	-0.20102	-0.24176	-0.2965	-0.35407	-0.19951	0.031147	0.31235	0.44687	0.62789	0.68608	0.29897	0.42201	-0.56047	-0.84599	-0.85161	-0.8953	-0.9539	-0.98108	-0.95636	-0.69878	-0.49635	-0.3941	-0.28448	-0.11793	0.060691	0.1131	-4.0389
967.89	0.09336	0.033372	-0.078392	-0.14046	-0.18239	-0.22798	-0.29069	-0.32139	-0.16986	0.056373	0.33473	0.45275	0.73767	0.78008	0.27324	0.33332	-0.70391	-0.96357	-0.92409	-0.95942	-0.98915	-1.0102	-0.99754	-0.69501	-0.5146	-0.38947	-0.2639	-0.11989	0.079599	0.099349	-4.3829
965.34	0.093607	0.051157	-0.085525	-0.13229	-0.19305	-0.23002	-0.27449	-0.31433	-0.15287	0.085092	0.36747	0.58676	0.72237	0.70976	0.16649	0.22915	-0.86005	-1.0683	-1.0215	-1.0099	-1.0368	-1.061	-1.0243	-0.74223	-0.5255	-0.3905	-0.27937	-0.1108	0.066781	0.11805	-4.6219
967.15	0.098227	0.043033	-0.087671	-0.12972	-0.18331	-0.21375	-0.25301	-0.29719	-0.1302	0.10394	0.38687	0.49729	0.60909	0.69237	0.058926	-0.042101	-0.97492	-1.1684	-1.0803	-1.0659	-1.0782	-1.0952	-1.0364	-0.73865	-0.53317	-0.40643	-0.28008	-0.11763	0.062068	0.11114	-4.9161
967.47	0.094198	0.050242	-0.072282	-0.11651	-0.19341	-0.2224	-0.24325	-0.27186	-0.10612	0.13479	0.41769	0.55601	0.71217	0.66806	0.017654	-0.042087	-1.0996	-1.2528	-1.1424	-1.1195	-1.1204	-1.1264	-1.0556	-0.74644	-0.52607	-0.41212	-0.28367	-0.11837	0.058989	0.098555	-5.1813
967.15	0.099027	0.051864	-0.076148	-0.098723	-0.15282	-0.18463	-0.22075	-0.25145	-0.095382	0.14751	0.44461	0.69613	0.7813	0.71646	-0.015343	-0.068313	-1.2079	-1.3232	-1.1913	-1.1492	-1.1281	-1.135	-1.0528	-0.7664	-0.5349	-0.41393	-0.28377	-0.1106	0.08425	0.11365	-5.3598
964.49	0.080866	0.039125	-0.074046	-0.12464	-0.14933	-0.17808	-0.21974	-0.24265	-0.093151	0.1638	0.44835	0.57988	0.83526	0.62988	-0.065034	-0.15611	-1.2833	-1.3823	-1.2539	-1.1934	-1.1705	-1.166	-1.09	-0.76705	-0.55025	-0.42258	-0.3092	-0.12031	0.079113	0.099699	-5.6039
966.83	0.10066	0.048669	-0.077709	-0.097981	-0.15913	-0.19479	-0.22485	-0.23181	-0.06639	0.17767	0.47572	0.60796	0.69542	0.68457	-0.27123	-0.16449	-1.4038	-1.4884	-1.3036	-1.2507	-1.1922	-1.1858	-1.0998	-0.77031	-0.57056	-0.42656	-0.28386	-0.11611	0.057497	0.096108	-5.7483
964.7	0.091265	0.051191	-0.067869	-0.10674	-0.15791	-0.17921	-0.19867	-0.22441	-0.034123	0.1995	0.49271	0.72006	0.74011	0.61364	-0.25527	-0.2787	-1.4868	-1.5385	-1.3446	-1.2728	-1.226	-1.1786	-1.107	-0.77347	-0.54926	-0.40579	-0.27709	-0.10304	0.07066	0.10807	-5.9215
965.34	0.093607	0.050353	-0.077829	-0.092698	-0.14684	-0.174	-0.19935	-0.22031	-0.029948	0.20096	0.49574	0.70483	0.71375	0.68561	-0.26338	-0.54112	-1.5359	-1.5991	-1.3762	-1.2882	-1.2531	-1.2102	-1.1312	-0.79126	-0.56017	-0.44474	-0.28676	-0.10376	0.060651	0.11386	-6.1183
962.68	0.097077	0.041619	-0.061836	-0.099959	-0.15039	-0.17507	-0.19422	-0.20428	-0.022536	0.21664	0.50215	0.68457	0.69842	0.66332	-0.40502	-0.56895	-1.6313	-1.6406	-1.4142	-1.3188	-1.2713	-1.209	-1.121	-0.80812	-0.53738	-0.42672	-0.28755	-0.11425	0.065429	0.10073	-6.1892
967.04	0.079854	0.051869	-0.056179	-0.095634	-0.12626	-0.1555	-0.18932	-0.19626	-0.012485	0.2315	0.52415	0.69621	0.78138	0.50777	-0.44446	-0.47025	-1.6849	-1.6664	-1.4418	-1.3299	-1.2729	-1.2149	-1.1183	-0.79352	-0.55832	-0.40148	-0.2924	-0.11139	0.072019	0.10613	-6.2679
964.28	0.08409	0.036718	-0.05634	-0.10135	-0.13681	-0.16745	-0.20118	-0.2079	-0.030812	0.20833	0.51223	0.62435	0.74043	0.54949	-0.44574	-0.46284	-1.6231	-1.6465	-1.4191	-1.3236	-1.27	-1.2304	-1.1387	-0.79579	-0.56513	-0.43604	-0.30434	-0.107	0.069925	0.10476	-6.3519
966.62	0.083887	0.057515	-0.067734	-0.10576	-0.15525	-0.17535	-0.18617	-0.19161	-0.0050251	0.23081	0.52439	0.57861	0.72142	0.66062	-0.51897	-0.52291	-1.6895	-1.7101	-1.4481	-1.3529	-1.2931	-1.2523	-1.1484	-0.81141	-0.57848	-0.43249	-0.28515	-0.12474	0.075878	0.10534	-6.386
968.74	0.089288	0.057389	-0.062216	-0.083088	-0.12916	-0.14995	-0.16644	-0.18017	-0.0066699	0.24454	0.51989	0.68764	0.8058	0.61108	-0.42722	-0.46071	-1.7108	-1.6831	-1.4474	-1.3383	-1.274	-1.2323	-1.1295	-0.82056	-0.57116	-0.42738	-0.29189	-0.10105	0.078003	0.10177	-6.3991
964.92	0.088841	0.047155	-0.060153	-0.10439	-0.13672	-0.15938	-0.18327	-0.19274	-0.024145	0.22407	0.51441	0.73466	0.76584	0.55717	-0.47026	-0.48006	-1.6831	-1.6947	-1.4434	-1.3467	-1.2897	-1.2462	-1.1457	-0.796	-0.57516	-0.43074	-0.28196	-0.11869	0.065278	0.095461	-6.3965
966.62	0.07589	0.060728	-0.060048	-0.1011	-0.12397	-0.14853	-0.18133	-0.19556	-0.026591	0.23398	0.51601	0.69652	0.67834	0.52406	-0.41989	-0.52291	-1.7365	-1.715	-1.4725	-1.3629	-1.2939	-1.2282	-1.153	-0.82018	-0.55943	-0.42665	-0.30237	-0.11144	0.068991	0.10115	-6.365
962.58	0.094677	0.053724	-0.049492	-0.076612	-0.13313	-0.16144	-0.18209	-0.18846	0.0082795	0.24133	0.54088	0.71424	0.7504	0.65533	-0.49626	-0.56901	-1.7681	-1.7519	-1.4762	-1.364	-1.2961	-1.2114	-1.1469	-0.80013	-0.56612	-0.4343	-0.2777	-0.1174	0.064667	0.094012	-6.365
964.49	0.07766	0.038321	-0.077897	-0.11065	-0.13522	-0.16186	-0.19467	-0.20232	-0.024987	0.22179	0.51295	0.59466	0.72301	0.54937	-0.53665	-0.49778	-1.7176	-1.704	-1.457	-1.3543	-1.2812	-1.2226	-1.133	-0.79269	-0.56066	-0.41757	-0.28578	-0.10698	0.063005	0.083756	-6.2758
966.09	0.092734	0.04308	-0.070846	-0.092626	-0.13812	-0.16077	-0.18143	-0.19804	-0.020797	0.22697	0.49954	0.73377	0.74768	0.58864	-0.40359	-0.5407	-1.6725	-1.6655	-1.4441	-1.3327	-1.2783	-1.2093	-1.1171	-0.82063	-0.54761	-0.42105	-0.29515	-0.08098	0.061371	0.10456	-6.1472
967.26	0.087028	0.051858	-0.06769	-0.092514	-0.14421	-0.168	-0.18847	-0.20726	-0.019943	0.21957	0.514	0.83597	0.76398	0.64414	-0.37011	-0.51384	-1.6181	-1.6525	-1.3937	-1.3041	-1.2579	-1.1935	-1.1149	-0.80795	-0.56944	-0.42304	-0.29357	-0.10277	0.081182	0.099414	-6.0554
963.85	0.084929	0.038346	-0.072553	-0.11228	-0.14629	-0.17427	-0.20775	-0.22303	-0.054949	0.19173	0.49231	0.63201	0.73214	0.53362	-0.35486	-0.37539	-1.5289	-1.5609	-1.3694	-1.2894	-1.2328	-1.2083	-1.1087	-0.79761	-0.56972	-0.41033	-0.29337	-0.10941	0.057674	0.097246	-5.8375
965.45	0.097599	0.040696	-0.080898	-0.10744	-0.16171	-0.1897	-0.21467	-0.23135	-0.048215	0.18427	0.47389	0.69736	0.60154	0.71772	-0.27162	-0.39227	-1.4739	-1.541	-1.333	-1.2509	-1.2218	-1.1739	-1.1092	-0.78239	-0.55231	-0.44469	-0.2855	-0.10844	0.070606	0.1105	-5.7535
964.81	0.10327	0.067281	-0.063239	-0.10984	-0.17043	-0.19732	-0.21805	-0.23545	-0.073176	0.17566	0.4633	0.59446	0.72277	0.54115	-0.156	-0.19109	-1.3636	-1.4238	-1.2909	-1.22	-1.1865	-1.1566	-1.0819	-0.76533	-0.55441	-0.40992	-0.29062	-0.099894	0.072952	0.10889	-5.4701
967.04	0.097438	0.047856	-0.090753	-0.10338	-0.17786	-0.20116	-0.22158	-0.26961	-0.079639	0.15466	0.42875	0.64466	0.64361	0.68442	-0.048352	-0.19065	-1.215	-1.359	-1.2117	-1.1686	-1.1642	-1.1171	-1.084	-0.77598	-0.53063	-0.43063	-0.28011	-0.10748	0.063604	0.11031	-5.344
965.24	0.088012	0.051967	-0.078608	-0.12532	-0.16018	-0.19018	-0.23088	-0.25827	-0.096401	0.14145	0.43207	0.58683	0.66206	0.6857	-0.11458	-0.18226	-1.2244	-1.3456	-1.1969	-1.1592	-1.1442	-1.1222	-1.0541	-0.77231	-0.52902	-0.42893	-0.2831	-0.11082	0.059891	0.10298	-5.0605
964.07	0.10736	0.056056	-0.10028	-0.11459	-0.17919	-0.20572	-0.23602	-0.28548	-0.12479	0.11699	0.40657	0.62449	0.65422	0.65432	0.0094432	-0.059772	-1.0714	-1.2202	-1.1293	-1.101	-1.0907	-1.0994	-1.0398	-0.74614	-0.51838	-0.39854	-0.26741	-0.098402	0.073008	0.10226	-4.7874
966.09	0.088734	0.046295	-0.080076	-0.11978	-0.20855	-0.2461	-0.27427	-0.30146	-0.13947	0.087405	0.37054	0.49046	0.66148	0.74939	0.14158	0.062802	-0.89773	-1.081	-1.024	-1.0207	-1.0524	-1.073	-1.0204	-0.71825	-0.52422	-0.40604	-0.29638	-0.11463	0.071325	0.11713	-4.5169
965.98	0.10715	0.041478	-0.090853	-0.13376	-0.19605	-0.23168	-0.27834	-0.3315	-0.16937	0.071553	0.35801	0.53476	0.60983	0.66106	0.27379	0.17653	-0.79922	-1.0221	-0.98189	-0.98527	-1.0247	-1.0332	-0.99718	-0.72491	-0.50869	-0.38941	-0.2718	-0.11308	0.057547	0.10792	-4.2516
965.66	0.087973	0.04551	-0.092421	-0.15941	-0.21569	-0.254	-0.30024	-0.33398	-0.19848	0.033497	0.3288	0.46117	0.69626	0.69344	0.19949	0.34283	-0.6977	-0.93625	-0.91081	-0.94155	-0.97834	-1.0148	-0.98347	-0.71857	-0.50626	-0.38954	-0.29528	-0.1092	0.061396	0.089521	-3.9075
966.09	0.099934	0.031025	-0.097765	-0.14305	-0.22577	-0.2705	-0.3211	-0.37173	-0.22329	-0.0029975	0.26918	0.44623	0.627	0.8137	0.52157	0.44765	-0.44384	-0.73772	-0.78389	-0.83608	-0.9157	-0.95709	-0.9472	-0.67218	-0.50084	-0.38937	-0.25577	-0.10759	0.062136	0.1054	-3.6186
963.85	0.1146	0.059292	-0.083345	-0.15194	-0.21767	-0.26798	-0.33641	-0.39158	-0.25458	-0.033207	0.25805	0.40292	0.52477	0.71086	0.28266	0.51881	-0.38369	-0.67776	-0.73287	-0.80783	-0.87763	-0.94496	-0.91894	-0.67154	-0.50026	-0.38358	-0.2687	-0.12588	0.064581	0.098924	-3.193
965.87	0.091154	0.05756	-0.10317	-0.14696	-0.23913	-0.28258	-0.33571	-0.40971	-0.27231	-0.062487	0.19048	0.40208	0.54954	0.82995	0.59604	0.49148	-0.21068	-0.55573	-0.6494	-0.72193	-0.83813	-0.89856	-0.89442	-0.64966	-0.45504	-0.35443	-0.25214	-0.10135	0.079766	0.11129	-2.8462
964.6	0.1073	0.050392	-0.10023	-0.16114	-0.24885	-0.29998	-0.36607	-0.43793	-0.32254	-0.10387	0.17395	0.32137	0.55027	0.73446	0.56375	0.59726	-0.1075	-0.45417	-0.5666	-0.67105	-0.78596	-0.85602	-0.86517	-0.62562	-0.44523	-0.35156	-0.2685	-0.12186	0.070668	0.11731	-2.4154
967.47	0.10459	0.043019	-0.10761	-0.18081	-0.26921	-0.31579	-0.38111	-0.47053	-0.36302	-0.15424	0.12827	0.28361	0.55726	0.644	0.60332	0.64788	0.010034	-0.33364	-0.48798	-0.60658	-0.73949	-0.82416	-0.82292	-0.6223	-0.43526	-0.34136	-0.24189	-0.10509	0.062047	0.10859	-2.0029
964.17	0.11296	0.047192	-0.11799	-0.18376	-0.27405	-0.32002	-0.39212	-0.50457	-0.39836	-0.208	0.056521	0.15899	0.40369	0.77504	0.64677	0.68516	0.17003	-0.20408	-0.38725	-0.5243	-0.67641	-0.7787	-0.79997	-0.58779	-0.40724	-0.35088	-0.24272	-0.11015	0.053051	0.12072	-1.6168
969.06	0.11797	0.032531	-0.10973	-0.18592	-0.27969	-0.34564	-0.43924	-0.53115	-0.44102	-0.25281	0.0077991	0.069973	0.44462	0.57883	0.66819	0.79505	0.3057	-0.068109	-0.27938	-0.43849	-0.59222	-0.72523	-0.76253	-0.58045	-0.41036	-0.32001	-0.2231	-0.094774	0.071869	0.1151	-1.1519
963.75	0.10579	0.052047	-0.10263	-0.20561	-0.29143	-0.3555	-0.45542	-0.56257	-0.47423	-0.28918	-0.041701	0.062972	0.39523	0.57397	0.69673	0.64162	0.40152	0.022796	-0.20288	-0.37896	-0.56595	-0.68546	-0.73237	-0.55213	-0.40655	-0.30924	-0.23543	-0.10393	0.057681	0.096416	-0.73432
966.19	0.10632	0.047093	-0.11929	-0.20587	-0.30243	-0.35922	-0.45507	-0.5943	-0.51867	-0.3384	-0.091012	0.01859	0.30804	0.60466	0.71149	0.91984	0.49128	0.1224	-0.11965	-0.30463	-0.49496	-0.63705	-0.70481	-0.52368	-0.37867	-0.30096	-0.23114	-0.10053	0.066722	0.10455	-0.28011
968.11	0.1117	0.065447	-0.11905	-0.20933	-0.30964	-0.39309	-0.52024	-0.63803	-0.54415	-0.386	-0.14851	0.03326	0.24722	0.53127	0.70183	0.80457	0.5684	0.19338	-0.051425	-0.24854	-0.44987	-0.59523	-0.67076	-0.50367	-0.36064	-0.27956	-0.18648	-0.09643	0.054365	0.11187	0.21074
965.55	0.1136	0.059991	-0.12552	-0.20678	-0.32768	-0.39758	-0.50788	-0.66105	-0.59375	-0.45367	-0.22434	-0.09945	0.17025	0.58897	0.68717	0.79795	0.64507	0.27761	0.032833	-0.17964	-0.40193	-0.54332	-0.64914	-0.46623	-0.33212	-0.28113	-0.19313	-0.097468	0.062936	0.11216	0.64108
967.36	0.12377	0.05105	-0.11453	-0.21724	-0.32395	-0.41811	-0.56499	-0.69923	-0.65314	-0.49876	-0.29335	-0.18026	0.12689	0.43537	0.75186	0.93621	0.72827	0.38278	0.11053	-0.097535	-0.33006	-0.50396	-0.60825	-0.46609	-0.32891	-0.26146	-0.19031	-0.087125	0.061288	0.10526	1.1368
962.37	0.1212	0.056963	-0.11204	-0.2207	-0.34763	-0.43991	-0.58413	-0.74328	-0.70318	-0.57459	-0.39074	-0.26261	0.058318	0.37309	0.78067	0.80937	0.79097	0.48235	0.20636	-0.022826	-0.27672	-0.44838	-0.56525	-0.43621	-0.29497	-0.2511	-0.1703	-0.082865	0.075445	0.10749	1.6376
965.77	0.11758	0.056762	-0.11934	-0.22536	-0.34875	-0.42165	-0.55703	-0.76831	-0.74221	-0.61461	-0.43629	-0.33544	-0.053967	0.21901	0.6209	0.8065	0.80149	0.54343	0.25999	0.022068	-0.22908	-0.4227	-0.53287	-0.40321	-0.30259	-0.2327	-0.17708	-0.077876	0.065221	0.11549	2.1198
963	0.11792	0.062569	-0.12431	-0.2439	-0.3788	-0.48686	-0.65583	-0.82595	-0.78847	-0.68797	-0.52746	-0.43995	-0.26166	0.066434	0.56469	0.67722	0.82891	0.59437	0.30223	0.068623	-0.18458	-0.37256	-0.50391	-0.40144	-0.29651	-0.23253	-0.16895	-0.073388	0.063103	0.11078	2.6201
965.98	0.12235	0.053533	-0.12316	-0.23772	-0.36902	-0.46833	-0.63685	-0.83762	-0.84165	-0.74375	-0.60626	-0.4902	-0.25223	-0.1106	0.52163	0.72761	0.84201	0.67992	0.3962	0.1557	-0.11935	-0.32096	-0.44548	-0.36217	-0.2211	-0.20513	-0.15366	-0.055944	0.070567	0.12551	3.1384
