12841	2	3	92	20.6	760	1	11	8	2.912	128	4096	10	0	0	0	0	372.72	973.55	1.4907e+006	0.11717	0.125	40.253	0	0	1	0	0	0	14	0	0
936.65	0.11372	0.062108	-0.14586	-0.32249	-0.49356	-0.62678	-0.87405	-1.1944	-1.3036	-1.331	-1.3889	-1.5206	-1.7075	-1.7296	-0.54068	-0.41695	0.50943	0.87542	0.77982	0.57184	0.28895	0.03777	-0.13729	-0.11268	-0.099717	-0.063259	-0.02008	0.0067639	0.070771	0.086713	7.8349
935.06	0.10565	0.05557	-0.1477	-0.33827	-0.50249	-0.64132	-0.90056	-1.2217	-1.3376	-1.3898	-1.4561	-1.6375	-1.7639	-1.7824	-0.78057	-0.40863	0.46098	0.84512	0.80042	0.58878	0.31058	0.06428	-0.1166	-0.099275	-0.080199	-0.06423	-0.035369	0.0075851	0.075638	0.087726	8.2005
933.35	0.10667	0.043193	-0.15195	-0.3437	-0.51799	-0.66034	-0.92477	-1.2575	-1.3469	-1.4293	-1.5195	-1.6634	-2.0615	-1.9936	-0.8333	-0.78961	0.40026	0.83775	0.82119	0.62343	0.34165	0.10102	-0.093421	-0.089616	-0.060622	-0.052263	-0.021424	0.0238	0.08291	0.097424	8.545
933.35	0.10667	0.050679	-0.15911	-0.33407	-0.53419	-0.67982	-0.93647	-1.2657	-1.3581	-1.481	-1.5663	-1.8236	-2.0615	-2.2182	-1.124	-0.84393	0.28281	0.82247	0.82287	0.64582	0.35605	0.11895	-0.069228	-0.063883	-0.059726	-0.053127	-0.015054	0.0067893	0.063887	0.093954	8.9616
932.08	0.10184	0.041585	-0.15933	-0.36186	-0.52356	-0.66232	-0.94026	-1.3091	-1.4279	-1.5208	-1.6223	-2.0019	-2.2073	-2.5711	-1.2369	-1.0083	0.21993	0.81212	0.85089	0.67793	0.40744	0.15812	-0.043479	-0.052601	-0.020306	-0.039371	-0.0048721	0.021399	0.065561	0.10624	9.339
931.97	0.096045	0.045757	-0.14819	-0.33456	-0.52362	-0.67963	-0.9638	-1.3109	-1.4547	-1.5703	-1.7024	-2.0327	-2.4309	-2.7464	-1.374	-1.2441	0.12829	0.80583	0.8636	0.71323	0.42615	0.18234	-0.012794	-0.038962	-0.023003	-0.029868	-0.0035978	0.018966	0.053663	0.086279	9.747
931.97	0.097705	0.055755	-0.15297	-0.33778	-0.53093	-0.68469	-0.97385	-1.3486	-1.4788	-1.6229	-1.7675	-2.1855	-2.5113	-3.0713	-1.5966	-1.3076	0.01066	0.75481	0.86612	0.71804	0.4516	0.19794	0.0041688	-0.016221	-0.017615	-0.017768	-0.0061475	0.032758	0.076682	0.078465	10.16
932.82	0.097616	0.049044	-0.15124	-0.35354	-0.53368	-0.68739	-0.98717	-1.3751	-1.5307	-1.6732	-1.8387	-2.3134	-2.6161	-3.21	-1.732	-1.5963	-0.080934	0.7401	0.86785	0.75658	0.48086	0.24143	0.034021	0.007271	0.01559	0.010742	0.016799	0.05218	0.078198	0.096612	10.572
932.93	0.081861	0.034891	-0.14565	-0.36716	-0.54173	-0.71891	-1.0431	-1.393	-1.5727	-1.7354	-1.8993	-2.3894	-2.7408	-3.3927	-2.0141	-1.75	-0.22355	0.67248	0.87867	0.75009	0.5181	0.25777	0.044506	0.018628	0.019178	0.0090153	0.026988	0.040017	0.077397	0.084455	10.963
932.82	0.066127	0.027401	-0.14168	-0.36238	-0.56367	-0.72774	-1.0348	-1.425	-1.5875	-1.7799	-1.9906	-2.5959	-2.8482	-3.751	-2.194	-1.9314	-0.35974	0.65471	0.88213	0.78938	0.54613	0.27807	0.0897	0.040594	0.03084	0.028013	0.024444	0.048127	0.067888	0.062776	11.382
932.18	0.06866	0.022424	-0.137	-0.34574	-0.53973	-0.70413	-1.0255	-1.444	-1.6522	-1.8535	-2.0588	-2.6817	-3.1807	-3.9035	-2.5465	-2.1593	-0.48894	0.59777	0.89534	0.79952	0.55838	0.3165	0.10026	0.056535	0.051508	0.035808	0.02701	0.040861	0.078252	0.071501	11.777
932.29	0.045437	0.0040971	-0.13857	-0.33525	-0.53966	-0.71621	-1.0547	-1.4814	-1.6752	-1.9075	-2.1523	-2.8342	-3.3679	-4.2113	-2.6318	-2.3222	-0.64296	0.53013	0.88516	0.81384	0.57697	0.33284	0.11559	0.07017	0.067657	0.040988	0.05251	0.034368	0.050469	0.058473	12.181
932.72	0.032156	0.0090906	-0.13851	-0.33349	-0.54428	-0.71709	-1.0542	-1.5004	-1.7415	-1.9551	-2.2251	-2.8864	-3.5539	-4.4424	-2.9729	-2.7107	-0.79343	0.48145	0.88055	0.83987	0.60977	0.3553	0.1575	0.077712	0.089158	0.05306	0.04229	0.048942	0.040927	0.061916	12.609
933.25	0.028825	-0.0083866	-0.13206	-0.34535	-0.53911	-0.72176	-1.0803	-1.5232	-1.7483	-2.0336	-2.3261	-2.9458	-3.7035	-4.7477	-3.1764	-2.9355	-0.95338	0.42258	0.86997	0.85938	0.63484	0.39173	0.17596	0.10416	0.091797	0.067702	0.062648	0.049725	0.050418	0.041069	13.01
931.76	0.0023239	-0.016734	-0.11712	-0.32901	-0.56188	-0.75208	-1.1021	-1.538	-1.801	-2.0623	-2.4254	-3.027	-4.0044	-5.1303	-3.5155	-3.3302	-1.1277	0.33777	0.86212	0.85515	0.64519	0.41031	0.19159	0.12707	0.090147	0.070404	0.061471	0.046558	0.046529	0.035055	13.405
930.27	-0.016784	-0.034288	-0.1245	-0.3247	-0.53921	-0.72024	-1.0846	-1.5749	-1.8564	-2.1241	-2.5119	-3.3687	-4.1898	-5.4056	-3.83	-3.4264	-1.31	0.24503	0.84581	0.85893	0.66578	0.42895	0.2097	0.13943	0.10648	0.074846	0.075629	0.040945	0.025131	0.029022	13.81
929.41	-0.025948	-0.051027	-0.13261	-0.32661	-0.54052	-0.72908	-1.1074	-1.6034	-1.8823	-2.1978	-2.6013	-3.3488	-4.4266	-5.6779	-4.0481	-3.7022	-1.482	0.19537	0.82551	0.8838	0.69531	0.44578	0.23257	0.15096	0.12279	0.087049	0.075698	0.055623	0.029133	0.010763	14.237
927.39	-0.036007	-0.07542	-0.15934	-0.32005	-0.55393	-0.7609	-1.1477	-1.6143	-1.9088	-2.2687	-2.6837	-3.4483	-4.7236	-5.9415	-4.2893	-4.0565	-1.6613	0.11632	0.83322	0.89136	0.70621	0.47812	0.25256	0.16881	0.1429	0.082026	0.086117	0.056561	0.0028726	0.016895	14.583
925.9	-0.060275	-0.068831	-0.1636	-0.30357	-0.52052	-0.71489	-1.1125	-1.6399	-1.9544	-2.3162	-2.7624	-3.6385	-4.7942	-6.3871	-4.641	-4.2182	-1.873	0.018924	0.81172	0.88393	0.73638	0.48675	0.26516	0.18968	0.12777	0.10217	0.091391	0.050936	0.021254	-0.010173	14.988
923.88	-0.079651	-0.080748	-0.15672	-0.30748	-0.53885	-0.74318	-1.1462	-1.6642	-1.9586	-2.3577	-2.8534	-3.739	-5.1202	-6.502	-4.9621	-4.5384	-2.0555	-0.055664	0.79314	0.89798	0.74741	0.51458	0.27633	0.2008	0.1362	0.11024	0.10446	0.047773	0.022902	-0.0031886	15.368
922.28	-0.099065	-0.10194	-0.16102	-0.32345	-0.50289	-0.72407	-1.171	-1.6753	-2.035	-2.4424	-2.9329	-3.8922	-5.2193	-6.8416	-5.3341	-4.7478	-2.2517	-0.13568	0.77922	0.89792	0.76242	0.53045	0.2915	0.20881	0.15277	0.10344	0.095615	0.053595	0.012514	-0.015479	15.731
920.04	-0.10183	-0.1216	-0.16949	-0.31609	-0.50247	-0.71432	-1.1509	-1.6744	-2.0661	-2.4592	-3.0157	-4.01	-5.4764	-7.0776	-5.5639	-5.0533	-2.4478	-0.23808	0.74195	0.89442	0.76599	0.54518	0.32084	0.22314	0.16496	0.1177	0.094558	0.060299	0.0085242	-0.013756	16.082
919.3	-0.13554	-0.15717	-0.18579	-0.31798	-0.50946	-0.71985	-1.1604	-1.7065	-2.0844	-2.5361	-3.1062	-4.1682	-5.6258	-7.3874	-5.9938	-5.3699	-2.634	-0.31974	0.74169	0.8984	0.78468	0.5741	0.33011	0.22793	0.17056	0.1213	0.099805	0.047189	-0.013198	-0.039296	16.384
919.3	-0.149	-0.16477	-0.23509	-0.33999	-0.50946	-0.69573	-1.1247	-1.7131	-2.1332	-2.5812	-3.1783	-4.2225	-5.8794	-7.7168	-6.1674	-5.618	-2.8191	-0.4038	0.70078	0.90489	0.78898	0.59468	0.34976	0.24407	0.19332	0.12568	0.10627	0.05048	-0.029293	-0.05162	16.694
919.94	-0.17662	-0.18576	-0.23816	-0.33731	-0.48527	-0.69102	-1.1468	-1.7012	-2.1378	-2.626	-3.2562	-4.3279	-6.0201	-7.8887	-6.3106	-5.9724	-2.9774	-0.47976	0.68497	0.90913	0.79874	0.59189	0.35934	0.24851	0.18954	0.1326	0.082938	0.043048	-0.038118	-0.066541	17.03
919.3	-0.18936	-0.22981	-0.26257	-0.34814	-0.50699	-0.68959	-1.1205	-1.7164	-2.1594	-2.6462	-3.2813	-4.3697	-6.1602	-8.2321	-6.506	-6.142	-3.1447	-0.56156	0.67351	0.90814	0.81822	0.60892	0.36941	0.25944	0.18967	0.13532	0.094635	0.041434	-0.044582	-0.07803	17.291
919.94	-0.23796	-0.24737	-0.26482	-0.37071	-0.50911	-0.68051	-1.107	-1.7128	-2.1614	-2.6768	-3.3829	-4.5215	-6.3098	-8.4796	-6.8484	-6.4316	-3.3102	-0.68006	0.64493	0.89939	0.82281	0.61482	0.38798	0.26156	0.20864	0.14311	0.10103	0.040582	-0.045357	-0.095571	17.579
921.43	-0.24261	-0.25118	-0.3047	-0.42461	-0.52797	-0.67684	-1.0866	-1.6984	-2.1396	-2.6924	-3.4327	-4.5142	-6.4171	-8.6765	-7.0626	-6.6505	-3.4845	-0.73573	0.60648	0.88336	0.81461	0.61698	0.38572	0.27341	0.20195	0.1385	0.1228	0.037235	-0.065355	-0.090146	17.796
921.43	-0.26777	-0.3009	-0.35067	-0.42949	-0.54356	-0.67825	-1.0629	-1.6785	-2.1344	-2.7157	-3.4494	-4.7461	-6.4713	-8.904	-7.3397	-6.8797	-3.6224	-0.81701	0.59882	0.8866	0.83435	0.63592	0.39879	0.28644	0.20286	0.14025	0.10345	0.042978	-0.060538	-0.10069	18.061
921	-0.26874	-0.32549	-0.35002	-0.43213	-0.56352	-0.67712	-1.0227	-1.6412	-2.158	-2.7386	-3.4739	-4.7328	-6.6822	-8.984	-7.5077	-6.9655	-3.7488	-0.89225	0.5957	0.87972	0.84504	0.64728	0.40388	0.29501	0.20113	0.13769	0.12028	0.033969	-0.060566	-0.10161	18.248
919.83	-0.28841	-0.37908	-0.4272	-0.51008	-0.57985	-0.66514	-1.002	-1.64	-2.1538	-2.7479	-3.5029	-4.8705	-6.736	-9.1136	-7.7342	-7.1305	-3.8564	-0.92699	0.56664	0.88571	0.85041	0.66075	0.41503	0.29846	0.20776	0.14838	0.097164	0.035655	-0.051796	-0.10262	18.487
919.09	-0.2878	-0.40558	-0.43725	-0.54475	-0.63132	-0.68469	-0.95695	-1.5733	-2.1215	-2.7485	-3.5093	-4.7659	-6.8774	-9.3745	-7.7231	-7.2282	-3.9459	-0.9756	0.56369	0.88399	0.86487	0.67632	0.43584	0.30254	0.21794	0.15113	0.10888	0.045556	-0.076791	-0.096539	18.659
917.17	-0.29767	-0.41659	-0.53619	-0.5802	-0.64501	-0.69437	-0.97426	-1.6015	-2.0927	-2.7392	-3.566	-4.9002	-6.9008	-9.428	-7.9307	-7.4	-4.039	-1.0152	0.54778	0.89723	0.8684	0.67615	0.43429	0.30471	0.23573	0.15057	0.10393	0.047299	-0.08179	-0.11086	18.828
917.17	-0.3179	-0.46992	-0.57426	-0.6088	-0.68375	-0.70378	-0.91728	-1.4992	-2.0866	-2.7049	-3.5475	-4.9701	-6.8101	-9.4957	-8.0699	-7.4092	-4.1074	-1.0437	0.54522	0.87851	0.8684	0.68487	0.4269	0.31781	0.21384	0.13651	0.12985	0.025043	-0.064045	-0.10115	18.908
916.32	-0.34941	-0.53391	-0.61858	-0.66744	-0.75369	-0.74355	-0.88238	-1.4016	-2.0168	-2.6798	-3.5437	-4.8426	-6.7528	-9.6147	-7.938	-7.5636	-4.1335	-1.0473	0.53632	0.89806	0.8718	0.68789	0.45851	0.31733	0.22773	0.16389	0.091051	0.025891	-0.098014	-0.14629	19.084
917.27	-0.36674	-0.61885	-0.72243	-0.78767	-0.79082	-0.77511	-0.89762	-1.2962	-1.9282	-2.647	-3.4589	-4.822	-6.9545	-9.6216	-8.0428	-7.4544	-4.1218	-1.0501	0.5537	0.88248	0.88123	0.68797	0.43752	0.31161	0.23114	0.14352	0.10392	0.018446	-0.076943	-0.10644	19.131
918.23	-0.38067	-0.60806	-0.7864	-0.8399	-0.81963	-0.81684	-0.91961	-1.1835	-1.8502	-2.5766	-3.4403	-4.7316	-6.8022	-9.4508	-7.9736	-7.5202	-4.1068	-1.049	0.55483	0.89456	0.88203	0.68408	0.4387	0.31513	0.21815	0.14688	0.1051	0.013488	-0.093782	-0.14422	19.26
919.94	-0.43122	-0.60018	-0.86894	-0.84812	-0.83044	-0.8126	-0.88993	-1.1506	-1.7491	-2.5186	-3.3512	-4.7151	-6.7443	-9.3067	-7.9675	-7.4512	-4.049	-1.0238	0.54699	0.89939	0.87094	0.68676	0.44444	0.3061	0.20592	0.14661	0.077769	0.0077097	-0.13623	-0.19586	19.334
919.83	-0.42791	-0.64414	-1.0233	-0.8694	-0.88643	-0.89202	-0.92734	-1.0197	-1.6352	-2.4097	-3.2918	-4.615	-6.6545	-9.1812	-7.5867	-7.2408	-3.9665	-0.97998	0.55301	0.8995	0.8719	0.6734	0.43385	0.2831	0.19775	0.12999	0.070023	-0.012837	-0.16037	-0.21612	19.337
918.66	-0.47978	-0.69906	-1.0732	-0.88764	-0.90813	-0.88549	-0.88098	-0.98701	-1.5578	-2.3253	-3.1665	-4.4968	-6.5452	-9.0407	-7.5529	-7.0568	-3.8818	-0.92817	0.58101	0.90958	0.87474	0.67109	0.42293	0.27884	0.198	0.12051	0.058465	-0.025199	-0.17024	-0.23577	19.391
916.85	-0.62911	-0.7394	-1.0631	-0.97195	-0.87859	-0.84749	-0.86826	-0.94071	-1.4227	-2.1786	-3.1012	-4.3658	-6.2312	-8.8384	-7.3241	-6.9786	-3.7675	-0.8924	0.58814	0.90894	0.87647	0.66369	0.41638	0.26783	0.17375	0.099662	0.037836	-0.062356	-0.26418	-0.35805	19.342
913.55	-0.66777	-0.80412	-1.1312	-0.98941	-0.89501	-0.87521	-0.89018	-0.89902	-1.284	-2.0523	-2.9831	-4.2958	-6.1534	-8.6239	-7.2196	-6.7541	-3.6222	-0.82276	0.62886	0.92039	0.87184	0.65734	0.41953	0.25875	0.15423	0.07798	0.013247	-0.10562	-0.33397	-0.44438	19.339
909.92	-0.74348	-0.72881	-1.0581	-0.99335	-0.91768	-0.86759	-0.84401	-0.89673	-1.1763	-1.9443	-2.802	-4.0155	-6.0498	-8.3169	-6.8624	-6.5488	-3.4164	-0.72805	0.65031	0.9298	0.85967	0.65356	0.39059	0.24425	0.15025	0.062355	-0.020667	-0.13262	-0.37758	-0.51286	19.347
905.34	-0.84971	-0.86458	-1.098	-1.0149	-0.90479	-0.85276	-0.83363	-0.86505	-1.0618	-1.7781	-2.7259	-3.9493	-5.7677	-8.0159	-6.6151	-6.1527	-3.2425	-0.62537	0.70207	0.94604	0.87014	0.65044	0.38176	0.24315	0.12975	0.028863	-0.01946	-0.1667	-0.40727	-0.50562	19.295
900.76	-0.82657	-0.79829	-1.1506	-0.9993	-0.93793	-0.86277	-0.79718	-0.85759	-0.99689	-1.6766	-2.5843	-3.7479	-5.6491	-7.7205	-6.2767	-5.9307	-3.0785	-0.55069	0.69955	0.9492	0.8614	0.63033	0.36114	0.20831	0.09418	0.026327	-0.063112	-0.18601	-0.43234	-0.54054	19.25
897.66	-0.80444	-0.81315	-1.1231	-1.0086	-0.88137	-0.82818	-0.81209	-0.83591	-0.94316	-1.5322	-2.44	-3.5545	-5.3161	-7.4357	-5.8982	-5.7252	-2.9005	-0.45061	0.72378	0.95579	0.84851	0.60009	0.35064	0.17597	0.057217	-0.0076805	-0.10041	-0.22539	-0.4841	-0.59288	19.218
895.21	-0.82823	-0.85354	-1.0282	-0.96447	-0.87703	-0.8322	-0.81344	-0.84331	-0.94037	-1.3789	-2.2875	-3.4052	-5.0981	-7.0831	-5.6559	-5.4011	-2.6669	-0.34694	0.75027	0.96008	0.84377	0.59605	0.32974	0.16067	0.051766	-0.029296	-0.14318	-0.25895	-0.53749	-0.66321	19.064
893.82	-0.916	-0.81404	-1.0448	-1.0029	-0.87923	-0.84108	-0.83303	-0.82073	-0.87725	-1.291	-2.1245	-3.3387	-4.9197	-6.6685	-5.4325	-5.0219	-2.463	-0.26368	0.78124	0.94487	0.82739	0.57094	0.29573	0.13326	0.018143	-0.058179	-0.13276	-0.28726	-0.5375	-0.64975	18.955
894.04	-0.68839	-0.78953	-0.98886	-0.93388	-0.92046	-0.87579	-0.81102	-0.80517	-0.84655	-1.1536	-1.9891	-3.0909	-4.5459	-6.3976	-4.9224	-4.7844	-2.2121	-0.1506	0.80559	0.94715	0.79977	0.53501	0.26956	0.11189	-0.015556	-0.079788	-0.1673	-0.30072	-0.52165	-0.60524	18.845
893.5	-0.75801	-0.75524	-0.99361	-0.95038	-0.90239	-0.8509	-0.78619	-0.76724	-0.80398	-1.0943	-1.8925	-2.9812	-4.4461	-5.9583	-4.7021	-4.4279	-2.0179	-0.077515	0.83063	0.93769	0.76927	0.51335	0.23602	0.090611	-0.022119	-0.10327	-0.19401	-0.31529	-0.53604	-0.6047	18.684
896.92	-0.78012	-0.77141	-0.9658	-0.89746	-0.8231	-0.76582	-0.71972	-0.74306	-0.73478	-1.0124	-1.8068	-2.676	-4.1321	-5.7711	-4.3995	-4.0531	-1.8231	0.027492	0.8231	0.91499	0.7637	0.49274	0.21918	0.068998	-0.063085	-0.10468	-0.1999	-0.3183	-0.5109	-0.61323	18.522
900.44	-0.75475	-0.83048	-0.89519	-0.87398	-0.74767	-0.70617	-0.68312	-0.64105	-0.66869	-0.96335	-1.6766	-2.5548	-3.968	-5.2571	-4.0455	-3.8214	-1.6229	0.10264	0.85208	0.92633	0.72647	0.47224	0.18572	0.037346	-0.07306	-0.13468	-0.22288	-0.32042	-0.51877	-0.57758	18.36
903.85	-0.76815	-0.7758	-0.85482	-0.77781	-0.6771	-0.64203	-0.63481	-0.63948	-0.65463	-0.90886	-1.6112	-2.5057	-3.8332	-5.031	-3.7124	-3.5732	-1.4194	0.20484	0.861	0.90137	0.70798	0.43907	0.17336	0.009068	-0.092226	-0.15378	-0.22862	-0.34263	-0.53645	-0.60226	18.151
908.22	-0.73892	-0.72762	-0.79017	-0.7229	-0.63721	-0.62264	-0.60856	-0.52807	-0.59057	-0.88846	-1.566	-2.4937	-3.5122	-4.6563	-3.466	-3.1653	-1.2768	0.25621	0.88446	0.89374	0.69674	0.41294	0.13274	0.0082454	-0.10468	-0.17167	-0.22359	-0.37345	-0.5355	-0.60114	17.909
912.59	-0.71082	-0.73434	-0.71881	-0.64142	-0.59771	-0.55455	-0.51847	-0.54727	-0.55963	-0.90855	-1.5434	-2.3334	-3.4042	-4.4894	-3.3882	-3.0668	-1.1365	0.30839	0.8828	0.87965	0.66654	0.38625	0.10983	-0.0049543	-0.12802	-0.18585	-0.25118	-0.3642	-0.51753	-0.5956	17.729
917.49	-0.66406	-0.67964	-0.66719	-0.59879	-0.60193	-0.56294	-0.50805	-0.52523	-0.52606	-0.9538	-1.5581	-2.189	-3.3133	-4.3215	-3.0918	-2.8202	-1.0044	0.34303	0.87211	0.85788	0.63196	0.35486	0.082994	-0.037267	-0.14558	-0.19276	-0.27575	-0.36638	-0.52606	-0.57654	17.446
920.58	-0.62488	-0.6723	-0.64639	-0.56991	-0.53668	-0.5171	-0.50211	-0.50275	-0.587	-1.0055	-1.5907	-2.1971	-3.1304	-4.2058	-2.9514	-2.6914	-0.90327	0.39224	0.86748	0.84122	0.59462	0.32049	0.045921	-0.073978	-0.17327	-0.21923	-0.30194	-0.36843	-0.50179	-0.54384	17.19
922.92	-0.59482	-0.61086	-0.59483	-0.50594	-0.4919	-0.49442	-0.49745	-0.47833	-0.57595	-1.0221	-1.5481	-2.2379	-3.1405	-4.1026	-2.8488	-2.5564	-0.82971	0.42473	0.86188	0.81806	0.57169	0.29524	0.020522	-0.099051	-0.17917	-0.24224	-0.28572	-0.36995	-0.46845	-0.52229	16.904
926.22	-0.54346	-0.53659	-0.56384	-0.46853	-0.43545	-0.44886	-0.47968	-0.46757	-0.57303	-1.0548	-1.5696	-2.2145	-3.0663	-3.979	-2.6577	-2.4195	-0.73533	0.45916	0.85712	0.81595	0.55856	0.27849	-0.0014941	-0.10327	-0.20473	-0.23182	-0.29754	-0.34986	-0.44442	-0.49073	16.595
930.16	-0.49047	-0.5051	-0.4648	-0.44641	-0.43361	-0.42267	-0.42398	-0.45739	-0.66542	-1.1064	-1.5882	-2.2281	-3.1608	-3.8953	-2.4834	-2.3094	-0.66638	0.49172	0.85686	0.80126	0.53834	0.24603	-0.024148	-0.12562	-0.20657	-0.24296	-0.295	-0.32806	-0.41549	-0.44514	16.258
932.71	-0.42863	-0.43628	-0.43166	-0.40581	-0.46566	-0.45005	-0.40526	-0.42097	-0.67477	-1.1337	-1.5544	-2.222	-2.92	-3.8014	-2.528	-2.2034	-0.58593	0.52861	0.86627	0.79587	0.54958	0.24146	-0.020854	-0.11997	-0.20869	-0.23711	-0.26615	-0.33284	-0.35963	-0.39707	15.964
936.23	-0.38161	-0.4023	-0.39036	-0.43471	-0.49621	-0.46172	-0.39541	-0.43324	-0.69793	-1.154	-1.5442	-2.0843	-2.9891	-3.5301	-2.2969	-2.0868	-0.49086	0.54948	0.86721	0.79209	0.51543	0.22967	-0.028011	-0.12179	-0.19539	-0.23622	-0.25753	-0.30817	-0.348	-0.36187	15.615
938.57	-0.3576	-0.37069	-0.39968	-0.44081	-0.43456	-0.39485	-0.35703	-0.41185	-0.76111	-1.1675	-1.511	-2.1854	-2.8219	-3.3806	-2.2996	-1.9916	-0.43728	0.57725	0.87256	0.77262	0.5133	0.2167	-0.040774	-0.13428	-0.2065	-0.23306	-0.26196	-0.29371	-0.33531	-0.3351	15.299
941.97	-0.33415	-0.3677	-0.42268	-0.42012	-0.35433	-0.33197	-0.34911	-0.40874	-0.80772	-1.1925	-1.5142	-2.0716	-2.7675	-3.4014	-2.1388	-1.9216	-0.36507	0.61049	0.85776	0.76666	0.4829	0.21283	-0.048617	-0.14354	-0.20486	-0.23478	-0.26984	-0.29345	-0.33332	-0.33045	14.937
943.46	-0.35492	-0.38276	-0.41965	-0.36703	-0.34015	-0.3237	-0.34608	-0.44205	-0.83704	-1.2036	-1.5307	-2.0683	-2.6572	-3.289	-1.9916	-1.7215	-0.32122	0.63977	0.85225	0.7607	0.47711	0.18166	-0.082048	-0.15755	-0.21252	-0.23953	-0.2669	-0.30581	-0.32573	-0.33679	14.598
945.27	-0.36405	-0.37053	-0.36304	-0.32986	-0.3299	-0.30717	-0.32479	-0.46621	-0.87191	-1.2005	-1.5063	-1.9513	-2.5376	-3.217	-1.8781	-1.6646	-0.25103	0.65867	0.85476	0.74503	0.46616	0.17054	-0.088263	-0.1692	-0.22628	-0.23737	-0.26639	-0.29722	-0.32824	-0.34043	14.25
945.49	-0.36561	-0.36716	-0.33074	-0.31868	-0.30264	-0.28844	-0.32719	-0.47095	-0.91835	-1.2043	-1.4846	-2.1091	-2.3081	-3.1013	-1.7933	-1.4408	-0.1958	0.66355	0.85789	0.71645	0.451	0.15281	-0.1185	-0.17439	-0.22977	-0.25861	-0.26381	-0.31875	-0.32738	-0.3395	13.853
945.06	-0.33306	-0.32542	-0.31517	-0.29345	-0.28358	-0.24936	-0.28855	-0.52362	-0.91707	-1.2	-1.4604	-1.9066	-2.3796	-2.9055	-1.6674	-1.5309	-0.12229	0.68649	0.84003	0.7152	0.41104	0.12825	-0.11775	-0.20288	-0.23164	-0.26299	-0.26142	-0.27569	-0.32675	-0.32938	13.461
943.89	-0.34903	-0.32336	-0.29667	-0.28349	-0.28072	-0.23666	-0.27816	-0.56871	-0.90377	-1.1966	-1.4314	-1.9768	-2.2767	-2.8104	-1.6441	-1.3716	-0.051951	0.71757	0.84689	0.69632	0.40401	0.12301	-0.15059	-0.20313	-0.23725	-0.2582	-0.26552	-0.27603	-0.29031	-0.3032	13.143
942.19	-0.28321	-0.30828	-0.29089	-0.2665	-0.24593	-0.21113	-0.28694	-0.61022	-0.93688	-1.2036	-1.4288	-1.8368	-2.1747	-2.766	-1.3845	-1.3562	0.016161	0.75798	0.8426	0.69203	0.38796	0.10471	-0.14527	-0.20725	-0.24745	-0.24926	-0.25843	-0.28616	-0.28456	-0.30633	12.68
939.85	-0.28227	-0.27683	-0.28371	-0.20896	-0.24815	-0.20291	-0.25861	-0.64258	-0.95201	-1.1871	-1.4048	-1.8641	-2.189	-2.5994	-1.337	-1.2067	0.09423	0.78263	0.83136	0.68503	0.37967	0.075563	-0.16085	-0.22655	-0.24895	-0.25845	-0.28184	-0.27641	-0.27976	-0.2847	12.348
937.72	-0.27384	-0.26918	-0.23048	-0.21263	-0.23662	-0.20649	-0.28831	-0.66193	-0.95759	-1.193	-1.3657	-1.8911	-2.0697	-2.448	-1.3485	-1.0653	0.14443	0.77554	0.8441	0.66271	0.35102	0.064097	-0.18691	-0.22782	-0.2513	-0.26849	-0.2622	-0.26656	-0.2725	-0.26205	11.928
935.91	-0.22812	-0.21743	-0.20949	-0.22905	-0.2193	-0.17219	-0.26554	-0.69988	-0.98686	-1.1839	-1.3614	-1.8263	-2.047	-2.4279	-1.1209	-0.86872	0.19237	0.80498	0.81978	0.64645	0.33987	0.036247	-0.20013	-0.2426	-0.27325	-0.25954	-0.27032	-0.26384	-0.24852	-0.26169	11.546
933.99	-0.19631	-0.19793	-0.20355	-0.20465	-0.20356	-0.17423	-0.29113	-0.72582	-0.98201	-1.1715	-1.3495	-1.7461	-1.9085	-2.2416	-1.0976	-0.8343	0.26157	0.79645	0.83237	0.61981	0.31178	0.03087	-0.21102	-0.23932	-0.26664	-0.26438	-0.2416	-0.25872	-0.22606	-0.19984	11.12
933.35	-0.18071	-0.19889	-0.22439	-0.18471	-0.19074	-0.17021	-0.30805	-0.77126	-0.99729	-1.1658	-1.3123	-1.6252	-1.892	-2.1516	-1.03	-0.78056	0.30873	0.811	0.82203	0.61544	0.30522	0.016863	-0.22165	-0.25689	-0.26593	-0.27492	-0.26088	-0.24918	-0.23256	-0.19478	10.695
932.61	-0.185	-0.19988	-0.1696	-0.17763	-0.16901	-0.17764	-0.3568	-0.79314	-1.0058	-1.1585	-1.2708	-1.6265	-1.8578	-2.0201	-0.94521	-0.57279	0.35275	0.83587	0.80588	0.58952	0.28766	-0.011978	-0.24685	-0.27452	-0.28498	-0.28723	-0.27	-0.251	-0.21609	-0.19753	10.368
934.31	-0.1648	-0.16711	-0.14464	-0.15324	-0.17032	-0.18833	-0.37034	-0.80639	-0.98168	-1.1416	-1.2979	-1.5092	-1.8276	-1.9998	-0.6787	-0.58078	0.42008	0.86107	0.79351	0.59564	0.26513	-0.017405	-0.25123	-0.27856	-0.2773	-0.28067	-0.25806	-0.23435	-0.20698	-0.18591	9.9585
935.27	-0.14232	-0.14784	-0.12781	-0.15228	-0.15397	-0.1988	-0.41916	-0.82921	-0.9841	-1.1257	-1.2654	-1.2944	-1.6655	-1.6657	-0.5756	-0.46275	0.47219	0.85129	0.75584	0.55434	0.24119	-0.05005	-0.26466	-0.28884	-0.28417	-0.26833	-0.25653	-0.22684	-0.18778	-0.1563	9.525
936.97	-0.11814	-0.10531	-0.12599	-0.14561	-0.12465	-0.19337	-0.44671	-0.81956	-1.0046	-1.1155	-1.2251	-1.4441	-1.6536	-1.6544	-0.56605	-0.28154	0.51249	0.85228	0.76282	0.53581	0.2264	-0.055391	-0.28989	-0.28907	-0.29169	-0.27214	-0.24972	-0.22804	-0.17718	-0.13702	9.1504
939.1	-0.088237	-0.10921	-0.1257	-0.11894	-0.11309	-0.20732	-0.48639	-0.84126	-0.96899	-1.117	-1.187	-1.3725	-1.4814	-1.5018	-0.53927	-0.29889	0.54111	0.85668	0.74524	0.51235	0.19305	-0.076179	-0.29564	-0.30046	-0.29103	-0.27152	-0.2327	-0.21948	-0.14684	-0.11775	8.7443
942.08	-0.10519	-0.10309	-0.089026	-0.086745	-0.10311	-0.21949	-0.513	-0.84184	-0.98465	-1.0924	-1.1506	-1.3077	-1.4325	-1.5136	-0.44438	-0.24414	0.58354	0.86785	0.72875	0.50043	0.19832	-0.089061	-0.2963	-0.3085	-0.30166	-0.2604	-0.23827	-0.20835	-0.13303	-0.10965	8.3844
945.17	-0.086034	-0.087145	-0.06751	-0.079325	-0.092371	-0.22146	-0.53031	-0.84393	-0.95853	-1.0507	-1.1058	-1.1527	-1.3661	-1.3443	-0.2825	-0.14501	0.61843	0.85369	0.70813	0.47669	0.15249	-0.11724	-0.30489	-0.29928	-0.29359	-0.25955	-0.24001	-0.19567	-0.11303	-0.10244	7.9828
947.19	-0.066265	-0.069744	-0.065797	-0.060166	-0.11133	-0.24948	-0.54976	-0.84857	-0.95902	-1.0298	-1.0675	-1.0826	-1.205	-1.2103	-0.26506	-0.046574	0.66101	0.85689	0.69587	0.47095	0.14799	-0.11469	-0.31457	-0.31057	-0.28589	-0.27686	-0.24451	-0.18807	-0.12138	-0.10222	7.6507
949.95	-0.033524	-0.034395	-0.053873	-0.037899	-0.14204	-0.27416	-0.54898	-0.86778	-0.96974	-1.0035	-1.0278	-1.1094	-1.105	-1.0923	-0.045859	0.095887	0.67739	0.8594	0.67734	0.44129	0.13092	-0.13043	-0.33505	-0.31115	-0.28682	-0.26248	-0.21877	-0.18513	-0.10311	-0.063587	7.2899
952.4	-0.012337	-0.0082179	-0.017849	-0.037015	-0.16708	-0.30413	-0.56559	-0.85914	-0.97061	-0.98319	-1.0031	-1.0467	-1.0935	-1.0162	0.029662	0.069022	0.70105	0.85345	0.6575	0.41822	0.12228	-0.15606	-0.3334	-0.31332	-0.28082	-0.25674	-0.22196	-0.16481	-0.085756	-0.086365	6.9807
953.46	0.0079459	-0.0016928	-0.0038016	-0.04169	-0.19941	-0.33109	-0.57478	-0.87578	-0.96112	-0.98048	-0.97478	-1.0381	-0.98743	-0.94986	0.0045176	0.12212	0.7082	0.84128	0.63212	0.39819	0.095604	-0.16047	-0.34882	-0.31964	-0.28752	-0.2404	-0.20799	-0.16225	-0.061607	-0.054016	6.5907
952.82	0.029043	0.020307	0.0094509	-0.077901	-0.23445	-0.35849	-0.58498	-0.86997	-0.95503	-0.96828	-0.9542	-1.0538	-0.90943	-0.89347	-0.04572	0.22863	0.74359	0.83436	0.63007	0.37888	0.068281	-0.18653	-0.36248	-0.32504	-0.30352	-0.24901	-0.20688	-0.14887	-0.049226	-0.013283	6.2915
951.87	0.025013	0.013802	0.037562	-0.08349	-0.25693	-0.38657	-0.61343	-0.89648	-0.96442	-0.9604	-0.9288	-1.0324	-0.98909	-0.79647	0.079986	0.291	0.7626	0.81896	0.62906	0.36044	0.055058	-0.18977	-0.37866	-0.33205	-0.28361	-0.24757	-0.2021	-0.14584	-0.046944	-0.0022435	5.9114
950.48	0.05514	0.052218	0.014946	-0.11831	-0.26764	-0.38537	-0.60284	-0.88093	-0.93123	-0.9497	-0.91057	-0.93644	-0.98177	-0.67509	0.13887	0.30031	0.77246	0.8214	0.61019	0.36568	0.045988	-0.19005	-0.37921	-0.33625	-0.28666	-0.26318	-0.20114	-0.12537	-0.025217	0.0020097	5.6613
949.21	0.085344	0.071102	0.0063561	-0.1232	-0.27836	-0.38393	-0.58639	-0.88132	-0.93756	-0.91547	-0.87087	-0.86266	-0.86904	-0.65146	0.16429	0.35411	0.79262	0.83252	0.59946	0.36145	0.047716	-0.21406	-0.371	-0.33521	-0.28881	-0.23638	-0.20392	-0.11041	0.0067029	0.039526	5.398
945.59	0.08894	0.079585	-0.0030479	-0.15696	-0.30101	-0.40334	-0.60101	-0.88307	-0.91486	-0.8979	-0.85965	-0.81323	-0.72265	-0.6129	0.19867	0.31079	0.80844	0.80051	0.58601	0.33679	0.033683	-0.21872	-0.39152	-0.32977	-0.28018	-0.2211	-0.16572	-0.10603	0.0035993	0.049091	5.1111
942.72	0.10233	0.086416	-0.030642	-0.17811	-0.31796	-0.428	-0.63014	-0.88738	-0.9304	-0.88682	-0.83051	-0.80816	-0.77786	-0.57358	0.28393	0.49997	0.82373	0.82438	0.56452	0.30932	0.022043	-0.22787	-0.38793	-0.33602	-0.27216	-0.21579	-0.14101	-0.090318	0.033431	0.068126	4.8476
940.17	0.11165	0.10812	-0.028356	-0.2033	-0.32446	-0.41628	-0.60531	-0.88006	-0.91673	-0.87457	-0.81641	-0.76489	-0.64712	-0.36041	0.26773	0.53729	0.83964	0.81019	0.55689	0.30143	0.0086459	-0.23391	-0.38898	-0.33618	-0.28447	-0.23523	-0.15909	-0.077696	0.050047	0.061426	4.5891
936.97	0.11286	0.096062	-0.043518	-0.1944	-0.33847	-0.44163	-0.62984	-0.88306	-0.91215	-0.87428	-0.79328	-0.85113	-0.72042	-0.4528	0.33678	0.47598	0.85057	0.8028	0.5429	0.29211	-0.0073596	-0.24324	-0.40718	-0.3411	-0.2783	-0.21712	-0.16852	-0.091678	0.047059	0.071135	4.3881
933.57	0.14391	0.098076	-0.071532	-0.19672	-0.34861	-0.4363	-0.60541	-0.88056	-0.91805	-0.86844	-0.78317	-0.84661	-0.51788	-0.50434	0.34655	0.53202	0.85368	0.81082	0.54488	0.27798	-0.010772	-0.25426	-0.40624	-0.3431	-0.28558	-0.22568	-0.15003	-0.083105	0.059117	0.10347	4.1765
930.69	0.14352	0.06751	-0.08293	-0.21745	-0.35213	-0.45697	-0.65002	-0.89803	-0.90538	-0.86536	-0.78472	-0.65788	-0.71632	-0.36408	0.38192	0.53367	0.849	0.78139	0.52804	0.27403	-0.029498	-0.25036	-0.40507	-0.34568	-0.27837	-0.2082	-0.15049	-0.090672	0.061685	0.10292	3.9857
928.78	0.13633	0.07183	-0.0943	-0.22032	-0.36181	-0.43592	-0.59677	-0.89331	-0.90121	-0.85395	-0.76892	-0.67458	-0.58331	-0.39826	0.43426	0.46199	0.86134	0.77148	0.50804	0.26737	-0.040625	-0.2728	-0.41563	-0.36008	-0.29517	-0.2147	-0.1508	-0.061555	0.060218	0.12579	3.8393
926.97	0.13826	0.084535	-0.099294	-0.22399	-0.35273	-0.46149	-0.65347	-0.87531	-0.91162	-0.84817	-0.74423	-0.75274	-0.45869	-0.38229	0.38345	0.59962	0.8622	0.76401	0.5141	0.2526	-0.038999	-0.27412	-0.42294	-0.34402	-0.26325	-0.21599	-0.14597	-0.065754	0.072308	0.11555	3.6459
925.79	0.14595	0.088834	-0.12189	-0.24289	-0.37604	-0.49421	-0.69053	-0.89042	-0.91537	-0.83518	-0.72768	-0.75369	-0.48625	-0.37439	0.35807	0.60038	0.84941	0.75728	0.49867	0.23438	-0.045027	-0.27525	-0.4251	-0.34827	-0.27533	-0.23801	-0.16156	-0.062569	0.0724	0.11745	3.5282
924.73	0.13358	0.072145	-0.089892	-0.24236	-0.35603	-0.46344	-0.66264	-0.89145	-0.91122	-0.832	-0.73202	-0.66212	-0.55885	-0.35802	0.4793	0.62849	0.86511	0.76972	0.48738	0.23787	-0.045079	-0.28029	-0.42478	-0.34561	-0.25302	-0.19125	-0.13604	-0.056101	0.078083	0.12546	3.4549
925.16	0.13769	0.070432	-0.10591	-0.24954	-0.36486	-0.49261	-0.70449	-0.88527	-0.89	-0.83824	-0.71244	-0.7773	-0.47759	-0.22358	0.36696	0.64647	0.86471	0.7835	0.49309	0.22486	-0.051041	-0.28016	-0.43272	-0.34469	-0.27552	-0.20683	-0.13598	-0.057709	0.07085	0.12453	3.3058
926.22	0.13837	0.085442	-0.10258	-0.24521	-0.37342	-0.44547	-0.60263	-0.88178	-0.9037	-0.82322	-0.6959	-0.61491	-0.41409	-0.18142	0.46992	0.7187	0.87759	0.75949	0.48914	0.2246	-0.058666	-0.2814	-0.42734	-0.34201	-0.27339	-0.21181	-0.11272	-0.051929	0.061982	0.11215	3.2404
928.24	0.14556	0.068526	-0.11356	-0.24871	-0.37423	-0.47931	-0.66686	-0.88807	-0.8784	-0.8206	-0.70135	-0.58288	-0.5388	-0.11409	0.40013	0.68983	0.87405	0.75399	0.48892	0.21447	-0.056834	-0.27531	-0.42722	-0.33898	-0.26469	-0.1992	-0.12271	-0.049374	0.089742	0.1154	3.2143
929.84	0.13617	0.069243	-0.11737	-0.25634	-0.39554	-0.43603	-0.55834	-0.88737	-0.88207	-0.81177	-0.70276	-0.5972	-0.39458	-0.27256	0.53676	0.5705	0.8758	0.75398	0.47459	0.22533	-0.058438	-0.28031	-0.41516	-0.34371	-0.25343	-0.19626	-0.1289	-0.046035	0.086406	0.12999	3.2064
933.35	0.13069	0.083956	-0.11533	-0.24253	-0.37219	-0.45273	-0.61557	-0.87667	-0.88218	-0.81939	-0.68711	-0.73995	-0.38418	-0.22162	0.47488	0.67698	0.86197	0.73713	0.47365	0.21809	-0.056523	-0.27302	-0.41682	-0.33258	-0.26055	-0.20329	-0.11822	-0.060442	0.062302	0.13904	3.1698
937.72	0.1309	0.081081	-0.11242	-0.2454	-0.38819	-0.49014	-0.66012	-0.86771	-0.87894	-0.81231	-0.69427	-0.59978	-0.37351	-0.23714	0.46416	0.52967	0.85877	0.75525	0.46894	0.22423	-0.057103	-0.27485	-0.41488	-0.33555	-0.27093	-0.17486	-0.13162	-0.030331	0.068322	0.11509	3.2117
942.4	0.14584	0.086446	-0.10161	-0.24497	-0.37343	-0.50808	-0.71726	-0.87797	-0.88818	-0.80908	-0.68223	-0.63458	-0.38932	-0.23596	0.44493	0.71533	0.86493	0.75907	0.48074	0.22549	-0.041717	-0.25882	-0.40243	-0.31964	-0.25449	-0.19023	-0.11835	-0.054248	0.082899	0.12225	3.2012
946.12	0.13056	0.081183	-0.1177	-0.24797	-0.38874	-0.4837	-0.64683	-0.86242	-0.87282	-0.80104	-0.67955	-0.56434	-0.38779	-0.15298	0.45161	0.63213	0.86472	0.73598	0.47885	0.23013	-0.054925	-0.26549	-0.40563	-0.33481	-0.23846	-0.18267	-0.12794	-0.05643	0.077099	0.13118	3.2326
950.06	0.13327	0.068586	-0.12112	-0.24379	-0.37519	-0.45997	-0.62281	-0.86848	-0.88018	-0.7945	-0.68951	-0.64447	-0.48259	-0.16868	0.44134	0.61173	0.85875	0.74294	0.46779	0.24017	-0.046374	-0.2598	-0.40632	-0.33566	-0.25685	-0.20141	-0.13366	-0.041077	0.086125	0.13745	3.2875
954.1	0.12785	0.071552	-0.12373	-0.24432	-0.37439	-0.45176	-0.60709	-0.86161	-0.86804	-0.79595	-0.68998	-0.68654	-0.49801	-0.29817	0.42274	0.62686	0.85115	0.73356	0.47895	0.22742	-0.048664	-0.2587	-0.39277	-0.30758	-0.2426	-0.17354	-0.11939	-0.055958	0.074903	0.13178	3.298
956.55	0.14126	0.073803	-0.11098	-0.24762	-0.37423	-0.50171	-0.70339	-0.87137	-0.8784	-0.80993	-0.68737	-0.655	-0.46192	-0.15942	0.42166	0.65174	0.85214	0.74784	0.48919	0.24088	-0.027874	-0.24283	-0.38468	-0.30384	-0.19474	-0.17478	-0.10044	-0.034476	0.09018	0.12637	3.3817
956.44	0.14612	0.090859	-0.11332	-0.23824	-0.37348	-0.40108	-0.51672	-0.87625	-0.89275	-0.81803	-0.69168	-0.72954	-0.55774	-0.25685	0.48845	0.61648	0.85697	0.75165	0.4999	0.24169	-0.016303	-0.23525	-0.37606	-0.29427	-0.23938	-0.15796	-0.086782	-0.026575	0.089417	0.13653	3.4785
956.33	0.13806	0.070572	-0.11645	-0.25864	-0.38696	-0.47667	-0.64645	-0.88671	-0.90039	-0.81652	-0.70191	-0.69238	-0.5665	-0.23252	0.34664	0.65189	0.85074	0.7679	0.50159	0.26123	-0.00059494	-0.21931	-0.36351	-0.28248	-0.20266	-0.14703	-0.096735	-0.032902	0.087879	0.13908	3.6485
956.23	0.13322	0.044596	-0.1219	-0.26494	-0.40756	-0.5068	-0.6816	-0.91313	-0.91055	-0.83103	-0.73499	-0.65521	-0.49689	-0.23255	0.34668	0.52825	0.84452	0.76052	0.49919	0.25657	-0.0047288	-0.21857	-0.35568	-0.27956	-0.19306	-0.15041	-0.091774	-0.028953	0.087116	0.11117	3.7661
955.06	0.12043	0.064163	-0.12827	-0.26056	-0.41281	-0.46439	-0.59342	-0.91026	-0.92846	-0.86574	-0.74437	-0.64109	-0.51494	-0.34665	0.40559	0.44928	0.84238	0.76643	0.51129	0.2647	0.0018882	-0.21503	-0.34824	-0.28656	-0.20994	-0.15397	-0.10807	-0.037696	0.083348	0.12148	3.9125
954.31	0.13835	0.065839	-0.13382	-0.27176	-0.41471	-0.52763	-0.71811	-0.93574	-0.95354	-0.87605	-0.77972	-0.73117	-0.54154	-0.37947	0.33902	0.60015	0.83036	0.76454	0.52811	0.27742	0.011832	-0.20453	-0.3493	-0.27494	-0.20046	-0.1524	-0.10566	-0.038517	0.083413	0.11733	4.0876
953.04	0.14259	0.077333	-0.14101	-0.2619	-0.42162	-0.54257	-0.73462	-0.9434	-0.9708	-0.90857	-0.81982	-0.74709	-0.63838	-0.42072	0.36459	0.48569	0.83306	0.80174	0.5469	0.29971	0.030931	-0.19259	-0.33397	-0.25826	-0.18317	-0.14246	-0.074618	-0.020323	0.078869	0.12088	4.2757
953.25	0.13445	0.083834	-0.13553	-0.27442	-0.41518	-0.4764	-0.62973	-0.95839	-0.98657	-0.92043	-0.83152	-0.82165	-0.66443	-0.58352	0.30591	0.41468	0.82257	0.80406	0.55746	0.32548	0.051661	-0.1689	-0.31178	-0.25375	-0.17172	-0.12046	-0.080835	-0.015561	0.083507	0.13359	4.4716
951.97	0.11839	0.07008	-0.13259	-0.27557	-0.43241	-0.55475	-0.75019	-0.95888	-0.99547	-0.94258	-0.85644	-0.86015	-0.65658	-0.59247	0.19734	0.52174	0.82923	0.81887	0.57796	0.3361	0.077479	-0.15231	-0.29401	-0.23554	-0.18865	-0.11639	-0.073453	-0.014786	0.086728	0.12442	4.7432
951.23	0.13392	0.061972	-0.12488	-0.28052	-0.42877	-0.56391	-0.78112	-0.98529	-1.0266	-0.97876	-0.9005	-0.94321	-0.84968	-0.63376	0.12198	0.45996	0.81001	0.82451	0.6056	0.36069	0.07837	-0.13561	-0.29345	-0.23424	-0.1668	-0.11818	-0.054763	-0.019567	0.08913	0.12622	4.9885
949.74	0.12518	0.055529	-0.14463	-0.30937	-0.44776	-0.57046	-0.78234	-1.0117	-1.0485	-1.0206	-0.93344	-0.91469	-0.83348	-0.60204	0.071768	0.37171	0.79456	0.83456	0.628	0.38168	0.10763	-0.12434	-0.27172	-0.21155	-0.16971	-0.12515	-0.064864	-0.0052694	0.084595	0.12471	5.252
947.93	0.12868	0.05072	-0.15902	-0.29889	-0.47014	-0.57769	-0.76573	-1.033	-1.0767	-1.0525	-1.0052	-1.0141	-0.96684	-0.84074	0.13925	0.17632	0.77853	0.84619	0.6449	0.40917	0.12619	-0.097719	-0.26033	-0.19108	-0.15326	-0.11604	-0.059971	-0.022028	0.080853	0.10105	5.5961
946.23	0.11911	0.049989	-0.14831	-0.29784	-0.44143	-0.54811	-0.75639	-1.0485	-1.1142	-1.09	-1.0515	-1.1288	-0.97737	-0.93251	0.0045682	0.1677	0.74557	0.84771	0.66014	0.42489	0.13979	-0.085596	-0.25443	-0.21233	-0.15088	-0.11029	-0.060079	-0.0004946	0.066926	0.11235	5.8801
944.53	0.12177	0.049258	-0.15094	-0.31107	-0.45663	-0.57737	-0.80318	-1.0868	-1.1451	-1.1341	-1.1108	-1.146	-1.0938	-1.0657	-0.012328	0.15012	0.7157	0.85176	0.66879	0.44304	0.16766	-0.06419	-0.2278	-0.17756	-0.13521	-0.092579	-0.043825	-0.021308	0.070964	0.089415	6.2056
942.29	0.1114	0.068328	-0.14578	-0.31817	-0.47777	-0.58895	-0.80342	-1.1128	-1.1776	-1.1718	-1.1547	-1.2167	-1.1671	-1.2248	-0.080105	-0.010932	0.6853	0.87396	0.69532	0.47418	0.1924	-0.040414	-0.20038	-0.17349	-0.13908	-0.099637	-0.069159	-0.0012986	0.068776	0.10165	6.5569
940.91	0.10253	0.061827	-0.14046	-0.32581	-0.46562	-0.58594	-0.82118	-1.125	-1.2057	-1.2142	-1.2114	-1.2942	-1.4166	-1.3421	-0.26683	-0.046884	0.65417	0.8664	0.73548	0.5066	0.21873	-0.013419	-0.19427	-0.15121	-0.10905	-0.099784	-0.0402	-0.0077296	0.079885	0.11642	6.895
939.1	0.10519	0.051197	-0.13994	-0.31925	-0.47456	-0.60096	-0.84021	-1.1483	-1.2354	-1.2573	-1.281	-1.3801	-1.4814	-1.477	-0.4373	-0.21792	0.59988	0.88959	0.74191	0.53618	0.24357	0.006693	-0.15778	-0.14248	-0.11371	-0.090541	-0.05547	0.0035263	0.079252	0.097689	7.2509
937.72	0.11442	0.058724	-0.12589	-0.32612	-0.49139	-0.61507	-0.85392	-1.1841	-1.2731	-1.309	-1.3303	-1.4353	-1.5812	-1.62	-0.59113	-0.22725	0.54675	0.87062	0.77057	0.55766	0.28019	0.039278	-0.14195	-0.12461	-0.096035	-0.051161	-0.026392	0.0043388	0.080947	0.092654	7.6014
