13181	2	3	92	21.8	760	1	15	8	4.077	128	4096	10	0	0	0	0	521.92	968.94	1.4794e+006	0.11689	0.17506	40.24	0	0	1	0	0	0	14	0	0
836.03	0.11568	0.081265	-0.094878	-0.34086	-0.5181	-0.6857	-1.0073	-1.3929	-1.5666	-1.7144	-1.8951	-2.359	-2.7569	-3.3297	-1.8869	-1.5848	-0.096815	0.82086	0.95796	0.83171	0.55902	0.29003	0.082383	0.044769	0.048743	0.053954	0.062482	0.076162	0.10637	0.10973	10.716
822.13	0.11012	0.057141	-0.14529	-0.3284	-0.53146	-0.70742	-1.0395	-1.4498	-1.6146	-1.7956	-1.9922	-2.5375	-2.9959	-3.5183	-2.0548	-1.7452	-0.16834	0.76534	0.96178	0.85304	0.57809	0.32502	0.086524	0.067869	0.05771	0.056827	0.067875	0.067334	0.098267	0.10864	10.96
811.96	0.096267	0.045424	-0.13979	-0.36297	-0.57443	-0.73919	-1.0602	-1.4971	-1.6654	-1.8785	-2.0839	-2.7097	-3.177	-3.8301	-2.4835	-2.0376	-0.30546	0.73247	0.97768	0.87199	0.60579	0.34163	0.11079	0.076549	0.081106	0.056545	0.067262	0.073764	0.10587	0.10102	11.34
803.17	0.10021	0.064288	-0.12374	-0.36227	-0.54776	-0.73263	-1.098	-1.5401	-1.7535	-1.9467	-2.1671	-2.7038	-3.3155	-4.1524	-2.5603	-2.1967	-0.40011	0.72123	0.9991	0.89825	0.63899	0.37253	0.1523	0.10993	0.094494	0.075217	0.088719	0.091514	0.10703	0.12228	11.633
794.5	0.089626	0.038605	-0.11948	-0.35963	-0.5861	-0.77508	-1.1237	-1.5531	-1.7969	-2.0172	-2.254	-2.9396	-3.4041	-4.3345	-2.759	-2.4546	-0.53104	0.6962	1.0189	0.93906	0.67782	0.4004	0.1748	0.12625	0.11764	0.11558	0.097171	0.1125	0.11751	0.1226	12.028
787.31	0.095353	0.044874	-0.11207	-0.35624	-0.55976	-0.76328	-1.1548	-1.6118	-1.8346	-2.0891	-2.3711	-3.0206	-3.8053	-4.5121	-2.8653	-2.5951	-0.66648	0.65272	1.0302	0.96563	0.7071	0.43546	0.19839	0.14086	0.13997	0.10435	0.11467	0.09816	0.10825	0.11344	12.363
782.28	0.070275	0.046156	-0.1147	-0.34992	-0.58946	-0.78878	-1.1632	-1.6348	-1.8987	-2.1466	-2.4464	-3.1767	-3.9895	-4.8985	-3.3224	-2.9251	-0.81574	0.59917	1.0418	0.98807	0.73389	0.46244	0.22276	0.16344	0.14729	0.11841	0.10932	0.11909	0.10611	0.10072	12.693
781.85	0.068336	0.029296	-0.12521	-0.36257	-0.61879	-0.82182	-1.1958	-1.6709	-1.9346	-2.2174	-2.5502	-3.47	-4.1834	-5.2985	-3.6202	-3.2076	-0.98058	0.5174	1.0304	0.98957	0.74643	0.48316	0.23636	0.19154	0.15594	0.13599	0.12763	0.098846	0.10238	0.086286	13.076
785.17	0.057218	0.009395	-0.12847	-0.34099	-0.60654	-0.80212	-1.1768	-1.6958	-1.953	-2.2665	-2.6136	-3.3646	-4.4309	-5.3156	-3.7574	-3.3555	-1.1122	0.44556	1.027	1.0053	0.7755	0.51909	0.25165	0.20153	0.18831	0.14773	0.15586	0.10613	0.10101	0.093134	13.418
789.46	0.040263	0.0073761	-0.12965	-0.33724	-0.57165	-0.77386	-1.1783	-1.7127	-2.0135	-2.2988	-2.702	-3.3643	-4.6283	-5.6998	-3.8987	-3.7868	-1.2871	0.3829	0.99761	1.0112	0.79432	0.53839	0.29606	0.21833	0.19259	0.15203	0.15049	0.13045	0.076093	0.10185	13.782
796.1	0.023419	-0.013167	-0.12017	-0.33348	-0.59062	-0.79185	-1.1822	-1.7099	-2.0037	-2.3432	-2.7485	-3.5241	-4.6524	-5.9058	-4.1468	-3.8507	-1.4492	0.31849	0.98731	1.0168	0.81153	0.56587	0.31249	0.23337	0.19834	0.17302	0.16268	0.13126	0.08661	0.071525	14.166
803.5	-0.0066176	-0.029473	-0.11537	-0.33694	-0.56448	-0.77479	-1.1917	-1.7179	-2.0192	-2.3578	-2.832	-3.6158	-4.8273	-6.1511	-4.4762	-4.1097	-1.626	0.21347	0.9558	1.0112	0.81685	0.56338	0.32648	0.24089	0.2288	0.15539	0.15674	0.11971	0.10423	0.070867	14.565
814.74	-0.016014	-0.03002	-0.13566	-0.31758	-0.58546	-0.78482	-1.1781	-1.7345	-2.0524	-2.4109	-2.8525	-3.8282	-5.1388	-6.4188	-4.8649	-4.4575	-1.8049	0.1186	0.9301	0.98625	0.82402	0.58149	0.33029	0.25924	0.20715	0.17499	0.13707	0.10599	0.062836	0.04009	14.917
830.15	-0.025028	-0.058458	-0.13225	-0.33425	-0.58005	-0.78256	-1.1807	-1.7105	-2.0413	-2.4363	-2.9146	-3.8172	-5.244	-6.655	-4.9957	-4.5478	-1.9727	0.033339	0.89302	0.98862	0.8211	0.60224	0.33867	0.27145	0.21742	0.17465	0.17176	0.11677	0.075036	0.054942	15.32
845.55	-0.034628	-0.057394	-0.13423	-0.31044	-0.55697	-0.76524	-1.1666	-1.6821	-2.0373	-2.4127	-2.9438	-3.8403	-5.2864	-6.7634	-5.1124	-4.7048	-2.1182	-0.026318	0.85451	0.98032	0.8155	0.59815	0.36277	0.27403	0.23127	0.19243	0.1616	0.13074	0.051797	0.042457	15.706
861.26	-0.051947	-0.060854	-0.14127	-0.29172	-0.54681	-0.76325	-1.167	-1.6656	-2.0337	-2.4417	-2.954	-3.8861	-5.3737	-6.8384	-5.2786	-4.933	-2.2631	-0.11142	0.83347	0.96677	0.83552	0.61849	0.38849	0.29692	0.25329	0.20669	0.18626	0.12221	0.064596	0.056718	16.092
875.57	-0.059044	-0.087351	-0.15254	-0.31006	-0.50765	-0.70565	-1.131	-1.695	-2.0462	-2.4446	-2.9723	-3.969	-5.438	-7.1346	-5.4931	-5.1708	-2.4247	-0.20599	0.776	0.95182	0.81644	0.60921	0.38386	0.29529	0.24055	0.18859	0.17914	0.12885	0.051711	0.024365	16.467
891.89	-0.080496	-0.10839	-0.17557	-0.31111	-0.52888	-0.71984	-1.1164	-1.6563	-2.0357	-2.4523	-3.0195	-4.0082	-5.7213	-7.2652	-5.7684	-5.3983	-2.5982	-0.31286	0.73896	0.92018	0.81657	0.616	0.39034	0.29385	0.24365	0.19417	0.16786	0.1231	0.053254	0.018474	16.837
909.59	-0.10527	-0.12421	-0.18033	-0.29764	-0.51526	-0.72514	-1.1419	-1.6576	-2.0349	-2.4753	-3.0622	-4.1651	-5.7107	-7.5762	-6.0071	-5.544	-2.7596	-0.39826	0.70046	0.89653	0.81807	0.61601	0.40757	0.31298	0.24811	0.21608	0.15676	0.13483	0.05059	0.0083282	17.238
924.61	-0.137	-0.15914	-0.20874	-0.31307	-0.50035	-0.69065	-1.1048	-1.6579	-2.0131	-2.4931	-3.0799	-4.1437	-5.7981	-7.5791	-6.0907	-5.7099	-2.8913	-0.49207	0.66959	0.89891	0.8159	0.63353	0.41072	0.3186	0.25946	0.20995	0.16835	0.12855	0.027365	0.0029409	17.604
937.6	-0.13428	-0.14451	-0.20188	-0.30634	-0.47649	-0.66605	-1.0845	-1.6317	-2.0246	-2.4847	-3.1002	-4.1167	-5.8954	-7.7806	-6.3128	-5.8921	-3.0488	-0.56767	0.63608	0.87532	0.82062	0.64337	0.43473	0.33679	0.27015	0.21907	0.18884	0.12758	0.045923	0.0063541	18.011
946.32	-0.14611	-0.17682	-0.20395	-0.29955	-0.48488	-0.664	-1.0555	-1.5916	-2.0245	-2.5274	-3.1717	-4.2518	-5.9906	-8.0616	-6.5582	-6.1146	-3.2245	-0.66293	0.60206	0.857	0.82809	0.65051	0.43311	0.3404	0.26943	0.22812	0.17831	0.1272	0.036119	-0.0056769	18.378
955.15	-0.16338	-0.18738	-0.2254	-0.32582	-0.47169	-0.63959	-1.0401	-1.5993	-2.0176	-2.5201	-3.2034	-4.3244	-6.1881	-8.2716	-6.8652	-6.3412	-3.406	-0.76882	0.56287	0.84517	0.81713	0.66201	0.44329	0.35575	0.2757	0.22432	0.19658	0.12998	0.035009	-0.015793	18.768
963.66	-0.20204	-0.22762	-0.24577	-0.34316	-0.46674	-0.63794	-1.0438	-1.5772	-2.0139	-2.5368	-3.2356	-4.4414	-6.2458	-8.5612	-7.1192	-6.7061	-3.6003	-0.8743	0.52131	0.82765	0.82469	0.66447	0.45188	0.34894	0.28976	0.23321	0.17387	0.13668	0.019346	-0.017333	19.139
968.01	-0.20752	-0.23302	-0.28227	-0.35246	-0.48963	-0.62886	-1.0013	-1.593	-2.0405	-2.5823	-3.2879	-4.4214	-6.4241	-8.7072	-7.3016	-6.9552	-3.7755	-0.98826	0.49954	0.82084	0.82914	0.68928	0.46695	0.38094	0.29019	0.23798	0.20379	0.1142	0.013911	-0.030631	19.503
968.86	-0.20016	-0.25365	-0.29506	-0.39624	-0.47672	-0.60984	-0.99796	-1.5892	-2.1007	-2.6251	-3.341	-4.5499	-6.4185	-9.0041	-7.5587	-7.1236	-3.9836	-1.0733	0.44087	0.81704	0.83576	0.68867	0.4914	0.38352	0.30289	0.24692	0.20115	0.14999	0.036042	-0.018075	19.884
964.83	-0.20821	-0.30139	-0.32017	-0.39634	-0.51084	-0.62817	-0.97304	-1.554	-2.0364	-2.6274	-3.4204	-4.6354	-6.6784	-9.2832	-7.8881	-7.5212	-4.2025	-1.1998	0.4281	0.81582	0.84827	0.71568	0.50438	0.39538	0.32237	0.24795	0.21555	0.12868	0.012422	-0.026539	20.205
958.66	-0.2547	-0.34544	-0.3385	-0.44111	-0.55356	-0.65738	-0.99638	-1.6149	-2.0813	-2.6883	-3.5352	-4.8807	-6.8864	-9.6831	-8.2635	-7.9398	-4.4487	-1.3141	0.39408	0.81172	0.86197	0.72028	0.51626	0.40382	0.32619	0.25039	0.19214	0.13345	0.017133	-0.033462	20.579
951.85	-0.28413	-0.37809	-0.37995	-0.46001	-0.59643	-0.68843	-0.98138	-1.5535	-2.1105	-2.7348	-3.5928	-5.0203	-7.1981	-10.038	-8.7083	-8.1563	-4.6735	-1.4109	0.36232	0.80969	0.87395	0.73919	0.5247	0.41635	0.325	0.26064	0.20725	0.12646	-0.013058	-0.06516	20.906
943.13	-0.28758	-0.39312	-0.41419	-0.53578	-0.62119	-0.69095	-0.97309	-1.5469	-2.1062	-2.7691	-3.6535	-5.1196	-7.3971	-10.353	-9.0088	-8.5543	-4.9011	-1.5286	0.34075	0.7974	0.87449	0.74216	0.5511	0.43668	0.33156	0.26647	0.21169	0.13405	-0.00062711	-0.064045	21.191
931.85	-0.28193	-0.42454	-0.46465	-0.56398	-0.6928	-0.76482	-0.99408	-1.4682	-2.0913	-2.7968	-3.7411	-5.2275	-7.4688	-10.67	-9.1778	-8.7032	-5.1106	-1.6262	0.31292	0.80785	0.90544	0.77769	0.56666	0.45031	0.34904	0.27661	0.21807	0.14459	0.022388	-0.036161	21.502
918.11	-0.30131	-0.45034	-0.4975	-0.65324	-0.76905	-0.82116	-1.0064	-1.4287	-2.1007	-2.8303	-3.835	-5.2669	-7.6168	-10.982	-9.5846	-9.0175	-5.332	-1.7243	0.27749	0.80531	0.90607	0.79012	0.57842	0.44627	0.35609	0.28777	0.24076	0.14429	0.0049963	-0.043755	21.776
902.24	-0.28262	-0.4686	-0.58202	-0.75112	-0.86386	-0.90732	-1.0596	-1.4251	-2.0879	-2.8801	-3.9258	-5.5017	-7.8801	-11.442	-9.9921	-9.2979	-5.5984	-1.8469	0.25459	0.78888	0.93692	0.78226	0.59193	0.44943	0.34102	0.28837	0.20679	0.12755	-0.018694	-0.076815	22.034
887.52	-0.28644	-0.50961	-0.69213	-0.84633	-0.99915	-1.0417	-1.1228	-1.349	-2.025	-2.896	-3.9472	-5.6892	-8.0764	-11.728	-10.464	-9.7568	-5.8139	-1.9526	0.22526	0.78346	0.93731	0.80916	0.58733	0.47201	0.34856	0.28135	0.21022	0.11434	-0.011503	-0.086296	22.249
874.93	-0.33827	-0.53825	-0.79466	-0.97501	-1.0706	-1.1007	-1.1729	-1.3571	-1.9698	-2.9175	-4.0373	-5.7711	-8.2593	-12.003	-10.678	-10.023	-5.9961	-2.0404	0.21417	0.78706	0.95261	0.82413	0.60955	0.47961	0.35262	0.28172	0.2146	0.11598	-0.02266	-0.098637	22.463
860.62	-0.36455	-0.53998	-0.90802	-1.1279	-1.1165	-1.1136	-1.1833	-1.369	-1.9085	-2.8387	-4.0527	-5.7098	-8.3385	-12.121	-10.772	-10.307	-6.1599	-2.1296	0.21136	0.81055	0.96936	0.84713	0.62143	0.48758	0.36918	0.28453	0.22784	0.12669	-0.018739	-0.072068	22.647
846.94	-0.29468	-0.5707	-1.0499	-1.3125	-1.2148	-1.1897	-1.242	-1.3695	-1.8692	-2.6738	-3.9939	-5.617	-8.2864	-12.4	-10.861	-10.464	-6.2826	-2.171	0.19443	0.84391	0.99529	0.87541	0.64924	0.48545	0.38305	0.29578	0.2245	0.13499	-0.019915	-0.039786	22.846
831.75	-0.33445	-0.59325	-1.1396	-1.423	-1.3834	-1.3528	-1.3519	-1.4285	-1.78	-2.6618	-3.9471	-5.6082	-8.5578	-12.589	-11.107	-10.675	-6.4064	-2.2278	0.18761	0.83778	1.003	0.89051	0.6611	0.49006	0.383	0.29053	0.21716	0.13382	-0.035399	-0.089162	22.968
819.88	-0.37229	-0.64825	-1.3238	-1.609	-1.4301	-1.3659	-1.3762	-1.4547	-1.8048	-2.5107	-3.799	-5.6982	-8.4075	-12.667	-11.171	-10.685	-6.4494	-2.2224	0.20944	0.84901	1.0195	0.89632	0.66241	0.50061	0.37426	0.28983	0.19856	0.11547	-0.052154	-0.10329	23.043
811.1	-0.40396	-0.71175	-1.547	-1.6921	-1.5519	-1.4643	-1.4334	-1.5438	-1.6879	-2.3461	-3.5658	-5.5491	-8.2419	-12.517	-11.164	-10.655	-6.3887	-2.1937	0.2291	0.86648	1.0256	0.90333	0.6668	0.50864	0.36902	0.28105	0.20217	0.11299	-0.049984	-0.11438	23.137
802.53	-0.46317	-0.76579	-1.7486	-1.6896	-1.5684	-1.4808	-1.4458	-1.5689	-1.7189	-2.2776	-3.4455	-5.0669	-8.0393	-11.964	-10.816	-10.327	-6.2167	-2.1149	0.28524	0.90548	1.0513	0.92385	0.66453	0.50967	0.3886	0.27602	0.22803	0.090645	-0.093843	-0.15493	23.183
795.89	-0.76035	-0.8434	-1.8108	-1.7376	-1.5882	-1.4993	-1.5	-1.6903	-1.7464	-2.134	-3.1255	-5.0018	-7.5414	-11.156	-10.264	-9.9139	-5.9285	-1.9951	0.35161	0.93179	1.073	0.93065	0.67575	0.50505	0.37187	0.27326	0.21799	0.064804	-0.15412	-0.22537	23.176
789.35	-0.7216	-1.054	-1.8842	-1.8014	-1.6655	-1.6155	-1.6221	-1.684	-1.7791	-1.973	-2.9515	-4.5469	-6.9393	-10.471	-9.399	-9.1825	-5.4757	-1.7857	0.42301	0.98488	1.0789	0.92822	0.6556	0.49133	0.35163	0.2643	0.16708	0.011705	-0.27348	-0.34206	23.171
787.1	-1.0713	-1.0738	-1.8377	-1.837	-1.6732	-1.6462	-1.6724	-1.6578	-1.7557	-2.1111	-2.7913	-4.0712	-6.2185	-9.4853	-8.3309	-8.2748	-4.8296	-1.4858	0.52178	1.0067	1.0941	0.90223	0.64696	0.44337	0.29948	0.20877	0.1011	-0.044932	-0.41995	-0.60522	23.094
789.24	-1.562	-1.1388	-1.7376	-1.9782	-1.7366	-1.6809	-1.6817	-1.6243	-1.7692	-2.1539	-3.0339	-3.4104	-5.2099	-6.9901	-6.0737	-6.6785	-3.7685	-1.0901	0.67027	1.0607	1.1061	0.91176	0.6433	0.46812	0.28488	0.17554	0.049615	-0.13007	-0.5641	-0.80148	23.086
792.89	-1.8863	-1.3196	-1.7034	-2.0618	-1.8545	-1.7334	-1.6208	-1.5697	-1.7287	-2.2387	-2.5688	-3.251	-3.621	-4.9015	-4.4656	-5.0279	-2.8139	-0.66678	0.79367	1.1	1.1	0.89747	0.61186	0.43835	0.26669	0.17067	0.053886	-0.1924	-0.66695	-0.94273	23.035
799.53	-2.1549	-1.666	-1.5554	-2.0634	-1.9223	-1.7919	-1.5927	-1.4259	-1.9069	-2.3829	-2.2438	-2.3242	-2.2682	-2.8019	-2.7716	-3.2318	-1.8979	-0.25681	0.87332	1.1207	1.0859	0.87546	0.59924	0.41615	0.22575	0.12795	-0.0075211	-0.2239	-0.72895	-1.028	22.977
804.14	-2.0483	-1.7723	-1.5788	-1.9947	-1.9696	-1.7623	-1.4701	-1.5098	-1.7923	-2.1921	-1.7912	-2.0539	-1.7374	-2.0327	-1.7931	-2.3622	-1.3699	-0.051328	0.90339	1.0967	1.0365	0.82613	0.52841	0.3593	0.17971	0.080135	-0.045916	-0.27338	-0.80942	-1.0926	22.849
812.17	-2.1489	-1.6946	-1.458	-1.8292	-1.8589	-1.7034	-1.5036	-1.6442	-1.7795	-1.7082	-1.5831	-1.6127	-1.5665	-1.592	-1.6378	-1.829	-1.1292	0.099945	0.90507	1.0757	0.97753	0.76423	0.47685	0.29225	0.12745	0.023803	-0.090838	-0.3498	-0.87884	-1.1754	22.771
823.94	-2.0253	-1.7929	-1.5075	-1.7239	-1.7002	-1.5801	-1.4433	-1.5429	-1.6908	-1.5434	-1.3572	-1.46	-1.3723	-1.3713	-1.411	-1.4747	-0.87175	0.20673	0.89784	1.035	0.94629	0.71182	0.43623	0.25549	0.085003	-0.0058643	-0.14437	-0.376	-0.8995	-1.1812	22.657
835.61	-1.9952	-1.8292	-1.6101	-1.7321	-1.6747	-1.5448	-1.3858	-1.4255	-1.4408	-1.2917	-1.222	-1.1924	-1.2335	-1.0827	-1.3053	-1.4946	-0.7682	0.2764	0.90688	1.0081	0.88766	0.6749	0.3878	0.22318	0.060786	-0.042413	-0.1765	-0.40966	-0.9259	-1.2006	22.514
845.55	-1.9581	-1.8683	-1.2159	-1.5859	-1.4994	-1.4077	-1.3003	-1.2861	-1.255	-1.1714	-1.1349	-1.0267	-0.91372	-1.0884	-1.2805	-1.1872	-0.65187	0.37438	0.90641	0.99356	0.86226	0.63686	0.36366	0.19382	0.025435	-0.062873	-0.21097	-0.42809	-0.92814	-1.1903	22.436
852.6	-1.9156	-1.7199	-1.4534	-1.3776	-1.369	-1.3208	-1.2356	-1.1949	-1.0246	-1.0449	-0.97082	-0.85114	-0.9843	-0.8699	-1.1296	-1.2071	-0.51258	0.41868	0.92831	0.98096	0.84029	0.6077	0.33593	0.16322	0.0036314	-0.097309	-0.21899	-0.45558	-0.91959	-1.17	22.232
857.73	-1.7022	-1.5828	-1.2991	-1.1789	-1.2119	-1.2	-1.15	-1.1042	-0.88483	-0.93954	-0.92916	-0.92909	-0.81337	-0.89186	-0.87161	-1.1408	-0.39581	0.45637	0.92825	0.97596	0.80945	0.58541	0.29969	0.13753	-0.028583	-0.11457	-0.23708	-0.46168	-0.93134	-1.1243	22.093
863.18	-1.6154	-1.5746	-1.1782	-1.1576	-1.1788	-1.2054	-1.1346	-0.85955	-0.90618	-0.83332	-0.74141	-0.92324	-0.87577	-0.85922	-1.1527	-0.95737	-0.32237	0.5196	0.92329	0.94473	0.80617	0.5438	0.27339	0.10802	-0.059425	-0.12878	-0.27553	-0.48066	-0.91604	-1.1528	21.929
867.77	-1.5044	-1.3972	-1.0666	-1.0945	-1.102	-1.0824	-0.99738	-0.85851	-0.84503	-0.83597	-0.72723	-0.61464	-0.80396	-0.79206	-0.84312	-1.001	-0.23354	0.55247	0.92834	0.94662	0.77457	0.52751	0.25112	0.079766	-0.069717	-0.1578	-0.2864	-0.49989	-0.90693	-1.0749	21.693
868.41	-1.4036	-1.2683	-1.0676	-1.0634	-1.0316	-0.98991	-0.90503	-0.81045	-0.77978	-0.78242	-0.70899	-0.63879	-0.70748	-0.61265	-0.82411	-0.8543	-0.18636	0.55891	0.92766	0.91928	0.73758	0.502	0.21713	0.059372	-0.099536	-0.19108	-0.30946	-0.50997	-0.89092	-1.0341	21.441
866.81	-1.432	-1.3298	-1.0935	-1.0101	-0.96458	-0.91302	-0.83651	-0.78907	-0.71092	-0.69548	-0.68136	-0.69748	-0.62233	-0.60483	-0.86246	-0.73889	-0.16577	0.57777	0.91762	0.90032	0.7061	0.44839	0.1524	0.011395	-0.15185	-0.23231	-0.34432	-0.55104	-0.88318	-1.0444	21.252
860.08	-1.3534	-1.221	-1.0036	-0.91777	-0.9229	-0.90389	-0.84215	-0.76066	-0.77055	-0.71518	-0.74596	-0.62013	-0.75305	-0.84427	-0.96199	-0.89205	-0.14597	0.57123	0.87742	0.85444	0.66198	0.39777	0.13434	-0.013981	-0.17639	-0.24443	-0.36498	-0.55886	-0.88665	-1.0319	21.036
853.67	-1.2549	-1.1219	-1.0886	-0.84301	-0.86518	-0.85991	-0.80187	-0.694	-0.71341	-0.7726	-0.77906	-0.77498	-0.79772	-0.83243	-0.90378	-0.95814	-0.12758	0.59223	0.87392	0.85299	0.62342	0.34964	0.051584	-0.1018	-0.25319	-0.32647	-0.42482	-0.58254	-0.87944	-0.98462	20.793
848.97	-1.0542	-1.1309	-1.0833	-0.89535	-0.87977	-0.88555	-0.87155	-0.79128	-0.73531	-0.84004	-0.79576	-0.61985	-0.84139	-0.8736	-0.94638	-0.96343	-0.098901	0.59831	0.87599	0.83574	0.62781	0.361	0.076695	-0.067418	-0.20136	-0.28938	-0.37116	-0.54659	-0.8085	-0.89761	20.528
841.7	-0.96233	-1.017	-0.95402	-0.86658	-0.82988	-0.86734	-0.87815	-0.7084	-0.76166	-0.8209	-0.80744	-0.74369	-0.74972	-0.83505	-0.75545	-0.81114	-0.06293	0.63455	0.89938	0.84384	0.63041	0.34338	0.048739	-0.086466	-0.22398	-0.28996	-0.38284	-0.54502	-0.76714	-0.83613	20.316
833.68	-0.91595	-0.8061	-0.92844	-0.77513	-0.75171	-0.7583	-0.7631	-0.72071	-0.72379	-0.77366	-0.74047	-0.69103	-0.697	-0.80581	-0.82016	-0.91017	-0.036329	0.69342	0.92683	0.87433	0.62225	0.3336	0.061848	-0.087298	-0.22312	-0.27246	-0.37796	-0.4886	-0.69909	-0.76264	20.059
823.94	-0.79168	-0.82976	-0.7789	-0.76792	-0.79271	-0.78565	-0.76644	-0.77366	-0.78975	-0.79861	-0.86315	-0.9499	-0.87705	-0.87188	-0.83953	-0.92093	-0.0092302	0.7045	0.94634	0.88919	0.64303	0.36314	0.062579	-0.055748	-0.17904	-0.25418	-0.34059	-0.46409	-0.62744	-0.68423	19.733
818.17	-0.72075	-0.7578	-0.64455	-0.72937	-0.77983	-0.78229	-0.75088	-0.71666	-0.79141	-0.82111	-0.81089	-0.97403	-0.85271	-1.0679	-0.99178	-0.93775	-0.0055995	0.7211	0.95685	0.87815	0.64371	0.33903	0.032661	-0.096725	-0.21713	-0.25696	-0.36043	-0.44427	-0.59118	-0.6406	19.491
817.52	-0.63717	-0.60928	-0.63688	-0.71894	-0.75547	-0.75033	-0.74193	-0.7844	-0.84009	-0.84424	-0.87785	-1.0183	-1.0265	-1.3061	-1.0999	-1.0935	-0.020399	0.71875	0.93269	0.87427	0.62004	0.32863	0.029924	-0.08816	-0.20604	-0.24731	-0.32872	-0.4067	-0.53011	-0.54607	19.243
817.31	-0.59288	-0.57999	-0.62068	-0.73839	-0.77047	-0.79467	-0.82705	-0.85273	-0.86679	-0.88665	-0.89194	-0.94018	-0.95549	-1.2495	-1.0026	-1.0111	-0.016705	0.73058	0.94827	0.86902	0.62794	0.32604	0.042826	-0.081267	-0.19381	-0.23653	-0.31426	-0.39108	-0.45784	-0.50562	18.925
817.42	-0.55781	-0.57422	-0.65423	-0.68328	-0.76205	-0.80327	-0.83744	-0.85355	-0.86962	-0.92121	-1.0443	-1.0795	-0.96555	-1.3538	-1.0415	-1.104	-0.029651	0.70721	0.93856	0.85704	0.59206	0.2993	-0.005985	-0.11064	-0.21426	-0.25621	-0.29241	-0.37531	-0.45597	-0.47981	18.609
817.31	-0.50492	-0.52489	-0.64704	-0.73197	-0.78435	-0.81825	-0.85282	-0.86859	-0.90113	-0.96164	-1.0177	-1.1581	-1.0064	-1.601	-1.0904	-1.1145	-0.031506	0.70003	0.9243	0.8462	0.58634	0.28422	-0.017037	-0.1193	-0.23271	-0.26018	-0.31717	-0.38276	-0.45331	-0.467	18.258
822.02	-0.49263	-0.50582	-0.6343	-0.73781	-0.81756	-0.82685	-0.8356	-0.91651	-0.97009	-0.94215	-1.0335	-1.0474	-1.1526	-1.7713	-1.0357	-1.1389	-0.021209	0.70615	0.91615	0.8359	0.56278	0.26312	-0.016024	-0.14354	-0.22425	-0.28515	-0.30523	-0.37596	-0.44351	-0.46039	17.866
832.4	-0.4837	-0.49299	-0.62639	-0.74391	-0.77013	-0.79529	-0.85236	-0.93349	-0.9108	-0.92856	-1.0673	-1.1114	-1.1883	-1.9078	-1.1378	-1.277	-0.014587	0.70162	0.89061	0.81383	0.52916	0.2345	-0.048378	-0.15278	-0.24558	-0.27966	-0.32428	-0.35947	-0.42199	-0.42159	17.571
843.41	-0.47097	-0.54731	-0.61469	-0.7262	-0.73856	-0.77725	-0.84307	-0.87517	-0.86753	-0.99637	-1.0371	-1.232	-1.1333	-1.9657	-0.99047	-1.2503	0.015186	0.73052	0.88919	0.81558	0.52694	0.23144	-0.039715	-0.15414	-0.22055	-0.25786	-0.30454	-0.33864	-0.38928	-0.41225	17.178
854.31	-0.48577	-0.53669	-0.63293	-0.6836	-0.71763	-0.74382	-0.7748	-0.7908	-0.93342	-0.93074	-0.94235	-0.89946	-1.0798	-1.7498	-1.0245	-1.2146	0.056584	0.73372	0.90536	0.79732	0.51929	0.21827	-0.042732	-0.14225	-0.21088	-0.25834	-0.28534	-0.3352	-0.37912	-0.41172	16.789
862.43	-0.49016	-0.54514	-0.61233	-0.62328	-0.6872	-0.66639	-0.65807	-0.79839	-0.86978	-0.87934	-0.88375	-0.8497	-0.89583	-1.7153	-1.1815	-0.9582	0.099006	0.72819	0.90683	0.77597	0.50156	0.21116	-0.076369	-0.14009	-0.23218	-0.26245	-0.29782	-0.34257	-0.38584	-0.42192	16.369
872.47	-0.51819	-0.52908	-0.60358	-0.6247	-0.63684	-0.63549	-0.6648	-0.76385	-0.76788	-0.90962	-0.91161	-0.9787	-1.1814	-1.7667	-1.0581	-0.98591	0.14206	0.76614	0.89101	0.76105	0.4822	0.20539	-0.070315	-0.15791	-0.22759	-0.25758	-0.28758	-0.34816	-0.41108	-0.4449	16.037
885.81	-0.50689	-0.54127	-0.5601	-0.60514	-0.61359	-0.61744	-0.64599	-0.71704	-0.75903	-0.85873	-0.86499	-1.1007	-1.3328	-1.8628	-0.85296	-0.96153	0.17321	0.76802	0.88201	0.75043	0.46423	0.18341	-0.076903	-0.18026	-0.2355	-0.26825	-0.29264	-0.33182	-0.41992	-0.45099	15.595
900.42	-0.52442	-0.5049	-0.55349	-0.54538	-0.56921	-0.58224	-0.61211	-0.66729	-0.7013	-0.78864	-0.79613	-0.78221	-1.1355	-1.7033	-0.848	-0.88962	0.21994	0.77668	0.85117	0.71505	0.44001	0.1562	-0.10909	-0.18518	-0.2577	-0.26658	-0.2945	-0.33315	-0.40243	-0.43828	15.211
913	-0.45624	-0.46562	-0.48239	-0.5075	-0.54232	-0.61512	-0.67545	-0.57873	-0.66354	-0.71232	-0.67082	-0.90405	-1.0013	-1.6543	-0.8975	-0.65524	0.24672	0.78291	0.85232	0.69621	0.42442	0.14131	-0.11748	-0.17953	-0.25415	-0.25321	-0.29174	-0.32939	-0.37258	-0.43401	14.869
923.33	-0.42434	-0.45453	-0.4802	-0.46691	-0.52151	-0.57935	-0.62734	-0.58299	-0.62572	-0.59981	-0.72729	-0.84766	-1.0893	-1.5601	-0.73189	-0.63876	0.27016	0.76771	0.83854	0.6763	0.40083	0.11609	-0.13411	-0.18747	-0.2504	-0.26782	-0.28719	-0.32161	-0.34517	-0.36254	14.415
930.47	-0.39118	-0.41432	-0.46694	-0.50925	-0.51508	-0.5276	-0.55463	-0.58262	-0.53304	-0.59356	-0.63039	-1.0479	-1.0988	-1.7568	-0.83776	-0.5703	0.27946	0.78227	0.80853	0.64224	0.37311	0.09488	-0.14036	-0.20197	-0.27546	-0.2597	-0.3016	-0.31264	-0.34491	-0.34498	14.067
939.94	-0.34365	-0.38784	-0.43694	-0.51129	-0.58469	-0.55146	-0.48099	-0.5167	-0.53449	-0.54275	-0.67484	-1.0146	-1.3447	-1.7473	-0.86329	-0.6814	0.2871	0.76806	0.77704	0.62148	0.34075	0.056781	-0.16377	-0.22549	-0.27535	-0.27594	-0.30109	-0.31351	-0.32018	-0.31567	13.642
949.83	-0.34821	-0.37726	-0.42222	-0.48466	-0.53721	-0.52447	-0.48173	-0.48241	-0.45802	-0.49032	-0.69763	-1.049	-1.3131	-1.7945	-0.74507	-0.67431	0.32152	0.78009	0.7673	0.61107	0.32055	0.050065	-0.17157	-0.22463	-0.2672	-0.27731	-0.30296	-0.29115	-0.29893	-0.27575	13.275
955.58	-0.29597	-0.35225	-0.40491	-0.4739	-0.49363	-0.49218	-0.4617	-0.40927	-0.37304	-0.53948	-0.71376	-1.1843	-1.3052	-1.6212	-0.73223	-0.51109	0.33937	0.78037	0.76842	0.59959	0.32442	0.051286	-0.18551	-0.22254	-0.26472	-0.26131	-0.28123	-0.28386	-0.27004	-0.27155	12.913
958.02	-0.2823	-0.36107	-0.39612	-0.48443	-0.43476	-0.40519	-0.38236	-0.38355	-0.36456	-0.5541	-0.77783	-1.1218	-1.2932	-1.4955	-0.69706	-0.31575	0.36139	0.80196	0.76319	0.58872	0.31121	0.033695	-0.18582	-0.21903	-0.25793	-0.2598	-0.25694	-0.28234	-0.26395	-0.2793	12.568
956.11	-0.27802	-0.30657	-0.41634	-0.40388	-0.43721	-0.39361	-0.3146	-0.32209	-0.38877	-0.59767	-0.8471	-1.1091	-1.3306	-1.5147	-0.73182	-0.54617	0.39611	0.79486	0.76308	0.57194	0.29777	0.026155	-0.19643	-0.23868	-0.26194	-0.27296	-0.26989	-0.28054	-0.26912	-0.27309	12.146
954.51	-0.26714	-0.29163	-0.38045	-0.40377	-0.37458	-0.34983	-0.31104	-0.27389	-0.40202	-0.66369	-0.84936	-1.1483	-1.3241	-1.5335	-0.64108	-0.37888	0.42212	0.81363	0.75861	0.56743	0.28502	0.0025755	-0.2141	-0.24129	-0.28605	-0.26582	-0.28653	-0.2715	-0.25639	-0.28457	11.825
954.09	-0.26483	-0.2999	-0.40165	-0.33718	-0.36603	-0.29861	-0.20817	-0.27801	-0.45346	-0.67683	-0.89724	-1.1563	-1.4207	-1.5668	-0.47409	-0.40562	0.44371	0.81025	0.74416	0.57237	0.27023	0.007151	-0.21736	-0.24807	-0.24583	-0.27269	-0.25675	-0.27004	-0.26116	-0.24144	11.471
951	-0.26569	-0.31067	-0.31935	-0.27759	-0.27023	-0.24042	-0.21705	-0.26848	-0.49371	-0.72655	-0.93759	-1.1076	-1.259	-1.4494	-0.55114	-0.33584	0.48251	0.82788	0.75399	0.55383	0.26695	0.002585	-0.21648	-0.24218	-0.28271	-0.27019	-0.27383	-0.27012	-0.23555	-0.23201	11.153
945.47	-0.25089	-0.29688	-0.25364	-0.26098	-0.20784	-0.1991	-0.22822	-0.27893	-0.56867	-0.77213	-0.90799	-1.1518	-1.2575	-1.3593	-0.46153	-0.13227	0.49812	0.82895	0.74846	0.55391	0.25513	-0.012015	-0.22571	-0.24584	-0.27728	-0.2624	-0.25155	-0.25491	-0.2338	-0.24877	10.837
936	-0.23609	-0.2667	-0.25065	-0.17154	-0.1849	-0.15587	-0.16636	-0.33064	-0.60783	-0.81023	-0.96818	-1.0797	-1.3681	-1.3067	-0.49178	-0.16069	0.53143	0.83099	0.75268	0.54118	0.23912	-0.026902	-0.24568	-0.25588	-0.27204	-0.27194	-0.25409	-0.27122	-0.24249	-0.24783	10.515
927.27	-0.21247	-0.25247	-0.23538	-0.14487	-0.15403	-0.15704	-0.22513	-0.40696	-0.64987	-0.82446	-0.97206	-1.159	-1.4079	-1.3609	-0.44476	-0.28978	0.55845	0.82855	0.74878	0.52455	0.22261	-0.041273	-0.26504	-0.27429	-0.29626	-0.28058	-0.2693	-0.25257	-0.23281	-0.23096	10.18
920.56	-0.21654	-0.25683	-0.20239	-0.13371	-0.22168	-0.17746	-0.18949	-0.51018	-0.7086	-0.87125	-0.98706	-1.0901	-1.4092	-1.3624	-0.36131	-0.29189	0.58469	0.84234	0.74318	0.53242	0.20534	-0.046313	-0.28251	-0.28703	-0.28933	-0.27737	-0.25577	-0.26509	-0.24093	-0.21155	9.9069
912.47	-0.22185	-0.20125	-0.11299	-0.13736	-0.1847	-0.15539	-0.21425	-0.55065	-0.75619	-0.87227	-1.0109	-1.1075	-1.3395	-1.3489	-0.25082	-0.27595	0.60563	0.87196	0.73002	0.53224	0.1985	-0.071436	-0.27677	-0.28958	-0.28089	-0.2869	-0.26586	-0.2285	-0.21388	-0.19923	9.6411
903.94	-0.15724	-0.1937	-0.06638	-0.23981	-0.20819	-0.16087	-0.23611	-0.59634	-0.78549	-0.90931	-0.99357	-1.1259	-1.1311	-1.3531	-0.20023	-0.1103	0.6197	0.88413	0.73951	0.52075	0.20649	-0.064867	-0.28104	-0.29231	-0.27891	-0.25485	-0.25521	-0.21727	-0.18153	-0.16888	9.3648
892	-0.12815	-0.080518	-0.11225	-0.15564	-0.14571	-0.14629	-0.28649	-0.64965	-0.83736	-0.9378	-1.0123	-1.0451	-1.2302	-1.3538	-0.24763	-0.064417	0.64665	0.90263	0.73975	0.51768	0.19153	-0.069814	-0.28396	-0.29622	-0.29203	-0.2682	-0.2493	-0.20323	-0.14746	-0.13032	9.0831
881.65	-0.059513	-0.11317	-0.18604	-0.16427	-0.19802	-0.22563	-0.37302	-0.6962	-0.8872	-0.97922	-1.0371	-1.1867	-1.2636	-1.1935	-0.33201	-0.055576	0.66624	0.91053	0.75821	0.50599	0.20723	-0.078057	-0.3001	-0.29168	-0.28122	-0.26038	-0.24414	-0.20304	-0.11647	-0.085035	8.8685
873.22	-0.077792	-0.10626	-0.16742	-0.15212	-0.17569	-0.22553	-0.42306	-0.77717	-0.92882	-0.99394	-1.0545	-1.2552	-1.333	-1.3117	-0.19812	-0.16255	0.66142	0.88257	0.73592	0.50147	0.17391	-0.1013	-0.31507	-0.30502	-0.28489	-0.26197	-0.24377	-0.19028	-0.093872	-0.092342	8.6201
866.81	-0.10334	-0.14467	-0.20294	-0.14373	-0.16303	-0.23378	-0.45949	-0.79787	-0.91811	-0.99775	-1.0585	-1.0755	-1.3621	-1.205	-0.15356	-0.017538	0.69858	0.8932	0.74226	0.51206	0.17611	-0.082751	-0.30611	-0.29423	-0.27541	-0.25555	-0.19894	-0.17076	-0.094566	-0.066883	8.4129
859.87	-0.13743	-0.13048	-0.11904	-0.15622	-0.14237	-0.2348	-0.50039	-0.81673	-0.9768	-1.0352	-1.0708	-1.109	-1.16	-1.1786	-0.22906	0.021625	0.70686	0.92668	0.75737	0.50405	0.18857	-0.092723	-0.30683	-0.28839	-0.27374	-0.2267	-0.21023	-0.16335	-0.072099	-0.074013	8.2575
852.28	-0.070634	-0.088826	-0.073019	-0.16025	-0.14275	-0.24741	-0.53321	-0.84906	-0.97045	-1.0408	-1.0623	-1.169	-1.1605	-1.1344	-0.20299	0.15071	0.73089	0.93214	0.7733	0.51029	0.20138	-0.088426	-0.30073	-0.26858	-0.26833	-0.21926	-0.20094	-0.14174	-0.077949	-0.086066	8.045
847.15	-0.070148	-0.03712	-0.072585	-0.12584	-0.15164	-0.2597	-0.54012	-0.87941	-0.99052	-1.0453	-1.0802	-1.1089	-1.1971	-1.1138	-0.21365	0.01198	0.74959	0.9434	0.76688	0.51426	0.17926	-0.087245	-0.29722	-0.27271	-0.25118	-0.22249	-0.18812	-0.14081	-0.0889	-0.060794	7.8739
845.87	-0.045582	-0.042684	-0.10607	-0.092357	-0.17511	-0.30643	-0.59258	-0.91952	-1.0233	-1.0677	-1.1048	-1.2537	-1.4942	-1.2256	-0.12907	-0.14784	0.74716	0.90548	0.74304	0.50974	0.16739	-0.097695	-0.32258	-0.28982	-0.25354	-0.23807	-0.16873	-0.1437	-0.073292	-0.041751	7.7182
848.12	-0.0044459	-0.05722	-0.11455	-0.10625	-0.19961	-0.32835	-0.60572	-0.93237	-1.0433	-1.0694	-1.0962	-1.1832	-1.235	-1.2956	-0.15694	-0.077708	0.74785	0.92831	0.74846	0.50751	0.16508	-0.086289	-0.29954	-0.28323	-0.25484	-0.23079	-0.18791	-0.12014	-0.038207	-0.017786	7.5911
851.21	-0.0098805	-0.029645	-0.078348	-0.10234	-0.20155	-0.33223	-0.61543	-0.95675	-1.0536	-1.0862	-1.0969	-1.0952	-1.2403	-1.1267	-0.10012	0.011923	0.74335	0.93192	0.74297	0.49953	0.16634	-0.097936	-0.31172	-0.26809	-0.2431	-0.21575	-0.17326	-0.13037	-0.046759	-0.0034606	7.5158
855.17	-0.0089297	-0.040403	-0.075379	-0.10538	-0.24128	-0.36815	-0.62809	-0.9666	-1.0703	-1.083	-1.0957	-1.0985	-1.1956	-1.1669	-0.22097	0.061264	0.74522	0.91231	0.73037	0.48239	0.16649	-0.096633	-0.29795	-0.27345	-0.24589	-0.21099	-0.16412	-0.10501	-0.037026	-0.030888	7.412
858.91	-0.0034923	-0.040227	-0.049099	-0.12412	-0.30008	-0.43368	-0.67621	-0.98815	-1.0778	-1.1059	-1.1088	-1.2429	-1.171	-1.0805	-0.16426	0.10035	0.71997	0.89589	0.7126	0.45943	0.15196	-0.11146	-0.30542	-0.26733	-0.2721	-0.21288	-0.17448	-0.10807	-0.021361	-0.03358	7.3548
865.96	-0.0088184	-0.034521	-0.050416	-0.15859	-0.31161	-0.43363	-0.67971	-1.0215	-1.0884	-1.1164	-1.1343	-1.2246	-1.2672	-1.1882	-0.15371	-0.10538	0.70363	0.88585	0.70408	0.47293	0.14798	-0.099629	-0.30206	-0.26679	-0.23703	-0.20185	-0.17443	-0.11767	-0.056214	-0.039848	7.3185
876.1	0.0071647	-0.020826	-0.038807	-0.15846	-0.3175	-0.45345	-0.70389	-1.0071	-1.0978	-1.1166	-1.1212	-1.2023	-1.4427	-1.2542	-0.17926	0.0019267	0.6929	0.87288	0.70845	0.47597	0.17424	-0.092664	-0.28826	-0.2516	-0.22569	-0.18664	-0.16427	-0.10681	-0.023475	-0.024609	7.3107
885.17	0.03591	0.017982	-0.031695	-0.15938	-0.32022	-0.45363	-0.69756	-0.99588	-1.0847	-1.1026	-1.1116	-1.2222	-1.1362	-1.2589	-0.12333	-0.064896	0.68665	0.88005	0.70562	0.48037	0.17514	-0.071995	-0.25979	-0.23386	-0.21582	-0.1729	-0.13438	-0.074973	-0.012369	0.0039874	7.3055
894.56	0.056271	0.025606	-0.034684	-0.16944	-0.33207	-0.4661	-0.70855	-1.0025	-1.0743	-1.1047	-1.1171	-1.1217	-1.2826	-1.2284	-0.22909	0.011345	0.67522	0.88809	0.7131	0.49535	0.18568	-0.05823	-0.23603	-0.21245	-0.17427	-0.16568	-0.11569	-0.05982	0.014225	0.026562	7.3159
901.92	0.066953	0.045197	-0.026163	-0.16971	-0.352	-0.47631	-0.70018	-1.0078	-1.0904	-1.1144	-1.125	-1.2864	-1.2813	-1.2011	-0.31571	-0.0356	0.6563	0.86371	0.72032	0.48551	0.20433	-0.060982	-0.24078	-0.20367	-0.18027	-0.15272	-0.13057	-0.070228	0.013289	0.040701	7.3315
910.76	0.059513	0.046464	-0.035699	-0.17712	-0.35854	-0.47878	-0.69937	-1.014	-1.0851	-1.1069	-1.1336	-1.2739	-1.278	-1.3174	-0.15491	-0.035255	0.64992	0.85402	0.70902	0.49964	0.20408	-0.037229	-0.22604	-0.20324	-0.1583	-0.14239	-0.095362	-0.053773	0.026157	0.043861	7.3548
920.46	0.074002	0.05441	-0.053081	-0.20864	-0.36708	-0.48312	-0.7098	-1.0306	-1.0911	-1.1294	-1.1533	-1.3456	-1.4003	-1.3541	-0.39605	-0.14503	0.62501	0.84115	0.7007	0.48789	0.20193	-0.029725	-0.21467	-0.18652	-0.16391	-0.13651	-0.10986	-0.052386	0.012216	0.046037	7.3938
927.38	0.080952	0.063214	-0.065505	-0.21112	-0.39777	-0.51747	-0.72637	-1.018	-1.1071	-1.1259	-1.1578	-1.2741	-1.318	-1.3021	-0.28982	-0.1804	0.61056	0.83487	0.71406	0.49552	0.21491	-0.026366	-0.20576	-0.1836	-0.14464	-0.12334	-0.082118	-0.037321	0.039249	0.059654	7.4743
933.87	0.085356	0.05446	-0.065844	-0.23373	-0.38043	-0.49989	-0.72633	-1.0183	-1.0977	-1.1361	-1.1558	-1.3186	-1.2375	-1.4095	-0.33053	-0.052468	0.57717	0.84561	0.71413	0.50326	0.23205	-0.015278	-0.17934	-0.14375	-0.14005	-0.09919	-0.079	-0.011156	0.039769	0.060974	7.6092
937.6	0.10315	0.06004	-0.067959	-0.2352	-0.39424	-0.51502	-0.73925	-1.0346	-1.1036	-1.1512	-1.184	-1.3361	-1.3036	-1.4121	-0.45688	-0.1604	0.56843	0.84098	0.72299	0.51638	0.23534	-0.0051355	-0.17702	-0.15146	-0.11896	-0.10395	-0.071078	-0.024819	0.049869	0.071088	7.7416
941.54	0.094512	0.062263	-0.087404	-0.24934	-0.41748	-0.53257	-0.74527	-1.044	-1.145	-1.1708	-1.2049	-1.2701	-1.537	-1.497	-0.42955	-0.25846	0.5524	0.82863	0.71747	0.5166	0.25199	0.018061	-0.1555	-0.13507	-0.1078	-0.082984	-0.035428	-0.0062467	0.058303	0.061336	7.8479
945.15	0.097421	0.062846	-0.083138	-0.24125	-0.41828	-0.53919	-0.7581	-1.0602	-1.1389	-1.2004	-1.2225	-1.4159	-1.5487	-1.5077	-0.58834	-0.32005	0.51829	0.82168	0.73793	0.53989	0.25939	0.048772	-0.14455	-0.11363	-0.098537	-0.082667	-0.051644	0.0025759	0.062775	0.079938	7.9905
945.47	0.09984	0.067753	-0.075251	-0.23958	-0.40855	-0.53042	-0.75619	-1.063	-1.1555	-1.1983	-1.2504	-1.3627	-1.5834	-1.5811	-0.53748	-0.30208	0.50612	0.81889	0.75094	0.56338	0.29778	0.074913	-0.10867	-0.094909	-0.044516	-0.040041	-0.0025878	0.019367	0.082316	0.095318	8.1823
942.92	0.12225	0.080288	-0.074668	-0.23625	-0.40164	-0.51802	-0.74997	-1.0918	-1.1739	-1.2227	-1.2898	-1.3664	-1.5877	-1.643	-0.58126	-0.38354	0.48664	0.8438	0.78123	0.59023	0.32039	0.094399	-0.085816	-0.070441	-0.052624	-0.045275	0.0062281	0.041069	0.085678	0.11446	8.343
936.75	0.128	0.082475	-0.068021	-0.23541	-0.41316	-0.54557	-0.78239	-1.086	-1.1834	-1.2553	-1.3294	-1.4742	-1.6159	-1.803	-0.61917	-0.46724	0.44627	0.85444	0.78722	0.61563	0.34529	0.10434	-0.061471	-0.059593	-0.036892	-0.018057	-0.0076902	0.040533	0.083873	0.11089	8.5968
928.87	0.13908	0.075652	-0.061399	-0.25193	-0.43376	-0.5709	-0.81421	-1.1206	-1.2366	-1.3031	-1.3912	-1.6171	-1.7641	-1.8935	-0.82203	-0.54399	0.39226	0.83993	0.80232	0.61924	0.3695	0.1201	-0.046596	-0.041085	-0.037205	-0.0069369	0.003764	0.053085	0.1029	0.11706	8.8426
920.99	0.13942	0.072926	-0.084513	-0.26548	-0.43747	-0.58004	-0.83388	-1.1344	-1.2489	-1.3475	-1.4286	-1.8011	-2.0233	-2.1205	-1.0717	-0.64956	0.35211	0.8342	0.82621	0.63913	0.40099	0.1464	-0.042091	-0.037602	-0.031164	-0.0034981	0.014122	0.034658	0.097357	0.11718	9.0909
911.29	0.11631	0.080518	-0.087043	-0.26666	-0.46784	-0.60771	-0.85388	-1.1799	-1.2771	-1.3828	-1.4882	-1.7343	-2.0723	-2.2283	-1.0568	-0.91609	0.30442	0.82221	0.84961	0.68769	0.41047	0.18387	-0.017758	-0.019395	0.0061524	0.003537	0.04558	0.053278	0.091899	0.10689	9.3028
898.29	0.13348	0.092921	-0.087475	-0.26551	-0.44768	-0.5926	-0.86277	-1.2097	-1.3251	-1.4395	-1.5395	-1.799	-2.1857	-2.3297	-1.0899	-0.9764	0.25581	0.8394	0.88372	0.7209	0.44986	0.21082	0.0071227	0.0086359	0.034188	0.017934	0.054181	0.058258	0.11546	0.12735	9.5689
884	0.13477	0.10496	-0.10402	-0.27404	-0.47972	-0.62055	-0.88113	-1.2474	-1.38	-1.4957	-1.5964	-1.9168	-2.108	-2.5694	-1.2429	-1.0495	0.1958	0.84625	0.90598	0.74522	0.46697	0.23233	0.035338	0.02316	0.02054	0.029158	0.036228	0.072885	0.11482	0.10744	9.8605
867.13	0.1258	0.081934	-0.10604	-0.30185	-0.47336	-0.63792	-0.93875	-1.2743	-1.4559	-1.5575	-1.6881	-2.1758	-2.3507	-2.888	-1.4419	-1.2259	0.11765	0.84352	0.91457	0.77606	0.49702	0.24105	0.048179	0.016279	0.031555	0.039014	0.028709	0.067326	0.10426	0.12073	10.183
851.96	0.1235	0.06881	-0.1088	-0.32393	-0.52261	-0.67432	-0.96278	-1.3507	-1.5119	-1.6428	-1.7571	-2.3065	-2.588	-3.1126	-1.6737	-1.3766	0.045205	0.81528	0.92901	0.78112	0.52444	0.2701	0.060521	0.031493	0.026225	0.038764	0.040382	0.0703	0.096563	0.095331	10.412
