21161	26	2	92	23.6	758.5	2	-0	12	227.53	256	8192	5	0	0	0	0	550.05	970.77	1.4679e+006	0.11712	0.027004	40.441	0	0	1	0	0	0	14	0	0
972.66	0.11759	0.051793	-0.10262	-0.20332	-0.28966	-0.38028	-0.51204	-0.59587	-0.50586	-0.36868	-0.14931	0.094469	0.33818	0.73139	0.72365	0.79802	0.58554	0.2319	-0.029177	-0.23269	-0.44346	-0.58622	-0.65399	-0.53119	-0.35346	-0.31345	-0.21352	-0.082174	0.07825	0.107	-0.099077
971.18	0.10981	0.069462	-0.10125	-0.1882	-0.30412	-0.34643	-0.41967	-0.58107	-0.50333	-0.37082	-0.15121	-0.037402	0.28724	0.68455	0.75764	0.66003	0.57709	0.20533	-0.030834	-0.22997	-0.46205	-0.5931	-0.67825	-0.54074	-0.34194	-0.29734	-0.2065	-0.11188	0.07837	0.12216	-0.11407
971.81	0.10337	0.027868	-0.12106	-0.19425	-0.28058	-0.34588	-0.45792	-0.59325	-0.54425	-0.35323	-0.14611	-0.15464	0.3042	0.39645	0.82282	0.55525	0.57983	0.21008	-0.045328	-0.22214	-0.45523	-0.59571	-0.65612	-0.56655	-0.33827	-0.27559	-0.21126	-0.086914	0.066139	0.13874	-0.07908
973.3	0.12863	0.042186	-0.10561	-0.20935	-0.29413	-0.35397	-0.45882	-0.59547	-0.5253	-0.35584	-0.13591	0.021222	0.25239	0.50755	0.69038	0.86695	0.57273	0.22931	-0.045258	-0.2264	-0.43179	-0.60377	-0.64119	-0.50907	-0.33947	-0.28014	-0.20605	-0.091441	0.08276	0.11857	-0.039082
972.66	0.10169	0.070952	-0.11026	-0.18637	-0.30831	-0.36425	-0.45591	-0.61782	-0.50256	-0.3608	-0.12934	0.13841	0.23543	0.61963	0.75648	0.74588	0.59953	0.21479	-0.027566	-0.21427	-0.43695	-0.57575	-0.66947	-0.50069	-0.37411	-0.28529	-0.20374	-0.10083	0.084335	0.11532	-0.034082
972.03	0.12879	0.05662	-0.0874	-0.17724	-0.29141	-0.36406	-0.46905	-0.58841	-0.53093	-0.35946	-0.14941	-0.037369	0.3898	0.68395	0.72412	0.78115	0.5657	0.23939	-0.035644	-0.21749	-0.42422	-0.59857	-0.65287	-0.48212	-0.33475	-0.29376	-0.20877	-0.072894	0.087434	0.13704	-0.0040779
970.54	0.1051	0.047107	-0.12887	-0.1945	-0.31522	-0.39999	-0.51799	-0.63018	-0.52349	-0.36949	-0.12629	-0.037426	0.25311	0.58898	0.67591	0.78235	0.57592	0.21036	-0.048616	-0.22858	-0.43465	-0.57101	-0.66008	-0.5309	-0.35078	-0.266	-0.20909	-0.083911	0.075373	0.11557	-0.019079
971.6	0.11771	0.058244	-0.11955	-0.18658	-0.27908	-0.3392	-0.44357	-0.5871	-0.52787	-0.347	-0.13948	0.13856	0.30427	0.55638	0.83945	0.71192	0.57684	0.18321	-0.051788	-0.21758	-0.43906	-0.57787	-0.66865	-0.51432	-0.35901	-0.27565	-0.18439	-0.05892	0.082905	0.13543	0.010928
973.51	0.1413	0.029415	-0.090319	-0.22162	-0.35464	-0.43006	-0.52281	-0.62042	-0.53177	-0.37308	-0.12424	-0.037312	0.25234	0.74671	0.59187	0.69316	0.54931	0.19751	-0.03237	-0.22482	-0.41708	-0.55881	-0.62095	-0.47848	-0.30158	-0.2354	-0.16937	-0.07123	0.081223	0.13849	0.17603
973.51	0.10637	0.040581	-0.12848	-0.19853	-0.29251	-0.36345	-0.48275	-0.62355	-0.53177	-0.37623	-0.1309	-0.12512	0.21813	0.7148	0.85418	0.76259	0.56173	0.19262	-0.0372	-0.21255	-0.40895	-0.54835	-0.63641	-0.46397	-0.3308	-0.24698	-0.16693	-0.068124	0.084261	0.10524	0.31121
973.3	0.13339	0.064524	-0.13003	-0.22629	-0.34385	-0.41661	-0.52613	-0.6613	-0.57802	-0.39048	-0.16252	0.094407	0.14972	0.57135	0.93636	0.90167	0.59914	0.19267	-0.019498	-0.19727	-0.3863	-0.52306	-0.60871	-0.46117	-0.28445	-0.21062	-0.13277	-0.061923	0.08884	0.14185	0.43644
973.3	0.10162	0.045377	-0.14225	-0.25863	-0.35006	-0.4077	-0.51331	-0.66914	-0.58296	-0.40937	-0.16751	-0.03732	0.26951	0.60327	0.80517	0.88432	0.59914	0.25862	-0.0017867	-0.17887	-0.3733	-0.52157	-0.58551	-0.4452	-0.29305	-0.23545	-0.15719	-0.061923	0.081241	0.09196	0.71218
971.81	0.079509	0.031065	-0.16387	-0.26057	-0.37082	-0.45141	-0.56546	-0.67173	-0.60365	-0.43837	-0.23105	-0.12534	0.32133	0.46037	0.83926	0.57264	0.6125	0.26636	0.0062732	-0.18068	-0.3934	-0.53434	-0.61584	-0.44588	-0.29522	-0.24741	-0.16233	-0.062018	0.069183	0.12208	0.86272
972.24	0.096965	0.0054956	-0.15005	-0.28358	-0.36755	-0.46103	-0.60854	-0.72008	-0.64957	-0.4634	-0.2759	-0.16923	0.13276	0.36434	0.82246	0.48548	0.63556	0.31026	0.035282	-0.13762	-0.34443	-0.4952	-0.54589	-0.44568	-0.22107	-0.22245	-0.14269	-0.066657	0.072198	0.11537	1.1389
973.94	0.10314	0.026213	-0.17725	-0.27231	-0.37933	-0.459	-0.58505	-0.72352	-0.65008	-0.51765	-0.27376	-0.22744	-0.0042635	0.44343	0.70631	0.91842	0.66861	0.34878	0.10119	-0.08834	-0.3081	-0.46298	-0.55885	-0.40719	-0.26708	-0.1956	-0.14488	-0.055673	0.073591	0.083592	1.4859
972.88	0.11279	0.042205	-0.1698	-0.27415	-0.38751	-0.46594	-0.58729	-0.72588	-0.6854	-0.52609	-0.31565	-0.095918	0.26963	0.34815	0.78911	0.76309	0.72374	0.41758	0.13673	-0.050085	-0.26618	-0.43507	-0.5022	-0.40182	-0.21576	-0.18091	-0.13038	-0.026204	0.078233	0.12527	1.7628
970.96	0.13531	0.075874	-0.14106	-0.27161	-0.38516	-0.488	-0.63826	-0.75401	-0.68675	-0.54607	-0.34127	-0.081429	-0.0042766	0.47677	0.74135	0.78201	0.76565	0.46248	0.19349	-0.00099876	-0.22435	-0.3745	-0.46288	-0.34877	-0.19895	-0.15969	-0.059624	-0.016912	0.10429	0.13219	2.0803
968.63	0.12446	0.061629	-0.15367	-0.23822	-0.3736	-0.50341	-0.67523	-0.76371	-0.70662	-0.57269	-0.37719	-0.36107	0.064484	0.26951	0.85849	0.71411	0.77687	0.50042	0.25058	0.043681	-0.19224	-0.37241	-0.464	-0.34086	-0.20462	-0.14012	-0.10395	0.0002191	0.090797	0.11914	2.4688
968.63	0.12606	0.052009	-0.146	-0.27381	-0.40326	-0.5005	-0.64624	-0.79206	-0.73476	-0.59484	-0.41562	-0.21399	-0.090259	0.28553	0.74314	0.74899	0.82526	0.56178	0.29426	0.092985	-0.13184	-0.29431	-0.39561	-0.32044	-0.1597	-0.13014	-0.074497	-0.0091479	0.084686	0.14588	2.7971
969.05	0.1244	0.063203	-0.13214	-0.27524	-0.38436	-0.48353	-0.64596	-0.8043	-0.76257	-0.64517	-0.47891	-0.44911	-0.12459	0.10914	0.69341	0.64403	0.84518	0.61797	0.32648	0.13145	-0.11219	-0.28218	-0.39388	-0.28385	-0.14754	-0.14006	-0.07201	-0.013824	0.095337	0.12076	3.227
968.2	0.1309	0.048824	-0.13072	-0.27548	-0.41749	-0.51873	-0.67069	-0.83179	-0.81623	-0.69638	-0.54285	-0.56722	-0.17631	-0.019089	0.66104	0.67952	0.8428	0.65289	0.36723	0.15468	-0.074726	-0.2659	-0.3678	-0.25929	-0.1373	-0.12853	-0.067162	0.015837	0.081669	0.12588	3.6575
967.99	0.13412	0.034396	-0.15377	-0.30341	-0.43165	-0.57444	-0.77559	-0.88083	-0.84789	-0.74877	-0.57641	-0.53791	-0.41722	0.061123	0.43036	0.76694	0.85704	0.69233	0.43853	0.18864	-0.020829	-0.21637	-0.34144	-0.24913	-0.10448	-0.080301	-0.040159	-0.0044674	0.10308	0.1142	4.0834
966.5	0.09594	0.064978	-0.18784	-0.31783	-0.44639	-0.58682	-0.79292	-0.92164	-0.9056	-0.80858	-0.6761	-0.55347	-0.46956	-0.16373	0.48055	0.61076	0.84428	0.70078	0.44407	0.22753	-0.029043	-0.20616	-0.34196	-0.25682	-0.17044	-0.13043	-0.042682	-0.0091681	0.068033	0.095958	4.4945
966.5	0.083145	0.028021	-0.19399	-0.3442	-0.48394	-0.67104	-0.91236	-0.95636	-0.96865	-0.85931	-0.75314	-0.68614	-0.5385	-0.35654	0.38148	0.47087	0.82395	0.72538	0.48947	0.25378	0.015136	-0.20165	-0.33573	-0.24513	-0.12888	-0.12543	-0.09188	-0.046714	0.046601	0.087584	4.9213
967.35	0.078277	0.0087322	-0.21993	-0.35164	-0.48664	-0.61645	-0.82125	-0.9981	-1.0009	-0.93934	-0.83112	-0.80334	-0.86513	-0.4365	0.28214	0.33071	0.78727	0.73457	0.51658	0.28442	0.011854	-0.18042	-0.33077	-0.24929	-0.1824	-0.13697	-0.081969	-0.043549	0.072562	0.067429	5.3638
969.05	0.063782	0.00070564	-0.20574	-0.33556	-0.47798	-0.58768	-0.77957	-1.0137	-1.0406	-0.96773	-0.87976	-0.94894	-0.82924	-0.70816	0.31458	0.29525	0.77965	0.76518	0.55287	0.3409	0.072214	-0.13807	-0.28669	-0.22844	-0.14063	-0.11014	-0.096545	-0.030989	0.026628	0.079002	5.8728
969.69	0.090843	0.018321	-0.18415	-0.36935	-0.51041	-0.58975	-0.75331	-1.035	-1.0845	-1.0113	-0.9326	-0.963	-0.84588	-0.77175	0.14979	0.32991	0.75886	0.80881	0.59452	0.37146	0.12272	-0.095975	-0.21974	-0.17438	-0.12155	-0.078498	-0.027829	0.011134	0.046447	0.08062	6.311
968.41	0.094155	0.021553	-0.17519	-0.33578	-0.46893	-0.53	-0.69309	-1.0395	-1.0909	-1.0649	-0.98898	-0.99369	-0.91578	-0.99727	-0.047791	0.26053	0.73176	0.83443	0.63414	0.41818	0.15065	-0.06456	-0.21848	-0.17461	-0.14418	-0.081928	-0.030322	-0.0029034	0.064843	0.062341	6.775
967.56	0.099032	0.053671	-0.1692	-0.32988	-0.47715	-0.57514	-0.77109	-1.0704	-1.12	-1.0896	-1.0768	-1.0682	-1.1231	-1.0784	-0.11381	-0.14095	0.69958	0.81796	0.68167	0.46019	0.19327	-0.016508	-0.17199	-0.14118	-0.083767	-0.038712	-0.013147	0.025223	0.04502	0.067414	7.1526
969.26	0.11959	0.037555	-0.1551	-0.29528	-0.47008	-0.61733	-0.85182	-1.0843	-1.1379	-1.1288	-1.1	-1.2574	-1.3102	-1.0124	-0.22889	0.033651	0.63751	0.83615	0.70957	0.50404	0.25167	0.015037	-0.15305	-0.11907	-0.061173	-0.035319	-0.01067	0.0080192	0.087683	0.083995	7.6579
969.9	0.10039	0.048738	-0.15194	-0.29817	-0.46821	-0.58693	-0.80462	-1.104	-1.162	-1.1865	-1.1794	-1.1978	-1.3952	-1.412	-0.34393	-0.21031	0.63554	0.8454	0.75273	0.5391	0.27922	0.058521	-0.13433	-0.10005	-0.078388	-0.022008	0.001594	0.0064543	0.084575	0.085608	8.0461
969.26	0.12119	0.059985	-0.14131	-0.30301	-0.47008	-0.59738	-0.82768	-1.122	-1.2173	-1.2236	-1.272	-1.2574	-1.4648	-1.6052	-0.34416	-0.40223	0.56887	0.86313	0.75484	0.57487	0.29246	0.073568	-0.087818	-0.073877	-0.035275	-0.041966	0.0065007	0.018938	0.067839	0.10737	8.4191
966.93	0.11349	0.055312	-0.1355	-0.30064	-0.4587	-0.58856	-0.83291	-1.1437	-1.2435	-1.2773	-1.3303	-1.4667	-1.6234	-1.6573	-0.62561	-0.4032	0.50301	0.87259	0.77287	0.59323	0.30789	0.084278	-0.10671	-0.088668	-0.063053	-0.058729	0.0065164	0.0049112	0.077184	0.080851	8.8177
964.16	0.109	0.045807	-0.15592	-0.32482	-0.48668	-0.60757	-0.83853	-1.1549	-1.2604	-1.3445	-1.3828	-1.4857	-1.5935	-1.9358	-0.69361	-0.492	0.42133	0.84304	0.80272	0.60113	0.34321	0.096588	-0.088282	-0.080129	-0.089269	-0.048873	-0.023057	-0.0029162	0.049783	0.076046	9.1091
961.82	0.091586	0.044303	-0.15167	-0.32405	-0.49101	-0.62205	-0.86814	-1.1894	-1.2951	-1.3924	-1.4905	-1.6078	-1.9437	-2.1182	-1.0438	-0.68646	0.35161	0.82284	0.78023	0.61345	0.34076	0.1059	-0.079105	-0.10383	-0.084267	-0.095889	-0.040416	-0.031222	0.037598	0.056037	9.3801
960.34	0.093337	0.039522	-0.13643	-0.33704	-0.51853	-0.65527	-0.8971	-1.2008	-1.3238	-1.4105	-1.454	-1.9959	-2.1028	-2.2508	-1.1451	-0.82831	0.24824	0.77212	0.77654	0.60974	0.35446	0.095458	-0.090201	-0.096632	-0.11054	-0.09436	-0.065237	-0.028121	0.028411	0.06118	9.6306
961.82	0.081943	0.044303	-0.1563	-0.31003	-0.48157	-0.63559	-0.90869	-1.2132	-1.3385	-1.4322	-1.5073	-1.8151	-2.2207	-2.2796	-1.077	-0.95002	0.23371	0.79565	0.82585	0.64138	0.372	0.12102	-0.083801	-0.089139	-0.087747	-0.084165	-0.060191	-0.024934	0.028367	0.072865	9.8249
962.04	0.080317	0.050751	-0.15781	-0.33333	-0.48147	-0.63276	-0.91497	-1.2272	-1.3448	-1.4271	-1.5373	-1.8591	-2.151	-2.5212	-1.1099	-0.96738	0.18336	0.79794	0.79635	0.67227	0.38013	0.12553	-0.086912	-0.11555	-0.084248	-0.080798	-0.032993	-0.020213	0.039127	0.067801	10.009
960.34	0.096556	0.049224	-0.13024	-0.32144	-0.48389	-0.60588	-0.85162	-1.2039	-1.3639	-1.4679	-1.5771	-1.8773	-2.3109	-2.6551	-1.3778	-1.1627	0.14747	0.7746	0.82223	0.66724	0.38739	0.14999	-0.076094	-0.093691	-0.10879	-0.10275	-0.047905	-0.015525	0.040737	0.069608	10.086
957.36	0.11462	0.052621	-0.11512	-0.29582	-0.45855	-0.60632	-0.87871	-1.1965	-1.3397	-1.4741	-1.5786	-1.9873	-2.405	-2.5822	-1.5488	-1.2722	0.080014	0.76211	0.83952	0.66619	0.41173	0.15349	-0.063748	-0.089554	-0.091652	-0.094653	-0.06544	-0.034526	0.062501	0.078277	10.173
956.08	0.11316	0.083552	-0.11994	-0.27113	-0.46391	-0.59131	-0.83909	-1.2109	-1.3079	-1.4857	-1.6061	-2.0197	-2.2515	-2.7643	-1.5509	-1.2209	0.056397	0.75318	0.84556	0.69206	0.41393	0.16891	-0.051238	-0.05864	-0.077772	-0.076245	-0.038171	-0.009268	0.09044	0.088539	10.28
955.87	0.13259	0.077073	-0.099759	-0.25708	-0.41655	-0.57172	-0.86375	-1.2	-1.3082	-1.4732	-1.6014	-2.1245	-2.4436	-2.8949	-1.5011	-1.2919	0.042173	0.76081	0.87526	0.725	0.45207	0.18721	-0.0418	-0.048305	-0.048025	-0.057724	-0.03818	0.027113	0.095105	0.11565	10.357
955.66	0.15203	0.11609	-0.085786	-0.23518	-0.41823	-0.54968	-0.81008	-1.1875	-1.3186	-1.4479	-1.5763	-1.9461	-2.479	-2.7981	-1.4847	-1.186	0.048511	0.77839	0.89677	0.76108	0.477	0.2314	0.010176	-0.020226	-0.0060067	-0.010536	0.038937	0.036613	0.123	0.15463	10.413
954.17	0.15551	0.14719	-0.046986	-0.23083	-0.43948	-0.56822	-0.80971	-1.1782	-1.3273	-1.4598	-1.5957	-1.979	-2.2909	-2.9326	-1.37	-1.489	0.058094	0.79456	0.90145	0.79355	0.49431	0.25157	0.043327	0.0019548	0.051864	0.0046437	0.031522	0.073117	0.12784	0.17862	10.449
952.47	0.12657	0.087131	-0.072032	-0.26744	-0.38947	-0.55129	-0.86356	-1.1819	-1.3567	-1.472	-1.6666	-2.0423	-2.4699	-2.84	-1.5065	-1.4562	0.010573	0.77601	0.89484	0.77303	0.47527	0.22301	0.021274	-0.024743	-0.0077846	-0.032559	0.014105	0.036735	0.090784	0.13306	10.464
951.19	0.087734	0.070922	-0.12837	-0.34186	-0.48537	-0.62475	-0.91064	-1.2765	-1.4074	-1.5561	-1.6977	-2.1499	-2.5782	-3.0234	-1.7434	-1.5647	-0.09433	0.68956	0.82355	0.71131	0.42603	0.19119	-0.037257	-0.057456	-0.048261	-0.052926	-0.035867	-0.010904	0.052018	0.087292	10.531
948.64	0.026042	-0.022197	-0.17258	-0.36806	-0.51855	-0.66183	-0.9394	-1.2751	-1.4145	-1.633	-1.7927	-2.426	-2.7432	-3.2935	-1.95	-1.6758	-0.17747	0.63628	0.80594	0.67389	0.37884	0.10583	-0.099248	-0.13208	-0.12954	-0.1159	-0.091103	-0.05397	0.0084841	0.03293	10.607
948.85	0.011373	-0.018919	-0.1882	-0.38378	-0.55987	-0.72847	-1.0428	-1.4034	-1.5579	-1.6698	-1.8725	-2.2753	-2.6723	-3.1946	-1.8486	-1.8892	-0.2348	0.59855	0.7397	0.63285	0.36875	0.10428	-0.08812	-0.12014	-0.12246	-0.12437	-0.13619	-0.082642	-0.028942	0.010746	10.592
948.43	0.0032276	-0.033664	-0.23059	-0.38237	-0.57766	-0.72744	-1.0071	-1.3751	-1.5298	-1.6867	-1.8187	-2.2313	-2.8316	-3.1632	-1.9168	-1.6405	-0.24925	0.60885	0.77803	0.64887	0.40226	0.16107	-0.061176	-0.078478	-0.1031	-0.10234	-0.10617	-0.087462	-0.018034	-0.025085	10.684
949.7	0.0097357	-0.020538	-0.20211	-0.32977	-0.50205	-0.64258	-0.93178	-1.3363	-1.5244	-1.6715	-1.8401	-2.1683	-2.8278	-3.3061	-1.931	-1.7807	-0.25688	0.60052	0.80174	0.67628	0.41005	0.15167	-0.073774	-0.11408	-0.13997	-0.12256	-0.080988	-0.069832	-0.01022	-0.0028968	10.684
949.7	0.035781	0.018706	-0.13327	-0.35344	-0.56733	-0.70662	-0.96792	-1.3524	-1.5143	-1.6699	-1.881	-2.3333	-2.8979	-3.3061	-1.9814	-1.9764	-0.24096	0.64057	0.83639	0.72971	0.45668	0.216	0.022922	-0.017376	-0.0042814	-0.059794	-0.01089	-0.025252	0.038078	0.049936	10.689
950.55	0.076408	0.054632	-0.098753	-0.24432	-0.43956	-0.59869	-0.885	-1.2324	-1.437	-1.6265	-1.7925	-2.4061	-2.65	-3.3195	-1.9629	-1.8502	-0.24074	0.69253	0.8818	0.78401	0.49952	0.23111	0.016567	-0.030739	-0.016603	-0.041099	-0.035891	0.024085	0.061391	0.08054	10.827
951.83	0.13803	0.10677	-0.045541	-0.17785	-0.41832	-0.58621	-0.88053	-1.2676	-1.4351	-1.6179	-1.8122	-2.2682	-2.944	-3.3314	-1.9938	-1.6879	-0.21976	0.70659	0.92836	0.80961	0.55202	0.30568	0.076646	0.036101	0.02386	0.030042	0.046586	0.054234	0.11572	0.13315	10.899
952.04	0.10389	0.085538	-0.043969	-0.24551	-0.41029	-0.56179	-0.87542	-1.2913	-1.4415	-1.6272	-1.7982	-2.1779	-2.8908	-3.347	-2.1777	-1.8651	-0.2356	0.71392	0.94791	0.8643	0.59508	0.36215	0.14779	0.10288	0.10296	0.04865	0.094025	0.068517	0.10015	0.11442	10.919
952.47	0.13631	0.10507	-0.04707	-0.17459	-0.40058	-0.57705	-0.87667	-1.2251	-1.4492	-1.6361	-1.8246	-2.3116	-2.8895	-3.6063	-2.2103	-1.8465	-0.29423	0.68365	0.93103	0.82631	0.57822	0.31464	0.084498	0.042011	0.011544	0.026639	0.034076	0.095475	0.11719	0.11946	10.965
953.74	0.10209	0.057705	-0.040774	-0.22307	-0.41907	-0.57693	-0.88367	-1.2922	-1.4355	-1.6564	-1.8799	-2.2935	-3.1476	-3.3898	-2.2408	-1.9681	-0.36677	0.64534	0.92486	0.82364	0.56583	0.31575	0.087543	0.053806	0.043113	0.0097119	0.043998	0.0351	0.11704	0.11082	11.022
955.23	0.037191	0.0251	-0.081158	-0.28863	-0.4754	-0.64087	-0.95252	-1.3317	-1.5139	-1.6923	-1.9193	-2.454	-3.0032	-3.8723	-2.0702	-2.3896	-0.42793	0.60202	0.85123	0.80829	0.5186	0.29698	0.068494	0.02266	0.058815	-0.017287	0.0090862	0.027131	0.027013	0.085229	11.078
955.87	0.0064369	-0.013906	-0.15417	-0.30569	-0.50514	-0.67302	-0.97473	-1.3325	-1.5565	-1.7473	-1.957	-2.5418	-3.1057	-3.8697	-2.3861	-2.1935	-0.4925	0.5668	0.82771	0.7453	0.51825	0.24352	0.033799	-0.042394	-0.053276	-0.049297	-0.068028	-0.020343	-0.00086698	0.0038945	11.149
955.87	-0.016206	-0.025278	-0.15417	-0.34803	-0.53361	-0.6866	-0.99105	-1.4011	-1.5833	-1.789	-2.0044	-2.3779	-3.0883	-3.7235	-2.5531	-2.1228	-0.54312	0.52451	0.80968	0.73749	0.49509	0.25874	0.029074	-0.017264	-0.041021	-0.054352	-0.023257	-0.053562	-0.0024141	-0.019811	11.231
954.59	-0.027564	-0.03182	-0.14348	-0.27469	-0.52007	-0.69047	-0.99401	-1.4014	-1.5871	-1.8026	-2.0477	-2.5303	-3.1622	-3.9562	-2.406	-2.3912	-0.56127	0.5003	0.81897	0.76193	0.48912	0.25604	0.016497	-0.030609	-0.028803	-0.081427	-0.048193	-0.042546	-0.033418	-0.023228	11.303
953.32	-0.0048975	-0.056298	-0.17017	-0.30808	-0.49063	-0.65702	-0.98388	-1.3952	-1.5859	-1.7905	-2.0539	-2.5934	-3.1665	-3.8963	-2.5934	-2.093	-0.59374	0.52092	0.81842	0.74103	0.53954	0.24875	0.05126	-0.020275	-0.03762	-0.03929	-0.053247	-0.034672	-0.0086298	-0.02326	11.451
951.19	-0.0065329	-0.0090776	-0.12993	-0.29143	-0.52193	-0.68083	-0.98116	-1.4096	-1.5928	-1.8252	-2.0483	-2.6142	-3.4012	-3.9867	-2.6159	-2.2043	-0.60143	0.4821	0.83014	0.77407	0.51083	0.29824	0.033965	0.00047487	-0.027148	-0.052926	-0.0083723	-0.045877	-0.0086491	-0.0062952	11.477
952.25	-0.004903	0.00071809	-0.1095	-0.27537	-0.48641	-0.65502	-0.96696	-1.3631	-1.5893	-1.7974	-2.0596	-2.5365	-3.205	-4.0801	-2.6298	-2.4858	-0.62616	0.47656	0.84073	0.78574	0.52686	0.29485	0.079775	0.022731	0.0045175	-0.02749	-0.025843	-0.0077167	-0.0133	0.014108	11.553
955.02	0.0064426	-0.0025359	-0.088956	-0.26358	-0.48817	-0.64563	-0.94129	-1.356	-1.578	-1.789	-2.0655	-2.6932	-3.3875	-4.1496	-2.6723	-2.4078	-0.67343	0.50257	0.84978	0.80378	0.56674	0.31075	0.11265	0.034502	0.020275	-0.0071684	-0.015808	-0.0092783	0.0053305	0.014067	11.686
956.08	0.035542	0.028326	-0.082639	-0.2241	-0.42121	-0.58355	-0.91088	-1.3577	-1.5746	-1.7854	-2.0361	-2.5561	-3.3315	-4.1612	-2.7361	-2.3875	-0.67585	0.49952	0.85867	0.81694	0.58265	0.35605	0.11567	0.069931	0.029005	0.014744	0.033947	0.012873	0.030086	0.034367	11.727
953.32	0.01132	-0.010685	-0.084438	-0.24204	-0.45891	-0.62822	-0.94461	-1.3568	-1.5775	-1.7809	-2.0777	-2.6383	-3.3761	-4.2873	-2.7106	-2.6248	-0.70636	0.4885	0.86116	0.824	0.57604	0.3342	0.11127	0.034563	0.016801	-0.010562	0.0066094	0.014497	0.0022346	0.036163	11.722
951.19	0.022722	0.0072489	-0.081503	-0.23313	-0.41701	-0.59739	-0.94344	-1.3502	-1.5962	-1.8413	-2.1044	-2.749	-3.191	-4.3295	-2.9515	-2.4353	-0.76675	0.51209	0.8532	0.818	0.57733	0.31048	0.10519	0.039096	0.0045226	-0.0071973	-0.025872	-0.0013672	0.028684	-0.0062952	11.886
951.62	0.0032168	-0.020497	-0.093958	-0.25192	-0.46767	-0.63898	-0.95614	-1.3609	-1.5769	-1.8404	-2.1324	-2.7328	-3.4521	-4.2949	-2.7993	-2.7006	-0.76641	0.45939	0.85117	0.79725	0.5538	0.31187	0.084573	0.018293	0.011555	-0.027509	-0.020861	-0.026789	0.0037941	0.0056134	11.865
954.38	-0.0016526	-0.033454	-0.10926	-0.25277	-0.4584	-0.61914	-0.94029	-1.3873	-1.6177	-1.8496	-2.155	-2.7995	-3.5992	-4.3151	-2.9584	-2.5865	-0.78795	0.45308	0.83393	0.7965	0.57043	0.30029	0.070132	0.0019543	-0.023549	-0.054437	-0.043224	-0.025128	-0.022573	-0.0011876	11.886
957.15	-0.035566	-0.017134	-0.1136	-0.27553	-0.47445	-0.63232	-0.94735	-1.3817	-1.6298	-1.8618	-2.1184	-2.7319	-3.3278	-4.4162	-2.8831	-2.6143	-0.80622	0.45177	0.82825	0.79732	0.55556	0.29487	0.079367	0.018187	-0.026979	-0.047547	-0.06297	-0.026635	-0.011687	-0.018093	11.901
957.36	-0.011336	-0.036595	-0.10581	-0.24258	-0.46645	-0.63706	-0.9504	-1.3575	-1.6093	-1.8486	-2.1128	-2.6569	-3.5358	-4.1557	-2.8825	-2.6844	-0.82025	0.42435	0.84607	0.77844	0.54883	0.2872	0.060479	0.0063762	-0.032216	-0.047537	-0.053023	-0.04716	-0.0039564	-0.038377	11.86
953.96	-0.027582	-0.048121	-0.10463	-0.28116	-0.44275	-0.60209	-0.93253	-1.3575	-1.5781	-1.8391	-2.1543	-2.6365	-3.5135	-4.3007	-2.9764	-2.694	-0.82159	0.4483	0.83594	0.81407	0.54084	0.31415	0.078054	0.010843	-0.0077724	-0.054461	-0.038256	-0.04416	-0.01793	0.0022066	11.87
950.13	-0.01305	-0.043409	-0.10975	-0.30596	-0.47	-0.63211	-0.96256	-1.379	-1.6115	-1.8594	-2.1477	-2.902	-3.4926	-4.5795	-2.9213	-2.6692	-0.83127	0.43009	0.83601	0.7875	0.56133	0.28786	0.070446	0.0004754	-0.043031	-0.024161	-0.078448	-0.023649	-0.027346	-0.021635	11.891
949.7	-0.014683	-0.022172	-0.10353	-0.24138	-0.42085	-0.59292	-0.93507	-1.3604	-1.6088	-1.8571	-2.1486	-2.6633	-3.424	-4.4181	-3.0066	-2.7416	-0.82846	0.46783	0.85289	0.80357	0.55825	0.29105	0.072063	-0.0069633	-0.034239	-0.064883	-0.06847	-0.030027	-0.0071041	-0.01994	11.84
952.25	-0.013021	-0.017222	-0.082971	-0.22815	-0.44513	-0.59956	-0.90307	-1.3423	-1.5674	-1.8392	-2.1242	-2.731	-3.5897	-4.1779	-3.0488	-2.681	-0.78177	0.45659	0.88187	0.80142	0.56174	0.31318	0.068708	0.031633	-0.032389	-0.041025	-0.028338	-0.049002	0.027098	0.010708	11.855
953.11	-0.019497	-0.025352	-0.076661	-0.22637	-0.42093	-0.5976	-0.93828	-1.3587	-1.598	-1.8102	-2.1053	-2.6837	-3.4468	-4.386	-2.6609	-2.7318	-0.74935	0.47863	0.863	0.83045	0.57285	0.32206	0.098658	0.033089	0.023828	-0.013945	-0.01584	0.0018083	-0.00086949	0.022587	11.824
952.47	-0.01951	-0.03026	-0.086073	-0.23281	-0.4228	-0.60374	-0.94709	-1.3516	-1.5755	-1.8227	-2.122	-2.521	-3.554	-4.177	-2.9308	-2.4675	-0.75461	0.47396	0.87838	0.82944	0.58818	0.3238	0.086079	0.024209	-0.004269	-0.041016	-0.0033689	-0.025179	0.013112	0.010705	11.85
949.06	-0.024467	-0.01728	-0.07229	-0.24471	-0.43069	-0.5898	-0.91597	-1.3597	-1.6065	-1.8228	-2.1279	-2.6951	-3.3035	-4.4047	-2.6891	-2.6544	-0.75254	0.50572	0.85346	0.8277	0.54363	0.31884	0.076869	0.010898	-0.00075784	-0.04286	-0.03094	-0.014115	-0.027377	0.0090391	11.834
947.57	-0.026136	-0.051721	-0.088086	-0.21504	-0.42977	-0.63114	-0.98162	-1.3506	-1.6073	-1.8273	-2.1261	-2.8497	-3.4669	-4.3952	-2.946	-2.5516	-0.78883	0.48394	0.8515	0.80222	0.5812	0.2917	0.097645	0.030299	-0.023718	-0.034426	-0.063606	-0.025309	-0.025858	-0.018276	11.87
948.21	-0.027749	-0.048412	-0.11153	-0.2386	-0.44224	-0.59579	-0.9135	-1.3786	-1.5995	-1.839	-2.1349	-2.8328	-3.5524	-4.3923	-2.8261	-2.6212	-0.76278	0.47358	0.85588	0.819	0.56246	0.31145	0.069001	0.019848	-0.0095835	-0.032705	-0.038488	-0.020507	-0.014918	-0.016556	11.855
950.55	-0.052077	-0.054827	-0.12377	-0.22382	-0.47615	-0.64304	-0.94572	-1.3736	-1.6209	-1.8441	-2.1314	-2.6309	-3.4735	-4.1854	-2.8192	-2.6147	-0.74818	0.4524	0.85707	0.79814	0.55941	0.31987	0.073582	0.01534	-0.0078002	-0.036014	-0.030891	-0.031592	-0.025777	-0.019922	11.834
950.98	-0.01954	-0.043371	-0.081521	-0.2316	-0.42824	-0.61313	-0.95678	-1.3537	-1.6083	-1.8256	-2.1321	-2.8844	-3.4895	-4.2652	-2.8347	-2.5424	-0.79077	0.4747	0.85669	0.8072	0.57413	0.3029	0.083048	0.0079039	-0.0095556	-0.027527	-0.035875	-0.015677	-0.019542	-0.021616	11.86
950.77	-0.039057	-0.048282	-0.10342	-0.21589	-0.41879	-0.60646	-0.95699	-1.3685	-1.5851	-1.826	-2.1564	-2.7053	-3.5253	-4.2825	-2.8018	-2.7563	-0.76391	0.47731	0.87501	0.83877	0.56594	0.32897	0.081482	0.030197	0.015085	-0.036006	-0.0058767	-0.023633	-0.0070961	-0.011406	11.85
949.7	-0.060263	-0.0467	-0.11136	-0.23981	-0.39219	-0.57679	-0.94656	-1.362	-1.6105	-1.8538	-2.1333	-2.7683	-3.4942	-4.3854	-2.7545	-2.7416	-0.79343	0.46282	0.85949	0.82557	0.57657	0.32015	0.099012	0.0049406	0.013339	-0.02078	-0.023408	-0.023659	-0.036706	-0.026756	11.845
949.28	-0.030975	-0.064716	-0.07384	-0.23044	-0.42423	-0.59336	-0.92891	-1.3658	-1.6281	-1.8514	-2.1325	-2.8146	-3.4957	-4.3873	-3.092	-2.4046	-0.83679	0.47055	0.85492	0.81651	0.59515	0.3111	0.08954	0.02578	-0.02015	-0.020789	-0.040951	-0.038005	0.0022441	-0.05746	11.906
949.7	-0.048867	-0.058147	-0.069112	-0.2256	-0.40493	-0.59285	-0.95149	-1.3556	-1.6189	-1.87	-2.1145	-2.9633	-3.4416	-4.5489	-2.973	-2.7772	-0.82846	0.46282	0.85124	0.81771	0.57657	0.31096	0.10218	0.042134	-0.0078072	-0.0072085	-0.063463	-0.010921	-0.0258	-0.023348	11.875
950.13	-0.048845	-0.064658	-0.12069	-0.2113	-0.39997	-0.58646	-0.94943	-1.3823	-1.6165	-1.8417	-2.1562	-2.7071	-3.6854	-4.3671	-2.9044	-2.7759	-0.83286	0.44009	0.88384	0.82677	0.5813	0.32154	0.091045	0.030218	0.016857	-0.046202	-0.028402	-0.039562	-0.010215	-0.016523	11.865
950.34	-0.055341	-0.07935	-0.10347	-0.21126	-0.44443	-0.60468	-0.91967	-1.3852	-1.5993	-1.8703	-2.1404	-2.7964	-3.5619	-4.3007	-3.0885	-2.3308	-0.8629	0.45251	0.86056	0.82188	0.58284	0.31535	0.075183	0.028725	-0.0042786	-0.019071	-0.028395	-0.053874	-0.030454	-0.057396	11.896
948.85	-0.053799	-0.038559	-0.13182	-0.20685	-0.41167	-0.58228	-0.92604	-1.3921	-1.6271	-1.8829	-2.1625	-2.6207	-3.5324	-4.422	-2.8579	-2.8153	-0.86426	0.39809	0.8487	0.80429	0.57042	0.30664	0.061022	0.013879	-0.018396	-0.036078	-0.035955	-0.053958	-0.049213	-0.043839	11.86
948.43	-0.040784	-0.064774	-0.11621	-0.23065	-0.41504	-0.5811	-0.92646	-1.3912	-1.6329	-1.8596	-2.2112	-2.742	-3.7272	-4.6533	-3.0443	-2.8879	-0.88378	0.44339	0.83256	0.82353	0.55734	0.30985	0.084858	-0.0099505	-0.018404	-0.063272	-0.043495	-0.039633	-0.036755	-0.033618	11.855
948.85	-0.074979	-0.072928	-0.12399	-0.2416	-0.41804	-0.60717	-0.97372	-1.3905	-1.6221	-1.8749	-2.1898	-2.8759	-3.6202	-4.4057	-2.9084	-2.8687	-0.85629	0.41563	0.85861	0.8153	0.56875	0.31431	0.072128	0.019835	-0.0060497	-0.047963	-0.058509	-0.050771	-0.03518	-0.040427	11.86
950.13	-0.068372	-0.081003	-0.12382	-0.24601	-0.40793	-0.59797	-0.96092	-1.3469	-1.6165	-1.8417	-2.1664	-2.8121	-3.44	-4.4488	-2.8876	-2.6159	-0.844	0.46262	0.85581	0.82206	0.58796	0.30929	0.091045	0.018322	-0.0095641	-0.02077	-0.053426	-0.034789	-0.036689	-0.016523	11.911
950.13	-0.048845	-0.053217	-0.10818	-0.24443	-0.4318	-0.6084	-0.95435	-1.3806	-1.6081	-1.874	-2.1494	-2.7671	-3.6328	-4.4161	-2.9716	-2.6692	-0.85991	0.4426	0.84096	0.82049	0.57964	0.31695	0.083122	0.01386	0.0045276	-0.039422	-0.040914	-0.039562	-0.01333	-0.021635	11.906
951.19	-0.055291	-0.074382	-0.094	-0.20476	-0.4043	-0.59842	-0.95492	-1.3518	-1.6333	-1.8525	-2.147	-2.8688	-3.4012	-4.4928	-2.9683	-2.6485	-0.84146	0.4346	0.86638	0.81486	0.59728	0.32883	0.10202	0.030184	-0.030667	-0.027521	-0.048365	-0.050647	-0.036648	-0.060747	11.926
950.77	-0.074828	-0.079314	-0.1253	-0.2222	-0.40607	-0.58288	-0.9373	-1.3813	-1.6036	-1.8469	-2.1581	-2.7502	-3.8056	-4.3478	-2.9529	-2.7919	-0.83071	0.42229	0.85358	0.82308	0.57093	0.31826	0.0799	0.019795	0.013324	-0.042783	-0.025883	-0.029994	-0.039777	-0.035238	11.906
950.55	-0.087857	-0.064629	-0.11908	-0.22698	-0.39661	-0.58488	-0.95064	-1.3608	-1.6091	-1.8538	-2.1365	-2.9457	-3.5962	-4.4468	-2.9367	-2.6858	-0.83249	0.42739	0.85048	0.81698	0.57938	0.31834	0.073582	0.022772	-0.0078002	-0.029235	-0.053402	-0.053862	-0.042899	-0.055679	11.942
949.49	-0.071673	-0.063067	-0.14581	-0.2225	-0.40024	-0.58183	-0.94349	-1.38	-1.6294	-1.8591	-2.1508	-2.889	-3.6353	-4.4845	-2.856	-2.76	-0.81431	0.4454	0.85968	0.81161	0.57004	0.31409	0.080007	0.016844	-0.011332	-0.051324	-0.043446	-0.055514	-0.028922	-0.035286	11.916
948.64	-0.05707	-0.099136	-0.10992	-0.22902	-0.37829	-0.56032	-0.92789	-1.3442	-1.6309	-1.8543	-2.1596	-2.8915	-3.5157	-4.3576	-2.9595	-2.5309	-0.80229	0.49342	0.84724	0.82492	0.59055	0.31591	0.088014	0.024306	0.0027699	-0.019106	-0.035963	-0.028468	-0.032067	-0.040436	11.978
948	-0.071785	-0.086099	-0.13037	-0.22126	-0.37535	-0.56083	-0.94168	-1.3854	-1.6049	-1.8442	-2.1149	-2.8935	-3.4829	-4.4096	-2.6921	-2.693	-0.80602	0.47118	0.83954	0.81761	0.57427	0.31459	0.076956	0.015381	-0.01135	-0.020817	-0.053546	-0.026891	-0.060184	-0.052415	11.967
948	-0.045693	-0.086099	-0.13194	-0.23549	-0.38811	-0.57502	-0.94497	-1.3516	-1.5982	-1.8426	-2.1439	-2.7132	-3.4829	-4.3277	-2.8941	-2.4256	-0.80442	0.45613	0.85938	0.79871	0.58928	0.29924	0.080133	0.0019675	-0.027239	-0.044608	-0.041006	-0.052413	-0.043014	-0.050707	11.972
947.79	-0.089745	-0.071371	-0.13981	-0.20234	-0.40415	-0.57146	-0.91062	-1.3744	-1.5901	-1.8527	-2.1427	-2.7288	-3.7648	-4.427	-2.8948	-2.6402	-0.76951	0.44118	0.85957	0.81622	0.56939	0.32694	0.081738	0.018367	-0.011353	-0.044618	-0.020945	-0.058804	-0.049268	-0.052427	11.911
946.94	-0.091457	-0.10588	-0.12267	-0.21835	-0.4109	-0.59793	-0.95098	-1.3595	-1.6084	-1.8576	-2.1412	-2.8366	-3.6451	-4.3818	-2.9479	-2.6425	-0.80054	0.45664	0.87027	0.80592	0.56823	0.29344	0.065913	0.013907	-0.029036	-0.036151	-0.056118	-0.055663	-0.061815	-0.06102	11.901
945.87	-0.088292	-0.079725	-0.13066	-0.21384	-0.42096	-0.61351	-0.97514	-1.4014	-1.595	-1.8549	-2.1334	-2.7795	-3.7196	-4.3539	-2.8163	-2.5562	-0.76627	0.4647	0.87125	0.82102	0.5672	0.3153	0.065987	0.010935	-0.0042988	-0.0396	-0.043613	-0.079705	-0.057189	-0.069645	11.911
943.11	-0.072158	-0.071725	-0.12947	-0.22082	-0.39333	-0.5696	-0.92672	-1.3667	-1.598	-1.857	-2.1602	-2.7877	-3.5186	-4.4819	-2.7738	-2.5458	-0.78455	0.46102	0.85387	0.82501	0.57389	0.31314	0.069375	0.00047894	-0.020282	-0.031175	-0.036174	-0.063906	-0.054221	-0.037242	11.967
942.26	-0.073864	-0.088271	-0.091737	-0.2067	-0.41134	-0.61065	-0.9706	-1.3614	-1.6062	-1.8571	-2.157	-2.7902	-3.4157	-4.453	-2.9118	-2.6019	-0.7997	0.48162	0.84633	0.80992	0.58616	0.31033	0.093402	0.0034796	-0.0060921	-0.022654	-0.028639	-0.009404	-0.044847	-0.038992	11.896
941.83	-0.082105	-0.081716	-0.098089	-0.23544	-0.39868	-0.5773	-0.94288	-1.3847	-1.6001	-1.8937	-2.1803	-2.8671	-3.5234	-4.3231	-3.1503	-2.5851	-0.80809	0.45912	0.85503	0.80236	0.56628	0.30893	0.06787	0.0094814	-0.029194	-0.043189	-0.038749	-0.044729	-0.035442	-0.066505	11.942
942.04	-0.085369	-0.065213	-0.1375	-0.21471	-0.41143	-0.58534	-0.92942	-1.3731	-1.6083	-1.838	-2.173	-2.7455	-3.611	-4.3221	-2.8447	-2.7101	-0.78543	0.45649	0.86648	0.81961	0.57454	0.31812	0.061463	0.01098	-0.018529	-0.046599	-0.04379	-0.057558	-0.068416	-0.068209	11.891
942.26	-0.031206	-0.078383	-0.12959	-0.21148	-0.41615	-0.60346	-0.96067	-1.3938	-1.6181	-1.8717	-2.1639	-2.8658	-3.7339	-4.3376	-3.0812	-2.4584	-0.78526	0.46648	0.86129	0.8115	0.58952	0.31188	0.079023	0.022972	-0.018525	-0.024363	-0.046302	-0.043103	-0.041707	-0.054451	11.967
940.55	-0.06578	-0.068618	-0.12034	-0.21983	-0.39762	-0.56707	-0.92094	-1.3866	-1.6108	-1.8458	-2.1712	-2.7498	-3.5282	-4.5601	-2.7643	-2.6784	-0.77382	0.45974	0.85286	0.82567	0.57713	0.32945	0.087169	0.021513	-0.0061031	-0.034683	-0.01858	-0.033534	-0.040209	-0.044226	11.932
938.21	-0.07583	-0.091962	-0.11114	-0.2076	-0.3696	-0.57431	-0.96647	-1.3705	-1.62	-1.8292	-2.1594	-2.8478	-3.5192	-4.4722	-2.8733	-2.6311	-0.80315	0.48116	0.88338	0.83727	0.60386	0.32252	0.088992	0.011025	-0.0043339	-0.027902	-0.036363	-0.044901	-0.065542	-0.058138	11.911
937.57	-0.065989	-0.082087	-0.11914	-0.26049	-0.40372	-0.58617	-0.95216	-1.3552	-1.6313	-1.868	-2.1471	-2.7433	-3.5216	-4.4752	-2.9604	-2.4887	-0.81176	0.49164	0.85222	0.82192	0.58234	0.31809	0.090658	0.0080169	-0.018617	-0.034793	-0.054142	-0.054607	-0.070321	-0.066807	11.962
938.64	-0.064266	-0.090267	-0.10951	-0.23944	-0.40487	-0.58775	-0.95274	-1.378	-1.6244	-1.8789	-2.1481	-3.0134	-3.5354	-4.6025	-3.025	-2.6119	-0.84144	0.46575	0.85794	0.80827	0.58842	0.31463	0.074516	0.0019871	-0.0078992	-0.026172	-0.056614	-0.052936	-0.060784	-0.049489	11.947
940.55	-0.092078	-0.085129	-0.13456	-0.21345	-0.42173	-0.5854	-0.91265	-1.3671	-1.6296	-1.8767	-2.154	-2.7801	-3.8292	-4.4611	-3.0358	-2.8222	-0.80758	0.45469	0.86952	0.81615	0.5805	0.32791	0.079166	0.0019831	-0.020337	-0.046673	-0.026164	-0.056041	-0.051221	-0.071759	11.911
941.83	-0.075538	-0.06358	-0.12807	-0.24181	-0.42116	-0.59533	-0.93792	-1.3556	-1.6086	-1.8596	-2.1477	-2.8973	-3.5764	-4.3726	-3.0825	-2.6569	-0.81772	0.48184	0.8517	0.82296	0.57803	0.32128	0.085452	0.012482	-0.020309	-0.036347	-0.0438	-0.049544	-0.059006	-0.052758	11.952
942.26	-0.065661	-0.08992	-0.15797	-0.23852	-0.40011	-0.57803	-0.9408	-1.376	-1.6266	-1.8815	-2.1793	-2.6995	-3.5218	-4.5519	-2.861	-2.6557	-0.82217	0.44125	0.85797	0.81467	0.58952	0.3196	0.080622	0.0049797	-0.030957	-0.036331	-0.048824	-0.046312	-0.071543	-0.038992	11.891
943.32	-0.078698	-0.094758	-0.14834	-0.24143	-0.40767	-0.58153	-0.93643	-1.3728	-1.618	-1.855	-2.1786	-2.6662	-3.6591	-4.448	-2.9423	-2.5989	-0.83406	0.43067	0.85035	0.81692	0.58885	0.31461	0.083722	-0.0040135	-0.0096332	-0.049953	-0.021045	-0.067097	-0.065187	-0.052675	11.957
943.74	-0.081939	-0.079904	-0.11049	-0.22226	-0.35942	-0.5297	-0.9013	-1.3625	-1.602	-1.8672	-2.181	-2.816	-3.6751	-4.7257	-3.0087	-2.8663	-0.85131	0.43551	0.83503	0.82287	0.55507	0.32217	0.091661	0.00047862	-0.022042	-0.058466	-0.056308	-0.03182	-0.041641	-0.04236	11.911
946.51	-0.068633	-0.10264	-0.12115	-0.25012	-0.40949	-0.59437	-0.94646	-1.3215	-1.6159	-1.8682	-2.1251	-2.898	-3.2772	-4.5806	-2.9493	-2.6794	-0.8648	0.44931	0.84749	0.79839	0.58854	0.30125	0.092982	0.013913	-0.029049	-0.025955	-0.071214	-0.046104	-0.072783	-0.086697	11.947
949.28	-0.073318	-0.097435	-0.13333	-0.22728	-0.37962	-0.5542	-0.91905	-1.3626	-1.5977	-1.8514	-2.1649	-2.7245	-3.7063	-4.4201	-3.0416	-2.7072	-0.85591	0.41795	0.84832	0.81022	0.58516	0.33715	0.072096	0.018338	-0.011335	-0.036062	-0.0134	-0.061899	-0.036722	-0.071099	11.952
950.34	-0.092757	-0.067911	-0.13943	-0.21599	-0.39829	-0.55023	-0.87371	-1.3354	-1.5993	-1.8268	-2.1318	-2.6765	-3.4568	-4.6112	-2.9206	-2.8465	-0.83585	0.43499	0.83913	0.81245	0.58284	0.33524	0.098945	0.010884	-0.023649	-0.041108	-0.015886	-0.036373	-0.063149	-0.057396	11.901
950.77	-0.068326	-0.087481	-0.14093	-0.26634	-0.40289	-0.56361	-0.91105	-1.346	-1.5918	-1.8437	-2.1462	-2.5405	-3.5428	-4.3641	-3.0368	-2.5608	-0.82594	0.45981	0.85029	0.80895	0.57592	0.33051	0.0799	0.01831	-0.013078	-0.039396	-0.033384	-0.042717	-0.047558	-0.06588	11.916
949.28	-0.089604	-0.084347	-0.13802	-0.19096	-0.39237	-0.56544	-0.90919	-1.361	-1.5876	-1.866	-2.153	-2.8146	-3.5484	-4.371	-2.9743	-2.7072	-0.83042	0.43047	0.86153	0.80865	0.58016	0.33409	0.076852	0.027268	-0.041306	-0.034364	-0.033436	-0.044378	-0.025811	-0.050639	11.921
950.34	-0.092757	-0.076082	-0.13005	-0.21756	-0.37443	-0.55606	-0.92295	-1.3482	-1.5993	-1.8365	-2.171	-2.7215	-3.5444	-4.5949	-2.9206	-2.9709	-0.83426	0.41998	0.85067	0.82659	0.5662	0.32606	0.081519	0.015343	0.0010032	-0.054668	-0.025895	-0.039553	-0.058478	-0.040364	11.88
953.53	-0.069749	-0.10351	-0.10935	-0.23256	-0.41123	-0.5611	-0.8806	-1.3357	-1.6074	-1.856	-2.1417	-2.8319	-3.4976	-4.4818	-3.1619	-2.4825	-0.85367	0.45598	0.84454	0.80973	0.59084	0.30971	0.09072	0.0034384	-0.028836	-0.035901	-0.043262	-0.042593	-0.041214	-0.075875	11.952
954.81	-0.098799	-0.078979	-0.13722	-0.20713	-0.41385	-0.56961	-0.88595	-1.3419	-1.5616	-1.86	-2.1287	-2.7088	-3.5278	-4.3294	-3.0908	-2.8508	-0.82719	0.44043	0.87787	0.80865	0.57017	0.33672	0.085868	0.018232	-0.032302	-0.047664	-0.030754	-0.037785	-0.03341	-0.048651	11.926
955.44	-0.098733	-0.09518	-0.11224	-0.19601	-0.37717	-0.54347	-0.88373	-1.3299	-1.6058	-1.8523	-2.1442	-2.7815	-3.508	-4.5378	-3.0052	-2.7251	-0.85671	0.42272	0.8576	0.81124	0.57807	0.31823	0.085811	0.0034315	-0.018269	-0.056063	-0.040686	-0.042508	-0.048873	-0.065558	11.937
954.81	-0.087465	-0.09687	-0.12166	-0.19614	-0.35684	-0.52658	-0.88432	-1.3387	-1.5733	-1.8391	-2.149	-2.6491	-3.5278	-4.427	-3.0407	-2.6207	-0.85253	0.44043	0.84505	0.8149	0.56852	0.33672	0.071678	0.0093526	-0.023538	-0.039229	-0.040713	-0.053622	-0.042708	-0.067297	11.967
953.32	-0.1022	-0.092134	-0.14211	-0.20745	-0.39705	-0.57027	-0.91516	-1.3552	-1.5926	-1.8404	-2.1235	-2.8774	-3.6556	-4.5153	-3.1626	-2.7489	-0.85704	0.4087	0.86609	0.80835	0.5777	0.32504	0.079686	0.025671	-0.034109	-0.047738	-0.040777	-0.05212	-0.035015	-0.072496	11.906
954.17	-0.10049	-0.082288	-0.12018	-0.20412	-0.38402	-0.5538	-0.90126	-1.3508	-1.5945	-1.8227	-2.181	-2.5911	-3.6698	-4.3648	-3.0761	-2.959	-0.85469	0.44073	0.87189	0.82327	0.56392	0.32018	0.08277	0.01084	-0.0042614	-0.069645	-0.033265	-0.042565	-0.052041	-0.050379	11.86
956.3	-0.087329	-0.083728	-0.1137	-0.21307	-0.38633	-0.54696	-0.88131	-1.3255	-1.5608	-1.8314	-2.1304	-2.9131	-3.4353	-4.4363	-3.0025	-2.599	-0.87018	0.47455	0.85356	0.8152	0.57921	0.30426	0.081011	0.0019504	-0.030503	-0.037483	-0.097833	-0.050376	-0.076681	-0.084118	11.962
957.15	-0.067871	-0.085277	-0.13999	-0.20819	-0.38756	-0.55742	-0.90172	-1.3418	-1.5829	-1.8474	-2.1285	-2.7319	-3.5714	-4.2215	-3.0999	-2.685	-0.83465	0.43438	0.86099	0.7942	0.58034	0.32526	0.085658	0.027044	-0.033973	-0.025666	-0.035644	-0.042432	-0.0627	-0.056988	11.896
956.51	-0.08731	-0.080462	-0.12455	-0.22086	-0.39098	-0.55612	-0.89743	-1.3379	-1.5806	-1.823	-2.1266	-2.6593	-3.3822	-4.3866	-3.0186	-2.6514	-0.83046	0.45207	0.83863	0.79317	0.55593	0.30571	0.084141	-0.0010041	-0.023496	-0.057685	-0.050583	-0.039298	-0.050366	-0.057026	11.932
954.38	-0.085885	-0.088778	-0.11237	-0.20722	-0.38868	-0.55315	-0.88472	-1.3154	-1.5673	-1.848	-2.1093	-2.8144	-3.4247	-4.429	-2.9082	-2.7636	-0.81806	0.44561	0.85199	0.81058	0.56711	0.30639	0.065399	0.0049164	-0.044591	-0.05275	-0.068134	-0.056814	-0.056679	-0.079199	11.932
953.53	-0.090825	-0.10189	-0.14831	-0.21055	-0.41599	-0.5854	-0.91495	-1.3485	-1.5569	-1.8464	-2.1468	-2.7124	-3.7247	-4.1886	-3.2623	-2.5711	-0.82513	0.41609	0.86919	0.78156	0.57757	0.30056	0.057563	0.02122	-0.025326	-0.04097	-0.040768	-0.075894	-0.035007	-0.062295	11.901
952.25	-0.099064	-0.064513	-0.11886	-0.20296	-0.35938	-0.52596	-0.88833	-1.3631	-1.5843	-1.8279	-2.1718	-2.731	-3.6772	-4.5041	-2.9147	-2.9472	-0.81194	0.44411	0.84567	0.81395	0.54513	0.31624	0.076612	0.003443	-0.014816	-0.074859	-0.048311	-0.066468	-0.047484	-0.05558	11.88
951.83	-0.087739	-0.11512	-0.11892	-0.21565	-0.38337	-0.56534	-0.91167	-1.2932	-1.5614	-1.832	-2.1302	-2.7771	-3.3289	-4.3919	-2.9663	-2.6645	-0.80436	0.49926	0.86251	0.80491	0.57196	0.30721	0.10353	0.019773	-0.028887	-0.039352	-0.068317	-0.025196	-0.06305	-0.077712	11.957
949.49	-0.091211	-0.087599	-0.10826	-0.21618	-0.35884	-0.5423	-0.91556	-1.3334	-1.5213	-1.8381	-2.1321	-2.6639	-3.6177	-4.1574	-3.0409	-2.5998	-0.80316	0.47294	0.87124	0.81633	0.57836	0.32329	0.091106	0.028751	-0.030722	-0.046233	-0.035931	-0.060292	-0.04918	-0.072789	11.906
947.15	-0.1045	-0.097654	-0.1195	-0.19931	-0.36292	-0.54765	-0.91453	-1.3351	-1.5691	-1.8426	-2.1254	-2.851	-3.3629	-4.5611	-2.9136	-2.856	-0.81792	0.47662	0.86512	0.83252	0.57478	0.32102	0.088152	0.024345	-0.0095942	-0.049751	-0.061123	-0.036495	-0.072734	-0.05588	11.906
944.17	-0.085176	-0.091382	-0.1309	-0.19041	-0.41371	-0.59605	-0.93063	-1.3457	-1.6097	-1.855	-2.1338	-2.7845	-3.5676	-4.4933	-3.0073	-2.525	-0.83171	0.46805	0.86452	0.8067	0.58665	0.30508	0.07089	0.0019755	-0.025577	-0.039671	-0.056282	-0.047819	-0.071398	-0.078342	11.957
942.47	-0.078769	-0.098139	-0.13113	-0.19553	-0.39039	-0.5587	-0.90418	-1.3724	-1.5837	-1.8664	-2.1634	-2.6989	-3.6624	-4.1884	-3.1143	-2.6909	-0.81556	0.45376	0.8877	0.80974	0.56589	0.32724	0.071018	0.033463	-0.027399	-0.056835	-0.033678	-0.081598	-0.030708	-0.069896	11.906
942.26	-0.10668	-0.086624	-0.12328	-0.19716	-0.36962	-0.5383	-0.89445	-1.363	-1.6028	-1.8376	-2.1708	-2.7751	-3.6102	-4.486	-2.7932	-2.8529	-0.82217	0.46144	0.86296	0.82576	0.56938	0.32114	0.071034	0.0049797	-0.01675	-0.060267	-0.053872	-0.044708	-0.047988	-0.05617	11.906
941.62	-0.10675	-0.11967	-0.096533	-0.20207	-0.38432	-0.54651	-0.88014	-1.3267	-1.5954	-1.8323	-2.1258	-2.8072	-3.4888	-4.3406	-2.9137	-2.6575	-0.8163	0.49205	0.87686	0.83266	0.61175	0.31672	0.10306	0.015485	-0.00076384	-0.034644	-0.071584	-0.039919	-0.049591	-0.06996	11.967
940.34	-0.12005	-0.083498	-0.11563	-0.19118	-0.39127	-0.56215	-0.90124	-1.348	-1.5924	-1.8348	-2.1614	-2.6444	-3.4935	-4.2309	-2.9177	-2.6611	-0.77721	0.48766	0.87305	0.82744	0.57558	0.33881	0.088791	0.038045	-0.0025436	-0.0227	-0.02617	-0.051231	-0.035499	-0.044236	11.916
937.57	-0.077531	-0.08043	-0.098535	-0.19335	-0.36985	-0.55195	-0.91555	-1.3536	-1.6142	-1.8468	-2.1522	-2.8497	-3.4506	-4.4752	-2.9604	-2.759	-0.82305	0.49417	0.87562	0.82033	0.58571	0.30568	0.09708	0.0065107	-0.032896	-0.057131	-0.092178	-0.030416	-0.079791	-0.075439	11.891
938	-0.090681	-0.10192	-0.1381	-0.20445	-0.38419	-0.56827	-0.92844	-1.353	-1.6084	-1.8623	-2.153	-2.8029	-3.5733	-4.3573	-3.0271	-2.6677	-0.84363	0.4762	0.85852	0.82155	0.57196	0.30399	0.087407	0.0080132	-0.0096878	-0.053671	-0.07186	-0.056194	-0.060825	-0.068503	11.926
938.42	-0.10382	-0.093597	-0.16654	-0.18998	-0.39207	-0.56858	-0.91804	-1.3719	-1.5615	-1.8696	-2.1279	-2.8623	-3.6604	-4.256	-2.9747	-2.6485	-0.8223	0.44052	0.87483	0.82118	0.57676	0.31625	0.060095	0.023066	-0.031084	-0.029613	-0.051558	-0.069059	-0.045031	-0.051224	11.937
940.55	-0.11673	-0.12641	-0.13298	-0.21664	-0.36386	-0.54566	-0.92426	-1.3687	-1.5818	-1.8425	-2.1489	-2.7195	-3.599	-4.4611	-2.917	-2.8042	-0.82205	0.42435	0.85452	0.80028	0.56368	0.30007	0.080767	-0.0085324	-0.020337	-0.053525	-0.04133	-0.049611	-0.073244	-0.066596	11.906
939.91	-0.1201	-0.11823	-0.13623	-0.212	-0.37536	-0.53756	-0.88174	-1.334	-1.5846	-1.8422	-2.1245	-2.782	-3.5128	-4.3154	-2.97	-2.5904	-0.82904	0.46259	0.86177	0.81194	0.5708	0.30956	0.085626	0.014011	-0.027474	-0.046704	-0.079301	-0.080211	-0.065423	-0.094193	11.957
939.06	-0.10869	-0.085264	-0.15535	-0.18825	-0.34672	-0.51345	-0.87423	-1.3466	-1.5895	-1.8112	-2.1471	-2.6783	-3.4983	-4.2862	-2.8197	-2.8267	-0.79759	0.44528	0.87757	0.82539	0.56458	0.31913	0.077688	0.012518	-0.013241	-0.051894	-0.02114	-0.052912	-0.07021	-0.046018	11.896
938.64	-0.1005	-0.11012	-0.16333	-0.24742	-0.38715	-0.5607	-0.9195	-1.3358	-1.5987	-1.8332	-2.1412	-2.7858	-3.6596	-4.4867	-2.889	-2.6479	-0.8205	0.46068	0.84792	0.82258	0.57157	0.29758	0.072913	-0.0055395	-0.027511	-0.062216	-0.043949	-0.06421	-0.071818	-0.075354	11.952
938.42	-0.11041	-0.12173	-0.15545	-0.23311	-0.37113	-0.53501	-0.89145	-1.3393	-1.5786	-1.832	-2.1675	-2.8168	-3.6072	-4.4381	-2.9067	-2.7385	-0.81908	0.46838	0.85479	0.82277	0.56159	0.3085	0.069721	-0.0040345	-0.040001	-0.050213	-0.07436	-0.064225	-0.095484	-0.070198	11.942
940.34	-0.1184	-0.12809	-0.14407	-0.188	-0.34464	-0.5328	-0.91286	-1.3463	-1.5737	-1.8381	-2.127	-2.8565	-3.5821	-4.2143	-2.9856	-2.5892	-0.82223	0.42698	0.87138	0.79887	0.57558	0.30478	0.061574	0.0079933	-0.03458	-0.043257	-0.04134	-0.05284	-0.054381	-0.05112	11.937
940.55	-0.12495	-0.12476	-0.15984	-0.22302	-0.36225	-0.52977	-0.90104	-1.3752	-1.5921	-1.8279	-2.1592	-2.6741	-3.7407	-4.4611	-2.9849	-2.7323	-0.80919	0.45974	0.84453	0.82884	0.5805	0.32172	0.074364	0.0079915	0.0063521	-0.053525	-0.023635	-0.081764	-0.08583	-0.061434	11.967
939.7	-0.093807	-0.11	-0.16947	-0.19929	-0.38671	-0.5716	-0.9251	-1.3375	-1.5935	-1.8589	-2.1508	-2.722	-3.4959	-4.3659	-2.9197	-2.5909	-0.81796	0.45257	0.8603	0.81053	0.57092	0.31273	0.063218	0.01702	-0.032822	-0.041573	-0.064139	-0.062529	-0.068587	-0.08388	11.962
938	-0.10222	-0.10688	-0.14919	-0.20924	-0.36001	-0.52747	-0.88686	-1.3432	-1.5622	-1.8312	-2.1668	-2.5447	-3.5733	-4.3573	-2.8229	-2.5956	-0.80172	0.4686	0.8652	0.83587	0.57365	0.32415	0.080987	-0.0010239	-0.016826	-0.075997	-0.038907	-0.056194	-0.079755	-0.068503	11.911
938.85	-0.12188	-0.098517	-0.13797	-0.22023	-0.33875	-0.50729	-0.8844	-1.3452	-1.5693	-1.8426	-2.1838	-2.8913	-3.6055	-4.5849	-2.8373	-2.9173	-0.83159	0.46058	0.84606	0.82558	0.55291	0.30836	0.050446	0.0034922	-0.025722	-0.055337	-0.054068	-0.052924	-0.05289	-0.075337	11.926
941.19	-0.0953	-0.12962	-0.17236	-0.23083	-0.37325	-0.55202	-0.92198	-1.35	-1.637	-1.8559	-2.1474	-2.9144	-3.6496	-4.458	-2.8981	-2.7305	-0.84398	0.45438	0.87725	0.80449	0.57674	0.28905	0.066316	-0.0010205	-0.030992	-0.043218	-0.084247	-0.06243	-0.085772	-0.059672	11.942
944.38	-0.068788	-0.11438	-0.16549	-0.21894	-0.35758	-0.54329	-0.92381	-1.347	-1.5788	-1.8367	-2.1024	-2.6481	-3.7078	-4.2127	-3.0911	-2.4528	-0.82191	0.42515	0.86267	0.8081	0.57479	0.31579	0.064498	0.012448	-0.023798	-0.037956	-0.02354	-0.067022	-0.068247	-0.10575	11.952
946.3	-0.10622	-0.11579	-0.13374	-0.20741	-0.33768	-0.50107	-0.8626	-1.3169	-1.5858	-1.833	-2.1204	-2.8385	-3.4363	-4.4668	-2.815	-2.6443	-0.80427	0.467	0.8543	0.81908	0.57363	0.3044	0.078686	0.00047733	-0.014909	-0.044688	-0.058667	-0.050908	-0.071237	-0.062771	11.998
947.79	-0.10442	-0.12708	-0.15078	-0.21499	-0.33396	-0.50999	-0.88593	-1.3132	-1.5799	-1.8285	-2.1308	-2.7288	-3.4837	-4.2632	-2.9621	-2.5332	-0.79822	0.46878	0.86122	0.80204	0.5744	0.29931	0.073796	-0.0039946	-0.034308	-0.037819	-0.061082	-0.057209	-0.061759	-0.081458	11.921
949.91	-0.11233	-0.10227	-0.16452	-0.20188	-0.33162	-0.49809	-0.87574	-1.3601	-1.5527	-1.8292	-2.1141	-2.7377	-3.7213	-4.2209	-2.8043	-2.5987	-0.81235	0.43519	0.86425	0.82381	0.56312	0.31089	0.038766	0.0049395	-0.02366	-0.056389	-0.038419	-0.095284	-0.056946	-0.077868	11.932
952.47	-0.12826	-0.11341	-0.17968	-0.22967	-0.34025	-0.52429	-0.91106	-1.3244	-1.5721	-1.7761	-2.105	-2.7154	-3.4141	-4.3726	-2.7632	-2.6449	-0.7816	0.46897	0.85535	0.81847	0.58154	0.31006	0.071854	-0.0099083	-0.027112	-0.049473	-0.063279	-0.053754	-0.087863	-0.064064	11.926
956.3	-0.079246	-0.095095	-0.14478	-0.22718	-0.34838	-0.52518	-0.90089	-1.3271	-1.5659	-1.8202	-2.1118	-2.63	-3.4353	-4.3389	-3.0025	-2.4753	-0.77531	0.46461	0.85192	0.80115	0.57094	0.29969	0.081011	0.0019504	-0.027003	-0.040852	-0.045622	-0.02982	-0.070492	-0.082425	11.962
957.78	-0.10495	-0.099812	-0.15852	-0.20022	-0.34942	-0.52488	-0.89297	-1.3378	-1.555	-1.803	-2.0764	-2.6706	-3.3777	-4.2835	-2.7979	-2.5067	-0.73464	0.47381	0.86369	0.8077	0.5684	0.32353	0.087174	0.027026	-0.037444	-0.047516	-0.048032	-0.053455	-0.050299	-0.070468	11.916
959.49	-0.10315	-0.11258	-0.1412	-0.22643	-0.36298	-0.52	-0.85887	-1.2861	-1.5673	-1.7934	-2.0795	-2.651	-3.2502	-4.2274	-2.5933	-2.4142	-0.74437	0.46802	0.84746	0.8016	0.57563	0.2987	0.082312	0.0048903	-0.02168	-0.037358	-0.04547	-0.039176	-0.064089	-0.060222	11.967
960.12	-0.10469	-0.11413	-0.16432	-0.18881	-0.33597	-0.51731	-0.8908	-1.3234	-1.5513	-1.813	-2.0882	-2.6196	-3.595	-4.176	-2.9075	-2.4478	-0.74387	0.46523	0.85996	0.79485	0.55878	0.30001	0.066577	0.018131	-0.032123	-0.028944	-0.05287	-0.072223	-0.064046	-0.085468	11.972
960.97	-0.12873	-0.10433	-0.18582	-0.19488	-0.34983	-0.51396	-0.87053	-1.3381	-1.5783	-1.7906	-2.0982	-2.6024	-3.5052	-4.2693	-2.7388	-2.6743	-0.72276	0.44255	0.84941	0.80036	0.56487	0.31943	0.069651	0.0063522	-0.028612	-0.049035	-0.033029	-0.069013	-0.079387	-0.075287	11.891
960.55	-0.11913	-0.12863	-0.15651	-0.19965	-0.33896	-0.52424	-0.90177	-1.3196	-1.5873	-1.7946	-2.1244	-2.6926	-3.5414	-4.255	-2.8563	-2.6403	-0.75456	0.49225	0.84489	0.79294	0.55689	0.30442	0.072816	-0.0039416	-0.019913	-0.064151	-0.052847	-0.073765	-0.064018	-0.066895	11.911
959.06	-0.13382	-0.13854	-0.14901	-0.22965	-0.33003	-0.48909	-0.86088	-1.3248	-1.5697	-1.8038	-2.1158	-2.8156	-3.4427	-4.2778	-2.8607	-2.4329	-0.7778	0.49797	0.8413	0.80662	0.57589	0.31248	0.079209	0.018151	-0.0182	-0.025615	-0.050448	-0.058113	-0.061033	-0.099064	11.901
956.3	-0.1035	-0.11133	-0.14478	-0.188	-0.36261	-0.52365	-0.86174	-1.3159	-1.5474	-1.8314	-2.1169	-2.6599	-3.4701	-4.1927	-2.9024	-2.6167	-0.76108	0.47455	0.87814	0.80583	0.57259	0.32251	0.07314	0.022635	-0.042753	-0.049275	-0.050594	-0.058281	-0.072039	-0.10274	11.896
953.74	-0.072975	-0.10675	-0.13114	-0.21365	-0.3065	-0.47775	-0.86895	-1.3258	-1.5734	-1.8042	-2.1242	-2.8313	-3.4095	-4.3179	-2.86	-2.5174	-0.76311	0.50324	0.84928	0.82207	0.59071	0.30965	0.097013	0.010845	-0.0095279	-0.056163	-0.055717	-0.040998	-0.064474	-0.079252	11.937
950.55	-0.097616	-0.10874	-0.15034	-0.18755	-0.3648	-0.53852	-0.89156	-1.3367	-1.5719	-1.8489	-2.1041	-2.7658	-3.5261	-4.2671	-2.8696	-2.5791	-0.7784	0.45741	0.89664	0.8264	0.58437	0.32752	0.076749	0.019799	-0.023644	-0.037709	-0.060904	-0.072951	-0.061579	-0.076112	11.937
949.28	-0.099375	-0.095798	-0.15994	-0.21939	-0.32388	-0.5086	-0.90098	-1.3192	-1.5707	-1.8079	-2.1189	-2.6495	-3.6887	-4.4201	-2.823	-2.7072	-0.77626	0.47555	0.85822	0.81965	0.56183	0.31263	0.072096	-0.0069664	-0.016626	-0.073398	-0.058483	-0.05712	-0.06322	-0.042113	11.875
947.79	-0.093007	-0.099225	-0.13824	-0.19443	-0.33236	-0.50929	-0.88593	-1.3342	-1.5799	-1.8188	-2.1222	-2.7739	-3.554	-4.4434	-2.8274	-2.6045	-0.79663	0.47129	0.84635	0.82094	0.56105	0.31006	0.081738	0.0064405	-0.014885	-0.046316	-0.015929	-0.054019	-0.06488	-0.055842	11.962
945.45	-0.098143	-0.10276	-0.12601	-0.1965	-0.35078	-0.53752	-0.90958	-1.3246	-1.5872	-1.8233	-2.1412	-2.7506	-3.4394	-4.4544	-2.9019	-2.7003	-0.797	0.50514	0.87496	0.82139	0.57916	0.34621	0.10583	0.022895	-0.014922	-0.04132	-0.05872	-0.030162	-0.061912	-0.067964	11.916
942.89	-0.11481	-0.12115	-0.15629	-0.19544	-0.36776	-0.53617	-0.88888	-1.3492	-1.5541	-1.8298	-2.1229	-2.5315	-3.6254	-4.0712	-3.0283	-2.6359	-0.78633	0.46616	0.89229	0.82678	0.5757	0.31475	0.0646	0.0094707	-0.027387	-0.056809	-0.033662	-0.067128	-0.05894	-0.054414	11.911
940.77	-0.10356	-0.10492	-0.13295	-0.19747	-0.35252	-0.51753	-0.87265	-1.3328	-1.561	-1.8307	-2.1019	-2.8552	-3.4743	-4.5096	-2.9503	-2.5521	-0.81704	0.49502	0.87265	0.82548	0.58709	0.31392	0.079148	-0.0070294	-0.036344	-0.043238	-0.081757	-0.057636	-0.082665	-0.085507	11.952
941.4	-0.069006	-0.1032	-0.15022	-0.21167	-0.35389	-0.53057	-0.90354	-1.3481	-1.5957	-1.8571	-2.1229	-2.7473	-3.7019	-4.3745	-3.0839	-2.5324	-0.82933	0.44417	0.87872	0.81382	0.59509	0.31834	0.075897	0.0094857	-0.029207	-0.036364	-0.038766	-0.055991	-0.08418	-0.090607	11.937
941.83	-0.10837	-0.099853	-0.16751	-0.23067	-0.37139	-0.54085	-0.9081	-1.3653	-1.5933	-1.8417	-2.1271	-2.5797	-3.5764	-4.4385	-2.9978	-2.6569	-0.80488	0.47427	0.86667	0.8293	0.56628	0.33209	0.075862	0.0034812	-0.029194	-0.065426	-0.053897	-0.055965	-0.06529	-0.092284	11.906
941.62	-0.11003	-0.13286	-0.13441	-0.19729	-0.36665	-0.55727	-0.92487	-1.3299	-1.5852	-1.8486	-2.143	-2.8072	-3.4181	-4.489	-2.829	-2.8369	-0.83236	0.44155	0.8702	0.82632	0.56976	0.31363	0.080676	0.010985	-0.020314	-0.053465	-0.053909	-0.047949	-0.065305	-0.06824	11.921
941.4	-0.10513	-0.13289	-0.15969	-0.21804	-0.34425	-0.52358	-0.90354	-1.3367	-1.5889	-1.8181	-2.1229	-2.7625	-3.4188	-4.3415	-2.8805	-2.5504	-0.81488	0.48963	0.87705	0.82968	0.58165	0.31525	0.096685	0.0079843	-0.00076401	-0.038076	-0.053921	-0.039928	-0.065319	-0.056221	11.962
939.91	-0.11517	-0.10336	-0.15837	-0.19446	-0.35606	-0.52421	-0.88672	-1.3616	-1.5727	-1.8422	-2.1555	-2.6001	-3.6546	-4.3815	-3.0379	-2.8061	-0.79526	0.43982	0.87011	0.82464	0.56743	0.33587	0.064805	0.0079969	-0.039937	-0.060417	-0.026182	-0.06895	-0.06385	-0.071807	11.906
938.64	-0.11533	-0.12666	-0.14592	-0.21549	-0.39198	-0.57232	-0.92449	-1.339	-1.6363	-1.843	-2.1446	-2.8009	-3.5531	-4.6521	-2.94	-2.6839	-0.80761	0.47588	0.84959	0.81463	0.58	0.30843	0.087347	-0.017581	-0.032859	-0.053634	-0.084477	-0.0626	-0.093887	-0.078804	11.921
938.85	-0.10871	-0.12994	-0.15063	-0.21384	-0.35807	-0.5462	-0.91929	-1.3192	-1.595	-1.8524	-2.1372	-2.8913	-3.5878	-4.3699	-3.1603	-2.5573	-0.83642	0.46564	0.87276	0.81445	0.59165	0.31301	0.068085	0.012521	-0.038199	-0.057054	-0.059132	-0.056143	-0.071802	-0.087404	11.906
938.42	-0.14665	-0.13497	-0.16812	-0.20915	-0.39207	-0.55979	-0.90142	-1.3475	-1.6179	-1.8647	-2.1572	-2.756	-3.5539	-4.4712	-2.7876	-2.7205	-0.79652	0.47345	0.8765	0.83708	0.5717	0.33175	0.071324	0.0080096	-0.0186	-0.04163	-0.051558	-0.059391	-0.081294	-0.066747	11.952
936.51	-0.12054	-0.10042	-0.15894	-0.21918	-0.39287	-0.55342	-0.89161	-1.347	-1.575	-1.826	-2.153	-2.7921	-3.6857	-4.414	-2.8956	-2.7441	-0.78846	0.4795	0.88833	0.83242	0.58807	0.33398	0.087546	0.0035009	-0.020424	-0.070959	-0.046586	-0.062743	-0.079881	-0.075525	11.875
934.81	-0.11249	-0.14546	-0.164	-0.19873	-0.36609	-0.54045	-0.89991	-1.3478	-1.5898	-1.8637	-2.1707	-2.7972	-3.4964	-4.3722	-2.9008	-2.6407	-0.83033	0.48546	0.88492	0.83553	0.5773	0.30347	0.0716	0.018622	-0.016883	-0.04696	-0.049213	-0.067708	-0.068946	-0.068737	11.947
934.17	-0.13408	-0.12395	-0.18479	-0.21652	-0.37605	-0.5537	-0.92223	-1.3716	-1.572	-1.8584	-2.1809	-2.7839	-3.6236	-4.3253	-2.8003	-2.7691	-0.79853	0.46289	0.88217	0.83131	0.58616	0.31925	0.052311	0.0095592	-0.024058	-0.053891	-0.064519	-0.079085	-0.062659	-0.065319	11.88
935.66	-0.11569	-0.15528	-0.14956	-0.22899	-0.35929	-0.5277	-0.89742	-1.3531	-1.6124	-1.8571	-2.1636	-2.8556	-3.6178	-4.6338	-3.1541	-2.8008	-0.83281	0.4774	0.84894	0.82999	0.56663	0.29697	0.082798	-0.010086	-0.0097121	-0.055526	-0.061874	-0.049871	-0.10209	-0.073865	11.972
936.3	-0.13212	-0.16015	-0.16533	-0.23043	-0.39135	-0.5642	-0.92013	-1.3571	-1.5822	-1.882	-2.1206	-2.884	-3.5976	-4.415	-3.0496	-2.5282	-0.80479	0.46691	0.87682	0.80711	0.58651	0.31542	0.065055	0.0095375	-0.052604	-0.036562	-0.059294	-0.072446	-0.08622	-0.12222	11.962
937.15	-0.1485	-0.13681	-0.17945	-0.22063	-0.36518	-0.53604	-0.89266	-1.32	-1.5807	-1.846	-2.167	-2.699	-3.5232	-4.3778	-2.9958	-2.7783	-0.81535	0.47156	0.87435	0.81115	0.57417	0.29961	0.076241	0.012544	-0.027555	-0.048562	-0.051628	-0.05302	-0.06246	-0.066838	11.921
937.79	-0.12367	-0.12347	-0.15714	-0.20449	-0.33913	-0.511	-0.89039	-1.363	-1.6053	-1.8431	-2.1518	-2.8643	-3.6451	-4.3417	-2.8746	-2.5782	-0.8148	0.46364	0.86707	0.82651	0.57884	0.31181	0.068163	-0.0055445	-0.036459	-0.0554	-0.06427	-0.067493	-0.062418	-0.059889	11.962
939.7	-0.12507	-0.13809	-0.15366	-0.22162	-0.35614	-0.52416	-0.8919	-1.3489	-1.5611	-1.8263	-2.1198	-2.9039	-3.5491	-4.3659	-2.8178	-2.519	-0.81957	0.46775	0.87531	0.82483	0.58607	0.30189	0.069626	0.0079987	-0.031042	-0.041573	-0.074259	-0.072183	-0.071737	-0.099383	11.942
942.89	-0.17383	-0.15574	-0.18466	-0.21928	-0.34371	-0.50729	-0.88061	-1.3589	-1.5711	-1.8266	-2.1435	-2.6674	-3.9257	-4.2523	-2.9437	-2.7793	-0.79916	0.45608	0.87733	0.82204	0.57234	0.32092	0.056617	-0.0025163	-0.014963	-0.058518	-0.051313	-0.075146	-0.074632	-0.064715	11.906
946.08	-0.14383	-0.10761	-0.1322	-0.21221	-0.35214	-0.52365	-0.88423	-1.314	-1.5794	-1.8075	-2.1295	-2.8843	-3.3843	-4.5827	-2.8662	-2.8235	-0.80285	0.48972	0.84455	0.83188	0.55704	0.30908	0.077111	-0.01595	-0.020218	-0.066835	-0.06622	-0.062107	-0.077508	-0.067918	11.906
949.49	-0.11401	-0.14321	-0.16773	-0.21145	-0.33973	-0.52125	-0.89749	-1.3141	-1.5686	-1.8413	-2.0911	-2.7839	-3.4599	-4.3209	-2.94	-2.6176	-0.79998	0.46042	0.86959	0.80218	0.5767	0.29265	0.07525	0.0079163	-0.030722	-0.04284	-0.083511	-0.060292	-0.060089	-0.065969	11.957
952.04	-0.11533	-0.12978	-0.18288	-0.20143	-0.36741	-0.55094	-0.90819	-1.3106	-1.5392	-1.8284	-2.1161	-2.5371	-3.678	-4.1136	-2.9824	-2.2556	-0.75177	0.46418	0.87548	0.81257	0.60339	0.33923	0.071886	0.025706	-0.028881	-0.03765	-0.015858	-0.061719	-0.041278	-0.094694	11.901
952.25	-0.12342	-0.1379	-0.16724	-0.21398	-0.35462	-0.50654	-0.84901	-1.3119	-1.5641	-1.8102	-2.1004	-2.7609	-3.3799	-4.4225	-2.7806	-2.5923	-0.76431	0.49155	0.85554	0.80768	0.56506	0.30249	0.070288	0.0019587	-0.030632	-0.044408	-0.0583	-0.045826	-0.055253	-0.035183	11.972
952.68	-0.11849	-0.14762	-0.14221	-0.20916	-0.36081	-0.52756	-0.87156	-1.2905	-1.56	-1.803	-2.0824	-2.7447	-3.4658	-4.1924	-2.8632	-2.3605	-0.76397	0.46387	0.86667	0.79636	0.57145	0.28861	0.049713	0.0034415	-0.039402	-0.04777	-0.068256	-0.056916	-0.067652	-0.091233	11.967
955.23	-0.12627	-0.15373	-0.16672	-0.20233	-0.35826	-0.52284	-0.88066	-1.3509	-1.5726	-1.8255	-2.0938	-2.7374	-3.6657	-4.1486	-2.8221	-2.425	-0.73976	0.45766	0.85616	0.79892	0.5633	0.30612	0.059037	0.0063904	-0.028784	-0.035837	-0.033228	-0.06626	-0.067472	-0.084212	11.957
956.51	-0.15196	-0.10644	-0.14164	-0.20206	-0.36727	-0.52107	-0.85992	-1.3348	-1.5806	-1.8006	-2.0876	-2.7188	-3.3822	-4.4678	-2.6515	-2.6514	-0.704	0.4819	0.83699	0.82282	0.53609	0.30115	0.066828	-0.011344	-0.030496	-0.071158	-0.035668	-0.044042	-0.079757	-0.06041	11.87
957.15	-0.10986	-0.14206	-0.12912	-0.22855	-0.35281	-0.51149	-0.86586	-1.3131	-1.5645	-1.7994	-2.0609	-2.6872	-3.4148	-4.2539	-2.8998	-2.5261	-0.74618	0.48406	0.84298	0.78641	0.56217	0.29791	0.084085	-0.0039556	-0.039218	-0.049231	-0.058002	-0.050331	-0.071975	-0.099262	11.947
955.87	-0.077665	-0.10326	-0.18371	-0.19906	-0.37859	-0.53903	-0.87518	-1.3325	-1.5229	-1.8178	-2.0653	-2.7356	-3.5413	-4.0646	-2.887	-2.3526	-0.7456	0.45735	0.86214	0.79838	0.56292	0.30744	0.054274	0.010821	-0.027015	-0.045925	-0.048128	-0.056726	-0.038017	-0.084156	11.967
954.17	-0.085905	-0.11809	-0.15289	-0.20884	-0.33806	-0.52412	-0.9078	-1.3268	-1.5677	-1.805	-2.0741	-2.7404	-3.3905	-4.2184	-2.658	-2.3568	-0.74693	0.47062	0.86039	0.81076	0.5805	0.30341	0.068571	0.0093588	-0.0095236	-0.025746	-0.035755	-0.06475	-0.064446	-0.086001	11.932
953.53	-0.11352	-0.14749	-0.17637	-0.23727	-0.3589	-0.52035	-0.88714	-1.3533	-1.5586	-1.7885	-2.0857	-2.6825	-3.4452	-4.3189	-2.9108	-2.5179	-0.76011	0.48341	0.84289	0.79878	0.57591	0.29598	0.084404	0.00047371	-0.028836	-0.046037	-0.078168	-0.066379	-0.062938	-0.091151	11.952
952.47	-0.10554	-0.10689	-0.15628	-0.21236	-0.36407	-0.54333	-0.90451	-1.318	-1.5301	-1.8259	-2.0897	-2.8201	-3.6239	-4.2748	-2.9141	-2.5917	-0.78477	0.42903	0.85699	0.79654	0.54999	0.29937	0.037081	0.00047423	-0.053467	-0.052856	-0.068271	-0.069629	-0.061456	-0.077659	11.932
953.74	-0.12971	-0.14745	-0.14672	-0.25293	-0.36041	-0.53365	-0.9033	-1.3114	-1.5684	-1.793	-2.1361	-2.7267	-3.3921	-4.4645	-2.793	-2.8009	-0.78055	0.46336	0.84435	0.80486	0.55754	0.30354	0.0907	-0.0054517	-0.0025079	-0.057853	-0.033279	-0.037827	-0.062924	-0.062281	11.901
954.38	-0.13286	-0.16363	-0.14974	-0.23392	-0.35858	-0.529	-0.88962	-1.3058	-1.5589	-1.8271	-2.0855	-2.8294	-3.3898	-4.429	-2.8748	-2.2855	-0.80221	0.48049	0.84214	0.79807	0.58865	0.30791	0.093794	0.0034354	-0.025303	-0.035869	-0.048204	-0.047307	-0.078386	-0.094462	11.962
953.11	-0.12655	-0.12474	-0.16865	-0.22322	-0.32416	-0.48978	-0.86299	-1.3043	-1.5526	-1.8263	-2.0815	-2.6389	-3.4468	-4.386	-2.9121	-2.519	-0.77949	0.4487	0.863	0.79287	0.56787	0.32359	0.073385	0.010852	-0.042896	-0.039299	-0.033302	-0.074341	-0.07228	-0.094588	11.937
950.98	-0.12846	-0.12502	-0.14559	-0.24106	-0.39167	-0.55327	-0.89116	-1.3136	-1.5594	-1.8127	-2.1015	-2.7346	-3.6471	-4.3958	-2.9018	-2.5424	-0.80667	0.4572	0.83032	0.80406	0.57081	0.30137	0.078298	-0.00101	-0.034193	-0.046161	-0.043378	-0.064968	-0.06933	-0.079482	11.942
950.98	-0.13659	-0.13482	-0.18309	-0.25052	-0.38372	-0.55174	-0.90593	-1.3249	-1.5679	-1.8143	-2.1134	-2.7646	-3.5946	-4.4122	-2.9018	-2.7024	-0.79077	0.4697	0.83197	0.79935	0.55418	0.30596	0.073549	-0.00101	-0.039473	-0.035998	-0.048376	-0.060197	-0.07711	-0.0948	11.978
952.68	-0.11038	-0.12969	-0.19524	-0.2186	-0.37986	-0.53528	-0.87483	-1.3401	-1.5449	-1.8078	-2.0807	-2.64	-3.5532	-4.2086	-2.8799	-2.396	-0.7592	0.43642	0.87325	0.78069	0.59469	0.32373	0.065516	0.015305	-0.042915	-0.037625	-0.038308	-0.080724	-0.064546	-0.11672	11.916
952.25	-0.1364	-0.11018	-0.14227	-0.22657	-0.32763	-0.49564	-0.87195	-1.3119	-1.5456	-1.7958	-2.1106	-2.6113	-3.5023	-4.4062	-2.8309	-2.8052	-0.77701	0.45659	0.83744	0.81239	0.54679	0.31777	0.078193	0.00047434	-0.011299	-0.074859	-0.035827	-0.069645	-0.080114	-0.05048	11.906
948.43	-0.10925	-0.11062	-0.17888	-0.23381	-0.38475	-0.54066	-0.87382	-1.3075	-1.5687	-1.8176	-2.0952	-2.7871	-3.1301	-4.4568	-2.8592	-2.5493	-0.78812	0.48601	0.84908	0.79678	0.57068	0.30525	0.078509	0.016863	-0.037814	-0.037794	-0.081097	-0.049199	-0.060157	-0.076283	11.952
945.23	-0.098165	-0.1225	-0.18106	-0.23618	-0.34126	-0.51093	-0.89328	-1.3474	-1.5519	-1.8221	-2.1262	-2.6457	-3.5988	-4.3075	-2.8182	-2.7546	-0.78918	0.43986	0.85858	0.80737	0.56424	0.30166	0.06444	-0.0040054	-0.014926	-0.05326	-0.036093	-0.08136	-0.061926	-0.081678	11.896
942.89	-0.10333	-0.12774	-0.15629	-0.23836	-0.3421	-0.49997	-0.86902	-1.3346	-1.5932	-1.8201	-2.1144	-2.7732	-3.5547	-4.5817	-2.9098	-2.618	-0.80557	0.44347	0.85074	0.81412	0.57234	0.31167	0.0646	-0.023496	-0.030936	-0.056809	-0.04375	-0.054299	-0.065216	-0.076731	11.901
942.26	-0.10832	-0.13112	-0.13905	-0.22898	-0.38727	-0.53881	-0.86796	-1.3177	-1.6028	-1.8229	-2.1467	-2.8356	-3.4334	-4.4695	-2.9287	-2.7095	-0.82056	0.44882	0.85963	0.80517	0.58448	0.29798	0.082218	-0.0040181	-0.038061	-0.04146	-0.076582	-0.060755	-0.085675	-0.097396	11.967
942.26	-0.096834	-0.12288	-0.19109	-0.21148	-0.40973	-0.57511	-0.90438	-1.3452	-1.5654	-1.8441	-2.1175	-2.6692	-3.6809	-4.2058	-3.2505	-2.6736	-0.8334	0.41854	0.86129	0.78141	0.56602	0.31342	0.067839	0.013976	-0.039838	-0.061977	-0.031163	-0.080011	-0.051128	-0.11114	11.926
939.91	-0.1053	-0.073622	-0.15046	-0.24071	-0.3448	-0.51489	-0.88672	-1.3096	-1.5812	-1.8389	-2.1521	-2.7971	-3.5483	-4.4806	-2.6134	-2.7702	-0.81134	0.46511	0.88345	0.84528	0.57248	0.33122	0.072814	0.00048057	-0.0025448	-0.050134	-0.031241	-0.039992	-0.090611	-0.06492	11.891
937.57	-0.087425	-0.12018	-0.1762	-0.22852	-0.3634	-0.52935	-0.88394	-1.3145	-1.5783	-1.8386	-2.1264	-2.6674	-3.6637	-4.2599	-3.0625	-2.4707	-0.81659	0.4536	0.87562	0.81237	0.59583	0.32429	0.081024	0.023087	-0.031112	-0.038231	-0.038925	-0.051382	-0.041915	-0.080619	11.962
935.02	-0.099238	-0.12217	-0.14966	-0.21953	-0.36278	-0.52384	-0.87801	-1.3377	-1.5466	-1.8371	-2.1512	-2.7356	-3.6203	-4.338	-2.9855	-2.622	-0.78163	0.46755	0.87466	0.82576	0.57716	0.32829	0.078024	0.0065285	-0.025827	-0.038336	-0.011061	-0.051523	-0.059436	-0.070453	11.932
934.59	-0.13898	-0.12887	-0.15927	-0.25331	-0.36618	-0.52395	-0.88843	-1.353	-1.6314	-1.8445	-2.1608	-2.8588	-3.6041	-4.7554	-2.9869	-2.7498	-0.78846	0.4703	0.85326	0.81656	0.57066	0.30665	0.084504	-0.01161	-0.033001	-0.057314	-0.059402	-0.038602	-0.081628	-0.058363	11.901
936.51	-0.12714	-0.13193	-0.15894	-0.23518	-0.36381	-0.5253	-0.88328	-1.3339	-1.5989	-1.8374	-2.1426	-2.7921	-3.4723	-4.3477	-3.0489	-2.4915	-0.79815	0.50489	0.86658	0.81648	0.58638	0.30602	0.081116	-0.0025334	-0.022212	-0.031394	-0.056743	-0.04821	-0.075141	-0.084166	11.967
938.85	-0.14658	-0.1134	-0.17596	-0.20266	-0.35807	-0.50296	-0.84452	-1.3517	-1.5454	-1.8589	-2.1355	-2.6789	-3.6587	-4.221	-3.0753	-2.6293	-0.75911	0.46311	0.88111	0.80491	0.56807	0.32695	0.060067	0.023056	-0.038199	-0.038179	-0.038872	-0.083522	-0.056042	-0.092577	11.952
938.85	-0.12188	-0.10844	-0.13955	-0.22182	-0.36935	-0.54248	-0.90267	-1.3339	-1.5864	-1.823	-2.1476	-2.6182	-3.4104	-4.4691	-2.8203	-2.7733	-0.76717	0.47324	0.85941	0.81286	0.5546	0.29751	0.07931	-0.001023	-0.023938	-0.062202	-0.041405	-0.033595	-0.071802	-0.058098	11.911
938.64	-0.09556	-0.11012	-0.157	-0.22028	-0.35332	-0.51522	-0.88294	-1.3634	-1.5577	-1.8512	-2.1067	-2.6492	-3.5176	-4.1889	-2.991	-2.4318	-0.78828	0.48855	0.86962	0.80986	0.57494	0.32393	0.055271	0.01102	-0.036426	-0.058784	-0.056614	-0.081931	-0.059207	-0.099496	11.942
938.42	-0.12359	-0.10849	-0.1697	-0.21394	-0.36146	-0.5286	-0.88646	-1.3361	-1.6076	-1.8565	-2.1348	-2.8016	-3.4829	-4.4712	-2.7876	-2.6665	-0.79813	0.46585	0.86314	0.83072	0.57339	0.3271	0.072929	0.0095158	-0.027517	-0.045063	-0.049023	-0.048112	-0.089178	-0.092619	11.906
941.19	-0.10516	-0.10652	-0.14079	-0.21968	-0.32666	-0.50974	-0.90706	-1.3484	-1.5893	-1.8234	-2.1199	-2.6571	-3.6142	-4.557	-2.9151	-2.6407	-0.7749	0.47459	0.84395	0.81401	0.56498	0.30141	0.082311	-0.020537	-0.020323	-0.06547	-0.051406	-0.051185	-0.093632	-0.087187	11.937
943.74	-0.095043	-0.11611	-0.16875	-0.22544	-0.35461	-0.54254	-0.92775	-1.3431	-1.5697	-1.8379	-2.1073	-2.816	-3.4633	-4.3966	-3.0256	-2.4545	-0.79523	0.46826	0.84167	0.80232	0.57518	0.31139	0.091661	0.0049718	-0.043322	-0.041395	-0.058826	-0.057454	-0.068293	-0.11954	11.978
945.02	-0.12436	-0.11595	-0.17953	-0.19817	-0.38133	-0.55404	-0.89843	-1.3316	-1.5438	-1.8517	-2.1387	-2.6765	-3.4586	-4.0784	-2.8188	-2.7015	-0.76856	0.46009	0.88696	0.81071	0.56436	0.31096	0.05171	0.015429	-0.02024	-0.048157	-0.056232	-0.065377	-0.066636	-0.061144	11.901
945.45	-0.13248	-0.12411	-0.13229	-0.19174	-0.31239	-0.49723	-0.88813	-1.3213	-1.577	-1.7941	-2.1275	-2.7205	-3.4394	-4.3558	-2.7162	-2.6646	-0.7922	0.47748	0.83684	0.82771	0.56076	0.30467	0.078756	0.00047776	-0.0043007	-0.068583	-0.036085	-0.044558	-0.063476	-0.076523	11.911
944.6	-0.10805	-0.11271	-0.18275	-0.21413	-0.3623	-0.51904	-0.86746	-1.3354	-1.5581	-1.8314	-2.0968	-2.6626	-3.4954	-4.294	-2.989	-2.5238	-0.7705	0.46029	0.86911	0.79211	0.56964	0.32958	0.074046	0.019924	-0.046826	-0.048179	-0.048703	-0.070209	-0.052568	-0.098868	11.906
946.3	-0.12909	-0.12728	-0.1416	-0.23117	-0.34886	-0.53079	-0.91041	-1.3218	-1.5943	-1.8119	-2.1341	-2.7632	-3.5595	-4.4176	-2.9331	-2.68	-0.7851	0.46198	0.85264	0.79857	0.56527	0.30747	0.08664	-0.0025072	-0.029056	-0.06682	-0.053642	-0.047711	-0.09	-0.081586	11.886
948.43	-0.13043	-0.14173	-0.14441	-0.24961	-0.35765	-0.52633	-0.89685	-1.3268	-1.5924	-1.8159	-2.0884	-2.8622	-3.3584	-4.424	-2.8928	-2.7097	-0.77537	0.50607	0.84578	0.81409	0.54566	0.30371	0.080097	-0.0039919	-0.023697	-0.063272	-0.043495	-0.046011	-0.060157	-0.079696	11.906
949.7	-0.10096	-0.13827	-0.13639	-0.23192	-0.34284	-0.53007	-0.91371	-1.3058	-1.5413	-1.8361	-2.0856	-2.8583	-3.1785	-4.2055	-2.8889	-2.4391	-0.75362	0.50789	0.86609	0.80043	0.58989	0.30024	0.1006	0.027256	-0.04305	-0.022477	-0.10853	-0.044358	-0.056959	-0.089815	11.921
948.85	-0.11082	-0.11548	-0.17724	-0.22107	-0.3288	-0.48846	-0.85864	-1.3246	-1.546	-1.8119	-2.0943	-2.5906	-3.5675	-4.1274	-2.8242	-2.566	-0.73996	0.45823	0.86852	0.80429	0.57042	0.32197	0.073714	0.0064333	-0.021923	-0.046265	-0.023429	-0.071487	-0.06169	-0.093306	11.921
947.57	-0.10119	-0.11236	-0.14297	-0.21345	-0.3069	-0.48942	-0.88613	-1.3119	-1.5684	-1.8176	-2.092	-2.7896	-3.2911	-4.3624	-2.7607	-2.6407	-0.74734	0.50652	0.83661	0.80695	0.55784	0.30245	0.072225	-0.0025038	-0.036083	-0.07353	-0.068624	-0.055626	-0.072702	-0.066102	11.921
947.57	-0.11261	-0.12875	-0.19786	-0.2008	-0.36754	-0.53554	-0.88449	-1.3296	-1.5769	-1.8305	-2.1176	-2.6543	-3.6426	-4.2149	-2.9796	-2.7299	-0.75532	0.45383	0.87134	0.79277	0.5545	0.30092	0.062693	0.00346	-0.04138	-0.034426	-0.05106	-0.07318	-0.053965	-0.088308	11.896
950.13	-0.13183	-0.13657	-0.19107	-0.22392	-0.32199	-0.4741	-0.84106	-1.318	-1.5608	-1.8224	-2.1068	-2.6621	-3.5277	-4.2853	-2.8205	-2.6159	-0.73896	0.49014	0.83931	0.80478	0.53803	0.31695	0.062525	0.0079109	-0.028939	-0.051289	-0.030905	-0.071391	-0.095866	-0.08296	11.901
952.25	-0.15751	-0.1379	-0.1688	-0.24389	-0.35303	-0.53661	-0.91618	-1.3103	-1.6011	-1.8006	-2.1004	-2.7758	-3.2924	-4.5204	-2.6801	-2.7165	-0.7516	0.48156	0.83086	0.81239	0.55841	0.3086	0.076612	-0.017329	-0.030632	-0.051175	-0.045816	-0.049002	-0.092545	-0.077677	11.926
953.53	-0.11677	-0.13609	-0.14831	-0.21684	-0.32402	-0.52027	-0.91168	-1.2829	-1.5738	-1.7998	-2.0976	-2.6825	-3.2182	-4.1072	-2.8271	-2.4293	-0.76646	0.52829	0.85439	0.78939	0.56596	0.28225	0.079668	0.0019561	-0.030591	-0.042659	-0.083157	-0.052109	-0.064489	-0.075875	11.952
952.89	-0.1282	-0.12966	-0.1718	-0.19181	-0.34804	-0.52006	-0.87955	-1.3238	-1.5226	-1.7946	-2.1075	-2.7441	-3.5349	-4.1262	-2.8123	-2.4132	-0.76062	0.46876	0.86154	0.79775	0.56302	0.31145	0.060763	0.016784	-0.034124	-0.030855	-0.028319	-0.072771	-0.053664	-0.070829	11.916
952.25	-0.11368	-0.11181	-0.16724	-0.20926	-0.33557	-0.51758	-0.89325	-1.3039	-1.5557	-1.7877	-2.1106	-2.6861	-3.3624	-4.4062	-2.6298	-2.9117	-0.75478	0.47157	0.83415	0.80298	0.55509	0.29333	0.07187	-0.0069446	-0.0077863	-0.052867	-0.068286	-0.063292	-0.075452	-0.036884	11.932
952.47	-0.10391	-0.14439	-0.1672	-0.2218	-0.38788	-0.56325	-0.91434	-1.334	-1.5334	-1.8324	-2.1135	-2.6855	-3.5365	-4.0792	-3.0314	-2.3433	-0.72921	0.47396	0.85206	0.79027	0.56493	0.30395	0.049724	0.01086	-0.053467	-0.052856	-0.063279	-0.093441	-0.061456	-0.094651	11.957
952.25	-0.12017	-0.084083	-0.20313	-0.23129	-0.40067	-0.54836	-0.87195	-1.3359	-1.5439	-1.8296	-2.1225	-2.5963	-3.3449	-4.1616	-2.7136	-2.7165	-0.70556	0.47157	0.85554	0.78731	0.5335	0.31318	0.040251	0.0064103	-0.030632	-0.057943	-0.045816	-0.064881	-0.059915	-0.084475	11.891
952.47	-0.1104	-0.11993	-0.13132	-0.21393	-0.36565	-0.52764	-0.87503	-1.3228	-1.5705	-1.8034	-2.1186	-2.7154	-3.3616	-4.3889	-2.7465	-2.6449	-0.74667	0.47147	0.83067	0.79497	0.54667	0.29326	0.065531	-0.012876	-0.027112	-0.068078	-0.038316	-0.031528	-0.067667	-0.041972	11.937
951.83	-0.10398	-0.14449	-0.13453	-0.22352	-0.31983	-0.49477	-0.88381	-1.3237	-1.5715	-1.7885	-2.0741	-2.7172	-3.3289	-4.2451	-2.7986	-2.3981	-0.74082	0.50675	0.83946	0.80021	0.57528	0.29957	0.071902	-0.0039777	-0.018338	-0.032581	-0.05583	-0.06332	-0.067713	-0.099817	11.972
949.7	-0.11561	-0.12028	-0.15361	-0.20193	-0.37468	-0.55432	-0.90714	-1.3218	-1.5582	-1.8151	-2.0839	-2.5583	-3.424	-4.2055	-2.7713	-2.3679	-0.70904	0.47284	0.86444	0.79886	0.55326	0.31096	0.054627	0.0079145	-0.048337	-0.053009	-0.050946	-0.080977	-0.077213	-0.091519	11.891
947.57	-0.14034	-0.12711	-0.11318	-0.21345	-0.35478	-0.50766	-0.85156	-1.3151	-1.5549	-1.803	-2.109	-2.7896	-3.4493	-4.3788	-2.7944	-2.7478	-0.74255	0.49648	0.85481	0.81167	0.53948	0.2917	0.084934	-0.0054872	-0.020186	-0.065029	-0.05608	-0.038074	-0.071141	-0.06952	11.932
945.23	-0.11288	-0.11264	-0.15119	-0.19337	-0.34446	-0.54349	-0.92793	-1.3216	-1.5587	-1.8269	-2.1006	-2.8869	-3.4931	-4.1761	-2.9701	-2.5043	-0.73639	0.45998	0.86687	0.79316	0.56925	0.29551	0.051698	0.02888	-0.043253	-0.037921	-0.068794	-0.065362	-0.036879	-0.09024	11.947
944.81	-0.10312	-0.11926	-0.17327	-0.23629	-0.35741	-0.51841	-0.88047	-1.3351	-1.5696	-1.8115	-2.1032	-2.662	-3.5652	-4.1287	-2.6674	-2.4875	-0.70632	0.4778	0.89711	0.82511	0.56951	0.32489	0.072436	0.013938	-0.0025316	-0.026001	-0.015979	-0.05739	-0.063519	-0.052592	11.901
942.68	-0.10827	-0.12283	-0.14214	-0.23364	-0.34058	-0.50844	-0.88411	-1.3301	-1.5647	-1.8238	-2.1268	-2.6227	-3.3965	-4.4345	-2.7581	-2.6724	-0.7432	0.48897	0.84927	0.8238	0.54228	0.30093	0.061421	-0.016007	-0.018516	-0.068784	-0.03367	-0.057519	-0.079358	-0.042408	11.916
940.34	-0.10196	-0.098361	-0.13459	-0.21031	-0.34786	-0.52717	-0.89627	-1.3139	-1.5771	-1.8381	-2.1115	-2.9322	-3.405	-4.3299	-2.8838	-2.5532	-0.77077	0.5003	0.87138	0.81475	0.57558	0.30014	0.079184	0.0034867	-0.032799	-0.032979	-0.066625	-0.049622	-0.044939	-0.037351	11.978
939.49	-0.095473	-0.11994	-0.14737	-0.20572	-0.35461	-0.53576	-0.9087	-1.3427	-1.5734	-1.8316	-2.1461	-2.6923	-3.674	-4.1686	-3.0393	-2.5376	-0.75216	0.47798	0.88551	0.83454	0.5761	0.3097	0.056822	0.0080005	-0.00076557	-0.043296	-0.038845	-0.080247	-0.057578	-0.05978	11.901
940.55	-0.11673	-0.12641	-0.15668	-0.23576	-0.33813	-0.52133	-0.91431	-1.3379	-1.6125	-1.8295	-2.1454	-2.9013	-3.4396	-4.4941	-2.7813	-2.4988	-0.77221	0.4926	0.83953	0.83519	0.56032	0.29698	0.058357	-0.014541	-0.03991	-0.062089	-0.07672	-0.067295	-0.074818	-0.087246	11.983
941.83	-0.08703	-0.11634	-0.15804	-0.23544	-0.37299	-0.5487	-0.91307	-1.3329	-1.5865	-1.8677	-2.1356	-2.8066	-3.488	-4.3066	-3.0825	-2.5492	-0.73745	0.47679	0.86834	0.78969	0.57131	0.29503	0.069469	0.0019804	-0.050517	-0.048321	-0.074091	-0.055965	-0.06529	-0.08541	11.942
