21081	26	2	92	27.2	757	2	-0	8	190.24	256	8192	5	0	0	0	0	550.05	954.87	1.432e+006	0.11627	0.022606	40.39	0	0	1	0	0	0	14	0	0
960.27	0.10861	0.044278	-0.085034	-0.015515	-0.27531	-0.39771	-0.50421	-0.59677	-0.54007	-0.34907	-0.14544	0.014842	0.40151	0.49146	0.84221	0.63372	0.5708	0.1927	-0.064851	-0.23944	-0.44445	-0.59574	-0.66112	-0.57753	-0.33036	-0.28513	-0.19919	-0.070999	0.04849	0.11682	-0.059083
960.06	0.12312	0.050758	-0.10053	0.015708	-0.27064	-0.38238	-0.47507	-0.60644	-0.5118	-0.33798	-0.12019	0.059351	0.38424	0.68568	0.75927	0.91552	0.57093	0.1977	-0.050176	-0.23172	-0.43796	-0.59435	-0.66754	-0.49524	-0.33915	-0.27513	-0.20914	-0.088339	0.079324	0.11011	-0.019079
958.14	0.11207	0.075171	-0.11159	0.011044	-0.26487	-0.36011	-0.44021	-0.59332	-0.51784	-0.35145	-0.1559	0.059469	0.41979	0.54118	0.99398	0.72332	0.58627	0.20554	-0.05191	-0.21349	-0.44214	-0.58188	-0.66573	-0.48738	-0.31887	-0.27736	-0.2046	-0.080626	0.054774	0.12553	-0.044082
957.08	0.13158	0.062275	-0.094632	0.0016601	-0.27938	-0.38319	-0.46514	-0.59398	-0.5335	-0.35504	-0.12733	0.044659	0.19403	0.59045	0.67824	0.81241	0.57112	0.19335	-0.05688	-0.25271	-0.44428	-0.59012	-0.66018	-0.54107	-0.33846	-0.28945	-0.19737	-0.099674	0.054835	0.10707	-0.034082
957.72	0.09921	0.065477	-0.1256	0.012615	-0.29972	-0.41942	-0.50555	-0.61748	-0.50635	-0.3644	-0.13738	6.3032e-007	0.22868	0.70357	0.69445	0.70601	0.58022	0.18329	-0.050298	-0.2354	-0.45554	-0.58821	-0.68017	-0.47727	-0.3592	-0.28253	-0.20469	-0.088555	0.085698	0.10699	-0.014078
958.99	0.12165	0.054054	-0.10374	-0.0077206	-0.28356	-0.41605	-0.52603	-0.60552	-0.53912	-0.35433	-0.14564	-0.10398	0.38467	0.55689	0.81003	0.59934	0.56525	0.188	-0.063303	-0.24598	-0.4302	-0.59653	-0.65886	-0.48842	-0.32557	-0.25527	-0.20937	-0.069516	0.053184	0.11023	0.00092411
960.06	0.12312	0.049141	-0.097434	-0.0030278	-0.28324	-0.39203	-0.47995	-0.60326	-0.53685	-0.3683	-0.14379	0.10387	0.33221	0.6695	0.75927	0.91552	0.56305	0.20513	-0.053438	-0.23638	-0.43632	-0.59435	-0.6597	-0.51584	-0.34961	-0.27345	-0.19923	-0.069439	0.066995	0.12697	-0.014078
959.42	0.12482	0.083165	-0.094402	0.0032175	-0.29131	-0.40733	-0.49165	-0.59253	-0.51214	-0.35417	-0.12195	-0.059389	0.3845	0.63757	0.79302	0.79283	0.58234	0.1904	-0.028975	-0.22098	-0.41518	-0.56897	-0.64601	-0.47348	-0.31495	-0.22829	-0.14485	-0.033238	0.094799	0.12874	0.080958
958.99	0.12809	0.079963	-0.080498	0.012598	-0.30405	-0.42826	-0.51627	-0.61984	-0.55082	-0.34794	-0.14732	-0.059415	0.2631	0.58927	0.90988	0.77555	0.59521	0.23511	-0.014282	-0.21019	-0.41701	-0.55102	-0.61961	-0.49874	-0.27147	-0.23343	-0.15731	-0.03956	0.11181	0.17605	0.20106
958.99	0.15066	0.063769	-0.10839	-0.0077206	-0.31824	-0.42516	-0.49838	-0.6262	-0.53912	-0.37191	-0.10851	-0.029707	0.2631	0.65405	0.66023	0.98702	0.60467	0.2599	0.0036941	-0.19151	-0.356	-0.52372	-0.59292	-0.40886	-0.2959	-0.19984	-0.14739	-0.063211	0.13341	0.10516	0.37632
959.21	0.14257	0.084801	-0.11611	-0.0030305	-0.32133	-0.41669	-0.47712	-0.62765	-0.54569	-0.37023	-0.1591	0.04456	0.33251	0.50819	0.7932	0.47588	0.65183	0.25241	0.018395	-0.16813	-0.39054	-0.50996	-0.60378	-0.42645	-0.25571	-0.22666	-0.12009	-0.030092	0.099448	0.16589	0.49657
960.27	0.13115	0.044278	-0.10825	-0.0092719	-0.33199	-0.4455	-0.52371	-0.65237	-0.59184	-0.40492	-0.17747	-0.14836	0.2801	0.5238	0.6926	0.84491	0.64166	0.29917	0.028166	-0.15551	-0.33576	-0.49727	-0.55451	-0.39802	-0.23277	-0.18951	-0.13729	-0.02691	0.11321	0.15727	0.80249
960.27	0.11344	0.047513	-0.12836	0.0016546	-0.35246	-0.45822	-0.51883	-0.66985	-0.57514	-0.42407	-0.20612	-0.10385	0.31479	0.62084	0.84221	0.75691	0.68103	0.34869	0.080387	-0.11666	-0.31929	-0.45486	-0.55294	-0.36712	-0.19094	-0.16434	-0.1051	-0.039508	0.099338	0.14042	1.0385
959.84	0.11993	0.058859	-0.14235	0.014149	-0.33529	-0.45646	-0.53856	-0.67809	-0.61549	-0.45299	-0.26017	-0.044529	0.28023	0.54022	0.89245	0.72204	0.67187	0.31912	0.078791	-0.11515	-0.34415	-0.48991	-0.58926	-0.46885	-0.30784	-0.20805	-0.12992	-0.022196	0.083966	0.13374	1.2596
958.36	0.13786	0.029783	-0.17049	0.0063504	-0.41312	-0.5558	-0.63544	-0.7635	-0.68337	-0.52884	-0.29435	-0.089182	0.19377	0.46004	0.64402	0.91714	0.70605	0.36675	0.11162	-0.091972	-0.28198	-0.42996	-0.51949	-0.38112	-0.23323	-0.18484	-0.12268	-0.050629	0.065571	0.068079	1.5916
957.93	0.060455	0.029797	-0.16435	0.012612	-0.40068	-0.54235	-0.62921	-0.7734	-0.70711	-0.56746	-0.37728	-0.2528	-0.13648	0.29813	0.72762	0.54706	0.71584	0.37933	0.13129	-0.060854	-0.30851	-0.43319	-0.55744	-0.37244	-0.23159	-0.22192	-0.12522	-0.064859	0.057876	0.10359	1.8434
958.99	0.087794	0.021667	-0.17967	-0.010846	-0.39393	-0.58011	-0.7196	-0.78526	-0.74311	-0.60358	-0.40217	-0.40108	0.0547	0.26541	0.72681	0.79318	0.71504	0.42601	0.1671	-0.035887	-0.24881	-0.43271	-0.52542	-0.40149	-0.24878	-0.19648	-0.16227	-0.042713	0.022325	0.073096	2.2417
959.63	0.097401	0.026508	-0.16871	-0.001468	-0.463	-0.65184	-0.76301	-0.83561	-0.77269	-0.64309	-0.43395	-0.17814	-0.10153	0.34615	0.6099	0.73982	0.76814	0.49014	0.22088	0.013904	-0.19756	-0.34602	-0.44977	-0.34528	-0.19455	-0.15774	-0.09774	-0.063169	0.050065	0.066301	2.5243
957.72	0.083067	0.029803	-0.15508	0.0063547	-0.41813	-0.55281	-0.63749	-0.81817	-0.79265	-0.66038	-0.48721	-0.38674	-0.13651	0.071185	0.76112	0.60014	0.7823	0.53084	0.25077	0.048215	-0.19134	-0.36342	-0.48525	-0.35039	-0.2596	-0.20851	-0.16	-0.033297	0.043984	0.076574	2.9033
957.29	0.10571	0.018461	-0.15205	0.0016597	-0.41516	-0.54803	-0.64103	-0.84243	-0.81478	-0.67668	-0.5111	-0.43155	-0.13657	0.23344	0.61139	0.81223	0.80792	0.60062	0.31636	0.093448	-0.13526	-0.32255	-0.432	-0.31513	-0.21776	-0.16149	-0.13275	-0.052266	0.054823	0.098588	3.2625
956.87	0.089605	0.054174	-0.16454	-0.0030379	-0.43747	-0.5887	-0.69512	-0.87788	-0.82687	-0.74263	-0.56207	-0.47641	-0.3455	0.087484	0.52826	0.72428	0.82725	0.61083	0.36235	0.13404	-0.10392	-0.27709	-0.41803	-0.29164	-0.15839	-0.14977	-0.095539	-0.044388	0.053302	0.090174	3.6119
957.5	0.096003	0.028187	-0.1458	-0.0077326	-0.40875	-0.60192	-0.75982	-0.86774	-0.87321	-0.75014	-0.61072	-0.55049	-0.43224	-0.2045	0.54459	0.5473	0.83459	0.65512	0.39812	0.17759	-0.062563	-0.25715	-0.38159	-0.30325	-0.20373	-0.15809	-0.10044	-0.026988	0.057901	0.098566	3.9667
958.36	0.10237	0.050848	-0.16118	-0.00147	-0.43837	-0.59089	-0.70218	-0.89562	-0.87244	-0.77505	-0.64564	-0.46081	-0.43185	-0.02608	0.49413	0.63499	0.85909	0.69919	0.43701	0.22104	-0.042706	-0.21291	-0.36711	-0.2735	-0.1302	-0.1445	-0.053215	-0.023808	0.062482	0.098478	4.2711
957.72	0.10728	0.042776	-0.13026	-0.0030352	-0.29972	-0.47647	-0.67821	-0.84684	-0.85125	-0.79477	-0.68494	-0.66937	-0.34519	-0.20446	0.61112	0.56483	0.85967	0.72945	0.47984	0.26638	-0.027874	-0.22672	-0.40194	-0.32089	-0.2229	-0.19001	-0.12773	-0.0032989	0.079517	0.11038	4.6316
956.87	0.14615	0.078517	-0.11018	-0.0061721	-0.46907	-0.60015	-0.69022	-0.94643	-0.95926	-0.83871	-0.72445	-0.80395	-0.48473	-0.43186	0.36146	0.67131	0.85253	0.76737	0.50647	0.27909	0.069611	-0.14331	-0.25755	-0.17056	-0.042955	-0.0016153	-0.0060872	0.026721	0.07495	0.14261	4.9925
955.8	0.12529	0.068857	-0.13518	0.014209	-0.38575	-0.56177	-0.71384	-0.87566	-0.89658	-0.85727	-0.74897	-0.71542	-0.58983	-0.25363	0.27836	0.54828	0.8519	0.82295	0.57097	0.33874	0.064726	-0.14043	-0.31927	-0.23875	-0.17958	-0.13646	-0.095645	-0.015962	0.088967	0.11906	5.2925
955.8	0.13985	0.10785	-0.097868	-0.0046101	-0.43637	-0.59494	-0.73669	-0.981	-0.98046	-0.90056	-0.83702	-0.84955	-0.6421	-0.62731	0.46206	0.23003	0.83608	0.78066	0.56278	0.35123	0.084581	-0.11607	-0.26099	-0.17519	-0.10429	-0.045439	-0.02102	0.012515	0.10445	0.17494	5.603
957.08	0.14127	0.033068	-0.13655	-0.0030372	-0.43895	-0.55536	-0.64769	-0.93825	-0.97245	-0.92017	-0.82914	-0.80377	-0.88487	-0.5129	0.07789	0.47694	0.81758	0.8293	0.61442	0.37883	0.13074	-0.079445	-0.24177	-0.19414	-0.12513	-0.10766	-0.063222	-0.03648	0.076479	0.091847	5.8983
957.29	0.12025	0.075238	-0.13963	0.0063575	-0.37567	-0.5099	-0.66059	-0.96991	-0.99233	-0.97759	-0.9135	-0.95241	-0.81509	-0.67499	0.12788	0.38856	0.78739	0.82167	0.61265	0.40057	0.10923	-0.10222	-0.27474	-0.20443	-0.13909	-0.099221	-0.045822	-0.0017218	0.085736	0.13748	6.204
957.29	0.13317	0.05415	-0.10237	9.481e-005	-0.40095	-0.54649	-0.69806	-0.98585	-1.0644	-1.0016	-0.97436	-1.0417	-0.76287	-0.95077	0.16124	0.19436	0.75896	0.84402	0.6192	0.40213	0.13731	-0.099179	-0.24171	-0.21919	-0.16181	-0.12951	-0.10046	-0.026994	0.036276	0.1324	6.4028
956.87	0.13	0.039567	-0.13658	0.01576	-0.4106	-0.53715	-0.66577	-1.0006	-1.038	-1.0501	-0.98664	-1.0422	-1.1287	-0.69153	-0.18899	0.28276	0.72927	0.827	0.67843	0.4257	0.1506	-0.084021	-0.25755	-0.20009	-0.19162	-0.13967	-0.12039	-0.052289	0.070311	0.08341	6.5659
955.8	0.10911	0.067232	-0.12896	9.4957e-005	-0.36677	-0.52105	-0.70731	-1.0113	-1.0828	-1.0561	-1.0639	-1.1178	-1.1474	-1.131	0.061288	-0.035177	0.70003	0.81051	0.64803	0.43867	0.13753	-0.099334	-0.29722	-0.25501	-0.20409	-0.16679	-0.11306	-0.039692	0.062649	0.11398	6.6832
955.59	0.1334	0.050995	-0.13677	-0.0061803	-0.44122	-0.60575	-0.76624	-1.0403	-1.0965	-1.0819	-1.0659	-1.2075	-1.2697	-1.1312	-0.32285	0.053225	0.69227	0.84055	0.67933	0.44814	0.19217	-0.047599	-0.22009	-0.18705	-0.13758	-0.123	-0.090691	-0.055525	0.028598	0.063194	6.8311
954.32	0.10928	0.081983	-0.11826	-0.012471	-0.3816	-0.51098	-0.66919	-1.0033	-1.0778	-1.1011	-1.1097	-1.2092	-1.2016	-1.0839	-0.18949	-0.14149	0.67101	0.84665	0.66382	0.45343	0.14603	-0.082722	-0.27875	-0.2406	-0.20616	-0.189	-0.11572	-0.061936	0.065849	0.10398	6.9433
953.68	0.11746	0.077151	-0.11523	0.0063816	-0.41673	-0.55524	-0.69908	-1.0216	-1.0919	-1.0954	-1.107	-1.1801	-1.0976	-1.2312	0.044682	-0.10613	0.67622	0.84971	0.68562	0.48347	0.18261	-0.064475	-0.24736	-0.21854	-0.17646	-0.13676	-0.11331	-0.052464	0.051928	0.10745	6.9791
953.68	0.14016	0.065754	-0.10276	9.5169e-005	-0.40722	-0.55683	-0.71216	-1.0008	-1.0903	-1.0873	-1.0952	-1.1801	-1.2024	-1.1498	-0.23983	0.053332	0.66036	0.86467	0.70206	0.46782	0.20748	-0.072102	-0.24263	-0.22595	-0.20103	-0.14859	-0.11331	-0.038195	0.055031	0.088779	7.0097
954.1	0.13199	0.098277	-0.11985	0.017376	-0.35474	-0.49516	-0.66607	-0.99234	-1.0578	-1.0852	-1.0981	-1.2393	-1.2542	-1.2795	-0.13935	-0.088382	0.67909	0.85432	0.7116	0.48325	0.17258	-0.067494	-0.28197	-0.22585	-0.19743	-0.16034	-0.070896	-0.038178	0.079819	0.12436	6.9638
955.59	0.13502	0.052621	-0.12277	-0.0014742	-0.38109	-0.53708	-0.71727	-1.0131	-1.0797	-1.0916	-1.1133	-1.3417	-1.3568	-1.2287	-0.33956	-0.088244	0.67803	0.86045	0.71213	0.48093	0.19217	-0.059779	-0.24687	-0.21663	-0.20238	-0.16009	-0.10064	-0.027042	0.068857	0.093683	6.9995
955.59	0.16091	0.099749	-0.08856	-0.0046111	-0.37792	-0.52964	-0.7091	-1.0131	-1.0797	-1.0932	-1.093	-1.1777	-1.3394	-1.0987	-0.33956	0.053225	0.67645	0.87289	0.71869	0.47937	0.21037	-0.032378	-0.22009	-0.18262	-0.16035	-0.12974	-0.058345	-0.027042	0.10292	0.1157	6.9484
952.83	0.14515	0.093518	-0.10129	-0.0014785	-0.37902	-0.5185	-0.68497	-1.0097	-1.071	-1.0915	-1.091	-1.2409	-1.2908	-1.3301	-0.24005	-0.15946	0.67841	0.86295	0.70597	0.49799	0.19605	-0.05537	-0.23495	-0.21725	-0.18014	-0.15548	-0.063504	-0.00014226	0.10633	0.14152	7.0199
950.27	0.1553	0.093769	-0.068726	-0.010946	-0.38322	-0.5525	-0.74426	-1.0076	-1.1228	-1.0961	-1.1076	-1.3192	-1.2242	-1.1702	-0.22389	0.035748	0.6675	0.92031	0.7392	0.5009	0.24151	-0.027967	-0.17696	-0.16282	-0.14364	-0.094867	-0.10371	0.01736	0.11128	0.1436	7.0097
949.21	0.17013	0.1086	-0.084459	0.022202	-0.42347	-0.59864	-0.77139	-1.0473	-1.0937	-1.1005	-1.0935	-1.2006	-1.401	-1.0407	-0.32502	0.017978	0.68896	0.89129	0.7747	0.53763	0.2651	0.048625	-0.13751	-0.06923	-0.029196	-0.021996	0.013903	0.0030429	0.12855	0.14888	7.0199
949.64	0.11471	0.067668	-0.11259	-0.0093757	-0.28635	-0.41474	-0.62484	-0.99219	-1.0898	-1.1226	-1.1578	-1.3501	-1.2426	-1.5144	-0.19043	-0.24896	0.63929	0.86084	0.71164	0.50281	0.18172	-0.10304	-0.31024	-0.31767	-0.29881	-0.22725	-0.16136	-0.022434	0.050592	0.10279	6.9995
950.27	0.15205	0.072526	-0.11095	0.0032485	-0.50256	-0.6901	-0.85425	-1.128	-1.1735	-1.1767	-1.1825	-1.2443	-1.3819	-1.2193	-0.45903	-0.088738	0.62931	0.86527	0.73755	0.49933	0.25648	0.028672	-0.13102	-0.057258	0.002536	-0.0033225	0.041409	0.018952	0.1035	0.14019	6.9893
950.06	0.069092	0.031677	-0.17979	0.022182	-0.41195	-0.56228	-0.72144	-1.0495	-1.1433	-1.2011	-1.2356	-1.3945	-1.54	-1.3993	-0.35834	-0.33779	0.57375	0.78788	0.69483	0.48216	0.16332	-0.078499	-0.31169	-0.29671	-0.27754	-0.25089	-0.13376	-0.071762	0.033437	0.073783	7.0352
949.42	0.082166	0.016979	-0.15957	-0.0093778	-0.47594	-0.65822	-0.83858	-1.1306	-1.2387	-1.2358	-1.2808	-1.4705	-1.313	-1.5965	-0.17365	-0.30242	0.52477	0.82097	0.692	0.49506	0.20341	-0.049442	-0.21676	-0.20166	-0.142	-0.10853	-0.12383	-0.043144	0.0319	0.095995	7.1321
946.02	0.053045	-0.01415	-0.18056	0.0016795	-0.53199	-0.71626	-0.86633	-1.1492	-1.2364	-1.2662	-1.2785	-1.4306	-1.5466	-1.4382	-0.5117	-0.1606	0.52026	0.81135	0.69614	0.48107	0.21417	-0.034243	-0.2239	-0.1755	-0.15667	-0.14127	-0.10669	-0.10563	0.0069924	0.017639	7.1577
944.1	0.082629	0.013784	-0.14	0.0080346	-0.43698	-0.60081	-0.78217	-1.1273	-1.2151	-1.2947	-1.3291	-1.5089	-1.5321	-1.6549	-0.68179	-0.46522	0.49249	0.78278	0.69756	0.46624	0.16938	-0.078994	-0.28974	-0.25817	-0.2598	-0.22005	-0.16986	-0.094637	0.033648	0.041677	7.1321
945.38	0.080881	0.01048	-0.16811	0.0096084	-0.52595	-0.71642	-0.87517	-1.158	-1.2321	-1.2541	-1.3119	-1.4014	-1.7414	-1.6198	-0.54582	-0.44672	0.51582	0.82448	0.73142	0.53191	0.24276	0.0026621	-0.17469	-0.13975	-0.11606	-0.12262	-0.0967	-0.06572	0.030473	0.031349	7.2087
946.44	0.12163	0.069538	-0.11925	-0.0094073	-0.44708	-0.62818	-0.82309	-1.1245	-1.2053	-1.2608	-1.3053	-1.5202	-1.6691	-1.6016	-0.49461	-0.12481	0.51843	0.8336	0.74716	0.55024	0.26253	0.016491	-0.19358	-0.16647	-0.11593	-0.11227	-0.063932	-0.017718	0.066396	0.082616	7.275
948.78	0.12621	0.093917	-0.11269	-0.0062247	-0.41251	-0.56345	-0.73721	-1.0686	-1.1956	-1.2367	-1.3209	-1.2462	-1.4543	-1.7777	-0.44294	-0.76573	0.53787	0.86161	0.76514	0.58506	0.26022	0.028717	-0.17406	-0.17797	-0.10682	-0.13067	-0.046233	0.015793	0.077147	0.14212	7.2546
949	0.17506	0.085713	-0.092307	0.01115	-0.40126	-0.57681	-0.77156	-1.0652	-1.1767	-1.2235	-1.2796	-1.5312	-1.6119	-1.5318	-0.59418	-0.26694	0.52819	0.87645	0.82276	0.59908	0.34348	0.062433	-0.13119	-0.10349	-0.066236	-0.071229	-0.026182	0.014197	0.1052	0.12674	7.4078
948.36	0.14746	0.095597	-0.078267	0.0048362	-0.39516	-0.57641	-0.79018	-1.0965	-1.2181	-1.2485	-1.3078	-1.6674	-1.5252	-1.7457	-0.54411	-0.42749	0.52695	0.91214	0.82166	0.62623	0.33371	0.096218	-0.10429	-0.084191	-0.057457	-0.040701	0.00138	0.049284	0.099026	0.16096	7.4486
949.21	0.14896	0.064427	-0.11264	0.012728	-0.40436	-0.59608	-0.81083	-1.0971	-1.1663	-1.2603	-1.3169	-1.5158	-1.7695	-1.7442	-0.67813	-0.4093	0.48824	0.86123	0.81597	0.60681	0.33507	0.053223	-0.14226	-0.13324	-0.11735	-0.072911	-0.041203	0.0094143	0.075555	0.11477	7.5405
949.85	0.14886	0.10199	-0.10474	-0.0062177	-0.43911	-0.60763	-0.80536	-1.1606	-1.2618	-1.3127	-1.3961	-1.4098	-1.9436	-1.8084	-0.82891	-0.72929	0.45449	0.82811	0.77748	0.59069	0.29822	0.082286	-0.14692	-0.11976	-0.080272	-0.088126	-0.0061322	-0.0033263	0.10822	0.092546	7.6171
950.7	0.093438	0.061059	-0.1234	9.5467e-005	-0.47848	-0.65713	-0.83418	-1.1467	-1.2573	-1.3212	-1.4067	-1.6033	-1.7667	-1.9211	-0.55956	-0.83528	0.435	0.82987	0.78502	0.6137	0.29962	0.071501	-0.13887	-0.11519	-0.085482	-0.084659	-0.058645	-0.006504	0.042753	0.10268	7.709
950.49	0.1146	0.039832	-0.12499	-0.0030583	-0.42768	-0.62073	-0.84093	-1.1454	-1.2441	-1.307	-1.3985	-1.6337	-1.662	-1.9052	-0.54289	-0.30208	0.39373	0.83005	0.78355	0.59343	0.33296	0.04397	-0.13099	-0.14198	-0.11543	-0.086372	-0.068665	-0.0065055	0.058329	0.08397	7.8929
950.7	0.11783	0.057792	-0.12809	-0.0030576	-0.46257	-0.6444	-0.84074	-1.1692	-1.2539	-1.3422	-1.4101	-1.4835	-1.7842	-1.8231	-0.7778	-0.55087	0.40637	0.82487	0.77349	0.61057	0.32457	0.094451	-0.12779	-0.11074	-0.094284	-0.091436	-0.038639	-0.014457	0.059873	0.087354	7.9286
951.34	0.1145	0.052856	-0.12176	0.011123	-0.44955	-0.64117	-0.84181	-1.1427	-1.2261	-1.3332	-1.4194	-1.7371	-1.8531	-2.0341	-0.92827	-0.62155	0.38225	0.81432	0.79932	0.5929	0.33765	0.071453	-0.14669	-0.13888	-0.14348	-0.1117	-0.0786	-0.014447	0.036503	0.097504	7.9593
953.04	0.12078	0.057651	-0.10907	9.5233e-005	-0.45192	-0.63333	-0.83213	-1.1599	-1.2256	-1.3549	-1.4457	-1.6443	-1.9546	-1.8512	-1.0104	-0.60272	0.35301	0.81286	0.78803	0.59341	0.32543	0.074379	-0.12432	-0.11639	-0.10108	-0.091212	-0.060994	-0.030287	0.0737	0.075253	8.0359
952.83	0.10621	0.065813	-0.13092	0.0048135	-0.44567	-0.62367	-0.81921	-1.1506	-1.2259	-1.3633	-1.4376	-1.5699	-2.0599	-1.9983	-0.85982	-0.76248	0.36737	0.80306	0.78985	0.60764	0.31721	0.074396	-0.15121	-0.11938	-0.10637	-0.11321	-0.048534	-0.035055	0.07682	0.076968	8.0716
950.06	0.12116	0.067638	-0.10315	-0.0062163	-0.43901	-0.62843	-0.83474	-1.1266	-1.2733	-1.3543	-1.4758	-1.7394	-1.8555	-2.2003	-0.86232	-0.80027	0.34616	0.82542	0.7806	0.60626	0.33477	0.060831	-0.12471	-0.15542	-0.12253	-0.10337	-0.086212	0.010998	0.052126	0.095931	8.133
948.78	0.12296	0.075913	-0.10642	-0.0046442	-0.4396	-0.6218	-0.82764	-1.1506	-1.2818	-1.3901	-1.4795	-1.6967	-1.858	-2.0559	-0.9476	-0.69448	0.33069	0.84157	0.81303	0.62438	0.34023	0.082379	-0.11853	-0.12436	-0.098	-0.098412	-0.068789	-0.024049	0.059994	0.09606	8.1176
948.78	0.13599	0.067729	-0.089195	0.011153	-0.4651	-0.64704	-0.82928	-1.1394	-1.2514	-1.3691	-1.4369	-1.8318	-1.9283	-2.1705	-0.86348	-0.76573	0.33069	0.82653	0.81138	0.61652	0.34522	0.080843	-0.12964	-0.12734	-0.14033	-0.11369	-0.091342	0.0078242	0.058433	0.108	8.1074
950.06	0.12767	0.062735	-0.095332	-0.0093715	-0.44856	-0.62752	-0.8216	-1.1314	-1.2615	-1.3414	-1.469	-1.6794	-2.0133	-2.1022	-1.0807	-0.67576	0.32229	0.82542	0.81854	0.62354	0.35641	0.08839	-0.11203	-0.12866	-0.11372	-0.08641	-0.046171	-0.0081006	0.066144	0.09082	8.1074
950.91	0.10155	0.090442	-0.13119	0.0079771	-0.44021	-0.6114	-0.80446	-1.1545	-1.2486	-1.3676	-1.4473	-1.6479	-1.994	-1.9697	-1.0462	-0.88841	0.34744	0.82468	0.82275	0.62612	0.3245	0.10514	-0.12618	-0.10922	-0.10834	-0.12191	-0.058632	-0.027175	0.080087	0.090738	8.0512
950.49	0.10322	0.07251	-0.11718	-0.0014821	-0.43245	-0.62829	-0.84749	-1.1454	-1.2795	-1.3634	-1.436	-1.9185	-1.9599	-2.2483	-0.76118	-0.85326	0.3301	0.82005	0.79674	0.62954	0.33296	0.071517	-0.14049	-0.14644	-0.11367	-0.10671	-0.071166	-0.0049155	0.041206	0.11632	8.133
948.15	0.11325	0.084153	-0.11747	-0.0062289	-0.4383	-0.61701	-0.81832	-1.1402	-1.264	-1.3458	-1.4891	-1.5776	-1.9647	-1.9263	-0.94823	-0.74841	0.35962	0.82709	0.82184	0.63897	0.35046	0.097775	-0.1202	-0.12146	-0.098066	-0.10358	-0.056297	-0.024065	0.060034	0.091003	8.1074
944.96	0.11037	0.082795	-0.091129	-0.0030762	-0.42698	-0.61238	-0.82439	-1.1375	-1.2479	-1.3568	-1.4478	-1.794	-1.8656	-2.2122	-0.91766	-0.60788	0.32403	0.83995	0.80472	0.63007	0.34161	0.081171	-0.14291	-0.13982	-0.12319	-0.10222	-0.059001	-0.0097451	0.052408	0.099875	8.133
943.25	0.12859	0.058249	-0.086568	0.022342	-0.44859	-0.63937	-0.8358	-1.1412	-1.2621	-1.356	-1.4539	-1.7519	-1.9749	-2.2491	-0.98699	-0.75229	0.32301	0.82634	0.82611	0.62013	0.34893	0.076692	-0.1304	-0.14007	-0.12164	-0.11265	-0.081795	-0.01938	0.066621	0.076034	8.1023
944.74	0.11039	0.046651	-0.13047	0.0064419	-0.45589	-0.63507	-0.83118	-1.1733	-1.2601	-1.3831	-1.4362	-1.7642	-2.2009	-1.9168	-1.1375	-0.80477	0.3289	0.80742	0.82315	0.63179	0.34168	0.088888	-0.12381	-0.11742	-0.10728	-0.11248	-0.069083	-0.04816	0.061817	0.077626	8.1176
945.59	0.092307	0.063032	-0.12093	-0.0094158	-0.42989	-0.61112	-0.82713	-1.1642	-1.2946	-1.377	-1.5085	-1.8832	-1.97	-2.3256	-0.98455	-0.89341	0.33021	0.81423	0.79921	0.63754	0.33134	0.085732	-0.13326	-0.13076	-0.10718	-0.10556	-0.094163	-0.02413	0.027337	0.072421	8.0972
945.81	0.107	0.051523	-0.1099	0.0096041	-0.45857	-0.64694	-0.85004	-1.1801	-1.2909	-1.375	-1.479	-1.7924	-2.0928	-2.0952	-1.0518	-0.71453	0.31095	0.81908	0.82222	0.60268	0.34297	0.074948	-0.14119	-0.12475	-0.116	-0.10383	-0.096657	-0.030519	0.039845	0.074115	8.1125
944.1	0.099002	0.058196	-0.09436	-0.0014922	-0.43698	-0.62837	-0.84496	-1.1596	-1.2898	-1.3629	-1.4834	-1.8711	-1.9555	-2.3293	-0.9523	-0.80532	0.30991	0.85581	0.81043	0.6417	0.32684	0.082787	-0.13825	-0.13994	-0.093169	-0.097193	-0.06661	-0.020965	0.043052	0.081107	8.0921
942.4	0.10902	0.053357	-0.10399	0.0064579	-0.46664	-0.66453	-0.87131	-1.1779	-1.2905	-1.3979	-1.4724	-1.8744	-1.9943	-2.2511	-0.83546	-0.73505	0.30244	0.82456	0.81688	0.63494	0.35428	0.079848	-0.13051	-0.1402	-0.11287	-0.093951	-0.071776	-0.0065613	0.03528	0.069231	8.0665
942.19	0.11561	0.059962	-0.10086	0.0096409	-0.47477	-0.6669	-0.85992	-1.1668	-1.2771	-1.3933	-1.4263	-1.7086	-2.1009	-2.1692	-1.31	-0.78903	0.29288	0.81718	0.82871	0.6145	0.34596	0.079866	-0.13054	-0.12673	-0.12355	-0.10765	-0.06927	-0.03866	0.039998	0.067529	8.0716
943.68	0.072836	0.059867	-0.1196	0.012802	-0.44679	-0.63757	-0.8503	-1.186	-1.2836	-1.3814	-1.4824	-1.8568	-2.1328	-2.2152	-0.96963	-0.96687	0.31005	0.80329	0.79252	0.6325	0.32028	0.081281	-0.14629	-0.13102	-0.11095	-0.11772	-0.061599	-0.01136	0.071294	0.075999	8.0461
945.59	0.098847	0.035113	-0.1335	-0.0046599	-0.44908	-0.64842	-0.86507	-1.1578	-1.2912	-1.3624	-1.476	-1.8229	-2.0404	-2.1943	-0.98455	-0.76831	0.30142	0.82178	0.80915	0.62649	0.34639	0.07804	-0.12848	-0.12478	-0.11426	-0.095337	-0.066505	-0.028927	0.030466	0.074132	8.0921
947.51	0.092121	0.057987	-0.10343	-0.0014868	-0.437	-0.62667	-0.84851	-1.1844	-1.2767	-1.3645	-1.4542	-1.6388	-2.0539	-2.2718	-0.74673	-0.73109	0.31518	0.81761	0.79594	0.6331	0.34569	0.10398	-0.11551	-0.12005	-0.10873	-0.098545	-0.063861	-0.030464	0.039773	0.055192	8.1074
946.44	0.10203	0.071178	-0.10983	0.0016788	-0.4343	-0.62109	-0.83793	-1.1728	-1.2951	-1.3951	-1.4866	-1.7611	-1.8978	-2.2087	-1.0174	-0.94618	0.31393	0.8135	0.81504	0.63538	0.33605	0.096413	-0.122	-0.12616	-0.10532	-0.10206	-0.038813	-0.0017415	0.036691	0.082616	8.0716
947.08	0.11991	0.049814	-0.10818	-0.0014875	-0.44837	-0.64492	-0.85548	-1.1463	-1.2875	-1.3974	-1.4941	-1.805	-2.09	-2.0268	-1.2358	-0.73142	0.30095	0.83304	0.84428	0.60974	0.3592	0.079454	-0.11556	-0.10519	-0.12998	-0.10369	-0.066401	-0.041653	0.067913	0.068889	8.0768
947.93	0.083925	0.057961	-0.11279	0.0032565	-0.44957	-0.63044	-0.83826	-1.1935	-1.2626	-1.3719	-1.5235	-1.7884	-2.1233	-2.1888	-0.88109	-1.0517	0.31344	0.79467	0.79062	0.64226	0.32051	0.093193	-0.13611	-0.12447	-0.096323	-0.091703	-0.048784	-0.036832	0.038195	0.079073	8.0308
948.78	0.11155	0.059545	-0.097025	-0.0014848	-0.4396	-0.62751	-0.83586	-1.1458	-1.2784	-1.3546	-1.4727	-1.8919	-1.9985	-2.1869	-1.0149	-0.85479	0.31794	0.80398	0.81634	0.62124	0.36856	0.070111	-0.11536	-0.12436	-0.10153	-0.074641	-0.053752	-0.019267	0.04128	0.055118	8.133
949	0.1099	0.07426	-0.070385	0.0032528	-0.43791	-0.62646	-0.84389	-1.1793	-1.2832	-1.3623	-1.4809	-1.6813	-2.2262	-2.2027	-1.0651	-0.69433	0.33699	0.83136	0.80955	0.63525	0.34681	0.11608	-0.10105	-0.10051	-0.082109	-0.081416	-0.026182	-0.011296	0.06154	0.070457	8.0716
947.08	0.10196	0.067851	-0.073665	-0.010983	-0.40367	-0.60206	-0.83736	-1.1221	-1.2756	-1.3635	-1.4668	-1.9254	-1.6855	-2.2892	-0.99985	-0.71357	0.30574	0.8481	0.81284	0.63969	0.36254	0.080989	-0.10602	-0.12011	-0.11761	-0.086682	-0.068912	0.022208	0.063226	0.074015	8.1176
948.36	0.12301	0.057935	-0.064165	0.003255	-0.40472	-0.60384	-0.84281	-1.1528	-1.257	-1.3665	-1.4768	-1.7425	-2.0345	-2.0732	-1.15	-0.64133	0.32127	0.82439	0.83818	0.61679	0.37706	0.094684	-0.09477	-0.0827	-0.089222	-0.064483	-0.063803	-0.020871	0.070942	0.075624	8.0768
948.36	0.095298	0.084135	-0.086102	-0.0046463	-0.40791	-0.57997	-0.7984	-1.1592	-1.2452	-1.3535	-1.4887	-1.7725	-2.0169	-2.237	-1.0322	-0.7839	0.32605	0.82439	0.81009	0.64512	0.35705	0.11002	-0.099532	-0.1125	-0.090987	-0.089964	-0.038735	-0.0065201	0.06002	0.085864	8.0665
948.57	0.10505	0.067744	-0.087648	0.0079968	-0.44767	-0.64245	-0.85578	-1.1718	-1.2719	-1.3629	-1.4833	-1.8172	-1.9989	-2.171	-0.88049	-0.8728	0.31004	0.80416	0.81982	0.63711	0.34697	0.1054	-0.11221	-0.10056	-0.098022	-0.09334	-0.053764	-0.039995	0.044408	0.080725	8.0512
948.36	0.10345	0.064485	-0.10647	0.0016754	-0.42067	-0.61008	-0.82965	-1.1447	-1.2993	-1.36	-1.4614	-1.6824	-2.0169	-2.2697	-0.9985	-0.76607	0.30852	0.82439	0.80844	0.63096	0.35872	0.10235	-0.097944	-0.11548	-0.098044	-0.083168	-0.053776	-0.017682	0.041298	0.073915	8.0563
947.3	0.11336	0.069475	-0.090903	-0.0062345	-0.41635	-0.60249	-0.82565	-1.1492	-1.2736	-1.3874	-1.4169	-1.8197	-1.9137	-2.2067	-1.0839	-0.6242	0.31684	0.85293	0.81431	0.62851	0.36747	0.11629	-0.10123	-0.11411	-0.10169	-0.088364	-0.061364	-0.0065274	0.053841	0.070583	8.1074
946.02	0.093901	0.051511	-0.080031	0.011185	-0.43609	-0.62308	-0.83171	-1.1572	-1.2804	-1.378	-1.4873	-1.7318	-1.8283	-2.1933	-0.96723	-0.92873	0.30928	0.84151	0.8121	0.63252	0.34289	0.088768	-0.11092	-0.12174	-0.12128	-0.10551	-0.096635	-0.027315	0.024196	0.075811	8.0614
945.59	0.095577	0.0696	-0.10835	-0.0014898	-0.44748	-0.63851	-0.85023	-1.1658	-1.2658	-1.3932	-1.4828	-1.7928	-2.1109	-2.0464	-1.0858	-0.67895	0.29983	0.80669	0.81246	0.60913	0.33134	0.06881	-0.1444	-0.13673	-0.11249	-0.11408	-0.081593	-0.044917	0.046114	0.063862	8.0665
945.38	0.072705	0.046619	-0.11624	-0.0046609	-0.45558	-0.63991	-0.84877	-1.1903	-1.3186	-1.4016	-1.4712	-1.9138	-2.0761	-2.2769	-1.0016	-0.85786	0.29829	0.80939	0.80436	0.63768	0.32138	0.08729	-0.14603	-0.14573	-0.12491	-0.10729	-0.058975	-0.03853	0.014821	0.055316	8.0563
947.3	0.10683	0.041606	-0.10189	9.581e-005	-0.44827	-0.63884	-0.85035	-1.1702	-1.3024	-1.3955	-1.4579	-1.6693	-2.0368	-2.2067	-1.1176	-0.73125	0.31684	0.80775	0.80604	0.60331	0.3441	0.08097	-0.13461	-0.13798	-0.13526	-0.10877	-0.096505	-0.038452	0.025726	0.05008	8.0359
947.08	0.09706	0.038337	-0.10818	-0.0046526	-0.44358	-0.6299	-0.84395	-1.1769	-1.2858	-1.3942	-1.4941	-1.7449	-1.9669	-2.2072	-1.0504	-0.74925	0.31372	0.80793	0.7996	0.62393	0.33583	0.091741	-0.11556	-0.13354	-0.11231	-0.10369	-0.05636	-0.032075	0.038229	0.056926	8.0563
945.38	0.092328	0.049904	-0.094233	-0.0030748	-0.42839	-0.63409	-0.87022	-1.1661	-1.3101	-1.3983	-1.4917	-1.8685	-1.8471	-2.3097	-1.0354	-0.91148	0.30469	0.8446	0.80602	0.62505	0.33643	0.074982	-0.11896	-0.12929	-0.11783	-0.10218	-0.086639	-0.011339	0.052384	0.077574	8.0512
943.68	0.09741	0.048348	-0.092827	0.0080382	-0.46441	-0.66266	-0.87014	-1.1763	-1.2632	-1.3879	-1.4944	-1.7964	-1.9916	-1.9683	-1.0204	-0.59078	0.30684	0.8184	0.82408	0.62143	0.37055	0.087448	-0.12077	-0.11306	-0.11981	-0.088703	-0.069161	-0.030588	0.052478	0.055416	8.0921
940.7	0.08457	0.066661	-0.12155	-0.0062782	-0.44016	-0.6128	-0.8248	-1.2027	-1.3064	-1.4004	-1.4768	-1.9081	-2.0865	-2.3707	-1.0066	-0.96993	0.29174	0.82605	0.79837	0.63927	0.33138	0.090817	-0.12755	-0.13294	-0.10952	-0.10268	-0.061794	-0.0097892	0.032196	0.062475	8.0921
940.27	0.091186	0.046872	-0.099484	0.0016898	-0.46609	-0.65836	-0.86167	-1.1757	-1.2934	-1.388	-1.4809	-1.8787	-2.052	-2.3883	-1.0241	-0.91643	0.29991	0.82895	0.82706	0.62051	0.35003	0.078481	-0.10359	-0.11347	-0.13093	-0.099303	-0.084582	-0.019442	0.036932	0.064224	8.0614
940.27	0.09283	0.061736	-0.096324	-0.0046863	-0.43393	-0.61807	-0.84011	-1.1919	-1.3053	-1.3831	-1.4774	-1.7423	-2.0874	-2.2067	-1.092	-0.77266	0.30474	0.82895	0.82206	0.63638	0.34835	0.10169	-0.1132	-0.11948	-0.10779	-0.1113	-0.059295	-0.019442	0.05739	0.081438	8.0614
938.78	0.10286	0.06845	-0.10597	-0.0046937	-0.42496	-0.59495	-0.80821	-1.184	-1.2869	-1.3984	-1.4849	-1.6541	-1.9665	-2.359	-0.94068	-1.0619	0.33099	0.84547	0.81001	0.64534	0.32532	0.081705	-0.11017	-0.12719	-0.11687	-0.10632	-0.054324	-0.022694	0.021229	0.067773	8.0716
937.29	0.099722	0.060275	-0.085532	0.0096913	-0.44338	-0.64139	-0.86108	-1.1778	-1.2958	-1.3842	-1.5167	-1.8999	-1.9519	-2.164	-1.0954	-0.68496	0.31055	0.84427	0.81631	0.6193	0.36633	0.083389	-0.11195	-0.11684	-0.11349	-0.075556	-0.074703	-0.0033708	0.063886	0.062702	8.087
935.59	0.078423	0.076983	-0.098393	0.0081077	-0.43287	-0.62333	-0.84264	-1.175	-1.293	-1.3999	-1.5384	-1.7511	-2.0623	-2.2343	-0.89271	-0.8307	0.31596	0.84581	0.80943	0.64276	0.32305	0.080429	-0.13629	-0.13216	-0.10117	-0.12046	-0.069759	-0.02762	0.014976	0.059356	8.0206
935.59	0.099903	0.035488	-0.10792	0.014516	-0.4458	-0.64186	-0.86099	-1.193	-1.317	-1.3999	-1.4987	-2.1165	-2.1869	-2.3339	-1.0463	-0.7404	0.31757	0.80769	0.8245	0.63	0.36869	0.078874	-0.13146	-0.11403	-0.10654	-0.084303	-0.085005	-0.047014	0.057677	0.068005	8.0972
936.23	0.084974	0.060343	-0.10309	-0.0095099	-0.41642	-0.60823	-0.84707	-1.1856	-1.3384	-1.3825	-1.5288	-1.7499	-2.221	-2.4152	-1.0796	-0.93845	0.30121	0.83508	0.79883	0.64232	0.34985	0.10368	-0.11529	-0.13508	-0.097528	-0.092849	-0.044315	-0.0033747	0.03077	0.080062	8.0461
938.36	0.096314	0.093306	-0.075934	-0.0015013	-0.44287	-0.63206	-0.8518	-1.1911	-1.3029	-1.4153	-1.4925	-1.7611	-1.9319	-2.0953	-1.0432	-0.95433	0.32631	0.84585	0.83042	0.65836	0.34738	0.097244	-0.12145	-0.10617	-0.10444	-0.10809	-0.051817	-0.0098136	0.054353	0.091952	8.0614
940.27	0.10434	0.068342	-0.090003	0.0080673	-0.44841	-0.64833	-0.86001	-1.1513	-1.2746	-1.388	-1.4826	-1.9393	-1.928	-2.1736	-0.90525	-0.75468	0.31439	0.83654	0.82873	0.64432	0.36685	0.081575	-0.10359	-0.11196	-0.097108	-0.06675	-0.069411	-0.02105	0.058962	0.095209	8.0921
940.49	0.1076	0.078233	-0.097881	-0.0078725	-0.43223	-0.61551	-0.8366	-1.1835	-1.2795	-1.3958	-1.496	-1.6965	-2.1224	-2.1401	-1.0408	-0.89826	0.30467	0.82624	0.83021	0.66004	0.3634	0.11094	-0.10837	-0.10292	-0.068615	-0.08729	-0.039059	-0.014614	0.04951	0.060767	8.0665
941.13	0.11082	0.063331	-0.075711	9.6438e-005	-0.4239	-0.61594	-0.84266	-1.1681	-1.2973	-1.3965	-1.464	-1.8467	-2.0324	-2.3037	-1.1588	-0.82582	0.30446	0.83073	0.82465	0.64056	0.35644	0.098504	-0.11469	-0.11486	-0.11836	-0.087231	-0.069349	-0.0081775	0.057338	0.072765	8.0921
943.68	0.09741	0.073033	-0.107	-0.0094349	-0.44518	-0.62852	-0.83873	-1.1698	-1.3091	-1.3668	-1.4875	-1.6908	-1.9916	-2.3797	-0.98655	-0.94895	0.32447	0.83352	0.81909	0.64832	0.34877	0.093613	-0.10641	-0.12503	-0.09853	-0.10236	-0.071679	-0.0097583	0.021119	0.070854	8.0461
946.02	0.10697	0.059719	-0.10045	-0.0094115	-0.4313	-0.62702	-0.85479	-1.1653	-1.2991	-1.3958	-1.5129	-1.7769	-2.1276	-2.1768	-1.0685	-0.89301	0.31248	0.82895	0.82866	0.64198	0.36295	0.097995	-0.1141	-0.11726	-0.09475	-0.090187	-0.056423	-0.033708	0.047656	0.067255	8.087
947.08	0.088898	0.067851	-0.076803	-0.0030693	-0.43879	-0.63338	-0.85548	-1.172	-1.2925	-1.3651	-1.4941	-1.8652	-1.879	-2.404	-0.9493	-0.6422	0.31692	0.85563	0.81119	0.64441	0.37089	0.10403	-0.094897	-0.12011	-0.09641	-0.079878	-0.076442	0.0094355	0.030418	0.080852	8.0819
947.08	0.095427	0.069491	-0.10504	0.011173	-0.43401	-0.61188	-0.81759	-1.1704	-1.3129	-1.3991	-1.5027	-1.6245	-2.0724	-2.0432	-1.1684	-0.80279	0.30574	0.82801	0.82608	0.62708	0.35252	0.093277	-0.12351	-0.11116	-0.10701	-0.091785	-0.046316	-0.030478	0.049165	0.075726	8.0563
946.23	0.090612	0.0515	-0.091006	0.0048471	-0.43599	-0.62959	-0.8546	-1.1892	-1.314	-1.4003	-1.4835	-2.0325	-2.0039	-2.4061	-0.98389	-0.85709	0.28045	0.83128	0.80695	0.62922	0.34449	0.084137	-0.099756	-0.11424	-0.11595	-0.078247	-0.099124	-0.022515	0.046082	0.070662	8.0972
946.44	0.10203	0.072819	-0.12239	-0.0014885	-0.45027	-0.64911	-0.88078	-1.2212	-1.3053	-1.4049	-1.514	-1.9116	-2.2322	-2.3235	-1.068	-0.87476	0.28038	0.78336	0.81339	0.62592	0.36613	0.10102	-0.10928	-0.12019	-0.11769	-0.090146	-0.061419	-0.032096	0.049199	0.058676	8.0257
946.44	0.097125	0.053129	-0.10983	-0.0094073	-0.4295	-0.60679	-0.82639	-1.1889	-1.3104	-1.4	-1.5362	-1.6106	-2.1794	-2.2907	-1.2535	-0.98189	0.27879	0.81853	0.81339	0.64642	0.34775	0.10717	-0.11405	-0.12318	-0.10885	-0.11738	-0.048861	-0.033693	0.041382	0.051834	8.041
946.87	0.090551	0.051465	-0.098791	0.001678	-0.44368	-0.63325	-0.85238	-1.1932	-1.303	-1.4075	-1.4962	-2.0161	-2.0729	-2.4209	-1.0338	-0.98145	0.25151	0.82318	0.8064	0.64298	0.34759	0.097907	-0.10923	-0.1276	-0.094665	-0.088404	-0.086502	-0.016113	0.044488	0.070615	8.0921
945.59	0.11356	0.046609	-0.092639	0.0032646	-0.46187	-0.65729	-0.87002	-1.1932	-1.3336	-1.4401	-1.4879	-1.8229	-2.1109	-2.1614	-1.339	-0.82191	0.24865	0.80417	0.84229	0.63122	0.3698	0.10112	-0.11734	-0.094896	-0.089483	-0.09193	-0.06399	-0.032125	0.078973	0.08269	8.0512
946.02	0.082461	0.064644	-0.080031	-0.0030727	-0.41371	-0.60532	-0.84325	-1.1846	-1.316	-1.399	-1.4856	-1.8372	-2.1628	-2.4067	-1.0516	-0.85728	0.25014	0.82392	0.82369	0.6688	0.35459	0.097995	-0.12047	-0.13219	-0.091212	-0.0987	-0.071502	-0.011332	0.038272	0.053569	8.0921
945.17	0.098891	0.067988	-0.089537	9.6026e-005	-0.43008	-0.61671	-0.83906	-1.1825	-1.3427	-1.4311	-1.4852	-1.9443	-2.0238	-2.5567	-1.1201	-0.98322	0.25676	0.79699	0.82609	0.6473	0.37499	0.11039	-0.096683	-0.11886	-0.11962	-0.091971	-0.058988	-0.011342	0.027349	0.081016	8.0716
947.72	0.12473	0.06289	-0.10184	0.0095847	-0.45445	-0.65602	-0.87301	-1.1809	-1.3103	-1.4288	-1.4948	-1.879	-2.1589	-2.2221	-1.3192	-0.78442	0.25767	0.82746	0.84371	0.64083	0.37064	0.096283	-0.12184	-0.11556	-0.11047	-0.098522	-0.063846	-0.035244	0.066307	0.063719	8.0614
949.85	0.078872	0.066019	-0.084402	0.0016727	-0.4216	-0.61614	-0.84642	-1.1702	-1.2922	-1.4047	-1.5136	-1.7998	-2.1365	-2.4133	-0.92973	-0.87163	0.26187	0.81309	0.80882	0.66768	0.35483	0.10679	-0.12474	-0.1272	-0.094368	-0.11187	-0.061199	-0.038349	0.027214	0.065281	8.0512
950.7	0.11295	0.064326	-0.079637	0.0048243	-0.43235	-0.61844	-0.83253	-1.1644	-1.2741	-1.4276	-1.4919	-1.8131	-1.9945	-2.3295	-1.2311	-0.83528	0.27118	0.80236	0.83118	0.64039	0.38279	0.10669	-0.10245	-0.098844	-0.099564	-0.082963	-0.048642	-0.012867	0.041197	0.037982	8.0512
951.98	0.098184	0.06424	-0.09514	0.0048178	-0.4143	-0.60214	-0.82978	-1.1692	-1.2926	-1.3886	-1.4882	-1.7658	-2.1842	-2.2448	-1.1456	-0.85192	0.23269	0.82376	0.83335	0.65678	0.35404	0.10655	-0.097572	-0.1091	-0.11174	-0.10147	-0.068558	-0.035086	0.047358	0.066834	8.0716
951.98	0.086816	0.067502	-0.082653	0.0095418	-0.41113	-0.61177	-0.85108	-1.1708	-1.2792	-1.4128	-1.4899	-1.8855	-1.9918	-2.3916	-1.0953	-0.92292	0.24063	0.79379	0.82019	0.64894	0.35237	0.095853	-0.11813	-0.11801	-0.10646	-0.10316	-0.06606	-0.050969	0.028707	0.056634	8.0512
952.83	0.096475	0.051143	-0.071661	-0.01249	-0.4425	-0.64398	-0.87652	-1.1858	-1.3151	-1.4099	-1.4987	-1.8539	-2.0599	-2.4547	-1.3121	-1.0285	0.23407	0.81305	0.81945	0.64523	0.367	0.091188	-0.10697	-0.10456	-0.099341	-0.096303	-0.085962	-0.028708	0.036446	0.056583	8.0716
953.68	0.088283	0.064125	-0.10588	-0.010907	-0.40564	-0.59195	-0.83321	-1.1863	-1.3072	-1.4135	-1.5466	-1.8822	-2.1628	-2.485	-1.1101	-1.0099	0.23545	0.8173	0.80229	0.65874	0.36501	0.10941	-0.10213	-0.12372	-0.10803	-0.10804	-0.05597	-0.0048991	0.039516	0.059927	8.0665
954.32	0.097943	0.046183	-0.071549	-0.003046	-0.45765	-0.65285	-0.8588	-1.152	-1.2962	-1.4061	-1.4913	-2.075	-2.0044	-2.402	-1.2599	-0.8144	0.22895	0.83171	0.82803	0.63327	0.36808	0.091046	-0.11626	-0.11032	-0.13251	-0.087714	-0.10327	-0.030247	0.062747	0.039534	8.1074
954.53	0.086584	0.049426	-0.090215	0.0016645	-0.40844	-0.59067	-0.81939	-1.1741	-1.2858	-1.3881	-1.4977	-1.7611	-2.2656	-2.3364	-1.1593	-0.95588	0.25583	0.81409	0.81799	0.65659	0.368	0.11388	-0.10047	-0.10437	-0.092152	-0.092758	-0.045955	-0.023904	0.02863	0.064961	8.0819
953.04	0.098074	0.051132	-0.10283	-0.0077688	-0.43447	-0.63331	-0.86159	-1.1663	-1.3114	-1.4144	-1.4814	-2.018	-2.1119	-2.3563	-1.0941	-0.81549	0.24671	0.82534	0.81434	0.64665	0.37687	0.11254	-0.10536	-0.10305	-0.11863	-0.074308	-0.056008	-0.017595	0.0442	0.048079	8.0921
950.91	0.095042	0.05778	-0.085871	-0.0014815	-0.43703	-0.6204	-0.83399	-1.1737	-1.3228	-1.4224	-1.5	-1.8277	-2.1516	-2.4269	-1.214	-0.99504	0.24885	0.81468	0.83758	0.64809	0.36441	0.10973	-0.092933	-0.10477	-0.10834	-0.10497	-0.066133	-0.035126	0.036519	0.05159	8.0461
950.49	0.070687	0.054538	-0.065584	0.0079806	-0.442	-0.6333	-0.85077	-1.1855	-1.2947	-1.4118	-1.4973	-1.9185	-2.2052	-2.1993	-1.2146	-0.99548	0.23306	0.82505	0.83466	0.66252	0.35625	0.096003	-0.11832	-0.11522	-0.089022	-0.10332	-0.068665	-0.028778	0.052103	0.066939	8.041
949.21	0.078925	0.059518	-0.068803	-0.0078001	-0.45055	-0.63925	-0.85192	-1.1758	-1.2897	-1.4104	-1.4789	-1.9961	-2.0502	-2.4804	-1.0144	-0.97903	0.23018	0.82616	0.83248	0.67756	0.39005	0.11759	-0.10103	-0.11388	-0.089142	-0.067819	-0.081282	-0.016073	0.022556	0.058505	8.1227
947.72	0.10026	0.061251	-0.065776	0.017493	-0.41616	-0.60369	-0.82857	-1.1793	-1.3018	-1.424	-1.5222	-1.6685	-2.2643	-2.2221	-1.2518	-0.87358	0.25607	0.81491	0.85363	0.65973	0.37732	0.12391	-0.12025	-0.10959	-0.089282	-0.095123	-0.041268	-0.03684	0.069429	0.070551	8.0512
945.59	0.10212	0.058105	-0.056495	9.5983e-005	-0.42989	-0.60972	-0.82713	-1.1852	-1.3098	-1.4191	-1.541	-1.8531	-2.0228	-2.3913	-1.0521	-0.98277	0.24705	0.83938	0.83069	0.67699	0.37315	0.11496	-0.093456	-0.11133	-0.096562	-0.10386	-0.056449	-0.011337	0.064889	0.048458	8.0972
944.1	0.10228	0.061486	-0.072323	0.0080346	-0.40975	-0.61098	-0.84992	-1.1628	-1.3221	-1.4262	-1.528	-1.9314	-2.026	-2.3622	-1.1552	-0.96643	0.25385	0.82811	0.85358	0.667	0.37876	0.12131	-0.10795	-0.10702	-0.10735	-0.080131	-0.084239	-0.01616	0.03208	0.084537	8.0512
944.53	0.092411	0.061458	-0.084877	-0.0078388	-0.44318	-0.62653	-0.84458	-1.1962	-1.3402	-1.4239	-1.5564	-1.825	-2.2191	-2.4927	-1.2729	-0.966	0.24093	0.81767	0.83329	0.65721	0.39031	0.10431	-0.10312	-0.12043	-0.10376	-0.098855	-0.086717	-0.019354	0.043033	0.034803	8.0614
943.25	0.085981	0.054956	-0.080265	-0.011027	-0.44378	-0.62521	-0.84407	-1.2027	-1.3131	-1.4583	-1.5465	-2.054	-2.0455	-2.5454	-1.2408	-1.0569	0.23805	0.82634	0.82112	0.65178	0.36401	0.11062	-0.092091	-0.11161	-0.1039	-0.093867	-0.074231	-0.027396	0.043091	0.04343	8.0665
943.04	0.092557	0.053321	-0.09289	0.012811	-0.43426	-0.62803	-0.84922	-1.1803	-1.276	-1.4262	-1.5023	-1.9336	-2.1872	-2.3484	-1.2411	-0.89583	0.24612	0.79879	0.85953	0.65509	0.39428	0.1091	-0.11446	-0.096652	-0.10925	-0.088763	-0.079292	-0.024195	0.066636	0.065752	8.0665
940.7	0.082928	0.051802	-0.082064	-0.0046841	-0.44499	-0.6246	-0.83475	-1.1865	-1.3081	-1.4281	-1.5267	-1.8476	-2.2104	-2.4203	-1.1084	-0.70045	0.25638	0.83869	0.83835	0.67576	0.37509	0.11556	-0.11155	-0.12693	-0.10952	-0.10953	-0.06938	-0.016218	0.032196	0.067635	8.0461
937.51	0.099699	0.051979	-0.080757	-0.009497	-0.42715	-0.61741	-0.84591	-1.1759	-1.3194	-1.4705	-1.5215	-1.9298	-2.0225	-2.5942	-1.2824	-1.0453	0.24112	0.83647	0.84287	0.66692	0.36287	0.11285	-0.10229	-0.12134	-0.11525	-0.10475	-0.089903	-0.01466	0.016525	0.048876	8.087
936.87	0.093167	0.06859	-0.085571	0.0080967	-0.44035	-0.63597	-0.86314	-1.2044	-1.3203	-1.4536	-1.5312	-1.9615	-2.1483	-2.397	-1.2322	-1.046	0.2429	0.84466	0.85014	0.65144	0.37662	0.10516	-0.10075	-0.10332	-0.10103	-0.099664	-0.084889	-0.01467	0.060757	0.08519	8.0461
938.36	0.084781	0.063518	-0.098103	0.0064858	-0.4187	-0.60913	-0.84348	-1.1976	-1.3405	-1.461	-1.5425	-1.8977	-2.2337	-2.4263	-1.1622	-1.0444	0.22801	0.83065	0.84378	0.67108	0.35917	0.10344	-0.11022	-0.11219	-0.10444	-0.10637	-0.079687	-0.02915	0.035432	0.067804	8.0768
939.85	0.091228	0.045241	-0.088462	-0.0062839	-0.447	-0.64117	-0.86372	-1.1892	-1.3144	-1.4343	-1.5418	-2.0918	-2.0529	-2.5216	-1.1944	-1.0247	0.23248	0.81415	0.84244	0.66843	0.38553	0.093995	-0.10364	-0.106	-0.10249	-0.090779	-0.11245	-0.016233	0.0338	0.065976	8.0921
938.78	0.09627	0.066797	-0.053738	9.6679e-005	-0.43301	-0.62535	-0.85473	-1.197	-1.3091	-1.4441	-1.5177	-1.8058	-2.1794	-2.3921	-1.2977	-0.93589	0.24079	0.83787	0.8484	0.67873	0.38596	0.11734	-0.094133	-0.12117	-0.097262	-0.10289	-0.051793	-0.025915	0.0496	0.06605	8.0716
936.44	0.084955	0.061989	-0.084024	0.0081003	-0.44055	-0.62626	-0.84021	-1.187	-1.2935	-1.4428	-1.5301	-1.8712	-2.0426	-2.3318	-1.1817	-0.95629	0.23332	0.81458	0.85554	0.67883	0.36835	0.11764	-0.10723	-0.10337	-0.12074	-0.10487	-0.064615	-0.040513	0.046564	0.055844	8.087
934.95	0.095012	0.068731	-0.092104	0.0065094	-0.4364	-0.63848	-0.87158	-1.1954	-1.3145	-1.427	-1.5482	-1.9046	-2.2062	-2.4351	-1.1665	-0.95781	0.22237	0.80061	0.83177	0.65597	0.38585	0.1116	-0.11384	-0.11713	-0.11019	-0.11021	-0.067262	-0.038959	0.045055	0.047277	8.041
934.95	0.086744	0.053782	-0.10164	-0.0079191	-0.4736	-0.66333	-0.87158	-1.2068	-1.3213	-1.4533	-1.536	-1.8437	-2.2774	-2.5182	-1.4225	-0.93973	0.22076	0.81333	0.82674	0.66076	0.36894	0.11005	-0.1074	-0.1262	-0.12451	-0.11538	-0.069806	-0.024404	0.018153	0.045547	8.0563
935.59	0.096599	0.060385	-0.071394	-0.003107	-0.43449	-0.62772	-0.86265	-1.2142	-1.317	-1.4539	-1.5384	-2.1165	-2.1869	-2.5995	-1.2851	-1.0655	0.21091	0.82802	0.8379	0.64914	0.36531	0.091313	-0.11859	-0.12461	-0.12621	-0.096356	-0.12313	-0.013075	0.057677	0.040326	8.0921
937.51	0.079911	0.047011	-0.098192	-0.0031006	-0.4594	-0.65041	-0.86089	-1.1856	-1.3109	-1.4199	-1.5232	-1.8235	-2.2535	-2.412	-1.1973	-0.99125	0.22661	0.81872	0.84789	0.65577	0.37637	0.10354	-0.11193	-0.11983	-0.10275	-0.094442	-0.064542	-0.029177	0.02915	0.057508	8.0768
938.15	0.073265	0.06022	-0.075952	-0.0062953	-0.41557	-0.61019	-0.85199	-1.1897	-1.3373	-1.4205	-1.517	-1.8678	-2.1099	-2.4269	-1.1285	-1.0446	0.22645	0.8283	0.81891	0.6776	0.36094	0.10037	-0.095801	-0.11975	-0.095545	-0.1064	-0.097446	-0.024321	0.025977	0.043666	8.1023
939.42	0.084685	0.063446	-0.083758	0.0064784	-0.45203	-0.64827	-0.8691	-1.2027	-1.3355	-1.4202	-1.4874	-1.9562	-2.1779	-2.4236	-1.1269	-0.98923	0.2358	0.77909	0.83115	0.6449	0.37055	0.10023	-0.1149	-0.11808	-0.12748	-0.10454	-0.087188	-0.041993	0.030666	0.052221	8.0819
941.13	0.08289	0.05508	-0.089921	-0.0078672	-0.41908	-0.60816	-0.84266	-1.1859	-1.311	-1.4014	-1.5397	-1.771	-2.1917	-2.3862	-1.2267	-1.0234	0.23377	0.81305	0.81965	0.65483	0.36484	0.10623	-0.1035	-0.12988	-0.09702	-0.12147	-0.064294	-0.017818	0.040043	0.055566	8.0563
943.04	0.076163	0.048381	-0.069253	0.019168	-0.47114	-0.65804	-0.85418	-1.1981	-1.3134	-1.4424	-1.5143	-2.0394	-2.099	-2.3649	-1.1734	-0.93167	0.2365	0.81392	0.8346	0.65667	0.36242	0.10293	-0.11606	-0.10264	-0.11102	-0.088763	-0.084334	-0.040229	0.022703	0.053738	8.1176
945.38	0.080881	0.044976	-0.12253	0.0080237	-0.43479	-0.62264	-0.84712	-1.2064	-1.3203	-1.4	-1.4934	-1.8384	-2.2875	-2.3426	-1.1705	-0.85786	0.2631	0.78172	0.8342	0.64084	0.37323	0.12114	-0.11259	-0.11435	-0.11252	-0.10388	-0.048916	-0.041728	0.035168	0.043332	8.0716
947.72	0.095362	0.053058	-0.07048	-0.012558	-0.41616	-0.6088	-0.84997	-1.1873	-1.3103	-1.4127	-1.5	-1.7888	-1.9831	-2.4023	-1.1676	-0.90923	0.23693	0.81993	0.81891	0.64398	0.35896	0.10396	-0.10278	-0.12152	-0.09811	-0.10192	-0.058829	-0.014502	0.035081	0.048349	8.1432
949.64	0.08703	0.056221	-0.071902	0.014301	-0.43602	-0.6327	-0.84825	-1.156	-1.2941	-1.4066	-1.485	-1.8902	-1.9967	-2.2994	-1.098	-0.9252	0.23963	0.80576	0.82716	0.65368	0.36323	0.10987	-0.10891	-0.10788	-0.10672	-0.091539	-0.081246	-0.0065113	0.042801	0.060182	8.1381
951.55	0.10635	0.054477	-0.073319	-0.0062066	-0.43991	-0.62683	-0.83999	-1.1617	-1.2797	-1.3877	-1.5041	-1.7816	-2.0802	-2.2784	-1.1293	-0.97662	0.25822	0.80414	0.82714	0.64923	0.36915	0.10507	-0.10869	-0.11509	-0.097715	-0.089662	-0.063589	-0.043047	0.036494	0.049856	8.1074
953.46	0.08506	0.046224	-0.10123	9.519e-005	-0.43427	-0.62842	-0.85793	-1.1946	-1.2923	-1.4058	-1.5079	-1.8676	-2.1983	-2.339	-1.1606	-1.0101	0.24343	0.78258	0.81069	0.64793	0.35182	0.09723	-0.11795	-0.1119	-0.10981	-0.099619	-0.070943	-0.038203	0.048836	0.061639	8.1432
954.53	0.083345	0.077082	-0.069977	0.0016645	-0.41161	-0.59611	-0.82919	-1.1901	-1.2993	-1.356	-1.4842	-1.7312	-2.1609	-2.4503	-1.1258	-1.0267	0.2495	0.77921	0.81635	0.63939	0.35309	0.11083	-0.11782	-0.11621	-0.11845	-0.10457	-0.053428	-0.039745	0.033281	0.059873	8.0819
954.95	0.08169	0.0429	-0.087063	-0.0014752	-0.45576	-0.63469	-0.83373	-1.1752	-1.2987	-1.4068	-1.4784	-1.7454	-2.2123	-2.254	-1.142	-1.0262	0.24939	0.80127	0.81763	0.64066	0.36618	0.11688	-0.097268	-0.11764	-0.09912	-0.11127	-0.068344	-0.028644	0.02242	0.083577	8.1023
952.83	0.086739	0.052774	-0.079459	-0.014064	-0.44884	-0.62433	-0.83068	-1.1826	-1.2814	-1.4196	-1.4631	-1.8988	-2.0774	-2.3732	-1.1111	-0.72701	0.22931	0.81305	0.80794	0.64523	0.37364	0.10798	-0.10539	-0.109	-0.11515	-0.077706	-0.073485	-0.022359	0.028681	0.04639	8.1483
950.91	0.10155	0.069211	-0.079619	0.0032463	-0.4577	-0.62945	-0.81758	-1.1673	-1.2907	-1.4079	-1.5086	-1.7528	-2.0816	-2.378	-1.2644	-1.0484	0.25521	0.79718	0.81945	0.62926	0.36441	0.11432	-0.1056	-0.1122	-0.11186	-0.10327	-0.073633	-0.014453	0.052079	0.065208	8.0768
949.42	0.08705	0.046421	-0.076614	0.0064102	-0.42338	-0.62074	-0.85008	-1.1675	-1.2826	-1.4182	-1.516	-1.8756	-2.1199	-2.398	-1.3	-0.97881	0.2381	0.81095	0.81744	0.65069	0.36165	0.1099	-0.078806	-0.093026	-0.10322	-0.088166	-0.071245	-0.022439	0.050603	0.049968	8.1227
949.21	0.087069	0.057883	-0.053148	0.0095696	-0.4394	-0.62943	-0.84206	-1.1678	-1.3116	-1.4024	-1.4789	-1.936	-2.1204	-2.4313	-1.0144	-0.92561	0.23974	0.80863	0.81432	0.65712	0.37506	0.11299	-0.097856	-0.10347	-0.10677	-0.094974	-0.09631	-0.04156	0.047496	0.073849	8.133
948.57	0.083868	0.059558	-0.095481	-0.012546	-0.42695	-0.61381	-0.83769	-1.1654	-1.3193	-1.3872	-1.5396	-1.7721	-2.1394	-2.4165	-1.2002	-1.0509	0.24947	0.8192	0.82808	0.66228	0.37698	0.11307	-0.085226	-0.11247	-0.094495	-0.095038	-0.063789	-0.033618	0.03505	0.065369	8.133
946.66	0.10037	0.059679	-0.06742	0.0080129	-0.42462	-0.61806	-0.83939	-1.1548	-1.3084	-1.3964	-1.4914	-1.866	-1.9502	-2.2902	-1.152	-0.96383	0.22601	0.82085	0.82148	0.64943	0.36772	0.10715	-0.09335	-0.099266	-0.096453	-0.074809	-0.058895	-0.01931	0.049188	0.058662	8.1738
943.47	0.095792	0.064819	-0.059773	0.020749	-0.42605	-0.61668	-0.83561	-1.1733	-1.2941	-1.4012	-1.5273	-1.7968	-2.0627	-2.265	-1.1052	-0.91333	0.25402	0.82111	0.86246	0.64214	0.37734	0.1183	-0.10164	-0.083129	-0.11984	-0.064817	-0.066655	-0.0049521	0.077582	0.086309	8.0716
941.55	0.095987	0.083095	-0.089881	-0.0062725	-0.4205	-0.61013	-0.84228	-1.1805	-1.3001	-1.4122	-1.5356	-1.8459	-2.0669	-2.3686	-1.1074	-0.89725	0.2433	0.83288	0.82594	0.66088	0.37811	0.09846	-0.092257	-0.11631	-0.10764	-0.10772	-0.097093	-0.035475	0.027454	0.045228	8.133
940.06	0.089562	0.023756	-0.094766	-0.0046873	-0.47746	-0.67165	-0.8768	-1.1938	-1.3176	-1.4486	-1.5087	-2.061	-2.1056	-2.4384	-1.3299	-0.66498	0.22117	0.80132	0.82891	0.63335	0.36862	0.10171	-0.11002	-0.10447	-0.12383	-0.08219	-0.099775	-0.032314	0.046385	0.029804	8.1738
939.64	0.063278	0.066737	-0.11853	0.0048811	-0.46158	-0.64807	-0.8523	-1.1911	-1.3062	-1.4248	-1.5404	-1.7587	-2.142	-2.39	-1.1607	-1.0789	0.23414	0.77638	0.83763	0.63523	0.3469	0.11414	-0.10046	-0.11956	-0.10786	-0.12337	-0.054275	-0.051638	0.036957	0.078048	8.0461
940.27	0.071455	0.041917	-0.050492	9.6526e-005	-0.43876	-0.63266	-0.85504	-1.1789	-1.3002	-1.4092	-1.5101	-2.0302	-2.0874	-2.3388	-1.2447	-0.82656	0.20021	0.83148	0.83706	0.64749	0.38199	0.097046	-0.097186	-0.10295	-0.10423	-0.083883	-0.089639	-0.038739	0.033785	0.057339	8.1585
940.06	0.099428	0.068357	-0.077377	-0.0014986	-0.43081	-0.62642	-0.85689	-1.184	-1.3193	-1.4258	-1.4967	-1.8943	-2.0702	-2.5045	-1.2959	-0.77283	0.22438	0.80891	0.83558	0.64764	0.39049	0.11718	-0.10522	-0.10147	-0.12383	-0.08219	-0.084601	-0.030705	0.032218	0.04702	8.133
939.42	0.086332	0.066752	-0.086921	-0.0014996	-0.43593	-0.62476	-0.84751	-1.1881	-1.3185	-1.4235	-1.5236	-1.6833	-2.1602	-2.374	-1.2798	-1.0612	0.2358	0.81452	0.84115	0.64967	0.35877	0.10178	-0.098876	-0.11206	-0.10254	-0.10797	-0.061878	-0.032336	0.03224	0.03327	8.0665
938.15	0.089745	0.043668	-0.075952	-0.012686	-0.42847	-0.61446	-0.84201	-1.1848	-1.3032	-1.4271	-1.5222	-1.9285	-2.0744	-2.4434	-1.2476	-0.93653	0.20227	0.8207	0.81724	0.65532	0.36768	0.10657	-0.094197	-0.10469	-0.10447	-0.094378	-0.067033	-0.006591	0.060674	0.041942	8.1176
937.51	0.079911	0.050323	-0.087099	-0.017491	-0.43199	-0.62828	-0.8559	-1.1547	-1.328	-1.4297	-1.5094	-1.869	-2.0047	-2.677	-1.1292	-1.0093	0.2137	0.82379	0.82783	0.66214	0.36962	0.10664	-0.083021	-0.11983	-0.1081	-0.096159	-0.087366	-0.019499	0.021258	0.033338	8.0921
937.93	0.091414	0.0503	-0.096564	-0.01109	-0.4463	-0.63744	-0.8605	-1.1932	-1.3188	-1.4111	-1.5225	-1.7771	-2.2702	-2.4274	-1.2819	-0.8827	0.21844	0.793	0.81576	0.6507	0.35596	0.1128	-0.10385	-0.1258	-0.10627	-0.10814	-0.059443	-0.024327	0.04649	0.05058	8.1125
936.66	0.088236	0.053685	-0.064967	-0.0031034	-0.47435	-0.64812	-0.83669	-1.1916	-1.3001	-1.4277	-1.535	-1.9772	-2.0777	-2.4805	-1.2325	-0.93802	0.2139	0.82962	0.82189	0.64999	0.37333	0.11606	-0.097562	-0.1124	-0.11178	-0.084207	-0.087446	-0.011445	0.027597	0.04028	8.1534
936.02	0.084993	0.066995	-0.074536	0.006502	-0.44237	-0.64665	-0.87726	-1.1924	-1.3044	-1.4238	-1.4893	-1.9177	-2.0435	-2.2499	-1.2504	-0.90255	0.2205	0.80478	0.84087	0.64406	0.37866	0.1006	-0.10406	-0.10945	-0.11543	-0.09115	-0.079887	-0.021146	0.057651	0.071434	8.133
935.8	0.098229	0.038799	-0.10314	0.0032987	-0.44732	-0.62641	-0.83912	-1.2122	-1.3235	-1.4257	-1.5191	-1.8115	-2.3109	-2.3665	-1.2677	-0.92081	0.22702	0.78972	0.82431	0.64899	0.37198	0.11461	-0.10569	-0.11854	-0.11367	-0.11527	-0.049416	-0.056699	0.019717	0.03167	8.133
935.38	0.076787	0.06704	-0.088885	-0.015928	-0.43135	-0.62486	-0.85951	-1.19	-1.3362	-1.4411	-1.5128	-1.9038	-2.1161	-2.5503	-1.1659	-0.99351	0.21096	0.785	0.81463	0.63652	0.35694	0.095998	-0.097695	-0.11557	-0.11372	-0.091213	-0.090108	-0.0066105	0.037125	0.040335	8.1227
935.8	0.071796	0.042117	-0.084081	-0.0031063	-0.44085	-0.63382	-0.86246	-1.2057	-1.3218	-1.4225	-1.5658	-1.9942	-2.1686	-2.3168	-1.2507	-1.1195	0.20763	0.82021	0.83101	0.6474	0.35339	0.089737	-0.10248	-0.11703	-0.097572	-0.11011	-0.084986	-0.043772	0.037108	0.062802	8.1074
935.8	0.070145	0.045436	-0.088844	-0.0079119	-0.43762	-0.61944	-0.84079	-1.2008	-1.3441	-1.4438	-1.5312	-1.9181	-2.0618	-2.4661	-1.1142	-0.95694	0.21409	0.81259	0.81761	0.65696	0.36184	0.097509	-0.11535	-0.13062	-0.095785	-0.10494	-0.084986	-0.02923	0.018136	0.059343	8.1483
935.38	0.071829	0.038816	-0.080941	0.012916	-0.46692	-0.67136	-0.88119	-1.1769	-1.331	-1.4526	-1.5232	-1.9342	-2.0627	-2.2514	-1.2001	-0.88511	0.23359	0.80279	0.84647	0.63493	0.36877	0.10067	-0.11701	-0.11104	-0.12087	-0.087767	-0.077398	-0.029243	0.043454	0.043795	8.1125
934.31	0.07853	0.058806	-0.06513	-0.0047162	-0.42375	-0.61028	-0.8438	-1.2044	-1.3342	-1.4165	-1.5475	-1.8602	-2.1364	-2.4202	-1.1331	-0.92228	0.23385	0.81643	0.81724	0.63884	0.35734	0.08988	-0.10747	-0.13385	-0.10489	-0.11201	-0.074941	-0.037369	0.027667	0.049043	8.0921
934.31	0.081839	0.033874	-0.06513	-0.0047162	-0.46097	-0.64385	-0.84547	-1.1799	-1.3051	-1.4428	-1.5163	-2.0127	-2.1186	-2.4368	-1.3039	-0.81376	0.229	0.81897	0.81892	0.63884	0.3675	0.092995	-0.12359	-0.11419	-0.13355	-0.094765	-0.092756	-0.03575	0.034001	0.040381	8.1534
937.08	0.081598	0.045374	-0.080794	-0.0095013	-0.44832	-0.63066	-0.8413	-1.1813	-1.3354	-1.4336	-1.5291	-1.9307	-2.0768	-2.4131	-1.1298	-1.0999	0.22994	0.82924	0.82821	0.65129	0.35966	0.083407	-0.099123	-0.11838	-0.093867	-0.094485	-0.074719	-0.021122	0.024427	0.073079	8.1125
940.49	0.099383	0.04521	-0.067862	9.6504e-005	-0.44509	-0.63089	-0.83992	-1.1689	-1.3153	-1.4203	-1.5098	-1.8328	-2.2109	-2.2887	-1.2614	-0.9342	0.24036	0.8136	0.82687	0.65211	0.35836	0.11094	-0.11157	-0.10893	-0.10954	-0.09928	-0.056755	-0.035515	0.035351	0.038394	8.1432
942.19	0.068028	0.045128	-0.07247	9.6329e-005	-0.44107	-0.63172	-0.84668	-1.1668	-1.318	-1.4242	-1.4916	-1.9505	-1.9064	-2.367	-1.2253	-0.86077	0.22548	0.81718	0.83536	0.63192	0.36443	0.10302	-0.09539	-0.09374	-0.11467	-0.090553	-0.054128	-0.017798	0.049421	0.053787	8.1227
943.68	0.072836	0.059867	-0.069206	-0.0014928	-0.42115	-0.60101	-0.8222	-1.1779	-1.2955	-1.3879	-1.5184	-1.7512	-2.0269	-2.281	-0.96963	-0.91312	0.25397	0.82345	0.81577	0.65939	0.36385	0.11057	-0.092049	-0.12054	-0.064837	-0.098945	-0.043965	-0.02578	0.019552	0.072568	8.0716
943.47	0.084322	0.081279	-0.062922	0.0064507	-0.44048	-0.61799	-0.82404	-1.1814	-1.2975	-1.3947	-1.5153	-1.8421	-2.0803	-2.265	-1.1559	-0.84169	0.2396	0.82363	0.82094	0.64214	0.35052	0.11522	-0.11281	-0.11608	-0.13048	-0.092137	-0.076735	-0.037006	0.041512	0.050283	8.1176
945.38	0.069434	0.053189	-0.078514	0.0048514	-0.44758	-0.6342	-0.84712	-1.1919	-1.3169	-1.4291	-1.5071	-1.8233	-2.3228	-2.3919	-1.1536	-1.0009	0.25191	0.80687	0.81265	0.62505	0.35483	0.10883	-0.1094	-0.12033	-0.1196	-0.10558	-0.069036	-0.020937	0.019517	0.058742	8.087
947.72	0.069263	0.049781	-0.07048	-0.0062317	-0.43212	-0.63084	-0.8582	-1.16	-1.3035	-1.4013	-1.5068	-1.9541	-1.948	-2.3368	-1.235	-0.96274	0.22895	0.79735	0.80899	0.63611	0.34561	0.085539	-0.1139	-0.11705	-0.09811	-0.11212	-0.073881	-0.038435	0.028836	0.014193	8.1227
950.27	0.073958	0.016964	-0.081237	0.0032485	-0.44687	-0.63587	-0.85096	-1.189	-1.2966	-1.3911	-1.4823	-1.8889	-2.1356	-2.3305	-1.2148	-0.90679	0.23788	0.81022	0.80681	0.64539	0.34468	0.10062	-0.11042	-0.10186	-0.097846	-0.081306	-0.088695	-0.028785	0.020973	0.049923	8.1789
950.91	0.090166	0.059412	-0.076494	0.0048232	-0.41795	-0.60068	-0.82086	-1.1657	-1.2941	-1.3854	-1.4541	-1.7228	-2.0466	-2.3453	-1.0797	-0.87065	0.24408	0.77217	0.81286	0.64025	0.36774	0.10514	-0.086599	-0.11368	-0.099541	-0.091416	-0.061131	-0.023995	0.019403	0.054994	8.0972
950.91	0.075533	0.05288	-0.067118	0.0016709	-0.43385	-0.60448	-0.80118	-1.1481	-1.2823	-1.3773	-1.5	-1.7828	-2.1341	-2.231	-1.2308	-0.90618	0.23136	0.81718	0.81945	0.64182	0.35776	0.10361	-0.10718	-0.10625	-0.11186	-0.10666	-0.068635	-0.039896	0.016292	0.053293	8.1074
950.06	0.078855	0.054562	-0.08282	0.012716	-0.43583	-0.63054	-0.84623	-1.1603	-1.2784	-1.4108	-1.498	-1.9493	-1.9958	-2.3474	-1.0975	-0.94258	0.23475	0.79539	0.83668	0.64554	0.36973	0.11595	-0.10728	-0.09445	-0.089062	-0.10167	-0.046171	-0.024016	0.044339	0.058452	8.1074
950.91	0.083662	0.038182	-0.073369	-0.0014815	-0.41318	-0.61074	-0.84711	-1.1609	-1.311	-1.3741	-1.5171	-1.8577	-2.1166	-2.378	-0.99582	-0.94174	0.21387	0.80468	0.81945	0.66065	0.37938	0.09749	-0.099265	-0.13151	-0.069622	-0.081252	-0.053632	-0.019224	0.025628	0.056697	8.1381
950.91	0.082037	0.030017	-0.084307	-0.0077862	-0.41318	-0.63012	-0.88976	-1.1786	-1.316	-1.4305	-1.4711	-1.9026	-2.0466	-2.4759	-1.1469	-0.74623	0.22659	0.82218	0.80792	0.64339	0.35942	0.11126	-0.11035	-0.11963	-0.10834	-0.088028	-0.063632	-0.022404	0.030295	0.056697	8.1381
950.06	0.086991	0.049658	-0.087511	0.02376	-0.4215	-0.61437	-0.83474	-1.1652	-1.2649	-1.4237	-1.5048	-1.8593	-2.136	-2.3964	-1.1479	-0.90699	0.25544	0.80039	0.83668	0.63611	0.38138	0.11442	-0.10252	-0.10486	-0.12253	-0.084716	-0.056183	-0.024016	0.014748	0.051637	8.1023
949.85	0.073991	0.031684	-0.098482	-0.0077949	-0.44548	-0.62584	-0.83164	-1.1654	-1.2989	-1.3901	-1.4693	-1.7398	-1.9787	-2.2008	-1.0306	-0.90719	0.2555	0.8256	0.82037	0.66139	0.36981	0.099132	-0.10096	-0.11827	-0.087319	-0.084734	-0.058697	-0.024022	0.019425	0.060168	8.1738
948.78	0.074074	0.061182	-0.097025	0.007995	-0.4412	-0.6383	-0.86216	-1.1892	-1.2632	-1.4159	-1.4795	-1.8018	-2.1916	-2.2523	-1.1158	-0.76573	0.25419	0.79145	0.82625	0.64326	0.36356	0.11304	-0.1217	-0.10798	-0.13152	-0.091621	-0.093846	-0.032017	0.03972	0.021	8.1585
949.42	0.074024	0.048055	-0.086005	-0.0093778	-0.42019	-0.59676	-0.81722	-1.174	-1.2809	-1.3795	-1.5109	-1.7706	-2.1024	-2.3817	-1.1151	-1.1034	0.24924	0.79593	0.80589	0.64125	0.36165	0.11297	-0.10259	-0.12279	-0.097934	-0.096648	-0.048708	-0.051106	0.013199	0.056786	8.0819
949	0.083831	0.039895	-0.076648	-0.0046432	-0.4156	-0.6214	-0.87019	-1.1825	-1.3035	-1.4043	-1.5269	-2.0266	-2.0331	-2.3009	-1.1828	-0.90801	0.22545	0.81382	0.80625	0.6384	0.35015	0.093088	-0.1074	-0.10498	-0.10151	-0.0916	-0.0813	-0.02723	0.047506	0.044873	8.1278
949	0.064284	0.039895	-0.097003	-0.0046432	-0.43632	-0.62307	-0.84553	-1.1906	-1.3339	-1.4205	-1.4945	-1.8914	-2.0507	-2.4646	-1.0147	-0.90801	0.2382	0.8038	0.81615	0.64783	0.36848	0.10535	-0.10264	-0.11689	-0.10327	-0.086507	-0.066267	-0.022449	0.013205	0.060222	8.1278
946.87	0.084019	0.048185	-0.089376	-0.0046536	-0.43889	-0.61804	-0.82931	-1.1787	-1.303	-1.4042	-1.4825	-1.8506	-2.0377	-2.4045	-1.1518	-0.83866	0.24193	0.82569	0.82295	0.6351	0.36597	0.094833	-0.094919	-0.12014	-0.10704	-0.090106	-0.066416	-0.0225	0.035113	0.051811	8.1278
943.68	0.072836	0.056576	-0.069206	0.0032712	-0.41634	-0.62712	-0.87675	-1.1811	-1.3006	-1.4187	-1.503	-2.0229	-1.974	-2.4455	-1.2233	-0.8415	0.23153	0.83604	0.81577	0.64199	0.36218	0.095154	-0.1096	-0.11455	-0.11095	-0.097237	-0.084277	-0.027383	0.050911	0.051986	8.1687
941.34	0.069732	0.066616	-0.10411	0.020796	-0.42541	-0.62156	-0.85241	-1.1986	-1.3345	-1.4043	-1.5342	-1.816	-2.2443	-2.3526	-0.97204	-1.1488	0.24335	0.7674	0.81946	0.64835	0.35468	0.10775	-0.12266	-0.11634	-0.10944	-0.11117	-0.074382	-0.029058	0.038463	0.050397	8.0921
940.7	0.073066	0.036945	-0.077324	-0.011057	-0.41766	-0.61968	-0.87289	-1.2076	-1.3133	-1.4151	-1.5267	-1.9536	-2.2104	-2.4368	-1.1084	-0.8801	0.2178	0.80583	0.81336	0.65196	0.365	0.095455	-0.10995	-0.12243	-0.10774	-0.095833	-0.08707	-0.041936	0.0038849	0.036666	8.1636
941.34	0.081229	0.053418	-0.099372	-0.0078654	-0.46075	-0.64777	-0.85739	-1.1922	-1.343	-1.4385	-1.4947	-1.8917	-2.1558	-2.4186	-1.2094	-0.95131	0.24175	0.79771	0.81447	0.64676	0.353	0.098482	-0.12586	-0.12234	-0.113	-0.094058	-0.061753	-0.025844	0.035319	0.052115	8.1278
941.76	0.084475	0.058341	-0.051991	-0.0046788	-0.4477	-0.62285	-0.8189	-1.1544	-1.3186	-1.4118	-1.5215	-1.8303	-2.1195	-2.4835	-1.175	-0.96884	0.24967	0.83017	0.82409	0.64647	0.35619	0.10153	-0.08744	-0.11929	-0.088069	-0.095725	-0.046578	-0.011383	0.036874	0.074433	8.1125
940.06	0.069827	0.050187	-0.067893	-0.0046873	-0.45816	-0.6434	-0.85025	-1.1857	-1.3278	-1.4209	-1.5174	-1.8943	-2.0347	-2.2072	-1.1092	-0.77283	0.23564	0.83673	0.82891	0.65399	0.37366	0.1079	-0.098809	-0.1165	-0.10069	-0.089044	-0.064367	-0.033922	0.055828	0.0453	8.1687
937.93	0.08482	0.08507	-0.077552	0.001694	-0.42695	-0.6305	-0.86881	-1.1835	-1.324	-1.4258	-1.5018	-1.8986	-2.0394	-2.444	-1.1457	-0.93674	0.24424	0.82342	0.82244	0.6507	0.3762	0.1128	-0.10866	-0.12279	-0.11876	-0.10127	-0.079724	-0.032388	0.014939	0.06611	8.1278
936.44	0.091559	0.063648	-0.082437	-0.0015044	-0.45508	-0.64489	-0.85854	-1.1935	-1.3244	-1.4493	-1.5111	-1.9016	-2.2382	-2.3981	-1.4032	-1.0285	0.2414	0.80442	0.81204	0.62942	0.34809	0.097443	-0.10884	-0.11846	-0.11538	-0.12035	-0.090005	-0.02921	0.038664	0.043745	8.0921
936.66	0.081635	0.037105	-0.098282	-0.011105	-0.43077	-0.60545	-0.82337	-1.1916	-1.3035	-1.431	-1.5142	-1.9924	-2.0777	-2.497	-1.2496	-0.99215	0.21551	0.81185	0.82022	0.66115	0.36658	0.10208	-0.11363	-0.11994	-0.10642	-0.10313	-0.087446	-0.030817	0.030756	0.062745	8.1176
938.15	0.10293	0.055255	-0.094959	0.0016936	-0.45587	-0.64313	-0.85033	-1.1832	-1.3237	-1.4418	-1.5136	-2.0044	-2.0921	-2.4269	-1.1965	-0.84646	0.22645	0.80803	0.83729	0.64578	0.3896	0.10037	-0.095801	-0.10921	-0.11874	-0.075487	-0.056897	-0.016262	0.03544	0.057469	8.1738
939.42	0.086332	0.063446	-0.06952	-0.0046905	-0.41823	-0.60899	-0.84585	-1.1913	-1.3406	-1.417	-1.5236	-1.7742	-2.3552	-2.4566	-1.2459	-0.97125	0.23258	0.82718	0.83281	0.65761	0.3756	0.13739	-0.095671	-0.11507	-0.10432	-0.11826	-0.074533	-0.030726	0.046417	0.052221	8.1278
938.78	0.083097	0.070105	-0.090146	0.0032882	-0.43945	-0.62656	-0.8431	-1.184	-1.3125	-1.4294	-1.5315	-1.8362	-2.1439	-2.326	-1.1617	-0.91788	0.23435	0.82774	0.84673	0.66442	0.37417	0.13284	-0.10536	-0.10462	-0.11687	-0.092597	-0.069521	-0.022694	0.033839	0.038464	8.1176
939.21	0.081413	0.051885	-0.069536	-0.0062881	-0.42315	-0.62549	-0.86763	-1.1835	-1.3153	-1.4173	-1.5205	-1.8505	-2.1607	-2.3414	-1.1612	-0.95347	0.23425	0.81218	0.85636	0.66412	0.3841	0.108	-0.1005	-0.11059	-0.068709	-0.10113	-0.0543	-0.029124	0.057455	0.10049	8.1023
941.13	0.10424	0.041879	-0.074132	-0.011052	-0.40944	-0.61734	-0.87415	-1.1843	-1.3212	-1.4307	-1.5088	-1.9981	-2.2625	-2.4522	-1.2606	-0.70014	0.21449	0.83073	0.82298	0.66118	0.39845	0.1186	-0.093899	-0.11036	-0.10413	-0.075248	-0.097137	-0.029065	0.03061	0.043528	8.184
941.98	0.091022	0.061625	-0.094573	-0.023773	-0.41388	-0.6035	-0.84687	-1.1865	-1.3353	-1.4424	-1.5383	-1.8299	-1.9245	-2.4665	-1.1747	-1.0404	0.22874	0.78455	0.82889	0.66058	0.3729	0.12775	-0.1034	-0.10426	-0.10404	-0.095703	-0.056665	-0.022617	0.030583	0.045207	8.1176
943.47	0.085962	0.051651	-0.075523	0.0032719	-0.4581	-0.64449	-0.84553	-1.1701	-1.3145	-1.4239	-1.5376	-1.8572	-2.1333	-2.3638	-1.1898	-0.98499	0.20755	0.81607	0.83257	0.65796	0.37399	0.11368	-0.09207	-0.11458	-0.084363	-0.093846	-0.066655	-0.016171	0.046218	0.07087	8.1432
943.68	0.081027	0.059867	-0.095976	9.6177e-005	-0.41314	-0.60065	-0.83873	-1.2005	-1.3244	-1.422	-1.5544	-1.9323	-2.0975	-2.3962	-1.0542	-0.87733	0.20109	0.81085	0.82408	0.66413	0.38396	0.12598	-0.10322	-0.10707	-0.096758	-0.075045	-0.06664	-0.03219	0.041503	0.031406	8.184
944.32	0.080972	0.033515	-0.088043	0.0064448	-0.42727	-0.61452	-0.83816	-1.1868	-1.3337	-1.4437	-1.5174	-1.8405	-2.1138	-2.5425	-1.2225	-1.0378	0.19615	0.79016	0.82518	0.64946	0.37533	0.098171	-0.10474	-0.12196	-0.10378	-0.083524	-0.061558	-0.028967	0.028939	0.043381	8.1278
946.44	0.077524	0.049848	-0.067435	-0.017326	-0.47104	-0.6491	-0.85111	-1.2035	-1.3442	-1.4372	-1.5379	-1.9568	-2.2146	-2.422	-1.3715	-0.99974	0.19731	0.80094	0.81836	0.648	0.36112	0.10256	-0.099734	-0.11123	-0.10001	-0.11738	-0.07147	-0.027303	0.025749	0.050125	8.1432
948.36	0.064327	0.057935	-0.087668	-0.0078071	-0.42226	-0.59534	-0.8132	-1.1817	-1.3111	-1.4376	-1.5399	-1.9828	-2.1048	-2.5317	-1.2173	-1.2828	0.19531	0.78929	0.8167	0.664	0.36706	0.11002	-0.10588	-0.10505	-0.092751	-0.086565	-0.063803	-0.041597	0.031936	0.031251	8.1381
949.85	0.070734	0.044764	-0.084402	-0.0014831	-0.44229	-0.6305	-0.84149	-1.1606	-1.3209	-1.4224	-1.5068	-1.8448	-2.1365	-2.4623	-1.1146	-1.1029	0.20297	0.78806	0.82697	0.65668	0.36482	0.10832	-0.093037	-0.11083	-0.10142	-0.089823	-0.056196	-0.033572	0.025657	0.061873	8.1381
950.49	0.072314	0.061073	-0.070275	9.5488e-005	-0.44359	-0.61321	-0.81303	-1.1823	-1.3132	-1.4231	-1.4956	-1.8885	-2.1701	-2.4607	-1.1306	-0.95994	0.20124	0.78253	0.81652	0.65781	0.36624	0.12661	-0.11515	-0.11373	-0.10487	-0.093152	-0.043651	-0.022414	0.027196	0.051614	8.1636
948.78	0.072444	0.041541	-0.078232	0.0032536	-0.43323	-0.62025	-0.8375	-1.1732	-1.3071	-1.4095	-1.4932	-1.8769	-2.174	-2.5797	-1.0485	-1.1398	0.2032	0.79646	0.82294	0.65584	0.37189	0.11457	-0.093141	-0.11245	-0.10329	-0.112	-0.076305	-0.02883	0.019447	0.036353	8.1227
947.72	0.074157	0.046504	-0.081456	-0.0014865	-0.45445	-0.63985	-0.85326	-1.2051	-1.3221	-1.424	-1.5119	-1.9241	-2.194	-2.4187	-1.2518	-1.0697	0.20502	0.77477	0.81891	0.65343	0.35896	0.11317	-0.10913	-0.11406	-0.10164	-0.10702	-0.061337	-0.046412	0.027275	0.063719	8.1278
946.44	0.085691	0.062975	-0.098836	-0.014159	-0.43589	-0.62527	-0.85111	-1.1825	-1.2985	-1.4356	-1.5071	-1.8965	-2.1618	-2.5861	-1.3041	-0.99974	0.19251	0.80345	0.80511	0.65431	0.3678	0.11639	-0.10451	-0.1172	-0.11062	-0.10206	-0.091567	-0.040085	0.028874	0.046703	8.1176
947.72	0.075787	0.056335	-0.08616	0.0064217	-0.43212	-0.6163	-0.8368	-1.1954	-1.3204	-1.4191	-1.5358	-1.9691	-2.1589	-2.6481	-1.1844	-1.1945	0.19066	0.79234	0.8156	0.65815	0.36397	0.11163	-0.096422	-0.11257	-0.10164	-0.096822	-0.071373	0.0062384	0.010102	0.05518	8.1227
947.93	0.082295	0.030111	-0.076734	-0.0030665	-0.41607	-0.60593	-0.8399	-1.1806	-1.3269	-1.4237	-1.5406	-1.9837	-2.1408	-2.4018	-1.1505	-0.92686	0.19062	0.79216	0.8336	0.67532	0.38891	0.11775	-0.10117	-0.10659	-0.089262	-0.0985	-0.051293	-0.047997	0.027269	0.043215	8.1585
947.08	0.067676	0.051453	-0.087786	0.017505	-0.42762	-0.63497	-0.86701	-1.1688	-1.2993	-1.4168	-1.5386	-2.0006	-2.2131	-2.5023	-1.0167	-0.90984	0.19238	0.79036	0.83104	0.67593	0.38759	0.12092	-0.11397	-0.11563	-0.080507	-0.074775	-0.081465	-0.030478	0.039791	0.056926	8.184
946.02	0.10534	0.046588	-0.087885	0.0048482	-0.44408	-0.62926	-0.84325	-1.1927	-1.3279	-1.4346	-1.5181	-1.8522	-2.3212	-2.6036	-1.2709	-1.0181	0.18301	0.77868	0.81375	0.65303	0.3897	0.12875	-0.10137	-0.11726	-0.1089	-0.049315	-0.061447	-0.024119	0.019504	0.043303	8.0972
945.38	0.072705	0.038406	-0.059651	-0.0094179	-0.42679	-0.62687	-0.86692	-1.1871	-1.3288	-1.4599	-1.5636	-2.0494	-2.1642	-2.5233	-1.4237	-0.92936	0.15115	0.80687	0.81596	0.64715	0.37323	0.10422	-0.096661	-0.11734	-0.11252	-0.088543	-0.094184	-0.032133	0.030473	0.0245	8.1534
945.59	0.084133	0.056462	-0.10678	0.0096062	-0.43629	-0.6261	-0.84858	-1.1981	-1.3166	-1.445	-1.5513	-1.9585	-2.2518	-2.457	-1.204	-1.1436	0.18789	0.7916	0.83566	0.67541	0.37482	0.12419	-0.11256	-0.11283	-0.10187	-0.093634	-0.081593	-0.035323	0.0085594	0.053593	8.1227
947.3	0.10357	0.044885	-0.072079	-0.012563	-0.4371	-0.63786	-0.87011	-1.175	-1.3244	-1.4165	-1.5468	-1.8798	-2.195	-2.5182	-1.2692	-0.99884	0.17957	0.81026	0.82424	0.6616	0.38416	0.11168	-0.093288	-0.12008	-0.094623	-0.091765	-0.081446	-0.040049	0.028848	0.063748	8.184
947.51	0.069278	0.049792	-0.067359	-0.0030679	-0.42902	-0.60544	-0.82217	-1.1876	-1.3224	-1.4389	-1.555	-1.8192	-2.2121	-2.5832	-1.2352	-0.94512	0.1907	0.82012	0.81413	0.66302	0.36906	0.12855	-0.0885	-0.10813	-0.10873	-0.095144	-0.066371	-0.017698	0.021034	0.053485	8.1176
948.78	0.082221	0.03663	-0.082931	9.566e-005	-0.44598	-0.65218	-0.87696	-1.1651	-1.3021	-1.4305	-1.5222	-1.9219	-2.0687	-2.4815	-1.3009	-1.0151	0.20001	0.79145	0.84111	0.64483	0.38356	0.11304	-0.089968	-0.10798	-0.11211	-0.096713	-0.063775	-0.030423	0.031922	0.041471	8.0921
949.64	0.088659	0.049681	-0.076597	0.0032507	-0.4201	-0.61549	-0.84825	-1.1753	-1.3161	-1.4324	-1.5106	-1.8452	-2.2071	-2.3648	-1.2829	-0.87182	0.19027	0.79575	0.82386	0.64582	0.37989	0.11907	-0.096228	-0.11086	-0.11201	-0.10172	-0.053704	-0.038357	0.042801	0.053365	8.1074
949.64	0.07889	0.052951	-0.09381	0.0095653	-0.43443	-0.61781	-0.83675	-1.201	-1.2958	-1.4372	-1.5208	-1.8302	-2.2948	-2.4956	-1.2829	-0.9252	0.2062	0.7632	0.83541	0.66626	0.36656	0.13132	-0.10891	-0.097468	-0.1173	-0.10002	-0.048697	-0.031989	0.039684	0.032912	8.0921
949.42	0.07728	0.046421	-0.068788	0.0016735	-0.45364	-0.64096	-0.85008	-1.1852	-1.3215	-1.423	-1.516	-1.8456	-2.1375	-2.4471	-1.2495	-0.96102	0.20147	0.80844	0.82899	0.64911	0.38164	0.10837	-0.086735	-0.12576	-0.089122	-0.10174	-0.083767	-0.033587	0.025669	0.056786	8.1278
947.51	0.057857	0.048152	-0.097156	9.5789e-005	-0.41147	-0.59375	-0.82052	-1.1715	-1.3258	-1.4146	-1.5328	-1.9245	-2.2472	-2.4029	-1.1173	-0.99861	0.19709	0.80255	0.83894	0.6835	0.37239	0.13008	-0.093267	-0.08874	-0.092834	-0.078142	-0.051316	-0.027272	0.011665	0.062026	8.1432
945.38	0.080881	0.043334	-0.089517	0.019121	-0.43159	-0.62146	-0.83722	-1.1741	-1.3288	-1.4178	-1.5277	-1.8233	-2.129	-2.4411	-1.0861	-0.96513	0.20233	0.79681	0.82756	0.66767	0.37992	0.12114	-0.096661	-0.10538	-0.096583	-0.093655	-0.079095	-0.022535	0.036733	0.069013	8.1432
943.25	0.079424	0.051662	-0.078691	-0.0046715	-0.43577	-0.61949	-0.83249	-1.1639	-1.325	-1.4226	-1.5465	-1.7519	-2.2397	-2.4631	-1.3085	-0.98521	0.18355	0.79609	0.82445	0.65019	0.37575	0.10599	-0.092091	-0.1206	-0.10212	-0.090451	-0.054067	-0.028999	0.021129	0.033135	8.1074
942.4	0.068013	0.040174	-0.078762	0.016002	-0.45381	-0.63532	-0.84152	-1.2102	-1.3245	-1.4532	-1.529	-2.0105	-2.3478	-2.4653	-1.3605	-1.0758	0.18853	0.78419	0.83184	0.65712	0.37106	0.11998	-0.11294	-0.090719	-0.11287	-0.092241	-0.05664	-0.022606	0.039989	0.034881	8.1534
940.27	0.069811	0.043569	-0.088422	0.0080673	-0.41303	-0.60477	-0.84508	-1.2049	-1.3514	-1.4287	-1.5635	-1.8332	-2.2645	-2.57	-1.0241	-1.1501	0.20664	0.79608	0.84706	0.66971	0.38031	0.12025	-0.095584	-0.12549	-0.08643	-0.10102	-0.064352	-0.017834	0.010182	0.067666	8.1227
940.06	0.073116	0.032014	-0.071054	-0.01266	-0.44368	-0.63142	-0.85689	-1.2051	-1.3244	-1.4323	-1.5397	-1.8943	-2.2296	-2.4219	-1.3639	-0.84473	0.18417	0.79121	0.83058	0.64923	0.38376	0.11718	-0.10361	-0.1165	-0.09713	-0.095898	-0.054251	-0.029098	0.051107	0.041856	8.2096
936.87	0.086567	0.060302	-0.09033	0.0064961	-0.42421	-0.62559	-0.86647	-1.1995	-1.3306	-1.4487	-1.5294	-2.0072	-2.1128	-2.5793	-1.2493	-1.028	0.19287	0.80659	0.82839	0.661	0.37494	0.11914	-0.089505	-0.11388	-0.11175	-0.087627	-0.069664	-0.013057	0.046543	0.016084	8.1534
935.59	0.081727	0.055406	-0.080923	0.014516	-0.42479	-0.6243	-0.85932	-1.1946	-1.3341	-1.4424	-1.5488	-1.9795	-2.2937	-2.4667	-1.4386	-1.0475	0.19636	0.79244	0.84795	0.67147	0.37883	0.10997	-0.097673	-0.098931	-0.079706	-0.0998	-0.05197	-0.01469	0.019721	0.055895	8.1381
934.74	0.06857	0.032196	-0.096894	0.0081151	-0.4365	-0.63001	-0.85843	-1.2071	-1.313	-1.447	-1.5381	-1.9965	-2.3314	-2.5188	-1.3033	-0.93994	0.2111	0.81097	0.83531	0.66091	0.37748	0.11629	-0.11709	-0.11716	-0.10126	-0.082657	-0.059646	-0.055145	0.016574	0.016121	8.1534
935.17	0.065234	0.063735	-0.10321	-0.0015064	-0.43307	-0.62057	-0.84803	-1.2033	-1.3433	-1.4284	-1.5305	-1.8737	-2.1166	-2.6505	-1.1662	-1.1925	0.22232	0.81569	0.82823	0.6622	0.36885	0.1038	-0.097717	-0.12164	-0.11017	-0.0964	-0.069791	-0.011463	0.030806	0.047266	8.1227
935.8	0.073449	0.047096	-0.069789	0.0097067	-0.4457	-0.64312	-0.87246	-1.2204	-1.3493	-1.4503	-1.545	-1.8877	-2.4177	-2.267	-1.3871	-0.99305	0.23025	0.81513	0.85278	0.65377	0.3686	0.12082	-0.11696	-0.098908	-0.10473	-0.1015	-0.046875	-0.043772	0.033946	0.036858	8.1432
936.02	0.07178	0.045426	-0.069773	0.003298	-0.4149	-0.60959	-0.84726	-1.1843	-1.3387	-1.4418	-1.5602	-1.9177	-2.1503	-2.5485	-1.0287	-0.97478	0.22858	0.81748	0.82747	0.68233	0.36852	0.11924	-0.094412	-0.10945	-0.085034	-0.09115	-0.049405	-0.022761	0.024455	0.05587	8.1585
935.59	0.081727	0.062045	-0.084101	0.006505	-0.40055	-0.59625	-0.84598	-1.1979	-1.3273	-1.413	-1.5194	-1.812	-2.1157	-2.5165	-0.96096	-0.99328	0.2497	0.81023	0.8379	0.67147	0.3839	0.11774	-0.11537	-0.12309	-0.099382	-0.087747	-0.069759	-0.0082258	0.016558	0.052435	8.1483
