54321	4	3	92	26.9	762	5	0	13.8	1.63	128	4096	10	0	0	0	0	208.64	1759.8	1.953e+006	0.15732	0.051559	54.625	0	0	1	0	0	0	14	0	0
1714.4	0.12293	0.072935	-0.095828	-0.1728	-0.25526	-0.29757	-0.34944	-0.41314	-0.25648	-0.036034	0.26603	0.48211	0.7178	0.82935	0.44733	0.57921	-0.34387	-0.67992	-0.734	-0.8109	-0.88396	-0.94826	-0.92641	-0.65703	-0.44667	-0.35778	-0.24173	-0.11472	0.10517	0.13006	-2.8436
1708.3	0.13243	0.071834	-0.10096	-0.17255	-0.26636	-0.31399	-0.37582	-0.45794	-0.30293	-0.081909	0.22056	0.47967	0.69114	0.79598	0.6031	0.62087	-0.24775	-0.54319	-0.63207	-0.72428	-0.81679	-0.87845	-0.8923	-0.63003	-0.43456	-0.34351	-0.24191	-0.093886	0.095155	0.122	-2.2919
1706.2	0.13802	0.066005	-0.11501	-0.18549	-0.2813	-0.32574	-0.38998	-0.49426	-0.35734	-0.12825	0.15632	0.38841	0.62364	0.79238	0.72076	0.66123	0.01339	-0.38638	-0.51849	-0.63068	-0.74919	-0.83475	-0.85146	-0.60678	-0.43999	-0.3444	-0.2415	-0.090898	0.097004	0.12831	-1.6719
1704.7	0.1123	0.063786	-0.12819	-0.20677	-0.30062	-0.35141	-0.42831	-0.5381	-0.39905	-0.18994	0.088577	0.29267	0.54116	0.74756	0.74013	0.69158	0.15532	-0.2375	-0.40359	-0.54151	-0.67797	-0.78473	-0.82529	-0.59282	-0.42959	-0.33762	-0.22917	-0.092754	0.087979	0.12131	-1.1335
1706.4	0.13665	0.069637	-0.11326	-0.20216	-0.30785	-0.36019	-0.44204	-0.57286	-0.44092	-0.24766	0.020668	0.25062	0.49181	0.80139	0.81421	0.76019	0.30136	-0.1014	-0.29482	-0.45744	-0.62167	-0.72511	-0.78166	-0.56448	-0.38501	-0.30376	-0.21082	-0.087343	0.09179	0.1226	-0.52952
1708.1	0.12792	0.062296	-0.12359	-0.22127	-0.3195	-0.37636	-0.46902	-0.60134	-0.47664	-0.299	-0.035259	0.18366	0.45721	0.75972	0.86014	0.7743	0.4073	0.028146	-0.18536	-0.36787	-0.54237	-0.6682	-0.72847	-0.53663	-0.36407	-0.29828	-0.21062	-0.078848	0.092135	0.12864	-0.017603
1712.6	0.14112	0.068479	-0.11589	-0.21281	-0.3297	-0.3975	-0.49875	-0.63137	-0.52922	-0.36084	-0.11692	0.083349	0.36362	0.65795	0.87651	0.7772	0.58282	0.15718	-0.086963	-0.28237	-0.46984	-0.62312	-0.69886	-0.49809	-0.34992	-0.27868	-0.19202	-0.065838	0.089732	0.13398	0.59124
1715.9	0.12779	0.066991	-0.12519	-0.23293	-0.33567	-0.41134	-0.53552	-0.68039	-0.58335	-0.43695	-0.1931	-0.037193	0.22218	0.51189	0.84228	0.77078	0.66101	0.28298	0.012749	-0.19399	-0.40581	-0.5664	-0.64926	-0.47161	-0.33657	-0.27862	-0.1958	-0.082015	0.085249	0.1191	1.1814
1719.6	0.12976	0.065944	-0.12924	-0.24725	-0.35913	-0.43942	-0.56885	-0.71974	-0.64037	-0.51754	-0.28116	-0.14482	0.15391	0.52886	0.82655	0.82318	0.74752	0.37846	0.11069	-0.11199	-0.34332	-0.50851	-0.62423	-0.44431	-0.30859	-0.26865	-0.18294	-0.060735	0.09367	0.10425	1.7556
1722.8	0.12906	0.075283	-0.129	-0.24896	-0.3624	-0.44654	-0.58587	-0.74936	-0.67778	-0.56325	-0.37034	-0.21069	0.071446	0.37462	0.81571	0.8069	0.81631	0.48194	0.19325	-0.041172	-0.27382	-0.45941	-0.56712	-0.41886	-0.30266	-0.23728	-0.16603	-0.068957	0.09435	0.10875	2.3504
1724.7	0.13386	0.063947	-0.13101	-0.25217	-0.38656	-0.47488	-0.61916	-0.80383	-0.7333	-0.63816	-0.45112	-0.30544	-0.044519	0.21664	0.73154	0.74725	0.83297	0.57792	0.27936	0.042809	-0.20934	-0.39988	-0.52243	-0.384	-0.27129	-0.22395	-0.17206	-0.063184	0.074089	0.12318	2.9552
1724.7	0.13251	0.067999	-0.12283	-0.25955	-0.39664	-0.48769	-0.64313	-0.84983	-0.78397	-0.70212	-0.5567	-0.47891	-0.25696	0.054565	0.66677	0.69335	0.81982	0.63444	0.35341	0.10554	-0.14287	-0.35307	-0.47617	-0.36844	-0.24654	-0.20761	-0.15	-0.062308	0.080523	0.12318	3.5256
1725.3	0.12574	0.075626	-0.14432	-0.26294	-0.39913	-0.49755	-0.67364	-0.90434	-0.85572	-0.7969	-0.66016	-0.56131	-0.40649	-0.13447	0.55089	0.59026	0.88088	0.71621	0.43185	0.18682	-0.094236	-0.30278	-0.43804	-0.32695	-0.22027	-0.18839	-0.13548	-0.046949	0.079208	0.095464	4.1347
1723.4	0.12633	0.073458	-0.12077	-0.27454	-0.41844	-0.51535	-0.69025	-0.93325	-0.8967	-0.85914	-0.75013	-0.6818	-0.50842	-0.30583	0.4728	0.5615	0.92574	0.79083	0.51963	0.26627	-0.017719	-0.24193	-0.40316	-0.29944	-0.21517	-0.17972	-0.12528	-0.05095	0.086595	0.10778	4.6962
1725.3	0.11096	0.075176	-0.14303	-0.27857	-0.44076	-0.54192	-0.72563	-0.99673	-0.98397	-0.94299	-0.86843	-0.81727	-0.80227	-0.535	0.27337	0.47271	0.88526	0.81818	0.57081	0.32046	0.036381	-0.19697	-0.363	-0.26962	-0.19602	-0.16225	-0.11894	-0.037746	0.084782	0.10813	5.2598
1724.6	0.13431	0.08061	-0.13619	-0.29173	-0.43831	-0.55074	-0.75669	-1.0224	-1.0392	-1.0193	-0.96921	-0.98695	-0.95229	-0.77836	0.12078	0.28672	0.78918	0.85437	0.61966	0.38074	0.093249	-0.13843	-0.32081	-0.2513	-0.18009	-0.14924	-0.10658	-0.041708	0.08825	0.10958	5.7577
1725.8	0.12571	0.069754	-0.13265	-0.28674	-0.44588	-0.55637	-0.76654	-1.0667	-1.0812	-1.0861	-1.0815	-1.0729	-1.1253	-1.0702	-0.018027	0.10047	0.73167	0.87511	0.68414	0.43581	0.14541	-0.10377	-0.28787	-0.21879	-0.14941	-0.13746	-0.093418	-0.041678	0.070182	0.083712	6.3176
1723.3	0.11154	0.066253	-0.1488	-0.31109	-0.46059	-0.58191	-0.81249	-1.1112	-1.1308	-1.1682	-1.1954	-1.1944	-1.3493	-1.3287	-0.1894	-0.11513	0.70205	0.87366	0.71744	0.49232	0.19243	-0.056658	-0.24331	-0.2023	-0.13264	-0.11429	-0.077001	-0.021998	0.075009	0.089472	6.8846
1721.8	0.11477	0.065407	-0.14116	-0.30787	-0.486	-0.6154	-0.84986	-1.16	-1.2244	-1.2648	-1.312	-1.4229	-1.568	-1.5958	-0.45374	-0.29189	0.62799	0.88957	0.76901	0.54777	0.25183	-0.012773	-0.20898	-0.16965	-0.14344	-0.11392	-0.070851	-0.022015	0.068196	0.090956	7.4223
1718	0.11233	0.078657	-0.13801	-0.31378	-0.48311	-0.62276	-0.88034	-1.1999	-1.2826	-1.3546	-1.4011	-1.679	-1.746	-1.8931	-0.70558	-0.46959	0.47096	0.87978	0.80035	0.58634	0.29335	0.035459	-0.17614	-0.15029	-0.11405	-0.094013	-0.068931	-0.015463	0.062319	0.077969	7.9542
1716.2	0.10254	0.071504	-0.14292	-0.31324	-0.50654	-0.65104	-0.91401	-1.2567	-1.334	-1.4199	-1.4611	-1.7638	-2.0341	-2.1712	-0.85049	-0.73106	0.40978	0.86202	0.83134	0.63045	0.3402	0.079997	-0.12896	-0.11628	-0.10101	-0.087543	-0.056537	-0.012836	0.049885	0.063434	8.4181
1714.8	0.097211	0.052541	-0.13263	-0.33184	-0.51355	-0.65478	-0.92519	-1.2875	-1.3893	-1.4987	-1.5674	-1.8939	-2.2882	-2.4173	-1.1071	-0.99277	0.30871	0.81347	0.84067	0.65966	0.37044	0.1106	-0.11282	-0.11184	-0.07132	-0.069762	-0.04341	-0.007997	0.056826	0.069619	8.9487
1712.8	0.082435	0.052151	-0.13626	-0.33312	-0.50887	-0.65976	-0.95043	-1.3202	-1.4321	-1.573	-1.6827	-2.0792	-2.4223	-2.8464	-1.3926	-1.2505	0.11928	0.79432	0.85357	0.69574	0.41566	0.1498	-0.06593	-0.071966	-0.061634	-0.057148	-0.032357	-0.0035925	0.066829	0.05411	9.4681
1710.3	0.080746	0.049957	-0.11343	-0.32396	-0.52109	-0.67568	-0.97278	-1.3703	-1.496	-1.6576	-1.8025	-2.2529	-2.6497	-3.1456	-1.6326	-1.5043	-0.035274	0.76071	0.87267	0.7299	0.46064	0.18701	-0.038738	-0.047286	-0.045578	-0.051108	-0.032403	-0.0035976	0.060004	0.044724	9.9765
1707.1	0.050107	0.026853	-0.12627	-0.32983	-0.51941	-0.6751	-0.98327	-1.3969	-1.558	-1.7222	-1.8898	-2.3823	-2.8644	-3.438	-1.9255	-1.7298	-0.17705	0.72104	0.87797	0.7588	0.49114	0.22187	-0.0053003	-0.037855	-0.03537	-0.045541	-0.029678	-0.0089192	0.037148	0.040067	10.451
1702.5	0.050243	0.032855	-0.13403	-0.30651	-0.53059	-0.69721	-1.0148	-1.45	-1.6046	-1.8155	-1.9862	-2.4892	-3.0091	-3.6662	-2.2635	-2.0025	-0.31519	0.65806	0.88357	0.77357	0.51477	0.25366	0.020329	-0.012232	-0.012365	-0.030998	-0.014398	0.0065988	0.052892	0.036373	10.911
1696.3	0.030377	0.019702	-0.10693	-0.32709	-0.51605	-0.6852	-1.0204	-1.4504	-1.6569	-1.8737	-2.088	-2.6789	-3.2264	-4.0322	-2.5306	-2.2141	-0.51247	0.61494	0.8933	0.79886	0.55256	0.2726	0.044811	0.0060478	-0.013398	-0.02209	-0.025663	-0.0071937	0.042183	0.026965	11.343
1691.7	0.023148	0.0087393	-0.11336	-0.32264	-0.52458	-0.69516	-1.0369	-1.4944	-1.6978	-1.9489	-2.2045	-2.7661	-3.491	-4.3872	-2.8157	-2.5447	-0.63449	0.53436	0.8943	0.82481	0.57975	0.31761	0.072517	0.024856	0.0068458	-0.010246	-0.013084	-0.0045313	0.031801	0.023689	11.813
1684.9	-0.0033675	-0.012885	-0.12176	-0.30661	-0.54737	-0.7228	-1.0602	-1.5322	-1.758	-2.0305	-2.3081	-2.9718	-3.7524	-4.7508	-3.1114	-2.8811	-0.8435	0.47728	0.89051	0.849	0.61731	0.34826	0.10855	0.047599	0.035182	0.010269	-0.0032591	0.0084628	0.023588	0.0079356	12.233
1682.1	-0.0098065	-0.030909	-0.10651	-0.30578	-0.53209	-0.71117	-1.0665	-1.5547	-1.7952	-2.0872	-2.3961	-3.1292	-3.9715	-4.9664	-3.4581	-3.0616	-1.0157	0.41305	0.88872	0.86548	0.6362	0.37089	0.11813	0.067837	0.041707	0.0088493	0.0030954	0.0053314	0.023188	-0.001193	12.598
1677.6	-0.031489	-0.025901	-0.12584	-0.2941	-0.5191	-0.70628	-1.0759	-1.5675	-1.8593	-2.1398	-2.4803	-3.2268	-4.1708	-5.3176	-3.7481	-3.3117	-1.1221	0.34401	0.89345	0.8776	0.66619	0.40701	0.14178	0.082338	0.059776	0.019436	0.01586	0.0026415	0.012666	-0.010362	12.966
1674.5	-0.059707	-0.06861	-0.11853	-0.29822	-0.50516	-0.70168	-1.0998	-1.6078	-1.8757	-2.2138	-2.5776	-3.3731	-4.3873	-5.5917	-3.96	-3.6155	-1.3228	0.27932	0.88293	0.88991	0.68867	0.41688	0.16812	0.10316	0.064884	0.02284	0.019439	-0.0050293	-0.001007	-0.021497	13.364
1672.3	-0.063943	-0.055697	-0.15156	-0.28606	-0.47643	-0.67226	-1.0891	-1.6304	-1.9107	-2.2574	-2.6855	-3.501	-4.6719	-5.924	-4.2991	-3.9688	-1.4873	0.19083	0.86439	0.90177	0.6957	0.44264	0.17959	0.10752	0.072474	0.025278	0.0066686	-6.2994e-005	-0.0058744	-0.026848	13.721
1671.1	-0.076943	-0.087799	-0.16145	-0.29075	-0.49804	-0.69297	-1.0969	-1.6275	-1.9323	-2.3045	-2.7538	-3.6229	-4.775	-6.1421	-4.5649	-4.1689	-1.6784	0.11058	0.85284	0.90289	0.71609	0.45603	0.19233	0.11986	0.077033	0.030117	0.023747	-0.0014204	-0.026244	-0.047208	14.016
1671.1	-0.11302	-0.11847	-0.16278	-0.2616	-0.45597	-0.65558	-1.0806	-1.6329	-1.9519	-2.3347	-2.8168	-3.7252	-4.8398	-6.3698	-4.7369	-4.2751	-1.891	0.056513	0.85237	0.90869	0.74164	0.48171	0.2135	0.14818	0.083043	0.044578	0.021613	-0.0091116	-0.015619	-0.05544	14.336
1669.7	-0.1483	-0.1646	-0.20474	-0.29637	-0.45135	-0.63981	-1.0702	-1.6361	-1.9612	-2.366	-2.8549	-3.7581	-5.1229	-6.6632	-4.8888	-4.5468	-1.9605	0.012418	0.84179	0.92283	0.75455	0.49167	0.22855	0.13096	0.087118	0.036411	0.018071	-0.014552	-0.036898	-0.067602	14.61
1669.3	-0.1701	-0.16929	-0.24262	-0.28163	-0.43969	-0.61221	-1.0312	-1.636	-1.9574	-2.3936	-2.8978	-3.8315	-5.189	-6.8695	-5.086	-4.72	-2.1013	-0.045262	0.8082	0.91545	0.75095	0.50094	0.24349	0.15299	0.096162	0.052344	0.012377	-0.0095738	-0.046657	-0.088464	14.859
1665.7	-0.19552	-0.19296	-0.24315	-0.30698	-0.39797	-0.57213	-1.0236	-1.6286	-1.9823	-2.4181	-2.9448	-3.8826	-5.1902	-6.9542	-5.1832	-4.8164	-2.115	-0.055353	0.82312	0.92773	0.7725	0.51163	0.25034	0.15078	0.089337	0.049556	0.0174	-0.026842	-0.066299	-0.111	15.044
1666.6	-0.22836	-0.24132	-0.27914	-0.31043	-0.42363	-0.59102	-1.0189	-1.6149	-1.975	-2.422	-2.9555	-3.8849	-5.2276	-7.0533	-5.2334	-4.8749	-2.2046	-0.093131	0.81519	0.92325	0.76975	0.51225	0.25112	0.15028	0.09582	0.043248	0.010971	-0.022745	-0.071594	-0.12989	15.256
1665	-0.24575	-0.28212	-0.30885	-0.35573	-0.44401	-0.57424	-0.9674	-1.5935	-1.9745	-2.4247	-2.9578	-4.004	-5.4425	-7.0598	-5.4203	-4.9961	-2.2294	-0.14605	0.81642	0.92993	0.77521	0.5219	0.24773	0.15976	0.099427	0.041353	0.0088399	-0.029123	-0.081435	-0.1198	15.395
1668.2	-0.27771	-0.29833	-0.32207	-0.37122	-0.44678	-0.56294	-0.9389	-1.5617	-1.9399	-2.3939	-2.9667	-3.9665	-5.4272	-7.1301	-5.4483	-5.1081	-2.2614	-0.15931	0.8003	0.92592	0.77089	0.52483	0.26125	0.15013	0.091713	0.037411	-0.0047174	-0.0336	-0.1039	-0.1511	15.486
1668.6	-0.32999	-0.34991	-0.37453	-0.39539	-0.45574	-0.55437	-0.9008	-1.4982	-1.9188	-2.3905	-2.9669	-3.9356	-5.3909	-7.1423	-5.4086	-5.036	-2.2925	-0.17566	0.79259	0.91495	0.76738	0.51772	0.24404	0.13739	0.075141	0.019541	-0.016115	-0.051262	-0.11629	-0.17968	15.613
1670	-0.34407	-0.39613	-0.40315	-0.44892	-0.49476	-0.5434	-0.83282	-1.466	-1.9077	-2.3716	-2.9263	-3.9112	-5.3616	-7.1041	-5.4425	-5.0117	-2.3133	-0.15772	0.79571	0.91109	0.77624	0.51905	0.23438	0.14532	0.071574	0.024831	-0.005424	-0.065255	-0.13436	-0.18826	15.646
1668.9	-0.32715	-0.42987	-0.47107	-0.48602	-0.50956	-0.54533	-0.80763	-1.3942	-1.8454	-2.3281	-2.8951	-3.9221	-5.2502	-7.0759	-5.3694	-4.9844	-2.2966	-0.1564	0.79432	0.90763	0.75918	0.49933	0.22731	0.12721	0.05808	-0.002181	-0.035344	-0.087946	-0.13887	-0.1811	15.661
1667.3	-0.34694	-0.44706	-0.49738	-0.4937	-0.51822	-0.52943	-0.75136	-1.332	-1.7737	-2.2721	-2.8184	-3.832	-5.1654	-6.9245	-5.188	-4.8778	-2.1946	-0.10592	0.80074	0.91345	0.76705	0.50244	0.23521	0.12903	0.063659	0.0094108	-0.041797	-0.086673	-0.15188	-0.224	15.663
1665.5	-0.43595	-0.51466	-0.49612	-0.52796	-0.56824	-0.57051	-0.73903	-1.2317	-1.7053	-2.2064	-2.7606	-3.7034	-5.0559	-6.7546	-5.0449	-4.7764	-2.088	-0.051076	0.81899	0.92561	0.75836	0.4951	0.22461	0.1122	0.047146	-0.011858	-0.050405	-0.10084	-0.18935	-0.26893	15.668
1664.1	-0.4498	-0.48245	-0.55236	-0.53292	-0.55374	-0.55455	-0.71624	-1.1732	-1.6667	-2.1337	-2.6783	-3.6424	-4.9752	-6.5645	-4.939	-4.4911	-2.0262	-0.01683	0.82205	0.90444	0.74713	0.48417	0.20716	0.11357	0.031599	-0.027841	-0.058307	-0.12636	-0.20374	-0.28327	15.575
1662.1	-0.49125	-0.55309	-0.57312	-0.54663	-0.57668	-0.58542	-0.71379	-1.0594	-1.5664	-2.0597	-2.5914	-3.5653	-4.7856	-6.362	-4.748	-4.3439	-1.8785	0.023202	0.8381	0.9046	0.73136	0.46154	0.18159	0.084802	0.00092702	-0.049682	-0.0877	-0.15744	-0.25872	-0.34787	15.461
1659.3	-0.43434	-0.58774	-0.56337	-0.5688	-0.62872	-0.62175	-0.70704	-1.0373	-1.5295	-1.9825	-2.4989	-3.3611	-4.5631	-6.0642	-4.4436	-4.1019	-1.6812	0.089874	0.83625	0.89178	0.71786	0.44394	0.16013	0.051314	-0.024287	-0.066274	-0.11078	-0.15498	-0.2458	-0.32116	15.322
1654.9	-0.47424	-0.52969	-0.57427	-0.59791	-0.59655	-0.57074	-0.64055	-0.93358	-1.4182	-1.8974	-2.3758	-3.2795	-4.3435	-5.7516	-4.0935	-3.791	-1.4938	0.18996	0.86353	0.89231	0.7011	0.42927	0.14963	0.053582	-0.025362	-0.072288	-0.11682	-0.17777	-0.27103	-0.35281	15.12
1654.6	-0.49395	-0.54856	-0.58426	-0.63607	-0.62134	-0.56559	-0.5907	-0.87106	-1.3405	-1.8074	-2.277	-3.0778	-4.1481	-5.3913	-3.858	-3.475	-1.3844	0.26902	0.88311	0.89157	0.67782	0.39419	0.11327	0.023278	-0.050653	-0.096642	-0.13983	-0.18832	-0.26258	-0.31962	14.869
1653.5	-0.49663	-0.53578	-0.54017	-0.58166	-0.59982	-0.55593	-0.57129	-0.81585	-1.2682	-1.7174	-2.1581	-3.0024	-3.8991	-5.1039	-3.571	-3.2168	-1.1155	0.34829	0.89508	0.87007	0.65533	0.36455	0.075105	-0.0083216	-0.081051	-0.12106	-0.1543	-0.22045	-0.30213	-0.38003	14.517
1654.3	-0.46554	-0.50689	-0.55922	-0.51795	-0.5328	-0.49535	-0.52056	-0.76104	-1.2016	-1.6429	-2.0616	-2.8114	-3.6908	-4.7212	-3.2991	-2.9343	-0.97333	0.42501	0.90316	0.86197	0.62441	0.33095	0.049132	-0.033514	-0.10225	-0.14438	-0.17938	-0.23953	-0.30735	-0.35636	14.148
1653.7	-0.44562	-0.49768	-0.48394	-0.48823	-0.47493	-0.43846	-0.4684	-0.68383	-1.1604	-1.5884	-1.9773	-2.6617	-3.4404	-4.5633	-2.948	-2.7105	-0.83197	0.49059	0.88929	0.8289	0.584	0.28577	0.014557	-0.070692	-0.13569	-0.16732	-0.19957	-0.2474	-0.3097	-0.37362	13.69
1656.9	-0.39391	-0.40487	-0.39691	-0.39773	-0.45348	-0.41889	-0.44255	-0.71612	-1.1548	-1.547	-1.8855	-2.5835	-3.2528	-4.1374	-2.7353	-2.3687	-0.69347	0.54848	0.89041	0.81514	0.5552	0.24835	-0.027721	-0.096139	-0.15613	-0.18693	-0.21354	-0.24555	-0.30107	-0.35044	13.227
1660.4	-0.34187	-0.36708	-0.39787	-0.41991	-0.42749	-0.37353	-0.41014	-0.7408	-1.1654	-1.5206	-1.8275	-2.4193	-2.9852	-3.792	-2.3258	-2.0533	-0.41426	0.61534	0.89373	0.79095	0.52736	0.22724	-0.037637	-0.098064	-0.14875	-0.1715	-0.20378	-0.2291	-0.26702	-0.31217	12.724
1667.2	-0.35902	-0.36838	-0.37396	-0.41416	-0.38085	-0.33308	-0.41081	-0.77758	-1.1813	-1.4855	-1.7598	-2.4138	-2.8082	-3.6322	-2.1918	-1.9284	-0.35362	0.67273	0.88727	0.77117	0.50007	0.1997	-0.066379	-0.12351	-0.17073	-0.18336	-0.21008	-0.23633	-0.25972	-0.31333	12.135
1672.9	-0.30095	-0.30538	-0.3367	-0.37689	-0.33887	-0.28599	-0.38935	-0.84056	-1.1892	-1.4511	-1.6861	-2.2777	-2.7388	-3.3273	-1.9362	-1.7147	-0.16712	0.71234	0.87297	0.74265	0.45345	0.15423	-0.10395	-0.15307	-0.19515	-0.20151	-0.20723	-0.22557	-0.24732	-0.28806	11.551
1676.6	-0.29522	-0.29544	-0.30848	-0.32913	-0.30926	-0.2698	-0.39454	-0.86964	-1.1766	-1.4127	-1.5983	-2.1495	-2.4298	-2.9911	-1.6607	-1.3682	-0.067547	0.76324	0.87478	0.70496	0.41944	0.11312	-0.15041	-0.18096	-0.21868	-0.23181	-0.2252	-0.23274	-0.22913	-0.27487	10.878
1682.7	-0.22479	-0.21778	-0.26454	-0.2402	-0.27355	-0.25737	-0.4112	-0.93223	-1.1718	-1.3794	-1.5286	-1.9724	-2.3122	-2.7496	-1.3417	-1.1021	0.15734	0.81559	0.86139	0.69532	0.3855	0.090234	-0.16507	-0.20088	-0.21739	-0.21614	-0.21945	-0.21393	-0.19973	-0.23685	10.209
1683.6	-0.19758	-0.19368	-0.20923	-0.27657	-0.23792	-0.25457	-0.47444	-0.95119	-1.1631	-1.319	-1.4667	-1.891	-2.1526	-2.4299	-1.1419	-0.93591	0.30096	0.82997	0.84416	0.65195	0.33363	0.04396	-0.20701	-0.22847	-0.23467	-0.23659	-0.24757	-0.20663	-0.18995	-0.20307	9.3958
1689.1	-0.17589	-0.18202	-0.21472	-0.18782	-0.22686	-0.2905	-0.5334	-0.97116	-1.137	-1.2843	-1.3762	-1.7541	-2.0027	-2.206	-0.96336	-0.79782	0.3537	0.85756	0.81036	0.60522	0.29651	0.00075744	-0.23085	-0.24446	-0.24976	-0.24107	-0.23481	-0.20059	-0.16218	-0.17751	8.6227
1688.6	-0.13932	-0.12368	-0.15934	-0.15459	-0.18216	-0.28464	-0.57837	-0.97868	-1.1008	-1.2158	-1.3105	-1.6323	-1.7074	-1.8894	-0.68954	-0.43275	0.45231	0.88105	0.78276	0.56033	0.24743	-0.040592	-0.27773	-0.27215	-0.27511	-0.24878	-0.22995	-0.20602	-0.14295	-0.15791	7.7934
1689.9	-0.077916	-0.090038	-0.11305	-0.12475	-0.19275	-0.32155	-0.62361	-0.98603	-1.0686	-1.1559	-1.2491	-1.4161	-1.5237	-1.5571	-0.48121	-0.2724	0.58169	0.89231	0.75015	0.51441	0.19576	-0.091777	-0.31938	-0.30412	-0.28331	-0.25907	-0.22906	-0.17633	-0.10388	-0.10511	6.9626
1689.5	-0.04362	-0.02342	-0.081851	-0.090184	-0.22009	-0.36012	-0.6353	-0.95331	-1.0196	-1.0922	-1.1398	-1.2899	-1.2974	-1.346	-0.24988	-0.11743	0.67581	0.8679	0.70674	0.45579	0.13684	-0.14217	-0.36	-0.33305	-0.28784	-0.26867	-0.22771	-0.16205	-0.096896	-0.081182	6.0468
1691.5	0.00030134	0.010576	-0.018501	-0.11444	-0.2681	-0.39836	-0.64375	-0.95035	-0.98656	-1.0311	-1.0255	-1.1241	-1.0841	-1.069	-0.084441	0.1075	0.71521	0.85279	0.64706	0.38245	0.073101	-0.19918	-0.41119	-0.36188	-0.33547	-0.28072	-0.23376	-0.17482	-0.057416	-0.048072	5.0772
1692.9	0.046419	0.065608	-0.025947	-0.12763	-0.29066	-0.41538	-0.63633	-0.91131	-0.93368	-0.93028	-0.90945	-0.93391	-0.82256	-0.69204	0.24561	0.347	0.8129	0.83246	0.58221	0.32131	0.0034475	-0.2639	-0.45577	-0.39581	-0.34163	-0.2943	-0.22936	-0.15324	-0.018477	0.0050295	4.1503
1695.1	0.087398	0.091172	-0.043007	-0.18627	-0.32462	-0.43156	-0.62628	-0.87455	-0.87284	-0.85086	-0.76787	-0.7856	-0.57092	-0.40712	0.35356	0.50107	0.82074	0.77875	0.50424	0.24297	-0.066993	-0.31976	-0.49158	-0.41696	-0.31847	-0.30103	-0.23116	-0.13297	0.024318	0.054196	3.1227
1695.4	0.13297	0.11176	-0.070169	-0.19331	-0.31118	-0.40662	-0.58844	-0.8249	-0.81594	-0.74948	-0.64554	-0.5964	-0.38909	-0.23759	0.48059	0.61062	0.79829	0.73233	0.42467	0.1659	-0.13927	-0.37933	-0.53455	-0.4473	-0.35247	-0.29765	-0.23042	-0.11243	0.056168	0.080438	2.1198
1697.6	0.141	0.092412	-0.073144	-0.18776	-0.29208	-0.38347	-0.55278	-0.75601	-0.70911	-0.63526	-0.4855	-0.4362	-0.10899	0.069159	0.6398	0.74922	0.824	0.62566	0.31843	0.052723	-0.22619	-0.45382	-0.59196	-0.4821	-0.36139	-0.30582	-0.24693	-0.11185	0.072657	0.10465	1.0529
1700.3	0.12487	0.091353	-0.090945	-0.18482	-0.29874	-0.37994	-0.5198	-0.6974	-0.63538	-0.53468	-0.35004	-0.22187	0.013618	0.32479	0.74675	0.79276	0.79602	0.49743	0.18936	-0.054009	-0.32024	-0.53139	-0.6415	-0.50752	-0.39527	-0.33187	-0.23955	-0.11834	0.08255	0.11162	-0.025478
1705.5	0.11769	0.081057	-0.089359	-0.1781	-0.27654	-0.35017	-0.47795	-0.63578	-0.55163	-0.42433	-0.22227	-0.12512	0.22353	0.48769	0.76318	0.82997	0.67833	0.31885	0.04085	-0.19079	-0.42589	-0.60951	-0.72294	-0.54531	-0.42202	-0.34171	-0.25694	-0.13083	0.077091	0.10938	-1.1072
1709.2	0.1206	0.083153	-0.068301	-0.16456	-0.24586	-0.30899	-0.42033	-0.55676	-0.46038	-0.31225	-0.083057	0.00016414	0.41307	0.60475	0.77086	0.84301	0.52647	0.14845	-0.11968	-0.3279	-0.53461	-0.7001	-0.7892	-0.59952	-0.45636	-0.37019	-0.26751	-0.1363	0.10506	0.11909	-2.171
1713.8	0.096367	0.079757	-0.085457	-0.14094	-0.22535	-0.28724	-0.38552	-0.49562	-0.39552	-0.20547	0.047967	0.20799	0.57715	0.71186	0.78275	0.78649	0.26918	-0.10027	-0.32189	-0.4903	-0.66236	-0.80261	-0.86921	-0.66221	-0.47319	-0.37436	-0.28136	-0.1302	0.089235	0.11121	-3.2061
1715.1	0.11343	0.089207	-0.073266	-0.12992	-0.21858	-0.25786	-0.32021	-0.43212	-0.29706	-0.098112	0.16684	0.35735	0.65442	0.79283	0.68913	0.67754	0.017727	-0.35736	-0.52359	-0.64745	-0.77668	-0.87116	-0.91686	-0.67986	-0.51872	-0.40885	-0.29155	-0.1279	0.082269	0.11538	-4.2963
1719.2	0.096968	0.077703	-0.064447	-0.1174	-0.18155	-0.22591	-0.29177	-0.36276	-0.22127	0.0019431	0.28366	0.43521	0.77396	0.80449	0.47859	0.57271	-0.4001	-0.66768	-0.73199	-0.81736	-0.91097	-0.97654	-0.98342	-0.73124	-0.53597	-0.42005	-0.30192	-0.13815	0.077771	0.10475	-5.3283
1719.5	0.098299	0.074076	-0.076535	-0.10082	-0.15646	-0.18683	-0.23139	-0.29261	-0.14056	0.093726	0.37633	0.50556	0.84645	0.7321	0.31606	0.33672	-0.81773	-0.97661	-0.96152	-1.0025	-1.0414	-1.0614	-1.0493	-0.75535	-0.55291	-0.44434	-0.31016	-0.12977	0.071303	0.10285	-6.3177
1722.5	0.095431	0.082057	-0.051812	-0.078446	-0.13731	-0.16346	-0.19249	-0.2332	-0.06491	0.18118	0.47103	0.61631	0.88362	0.65866	0.02363	-0.021973	-1.2332	-1.3282	-1.2109	-1.1827	-1.1745	-1.1701	-1.1353	-0.82126	-0.57767	-0.45009	-0.30271	-0.14007	0.087066	0.10219	-7.254
1724.4	0.089949	0.06756	-0.040553	-0.066193	-0.10778	-0.13136	-0.15474	-0.17014	0.0049005	0.25518	0.53529	0.6239	0.80058	0.58141	-0.38827	-0.42376	-1.666	-1.677	-1.4518	-1.3619	-1.3085	-1.2954	-1.1969	-0.84906	-0.61975	-0.47156	-0.31755	-0.12852	0.073243	0.10021	-8.1711
1726	0.091208	0.069296	-0.037502	-0.05788	-0.089723	-0.10116	-0.10669	-0.11253	0.07643	0.32684	0.60558	0.77187	0.7757	0.41442	-0.85488	-0.83947	-2.1681	-2.0501	-1.7146	-1.5568	-1.4218	-1.3536	-1.2625	-0.90515	-0.64001	-0.49305	-0.33929	-0.14373	0.084746	0.096831	-9.0427
1728.5	0.087052	0.081326	-0.030571	-0.038719	-0.057666	-0.064434	-0.061866	-0.049713	0.14404	0.39906	0.66605	0.75018	0.79385	0.30152	-1.3107	-1.376	-2.703	-2.4653	-1.946	-1.7398	-1.536	-1.4354	-1.3282	-0.94514	-0.67686	-0.51005	-0.33468	-0.12953	0.072214	0.09201	-9.9237
1729.3	0.082542	0.077246	-0.022393	-0.013998	-0.024849	-0.028684	-0.022596	-0.0033783	0.20332	0.45957	0.70644	0.77041	0.73569	0.058916	-1.8593	-1.8396	-3.305	-2.8581	-2.1902	-1.9185	-1.6688	-1.5466	-1.3842	-0.97655	-0.68621	-0.52332	-0.34896	-0.13209	0.070041	0.070907	-10.689
1733.2	0.059165	0.065425	-0.025772	-0.010075	-0.01476	-0.014365	0.0013053	0.036235	0.24495	0.50141	0.74174	0.781	0.57069	-0.19209	-2.3938	-2.3278	-3.8778	-3.2515	-2.4317	-2.0881	-1.7845	-1.6224	-1.4371	-0.99637	-0.7035	-0.53005	-0.35709	-0.1379	0.040858	0.051137	-11.434
1735.4	0.051519	0.062212	-0.015036	0.0067807	0.0022476	0.0067411	0.032767	0.078823	0.29177	0.54847	0.7744	0.80055	0.5076	-0.33951	-2.9381	-2.8459	-4.3957	-3.6667	-2.6562	-2.2494	-1.8985	-1.6896	-1.4791	-1.0342	-0.71323	-0.52428	-0.35048	-0.12422	0.037823	0.036618	-12.13
1740.9	0.032262	0.057553	-0.014135	0.0093424	0.012664	0.023937	0.061784	0.12107	0.34473	0.58325	0.79425	0.8512	0.4725	-0.5882	-3.378	-3.3514	-4.9203	-4.0224	-2.8544	-2.3935	-1.9806	-1.7527	-1.5064	-1.0528	-0.72106	-0.51197	-0.32888	-0.10776	0.0079555	0.015117	-12.746
1739.9	0.025173	0.045985	0.00080304	0.019256	0.023969	0.03811	0.081545	0.14569	0.37535	0.60781	0.80774	0.77802	0.27176	-0.85185	-3.8799	-3.7856	-5.4142	-4.3835	-3.0587	-2.5369	-2.0881	-1.8202	-1.5519	-1.0543	-0.6758	-0.49653	-0.31131	-0.11087	-0.016277	-0.0030137	-13.294
1743.4	0.0064998	0.028078	-0.011558	0.017926	0.031727	0.050423	0.10017	0.1734	0.40219	0.63823	0.80984	0.78055	0.19001	-1.0328	-4.3024	-4.2724	-5.8674	-4.6803	-3.2517	-2.6594	-2.1606	-1.8612	-1.5647	-1.0582	-0.73396	-0.4997	-0.3025	-0.12756	-0.052315	-0.041073	-13.836
1739.6	-0.0010393	0.035726	-0.015427	0.023998	0.045703	0.068869	0.12281	0.19833	0.42334	0.66209	0.81626	0.76177	0.15692	-1.285	-4.6559	-4.6217	-6.2583	-4.9782	-3.4245	-2.7776	-2.2448	-1.9138	-1.5894	-1.0922	-0.71343	-0.4869	-0.31068	-0.14392	-0.071566	-0.058841	-14.281
1741.1	-0.03256	0.014289	-0.015414	0.0093413	0.040887	0.068975	0.12942	0.21393	0.43863	0.67558	0.82948	0.72837	0.1233	-1.3998	-5.0139	-4.9137	-6.6566	-5.1957	-3.5412	-2.869	-2.271	-1.9505	-1.5975	-1.0685	-0.66715	-0.46796	-0.29538	-0.16507	-0.091049	-0.083423	-14.713
1736.9	-0.018398	0.0035948	-0.0094622	0.029212	0.049256	0.073434	0.13872	0.2386	0.45861	0.68207	0.82543	0.69734	-0.029822	-1.5686	-5.4395	-5.3148	-6.973	-5.454	-3.6743	-2.9567	-2.3484	-1.9594	-1.6234	-1.0825	-0.63937	-0.45008	-0.29405	-0.20203	-0.11597	-0.11065	-15.031
1736.5	-0.0598	-0.0040068	-0.03257	0.020157	0.050138	0.079996	0.14998	0.25095	0.47534	0.70297	0.83448	0.68929	-0.0058467	-1.6807	-5.6338	-5.5106	-7.2098	-5.6093	-3.7685	-3.0201	-2.3763	-1.9645	-1.6303	-1.0498	-0.6535	-0.45343	-0.30096	-0.19946	-0.15307	-0.14796	-15.346
1731.7	-0.079607	-0.017917	-0.028799	0.017615	0.054644	0.083285	0.14724	0.24548	0.47435	0.71642	0.834	0.67887	-0.049146	-1.8513	-5.8338	-5.6968	-7.4263	-5.7354	-3.8483	-3.0777	-2.4158	-2.004	-1.6318	-1.0311	-0.62391	-0.44632	-0.31827	-0.23538	-0.17101	-0.17361	-15.55
1729.9	-0.096667	-0.034094	-0.042571	0.0094016	0.038092	0.072529	0.1501	0.25102	0.48549	0.71139	0.83624	0.68779	-0.10214	-1.9205	-6.075	-5.8686	-7.6348	-5.8676	-3.9228	-3.1144	-2.431	-2.0152	-1.6034	-0.99295	-0.5989	-0.44724	-0.35708	-0.25398	-0.21822	-0.21682	-15.769
1727.8	-0.10171	-0.048517	-0.068426	0.0063761	0.045141	0.077194	0.14848	0.25442	0.48517	0.71848	0.83494	0.63505	-0.21312	-1.9813	-6.2211	-6.0471	-7.7581	-5.9417	-3.9531	-3.1274	-2.4336	-2.0013	-1.6037	-0.95453	-0.58803	-0.4422	-0.37817	-0.30768	-0.27287	-0.26627	-15.893
1726.6	-0.12237	-0.067886	-0.056423	-0.002734	0.02678	0.06281	0.14406	0.24929	0.48966	0.71807	0.84205	0.67672	-0.16986	-2.0366	-6.2021	-6.0559	-7.7325	-5.9325	-3.9325	-3.119	-2.4187	-1.9449	-1.535	-0.9126	-0.57387	-0.498	-0.40595	-0.30262	-0.27005	-0.25098	-15.963
1723.9	-0.13333	-0.063941	-0.074615	-0.007086	0.03077	0.069358	0.15017	0.25367	0.48719	0.72366	0.84434	0.66541	-0.078354	-1.9363	-6.05	-5.9872	-7.6572	-5.8751	-3.9043	-3.0916	-2.3822	-1.9362	-1.4894	-0.82145	-0.57479	-0.50348	-0.45074	-0.37767	-0.33014	-0.30396	-15.981
1723.2	-0.16972	-0.089652	-0.087151	-0.010133	0.015866	0.056531	0.14571	0.24891	0.48647	0.7213	0.85033	0.67809	-0.097707	-1.9145	-6.0109	-5.9162	-7.6078	-5.8286	-3.8827	-3.0617	-2.3575	-1.8999	-1.4153	-0.77341	-0.57746	-0.54015	-0.45438	-0.4138	-0.3599	-0.35058	-15.996
1722.2	-0.15679	-0.090602	-0.093668	-0.036684	-0.0003685	0.04126	0.12993	0.24018	0.47602	0.71234	0.84609	0.67845	-0.073587	-1.8479	-5.9446	-5.831	-7.4933	-5.733	-3.8129	-3.0018	-2.3023	-1.8279	-1.3418	-0.72748	-0.63024	-0.55587	-0.47878	-0.47504	-0.3631	-0.29814	-16.001
1722.1	-0.19047	-0.10368	-0.1036	-0.027547	0.015436	0.0514	0.12858	0.23931	0.47791	0.71639	0.84802	0.63713	-0.039743	-1.7488	-5.7688	-5.5959	-7.3797	-5.6326	-3.7313	-2.9474	-2.2423	-1.7604	-1.2208	-0.69019	-0.60987	-0.569	-0.54646	-0.436	-0.40307	-0.36442	-15.991
1723.2	-0.2074	-0.12165	-0.12251	-0.045363	-0.01002	0.033303	0.12307	0.22811	0.46134	0.71641	0.85409	0.71943	0.0086071	-1.6802	-5.5477	-5.4307	-7.1647	-5.5057	-3.6618	-2.8798	-2.1753	-1.7159	-1.1629	-0.65944	-0.62651	-0.60606	-0.57787	-0.53402	-0.4097	-0.38392	-15.952
1718.5	-0.23899	-0.15224	-0.13667	-0.056824	-0.021045	0.020879	0.11115	0.22384	0.46585	0.70674	0.8545	0.78768	-0.0059077	-1.5989	-5.4233	-5.342	-6.9507	-5.3683	-3.5667	-2.799	-2.1076	-1.6367	-1.0722	-0.61887	-0.62868	-0.62737	-0.56005	-0.53809	-0.47452	-0.42027	-15.847
1716.1	-0.256	-0.16242	-0.14726	-0.067824	-0.032972	0.0056388	0.089494	0.19749	0.4511	0.69302	0.84441	0.72239	0.037751	-1.4473	-5.1009	-5.0937	-6.6832	-5.1772	-3.4394	-2.7038	-2.0452	-1.5475	-1.0133	-0.63458	-0.6208	-0.61044	-0.62182	-0.56486	-0.41743	-0.39777	-15.782
1705.8	-0.2512	-0.16931	-0.16644	-0.08976	-0.064638	-0.021945	0.071742	0.17766	0.41997	0.67564	0.85091	0.80607	0.10633	-1.4014	-4.893	-4.8469	-6.4575	-5.0195	-3.3582	-2.6274	-1.9907	-1.5035	-1.0123	-0.63923	-0.64367	-0.57256	-0.62138	-0.55895	-0.44336	-0.42294	-15.584
1704	-0.27188	-0.20413	-0.21153	-0.13076	-0.097097	-0.056928	0.030623	0.1407	0.39502	0.65524	0.84091	0.70245	0.21396	-1.2571	-4.6361	-4.5249	-6.1849	-4.7871	-3.2133	-2.5234	-1.8945	-1.4257	-0.94624	-0.60717	-0.61736	-0.59161	-0.57531	-0.51785	-0.42517	-0.40012	-15.375
1697.6	-0.2556	-0.18294	-0.19482	-0.12551	-0.098797	-0.070414	0.005009	0.12281	0.37241	0.63423	0.83548	0.77641	0.20986	-1.0103	-4.2868	-4.1387	-5.7628	-4.5578	-3.0647	-2.4366	-1.842	-1.3741	-0.89968	-0.61277	-0.57235	-0.64555	-0.61038	-0.57546	-0.42154	-0.38351	-15.122
1698.8	-0.2859	-0.21388	-0.21611	-0.13292	-0.11519	-0.078782	0.0059231	0.10476	0.35799	0.6252	0.83488	0.85552	0.30284	-0.84958	-3.9455	-3.9417	-5.4649	-4.3453	-2.9315	-2.3404	-1.7895	-1.3556	-0.88308	-0.59237	-0.56849	-0.56969	-0.52946	-0.50918	-0.45738	-0.41181	-14.832
1693.5	-0.27311	-0.20906	-0.22995	-0.15016	-0.12805	-0.097974	-0.023074	0.080772	0.32692	0.60274	0.82413	0.78671	0.41688	-0.78807	-3.7223	-3.6098	-5.2053	-4.1336	-2.8367	-2.2697	-1.7428	-1.3384	-0.92498	-0.54668	-0.53421	-0.50633	-0.49673	-0.51034	-0.41819	-0.39447	-14.444
1694.3	-0.24469	-0.19429	-0.21054	-0.15185	-0.13959	-0.10949	-0.034112	0.059126	0.31399	0.58617	0.81561	0.80735	0.43635	-0.54938	-3.4426	-3.3039	-4.9485	-3.9401	-2.7363	-2.2145	-1.7107	-1.3437	-0.90632	-0.59019	-0.52852	-0.50038	-0.47123	-0.44806	-0.38742	-0.39428	-14.121
1694.2	-0.24881	-0.19339	-0.22152	-0.15806	-0.13425	-0.10997	-0.052529	0.030317	0.27236	0.55365	0.80133	0.83262	0.51501	-0.43942	-3.1743	-3.0148	-4.6453	-3.7712	-2.6426	-2.1618	-1.6833	-1.3326	-0.95258	-0.55228	-0.48608	-0.47616	-0.47688	-0.42623	-0.38657	-0.33269	-13.805
1700.8	-0.25603	-0.19766	-0.21586	-0.1667	-0.13817	-0.11362	-0.056453	0.030199	0.26471	0.54926	0.80204	0.86291	0.59626	-0.41946	-3.0447	-2.9187	-4.4851	-3.6273	-2.5647	-2.106	-1.6675	-1.3335	-0.9874	-0.56676	-0.4532	-0.46343	-0.44987	-0.39657	-0.37464	-0.35281	-13.478
1708.2	-0.23184	-0.1918	-0.21797	-0.17519	-0.1544	-0.13402	-0.082236	-0.0020805	0.24526	0.51862	0.7763	0.82581	0.55469	-0.3131	-2.8167	-2.7626	-4.2842	-3.4912	-2.4935	-2.0541	-1.6514	-1.3528	-0.9752	-0.5792	-0.41989	-0.38786	-0.37206	-0.32493	-0.32278	-0.3366	-13.161
1709.2	-0.20231	-0.16988	-0.22305	-0.16237	-0.15032	-0.1393	-0.097702	-0.016806	0.2226	0.49859	0.75832	0.81282	0.56897	-0.24931	-2.6049	-2.5385	-4.0517	-3.3577	-2.415	-2.0105	-1.631	-1.3448	-1.0134	-0.56604	-0.40104	-0.3881	-0.36628	-0.35569	-0.30267	-0.27295	-12.829
1715.3	-0.19934	-0.16023	-0.20884	-0.16573	-0.16169	-0.14937	-0.10554	-0.033643	0.19704	0.47941	0.73724	0.79334	0.63006	-0.094515	-2.4375	-2.3128	-3.839	-3.1913	-2.3183	-1.9508	-1.5976	-1.3354	-1.0396	-0.55622	-0.37084	-0.37405	-0.33449	-0.33725	-0.26753	-0.28284	-12.416
1711	-0.19396	-0.1579	-0.20241	-0.16833	-0.16518	-0.15425	-0.11401	-0.047099	0.17878	0.4582	0.72486	0.76198	0.62675	-0.10836	-2.2802	-2.2147	-3.6673	-3.1033	-2.2603	-1.9115	-1.571	-1.348	-1.0712	-0.59433	-0.3429	-0.3246	-0.35963	-0.23601	-0.24398	-0.25326	-11.984
1718.6	-0.15442	-0.13733	-0.20627	-0.16846	-0.16973	-0.16182	-0.12984	-0.077956	0.15233	0.44013	0.71318	0.82078	0.63852	-0.067219	-2.0937	-2.1115	-3.4663	-2.9595	-2.1906	-1.8544	-1.5494	-1.3382	-1.1068	-0.61678	-0.36865	-0.32597	-0.25705	-0.26048	-0.19383	-0.17822	-11.554
1716.7	-0.13839	-0.11758	-0.19005	-0.16996	-0.17565	-0.16881	-0.13953	-0.095817	0.13195	0.40984	0.69278	0.83002	0.72171	0.07744	-1.8636	-1.8285	-3.3337	-2.8223	-2.1306	-1.8196	-1.5244	-1.3419	-1.1352	-0.65657	-0.3715	-0.30148	-0.27466	-0.20397	-0.17422	-0.16145	-11.062
1721.9	-0.11507	-0.1073	-0.17739	-0.15812	-0.16941	-0.16685	-0.14771	-0.12033	0.1134	0.39213	0.67329	0.84818	0.69533	0.23503	-1.6309	-1.7199	-3.0558	-2.7005	-2.0595	-1.7707	-1.5124	-1.3365	-1.1309	-0.68781	-0.3971	-0.26828	-0.19374	-0.19149	-0.15092	-0.16566	-10.603
1718.3	-0.089222	-0.093519	-0.16436	-0.17154	-0.18296	-0.17996	-0.15392	-0.10993	0.1071	0.37913	0.67234	0.77948	0.73071	0.19033	-1.5321	-1.4923	-2.8994	-2.5705	-1.9867	-1.7223	-1.4677	-1.3186	-1.1473	-0.7024	-0.41741	-0.28478	-0.18515	-0.16417	-0.10603	-0.083586	-10.036
1719.6	-0.070278	-0.070423	-0.16208	-0.16706	-0.19338	-0.20057	-0.18511	-0.14533	0.071588	0.34856	0.64738	0.74164	0.72534	0.29857	-1.4011	-1.3635	-2.7786	-2.4629	-1.927	-1.6868	-1.4506	-1.3248	-1.1535	-0.74257	-0.41176	-0.28411	-0.17119	-0.128	-0.081434	-0.087292	-9.5892
1719.5	-0.043309	-0.056429	-0.15259	-0.15574	-0.1802	-0.18656	-0.17877	-0.16087	0.0632	0.33477	0.63142	0.81624	0.77381	0.34826	-1.1877	-1.2407	-2.5633	-2.3386	-1.856	-1.634	-1.4332	-1.3021	-1.1658	-0.75125	-0.44487	-0.30614	-0.18364	-0.092397	-0.078427	-0.074118	-9.095
1721.5	-0.040114	-0.023887	-0.14982	-0.16426	-0.17603	-0.18454	-0.18581	-0.16821	0.034715	0.3139	0.61233	0.79045	0.78257	0.40649	-1.024	-1.092	-2.3802	-2.1894	-1.7614	-1.5722	-1.392	-1.2849	-1.1587	-0.77292	-0.48809	-0.32262	-0.18066	-0.07955	-0.017739	-0.013389	-8.5769
1723.8	-0.0086721	-0.026107	-0.13884	-0.15578	-0.19028	-0.19829	-0.19371	-0.18967	0.01653	0.28727	0.59182	0.77289	0.77671	0.46	-0.90693	-0.95332	-2.2192	-2.0893	-1.6882	-1.5186	-1.3558	-1.2625	-1.148	-0.78092	-0.50735	-0.36052	-0.17491	-0.064973	0.0028848	0.010103	-8.1004
1726.6	0.013727	-0.013473	-0.11796	-0.15509	-0.19084	-0.20434	-0.20965	-0.211	-0.0048569	0.26372	0.57255	0.6561	0.80436	0.48621	-0.77601	-0.76087	-2.1586	-1.9571	-1.6287	-1.4599	-1.3228	-1.247	-1.1396	-0.76531	-0.50263	-0.35572	-0.19871	-0.04735	0.038442	0.029772	-7.5764
1727.8	0.039218	0.0072087	-0.12046	-0.15542	-0.19115	-0.20736	-0.21628	-0.21616	-0.022022	0.24093	0.54595	0.73399	0.87131	0.53534	-0.56766	-0.60878	-1.8902	-1.8106	-1.5269	-1.395	-1.2776	-1.215	-1.1227	-0.76153	-0.52652	-0.38346	-0.21235	-0.054321	0.06368	0.05411	-7.1124
1729.5	0.048117	0.013487	-0.11389	-0.1505	-0.19008	-0.21412	-0.23726	-0.24769	-0.048887	0.20968	0.51077	0.69207	0.80302	0.63805	-0.32253	-0.41762	-1.626	-1.6494	-1.4135	-1.313	-1.2489	-1.1759	-1.1029	-0.74851	-0.51244	-0.38773	-0.23756	-0.052517	0.075593	0.085405	-6.5434
1729.6	0.080292	0.035034	-0.10229	-0.14442	-0.19838	-0.22315	-0.24536	-0.26752	-0.076233	0.1729	0.47799	0.67967	0.78853	0.62006	-0.17025	-0.36874	-1.4293	-1.5173	-1.3115	-1.2382	-1.1962	-1.1519	-1.0889	-0.74643	-0.50032	-0.38957	-0.24099	-0.042024	0.083288	0.09429	-6.0002
1729.8	0.10486	0.048945	-0.093687	-0.14224	-0.20403	-0.2322	-0.25751	-0.28336	-0.098471	0.14454	0.44799	0.73312	0.8462	0.73669	-0.06412	-0.144	-1.1931	-1.3426	-1.1954	-1.1501	-1.1344	-1.1139	-1.0435	-0.7349	-0.51138	-0.3681	-0.2389	-0.068679	0.091832	0.10036	-5.4071
1726.8	0.11041	0.057123	-0.094709	-0.15463	-0.22759	-0.2581	-0.28641	-0.32405	-0.1395	0.10797	0.41361	0.60239	0.79944	0.69749	0.116	0.046586	-0.98498	-1.1838	-1.0958	-1.0838	-1.0823	-1.0627	-1.0279	-0.71653	-0.50015	-0.372	-0.25239	-0.08018	0.10741	0.12162	-4.8137
