% Time() Angle(deg) Cn Ct Cm
0	9.6731	0.89007	0.12555	0.0029388
0.05	9.8993	0.89714	0.12988	0.0038265
0.1	10.063	0.92401	0.1342	0.0015292
0.15	10.273	0.94387	0.14091	0.0018804
0.2	10.502	0.94384	0.14649	0.0033958
0.25	10.675	0.96067	0.14968	0.0033099
0.29	10.897	0.98076	0.1555	0.0034903
0.34	11.06	1.0053	0.16247	0.0020612
0.39	11.275	1.0192	0.16961	0.00334
0.44	11.501	1.0254	0.1762	0.0061531
0.49	11.676	1.0565	0.1826	0.0051007
0.54	11.873	1.0684	0.19063	0.0057629
0.59	12.061	1.0889	0.19543	0.0029496
0.64	12.245	1.0969	0.20337	0.0087725
0.69	12.474	1.1103	0.20998	0.0083532
0.74	12.665	1.129	0.2182	0.0068902
0.79	12.791	1.145	0.22486	0.0078396
0.83	12.985	1.1626	0.23066	0.006928
0.88	13.173	1.1613	0.23623	0.011093
0.93	13.315	1.1805	0.24175	0.0097401
0.98	13.48	1.183	0.24872	0.01328
1.03	13.58	1.1961	0.25583	0.012881
1.08	13.732	1.1999	0.26062	0.015022
1.13	13.858	1.2096	0.26451	0.0114
1.18	13.963	1.2142	0.27232	0.016492
1.23	14.052	1.2179	0.27329	0.01414
1.28	14.158	1.2196	0.27909	0.019449
1.33	14.229	1.2222	0.28098	0.019461
1.37	14.288	1.2219	0.28541	0.021539
1.42	14.341	1.2383	0.28753	0.018053
1.47	14.404	1.2357	0.28922	0.018993
1.52	14.41	1.2327	0.29359	0.022731
1.57	14.433	1.2322	0.29588	0.022846
1.62	14.457	1.2233	0.2961	0.025752
1.67	14.481	1.2196	0.29718	0.025649
1.72	14.478	1.2257	0.29891	0.024926
1.77	14.446	1.2183	0.29583	0.024576
1.82	14.415	1.224	0.29662	0.023766
1.87	14.456	1.2201	0.29402	0.02444
1.91	14.452	1.2087	0.29636	0.027586
1.96	14.431	1.2172	0.29822	0.027034
2.01	14.418	1.2104	0.29481	0.02469
2.06	14.394	1.2035	0.29431	0.027254
2.11	14.362	1.1999	0.29314	0.02885
2.16	14.281	1.1924	0.29295	0.029823
2.21	14.25	1.1895	0.29117	0.027907
2.26	14.163	1.171	0.28771	0.03178
2.31	14.079	1.1595	0.28288	0.028857
2.36	13.998	1.1526	0.28435	0.033551
2.41	13.923	1.1244	0.27694	0.034735
2.45	13.774	1.1263	0.27229	0.035421
2.5	13.635	1.097	0.26992	0.039355
2.55	13.489	1.0895	0.26404	0.037416
2.6	13.409	1.0905	0.25944	0.035623
2.65	13.203	1.0606	0.25509	0.041724
2.7	13.061	1.0578	0.24966	0.041493
2.75	12.888	1.0539	0.2453	0.036104
2.8	12.698	1.0485	0.2387	0.037662
2.85	12.51	1.029	0.23369	0.038785
2.9	12.331	1.0079	0.22945	0.040961
2.95	12.143	1.0004	0.22143	0.040256
2.99	11.978	0.98055	0.21529	0.042226
3.04	11.829	0.9644	0.21045	0.04093
3.09	11.592	0.94462	0.20519	0.044392
3.14	11.401	0.9344	0.20034	0.044627
3.19	11.252	0.91866	0.19479	0.043628
3.24	11.016	0.91283	0.18684	0.041071
3.29	10.83	0.89009	0.18228	0.043509
3.34	10.623	0.88134	0.17742	0.042653
3.39	10.48	0.86618	0.17189	0.044838
3.44	10.271	0.84514	0.16691	0.044407
3.49	10.056	0.84015	0.15884	0.040972
3.53	9.8573	0.82883	0.1533	0.040087
3.58	9.6698	0.81538	0.14764	0.038724
3.63	9.4436	0.79753	0.14257	0.037888
3.68	9.2401	0.77896	0.13618	0.039363
3.73	9.0657	0.77264	0.13054	0.035021
3.78	8.8912	0.766	0.12692	0.035876
3.83	8.6781	0.75121	0.12385	0.038465
3.88	8.4666	0.73834	0.11677	0.034428
3.93	8.3084	0.72908	0.11328	0.033808
3.98	8.1292	0.72065	0.11005	0.033319
4.03	7.984	0.71848	0.10644	0.02804
4.07	7.8065	0.70809	0.10199	0.029691
4.12	7.6694	0.70259	0.098126	0.026644
4.17	7.5178	0.69209	0.094845	0.026664
4.22	7.3742	0.6779	0.091532	0.026879
4.27	7.2662	0.67152	0.086876	0.025917
4.32	7.1453	0.67125	0.084356	0.023333
4.37	7.0647	0.67293	0.081875	0.01954
4.42	6.9486	0.65959	0.078907	0.021533
4.47	6.8858	0.65959	0.079009	0.019126
4.52	6.8101	0.64793	0.07558	0.020596
4.57	6.7521	0.65099	0.075499	0.016345
4.61	6.6924	0.64064	0.070967	0.017016
4.66	6.657	0.63955	0.072134	0.017246
4.71	6.6264	0.64336	0.069966	0.012673
4.76	6.5652	0.63433	0.070295	0.012606
4.81	6.5346	0.63939	0.068181	0.013064
4.86	6.5394	0.63221	0.067263	0.013346
4.91	6.5346	0.63005	0.066692	0.014284
4.96	6.5314	0.63233	0.066315	0.010619
5.01	6.541	0.62837	0.066142	0.012833
5.06	6.5378	0.63338	0.066664	0.010399
5.11	6.562	0.64438	0.065864	0.0077957
5.15	6.5523	0.64027	0.067139	0.0080062
5.2	6.5893	0.63881	0.067027	0.0087213
5.25	6.6119	0.63288	0.06632	0.01058
5.3	6.6538	0.64372	0.066236	0.0088474
5.35	6.6812	0.64262	0.066792	0.0081972
5.4	6.7666	0.66201	0.066582	0.0032763
5.45	6.8294	0.66832	0.068004	0.0038539
5.5	6.9358	0.67153	0.068242	0.0036269
5.55	7.0292	0.67785	0.070301	0.0051075
5.6	7.1663	0.69566	0.072049	0.0016171
5.64	7.2694	0.71071	0.074784	1.0894e-05
5.69	7.4275	0.718	0.077824	0.001238
5.74	7.542	0.73435	0.079078	-0.0014958
5.79	7.7081	0.7441	0.081248	-0.00086991
5.84	7.9049	0.75978	0.085222	-0.0017631
5.89	8.0614	0.76916	0.087748	0.0019808
5.94	8.1986	0.77697	0.091401	0.0017292
5.99	8.4133	0.7953	0.095045	0.00035882
6.04	8.6103	0.81018	0.099045	0.0026463
6.09	8.8428	0.82089	0.10349	0.0035941
6.14	8.9881	0.83309	0.10836	0.0025274
6.18	9.2595	0.85982	0.11304	-0.00026875
6.23	9.4146	0.87023	0.11641	0.0023683
