12111	23	2	88	24.1	767.5	1	10	10	1.224	128	4096	10	0	0	0	0	156.67	977.09	1.4781e+006	0.11681	0.052392	40.367	0	0	1	0	0	0	5	0	0
959.5	0.06045	0.03226	-0.133	-0.3228	-0.4625	-0.6087	-0.818	-1.053	-1.341	-1.622	-2.187	-2.507	-2.767	-2.248	-1.105	-0.2276	0.3601	0.8861	0.8351	0.5798	0.2996	0.1158	0.0328	-0.03791	-0.04843	-0.05572	-0.02546	-0.001162	0.02126	0.04001	8.709
962.1	0.05382	0.02269	-0.1678	-0.3259	-0.4684	-0.6262	-0.8465	-1.08	-1.395	-1.712	-2.363	-2.677	-3.025	-2.538	-1.4	-0.4111	0.2468	0.8767	0.8489	0.6282	0.3594	0.1657	0.04494	-0.0145	-0.01677	-0.01834	-0.02854	0.001585	0.02939	0.0471	9.2
962.3	0.0635	0.02613	-0.1703	-0.337	-0.4747	-0.6304	-0.8617	-1.129	-1.412	-1.798	-2.457	-2.846	-3.275	-2.817	-1.636	-0.5788	0.122	0.8659	0.8747	0.6687	0.415	0.1926	0.07184	0.02046	-0.005214	-0.02299	-0.02381	0.001298	0.02447	0.02551	9.692
961.9	0.0708	0.01493	-0.1326	-0.3188	-0.5004	-0.635	-0.8943	-1.152	-1.495	-1.897	-2.448	-3.02	-3.546	-3.12	-1.894	-0.7673	-0.01507	0.845	0.8859	0.7114	0.4335	0.2197	0.1045	0.0399	0.01695	0.001055	-0.01122	0.0009611	0.01221	0.03352	10.2
957.3	0.03705	0.009797	-0.1267	-0.3499	-0.5044	-0.645	-0.8924	-1.208	-1.563	-1.973	-2.575	-3.253	-3.852	-3.45	-2.194	-1.02	-0.1886	0.826	0.9132	0.7454	0.4739	0.2697	0.1468	0.0518	0.03103	0.01665	0.02194	0.02332	0.0246	0.02163	10.71
950.5	0.008699	0.009867	-0.1417	-0.3468	-0.5313	-0.6663	-0.9571	-1.243	-1.628	-2.047	-2.627	-3.48	-4.198	-3.829	-2.542	-1.255	-0.3605	0.7997	0.9119	0.7748	0.5034	0.3118	0.161	0.07812	0.06043	0.04818	0.0205	0.01541	0.0107	0.03716	11.17
945.8	0.02189	-0.0322	-0.1532	-0.3542	-0.5202	-0.682	-0.9712	-1.268	-1.683	-2.165	-2.734	-3.728	-4.469	-4.17	-2.867	-1.496	-0.5161	0.739	0.911	0.7889	0.5608	0.3309	0.1776	0.09037	0.05625	0.03264	0.006996	0.02063	0.03322	0.002374	11.69
944.4	-0.001941	-0.02346	-0.1476	-0.3166	-0.5007	-0.6706	-0.9945	-1.307	-1.724	-2.243	-2.866	-3.93	-4.766	-4.502	-3.167	-1.737	-0.7154	0.6923	0.8921	0.8143	0.582	0.3589	0.2061	0.1182	0.07421	0.04375	0.02544	0.02171	0.01827	-0.0008799	12.16
945.1	-0.0151	-0.02784	-0.1525	-0.3488	-0.5166	-0.6967	-1.001	-1.36	-1.774	-2.319	-3.023	-4.206	-5.076	-4.877	-3.526	-2.027	-0.9336	0.6145	0.9008	0.8361	0.6129	0.3861	0.2358	0.1347	0.08888	0.05714	0.04465	0.0253	0.007429	-0.0196	12.68
944.7	-0.04636	-0.02961	-0.1459	-0.3481	-0.5322	-0.6767	-1.032	-1.377	-1.817	-2.354	-3.195	-4.464	-5.38	-5.228	-3.892	-2.307	-1.144	0.577	0.8942	0.8607	0.6487	0.4336	0.2517	0.1585	0.1173	0.08877	0.04467	0.03354	0.02326	-0.01146	13.12
944.5	-0.03649	-0.05773	-0.1668	-0.3717	-0.5209	-0.7342	-1.048	-1.415	-1.858	-2.449	-3.376	-4.705	-5.702	-5.653	-4.289	-2.621	-1.378	0.4717	0.8639	0.8728	0.6877	0.442	0.28	0.176	0.1146	0.07219	0.0535	0.03258	0.01327	-0.03996	13.62
947	-0.06922	-0.07686	-0.163	-0.2947	-0.5147	-0.7253	-1.075	-1.381	-1.918	-2.539	-3.512	-4.813	-5.982	-5.977	-4.633	-2.857	-1.587	0.4086	0.8376	0.9007	0.696	0.4797	0.3025	0.2023	0.137	0.0917	0.06055	0.02212	-0.01337	-0.03661	14.07
946.6	-0.07746	-0.07339	-0.1406	-0.3523	-0.506	-0.6991	-1.056	-1.432	-1.965	-2.589	-3.557	-5.017	-6.246	-6.264	-4.876	-3.087	-1.744	0.3603	0.8426	0.9063	0.7132	0.5035	0.3299	0.2214	0.1569	0.1122	0.09098	0.04017	-0.006719	-0.03988	14.54
945.6	-0.09644	-0.09189	-0.1949	-0.3275	-0.5082	-0.6892	-1.06	-1.45	-1.984	-2.651	-3.743	-5.122	-6.523	-6.59	-5.225	-3.337	-1.925	0.2869	0.8131	0.9158	0.7435	0.5231	0.3278	0.2287	0.1628	0.1171	0.06144	0.02686	-0.005061	-0.05049	14.95
940.7	-0.09942	-0.1197	-0.196	-0.2942	-0.4718	-0.6786	-1.068	-1.491	-2.03	-2.717	-3.823	-5.148	-6.74	-6.917	-5.541	-3.576	-2.114	0.2234	0.779	0.9266	0.7695	0.5488	0.3495	0.2538	0.1813	0.1312	0.07706	0.03913	0.004117	-0.05648	15.39
934.8	-0.1516	-0.1489	-0.2006	-0.3133	-0.5059	-0.708	-1.085	-1.471	-2.054	-2.803	-3.926	-5.181	-7.041	-7.253	-5.839	-3.861	-2.351	0.1311	0.7643	0.9456	0.7624	0.5631	0.3794	0.2658	0.1844	0.128	0.09861	0.02628	-0.04049	-0.07576	15.79
929.6	-0.1733	-0.1827	-0.2119	-0.343	-0.4831	-0.6885	-1.064	-1.544	-2.119	-2.859	-4.08	-5.39	-7.35	-7.657	-6.215	-4.181	-2.583	0.06324	0.7502	0.9228	0.7924	0.5887	0.4052	0.2632	0.1833	0.1279	0.08937	0.02657	-0.0314	-0.09024	16.19
927.8	-0.1787	-0.1858	-0.2666	-0.3321	-0.5006	-0.6655	-1.063	-1.524	-2.125	-2.929	-4.193	-5.428	-7.619	-7.96	-6.554	-4.422	-2.763	-0.02368	0.7088	0.9333	0.8224	0.6124	0.4034	0.2782	0.2053	0.1547	0.08547	0.01893	-0.04249	-0.09539	16.57
927.1	-0.1713	-0.2092	-0.2566	-0.3316	-0.4845	-0.657	-1.05	-1.479	-2.155	-2.981	-4.253	-5.544	-7.842	-8.279	-6.885	-4.659	-2.975	-0.1081	0.6816	0.9385	0.8291	0.6137	0.4232	0.2978	0.2048	0.1404	0.09207	0.0106	-0.06459	-0.1112	16.92
930.2	-0.2459	-0.2424	-0.2846	-0.375	-0.4895	-0.654	-1.051	-1.507	-2.176	-3.013	-4.321	-5.618	-8.009	-8.489	-7.099	-4.85	-3.125	-0.1863	0.658	0.9459	0.8323	0.6302	0.426	0.3048	0.2121	0.1479	0.1007	0.007387	-0.07877	-0.1299	17.29
933.1	-0.271	-0.2906	-0.2964	-0.4141	-0.5035	-0.6591	-1.019	-1.519	-2.198	-3.02	-4.362	-5.769	-8.176	-8.707	-7.305	-5.076	-3.287	-0.2786	0.622	0.915	0.8443	0.6275	0.4365	0.2999	0.2131	0.1531	0.1134	0.02061	-0.06503	-0.1526	17.59
937	-0.2823	-0.3221	-0.3667	-0.4009	-0.5194	-0.6251	-0.9622	-1.481	-2.107	-3.015	-4.352	-5.816	-8.226	-8.788	-7.442	-5.143	-3.344	-0.2829	0.61	0.9216	0.8527	0.6572	0.4497	0.317	0.2339	0.1763	0.1065	0.003446	-0.09163	-0.1568	17.9
939.5	-0.3121	-0.3451	-0.4152	-0.4675	-0.553	-0.6483	-0.9297	-1.442	-2.12	-3.007	-4.36	-5.808	-8.312	-8.922	-7.561	-5.255	-3.444	-0.3455	0.5809	0.9269	0.8606	0.6393	0.4326	0.3177	0.2189	0.1504	0.08843	-0.01335	-0.1073	-0.1818	18.13
937.9	-0.3549	-0.4014	-0.4175	-0.51	-0.5499	-0.6655	-0.8573	-1.348	-2.068	-3.013	-4.373	-5.849	-8.408	-9.032	-7.678	-5.381	-3.54	-0.3814	0.5889	0.9129	0.8442	0.6565	0.4601	0.3135	0.2187	0.1531	0.09585	-0.02123	-0.1293	-0.1985	18.41
934.5	-0.3487	-0.4073	-0.4857	-0.5807	-0.6174	-0.675	-0.8612	-1.332	-2.033	-2.965	-4.409	-5.926	-8.436	-9.095	-7.76	-5.438	-3.591	-0.3892	0.5856	0.9118	0.8515	0.6774	0.4727	0.329	0.2381	0.1752	0.1059	-0.01577	-0.1281	-0.2066	18.68
932.4	-0.3703	-0.4421	-0.644	-0.5993	-0.6295	-0.7303	-0.8941	-1.197	-1.862	-2.869	-4.38	-5.855	-8.414	-9.106	-7.8	-5.436	-3.594	-0.3892	0.5695	0.9218	0.8749	0.655	0.467	0.3282	0.2224	0.1492	0.07937	-0.03701	-0.1444	-0.2401	18.86
929.5	-0.4651	-0.5497	-0.5748	-0.7009	-0.7484	-0.8234	-0.935	-1.119	-1.725	-2.749	-4.186	-5.774	-8.298	-8.989	-7.719	-5.389	-3.559	-0.4023	0.565	0.9308	0.8665	0.6671	0.4592	0.3324	0.2168	0.1368	0.06821	-0.0536	-0.166	-0.2764	19.03
928.4	-0.4724	-0.5772	-0.7063	-0.7687	-0.8095	-0.9315	-0.9226	-1.111	-1.514	-2.474	-3.98	-5.531	-8.075	-8.772	-7.544	-5.277	-3.482	-0.3698	0.6061	0.9223	0.8589	0.668	0.4784	0.3223	0.2171	0.1442	0.08868	-0.05667	-0.1908	-0.2801	19.22
925.7	-0.5694	-0.6372	-0.7807	-0.8553	-0.9433	-0.9892	-1.058	-1.078	-1.305	-2.184	-3.642	-5.175	-7.649	-8.35	-7.217	-5.015	-3.285	-0.2873	0.6214	0.924	0.8735	0.6784	0.4628	0.3136	0.208	0.1349	0.05131	-0.09921	-0.2382	-0.3465	19.35
924.3	-0.4963	-0.613	-0.9438	-0.9951	-1.054	-1.093	-1.1	-1.082	-1.188	-1.779	-3.07	-4.722	-7.043	-7.767	-6.736	-4.621	-2.99	-0.1912	0.651	0.9589	0.8826	0.6717	0.461	0.3157	0.2037	0.1263	0.03747	-0.1021	-0.2308	-0.3246	19.46
924.4	-0.6131	-0.7215	-0.9838	-1.132	-1.186	-1.179	-1.142	-1.09	-1.033	-1.343	-2.576	-4.035	-6.229	-6.973	-6.051	-4.085	-2.582	-0.02652	0.7202	0.9853	0.8756	0.6529	0.4473	0.3124	0.1909	0.1069	0.02108	-0.1511	-0.31	-0.4385	19.56
923.2	-0.6821	-0.7828	-1.103	-1.229	-1.188	-1.112	-1.118	-1.048	-0.9714	-1.15	-2.263	-3.53	-5.436	-6.121	-5.249	-3.535	-2.182	0.13	0.789	0.9778	0.8517	0.6499	0.4301	0.2853	0.168	0.0868	-0.0002137	-0.1908	-0.3667	-0.4875	19.65
920.4	-0.7576	-0.8582	-1.226	-1.183	-1.145	-1.058	-0.9178	-0.9584	-0.928	-1.041	-1.798	-2.955	-4.716	-5.208	-4.569	-2.95	-1.756	0.3059	0.8594	0.971	0.8386	0.6268	0.4246	0.2496	0.1358	0.05705	-0.04299	-0.2466	-0.4345	-0.5391	19.75
915.8	-0.8726	-0.9168	-1.034	-1.034	-0.9894	-1.021	-1.092	-1.071	-0.86	-0.8135	-1.45	-2.45	-3.908	-4.31	-3.819	-2.367	-1.333	0.4281	0.8926	0.9892	0.8149	0.5701	0.3659	0.2239	0.09948	0.01333	-0.09364	-0.31	-0.5098	-0.6829	19.75
912	-0.8805	-0.917	-0.9394	-1.007	-1.074	-1.061	-1.084	-0.8974	-0.7151	-0.7863	-1.309	-2.165	-3.427	-3.752	-3.272	-1.993	-1.068	0.5138	0.9061	0.9728	0.7902	0.5551	0.3502	0.206	0.06801	-0.02753	-0.1181	-0.3296	-0.5248	-0.6697	19.76
907.6	-0.8625	-0.8885	-0.9335	-0.9645	-1.037	-1.056	-0.9617	-0.8349	-0.7556	-0.8332	-1.333	-2.048	-3.087	-3.427	-2.931	-1.807	-0.8959	0.5715	0.9486	0.9434	0.7509	0.5331	0.3234	0.1576	0.0418	-0.03835	-0.1379	-0.3422	-0.5308	-0.667	19.81
906.4	-0.7324	-0.7881	-0.8521	-0.9674	-1.035	-1.041	-0.9058	-0.8169	-0.8226	-0.9013	-1.399	-2.001	-3.021	-3.255	-2.788	-1.664	-0.7998	0.6023	0.9449	0.9419	0.7448	0.502	0.3056	0.1446	0.04181	-0.02935	-0.1481	-0.324	-0.4864	-0.6144	19.8
907.8	-0.7929	-0.86	-0.8317	-0.9448	-0.9703	-0.9507	-0.8686	-0.7697	-0.748	-0.789	-1.461	-2.095	-3.045	-3.289	-2.789	-1.64	-0.7714	0.6229	0.924	0.9441	0.7287	0.479	0.2853	0.1468	0.02333	-0.06219	-0.1612	-0.334	-0.4934	-0.6372	19.78
915.5	-0.7388	-0.6697	-0.6998	-0.9084	-0.9555	-0.8953	-0.8347	-0.7899	-0.8317	-0.8828	-1.481	-2.133	-3.071	-3.285	-2.724	-1.598	-0.7398	0.6288	0.938	0.9379	0.6973	0.4694	0.2786	0.135	0.009637	-0.07716	-0.154	-0.332	-0.4962	-0.5999	19.79
925.3	-0.6772	-0.6976	-0.7078	-0.8085	-0.8949	-0.8931	-0.8035	-0.8241	-0.7727	-0.8683	-1.502	-2.31	-3.093	-3.295	-2.69	-1.583	-0.7139	0.6479	0.9487	0.8963	0.689	0.4699	0.285	0.119	0.01455	-0.05779	-0.141	-0.3092	-0.4645	-0.5553	19.8
932.3	-0.6646	-0.6638	-0.6991	-0.7967	-0.797	-0.8514	-0.8149	-0.7588	-0.73	-0.9286	-1.575	-2.154	-3.107	-3.32	-2.694	-1.568	-0.7026	0.6466	0.9045	0.8799	0.6864	0.4656	0.2635	0.1053	0.008718	-0.05815	-0.1586	-0.3014	-0.4332	-0.5247	19.72
939.1	-0.6879	-0.6749	-0.7376	-0.7884	-0.7725	-0.7331	-0.7413	-0.7457	-0.7366	-0.9857	-1.631	-2.376	-3.155	-3.351	-2.699	-1.565	-0.7093	0.6166	0.8901	0.8822	0.6636	0.4292	0.234	0.08783	-0.02166	-0.09747	-0.1816	-0.3191	-0.446	-0.5275	19.58
942.6	-0.635	-0.631	-0.709	-0.7229	-0.7047	-0.687	-0.7041	-0.6662	-0.6998	-0.9642	-1.634	-2.229	-3.12	-3.312	-2.643	-1.493	-0.6595	0.6423	0.9125	0.8833	0.639	0.4184	0.2315	0.07957	-0.03465	-0.1137	-0.1849	-0.3311	-0.466	-0.5549	19.47
939.1	-0.6192	-0.6378	-0.6764	-0.6995	-0.7008	-0.6878	-0.6776	-0.6167	-0.6482	-0.9891	-1.661	-2.414	-3.134	-3.291	-2.591	-1.446	-0.6196	0.6673	0.9058	0.8683	0.6321	0.3908	0.2098	0.06872	-0.04122	-0.1173	-0.1977	-0.3416	-0.4745	-0.5512	19.26
936.1	-0.573	-0.6239	-0.6836	-0.7017	-0.6899	-0.648	-0.6498	-0.622	-0.6191	-1.034	-1.631	-2.412	-3.078	-3.245	-2.538	-1.406	-0.5766	0.6858	0.9078	0.8572	0.6289	0.3898	0.1954	0.04259	-0.05637	-0.1249	-0.2242	-0.3503	-0.4667	-0.5283	19.05
929.1	-0.5782	-0.6259	-0.6981	-0.674	-0.6597	-0.6233	-0.6261	-0.6013	-0.6318	-1.015	-1.644	-2.241	-3.08	-3.257	-2.491	-1.345	-0.5245	0.6946	0.9115	0.8558	0.6079	0.3733	0.1774	0.0413	-0.07027	-0.1475	-0.2088	-0.339	-0.4592	-0.5216	18.83
927.8	-0.5648	-0.5874	-0.6625	-0.6576	-0.6458	-0.6412	-0.6062	-0.5979	-0.6222	-1.081	-1.651	-2.397	-3.073	-3.203	-2.417	-1.296	-0.4781	0.7148	0.9318	0.8359	0.6001	0.3661	0.1836	0.03331	-0.06891	-0.1397	-0.1952	-0.328	-0.4505	-0.5124	18.62
926.3	-0.5825	-0.5991	-0.6363	-0.6545	-0.6402	-0.6044	-0.5952	-0.5929	-0.6636	-1.099	-1.68	-2.459	-3.071	-3.195	-2.412	-1.268	-0.4652	0.7343	0.9389	0.8416	0.5942	0.355	0.1796	0.02368	-0.07155	-0.1375	-0.2168	-0.3409	-0.4555	-0.5099	18.34
928.8	-0.555	-0.5886	-0.6593	-0.6487	-0.6253	-0.6028	-0.5841	-0.5829	-0.6715	-1.142	-1.698	-2.541	-3.046	-3.174	-2.362	-1.229	-0.4143	0.7525	0.9119	0.8289	0.5875	0.3354	0.1614	0.01557	-0.07513	-0.1379	-0.2195	-0.3293	-0.4306	-0.4961	18.06
933.1	-0.5799	-0.6188	-0.6242	-0.612	-0.5856	-0.6251	-0.6036	-0.6013	-0.6115	-1.095	-1.656	-2.444	-2.976	-3.084	-2.26	-1.144	-0.352	0.7345	0.9148	0.8242	0.5693	0.3238	0.1481	0.01549	-0.08377	-0.1525	-0.2063	-0.3324	-0.4489	-0.5169	17.76
936.2	-0.5273	-0.5307	-0.5867	-0.6582	-0.6522	-0.623	-0.5889	-0.5539	-0.6278	-1.07	-1.682	-2.449	-2.967	-3.027	-2.206	-1.112	-0.3253	0.7356	0.9054	0.7813	0.5572	0.3066	0.1342	0.01624	-0.09022	-0.1639	-0.2177	-0.317	-0.4087	-0.4716	17.4
936.9	-0.5237	-0.5472	-0.609	-0.63	-0.5758	-0.5334	-0.5184	-0.5686	-0.6705	-1.135	-1.626	-2.319	-2.919	-2.957	-2.118	-1.033	-0.2861	0.7778	0.9063	0.7799	0.5303	0.3063	0.1265	-0.01409	-0.09033	-0.1431	-0.2063	-0.3153	-0.4159	-0.4606	17.07
936.7	-0.5321	-0.5287	-0.5368	-0.491	-0.5286	-0.5246	-0.5413	-0.5444	-0.6603	-1.124	-1.685	-2.376	-2.935	-2.946	-2.092	-1.012	-0.2513	0.7825	0.9065	0.7914	0.5245	0.2872	0.119	-0.02367	-0.1037	-0.1591	-0.2168	-0.3327	-0.4396	-0.4968	16.65
934.2	-0.4819	-0.4919	-0.485	-0.512	-0.4914	-0.5251	-0.5064	-0.5576	-0.7077	-1.158	-1.631	-2.405	-2.87	-2.908	-2.046	-0.9594	-0.2146	0.7727	0.9113	0.7717	0.5182	0.274	0.1	-0.02053	-0.1088	-0.1699	-0.2247	-0.3015	-0.3725	-0.4619	16.3
929.8	-0.4616	-0.4657	-0.4882	-0.4724	-0.4625	-0.5168	-0.5255	-0.479	-0.7199	-1.204	-1.703	-2.377	-2.928	-2.888	-2.008	-0.9106	-0.1771	0.7929	0.9085	0.7824	0.5078	0.2637	0.09713	-0.02224	-0.1071	-0.1659	-0.2168	-0.2899	-0.3573	-0.4236	15.89
926	-0.4232	-0.4452	-0.4331	-0.4669	-0.4908	-0.4819	-0.4407	-0.4801	-0.726	-1.231	-1.632	-2.548	-3.113	-2.976	-2.025	-0.9237	-0.1667	0.8043	0.9209	0.7565	0.502	0.2601	0.1035	-0.03524	-0.1033	-0.1504	-0.1964	-0.2769	-0.3511	-0.3913	15.55
922.7	-0.4281	-0.427	-0.4671	-0.4694	-0.4718	-0.4366	-0.427	-0.5245	-0.7911	-1.292	-1.758	-2.545	-3.223	-3.044	-2.046	-0.9201	-0.1535	0.8081	0.9131	0.7575	0.483	0.2313	0.07917	-0.04752	-0.1106	-0.1542	-0.2045	-0.2796	-0.349	-0.396	15.13
923.5	-0.4109	-0.4167	-0.4412	-0.3968	-0.4002	-0.4299	-0.4275	-0.5189	-0.8723	-1.323	-1.796	-2.54	-3.191	-2.993	-1.991	-0.8682	-0.09917	0.8369	0.9203	0.763	0.4861	0.246	0.0825	-0.03534	-0.1031	-0.15	-0.1953	-0.2636	-0.3265	-0.3832	14.72
926.6	-0.3802	-0.3759	-0.3716	-0.383	-0.4063	-0.3771	-0.4627	-0.5919	-0.9558	-1.328	-1.833	-2.548	-3.14	-2.946	-1.929	-0.8135	-0.09627	0.836	0.9204	0.7482	0.4534	0.2319	0.06868	-0.04248	-0.1029	-0.1447	-0.1922	-0.2487	-0.3008	-0.3529	14.3
932	-0.3305	-0.3265	-0.3348	-0.3504	-0.3579	-0.4457	-0.4355	-0.6239	-0.9325	-1.369	-1.798	-2.607	-3.153	-2.915	-1.889	-0.797	-0.05989	0.8475	0.904	0.729	0.4482	0.2221	0.08512	-0.04865	-0.1021	-0.1391	-0.1732	-0.222	-0.267	-0.3145	13.85
935.6	-0.3034	-0.3084	-0.3773	-0.4039	-0.3803	-0.3948	-0.4093	-0.6207	-1.024	-1.403	-1.95	-2.716	-3.259	-2.959	-1.867	-0.7644	-0.01719	0.8315	0.884	0.7192	0.4371	0.1989	0.05628	-0.04367	-0.09642	-0.1329	-0.1693	-0.213	-0.2533	-0.2944	13.36
940	-0.307	-0.3441	-0.316	-0.3319	-0.3589	-0.2819	-0.3995	-0.6772	-1.054	-1.51	-2.046	-2.762	-3.336	-2.979	-1.878	-0.7533	-0.008659	0.8349	0.8971	0.7098	0.4402	0.1957	0.06269	-0.04665	-0.1024	-0.141	-0.1686	-0.1937	-0.217	-0.2791	12.93
940.5	-0.2655	-0.2592	-0.3033	-0.2185	-0.2814	-0.2782	-0.4315	-0.753	-1.14	-1.567	-2.235	-2.789	-3.325	-2.942	-1.825	-0.706	0.01669	0.8588	0.9005	0.705	0.4272	0.2116	0.06433	-0.04503	-0.08672	-0.1156	-0.1443	-0.1881	-0.2285	-0.2405	12.46
942.3	-0.2394	-0.1829	-0.2734	-0.2229	-0.2581	-0.2786	-0.4934	-0.8284	-1.196	-1.626	-2.219	-2.814	-3.319	-2.925	-1.8	-0.6863	0.02678	0.8563	0.8855	0.7019	0.4111	0.1906	0.05255	-0.04415	-0.09231	-0.1256	-0.1392	-0.1637	-0.1863	-0.1935	11.99
942.4	-0.1652	-0.1538	-0.1939	-0.2172	-0.224	-0.298	-0.5584	-0.8608	-1.245	-1.656	-2.221	-2.797	-3.304	-2.918	-1.767	-0.677	0.04702	0.8652	0.8916	0.6949	0.4068	0.1875	0.04921	-0.04415	-0.0806	-0.1058	-0.1312	-0.1368	-0.1421	-0.169	11.49
938.8	-0.117	-0.1315	-0.2173	-0.2033	-0.2404	-0.3793	-0.6196	-0.9203	-1.274	-1.678	-2.304	-2.775	-3.275	-2.851	-1.723	-0.6117	0.08952	0.864	0.8896	0.6872	0.3964	0.1706	0.05107	-0.04352	-0.07824	-0.1023	-0.118	-0.1173	-0.1166	-0.1221	11.07
934.5	-0.1342	-0.1347	-0.1517	-0.1698	-0.2439	-0.3711	-0.6896	-0.9607	-1.293	-1.672	-2.299	-2.799	-3.285	-2.851	-1.709	-0.5993	0.1044	0.8843	0.8952	0.679	0.3854	0.1613	0.0236	-0.05412	-0.08473	-0.1059	-0.1258	-0.1235	-0.1214	-0.1128	10.57
931.2	-0.0729	-0.09242	-0.1319	-0.1737	-0.2834	-0.4344	-0.7064	-0.9819	-1.317	-1.688	-2.377	-2.774	-3.203	-2.759	-1.626	-0.538	0.15	0.8884	0.877	0.6622	0.3713	0.1487	0.02622	-0.06635	-0.08238	-0.09348	-0.1116	-0.1033	-0.09558	-0.07027	10.11
933.4	-0.03693	-0.05308	-0.09954	-0.1635	-0.2951	-0.4513	-0.7087	-0.9611	-1.295	-1.665	-2.281	-2.699	-3.092	-2.631	-1.493	-0.4508	0.2152	0.8845	0.8664	0.6388	0.3516	0.1352	0.006825	-0.0638	-0.09539	-0.1173	-0.1081	-0.08788	-0.06922	-0.06846	9.606
938.8	-0.02016	-0.02891	-0.08386	-0.1788	-0.3276	-0.4691	-0.729	-0.9924	-1.3	-1.617	-2.231	-2.601	-2.953	-2.468	-1.357	-0.3366	0.2791	0.8939	0.8519	0.6282	0.3275	0.1206	0.00595	-0.06661	-0.09661	-0.1174	-0.09779	-0.07183	-0.04786	-0.04676	9.128
945.4	0.01203	0.008165	-0.05492	-0.1865	-0.3456	-0.4658	-0.7161	-0.9705	-1.256	-1.572	-2.14	-2.503	-2.81	-2.317	-1.225	-0.2485	0.3386	0.885	0.8483	0.6023	0.31	0.08853	-0.00156	-0.09382	-0.1045	-0.1118	-0.09151	-0.04872	-0.009225	-0.0261	8.641
947.4	0.03661	0.02479	-0.06729	-0.2063	-0.3472	-0.4763	-0.7208	-0.9452	-1.247	-1.55	-2.068	-2.403	-2.647	-2.133	-1.084	-0.1441	0.4133	0.8983	0.8108	0.576	0.2823	0.08377	-0.02805	-0.09362	-0.1014	-0.1069	-0.0977	-0.06076	-0.02665	0.01374	8.135
947.6	0.07269	0.03967	-0.07725	-0.25	-0.356	-0.5203	-0.7362	-0.9475	-1.208	-1.481	-1.986	-2.302	-2.492	-1.972	-0.9382	-0.04602	0.4921	0.8981	0.8013	0.5441	0.2662	0.05028	-0.04543	-0.1039	-0.107	-0.1092	-0.09608	-0.03752	0.01655	0.01779	7.657
943.1	0.07139	0.05219	-0.07846	-0.2357	-0.374	-0.5281	-0.7414	-0.9354	-1.21	-1.457	-1.919	-2.202	-2.364	-1.811	-0.786	0.06145	0.5273	0.8926	0.7802	0.5113	0.2166	0.02835	-0.06312	-0.117	-0.1221	-0.1255	-0.1006	-0.03485	0.02581	0.04234	7.209
937.6	0.09584	0.064	-0.09405	-0.2428	-0.3843	-0.484	-0.7063	-0.9215	-1.173	-1.486	-1.827	-2.113	-2.215	-1.65	-0.6617	0.1651	0.5982	0.8968	0.7674	0.4969	0.1932	-0.003784	-0.07269	-0.1257	-0.127	-0.1279	-0.102	-0.03675	0.02344	0.05899	6.744
933.4	0.09045	0.06162	-0.1004	-0.2669	-0.3787	-0.4889	-0.715	-0.8903	-1.136	-1.477	-1.766	-2.038	-2.082	-1.505	-0.5271	0.2434	0.6545	0.8936	0.7275	0.4494	0.1641	-0.01307	-0.1016	-0.1583	-0.1444	-0.1348	-0.1154	-0.03832	0.03282	0.06586	6.277
929.3	0.1076	0.06278	-0.1085	-0.2491	-0.3754	-0.509	-0.7046	-0.9085	-1.12	-1.435	-1.693	-1.927	-1.939	-1.353	-0.3975	0.314	0.7018	0.8829	0.7061	0.4022	0.1347	-0.05347	-0.1189	-0.1727	-0.1573	-0.1467	-0.1151	-0.0381	0.03297	0.06283	5.838
928.8	0.1076	0.07801	-0.09324	-0.2311	-0.3649	-0.4751	-0.6883	-0.8481	-1.081	-1.373	-1.58	-1.798	-1.752	-1.161	-0.234	0.4379	0.7681	0.8697	0.674	0.3814	0.09002	-0.07757	-0.1342	-0.1744	-0.1671	-0.162	-0.1257	-0.03616	0.04654	0.06701	5.374
930.3	0.1233	0.06985	-0.08886	-0.2522	-0.3487	-0.4806	-0.6674	-0.8289	-1.007	-1.315	-1.496	-1.681	-1.578	-0.9914	-0.0983	0.5151	0.819	0.8536	0.6365	0.3475	0.0452	-0.103	-0.15	-0.1942	-0.1765	-0.1642	-0.1272	-0.0448	0.03124	0.07021	4.978
936.1	0.1284	0.05435	-0.09672	-0.2293	-0.3171	-0.4517	-0.6656	-0.7943	-1.006	-1.237	-1.415	-1.565	-1.439	-0.8506	0.00973	0.5817	0.8546	0.832	0.605	0.307	0.03723	-0.1262	-0.1792	-0.2137	-0.189	-0.1719	-0.1231	-0.03204	0.05206	0.08291	4.52
942	0.09622	0.08572	-0.1028	-0.2157	-0.3297	-0.4356	-0.6261	-0.7618	-0.9576	-1.174	-1.326	-1.444	-1.28	-0.6607	0.1191	0.6382	0.8679	0.7925	0.5505	0.2411	0.006449	-0.1515	-0.1964	-0.2219	-0.1913	-0.1701	-0.1377	-0.04395	0.04255	0.09465	4.118
946	0.1361	0.07132	-0.07738	-0.2277	-0.3348	-0.4223	-0.593	-0.7461	-0.9392	-1.122	-1.216	-1.337	-1.15	-0.5361	0.2374	0.6921	0.8827	0.7711	0.5318	0.2047	-0.04681	-0.1943	-0.208	-0.2549	-0.2095	-0.178	-0.1315	-0.04323	0.03821	0.06985	3.762
950.4	0.1215	0.0579	-0.08449	-0.225	-0.3276	-0.4274	-0.567	-0.7046	-0.9066	-1.064	-1.14	-1.221	-1.006	-0.4125	0.335	0.7461	0.8769	0.7157	0.4743	0.1601	-0.09117	-0.2268	-0.2153	-0.2522	-0.2167	-0.1921	-0.1452	-0.04518	0.04714	0.08653	3.399
954.1	0.1341	0.0742	-0.08664	-0.2378	-0.3047	-0.4126	-0.5555	-0.673	-0.8772	-0.9996	-1.072	-1.126	-0.8623	-0.2772	0.4081	0.7803	0.9043	0.663	0.413	0.1108	-0.1168	-0.2463	-0.254	-0.2716	-0.2371	-0.2133	-0.1645	-0.04766	0.06016	0.06523	3.012
952.6	0.1253	0.07431	-0.08677	-0.2092	-0.306	-0.4001	-0.5455	-0.6641	-0.8283	-0.9566	-0.9936	-1.035	-0.7557	-0.1689	0.4699	0.8154	0.8949	0.6221	0.3611	0.06304	-0.1665	-0.286	-0.2758	-0.2854	-0.2337	-0.1979	-0.152	-0.04679	0.05034	0.07018	2.683
951	0.1116	0.06309	-0.09189	-0.2007	-0.3008	-0.3832	-0.5293	-0.6445	-0.8163	-0.9213	-0.9248	-0.9288	-0.6321	-0.06187	0.564	0.8664	0.9031	0.5776	0.3137	0.02031	-0.1995	-0.3161	-0.282	-0.289	-0.2391	-0.2045	-0.1618	-0.05016	0.0529	0.09375	2.392
948.6	0.1177	0.04313	-0.08714	-0.2085	-0.3008	-0.3938	-0.5392	-0.6586	-0.7908	-0.8899	-0.8686	-0.8788	-0.5414	0.02598	0.618	0.8413	0.8794	0.5352	0.268	-0.03892	-0.254	-0.3359	-0.3026	-0.3331	-0.2704	-0.2271	-0.1686	-0.05551	0.04889	0.09885	2.045
950.3	0.1109	0.07013	-0.07869	-0.2041	-0.293	-0.4019	-0.4986	-0.554	-0.7587	-0.837	-0.8095	-0.7706	-0.4339	0.1333	0.6729	0.8853	0.8979	0.4823	0.2156	-0.06371	-0.2729	-0.3596	-0.34	-0.323	-0.2661	-0.2267	-0.158	-0.04958	0.05046	0.07601	1.775
952.1	0.1123	0.06302	-0.1067	-0.2061	-0.2868	-0.3933	-0.5039	-0.6199	-0.7345	-0.8119	-0.7746	-0.7268	-0.3699	0.1842	0.6965	0.8803	0.867	0.4305	0.1595	-0.1124	-0.3017	-0.3983	-0.3567	-0.3483	-0.2966	-0.2608	-0.1807	-0.06529	0.04127	0.06779	1.506
955	0.1266	0.06457	-0.09894	-0.2055	-0.2876	-0.3606	-0.5008	-0.585	-0.7158	-0.7718	-0.7298	-0.6725	-0.2994	0.2371	0.72	0.8826	0.8578	0.3981	0.1204	-0.1428	-0.3393	-0.4174	-0.3638	-0.3575	-0.2902	-0.2436	-0.1841	-0.06871	0.03785	0.08772	1.261
957.8	0.1133	0.05311	-0.06985	-0.2097	-0.2875	-0.3726	-0.4484	-0.5636	-0.6902	-0.7327	-0.6576	-0.6032	-0.2134	0.3106	0.7743	0.8858	0.8419	0.3436	0.08472	-0.1713	-0.355	-0.4252	-0.3701	-0.3696	-0.2915	-0.2374	-0.1678	-0.05578	0.0476	0.08505	1.061
960.2	0.1001	0.07891	-0.08856	-0.1988	-0.302	-0.3586	-0.4781	-0.5876	-0.68	-0.7002	-0.633	-0.541	-0.1637	0.3726	0.7821	0.8861	0.8125	0.2967	0.02929	-0.2243	-0.4024	-0.452	-0.4027	-0.3843	-0.3036	-0.2477	-0.1839	-0.06615	0.04256	0.09606	0.859
960	0.1171	0.05213	-0.09514	-0.1789	-0.2741	-0.3491	-0.4743	-0.5672	-0.6388	-0.677	-0.5854	-0.4901	-0.09632	0.4307	0.8087	0.8895	0.7763	0.2578	-0.009817	-0.2524	-0.4133	-0.4626	-0.411	-0.393	-0.2947	-0.2267	-0.1903	-0.06835	0.04421	0.08887	0.7156
957.4	0.1003	0.07394	-0.0954	-0.1842	-0.2837	-0.3396	-0.4764	-0.5441	-0.6389	-0.6479	-0.562	-0.4502	-0.06874	0.4431	0.8171	0.8845	0.7717	0.2363	-0.03138	-0.2718	-0.4462	-0.4887	-0.4178	-0.4003	-0.3082	-0.2445	-0.1963	-0.07546	0.03611	0.1052	0.5608
954	0.104	0.06116	-0.1032	-0.2121	-0.2686	-0.3373	-0.4579	-0.5485	-0.6295	-0.636	-0.5243	-0.4266	-0.009913	0.4836	0.8448	0.8695	0.752	0.1819	-0.07471	-0.3231	-0.4603	-0.4965	-0.4217	-0.3993	-0.307	-0.243	-0.1859	-0.05409	0.06759	0.112	0.4745
949.3	0.1061	0.06933	-0.1029	-0.2027	-0.2748	-0.3451	-0.4843	-0.5379	-0.6136	-0.6172	-0.5194	-0.3926	0.02854	0.5169	0.8347	0.8771	0.7457	0.1479	-0.1123	-0.3359	-0.4727	-0.5247	-0.456	-0.4092	-0.3196	-0.2576	-0.2028	-0.06805	0.05632	0.08905	0.3734
946.6	0.104	0.05375	-0.09982	-0.1984	-0.274	-0.3223	-0.4537	-0.5329	-0.5941	-0.6114	-0.4855	-0.3656	0.06402	0.5487	0.8425	0.8822	0.7352	0.1196	-0.1391	-0.361	-0.4884	-0.5377	-0.4449	-0.4262	-0.3331	-0.2686	-0.1994	-0.0633	0.0623	0.09338	0.2903
947.8	0.1063	0.06068	-0.1072	-0.1974	-0.2809	-0.3342	-0.4734	-0.5197	-0.598	-0.5954	-0.4635	-0.3443	0.07438	0.5569	0.8583	0.8677	0.699	0.09432	-0.1575	-0.3811	-0.5215	-0.5484	-0.4468	-0.4406	-0.3429	-0.2753	-0.2055	-0.07881	0.03813	0.08838	0.1925
953.8	0.09747	0.02637	-0.08915	-0.1873	-0.259	-0.3313	-0.4619	-0.5263	-0.5841	-0.5875	-0.4578	-0.3187	0.09707	0.5599	0.8627	0.8598	0.7138	0.07679	-0.1635	-0.3864	-0.5032	-0.5427	-0.4514	-0.4175	-0.3315	-0.272	-0.1883	-0.05568	0.06678	0.08299	0.1958
960.7	0.1105	0.06678	-0.1115	-0.1819	-0.2683	-0.328	-0.4501	-0.516	-0.5651	-0.5741	-0.449	-0.3164	0.1225	0.5889	0.8503	0.8487	0.6855	0.06651	-0.1869	-0.4082	-0.5095	-0.5425	-0.4613	-0.4393	-0.3457	-0.2809	-0.2154	-0.07656	0.05155	0.0864	0.142
965.8	0.1027	0.05525	-0.0962	-0.1897	-0.2582	-0.3349	-0.4462	-0.5125	-0.566	-0.5653	-0.4247	-0.289	0.1377	0.5818	0.8537	0.8556	0.6745	0.04943	-0.1904	-0.3875	-0.5101	-0.5464	-0.4483	-0.4324	-0.326	-0.2524	-0.1844	-0.06186	0.05128	0.0939	0.1437
964.4	0.1045	0.06136	-0.09879	-0.1836	-0.257	-0.3233	-0.4369	-0.4977	-0.5676	-0.5677	-0.4326	-0.2956	0.1339	0.5858	0.8619	0.8544	0.6961	0.05744	-0.1831	-0.3923	-0.5134	-0.5322	-0.4562	-0.4361	-0.3351	-0.2652	-0.1996	-0.07208	0.04564	0.09165	0.1518
961.7	0.09425	0.06412	-0.09498	-0.1794	-0.2514	-0.3285	-0.4451	-0.5024	-0.5606	-0.5503	-0.421	-0.3081	0.1129	0.581	0.8688	0.8585	0.7196	0.08235	-0.1645	-0.3884	-0.5065	-0.5382	-0.4535	-0.4156	-0.3161	-0.2473	-0.1931	-0.06335	0.05641	0.1015	0.1893
957.2	0.1134	0.05922	-0.1119	-0.1906	-0.2541	-0.3117	-0.4302	-0.5171	-0.5562	-0.5637	-0.4359	-0.2934	0.123	0.5902	0.8649	0.8732	0.7071	0.07208	-0.1722	-0.3944	-0.5047	-0.5445	-0.4548	-0.4464	-0.3396	-0.2656	-0.1948	-0.05761	0.06901	0.09957	0.1779
951.9	0.1181	0.06565	-0.09347	-0.1844	-0.2684	-0.3389	-0.4683	-0.51	-0.5586	-0.5609	-0.4355	-0.2986	0.1333	0.587	0.8733	0.8723	0.7144	0.08766	-0.1685	-0.3872	-0.5033	-0.5438	-0.4548	-0.4034	-0.3275	-0.2749	-0.1816	-0.06052	0.0512	0.1122	0.274
948.9	0.1209	0.06498	-0.1145	-0.1882	-0.2612	-0.3224	-0.4472	-0.5133	-0.5745	-0.5745	-0.4648	-0.3167	0.1192	0.5799	0.8751	0.8916	0.741	0.1094	-0.1589	-0.367	-0.499	-0.5219	-0.4505	-0.407	-0.316	-0.253	-0.1877	-0.05735	0.06298	0.1085	0.3588
948.6	0.09145	0.04488	-0.1096	-0.2166	-0.2782	-0.3454	-0.4613	-0.5301	-0.5842	-0.5848	-0.4622	-0.325	0.1016	0.5638	0.8719	0.8836	0.7228	0.09603	-0.1403	-0.3705	-0.4967	-0.535	-0.4432	-0.4142	-0.3223	-0.2586	-0.1878	-0.05996	0.05802	0.09399	0.4679
950.7	0.09615	0.04304	-0.1077	-0.208	-0.2687	-0.3578	-0.4494	-0.5388	-0.6017	-0.6188	-0.4871	-0.3676	0.05974	0.5357	0.8539	0.8808	0.7295	0.1155	-0.1292	-0.3585	-0.4838	-0.5278	-0.4414	-0.418	-0.3239	-0.2588	-0.2009	-0.06503	0.06037	0.09701	0.6309
957.9	0.1222	0.05744	-0.08629	-0.2121	-0.2731	-0.3586	-0.4776	-0.5569	-0.6183	-0.6342	-0.5332	-0.4114	0.02272	0.5099	0.8395	0.8618	0.7464	0.1599	-0.1052	-0.3303	-0.4543	-0.5035	-0.4307	-0.418	-0.3154	-0.2444	-0.1915	-0.05092	0.07882	0.1059	0.802
964.9	0.1076	0.04499	-0.09058	-0.2233	-0.2878	-0.3526	-0.5026	-0.5619	-0.6363	-0.6545	-0.554	-0.4343	-0.03111	0.4638	0.8379	0.8679	0.7748	0.1922	-0.06014	-0.2933	-0.4444	-0.4782	-0.4211	-0.3979	-0.3039	-0.2387	-0.1697	-0.0501	0.0603	0.09559	1.041
972.2	0.1092	0.03184	-0.1183	-0.1971	-0.2919	-0.3576	-0.5041	-0.5731	-0.6439	-0.6668	-0.5961	-0.491	-0.08727	0.4157	0.8133	0.8784	0.787	0.2555	-0.01348	-0.266	-0.4057	-0.4597	-0.3977	-0.3719	-0.2781	-0.2131	-0.1801	-0.04985	0.07038	0.07905	1.338
975.3	0.1033	0.04025	-0.1203	-0.1989	-0.2957	-0.3831	-0.4767	-0.5833	-0.6748	-0.7065	-0.6304	-0.5467	-0.1292	0.3788	0.7952	0.8732	0.7894	0.2756	0.01903	-0.2325	-0.3839	-0.4398	-0.3739	-0.3554	-0.2818	-0.2308	-0.1632	-0.05152	0.05159	0.08274	1.594
972.3	0.09801	0.04037	-0.1077	-0.2184	-0.3053	-0.398	-0.5078	-0.6102	-0.7084	-0.7367	-0.656	-0.5695	-0.1906	0.3449	0.7811	0.8702	0.813	0.3193	0.06452	-0.1955	-0.3612	-0.4056	-0.363	-0.3642	-0.2785	-0.2193	-0.1692	-0.05598	0.04851	0.09091	1.879
965.4	0.09711	0.03293	-0.133	-0.2263	-0.3265	-0.4017	-0.539	-0.6431	-0.7375	-0.7809	-0.7383	-0.651	-0.2685	0.2753	0.7429	0.869	0.8386	0.3603	0.09397	-0.1649	-0.3357	-0.4002	-0.3583	-0.3366	-0.2677	-0.2201	-0.1571	-0.04998	0.04886	0.06925	2.186
957.6	0.09221	0.02453	-0.1258	-0.2426	-0.3307	-0.4093	-0.5102	-0.6376	-0.7615	-0.8364	-0.7839	-0.7217	-0.3645	0.1856	0.7136	0.8794	0.8554	0.4094	0.1639	-0.1049	-0.2916	-0.3794	-0.3325	-0.3346	-0.2611	-0.2101	-0.1568	-0.0569	0.03528	0.07302	2.55
952.6	0.09677	0.04731	-0.1215	-0.2326	-0.3381	-0.4281	-0.5548	-0.6815	-0.8008	-0.8811	-0.8584	-0.8029	-0.4544	0.1094	0.6837	0.8782	0.8649	0.4785	0.2143	-0.05842	-0.2655	-0.3594	-0.3079	-0.3003	-0.2477	-0.2113	-0.1472	-0.04579	0.04786	0.08067	2.872
949.2	0.09548	0.0501	-0.1303	-0.2512	-0.3579	-0.4367	-0.5902	-0.6939	-0.8423	-0.9255	-0.9368	-0.8935	-0.5579	0.0341	0.6211	0.8573	0.883	0.5196	0.2507	-0.01657	-0.2361	-0.3205	-0.3131	-0.2982	-0.2394	-0.1986	-0.147	-0.03824	0.06213	0.06881	3.222
949.9	0.09706	0.0457	-0.1376	-0.2453	-0.3713	-0.4557	-0.6077	-0.7588	-0.8748	-0.9611	-1.004	-0.9743	-0.6674	-0.07903	0.5602	0.8302	0.8766	0.5676	0.3087	0.02119	-0.2031	-0.2937	-0.2782	-0.2823	-0.2342	-0.2009	-0.1365	-0.04057	0.048	0.0801	3.627
952.5	0.09842	0.0447	-0.1406	-0.2624	-0.3783	-0.4632	-0.6099	-0.7443	-0.9219	-1.027	-1.068	-1.069	-0.7862	-0.1876	0.4877	0.8064	0.8733	0.6276	0.3658	0.07759	-0.1598	-0.2558	-0.2437	-0.2595	-0.2111	-0.1776	-0.1186	-0.04022	0.03216	0.06049	4.03
956.5	0.1118	0.04365	-0.1433	-0.2733	-0.3832	-0.4631	-0.6375	-0.7766	-0.9439	-1.07	-1.166	-1.197	-0.9311	-0.3258	0.3717	0.7545	0.8772	0.6801	0.4274	0.1386	-0.09393	-0.2238	-0.2238	-0.2389	-0.1967	-0.1675	-0.1229	-0.03164	0.0526	0.07392	4.429
958.9	0.1075	0.05565	-0.115	-0.2694	-0.375	-0.488	-0.6382	-0.7468	-0.9844	-1.125	-1.252	-1.326	-1.115	-0.5096	0.2765	0.6672	0.8691	0.7404	0.4908	0.1765	-0.05202	-0.1804	-0.1938	-0.225	-0.1876	-0.1616	-0.1084	-0.02346	0.05493	0.07373	4.855
961.5	0.08134	0.04946	-0.1368	-0.2815	-0.3995	-0.4989	-0.6603	-0.7849	-1.035	-1.186	-1.332	-1.41	-1.249	-0.6336	0.1677	0.6466	0.8503	0.7658	0.5286	0.2354	-0.01779	-0.1454	-0.1802	-0.1925	-0.157	-0.1325	-0.1018	-0.02548	0.04496	0.06313	5.279
961.1	0.09996	0.04171	-0.1401	-0.2839	-0.4076	-0.5217	-0.6852	-0.8212	-1.077	-1.26	-1.436	-1.555	-1.419	-0.8212	0.0508	0.5755	0.82	0.8059	0.6046	0.3067	0.04208	-0.1012	-0.1452	-0.1708	-0.145	-0.1271	-0.09158	-0.02057	0.04498	0.07596	5.726
957.6	0.1141	0.06873	-0.1365	-0.2834	-0.4051	-0.5157	-0.7262	-0.8685	-1.074	-1.306	-1.54	-1.691	-1.598	-1.006	-0.1114	0.4864	0.789	0.8346	0.6407	0.3435	0.08814	-0.08125	-0.1269	-0.1519	-0.1366	-0.126	-0.08006	-0.009398	0.05583	0.05696	6.187
953.1	0.09999	0.04467	-0.1165	-0.2799	-0.4126	-0.5454	-0.729	-0.9074	-1.13	-1.412	-1.668	-1.843	-1.836	-1.256	-0.299	0.3508	0.7302	0.8707	0.6932	0.4127	0.1498	-0.01583	-0.1036	-0.1221	-0.1062	-0.09526	-0.07568	-0.001142	0.06766	0.06692	6.638
949.8	0.08316	0.03434	-0.1385	-0.3075	-0.4334	-0.5622	-0.7704	-0.9544	-1.171	-1.499	-1.784	-2.016	-2.067	-1.468	-0.4708	0.25	0.6541	0.8943	0.7444	0.4622	0.1739	0.002337	-0.06268	-0.09654	-0.09087	-0.08694	-0.06876	-0.00977	0.04469	0.05338	7.146
948.4	0.06689	0.03614	-0.1437	-0.3023	-0.4534	-0.5674	-0.7754	-0.9741	-1.245	-1.527	-1.883	-2.151	-2.257	-1.663	-0.6301	0.1533	0.5998	0.9162	0.7867	0.5041	0.2163	0.04948	-0.03051	-0.08407	-0.07747	-0.07291	-0.05609	-0.01358	0.02566	0.04697	7.633
950.1	0.08231	0.03433	-0.1335	-0.3042	-0.4542	-0.5743	-0.7958	-1.004	-1.29	-1.582	-2.023	-2.3	-2.479	-1.925	-0.8469	-0.0003288	0.495	0.9065	0.7977	0.5392	0.2622	0.07822	-0.01559	-0.06504	-0.06775	-0.06963	-0.05041	-0.01303	0.02147	0.05255	8.101
