13261	24	2	88	25.6	767.5	1	8	8	3.673	128	4096	10	0	0	0	0	470.15	981.97	1.4723e+006	0.1171	0.15643	40.57	0	0	1	0	0	0	5	0	0
980.9	0.1345	0.06237	-0.1014	-0.2593	-0.334	-0.4455	-0.5884	-0.7168	-0.8424	-0.9133	-0.9126	-0.9173	-0.5566	0.006573	0.619	0.8638	0.9112	0.5576	0.2948	0.03071	-0.1748	-0.2734	-0.2416	-0.2358	-0.1832	-0.1467	-0.08698	-0.001414	0.07757	0.1076	3.017
980.4	0.1235	0.0404	-0.1224	-0.2626	-0.3701	-0.4296	-0.5692	-0.6923	-0.862	-0.9244	-0.9419	-0.9791	-0.6206	-0.03521	0.6159	0.8538	0.9133	0.583	0.328	0.05483	-0.1676	-0.2478	-0.2457	-0.2481	-0.1694	-0.1149	-0.07698	-0.002023	0.06717	0.0943	3.262
980.2	0.1385	0.08443	-0.124	-0.2446	-0.3366	-0.4356	-0.5941	-0.7132	-0.8827	-0.9686	-0.9861	-1.017	-0.6804	-0.1038	0.5556	0.8379	0.9012	0.5822	0.3393	0.07479	-0.148	-0.2427	-0.2273	-0.2344	-0.1782	-0.1392	-0.09476	-0.008045	0.072	0.1171	3.487
980.5	0.1131	0.05055	-0.1167	-0.2852	-0.3927	-0.4832	-0.6241	-0.7757	-0.8947	-0.9773	-1.031	-1.061	-0.7432	-0.1598	0.5323	0.8264	0.8986	0.6324	0.3805	0.1105	-0.1244	-0.2074	-0.1993	-0.2092	-0.1485	-0.1065	-0.05304	0.00905	0.06636	0.09194	3.757
980.9	0.1107	0.07591	-0.1183	-0.2851	-0.3707	-0.4711	-0.611	-0.7857	-0.9302	-1.014	-1.078	-1.145	-0.8166	-0.2401	0.4803	0.79	0.8942	0.6547	0.3871	0.1329	-0.108	-0.1999	-0.2032	-0.2022	-0.1542	-0.1209	-0.06536	0.001032	0.06232	0.08484	4.028
981	0.1028	0.03445	-0.1239	-0.296	-0.3894	-0.4821	-0.6185	-0.7937	-0.9468	-1.049	-1.118	-1.188	-0.8911	-0.2905	0.4286	0.7722	0.8997	0.6849	0.4329	0.1586	-0.07703	-0.1904	-0.1912	-0.2091	-0.1583	-0.1231	-0.07616	-0.006241	0.0583	0.07385	4.326
982.4	0.1042	0.04031	-0.1438	-0.2948	-0.434	-0.5222	-0.6605	-0.7966	-0.9813	-1.093	-1.183	-1.258	-0.9588	-0.364	0.3902	0.7575	0.8831	0.7047	0.4705	0.1899	-0.06228	-0.1703	-0.1781	-0.1776	-0.1336	-0.1032	-0.05216	0.00482	0.05742	0.0761	4.585
983.4	0.097	0.0293	-0.1516	-0.2882	-0.4087	-0.5081	-0.6876	-0.7997	-0.9917	-1.119	-1.236	-1.313	-1.038	-0.4438	0.3365	0.7223	0.8579	0.7299	0.494	0.2303	-0.04108	-0.1312	-0.1372	-0.1424	-0.1143	-0.09476	-0.06519	-0.002717	0.05495	0.07602	4.928
983.4	0.1081	0.04787	-0.1236	-0.2984	-0.4032	-0.5149	-0.6763	-0.8197	-1.018	-1.167	-1.282	-1.384	-1.148	-0.5436	0.2746	0.6814	0.8708	0.7446	0.5202	0.2568	-0.004504	-0.1085	-0.1285	-0.1409	-0.1172	-0.1008	-0.05903	-0.0005926	0.05335	0.08775	5.232
984	0.1033	0.0664	-0.1211	-0.3138	-0.4139	-0.5188	-0.6992	-0.8449	-1.058	-1.196	-1.357	-1.463	-1.255	-0.6478	0.1714	0.6395	0.8453	0.7615	0.5491	0.2865	0.01093	-0.07328	-0.1013	-0.1173	-0.09363	-0.07726	-0.02438	0.01395	0.04933	0.0963	5.566
984.1	0.1309	0.05627	-0.1363	-0.3122	-0.4263	-0.5587	-0.7134	-0.8328	-1.113	-1.247	-1.406	-1.542	-1.362	-0.7609	0.09325	0.6026	0.8267	0.8003	0.5864	0.3122	0.05073	-0.04176	-0.05902	-0.09144	-0.06872	-0.05298	-0.005139	0.02983	0.06212	0.0705	5.911
984.1	0.1167	0.06386	-0.1323	-0.2958	-0.4123	-0.5315	-0.7209	-0.856	-1.11	-1.289	-1.466	-1.628	-1.47	-0.8638	0.01254	0.565	0.8032	0.8279	0.6163	0.356	0.0946	-0.01392	-0.05185	-0.07397	-0.06247	-0.0545	-0.01053	0.02891	0.06532	0.07988	6.253
983.9	0.108	0.03519	-0.1484	-0.2998	-0.4264	-0.5333	-0.7218	-0.9073	-1.159	-1.329	-1.555	-1.722	-1.587	-1.001	-0.07506	0.4843	0.7832	0.835	0.6344	0.3793	0.1141	0.004396	-0.05904	-0.0907	-0.07604	-0.06589	-0.0113	0.02439	0.05733	0.07598	6.622
982.8	0.09943	0.02341	-0.159	-0.3032	-0.4627	-0.5662	-0.7557	-0.9027	-1.12	-1.381	-1.618	-1.815	-1.732	-1.134	-0.1835	0.4255	0.738	0.8549	0.6831	0.4195	0.1411	-0.0007348	-0.0591	-0.07939	-0.07011	-0.06368	-0.02749	0.0129	0.05018	0.06433	6.947
982.7	0.08916	0.007365	-0.1654	-0.3321	-0.4775	-0.5612	-0.7844	-0.9252	-1.145	-1.418	-1.687	-1.916	-1.841	-1.25	-0.266	0.3495	0.7073	0.8654	0.7124	0.4577	0.1744	0.007336	-0.05112	-0.08853	-0.07654	-0.06825	-0.03288	0.00365	0.03737	0.05103	7.298
982.4	0.08207	0.03947	-0.1566	-0.3244	-0.4644	-0.5809	-0.7921	-0.9456	-1.173	-1.476	-1.78	-2.009	-1.988	-1.405	-0.3951	0.2678	0.6582	0.8908	0.7396	0.4869	0.1883	0.03449	-0.03597	-0.06725	-0.07055	-0.07283	-0.04754	-0.006294	0.03178	0.05418	7.607
983.5	0.08514	0.04111	-0.158	-0.3334	-0.4786	-0.5921	-0.8002	-0.9828	-1.223	-1.534	-1.847	-2.107	-2.135	-1.58	-0.5278	0.1771	0.596	0.875	0.7552	0.4987	0.2174	0.05205	-0.01519	-0.06109	-0.05721	-0.05453	-0.03747	0.002679	0.03974	0.05568	7.97
982.9	0.06543	0.03016	-0.1333	-0.3344	-0.4977	-0.6154	-0.8225	-0.9947	-1.249	-1.594	-1.92	-2.217	-2.273	-1.706	-0.658	0.09306	0.5536	0.8842	0.7841	0.543	0.2557	0.08949	-0.004023	-0.03375	-0.03528	-0.03634	-0.02517	0.01484	0.05178	0.04789	8.321
981.9	0.07261	0.03019	-0.1479	-0.3363	-0.4701	-0.6067	-0.8233	-1.028	-1.273	-1.641	-1.986	-2.308	-2.409	-1.86	-0.7748	0.00335	0.5128	0.9033	0.7902	0.5659	0.2788	0.1167	0.03113	-0.01095	-0.02238	-0.0303	-0.0005243	0.02837	0.05504	0.0542	8.648
980.9	0.07903	0.03445	-0.1416	-0.3546	-0.4956	-0.5843	-0.825	-1.046	-1.339	-1.606	-2.068	-2.407	-2.574	-2.029	-0.9247	-0.07129	0.4469	0.8861	0.815	0.5956	0.3011	0.1455	0.04316	-0.001052	-0.001716	-0.002177	0.00951	0.04782	0.08318	0.06053	9.012
979.3	0.08789	0.03027	-0.1402	-0.3513	-0.4917	-0.6262	-0.8437	-1.072	-1.346	-1.594	-2.155	-2.523	-2.722	-2.196	-1.063	-0.1928	0.3909	0.8884	0.8321	0.6116	0.3285	0.1671	0.06085	0.00658	0.00951	0.01154	0.01958	0.03768	0.05438	0.0622	9.348
978.3	0.09115	0.0303	-0.1379	-0.3297	-0.4663	-0.6431	-0.8603	-1.093	-1.402	-1.68	-2.246	-2.639	-2.913	-2.396	-1.234	-0.3049	0.3043	0.8832	0.848	0.6447	0.3566	0.1879	0.08737	0.02874	0.02039	0.0146	0.02579	0.03817	0.04961	0.05204	9.691
976.1	0.0619	0.03377	-0.1512	-0.3461	-0.4972	-0.6283	-0.8782	-1.117	-1.425	-1.729	-2.356	-2.752	-3.06	-2.561	-1.384	-0.4136	0.2334	0.8808	0.8756	0.6729	0.3992	0.2061	0.1044	0.05025	0.03643	0.02687	0.009556	0.02499	0.03924	0.05768	10.07
974.5	0.05323	0.03042	-0.1506	-0.3499	-0.5121	-0.6353	-0.8872	-1.162	-1.466	-1.791	-2.482	-2.87	-3.228	-2.746	-1.543	-0.5403	0.1441	0.8631	0.8695	0.6965	0.4146	0.2345	0.1135	0.04957	0.03256	0.02078	0.03676	0.03556	0.03446	0.03883	10.4
972	0.06936	0.02025	-0.1672	-0.3602	-0.5103	-0.6533	-0.9207	-1.16	-1.5	-1.847	-2.563	-2.986	-3.421	-2.964	-1.729	-0.6592	0.03897	0.861	0.8831	0.7361	0.4502	0.2411	0.1436	0.06969	0.0499	0.0362	0.04387	0.03818	0.03293	0.04368	10.75
970	0.04306	0.01516	-0.1586	-0.3673	-0.5342	-0.6709	-0.9302	-1.19	-1.528	-1.934	-2.574	-3.126	-3.591	-3.168	-1.889	-0.8139	-0.03551	0.8513	0.9038	0.751	0.4602	0.2802	0.1463	0.09141	0.06519	0.04704	0.03225	0.0377	0.04273	0.03267	11.05
969	0.03429	0.01175	-0.1677	-0.3582	-0.5245	-0.6708	-0.9571	-1.198	-1.564	-1.937	-2.645	-3.24	-3.775	-3.373	-2.091	-0.9383	-0.1274	0.8329	0.8987	0.7779	0.4863	0.3051	0.1756	0.09614	0.06169	0.03785	0.04869	0.04604	0.04359	0.04143	11.42
967.5	0.03756	0.01348	-0.1289	-0.3492	-0.5127	-0.6753	-0.938	-1.241	-1.617	-2.032	-2.668	-3.406	-3.983	-3.601	-2.277	-1.114	-0.2582	0.8069	0.9138	0.7951	0.5151	0.3219	0.1946	0.1195	0.08722	0.06491	0.05346	0.0416	0.03064	0.03514	11.76
967	0.03517	0.01864	-0.1355	-0.3423	-0.5399	-0.6688	-0.9614	-1.232	-1.637	-2.077	-2.708	-3.531	-4.171	-3.824	-2.503	-1.262	-0.3611	0.7951	0.9105	0.8124	0.5385	0.3504	0.2158	0.1296	0.09093	0.06417	0.06289	0.05036	0.0388	0.0272	12.03
965.8	0.0344	-0.009693	-0.1267	-0.3744	-0.5191	-0.6774	-0.9618	-1.274	-1.681	-2.099	-2.677	-3.659	-4.352	-4.032	-2.691	-1.382	-0.4644	0.7511	0.9147	0.8294	0.5566	0.3621	0.2193	0.1328	0.09596	0.07043	0.06375	0.05927	0.05514	0.03759	12.37
965.5	0.02556	0.01093	-0.1308	-0.3452	-0.5431	-0.694	-1.006	-1.287	-1.693	-2.164	-2.738	-3.812	-4.541	-4.225	-2.88	-1.548	-0.5649	0.7444	0.9035	0.8423	0.5874	0.3756	0.2315	0.1445	0.09983	0.06891	0.07083	0.05124	0.03315	0.02326	12.7
963.6	0.02319	-0.005409	-0.1359	-0.3602	-0.5426	-0.7136	-0.9909	-1.306	-1.737	-2.21	-2.856	-3.936	-4.719	-4.456	-3.084	-1.71	-0.684	0.7052	0.9092	0.8609	0.5935	0.4003	0.2353	0.1556	0.1109	0.07989	0.07883	0.0653	0.05282	0.01932	12.97
962.5	0.01999	-0.01404	-0.1517	-0.3885	-0.5392	-0.6962	-1.036	-1.317	-1.774	-2.24	-2.956	-4.074	-4.903	-4.671	-3.292	-1.857	-0.8251	0.6619	0.9048	0.8661	0.6099	0.4135	0.2543	0.1628	0.1139	0.07998	0.07498	0.04818	0.02344	0.03452	13.25
962.3	-0.01231	-0.01232	-0.1353	-0.3527	-0.5497	-0.7197	-1.027	-1.325	-1.784	-2.314	-3.085	-4.217	-5.051	-4.844	-3.467	-1.992	-0.9136	0.6355	0.9165	0.8891	0.6317	0.4218	0.2731	0.1768	0.1269	0.0924	0.07893	0.05858	0.0398	0.01215	13.52
961	0.0087	-0.02615	-0.1232	-0.3388	-0.5504	-0.7251	-1.024	-1.369	-1.821	-2.363	-3.192	-4.359	-5.242	-5.065	-3.678	-2.151	-1.029	0.6027	0.897	0.8903	0.6558	0.4486	0.284	0.1864	0.1305	0.09175	0.08691	0.04839	0.01283	0.01857	13.75
959.1	-0.01316	-0.02101	-0.1284	-0.3507	-0.5451	-0.7065	-1.031	-1.367	-1.874	-2.393	-3.247	-4.503	-5.407	-5.271	-3.873	-2.325	-1.159	0.549	0.8904	0.8878	0.6613	0.4533	0.2928	0.1696	0.1301	0.1028	0.08472	0.04564	0.009569	-0.002246	14.01
957.1	-0.005878	-0.02192	-0.1377	-0.3506	-0.5367	-0.6626	-1.034	-1.375	-1.873	-2.442	-3.347	-4.645	-5.567	-5.469	-4.074	-2.469	-1.267	0.5271	0.8899	0.911	0.676	0.4738	0.3049	0.1957	0.1387	0.09914	0.07461	0.04978	0.02686	0.01864	14.2
955.9	0.005495	-0.02455	-0.1288	-0.3262	-0.5301	-0.6931	-1.038	-1.365	-1.92	-2.467	-3.387	-4.844	-5.748	-5.662	-4.247	-2.594	-1.371	0.4806	0.8702	0.9113	0.6953	0.4789	0.3126	0.2124	0.1465	0.1008	0.0953	0.05116	0.01042	-0.000644	14.42
955.9	-0.008324	-0.02195	-0.1354	-0.3254	-0.5285	-0.6983	-1.033	-1.369	-1.867	-2.49	-3.448	-4.888	-5.862	-5.818	-4.402	-2.719	-1.461	0.4574	0.8594	0.9138	0.6953	0.5008	0.3094	0.2101	0.1478	0.1047	0.07075	0.03895	0.0096	-0.000644	14.59
955.4	-0.01809	-0.03152	-0.1289	-0.3296	-0.5512	-0.7162	-1.043	-1.4	-1.943	-2.548	-3.484	-4.97	-5.972	-5.953	-4.533	-2.826	-1.539	0.4194	0.8576	0.9152	0.694	0.4981	0.3186	0.207	0.142	0.09698	0.07237	0.04059	0.01125	-0.008695	14.75
955.1	-0.01565	-0.03761	-0.1396	-0.3177	-0.4913	-0.7103	-1.038	-1.399	-1.944	-2.556	-3.549	-5.053	-6.092	-6.088	-4.666	-2.932	-1.607	0.3982	0.8556	0.9257	0.7101	0.5232	0.3433	0.2267	0.1579	0.1103	0.08746	0.04826	0.01208	-0.0006446	14.85
954.3	-0.01811	-0.02285	-0.1158	-0.3372	-0.5037	-0.675	-1.068	-1.44	-1.948	-2.572	-3.595	-5.145	-6.193	-6.22	-4.809	-3.039	-1.69	0.3602	0.8416	0.9239	0.7065	0.5281	0.3419	0.2331	0.168	0.1229	0.0907	0.05583	0.02364	0.0009668	14.97
954.8	-0.01647	-0.03153	-0.1265	-0.3169	-0.5083	-0.6825	-1.052	-1.436	-1.949	-2.584	-3.597	-5.069	-6.299	-6.339	-4.909	-3.118	-1.756	0.3289	0.8373	0.9294	0.7161	0.5248	0.3401	0.2299	0.1629	0.1166	0.08272	0.05199	0.02363	0.006605	15.06
955.3	-0.02785	-0.05845	-0.1297	-0.3296	-0.504	-0.6656	-1.036	-1.434	-1.968	-2.637	-3.652	-5.086	-6.351	-6.415	-4.996	-3.191	-1.825	0.318	0.8407	0.9383	0.7275	0.5223	0.3416	0.2196	0.1495	0.1009	0.07238	0.0316	-0.006049	-0.01675	15.14
956.1	-0.04489	-0.061	-0.1321	-0.3189	-0.4932	-0.6781	-1.006	-1.405	-1.96	-2.617	-3.701	-5.043	-6.419	-6.518	-5.1	-3.258	-1.875	0.2991	0.8223	0.9281	0.7127	0.512	0.3241	0.21	0.1427	0.09612	0.07152	0.03033	-0.00769	-0.01432	15.18
955.8	-0.04979	-0.05321	-0.1338	-0.2958	-0.4829	-0.6713	-1.018	-1.43	-1.949	-2.63	-3.698	-5.1	-6.482	-6.57	-5.177	-3.334	-1.917	0.2752	0.8287	0.9412	0.7196	0.5167	0.3406	0.2156	0.1399	0.08756	0.06125	0.0284	-0.001928	-0.01915	15.21
954.8	-0.03519	-0.05413	-0.1388	-0.3041	-0.461	-0.6449	-1.018	-1.417	-1.953	-2.625	-3.713	-5.106	-6.522	-6.614	-5.229	-3.348	-1.943	0.2763	0.8118	0.9311	0.7253	0.515	0.3253	0.2119	0.1394	0.08922	0.05893	0.01657	-0.02254	-0.01675	15.22
953.9	-0.04581	-0.06463	-0.1241	-0.3309	-0.4863	-0.6482	-1.03	-1.419	-1.993	-2.649	-3.728	-5.213	-6.56	-6.671	-5.267	-3.38	-1.964	0.2891	0.8118	0.9277	0.7168	0.5389	0.3495	0.216	0.1393	0.08618	0.06772	0.03107	-0.002757	-0.03451	15.19
953.9	-0.04826	-0.05767	-0.1068	-0.2843	-0.4919	-0.6613	-1.021	-1.442	-1.972	-2.632	-3.724	-5.288	-6.57	-6.678	-5.288	-3.395	-1.963	0.2686	0.8227	0.9363	0.7495	0.5397	0.3635	0.2411	0.1616	0.1065	0.08121	0.03712	-0.003582	-0.02967	15.21
954.4	-0.05312	-0.04981	-0.1232	-0.2793	-0.474	-0.6784	-1.034	-1.391	-1.959	-2.644	-3.744	-5.021	-6.57	-6.685	-5.295	-3.394	-1.964	0.2738	0.8091	0.9289	0.7441	0.5431	0.3624	0.2495	0.1696	0.1143	0.09465	0.04915	0.007141	-0.03288	15.16
955	-0.04007	-0.07325	-0.138	-0.3048	-0.497	-0.6693	-0.982	-1.431	-1.968	-2.643	-3.707	-5.234	-6.595	-6.704	-5.328	-3.419	-1.99	0.2505	0.8086	0.9284	0.7244	0.5285	0.3507	0.2416	0.1663	0.1142	0.08667	0.04489	0.006313	-0.03528	15.15
955.2	-0.05958	-0.07236	-0.1479	-0.2831	-0.4488	-0.6359	-1.01	-1.407	-1.963	-2.648	-3.737	-5.292	-6.6	-6.714	-5.307	-3.408	-1.978	0.2584	0.8092	0.9453	0.7427	0.5352	0.3416	0.2008	0.139	0.09622	0.06367	0.01713	-0.02583	-0.04413	15.09
954.8	-0.0889	-0.0889	-0.1537	-0.3025	-0.485	-0.6685	-1.029	-1.403	-1.955	-2.659	-3.761	-5.129	-6.591	-6.707	-5.326	-3.397	-1.979	0.2737	0.8064	0.9319	0.727	0.5165	0.3508	0.2119	0.1389	0.08843	0.07162	0.01108	-0.0448	-0.053	15.05
955.6	-0.1051	-0.1105	-0.1577	-0.2934	-0.4838	-0.6776	-1.015	-1.424	-1.973	-2.646	-3.71	-5.209	-6.58	-6.698	-5.319	-3.409	-1.987	0.2628	0.7988	0.9192	0.7248	0.5017	0.3103	0.1898	0.1243	0.07899	0.05255	0.004944	-0.039	-0.06825	14.99
956.8	-0.09116	-0.1017	-0.1517	-0.2754	-0.4632	-0.6296	-0.9647	-1.398	-1.976	-2.632	-3.692	-5.227	-6.562	-6.68	-5.301	-3.398	-1.962	0.2518	0.8225	0.9215	0.7398	0.4951	0.3181	0.1958	0.1226	0.07188	0.04061	0.00138	-0.03483	-0.06737	14.95
957.9	-0.08618	-0.1207	-0.1664	-0.2943	-0.4315	-0.6472	-0.9921	-1.394	-1.943	-2.62	-3.688	-4.994	-6.54	-6.65	-5.266	-3.371	-1.949	0.2817	0.8284	0.9289	0.7163	0.4998	0.2989	0.1862	0.1181	0.07101	0.03266	-0.008398	-0.0463	-0.05524	14.82
959.2	-0.08931	-0.1162	-0.1588	-0.2564	-0.4293	-0.6228	-0.9853	-1.393	-1.941	-2.582	-3.652	-5.23	-6.496	-6.609	-5.215	-3.329	-1.923	0.2839	0.8127	0.9234	0.7287	0.4788	0.3026	0.1891	0.1151	0.06391	0.03498	-0.002556	-0.03721	-0.06399	14.73
959.2	-0.1079	-0.1023	-0.1399	-0.2508	-0.427	-0.5583	-0.9592	-1.376	-1.907	-2.604	-3.664	-5.11	-6.435	-6.535	-5.163	-3.262	-1.873	0.3114	0.8181	0.937	0.7204	0.4863	0.2895	0.1813	0.1004	0.04446	0.006567	-0.02388	-0.05198	-0.05677	14.63
959.5	-0.09737	-0.09971	-0.153	-0.2882	-0.4204	-0.6174	-0.9357	-1.35	-1.913	-2.575	-3.612	-5.17	-6.375	-6.48	-5.085	-3.24	-1.832	0.2998	0.8086	0.9019	0.7068	0.4651	0.282	0.1547	0.09462	0.053	0.04049	-0.009715	-0.05606	-0.06477	14.5
960.4	-0.1135	-0.1169	-0.1586	-0.2672	-0.4408	-0.5925	-0.9464	-1.329	-1.903	-2.56	-3.545	-5.052	-6.302	-6.393	-5.022	-3.175	-1.796	0.3278	0.8278	0.9121	0.6937	0.4722	0.2908	0.1585	0.09429	0.04984	0.01602	-0.02016	-0.05355	-0.08553	14.35
960.5	-0.0997	-0.1022	-0.1306	-0.2353	-0.3929	-0.5759	-0.9779	-1.366	-1.896	-2.553	-3.563	-4.987	-6.231	-6.304	-4.93	-3.096	-1.721	0.3473	0.8308	0.9035	0.6811	0.4819	0.2989	0.174	0.0933	0.03741	0.01286	-0.02551	-0.06092	-0.07751	14.2
961.5	-0.1044	-0.1107	-0.1346	-0.2637	-0.3861	-0.5761	-0.9123	-1.338	-1.865	-2.531	-3.492	-5.012	-6.134	-6.172	-4.818	-2.998	-1.667	0.369	0.8291	0.9034	0.6671	0.4799	0.2986	0.1637	0.1005	0.05677	0.03332	-0.01182	-0.05349	-0.06303	14.02
961.4	-0.09233	-0.09778	-0.1297	-0.2382	-0.3877	-0.5562	-0.9047	-1.301	-1.833	-2.455	-3.435	-4.926	-6.035	-6.054	-4.715	-2.913	-1.634	0.3797	0.8392	0.8899	0.6597	0.4634	0.288	0.1723	0.0967	0.04436	0.01521	-0.01243	-0.03794	-0.06304	13.83
962.2	-0.08984	-0.1063	-0.1247	-0.2476	-0.3684	-0.5827	-0.9262	-1.301	-1.81	-2.44	-3.398	-4.832	-5.936	-5.937	-4.615	-2.815	-1.522	0.4182	0.8423	0.8977	0.6558	0.4496	0.2601	0.1427	0.0763	0.03036	0.002613	-0.02144	-0.04364	-0.08617	13.64
962	-0.09309	-0.09773	-0.1452	-0.2301	-0.3851	-0.5446	-0.9065	-1.281	-1.804	-2.406	-3.329	-4.876	-5.815	-5.793	-4.476	-2.723	-1.461	0.4413	0.8525	0.8776	0.6419	0.4467	0.2495	0.1256	0.05786	0.01097	-0.02257	-0.04034	-0.05674	-0.075	13.45
962.4	-0.1011	-0.108	-0.1304	-0.2284	-0.3842	-0.5452	-0.8853	-1.273	-1.776	-2.385	-3.289	-4.765	-5.718	-5.665	-4.349	-2.607	-1.38	0.4738	0.8513	0.8772	0.6324	0.421	0.2421	0.1139	0.04757	0.001659	-0.01706	-0.04703	-0.07471	-0.08375	13.19
962.9	-0.1003	-0.108	-0.1254	-0.2132	-0.3649	-0.5328	-0.9025	-1.233	-1.756	-2.365	-3.248	-4.678	-5.599	-5.534	-4.212	-2.504	-1.304	0.4841	0.8593	0.8708	0.6171	0.3938	0.2289	0.08743	0.02392	-0.02004	-0.03277	-0.05583	-0.07712	-0.08371	12.98
963.6	-0.1107	-0.1079	-0.1302	-0.2417	-0.3956	-0.5541	-0.8965	-1.248	-1.738	-2.331	-3.183	-4.565	-5.452	-5.366	-4.057	-2.369	-1.204	0.5403	0.8664	0.8617	0.6051	0.3801	0.2027	0.08504	0.02936	-0.009187	-0.03904	-0.06094	-0.08115	-0.08046	12.71
964.5	-0.06223	-0.09317	-0.1007	-0.212	-0.3802	-0.5206	-0.8612	-1.204	-1.711	-2.259	-3.068	-4.451	-5.331	-5.225	-3.913	-2.254	-1.115	0.5653	0.8686	0.8626	0.5921	0.367	0.2017	0.07876	0.01262	-0.03317	-0.039	-0.04857	-0.0574	-0.07559	12.46
965.3	-0.06862	-0.07074	-0.09733	-0.2047	-0.3513	-0.515	-0.8268	-1.207	-1.681	-2.265	-3.031	-4.33	-5.185	-5.052	-3.75	-2.148	-1.007	0.5834	0.8892	0.8493	0.585	0.3697	0.1836	0.06785	0.01183	-0.02695	-0.05073	-0.05248	-0.0541	-0.05243	12.18
965.7	-0.05813	-0.08017	-0.1201	-0.2007	-0.3369	-0.5382	-0.8785	-1.185	-1.667	-2.204	-2.95	-4.216	-5.038	-4.865	-3.581	-2.018	-0.9244	0.6139	0.8797	0.8523	0.5599	0.3509	0.173	0.07247	0.01373	-0.02694	-0.03738	-0.0503	-0.06223	-0.05241	11.9
966.5	-0.03557	-0.06464	-0.08905	-0.2021	-0.3414	-0.51	-0.8105	-1.167	-1.639	-2.163	-2.868	-4.07	-4.897	-4.7	-3.421	-1.89	-0.8332	0.6354	0.8964	0.833	0.5495	0.3305	0.1615	0.04688	-0.004028	-0.03927	-0.07103	-0.06134	-0.0524	-0.05793	11.56
967.2	-0.05242	-0.06374	-0.1012	-0.2091	-0.353	-0.5114	-0.8435	-1.149	-1.603	-2.114	-2.792	-3.956	-4.751	-4.527	-3.259	-1.748	-0.7258	0.6912	0.8905	0.8223	0.545	0.3273	0.1533	0.03139	-0.008525	-0.03616	-0.06316	-0.06008	-0.05725	-0.06903	11.28
967.4	-0.06526	-0.05171	-0.08571	-0.1853	-0.345	-0.5139	-0.7983	-1.172	-1.57	-2.096	-2.716	-3.827	-4.577	-4.338	-3.072	-1.628	-0.6254	0.6989	0.8911	0.7977	0.5151	0.2989	0.1386	0.01593	-0.02807	-0.05853	-0.06706	-0.06195	-0.05723	-0.05947	11
967.7	-0.05158	-0.04655	-0.08894	-0.1749	-0.3449	-0.5068	-0.7843	-1.141	-1.559	-2.049	-2.634	-3.694	-4.437	-4.172	-2.905	-1.498	-0.5398	0.7259	0.903	0.7974	0.4927	0.2786	0.1175	0.008976	-0.04457	-0.08164	-0.08112	-0.07165	-0.06291	-0.05627	10.66
967.5	-0.04758	-0.06029	-0.06534	-0.1947	-0.36	-0.5104	-0.7898	-1.097	-1.522	-2.008	-2.591	-3.583	-4.273	-3.982	-2.749	-1.365	-0.4504	0.763	0.9009	0.7833	0.4903	0.2496	0.0924	-0.00802	-0.05245	-0.08321	-0.08896	-0.07415	-0.06048	-0.06264	10.34
967.5	-0.03794	-0.03369	-0.07674	-0.1963	-0.3284	-0.4923	-0.7715	-1.075	-1.511	-1.957	-2.453	-3.451	-4.117	-3.795	-2.582	-1.235	-0.3625	0.7823	0.8925	0.7639	0.4482	0.2355	0.08024	-0.01884	-0.06098	-0.09015	-0.09913	-0.07819	-0.05886	-0.04197	9.985
967.2	-0.01465	-0.0114	-0.05395	-0.1742	-0.3506	-0.4916	-0.774	-1.091	-1.489	-1.903	-2.391	-3.357	-3.971	-3.631	-2.42	-1.107	-0.2607	0.809	0.8959	0.7397	0.4434	0.2326	0.08027	-0.03662	-0.07511	-0.1018	-0.09447	-0.07046	-0.04829	-0.04278	9.654
967.8	-0.008222	-0.004528	-0.04658	-0.1796	-0.3322	-0.4999	-0.7727	-1.063	-1.443	-1.854	-2.424	-3.226	-3.819	-3.446	-2.247	-0.9972	-0.1612	0.8234	0.8968	0.7426	0.4332	0.2108	0.06725	-0.02655	-0.05682	-0.07778	-0.0858	-0.0519	-0.02061	-0.01097	9.303
968	-0.009022	0.002332	-0.06123	-0.1962	-0.3298	-0.5075	-0.771	-1.041	-1.391	-1.804	-2.394	-3.127	-3.643	-3.256	-2.082	-0.8595	-0.05036	0.8364	0.8867	0.718	0.4033	0.178	0.04373	-0.04276	-0.07985	-0.1055	-0.08657	-0.05945	-0.03443	-0.03083	8.96
968.2	0.0287	0.01862	-0.04819	-0.189	-0.3028	-0.4729	-0.7571	-0.9935	-1.378	-1.758	-2.378	-3.012	-3.496	-3.067	-1.91	-0.7211	0.01531	0.859	0.8819	0.6859	0.3785	0.1653	0.02589	-0.06746	-0.08902	-0.104	-0.1014	-0.06235	-0.02629	-0.01493	8.6
969	0.007025	0.009182	-0.04165	-0.1944	-0.3555	-0.4872	-0.7367	-0.996	-1.361	-1.736	-2.27	-2.897	-3.33	-2.892	-1.744	-0.6239	0.09813	0.8627	0.8592	0.6484	0.332	0.1414	-0.003271	-0.07358	-0.09603	-0.1116	-0.1052	-0.06248	-0.02302	-0.01095	8.261
970	0.02064	0.01773	-0.05541	-0.195	-0.3496	-0.4755	-0.7565	-0.9868	-1.322	-1.675	-2.302	-2.792	-3.173	-2.715	-1.596	-0.4844	0.1627	0.8758	0.8507	0.6493	0.3234	0.1137	-0.01135	-0.09353	-0.1128	-0.1261	-0.1145	-0.06438	-0.01813	-0.003013	7.919
971.4	0.0478	0.03564	-0.04235	-0.1987	-0.3294	-0.4971	-0.7227	-0.9643	-1.302	-1.617	-2.259	-2.669	-2.995	-2.553	-1.425	-0.38	0.2492	0.8824	0.8487	0.6232	0.2974	0.08164	-0.02184	-0.1126	-0.1336	-0.1482	-0.1065	-0.06518	-0.02702	0.002533	7.584
972.5	0.03976	0.02024	-0.03096	-0.2119	-0.3424	-0.5	-0.6976	-0.9382	-1.253	-1.578	-2.148	-2.576	-2.858	-2.359	-1.275	-0.2937	0.3168	0.8867	0.8395	0.5865	0.27	0.08081	-0.04843	-0.1225	-0.1367	-0.1465	-0.1212	-0.06295	-0.009179	0.01993	7.227
973.9	0.05486	0.02874	-0.03011	-0.21	-0.3356	-0.4599	-0.6928	-0.9409	-1.216	-1.524	-2.071	-2.487	-2.702	-2.2	-1.129	-0.1801	0.393	0.8924	0.8179	0.5673	0.2565	0.05108	-0.05561	-0.13	-0.1355	-0.1394	-0.1265	-0.06842	-0.01482	0.02227	6.915
974.5	0.05403	0.05171	-0.02928	-0.1941	-0.3386	-0.463	-0.6795	-0.9338	-1.203	-1.475	-1.999	-2.384	-2.559	-2.032	-1.002	-0.07418	0.4556	0.8849	0.7894	0.5494	0.23	0.03477	-0.07409	-0.1345	-0.1414	-0.1462	-0.1194	-0.06417	-0.0132	0.0262	6.575
975.4	0.06115	0.06613	-0.05996	-0.1963	-0.3563	-0.4523	-0.6857	-0.8676	-1.182	-1.42	-1.922	-2.273	-2.413	-1.875	-0.8649	0.008215	0.5081	0.8736	0.7592	0.5138	0.2061	0.00813	-0.08046	-0.1513	-0.1495	-0.1483	-0.1325	-0.065	-0.002696	0.04116	6.253
975.1	0.08109	0.06189	-0.0527	-0.2058	-0.3242	-0.4473	-0.6843	-0.8807	-1.155	-1.432	-1.834	-2.192	-2.27	-1.735	-0.7239	0.1027	0.5718	0.8887	0.7602	0.493	0.1864	-0.0007405	-0.09898	-0.162	-0.1648	-0.1667	-0.1294	-0.04631	0.0304	0.02066	5.932
975.1	0.08109	0.05763	-0.05351	-0.2168	-0.3156	-0.4558	-0.654	-0.8573	-1.122	-1.404	-1.76	-2.085	-2.141	-1.582	-0.5974	0.1971	0.6174	0.873	0.7458	0.4646	0.1438	-0.03105	-0.1078	-0.1735	-0.1695	-0.1667	-0.1224	-0.05219	0.01264	0.04354	5.621
974.6	0.1043	0.06788	-0.04464	-0.2232	-0.3118	-0.4535	-0.6612	-0.84	-1.11	-1.434	-1.699	-2.005	-2.025	-1.476	-0.5006	0.2562	0.6553	0.8586	0.7183	0.4398	0.1242	-0.04735	-0.1192	-0.1798	-0.1662	-0.1569	-0.1279	-0.06407	-0.005121	0.03409	5.277
974.4	0.08833	0.07897	-0.05759	-0.2028	-0.3457	-0.4408	-0.6394	-0.8378	-1.078	-1.354	-1.638	-1.912	-1.891	-1.328	-0.3871	0.3322	0.706	0.8597	0.6829	0.4123	0.1013	-0.06142	-0.1385	-0.1921	-0.1871	-0.1837	-0.1357	-0.05731	0.01507	0.0491	4.959
974.4	0.09232	0.04661	-0.06973	-0.2036	-0.3441	-0.4425	-0.6401	-0.7821	-1.038	-1.353	-1.559	-1.816	-1.773	-1.206	-0.2813	0.3944	0.7288	0.8553	0.664	0.3788	0.06354	-0.07695	-0.1433	-0.2036	-0.181	-0.1653	-0.1256	-0.0449	0.02961	0.05225	4.655
973	0.1116	0.06288	-0.04714	-0.2031	-0.3257	-0.4414	-0.6198	-0.7921	-1.022	-1.279	-1.495	-1.737	-1.65	-1.067	-0.1792	0.4646	0.7658	0.8618	0.637	0.3542	0.03324	-0.09559	-0.1419	-0.2177	-0.1842	-0.161	-0.1297	-0.03379	0.05473	0.07604	4.36
972	0.1189	0.08088	-0.0626	-0.2143	-0.3072	-0.4393	-0.6075	-0.7897	-0.9733	-1.251	-1.437	-1.67	-1.539	-0.9533	-0.08293	0.5088	0.7953	0.8234	0.6134	0.3295	0.02916	-0.1372	-0.1849	-0.2118	-0.2	-0.1919	-0.1563	-0.04823	0.05155	0.069	4.079
970.8	0.1087	0.0861	-0.06105	-0.2201	-0.3099	-0.4088	-0.6014	-0.7526	-0.9992	-1.194	-1.362	-1.578	-1.421	-0.8183	0.01619	0.5687	0.824	0.8025	0.5732	0.2887	-0.007856	-0.1508	-0.1988	-0.2398	-0.2066	-0.1836	-0.1464	-0.04342	0.05162	0.07622	3.788
970.2	0.1192	0.08616	-0.06191	-0.2061	-0.3211	-0.4194	-0.582	-0.7328	-0.9574	-1.174	-1.313	-1.512	-1.299	-0.7304	0.09198	0.6193	0.859	0.8039	0.5622	0.2427	-0.0194	-0.1576	-0.2022	-0.2453	-0.2244	-0.2099	-0.148	-0.05643	0.02812	0.07468	3.49
969.9	0.1176	0.0819	-0.06842	-0.2235	-0.307	-0.4204	-0.5776	-0.7135	-0.9769	-1.121	-1.261	-1.421	-1.21	-0.6189	0.1687	0.6552	0.8706	0.7699	0.5221	0.2352	-0.05813	-0.191	-0.2119	-0.2492	-0.2251	-0.2084	-0.159	-0.04903	0.05247	0.06835	3.243
969.2	0.1353	0.06998	-0.07742	-0.2078	-0.2899	-0.4293	-0.5681	-0.71	-0.912	-1.087	-1.197	-1.356	-1.109	-0.5173	0.2403	0.702	0.8779	0.7196	0.4898	0.1866	-0.07385	-0.2232	-0.238	-0.2741	-0.2381	-0.2132	-0.1591	-0.05456	0.04196	0.08031	2.982
968.5	0.1137	0.05632	-0.05957	-0.2025	-0.3185	-0.3969	-0.5662	-0.687	-0.9359	-1.053	-1.136	-1.276	-1.019	-0.4108	0.3268	0.7521	0.8917	0.735	0.4735	0.1859	-0.1036	-0.2189	-0.2584	-0.2643	-0.2255	-0.1987	-0.1624	-0.06117	0.03223	0.09784	2.72
968	0.1258	0.07778	-0.07507	-0.2018	-0.2989	-0.4005	-0.5611	-0.6612	-0.8799	-1.013	-1.102	-1.206	-0.9313	-0.3375	0.3698	0.7752	0.8888	0.6783	0.4311	0.1296	-0.1334	-0.2473	-0.2496	-0.2852	-0.2401	-0.2088	-0.153	-0.04612	0.05258	0.09153	2.496
968.2	0.113	0.07947	-0.07505	-0.2239	-0.3131	-0.3918	-0.5397	-0.6318	-0.8882	-0.9789	-1.041	-1.132	-0.8446	-0.248	0.4369	0.7978	0.8911	0.6588	0.4013	0.1212	-0.159	-0.2606	-0.2625	-0.2836	-0.2421	-0.2134	-0.1468	-0.04734	0.04444	0.09707	2.313
967.9	0.1556	0.08379	-0.07426	-0.2018	-0.2974	-0.4092	-0.5398	-0.6556	-0.8738	-0.9545	-1.004	-1.076	-0.7528	-0.197	0.4868	0.8233	0.9184	0.6494	0.371	0.08668	-0.159	-0.2756	-0.2618	-0.2938	-0.2468	-0.2143	-0.1335	-0.03124	0.06315	0.08359	2.118
968.7	0.1442	0.0623	-0.07339	-0.2206	-0.2971	-0.3908	-0.5478	-0.6494	-0.8415	-0.9282	-0.9496	-1.024	-0.709	-0.1234	0.5457	0.8422	0.8964	0.6041	0.3411	0.05381	-0.1894	-0.2873	-0.2956	-0.302	-0.2382	-0.1941	-0.149	-0.0345	0.07123	0.1193	1.967
969.1	0.1289	0.07769	-0.0758	-0.2063	-0.301	-0.3958	-0.5521	-0.6313	-0.8187	-0.9104	-0.9301	-0.9913	-0.6513	-0.05716	0.5725	0.8564	0.8944	0.581	0.3189	0.0336	-0.2207	-0.305	-0.302	-0.2996	-0.2431	-0.204	-0.1654	-0.04278	0.07039	0.1168	1.84
969.6	0.1304	0.06567	-0.06682	-0.2117	-0.2874	-0.3852	-0.5282	-0.6691	-0.8214	-0.8852	-0.8977	-0.943	-0.5976	-0.009294	0.6018	0.86	0.8906	0.5641	0.283	0.01593	-0.2189	-0.3175	-0.3075	-0.3087	-0.249	-0.2077	-0.145	-0.0499	0.03788	0.09693	1.69
969.7	0.1368	0.05967	-0.08225	-0.2061	-0.2944	-0.3826	-0.5282	-0.6163	-0.8051	-0.8661	-0.8694	-0.9092	-0.548	0.03534	0.6279	0.8746	0.9085	0.55	0.2618	-0.01012	-0.2312	-0.316	-0.3107	-0.324	-0.2594	-0.2146	-0.159	-0.05495	0.04112	0.1001	1.573
970	0.1256	0.05024	-0.08223	-0.2195	-0.303	-0.4014	-0.5181	-0.6055	-0.7786	-0.8518	-0.8501	-0.893	-0.5016	0.06561	0.6495	0.8735	0.8927	0.5209	0.2465	-0.02356	-0.2444	-0.3419	-0.3235	-0.3124	-0.2559	-0.2169	-0.1582	-0.0457	0.05815	0.08817	1.491
970.9	0.1303	0.05618	-0.09839	-0.2312	-0.3099	-0.4002	-0.5138	-0.6885	-0.7741	-0.8486	-0.8239	-0.8489	-0.4721	0.08228	0.6733	0.8849	0.8952	0.5055	0.247	-0.042	-0.2614	-0.349	-0.3232	-0.3306	-0.2687	-0.2259	-0.1518	-0.0435	0.05647	0.09443	1.423
971.7	0.1262	0.05784	-0.08127	-0.2112	-0.308	-0.3672	-0.5005	-0.6619	-0.7741	-0.8232	-0.8014	-0.8358	-0.438	0.1267	0.6796	0.8889	0.8993	0.4937	0.2135	-0.03106	-0.267	-0.3458	-0.3456	-0.3203	-0.2698	-0.2349	-0.1587	-0.0363	0.07668	0.09593	1.367
972.5	0.1141	0.08425	-0.09337	-0.2213	-0.3086	-0.3772	-0.5115	-0.6857	-0.7697	-0.8111	-0.7971	-0.8034	-0.4102	0.1322	0.6852	0.8818	0.8872	0.4759	0.1876	-0.0612	-0.2807	-0.3522	-0.3259	-0.3254	-0.2646	-0.2225	-0.1383	-0.03498	0.06043	0.09506	1.338
973	0.1468	0.09444	-0.08279	-0.2125	-0.2982	-0.3684	-0.4968	-0.657	-0.747	-0.8024	-0.7704	-0.773	-0.3811	0.1742	0.7091	0.8894	0.8957	0.4669	0.1784	-0.05866	-0.2798	-0.3542	-0.3338	-0.3183	-0.2476	-0.1986	-0.1554	-0.04275	0.06121	0.1037	1.331
973.2	0.1308	0.07395	-0.09977	-0.2282	-0.3256	-0.3889	-0.508	-0.6246	-0.7614	-0.8096	-0.763	-0.7657	-0.3802	0.1694	0.722	0.8924	0.8767	0.4668	0.1821	-0.07037	-0.2665	-0.3482	-0.3362	-0.3144	-0.231	-0.1732	-0.1234	-0.02239	0.0709	0.1021	1.344
974	0.1426	0.05004	-0.0738	-0.2265	-0.294	-0.3801	-0.5008	-0.6087	-0.7409	-0.7885	-0.7669	-0.7581	-0.3619	0.1773	0.718	0.8877	0.8858	0.4463	0.1782	-0.08203	-0.2795	-0.3487	-0.3117	-0.3142	-0.2494	-0.2045	-0.1327	-0.03693	0.05145	0.1162	1.336
974.9	0.1369	0.06276	-0.06888	-0.2011	-0.2842	-0.3857	-0.4996	-0.596	-0.7363	-0.7844	-0.7571	-0.7627	-0.3405	0.2112	0.7225	0.8772	0.8703	0.4389	0.1735	-0.08195	-0.2923	-0.3528	-0.3219	-0.3085	-0.2515	-0.2119	-0.1729	-0.05292	0.05786	0.1082	1.343
976.3	0.1335	0.06437	-0.07605	-0.2173	-0.2752	-0.3946	-0.4898	-0.6113	-0.7276	-0.7776	-0.7488	-0.7387	-0.3322	0.2227	0.744	0.8888	0.8812	0.4383	0.174	-0.086	-0.2919	-0.3744	-0.3488	-0.3203	-0.2502	-0.2017	-0.1587	-0.04615	0.05777	0.09075	1.353
976.2	0.1383	0.07032	-0.0922	-0.1993	-0.2823	-0.357	-0.5012	-0.6178	-0.7438	-0.7728	-0.7381	-0.73	-0.3283	0.2149	0.7328	0.8881	0.8683	0.4262	0.1597	-0.0977	-0.3018	-0.3656	-0.3343	-0.3242	-0.2694	-0.2315	-0.1743	-0.05527	0.05455	0.1065	1.364
976.4	0.1096	0.07626	-0.08734	-0.2134	-0.2932	-0.3911	-0.5079	-0.6136	-0.7352	-0.7718	-0.7289	-0.7246	-0.3134	0.2425	0.7326	0.8944	0.8649	0.413	0.1506	-0.09935	-0.3074	-0.3677	-0.3431	-0.3096	-0.2535	-0.2147	-0.1393	-0.03348	0.06422	0.101	1.413
977.4	0.1254	0.05241	-0.08322	-0.203	-0.2992	-0.3728	-0.4832	-0.6034	-0.7283	-0.7555	-0.7173	-0.7063	-0.2999	0.2454	0.7388	0.8927	0.8567	0.4178	0.1346	-0.09842	-0.2973	-0.3519	-0.3251	-0.3139	-0.2569	-0.2175	-0.1384	-0.03392	0.06254	0.1308	1.485
978.5	0.1308	0.05828	-0.09037	-0.2231	-0.3254	-0.3954	-0.5234	-0.6051	-0.7367	-0.7742	-0.739	-0.7134	-0.2933	0.2207	0.7371	0.8956	0.8752	0.4138	0.151	-0.1041	-0.3068	-0.3397	-0.2967	-0.2936	-0.2237	-0.1753	-0.1305	-0.02765	0.06729	0.1063	1.543
979.1	0.1284	0.08622	-0.071	-0.2371	-0.3213	-0.402	-0.511	-0.5991	-0.7439	-0.7705	-0.7395	-0.7252	-0.3056	0.2198	0.7375	0.8903	0.8682	0.4197	0.151	-0.09991	-0.2976	-0.3233	-0.2781	-0.2736	-0.2074	-0.1615	-0.09951	-0.01446	0.06404	0.1125	1.625
979.5	0.1513	0.05145	-0.07339	-0.2088	-0.3017	-0.3583	-0.5169	-0.6214	-0.7443	-0.7628	-0.7383	-0.7328	-0.3156	0.2275	0.7597	0.8907	0.8662	0.443	0.1531	-0.08156	-0.2852	-0.3069	-0.2699	-0.2552	-0.2052	-0.1706	-0.1111	-0.002053	0.09857	0.1391	1.721
979.9	0.133	0.06328	-0.1031	-0.2259	-0.3179	-0.4136	-0.5347	-0.642	-0.7623	-0.8057	-0.7677	-0.7544	-0.3442	0.2077	0.7309	0.8807	0.8658	0.4271	0.1576	-0.09567	-0.2827	-0.3039	-0.281	-0.2535	-0.1901	-0.1461	-0.09324	-0.01232	0.06238	0.11	1.866
980	0.1267	0.06582	-0.08461	-0.2533	-0.3257	-0.4297	-0.5369	-0.6772	-0.7645	-0.8293	-0.7766	-0.7578	-0.3566	0.1817	0.7213	0.8646	0.8803	0.4531	0.1876	-0.07237	-0.2777	-0.3436	-0.2938	-0.2917	-0.2277	-0.1834	-0.09787	-0.006606	0.07763	0.1085	1.973
980.9	0.1147	0.05899	-0.1223	-0.2429	-0.3301	-0.4302	-0.5478	-0.6349	-0.7807	-0.818	-0.8029	-0.7869	-0.392	0.1618	0.7164	0.8839	0.8674	0.4371	0.1852	-0.0449	-0.2376	-0.3609	-0.3215	-0.2937	-0.2406	-0.2038	-0.1279	-0.0344	0.05189	0.1013	2.147
980.7	0.09093	0.02092	-0.1352	-0.2578	-0.3638	-0.4388	-0.572	-0.6888	-0.7938	-0.8451	-0.8166	-0.8151	-0.4115	0.1437	0.7027	0.864	0.8717	0.4693	0.2093	-0.04906	-0.2458	-0.35	-0.3144	-0.3037	-0.2384	-0.1932	-0.1372	-0.0422	0.04548	0.05662	2.336
980.6	0.1218	0.0607	-0.1143	-0.1898	-0.281	-0.369	-0.5148	-0.6399	-0.7992	-0.8492	-0.8526	-0.8265	-0.4403	0.1043	0.6684	0.8842	0.8847	0.5032	0.2281	-0.02663	-0.2393	-0.3184	-0.2992	-0.3151	-0.2863	-0.2663	-0.219	-0.07439	0.05913	0.0935	2.522
980.9	0.1004	0.03445	-0.1287	-0.2741	-0.3847	-0.4608	-0.5749	-0.6943	-0.8104	-0.8669	-0.8533	-0.8797	-0.4875	0.07277	0.6776	0.8758	0.882	0.5177	0.2633	-0.008341	-0.2172	-0.3315	-0.3039	-0.2906	-0.1957	-0.13	-0.08852	-0.01593	0.05108	0.08014	2.732
