13201	24	2	88	28.4	767.5	1	20	8	3.06	128	4096	10	0	0	0	0	391.7	1016.7	1.4803e+006	0.11915	0.12748	41.474	0	0	1	0	0	0	5	0	0
870.6	-0.05811	-0.05569	-0.1219	-0.2599	-0.4603	-0.613	-0.9647	-1.292	-1.82	-2.44	-3.288	-4.793	-5.758	-5.748	-4.391	-2.732	-1.48	0.4428	0.8762	0.9258	0.7455	0.5281	0.3677	0.2742	0.2049	0.1569	0.1244	0.05874	-0.001845	-0.02659	15.23
887.3	-0.07015	-0.06586	-0.1293	-0.2697	-0.4508	-0.6363	-0.9681	-1.327	-1.808	-2.42	-3.305	-4.884	-5.842	-5.891	-4.526	-2.886	-1.592	0.3673	0.8381	0.8954	0.7171	0.5416	0.3643	0.253	0.195	0.1548	0.1246	0.0644	0.008835	-0.04429	15.51
900.2	-0.08123	-0.09811	-0.1284	-0.2727	-0.4485	-0.6179	-0.9501	-1.305	-1.799	-2.414	-3.405	-4.838	-5.925	-6.032	-4.689	-3.023	-1.717	0.3413	0.8032	0.9025	0.7299	0.5451	0.3643	0.2892	0.2143	0.1625	0.1236	0.06843	0.01745	-0.02144	15.8
909.5	-0.08723	-0.09893	-0.1487	-0.2488	-0.4398	-0.5969	-0.9729	-1.354	-1.813	-2.441	-3.423	-4.847	-6.045	-6.202	-4.862	-3.173	-1.841	0.2602	0.7991	0.9058	0.7611	0.5538	0.3908	0.2822	0.2173	0.1723	0.1307	0.06947	0.01295	-0.02799	16.13
916.3	-0.1061	-0.1009	-0.1562	-0.2587	-0.4256	-0.6325	-0.9713	-1.321	-1.84	-2.453	-3.507	-4.726	-6.21	-6.389	-5.07	-3.319	-1.962	0.2138	0.7706	0.9284	0.7694	0.5796	0.4127	0.3102	0.241	0.1931	0.143	0.07218	0.006837	-0.02694	16.46
919.8	-0.09977	-0.1077	-0.1556	-0.2685	-0.4357	-0.6229	-0.9492	-1.348	-1.871	-2.51	-3.556	-4.852	-6.394	-6.638	-5.288	-3.54	-2.134	0.1501	0.7412	0.9072	0.7725	0.5899	0.4154	0.3261	0.2576	0.2102	0.1622	0.08094	0.005955	-0.02266	16.8
918.7	-0.1143	-0.1413	-0.1369	-0.2438	-0.4204	-0.5927	-0.9552	-1.354	-1.902	-2.602	-3.67	-4.809	-6.626	-6.904	-5.594	-3.763	-2.32	0.0846	0.7206	0.9154	0.797	0.6048	0.445	0.3355	0.2678	0.221	0.1673	0.09411	0.02653	-0.03608	17.15
912.1	-0.1006	-0.1278	-0.169	-0.2548	-0.4318	-0.63	-0.9791	-1.397	-1.992	-2.647	-3.783	-5.006	-6.898	-7.245	-5.917	-4.02	-2.518	-0.004269	0.6991	0.914	0.8203	0.636	0.4585	0.3699	0.2911	0.2365	0.1802	0.09678	0.01981	-0.0355	17.52
902	-0.125	-0.1439	-0.2015	-0.3078	-0.4459	-0.6833	-0.9892	-1.47	-1.98	-2.71	-3.933	-5.154	-7.21	-7.619	-6.27	-4.306	-2.745	-0.08536	0.6693	0.9215	0.8409	0.6663	0.4853	0.374	0.2943	0.2391	0.1905	0.1041	0.0244	-0.02481	17.87
889.5	-0.1416	-0.1833	-0.2105	-0.3001	-0.4798	-0.6554	-1.06	-1.465	-2.081	-2.832	-4.082	-5.333	-7.531	-8.011	-6.65	-4.597	-2.965	-0.1583	0.6366	0.9372	0.8465	0.683	0.5116	0.381	0.2991	0.2425	0.1984	0.09703	0.003504	-0.05543	18.2
874.6	-0.1769	-0.1883	-0.224	-0.3175	-0.4634	-0.6379	-1.068	-1.511	-2.1	-2.926	-4.209	-5.606	-7.885	-8.434	-7.066	-4.946	-3.232	-0.2649	0.6247	0.9438	0.8911	0.6831	0.5284	0.4028	0.3151	0.2543	0.2	0.1058	0.01886	-0.04494	18.63
856.9	-0.2041	-0.2154	-0.2498	-0.3392	-0.4721	-0.6657	-1.09	-1.511	-2.183	-3.027	-4.471	-5.825	-8.3	-8.922	-7.517	-5.295	-3.5	-0.3518	0.5998	0.9633	0.9058	0.7342	0.5576	0.4521	0.3466	0.2735	0.2236	0.1059	-0.002793	-0.05574	18.97
839.6	-0.188	-0.2278	-0.2906	-0.3773	-0.4791	-0.6894	-1.106	-1.535	-2.257	-3.192	-4.617	-6.093	-8.718	-9.418	-7.989	-5.678	-3.781	-0.4461	0.5665	0.9735	0.9311	0.7674	0.5579	0.4428	0.3414	0.2711	0.2092	0.1019	0.002774	-0.08071	19.31
823.4	-0.2436	-0.2927	-0.305	-0.3912	-0.5136	-0.7272	-1.14	-1.582	-2.342	-3.298	-4.785	-6.424	-9.133	-9.904	-8.477	-6.064	-4.089	-0.5643	0.5374	0.9758	0.9426	0.7763	0.5965	0.4796	0.3794	0.31	0.2345	0.1031	-0.0182	-0.08883	19.72
809.2	-0.2699	-0.2989	-0.3668	-0.4322	-0.5662	-0.6853	-1.142	-1.649	-2.33	-3.41	-5.005	-6.638	-9.58	-10.43	-8.974	-6.462	-4.389	-0.7024	0.4986	0.9668	0.9819	0.806	0.6041	0.4769	0.3799	0.3127	0.2452	0.1111	-0.01269	-0.1018	20.07
799	-0.3064	-0.3442	-0.336	-0.4904	-0.5973	-0.7306	-1.122	-1.692	-2.453	-3.496	-5.162	-6.88	-9.976	-10.91	-9.448	-6.844	-4.701	-0.7964	0.4571	0.9913	0.9824	0.8325	0.6363	0.5055	0.3862	0.3036	0.2492	0.09963	-0.03846	-0.1204	20.46
791.1	-0.3164	-0.3613	-0.429	-0.5244	-0.6498	-0.7675	-1.147	-1.684	-2.445	-3.504	-5.322	-7.161	-10.36	-11.38	-9.91	-7.224	-4.988	-0.9119	0.4114	0.9848	1.006	0.8427	0.6536	0.5068	0.3885	0.3066	0.2345	0.09753	-0.0289	-0.1343	20.85
786.1	-0.3342	-0.4154	-0.4879	-0.5346	-0.6442	-0.8075	-1.133	-1.697	-2.547	-3.633	-5.369	-7.337	-10.7	-11.8	-10.35	-7.598	-5.284	-1.055	0.3522	0.9589	1.023	0.8527	0.6558	0.5338	0.4114	0.3266	0.2379	0.09908	-0.02908	-0.1273	21.22
784.2	-0.3717	-0.4693	-0.484	-0.5925	-0.7072	-0.7955	-1.138	-1.684	-2.528	-3.638	-5.473	-7.523	-11	-12.15	-10.74	-7.91	-5.554	-1.179	0.3061	0.9716	1.037	0.8813	0.6623	0.5455	0.4279	0.3464	0.2559	0.1066	-0.03116	-0.1168	21.59
787.7	-0.3661	-0.4841	-0.542	-0.6464	-0.7323	-0.8599	-1.163	-1.659	-2.49	-3.652	-5.504	-7.605	-11.17	-12.42	-11	-8.182	-5.774	-1.288	0.2393	0.9663	1.023	0.883	0.6783	0.5403	0.4271	0.3487	0.2547	0.09472	-0.05301	-0.1329	21.93
794	-0.4346	-0.5283	-0.5962	-0.619	-0.7881	-0.8857	-1.141	-1.533	-2.365	-3.587	-5.524	-7.574	-11.3	-12.59	-11.26	-8.365	-5.934	-1.39	0.1827	0.9463	1.053	0.9014	0.7075	0.568	0.4429	0.3563	0.268	0.09871	-0.05754	-0.1396	22.29
803	-0.4356	-0.541	-0.6327	-0.7285	-0.8575	-0.9424	-1.202	-1.565	-2.23	-3.451	-5.422	-7.534	-11.35	-12.65	-11.39	-8.495	-6.068	-1.461	0.1559	0.9144	1.022	0.9065	0.7094	0.5877	0.4612	0.3737	0.2782	0.1095	-0.04611	-0.1457	22.65
813.7	-0.4088	-0.6144	-0.6467	-0.783	-0.865	-1.053	-1.234	-1.54	-2.034	-3.347	-5.365	-7.535	-11.32	-12.64	-11.45	-8.572	-6.137	-1.498	0.08595	0.8903	1.02	0.9088	0.7019	0.5726	0.4603	0.3825	0.2903	0.1081	-0.06002	-0.1542	22.96
828.5	-0.3762	-0.5834	-0.7369	-0.7764	-0.9789	-1.134	-1.366	-1.51	-1.917	-3.096	-5.089	-7.28	-11.16	-12.51	-11.4	-8.522	-6.131	-1.546	0.07642	0.8813	1.032	0.9117	0.7377	0.5795	0.4575	0.373	0.2906	0.1168	-0.04374	-0.1579	23.31
845.6	-0.3401	-0.5147	-0.7267	-0.9067	-1.07	-1.195	-1.42	-1.568	-1.786	-2.788	-4.835	-7.054	-10.86	-12.2	-11.19	-8.377	-6.056	-1.518	0.07313	0.8702	1.014	0.9069	0.7033	0.5802	0.4679	0.3901	0.2767	0.1168	-0.03076	-0.1302	23.64
862.5	-0.3875	-0.5114	-0.8057	-1.002	-1.102	-1.333	-1.569	-1.641	-1.763	-2.406	-4.428	-6.577	-10.48	-11.79	-10.93	-8.173	-5.92	-1.497	0.06999	0.8617	0.9991	0.9126	0.7187	0.594	0.4685	0.3816	0.2923	0.1223	-0.03472	-0.1347	23.91
876.9	-0.2801	-0.502	-0.8589	-1.055	-1.305	-1.506	-1.754	-1.75	-1.718	-2.159	-3.778	-6.057	-9.925	-11.21	-10.51	-7.833	-5.671	-1.423	0.09907	0.8587	1.001	0.9	0.7194	0.5868	0.4603	0.3728	0.2953	0.1301	-0.02248	-0.1062	24.22
888.5	-0.3316	-0.4515	-0.9151	-1.13	-1.516	-1.759	-1.853	-1.788	-1.794	-1.967	-3.065	-5.339	-9.236	-10.43	-9.957	-7.384	-5.385	-1.322	0.1475	0.8823	1.015	0.9175	0.7258	0.6052	0.4814	0.3957	0.294	0.136	-0.009781	-0.09098	24.51
897.4	-0.3595	-0.4721	-0.8982	-1.245	-1.835	-2.17	-1.913	-1.803	-1.777	-1.929	-2.497	-4.47	-8.469	-9.516	-9.259	-6.858	-4.991	-1.19	0.201	0.9054	1.035	0.9349	0.7335	0.6192	0.499	0.4159	0.3114	0.1503	0.001718	-0.1038	24.75
902.5	-0.2222	-0.4225	-0.8913	-1.585	-2.201	-2.295	-1.959	-1.774	-1.829	-1.855	-2.301	-3.62	-7.374	-8.299	-8.422	-6.159	-4.485	-0.9887	0.2847	0.9508	1.042	0.9384	0.7407	0.6182	0.5011	0.4201	0.3289	0.1769	0.0366	-0.07082	25
902.6	-0.2756	-0.3636	-0.9943	-2.037	-2.434	-2.336	-1.98	-1.818	-1.667	-1.798	-2.305	-3.571	-6.099	-6.867	-7.204	-5.262	-3.826	-0.7512	0.3957	0.9841	1.06	0.9415	0.7519	0.623	0.4968	0.4093	0.3054	0.152	0.01043	-0.06996	25.24
898.2	-0.3366	-0.3654	-1.239	-2.278	-2.599	-2.439	-1.93	-1.782	-1.826	-1.887	-2.639	-3.024	-4.499	-4.958	-5.674	-4.016	-3.028	-0.4558	0.5361	1.03	1.099	0.9565	0.7643	0.6319	0.504	0.4155	0.3363	0.1678	0.01223	-0.09856	25.44
888.3	-0.3413	-0.475	-1.397	-2.534	-2.619	-2.223	-1.96	-1.871	-1.845	-2.031	-2.466	-2.406	-3.031	-3.44	-3.783	-2.94	-2.11	-0.1164	0.6822	1.093	1.088	0.9615	0.7446	0.6331	0.4923	0.3949	0.3069	0.1325	-0.02839	-0.1075	25.62
874.1	-0.4241	-0.5701	-1.634	-2.361	-2.635	-2.306	-1.875	-1.88	-1.863	-1.858	-1.694	-1.462	-1.545	-1.926	-2.203	-1.923	-1.374	0.1589	0.796	1.115	1.112	0.9581	0.7746	0.6134	0.4775	0.3834	0.2937	0.1035	-0.07208	-0.1989	25.8
858.2	-0.566	-0.6919	-1.635	-2.301	-2.575	-2.543	-1.946	-1.793	-1.644	-1.585	-1.339	-1.312	-1.346	-1.386	-1.572	-1.48	-1.086	0.2976	0.8837	1.145	1.12	0.9692	0.7615	0.6257	0.4826	0.3835	0.2629	0.04606	-0.1541	-0.3075	25.94
840.1	-0.7428	-0.7818	-1.63	-2.352	-2.593	-2.496	-1.958	-1.719	-1.413	-1.421	-1.248	-1.225	-1.154	-1.229	-1.314	-1.321	-0.8916	0.3961	0.9264	1.177	1.13	0.9746	0.7536	0.6284	0.4797	0.3767	0.2515	-0.0133	-0.2577	-0.4404	26.09
818.4	-1.068	-1.034	-1.721	-2.406	-2.534	-2.428	-1.923	-1.431	-1.217	-1.083	-0.7742	-0.855	-0.9138	-0.9699	-1.127	-1.022	-0.6764	0.5136	0.9771	1.19	1.119	0.9855	0.7612	0.6131	0.4572	0.3493	0.1971	-0.14	-0.4511	-0.657	26.17
794	-1.566	-1.359	-1.818	-2.368	-2.48	-2.278	-1.673	-1.313	-1.146	-0.9267	-0.6869	-0.7905	-0.7396	-0.7486	-0.8722	-0.8284	-0.49	0.5904	1.028	1.211	1.15	0.9513	0.75	0.5812	0.4022	0.2783	0.1154	-0.2869	-0.6583	-0.931	26.3
769.9	-2.185	-2.038	-1.879	-2.284	-2.404	-2.073	-1.542	-1.17	-1.123	-0.7054	-0.5228	-0.5455	-0.5253	-0.5732	-0.6823	-0.6365	-0.3133	0.6994	1.089	1.226	1.125	0.9371	0.7032	0.5275	0.3292	0.192	0.004937	-0.4661	-0.9008	-1.288	26.38
748.5	-2.439	-2.456	-1.95	-2.148	-2.192	-1.962	-1.316	-1.044	-1.071	-0.5792	-0.3715	-0.4326	-0.4508	-0.4832	-0.5934	-0.5138	-0.2023	0.7671	1.12	1.224	1.108	0.9128	0.6688	0.4577	0.2485	0.1037	-0.07483	-0.6074	-1.099	-1.522	26.43
727.2	-3.029	-3.027	-2.152	-2.028	-2.063	-1.763	-1.222	-0.819	-0.9401	-0.4917	-0.312	-0.3922	-0.3624	-0.3889	-0.5212	-0.3902	-0.09566	0.8468	1.163	1.264	1.106	0.8582	0.6312	0.4012	0.1872	0.03902	-0.1988	-0.7934	-1.342	-1.839	26.53
707.9	-3.751	-3.727	-2.394	-1.891	-1.787	-1.549	-0.9735	-0.8514	-0.7628	-0.4216	-0.2533	-0.2926	-0.2873	-0.3439	-0.4448	-0.3097	0.02409	0.8988	1.225	1.248	1.103	0.846	0.5985	0.3668	0.1226	-0.04637	-0.2685	-0.9286	-1.538	-2.13	26.6
693.1	-3.941	-3.838	-2.857	-1.792	-1.52	-1.367	-0.9601	-0.7571	-1.104	-0.3752	-0.265	-0.3112	-0.3165	-0.3568	-0.4933	-0.3004	0.04639	0.9498	1.219	1.253	1.056	0.8089	0.5434	0.3228	0.07225	-0.1012	-0.3364	-1.018	-1.648	-2.236	26.65
684.8	-3.699	-3.956	-3.083	-1.661	-1.38	-1.305	-0.8757	-0.7824	-0.8399	-0.4662	-0.3197	-0.3338	-0.297	-0.3769	-0.5165	-0.2925	0.069	0.9638	1.217	1.233	1.017	0.7629	0.5099	0.2547	0.02369	-0.1362	-0.3814	-1.041	-1.651	-2.214	26.7
681.7	-3.296	-3.524	-3.421	-1.75	-1.326	-1.086	-0.819	-0.8195	-0.7405	-0.5363	-0.404	-0.4524	-0.4659	-0.4501	-0.6044	-0.3308	0.02968	0.9333	1.197	1.212	1.001	0.7304	0.4811	0.235	0.00816	-0.1489	-0.3743	-1.006	-1.589	-2.05	26.77
686.1	-2.798	-3.005	-2.752	-1.724	-1.249	-1.053	-0.8127	-0.8325	-0.7914	-0.6692	-0.593	-0.6121	-0.6605	-0.6703	-0.8259	-0.4882	-0.06201	0.8914	1.15	1.166	0.9507	0.7058	0.4403	0.2062	-0.0191	-0.1751	-0.3697	-0.9106	-1.41	-1.808	26.81
697.5	-2.338	-2.374	-2.473	-1.612	-1.213	-1.036	-0.8841	-0.9678	-0.9061	-0.8737	-0.8337	-0.8408	-0.8659	-0.8898	-1.056	-0.6506	-0.2	0.8329	1.09	1.12	0.9248	0.6901	0.4421	0.2007	-0.007024	-0.1508	-0.3278	-0.8046	-1.245	-1.552	26.82
715.9	-1.802	-1.888	-1.977	-1.413	-1.038	-0.9823	-0.8913	-1.103	-1.072	-1.122	-1.034	-1.094	-1.051	-1.101	-1.305	-0.8395	-0.3303	0.7699	1.044	1.078	0.8831	0.6502	0.4231	0.2164	-0.001996	-0.1532	-0.331	-0.7106	-1.061	-1.295	26.84
742.6	-1.329	-1.501	-1.505	-1.128	-0.9901	-0.9987	-1.052	-1.333	-1.302	-1.248	-1.23	-1.221	-1.281	-1.302	-1.503	-1.028	-0.4757	0.6805	0.9975	1.055	0.8708	0.6249	0.4036	0.2046	0.02969	-0.09144	-0.2671	-0.5852	-0.8788	-1.076	26.86
776.6	-1.053	-1.203	-1.126	-0.9901	-0.8393	-0.9087	-1.245	-1.517	-1.492	-1.473	-1.45	-1.449	-1.507	-1.466	-1.706	-1.179	-0.6247	0.6145	0.9405	1.023	0.8584	0.6309	0.4122	0.2274	0.05785	-0.05956	-0.2008	-0.4464	-0.673	-0.8092	26.86
814.8	-0.8546	-0.9447	-0.848	-0.7886	-0.7502	-0.9339	-1.676	-1.733	-1.57	-1.615	-1.624	-1.609	-1.576	-1.621	-1.88	-1.354	-0.7711	0.5211	0.9001	0.9882	0.831	0.6226	0.4218	0.2517	0.09051	-0.02105	-0.1468	-0.3478	-0.5333	-0.6118	26.86
853.7	-0.7064	-0.7908	-0.7595	-0.6179	-0.6048	-1.154	-2.004	-1.85	-1.685	-1.674	-1.689	-1.659	-1.723	-1.697	-1.983	-1.458	-0.8802	0.4425	0.8556	0.9593	0.8343	0.6289	0.4338	0.2866	0.1493	0.05422	-0.0665	-0.2573	-0.4334	-0.519	26.84
894.5	-0.5083	-0.6053	-0.5636	-0.4458	-0.7595	-1.663	-2.228	-2.017	-1.787	-1.722	-1.732	-1.746	-1.737	-1.741	-2.032	-1.523	-0.9298	0.3986	0.8224	0.9511	0.8204	0.6566	0.4526	0.3161	0.1855	0.09514	0.003402	-0.1622	-0.3151	-0.3999	26.78
933.9	-0.3404	-0.3816	-0.3313	-0.4959	-1.17	-1.798	-2.342	-2.009	-1.77	-1.694	-1.692	-1.736	-1.708	-1.732	-2.002	-1.527	-0.9493	0.3818	0.7806	0.9328	0.82	0.6544	0.4596	0.314	0.1979	0.1175	0.02758	-0.1047	-0.2268	-0.2752	26.69
968.1	-0.2658	-0.2952	-0.2268	-0.628	-1.481	-2.021	-2.391	-2.076	-1.791	-1.763	-1.695	-1.715	-1.73	-1.714	-2.027	-1.537	-0.9715	0.334	0.7674	0.909	0.8108	0.6431	0.4692	0.3291	0.2034	0.1164	0.03755	-0.06105	-0.1521	-0.1915	26.55
994.9	-0.1789	-0.183	-0.2033	-0.7313	-1.541	-2.218	-2.202	-1.962	-1.769	-1.658	-1.661	-1.648	-1.643	-1.674	-1.985	-1.507	-0.9653	0.3276	0.7527	0.9002	0.7938	0.6266	0.4464	0.315	0.206	0.1305	0.04568	-0.0217	-0.0839	-0.133	26.42
1015	-0.121	-0.1614	-0.2629	-1.018	-1.857	-2.276	-2.087	-1.861	-1.641	-1.532	-1.505	-1.533	-1.552	-1.559	-1.838	-1.394	-0.8766	0.3538	0.7675	0.9008	0.7994	0.6184	0.4499	0.3081	0.2073	0.1375	0.06715	-0.007708	-0.07681	-0.1009	26.25
1026	-0.1083	-0.1427	-0.3983	-1.297	-2.114	-2.337	-2.104	-1.664	-1.493	-1.455	-1.416	-1.439	-1.387	-1.467	-1.732	-1.294	-0.7902	0.3938	0.7756	0.8925	0.7983	0.6229	0.4595	0.3243	0.2182	0.1447	0.07526	0.008192	-0.05372	-0.07127	26.03
1027	-0.1696	-0.2363	-0.7142	-1.587	-2.104	-2.276	-1.948	-1.576	-1.432	-1.338	-1.253	-1.36	-1.361	-1.435	-1.671	-1.238	-0.7161	0.4167	0.8051	0.8942	0.8001	0.6252	0.4591	0.3307	0.2078	0.1228	0.05825	-0.003141	-0.05981	-0.1012	25.79
1015	-0.3039	-0.4049	-0.9754	-1.763	-2.066	-2.045	-1.863	-1.434	-1.372	-1.273	-1.267	-1.171	-1.223	-1.35	-1.503	-1.157	-0.6516	0.4474	0.8086	0.9045	0.7896	0.6239	0.4366	0.3043	0.187	0.1059	0.04326	-0.04617	-0.1287	-0.1864	25.49
994	-0.4449	-0.5907	-1.211	-1.848	-1.983	-1.839	-1.757	-1.418	-1.354	-1.299	-1.199	-1.178	-1.172	-1.26	-1.492	-1.093	-0.5969	0.499	0.8253	0.9215	0.7817	0.5916	0.4097	0.2755	0.1464	0.05708	-0.01598	-0.1333	-0.2416	-0.3003	25.21
963.6	-0.6186	-0.7437	-1.338	-1.788	-1.767	-1.728	-1.549	-1.324	-1.329	-1.3	-1.14	-1.205	-1.176	-1.184	-1.455	-1.025	-0.5415	0.5332	0.8559	0.8981	0.774	0.5684	0.3738	0.2368	0.09507	-0.003083	-0.0927	-0.228	-0.3529	-0.4383	24.91
923.8	-0.8968	-0.897	-1.436	-1.66	-1.627	-1.645	-1.526	-1.452	-1.285	-1.161	-1.066	-1.005	-1.145	-1.166	-1.369	-0.9523	-0.4409	0.5912	0.8863	0.9298	0.7718	0.5694	0.355	0.1977	0.05558	-0.0428	-0.1549	-0.3517	-0.5334	-0.6412	24.55
878.2	-1.327	-1.246	-1.426	-1.625	-1.583	-1.614	-1.547	-1.397	-1.239	-1.137	-1.102	-1.142	-1.12	-1.159	-1.386	-0.8799	-0.3688	0.6732	0.9408	0.9827	0.7764	0.5506	0.352	0.1603	0.007325	-0.09857	-0.2095	-0.4818	-0.7333	-0.9153	24.23
831.5	-1.623	-1.461	-1.338	-1.579	-1.749	-1.632	-1.483	-1.385	-1.223	-1.179	-1.134	-1.158	-1.169	-1.165	-1.412	-0.845	-0.314	0.7427	0.9892	0.9909	0.7902	0.5451	0.3209	0.127	-0.02864	-0.1364	-0.2814	-0.6155	-0.924	-1.134	23.95
786.1	-1.806	-1.576	-1.387	-1.517	-1.659	-1.688	-1.448	-1.315	-1.226	-1.205	-1.202	-1.189	-1.216	-1.232	-1.429	-0.8187	-0.2563	0.8018	1.056	1.029	0.7881	0.5481	0.2975	0.09823	-0.06696	-0.1813	-0.3516	-0.7025	-1.026	-1.302	23.65
743.9	-1.863	-1.616	-1.333	-1.622	-1.566	-1.678	-1.493	-1.282	-1.251	-1.203	-1.191	-1.285	-1.26	-1.287	-1.489	-0.8048	-0.1918	0.8907	1.121	1.071	0.7823	0.5162	0.268	0.07466	-0.1165	-0.2488	-0.3857	-0.7233	-1.035	-1.284	23.35
708	-1.583	-1.492	-1.238	-1.463	-1.568	-1.654	-1.454	-1.346	-1.219	-1.215	-1.356	-1.322	-1.341	-1.341	-1.531	-0.7756	-0.1611	0.9659	1.17	1.117	0.8095	0.5129	0.2516	0.05628	-0.1234	-0.2477	-0.4224	-0.7173	-0.9896	-1.166	23.05
682.1	-1.397	-1.232	-1.303	-1.478	-1.595	-1.502	-1.488	-1.285	-1.363	-1.383	-1.344	-1.378	-1.41	-1.482	-1.55	-0.7692	-0.1113	1.016	1.213	1.143	0.8355	0.5175	0.2738	0.05403	-0.1175	-0.2363	-0.3829	-0.6429	-0.8828	-1.075	22.78
667.2	-1.039	-1.121	-1.173	-1.366	-1.526	-1.455	-1.389	-1.373	-1.348	-1.299	-1.308	-1.404	-1.484	-1.572	-1.613	-0.7663	-0.0721	1.062	1.257	1.171	0.8458	0.5571	0.2905	0.07764	-0.08984	-0.2058	-0.3336	-0.5711	-0.7904	-0.92	22.5
664.4	-1.006	-1.083	-1.176	-1.308	-1.404	-1.335	-1.385	-1.327	-1.317	-1.332	-1.296	-1.469	-1.421	-1.583	-1.573	-0.7269	-0.04609	1.094	1.272	1.168	0.8553	0.5703	0.3189	0.08584	-0.07173	-0.1808	-0.3076	-0.5216	-0.7191	-0.815	22.24
673.8	-0.9146	-0.9403	-1.004	-1.18	-1.284	-1.257	-1.334	-1.251	-1.2	-1.213	-1.31	-1.424	-1.466	-1.567	-1.561	-0.6887	-0.02186	1.094	1.257	1.154	0.8411	0.5335	0.3144	0.08797	-0.05956	-0.1617	-0.291	-0.4768	-0.6484	-0.7455	21.96
695.5	-0.9085	-0.8907	-0.9493	-1.125	-1.261	-1.315	-1.227	-1.119	-1.185	-1.267	-1.25	-1.332	-1.295	-1.435	-1.449	-0.6276	0.01424	1.049	1.222	1.114	0.7781	0.5221	0.2776	0.08523	-0.0539	-0.1502	-0.2591	-0.4275	-0.5829	-0.6979	21.69
727.8	-0.8628	-0.9014	-0.9386	-1.11	-1.166	-1.204	-1.155	-1.108	-1.286	-1.269	-1.212	-1.334	-1.291	-1.492	-1.361	-0.6074	0.03545	1.013	1.162	1.063	0.7546	0.4702	0.2523	0.06194	-0.08312	-0.1836	-0.2632	-0.434	-0.5917	-0.7008	21.4
770.3	-0.8213	-0.8624	-0.9082	-1.022	-1.081	-1.075	-1.12	-1.122	-1.106	-1.194	-1.18	-1.176	-1.189	-1.368	-1.275	-0.5064	0.06444	0.9838	1.107	0.9976	0.688	0.4124	0.2109	0.04881	-0.0888	-0.1841	-0.284	-0.4345	-0.5733	-0.6591	21.11
817.1	-0.7732	-0.7713	-0.8986	-0.9561	-1.009	-1.038	-1.076	-1.023	-0.9529	-1.082	-1.023	-1.006	-1.057	-1.17	-1.128	-0.4032	0.1191	0.9305	1.054	0.9255	0.6447	0.3702	0.1748	0.01491	-0.118	-0.2101	-0.3002	-0.4286	-0.5472	-0.659	20.8
863.6	-0.7424	-0.7509	-0.8447	-0.9072	-0.9346	-0.9739	-1.014	-0.994	-0.9536	-0.9806	-0.9523	-0.9305	-0.9691	-1.125	-1.001	-0.3632	0.1412	0.8912	0.9694	0.853	0.584	0.3403	0.1536	-0.01619	-0.119	-0.1901	-0.2639	-0.4096	-0.5442	-0.6235	20.45
907.9	-0.6762	-0.7097	-0.8009	-0.8579	-0.873	-0.9089	-0.9356	-0.923	-0.8535	-0.9038	-0.8738	-0.8672	-0.8934	-1.098	-0.9136	-0.2865	0.1772	0.8684	0.9172	0.8096	0.5582	0.3102	0.147	-0.00881	-0.1221	-0.2006	-0.2718	-0.3911	-0.5011	-0.5812	20.12
947.1	-0.6269	-0.6453	-0.7611	-0.8095	-0.8636	-0.8633	-0.8056	-0.8266	-0.8056	-0.8047	-0.7845	-0.8467	-0.8274	-1.027	-0.8356	-0.2107	0.2102	0.8405	0.8754	0.752	0.4963	0.2798	0.1243	-0.01318	-0.1153	-0.186	-0.2806	-0.3806	-0.4729	-0.5369	19.78
976.6	-0.4982	-0.574	-0.7074	-0.7654	-0.7842	-0.7799	-0.7903	-0.7613	-0.7299	-0.7452	-0.7346	-0.8299	-0.7782	-0.9679	-0.7446	-0.1583	0.2559	0.8203	0.8595	0.7334	0.4821	0.2714	0.1061	-0.01278	-0.1091	-0.1757	-0.2512	-0.3498	-0.4409	-0.4702	19.43
997.8	-0.5102	-0.5543	-0.6609	-0.7376	-0.7116	-0.7165	-0.6921	-0.7073	-0.6814	-0.6773	-0.7084	-0.7194	-0.748	-0.9358	-0.6865	-0.1218	0.2839	0.8166	0.8457	0.6918	0.4542	0.2468	0.08812	-0.03424	-0.1263	-0.19	-0.2625	-0.3521	-0.4347	-0.4749	19.05
1010	-0.5471	-0.5771	-0.7098	-0.715	-0.7021	-0.6747	-0.6756	-0.6621	-0.6324	-0.6833	-0.6666	-0.6834	-0.7329	-0.9114	-0.6271	-0.05333	0.3166	0.8134	0.8354	0.6882	0.44	0.2238	0.08549	-0.04196	-0.1246	-0.1818	-0.2511	-0.3434	-0.4286	-0.4859	18.7
1014	-0.5344	-0.5939	-0.7018	-0.7026	-0.6921	-0.6484	-0.6375	-0.5705	-0.6596	-0.6178	-0.6955	-0.6675	-0.7288	-0.8929	-0.5648	-0.01897	0.361	0.8046	0.8077	0.6552	0.4211	0.196	0.05269	-0.06098	-0.1398	-0.1944	-0.2577	-0.3413	-0.4186	-0.4849	18.3
1010	-0.5542	-0.593	-0.6843	-0.6568	-0.619	-0.6237	-0.5845	-0.5954	-0.5874	-0.5981	-0.6581	-0.7526	-0.7535	-0.9171	-0.5244	0.0293	0.3837	0.8188	0.8059	0.6457	0.3808	0.1832	0.0428	-0.07974	-0.1702	-0.2328	-0.2827	-0.3672	-0.4452	-0.4846	17.92
999.6	-0.5738	-0.6181	-0.6652	-0.6443	-0.5793	-0.5473	-0.5349	-0.5557	-0.5821	-0.5969	-0.6303	-0.6889	-0.7802	-0.9233	-0.5001	0.05796	0.4146	0.8194	0.7963	0.6122	0.3686	0.1577	0.01497	-0.1209	-0.1964	-0.2486	-0.2954	-0.3846	-0.467	-0.5164	17.55
982.8	-0.5757	-0.6033	-0.6477	-0.6085	-0.5542	-0.5354	-0.5448	-0.53	-0.5106	-0.5672	-0.6689	-0.7583	-0.8353	-0.9257	-0.4871	0.09579	0.4475	0.8454	0.8196	0.6268	0.3684	0.1413	0.008844	-0.1139	-0.1763	-0.2195	-0.2719	-0.3733	-0.467	-0.5221	17.19
960.1	-0.6128	-0.5942	-0.6294	-0.5662	-0.5203	-0.5002	-0.4807	-0.4851	-0.5118	-0.5082	-0.5442	-0.8058	-0.913	-0.954	-0.4468	0.1095	0.4904	0.8823	0.8413	0.6408	0.3663	0.1552	0.02376	-0.1142	-0.1896	-0.2418	-0.2941	-0.3859	-0.4706	-0.5392	16.82
931	-0.5768	-0.6056	-0.5677	-0.5608	-0.5102	-0.4978	-0.4799	-0.4935	-0.4627	-0.5619	-0.6512	-0.9176	-0.9971	-1.02	-0.4607	0.1366	0.5356	0.9089	0.851	0.6582	0.3632	0.1608	0.02535	-0.1025	-0.1926	-0.2549	-0.2871	-0.377	-0.46	-0.5081	16.46
898.1	-0.5434	-0.6066	-0.5552	-0.5413	-0.5152	-0.4798	-0.4966	-0.4292	-0.488	-0.5219	-0.6672	-0.9932	-1.105	-1.067	-0.4541	0.189	0.5649	0.9507	0.8814	0.6651	0.3756	0.1546	0.01579	-0.1005	-0.1589	-0.1994	-0.2891	-0.3731	-0.4505	-0.4814	16.15
861.1	-0.5298	-0.5594	-0.5424	-0.5432	-0.5116	-0.5072	-0.4107	-0.4623	-0.5055	-0.549	-0.7553	-1.109	-1.284	-1.166	-0.4746	0.1807	0.6003	0.9739	0.9107	0.6625	0.3667	0.142	7.283e-005	-0.1074	-0.1699	-0.2132	-0.2682	-0.3445	-0.4151	-0.478	15.84
824.4	-0.5364	-0.5521	-0.5522	-0.546	-0.5112	-0.4589	-0.5186	-0.4313	-0.5107	-0.6268	-0.8424	-1.201	-1.42	-1.282	-0.508	0.1954	0.6222	1.027	0.9485	0.687	0.3743	0.1483	0.001028	-0.1194	-0.1853	-0.2308	-0.2819	-0.3677	-0.4469	-0.4638	15.56
790.6	-0.525	-0.5568	-0.5599	-0.5325	-0.4682	-0.4426	-0.4819	-0.4826	-0.5051	-0.6111	-0.9298	-1.399	-1.609	-1.374	-0.5522	0.1938	0.6559	1.048	0.9631	0.6948	0.3862	0.1191	0.004049	-0.1425	-0.205	-0.2483	-0.295	-0.3704	-0.4401	-0.4934	15.31
761.8	-0.5448	-0.5582	-0.5366	-0.4822	-0.4688	-0.5163	-0.4691	-0.4286	-0.4554	-0.6594	-1.051	-1.485	-1.817	-1.478	-0.6074	0.1794	0.6545	1.091	0.9878	0.7146	0.3788	0.1179	-0.02566	-0.1351	-0.2035	-0.2508	-0.3091	-0.3826	-0.4505	-0.517	15.06
738.5	-0.5209	-0.5444	-0.498	-0.4735	-0.497	-0.4794	-0.4909	-0.408	-0.486	-0.6888	-1.181	-1.662	-1.986	-1.621	-0.6677	0.1467	0.6494	1.118	1.016	0.7283	0.3734	0.1226	-0.03072	-0.1677	-0.2352	-0.2819	-0.3157	-0.3877	-0.4541	-0.499	14.82
720.9	-0.5186	-0.499	-0.4949	-0.5181	-0.4826	-0.4819	-0.426	-0.3754	-0.4751	-0.7722	-1.345	-1.809	-2.122	-1.738	-0.7439	0.1339	0.6653	1.131	1.017	0.7382	0.3881	0.1126	-0.02494	-0.178	-0.2411	-0.2847	-0.3287	-0.3963	-0.4587	-0.492	14.6
712.8	-0.4994	-0.4825	-0.4817	-0.51	-0.4967	-0.4522	-0.3718	-0.3156	-0.5109	-0.9145	-1.526	-1.934	-2.252	-1.83	-0.808	0.1188	0.6471	1.137	1.036	0.7248	0.3723	0.1048	-0.05054	-0.1811	-0.2411	-0.2827	-0.3378	-0.4039	-0.4649	-0.4911	14.42
711.2	-0.4918	-0.4579	-0.4728	-0.4195	-0.416	-0.3099	-0.3768	-0.3661	-0.5699	-0.9907	-1.562	-2.027	-2.375	-1.894	-0.8455	0.09253	0.6531	1.138	1.034	0.7287	0.3653	0.09895	-0.07161	-0.2004	-0.2705	-0.319	-0.3438	-0.3866	-0.4262	-0.4857	14.23
713.3	-0.4489	-0.4682	-0.436	-0.4086	-0.2742	-0.3067	-0.2576	-0.3573	-0.6468	-1.039	-1.776	-2.157	-2.492	-2.027	-0.9164	0.02271	0.6132	1.129	1.033	0.7311	0.3653	0.07742	-0.07249	-0.2019	-0.265	-0.3086	-0.3407	-0.3873	-0.4304	-0.4411	14.03
721.1	-0.4215	-0.4367	-0.3668	-0.2543	-0.2458	-0.2732	-0.3665	-0.3545	-0.6939	-1.13	-1.854	-2.195	-2.525	-2.057	-0.9792	0.01483	0.5813	1.119	1.02	0.7221	0.3403	0.07559	-0.04778	-0.1884	-0.2514	-0.295	-0.316	-0.3498	-0.381	-0.3916	13.9
737.2	-0.3184	-0.3202	-0.285	-0.2092	-0.2373	-0.2854	-0.3555	-0.3767	-0.7436	-1.202	-1.872	-2.223	-2.559	-2.057	-0.9532	-0.01647	0.5621	1.088	1.002	0.7152	0.3546	0.08567	-0.04886	-0.1711	-0.2219	-0.2571	-0.2978	-0.329	-0.3577	-0.3444	13.7
760.6	-0.2586	-0.2372	-0.182	-0.2723	-0.1998	-0.3524	-0.2765	-0.4085	-0.8073	-1.216	-1.848	-2.226	-2.551	-2.061	-0.9638	-0.0377	0.5281	1.054	0.9719	0.691	0.3457	0.09726	-0.0453	-0.156	-0.1977	-0.2266	-0.2558	-0.2552	-0.2546	-0.2812	13.51
789.2	-0.1547	-0.1624	-0.2403	-0.1887	-0.2857	-0.255	-0.2703	-0.4695	-0.8141	-1.228	-1.892	-2.221	-2.535	-2.062	-0.9879	-0.06726	0.4979	1.032	0.9498	0.7073	0.3575	0.1184	-0.005885	-0.1172	-0.1619	-0.1929	-0.1957	-0.1956	-0.1955	-0.197	13.38
822.6	-0.104	-0.1346	-0.2143	-0.2257	-0.249	-0.1735	-0.3096	-0.4993	-0.8466	-1.222	-1.849	-2.197	-2.529	-2.044	-1.027	-0.08846	0.4729	0.9833	0.93	0.6836	0.3702	0.1303	0.01724	-0.07515	-0.1192	-0.1497	-0.1703	-0.1474	-0.1264	-0.1245	13.21
861	-0.1319	-0.1971	-0.1919	-0.2468	-0.1783	-0.2822	-0.2597	-0.519	-0.9009	-1.22	-1.862	-2.17	-2.482	-2.067	-1.048	-0.1357	0.4278	0.9444	0.886	0.6559	0.3472	0.1546	0.02923	-0.05965	-0.1079	-0.1413	-0.1319	-0.1228	-0.1143	-0.1252	13.08
900.4	-0.114	-0.1617	-0.1756	-0.1926	-0.1977	-0.2596	-0.2959	-0.5443	-0.8988	-1.23	-1.853	-2.162	-2.467	-2.068	-1.052	-0.184	0.3781	0.9237	0.8692	0.6525	0.3657	0.159	0.05583	-0.04624	-0.07327	-0.09199	-0.095	-0.09244	-0.09007	-0.1026	12.95
937.3	-0.1012	-0.1137	-0.1477	-0.1613	-0.1948	-0.2058	-0.3316	-0.5574	-0.885	-1.239	-1.781	-2.128	-2.454	-2.062	-1.107	-0.2255	0.326	0.881	0.8516	0.646	0.3718	0.162	0.05698	-0.03086	-0.05685	-0.07483	-0.08238	-0.07624	-0.07058	-0.08296	12.84
967.7	-0.03541	-0.05696	-0.1495	-0.1364	-0.2029	-0.1484	-0.3342	-0.6041	-0.8897	-1.237	-1.781	-2.117	-2.472	-2.094	-1.137	-0.2729	0.264	0.8525	0.8324	0.645	0.3692	0.1778	0.07789	-0.01135	-0.05203	-0.08019	-0.08213	-0.0534	-0.02688	-0.03108	12.74
991	-0.05497	-0.1176	-0.1301	-0.134	-0.1943	-0.1904	-0.3725	-0.6256	-0.9337	-1.251	-1.855	-2.16	-2.491	-2.122	-1.158	-0.3062	0.2594	0.8316	0.821	0.6422	0.3848	0.1983	0.08081	0.003998	-0.02639	-0.04743	-0.04201	-0.0429	-0.04372	-0.04276	12.65
1006	-0.07812	-0.1225	-0.1024	-0.1869	-0.1785	-0.2267	-0.4178	-0.6533	-0.9402	-1.252	-1.802	-2.166	-2.519	-2.16	-1.209	-0.3292	0.2327	0.8491	0.8215	0.6394	0.407	0.1818	0.08899	0.004683	-0.01913	-0.03561	-0.04892	-0.05362	-0.05795	-0.06891	12.62
1010	-0.0655	-0.05214	-0.08244	-0.1786	-0.1665	-0.2382	-0.4338	-0.6858	-0.981	-1.296	-1.855	-2.214	-2.605	-2.227	-1.285	-0.3942	0.1916	0.8163	0.8183	0.6482	0.3967	0.2125	0.105	0.0328	0.003817	-0.01625	-0.02323	-0.02414	-0.02498	-0.04426	12.59
1004	-0.02484	-0.03257	-0.08993	-0.1368	-0.146	-0.2669	-0.4757	-0.6941	-1.016	-1.331	-1.882	-2.27	-2.699	-2.335	-1.361	-0.4589	0.146	0.8282	0.8424	0.6751	0.4107	0.2503	0.1391	0.06423	0.03419	0.01339	0.01208	0.005372	-0.000816	-0.01386	12.57
991.5	0.0156	-0.04555	-0.111	-0.1046	-0.1687	-0.288	-0.5087	-0.7483	-1.059	-1.411	-1.948	-2.409	-2.836	-2.496	-1.483	-0.5347	0.08853	0.82	0.8407	0.6928	0.4361	0.2629	0.1536	0.07109	0.04555	0.02787	0.02445	0.02204	0.01981	0.004576	12.56
972.8	-0.03682	-0.04813	-0.08313	-0.1034	-0.1775	-0.2927	-0.5344	-0.7934	-1.105	-1.482	-1.938	-2.515	-2.978	-2.632	-1.607	-0.6057	0.0404	0.834	0.8674	0.7062	0.4634	0.2865	0.1646	0.08399	0.05567	0.03607	0.02881	0.02012	0.0121	-0.007985	12.61
948.9	-0.05741	-0.06596	-0.07775	-0.1004	-0.2158	-0.3256	-0.5681	-0.8408	-1.184	-1.561	-2.129	-2.664	-3.176	-2.831	-1.757	-0.7255	-0.02558	0.8246	0.8854	0.73	0.4726	0.3021	0.1646	0.07192	0.04663	0.02912	0.007995	-0.003513	-0.01414	-0.01872	12.62
920.6	-0.04651	-0.04906	-0.07072	-0.1193	-0.2316	-0.3556	-0.6274	-0.8795	-1.267	-1.663	-2.177	-2.853	-3.394	-3.068	-1.922	-0.8402	-0.08938	0.8269	0.8958	0.756	0.4949	0.2887	0.1637	0.07251	0.03734	0.01299	0.009885	0.001614	-0.00602	-0.02765	12.69
891.7	-0.05063	-0.05996	-0.08892	-0.142	-0.282	-0.4018	-0.6758	-0.99	-1.329	-1.759	-2.205	-3.024	-3.612	-3.275	-2.103	-0.9345	-0.1547	0.847	0.948	0.806	0.5289	0.3037	0.1813	0.07989	0.04901	0.02764	-0.009323	-0.02607	-0.04152	-0.0389	12.76
864.9	-0.07196	-0.05414	-0.08347	-0.173	-0.3049	-0.4528	-0.7241	-1.03	-1.402	-1.833	-2.368	-3.205	-3.861	-3.513	-2.301	-1.073	-0.2228	0.8516	0.968	0.8376	0.5545	0.3339	0.1869	0.09187	0.05289	0.0259	-0.01486	-0.0275	-0.03917	-0.05167	12.83
840.2	-0.0676	-0.0498	-0.08217	-0.19	-0.3603	-0.5298	-0.821	-1.073	-1.476	-1.934	-2.504	-3.404	-4.104	-3.771	-2.488	-1.187	-0.2899	0.8726	1.003	0.87	0.5841	0.3704	0.2195	0.1035	0.06491	0.03821	0.02975	0.00257	-0.02252	-0.0422	12.93
819.2	-0.0314	-0.05007	-0.08333	-0.1715	-0.378	-0.525	-0.816	-1.125	-1.545	-2.026	-2.642	-3.601	-4.329	-4.012	-2.686	-1.34	-0.3828	0.8753	1.018	0.8943	0.6226	0.3781	0.2299	0.1253	0.06903	0.03008	0.01573	0.004033	-0.006766	-0.02451	13.07
801.5	-0.05342	-0.0636	-0.09303	-0.2097	-0.393	-0.547	-0.8616	-1.198	-1.625	-2.159	-2.665	-3.79	-4.595	-4.259	-2.91	-1.481	-0.4864	0.8532	1.017	0.914	0.6343	0.3955	0.2418	0.1327	0.09392	0.06706	0.03969	0.001158	-0.03441	-0.03848	13.19
788.6	-0.04542	-0.05306	-0.1015	-0.251	-0.4295	-0.6068	-0.9206	-1.28	-1.722	-2.231	-2.837	-3.955	-4.787	-4.49	-3.096	-1.616	-0.5719	0.8466	1.041	0.9259	0.6396	0.4174	0.2607	0.1472	0.09378	0.0568	0.04034	0.01156	-0.01501	-0.04594	13.35
782	-0.04283	-0.05882	-0.1296	-0.2757	-0.4655	-0.5842	-0.9493	-1.315	-1.773	-2.313	-2.994	-4.119	-4.987	-4.716	-3.288	-1.75	-0.6682	0.8354	1.037	0.9587	0.6562	0.4284	0.28	0.1561	0.09545	0.05347	0.03681	0.004039	-0.02621	-0.03256	13.5
780.4	-0.05387	-0.06957	-0.1329	-0.2929	-0.4743	-0.6496	-1.012	-1.317	-1.79	-2.354	-3.073	-4.26	-5.171	-4.91	-3.467	-1.897	-0.7704	0.8109	1.042	0.9691	0.7006	0.4403	0.2826	0.1622	0.107	0.06888	0.03301	0.002709	-0.02526	-0.04938	13.71
784.9	-0.07237	-0.07446	-0.1382	-0.2678	-0.4647	-0.6331	-0.9862	-1.372	-1.851	-2.369	-3.159	-4.374	-5.33	-5.097	-3.655	-2.055	-0.8966	0.7294	1.008	0.9749	0.6885	0.4599	0.2929	0.1746	0.1136	0.07134	0.05597	0.01589	-0.0211	-0.04615	13.91
794.3	-0.05684	-0.0903	-0.1365	-0.2897	-0.464	-0.6613	-1.008	-1.357	-1.869	-2.445	-3.262	-4.479	-5.428	-5.253	-3.78	-2.189	-1.019	0.7143	1.006	0.9695	0.7205	0.4871	0.3053	0.1857	0.1276	0.0874	0.06102	0.02875	-0.001031	-0.03786	14.11
807.9	-0.04049	-0.05282	-0.1216	-0.2839	-0.4505	-0.6264	-0.9883	-1.324	-1.837	-2.445	-3.28	-4.568	-5.5	-5.347	-3.92	-2.295	-1.084	0.6739	0.9907	0.9754	0.743	0.4753	0.3157	0.2066	0.1495	0.1099	0.07405	0.03198	-0.00686	-0.0277	14.37
824.2	-0.04535	-0.04272	-0.1383	-0.3034	-0.4825	-0.6495	-0.9912	-1.38	-1.854	-2.418	-3.291	-4.584	-5.575	-5.479	-4.054	-2.423	-1.247	0.608	0.9533	0.9561	0.7371	0.5105	0.3484	0.2379	0.192	0.1603	0.1103	0.07078	0.03434	0.004572	14.6
841.7	-0.04994	-0.07239	-0.1092	-0.267	-0.4743	-0.631	-0.9354	-1.366	-1.825	-2.417	-3.311	-4.688	-5.65	-5.598	-4.207	-2.555	-1.311	0.5367	0.9308	0.9468	0.7369	0.5256	0.3598	0.2471	0.1839	0.1401	0.1134	0.05925	0.009313	-0.02568	14.85
