12081	23	2	88	22.8	767.5	1	10	4	1.224	128	4096	10	0	0	0	0	156.67	977.09	1.4865e+006	0.11681	0.052507	40.279	0	0	1	0	0	0	5	0	0
960	0.05232	0.02533	-0.1313	-0.3394	-0.4639	-0.6102	-0.8315	-1.068	-1.368	-1.642	-2.183	-2.551	-2.828	-2.289	-1.173	-0.2324	0.3508	0.8786	0.8393	0.5736	0.2986	0.09995	0.01808	-0.05814	-0.06405	-0.06814	-0.04043	-0.008354	0.02125	0.02397	8.419
960.8	0.07007	0.05986	-0.1443	-0.3	-0.4723	-0.5931	-0.8538	-1.073	-1.362	-1.645	-2.238	-2.611	-2.903	-2.388	-1.276	-0.2945	0.3224	0.9097	0.8393	0.6079	0.3299	0.1239	0.009896	-0.05419	-0.04909	-0.04555	-0.06167	-0.01771	0.02287	0.04076	8.569
960.4	0.08062	0.01495	-0.114	-0.3121	-0.4589	-0.6195	-0.8549	-1.108	-1.393	-1.715	-2.312	-2.671	-2.988	-2.509	-1.353	-0.361	0.2878	0.8826	0.8566	0.6251	0.3484	0.1239	0.03277	-0.03398	-0.04956	-0.06034	-0.0412	-0.009581	0.0196	0.01835	8.778
959.5	0.05073	0.02015	-0.1289	-0.3156	-0.4896	-0.6261	-0.8642	-1.105	-1.449	-1.756	-2.374	-2.742	-3.113	-2.619	-1.451	-0.4327	0.2201	0.8763	0.865	0.6265	0.352	0.1556	0.03771	-0.02466	-0.04118	-0.05261	-0.04045	-0.006225	0.02536	0.0352	9.028
961.5	0.05628	0.04169	-0.122	-0.3221	-0.4711	-0.6223	-0.8763	-1.129	-1.445	-1.788	-2.403	-2.797	-3.195	-2.713	-1.547	-0.5129	0.1717	0.8693	0.8702	0.6447	0.3705	0.1695	0.05069	-0.02461	-0.03192	-0.03698	-0.04509	-0.01061	0.02122	0.03113	9.244
961.2	0.05225	0.01235	-0.1467	-0.3198	-0.4832	-0.6398	-0.8872	-1.121	-1.468	-1.814	-2.451	-2.89	-3.322	-2.857	-1.677	-0.5917	0.1222	0.8704	0.8619	0.6729	0.3996	0.1726	0.05886	-0.009845	-0.0291	-0.04243	-0.04274	0.004149	0.04743	0.03434	9.413
958.6	0.04105	0.001126	-0.1479	-0.3159	-0.5109	-0.6259	-0.8858	-1.15	-1.494	-1.861	-2.562	-2.955	-3.429	-2.969	-1.761	-0.65	0.06198	0.8613	0.8728	0.6926	0.3958	0.1873	0.06966	0.006504	-0.02294	-0.04332	-0.03733	-0.009412	0.01636	0.01518	9.628
957.2	0.0338	0.01673	-0.1473	-0.3428	-0.4956	-0.6381	-0.8941	-1.186	-1.537	-1.893	-2.493	-3.056	-3.555	-3.109	-1.892	-0.7735	-0.007673	0.8563	0.8894	0.6825	0.4155	0.2095	0.08943	0.00417	-0.0161	-0.03013	-0.03264	-0.00843	0.01391	0.01199	9.884
956.8	0.04681	0.03929	-0.163	-0.3357	-0.4758	-0.6253	-0.9199	-1.179	-1.529	-1.888	-2.536	-3.132	-3.659	-3.22	-2.015	-0.8347	-0.05668	0.8753	0.9067	0.7101	0.4433	0.2397	0.09029	0.008078	-0.0006782	-0.00674	-0.02553	-0.007154	0.009807	0.02727	10.05
957.3	0.0549	-0.006675	-0.1366	-0.3395	-0.514	-0.666	-0.931	-1.163	-1.538	-1.988	-2.545	-3.201	-3.757	-3.37	-2.116	-0.9165	-0.1148	0.826	0.8978	0.731	0.4522	0.2253	0.1058	0.02916	-0.002188	-0.02389	-0.02393	0.003015	0.02789	0.002346	10.27
956.2	0.0249	0.009808	-0.1071	-0.3078	-0.4833	-0.6597	-0.932	-1.196	-1.553	-2.001	-2.448	-3.287	-3.901	-3.506	-2.211	-1.024	-0.193	0.8234	0.925	0.7522	0.4561	0.2519	0.133	0.05577	0.01422	-0.01455	0.004544	0.007712	0.01064	0.01843	10.5
956.4	0.0314	0.02716	-0.126	-0.327	-0.5233	-0.6448	-0.9366	-1.233	-1.602	-2.02	-2.638	-3.378	-4.013	-3.644	-2.386	-1.127	-0.2586	0.801	0.9118	0.7453	0.4844	0.2564	0.1231	0.04404	0.01311	-0.008304	-0.01921	-0.002405	0.0131	-0.01776	10.67
955.8	0.04036	0.001997	-0.1467	-0.3433	-0.5011	-0.66	-0.9549	-1.241	-1.632	-2.069	-2.627	-3.467	-4.121	-3.769	-2.498	-1.208	-0.3095	0.7775	0.903	0.7679	0.5073	0.2686	0.1421	0.04954	0.0172	-0.005185	-0.01684	-0.0004097	0.01476	-0.008916	10.87
955.4	0.01272	0.0002611	-0.1319	-0.3145	-0.5158	-0.6568	-0.9607	-1.249	-1.666	-2.094	-2.648	-3.556	-4.284	-3.936	-2.648	-1.32	-0.4128	0.7796	0.9181	0.8041	0.505	0.2936	0.1578	0.08007	0.02969	-0.005188	-0.01051	-0.002079	0.005701	0.0007402	11.08
954.2	0.0005215	0.002871	-0.1321	-0.3374	-0.4972	-0.6751	-0.9526	-1.263	-1.648	-2.136	-2.632	-3.662	-4.406	-4.074	-2.767	-1.419	-0.4757	0.7627	0.9277	0.8025	0.5249	0.3106	0.1662	0.08174	0.04562	0.02062	-0.001794	0.004681	0.01066	0.0007411	11.29
954.5	0.0005213	-0.002347	-0.1337	-0.3164	-0.5122	-0.6705	-0.9732	-1.278	-1.669	-2.157	-2.794	-3.73	-4.519	-4.224	-2.913	-1.53	-0.5422	0.734	0.9042	0.8005	0.5523	0.3294	0.1653	0.08171	0.04329	0.0167	-0.008138	0.0003473	0.00818	0.008798	11.47
954.2	0.01274	-0.01539	-0.137	-0.3342	-0.5052	-0.6637	-0.9874	-1.278	-1.684	-2.188	-2.826	-3.845	-4.622	-4.367	-3.047	-1.635	-0.6023	0.7218	0.9223	0.8255	0.5768	0.3325	0.1793	0.09035	0.04406	0.01201	0.006934	0.01316	0.01891	0.002353	11.67
952.6	-0.006819	-0.01978	-0.1008	-0.2985	-0.5326	-0.6789	-0.979	-1.263	-1.748	-2.235	-2.847	-3.936	-4.769	-4.485	-3.159	-1.714	-0.6851	0.7149	0.9223	0.8278	0.5576	0.352	0.201	0.09757	0.05675	0.02849	0.01569	0.01437	0.01315	0.003164	11.85
951.8	-0.007641	-0.02415	-0.139	-0.3399	-0.5218	-0.633	-0.9861	-1.326	-1.743	-2.24	-2.915	-4.037	-4.893	-4.636	-3.297	-1.837	-0.7709	0.6861	0.9231	0.8302	0.5842	0.3584	0.202	0.09451	0.05829	0.03322	0.006952	0.005453	0.004069	-0.008954	12.02
951.9	0.006237	-0.02153	-0.1357	-0.3229	-0.5032	-0.6715	-0.9976	-1.338	-1.753	-2.297	-2.991	-4.125	-4.982	-4.773	-3.438	-1.908	-0.8334	0.6664	0.9068	0.8456	0.5992	0.3629	0.1979	0.1165	0.06543	0.03008	0.007747	0.003254	-0.0008929	-0.02269	12.18
950.3	-0.01992	-0.03292	-0.1326	-0.3081	-0.5153	-0.7017	-0.9775	-1.341	-1.776	-2.303	-3.021	-4.206	-5.085	-4.879	-3.535	-1.981	-0.905	0.6424	0.9005	0.8573	0.6011	0.3726	0.2073	0.1206	0.06204	0.02149	0.006963	-0.008322	-0.02243	-0.02677	12.35
951.6	-0.02398	-0.02329	-0.1183	-0.3295	-0.5018	-0.6814	-0.984	-1.355	-1.79	-2.323	-3.091	-4.299	-5.171	-4.99	-3.631	-2.089	-0.9631	0.6184	0.9009	0.8373	0.6028	0.3872	0.2128	0.1024	0.06801	0.0442	0.009341	-0.0002824	-0.009165	-0.01542	12.52
951.8	-0.01907	-0.03985	-0.1399	-0.3214	-0.484	-0.6909	-0.9946	-1.344	-1.785	-2.365	-3.1	-4.35	-5.235	-5.054	-3.721	-2.138	-1.004	0.6004	0.8898	0.8499	0.6035	0.3849	0.2193	0.1165	0.06821	0.03478	0.006952	0.0007224	-0.005028	-0.03158	12.69
950.5	-0.04689	-0.06872	-0.1326	-0.3403	-0.5225	-0.6857	-1.001	-1.392	-1.817	-2.391	-3.166	-4.407	-5.324	-5.177	-3.805	-2.214	-1.073	0.5797	0.8903	0.8674	0.6194	0.3899	0.2279	0.1308	0.07317	0.03326	0.007758	0.00412	0.000762	-0.03162	12.81
949	-0.04779	-0.06533	-0.132	-0.3086	-0.5217	-0.6885	-1.012	-1.405	-1.851	-2.417	-3.217	-4.47	-5.407	-5.273	-3.911	-2.297	-1.132	0.5618	0.8885	0.8627	0.6272	0.3997	0.2448	0.1287	0.06999	0.02938	0.01256	-0.00824	-0.02744	-0.03491	12.98
949.4	-0.04613	-0.04519	-0.1385	-0.3108	-0.4948	-0.69	-1.003	-1.369	-1.861	-2.42	-3.232	-4.569	-5.515	-5.396	-4.039	-2.389	-1.185	0.5463	0.8804	0.8658	0.6446	0.4314	0.2348	0.1325	0.08504	0.05216	0.01813	0.00479	-0.007528	-0.03085	13.11
948.9	-0.06417	-0.05921	-0.1403	-0.3046	-0.5096	-0.7018	-1.023	-1.37	-1.835	-2.443	-3.278	-4.616	-5.588	-5.499	-4.14	-2.468	-1.246	0.5126	0.884	0.8851	0.6542	0.4195	0.2407	0.1452	0.08467	0.04275	0.01176	0.0004343	-0.01002	-0.05599	13.26
948.9	-0.06744	-0.0802	-0.1436	-0.3126	-0.5298	-0.7124	-1.028	-1.363	-1.875	-2.492	-3.322	-4.695	-5.674	-5.594	-4.211	-2.509	-1.315	0.5045	0.8801	0.9006	0.6643	0.4286	0.2663	0.1547	0.09411	0.05219	0.02612	0.003015	-0.01832	-0.05032	13.39
947.2	-0.06346	-0.07421	-0.1339	-0.2938	-0.4855	-0.6907	-1.01	-1.389	-1.917	-2.479	-3.329	-4.816	-5.782	-5.72	-4.337	-2.64	-1.372	0.4803	0.8731	0.8704	0.6604	0.4339	0.2858	0.1463	0.08934	0.04992	0.01578	-0.00845	-0.03081	-0.04148	13.52
946.1	-0.07996	-0.0857	-0.149	-0.3054	-0.4901	-0.673	-1.046	-1.361	-1.856	-2.51	-3.451	-4.801	-5.826	-5.775	-4.407	-2.681	-1.398	0.4835	0.8625	0.8843	0.6789	0.4535	0.2546	0.1591	0.1067	0.07049	0.0134	-0.007881	-0.02752	-0.05616	13.58
945.4	-0.07098	-0.09893	-0.1558	-0.2903	-0.4921	-0.6867	-1.022	-1.376	-1.924	-2.528	-3.409	-4.829	-5.905	-5.868	-4.484	-2.728	-1.447	0.4497	0.8717	0.9091	0.671	0.4493	0.2681	0.1734	0.1042	0.05633	0.01261	-0.01606	-0.04253	-0.04806	13.69
946.8	-0.07991	-0.07688	-0.1389	-0.285	-0.5051	-0.6831	-1.008	-1.415	-1.898	-2.514	-3.453	-4.884	-5.918	-5.877	-4.518	-2.755	-1.477	0.4608	0.8673	0.8863	0.6658	0.4554	0.2785	0.1582	0.09981	0.05941	0.02938	-0.008413	-0.0433	-0.0618	13.81
947.1	-0.08644	-0.07597	-0.1597	-0.2995	-0.467	-0.6511	-1.033	-1.405	-1.939	-2.521	-3.463	-4.922	-5.965	-5.924	-4.541	-2.782	-1.489	0.4543	0.8709	0.8877	0.6748	0.469	0.2768	0.1502	0.1021	0.06884	0.02617	-0.003462	-0.03082	-0.04798	13.88
947.4	-0.07575	-0.1233	-0.1472	-0.2719	-0.4426	-0.6694	-1.038	-1.423	-1.892	-2.565	-3.504	-4.903	-5.991	-5.967	-4.579	-2.819	-1.505	0.4281	0.859	0.9037	0.6805	0.4399	0.2725	0.1612	0.09778	0.05385	0.02856	-0.004038	-0.03413	-0.08612	13.93
948	-0.1142	-0.11	-0.1579	-0.2499	-0.4859	-0.6822	-1.026	-1.414	-1.941	-2.566	-3.498	-4.931	-6.055	-6.036	-4.65	-2.872	-1.568	0.4234	0.8709	0.8989	0.6827	0.4617	0.3005	0.1745	0.1055	0.05776	0.02934	-0.01013	-0.04657	-0.07552	14.03
946.4	-0.09636	-0.1208	-0.1665	-0.2835	-0.4738	-0.6684	-1.032	-1.404	-1.923	-2.552	-3.498	-4.952	-6.074	-6.075	-4.685	-2.905	-1.571	0.4313	0.863	0.8927	0.6906	0.461	0.2844	0.1496	0.101	0.06732	0.02139	-0.01485	-0.04831	-0.07484	14.06
944.5	-0.07763	-0.1131	-0.1776	-0.2938	-0.4374	-0.6661	-1.019	-1.393	-1.932	-2.57	-3.56	-5.018	-6.072	-6.097	-4.689	-2.889	-1.554	0.4177	0.8608	0.9004	0.6961	0.4581	0.2858	0.168	0.09693	0.04769	0.02544	-0.01902	-0.06007	-0.07905	14.1
944	-0.1147	-0.1298	-0.1769	-0.2972	-0.4612	-0.647	-1.026	-1.423	-1.906	-2.579	-3.586	-4.934	-6.104	-6.098	-4.696	-2.909	-1.574	0.4126	0.8644	0.8966	0.683	0.4575	0.2777	0.1602	0.09187	0.04456	0.02225	-0.02014	-0.05927	-0.09457	14.13
944.8	-0.1352	-0.1236	-0.1634	-0.288	-0.4746	-0.658	-1.011	-1.408	-1.949	-2.592	-3.518	-4.965	-6.142	-6.126	-4.737	-2.932	-1.622	0.4024	0.8668	0.8968	0.6892	0.4587	0.2924	0.1735	0.1034	0.05479	0.02383	-0.01372	-0.04839	-0.09043	14.18
945.5	-0.1129	-0.1314	-0.2025	-0.2773	-0.458	-0.6513	-1.017	-1.406	-1.916	-2.593	-3.553	-5.059	-6.149	-6.165	-4.774	-2.964	-1.613	0.3939	0.8568	0.903	0.6963	0.4706	0.2905	0.1631	0.1005	0.05712	0.01581	-0.02318	-0.05917	-0.08222	14.18
945.3	-0.1096	-0.1464	-0.1742	-0.2725	-0.4436	-0.6815	-1.001	-1.414	-1.922	-2.578	-3.534	-4.988	-6.132	-6.149	-4.756	-2.94	-1.61	0.4048	0.8554	0.8971	0.6846	0.4638	0.2848	0.1608	0.09441	0.04845	0.02062	-0.01915	-0.05586	-0.09933	14.2
945.9	-0.1243	-0.1252	-0.1857	-0.2788	-0.4538	-0.6775	-1.004	-1.375	-1.912	-2.571	-3.521	-4.981	-6.146	-6.138	-4.747	-2.951	-1.621	0.401	0.8525	0.8983	0.6884	0.4658	0.2862	0.1575	0.09538	0.05236	0.0198	-0.0139	-0.045	-0.08463	14.22
946.6	-0.1243	-0.1418	-0.1906	-0.2802	-0.4535	-0.6303	-0.9751	-1.394	-1.909	-2.558	-3.507	-5.039	-6.118	-6.104	-4.718	-2.927	-1.589	0.4115	0.873	0.8882	0.6896	0.4624	0.3018	0.1677	0.09765	0.04917	0.02619	-0.009085	-0.04164	-0.09026	14.23
946.2	-0.1202	-0.1462	-0.194	-0.2835	-0.4609	-0.6437	-1.022	-1.383	-1.901	-2.539	-3.549	-5.043	-6.131	-6.136	-4.745	-2.937	-1.61	0.4017	0.8569	0.9023	0.6999	0.4641	0.2853	0.1646	0.09406	0.04524	0.01579	-0.02663	-0.06578	-0.1	14.19
945.1	-0.1228	-0.1464	-0.1759	-0.2709	-0.4388	-0.649	-1.002	-1.399	-1.904	-2.565	-3.514	-4.968	-6.131	-6.166	-4.761	-2.974	-1.637	0.3833	0.8572	0.8973	0.6881	0.4631	0.2715	0.1553	0.08423	0.03503	0.01902	-0.02469	-0.06503	-0.105	14.2
945.1	-0.1302	-0.135	-0.1559	-0.2588	-0.4453	-0.6295	-1.014	-1.402	-1.928	-2.556	-3.459	-4.89	-6.129	-6.128	-4.746	-2.941	-1.624	0.4004	0.8673	0.9042	0.6831	0.4624	0.2915	0.1513	0.09848	0.06188	0.007001	-0.02656	-0.05754	-0.09772	14.21
944.9	-0.1541	-0.1578	-0.1734	-0.2823	-0.4559	-0.6553	-0.9839	-1.397	-1.906	-2.534	-3.491	-4.886	-6.108	-6.127	-4.733	-2.949	-1.591	0.4077	0.8496	0.8889	0.6891	0.4587	0.2724	0.1537	0.0976	0.05874	0.007804	-0.02878	-0.06255	-0.09937	14.15
944.4	-0.1328	-0.1456	-0.1952	-0.2841	-0.4731	-0.6414	-1.002	-1.371	-1.922	-2.557	-3.545	-4.917	-6.073	-6.079	-4.689	-2.896	-1.575	0.4133	0.8539	0.9005	0.6818	0.4474	0.2667	0.1538	0.08644	0.0398	0.003799	-0.04155	-0.08341	-0.1076	14.11
943.3	-0.1436	-0.1423	-0.1712	-0.2909	-0.4664	-0.6183	-0.9739	-1.385	-1.941	-2.521	-3.479	-4.933	-6.057	-6.065	-4.674	-2.889	-1.569	0.4192	0.8612	0.8947	0.6869	0.4656	0.2671	0.1524	0.09011	0.04697	-0.005828	-0.04058	-0.07267	-0.1052	14.08
942.1	-0.1232	-0.1424	-0.2024	-0.2897	-0.4426	-0.6164	-0.9664	-1.348	-1.887	-2.533	-3.462	-4.981	-5.989	-5.974	-4.603	-2.838	-1.512	0.4351	0.8662	0.8898	0.6827	0.4531	0.2607	0.1447	0.08416	0.04227	0.001398	-0.02847	-0.05605	-0.1037	14.02
942.4	-0.1388	-0.1477	-0.1981	-0.2798	-0.4514	-0.6375	-0.9928	-1.369	-1.888	-2.527	-3.409	-4.889	-5.914	-5.897	-4.53	-2.751	-1.471	0.4449	0.8596	0.9007	0.6714	0.4446	0.2623	0.1375	0.07888	0.0383	-0.008243	-0.03396	-0.0577	-0.09963	13.95
944.9	-0.1483	-0.157	-0.1851	-0.2775	-0.4478	-0.6412	-0.9855	-1.324	-1.849	-2.468	-3.382	-4.812	-5.855	-5.808	-4.44	-2.696	-1.412	0.4779	0.8683	0.901	0.6731	0.4449	0.2558	0.153	0.08188	0.03267	0.009407	-0.03061	-0.06754	-0.08961	13.85
948	-0.1306	-0.1354	-0.1737	-0.2475	-0.4399	-0.6153	-0.9566	-1.331	-1.884	-2.453	-3.397	-4.779	-5.787	-5.709	-4.356	-2.631	-1.379	0.4835	0.8647	0.8826	0.6599	0.4503	0.2657	0.1446	0.08211	0.03886	-0.001806	-0.04408	-0.0831	-0.09337	13.75
948.9	-0.11	-0.1266	-0.181	-0.2658	-0.4185	-0.6428	-0.9844	-1.347	-1.853	-2.431	-3.321	-4.729	-5.729	-5.666	-4.326	-2.594	-1.353	0.4839	0.8724	0.8705	0.6584	0.4324	0.2481	0.1263	0.06811	0.02781	-0.008187	-0.02985	-0.04984	-0.08112	13.62
947.2	-0.093	-0.1189	-0.1738	-0.2412	-0.4354	-0.6158	-0.9792	-1.335	-1.844	-2.423	-3.335	-4.702	-5.696	-5.631	-4.281	-2.543	-1.32	0.5009	0.8646	0.8919	0.6444	0.4058	0.2452	0.1218	0.05465	0.008162	-0.02099	-0.04122	-0.0599	-0.09426	13.5
947.7	-0.12	-0.1206	-0.1471	-0.2637	-0.4343	-0.5899	-0.956	-1.325	-1.833	-2.433	-3.233	-4.646	-5.63	-5.558	-4.193	-2.49	-1.278	0.5042	0.8812	0.8811	0.6474	0.4147	0.2476	0.1241	0.06489	0.02391	-0.006599	-0.03473	-0.0607	-0.08771	13.4
947.8	-0.1044	-0.1171	-0.1679	-0.2677	-0.423	-0.6145	-0.9489	-1.333	-1.811	-2.381	-3.227	-4.561	-5.545	-5.419	-4.101	-2.422	-1.213	0.5437	0.8896	0.8629	0.6397	0.4222	0.2343	0.1178	0.05765	0.01603	-0.02018	-0.04383	-0.06567	-0.08283	13.26
947.2	-0.09054	-0.1084	-0.1697	-0.2614	-0.4297	-0.6325	-0.9425	-1.338	-1.785	-2.385	-3.209	-4.515	-5.473	-5.357	-4.019	-2.34	-1.177	0.5467	0.8957	0.8601	0.6326	0.3951	0.2237	0.1123	0.04798	0.003435	-0.01859	-0.0405	-0.06073	-0.1024	13.1
946.6	-0.08157	-0.1199	-0.1556	-0.2713	-0.4276	-0.6188	-0.9431	-1.294	-1.806	-2.361	-3.169	-4.419	-5.381	-5.252	-3.923	-2.263	-1.135	0.5767	0.8924	0.8744	0.6186	0.3893	0.2305	0.1108	0.04923	0.006591	-0.0218	-0.04682	-0.06992	-0.07807	12.94
947.2	-0.09218	-0.08998	-0.143	-0.2557	-0.4516	-0.6404	-0.9628	-1.297	-1.78	-2.345	-3.129	-4.361	-5.298	-5.14	-3.769	-2.191	-1.046	0.605	0.9128	0.8652	0.6098	0.3951	0.2337	0.1139	0.05934	0.02156	-0.004205	-0.02798	-0.04993	-0.07152	12.81
947.3	-0.07412	-0.07683	-0.1197	-0.2541	-0.4176	-0.6201	-0.933	-1.288	-1.757	-2.295	-3.115	-4.294	-5.204	-5.045	-3.717	-2.122	-0.9876	0.6077	0.8878	0.8462	0.6131	0.37	0.1997	0.1028	0.04922	0.0121	-0.01459	-0.03253	-0.04909	-0.06826	12.63
946.2	-0.05121	-0.06289	-0.1615	-0.2584	-0.431	-0.6376	-0.9536	-1.289	-1.727	-2.3	-3.047	-4.268	-5.148	-4.996	-3.664	-2.049	-0.9341	0.6344	0.9083	0.8601	0.6062	0.365	0.1999	0.0998	0.04006	-0.001294	-0.02101	-0.04516	-0.06745	-0.06997	12.45
946.7	-0.07581	-0.07162	-0.1115	-0.2583	-0.4704	-0.6302	-0.9571	-1.303	-1.775	-2.278	-2.988	-4.204	-5.091	-4.891	-3.57	-2.003	-0.9102	0.6359	0.8954	0.8425	0.5806	0.3588	0.1849	0.08476	0.03298	-0.00287	-0.0354	-0.04297	-0.04995	-0.07562	12.24
948.8	-0.0478	-0.04085	-0.1096	-0.2796	-0.4629	-0.6112	-0.9261	-1.271	-1.742	-2.23	-2.924	-4.107	-5.003	-4.766	-3.457	-1.925	-0.8487	0.6748	0.9082	0.8286	0.565	0.3641	0.177	0.07748	0.03976	0.01365	-0.01936	-0.03349	-0.04652	-0.03654	12.08
950	-0.0232	-0.04866	-0.1302	-0.2598	-0.4438	-0.6148	-0.9398	-1.28	-1.71	-2.23	-2.912	-4.017	-4.869	-4.637	-3.318	-1.806	-0.7623	0.682	0.9047	0.8318	0.5592	0.3302	0.1719	0.08289	0.0285	-0.009146	-0.03288	-0.03305	-0.03321	-0.04702	11.91
950.9	-0.03216	-0.06956	-0.1151	-0.2684	-0.445	-0.6379	-0.9303	-1.269	-1.7	-2.188	-2.855	-3.923	-4.748	-4.507	-3.174	-1.713	-0.6821	0.7091	0.9293	0.8241	0.5502	0.3238	0.1758	0.06866	0.01156	-0.02797	-0.0233	-0.0392	-0.05387	-0.05426	11.74
951.4	-0.03378	-0.03725	-0.1167	-0.2901	-0.4496	-0.6333	-0.9555	-1.241	-1.67	-2.206	-2.836	-3.868	-4.665	-4.401	-3.11	-1.649	-0.6334	0.7186	0.8918	0.8083	0.5324	0.3328	0.1353	0.05527	0.02046	-0.003641	-0.03363	-0.02995	-0.02654	-0.02189	11.54
951.2	-0.02153	-0.02504	-0.1051	-0.2925	-0.4585	-0.6553	-0.9105	-1.284	-1.665	-2.157	-2.764	-3.802	-4.574	-4.295	-3.016	-1.584	-0.5725	0.7213	0.912	0.799	0.5333	0.3123	0.1527	0.04742	0.009828	-0.01619	-0.03602	-0.02163	-0.008341	-0.03645	11.34
952.5	-0.01416	-0.02762	-0.1257	-0.3042	-0.4812	-0.6334	-0.9202	-1.228	-1.644	-2.139	-2.711	-3.728	-4.479	-4.189	-2.9	-1.493	-0.5225	0.7364	0.9061	0.7996	0.5342	0.29	0.1376	0.05442	0.006685	-0.02636	-0.03995	-0.02265	-0.006677	-0.0259	11.13
952.1	-0.01009	-0.03286	-0.1017	-0.2746	-0.4589	-0.6047	-0.9206	-1.228	-1.638	-2.114	-2.601	-3.655	-4.404	-4.085	-2.775	-1.413	-0.4668	0.7689	0.9228	0.7846	0.5151	0.284	0.1616	0.03952	0.00846	-0.01304	-0.01293	-0.01312	-0.01329	-0.006528	10.93
951.4	0.01849	-0.008461	-0.1117	-0.2877	-0.4673	-0.6192	-0.905	-1.218	-1.63	-2.076	-2.596	-3.574	-4.272	-3.949	-2.668	-1.307	-0.3836	0.7927	0.922	0.7792	0.5063	0.2896	0.1386	0.03012	-0.003271	-0.02639	-0.0217	-0.01776	-0.01413	0.004786	10.75
950.9	0.01687	-0.0233	-0.1209	-0.3071	-0.4586	-0.6107	-0.9124	-1.222	-1.584	-2.055	-2.549	-3.502	-4.181	-3.847	-2.57	-1.226	-0.3286	0.7815	0.9162	0.7787	0.4914	0.2472	0.1115	0.04114	-0.009437	-0.04445	-0.04639	-0.02402	-0.003377	-0.01301	10.54
951.7	0.01849	-0.006714	-0.08935	-0.2811	-0.472	-0.6208	-0.8985	-1.206	-1.582	-2.071	-2.581	-3.406	-4.079	-3.716	-2.451	-1.144	-0.2749	0.8086	0.9131	0.7653	0.4683	0.2455	0.118	0.02854	-0.01225	-0.0405	-0.04396	-0.02372	-0.005029	-0.02269	10.31
952.1	0.01848	0.001134	-0.1034	-0.2931	-0.4838	-0.6012	-0.8764	-1.198	-1.588	-1.993	-2.509	-3.368	-3.996	-3.607	-2.343	-1.079	-0.2172	0.8287	0.9189	0.7461	0.4681	0.25	0.1047	0.01047	-0.01778	-0.03735	-0.04076	-0.02132	-0.003373	-0.007335	10.11
950.1	0.03324	0.01773	-0.1069	-0.2913	-0.4534	-0.6192	-0.9257	-1.188	-1.59	-1.999	-2.483	-3.303	-3.924	-3.53	-2.279	-1.006	-0.1733	0.818	0.9093	0.7339	0.4489	0.2292	0.09175	0.01286	-0.02707	-0.05471	-0.05201	-0.02414	0.001591	-0.004922	9.892
951.7	0.02339	0.005495	-0.1084	-0.3174	-0.4647	-0.6252	-0.8876	-1.168	-1.541	-1.969	-2.623	-3.247	-3.84	-3.444	-2.206	-0.9633	-0.1255	0.8425	0.9124	0.7344	0.4473	0.2213	0.08088	-0.01309	-0.03994	-0.05854	-0.05112	-0.02801	-0.006683	-0.00653	9.704
953.3	0.04046	0.01506	-0.1074	-0.3144	-0.4639	-0.6101	-0.883	-1.197	-1.507	-1.949	-2.491	-3.163	-3.724	-3.303	-2.091	-0.8551	-0.07023	0.8518	0.8939	0.7084	0.4189	0.1937	0.07663	-0.01306	-0.04126	-0.06079	-0.05104	-0.02324	0.002411	0.01204	9.503
953.7	0.02904	0.008094	-0.1272	-0.3199	-0.4485	-0.6063	-0.8896	-1.163	-1.491	-1.901	-2.43	-3.09	-3.605	-3.162	-1.941	-0.7673	0.01146	0.8585	0.8996	0.7175	0.4162	0.1845	0.07495	-0.008355	-0.0384	-0.05919	-0.05022	-0.01813	0.01149	0.01606	9.292
952.3	0.04458	0.01595	-0.1133	-0.2986	-0.4532	-0.5958	-0.88	-1.133	-1.473	-1.862	-2.526	-2.993	-3.469	-3.026	-1.822	-0.6692	0.07907	0.8589	0.8785	0.6903	0.4059	0.1772	0.04293	-0.02014	-0.04373	-0.06006	-0.05745	-0.02632	0.002414	0.02013	9.067
952.8	0.04782	0.01594	-0.1248	-0.3017	-0.428	-0.5946	-0.8671	-1.136	-1.459	-1.838	-2.528	-2.956	-3.372	-2.9	-1.712	-0.5936	0.1274	0.8807	0.8896	0.6625	0.3923	0.1627	0.04867	-0.02798	-0.05386	-0.07178	-0.0598	-0.02315	0.01067	0.01608	8.88
954.5	0.04041	0.03591	-0.1238	-0.2779	-0.4545	-0.5839	-0.8315	-1.129	-1.454	-1.796	-2.448	-2.871	-3.286	-2.796	-1.633	-0.5373	0.1472	0.8934	0.8757	0.6562	0.3572	0.1541	0.02886	-0.04124	-0.05367	-0.06227	-0.06445	-0.03097	-6.586e-005	0.02008	8.664
956	0.05823	0.02891	-0.1417	-0.3295	-0.457	-0.6118	-0.8743	-1.079	-1.418	-1.778	-2.386	-2.791	-3.179	-2.698	-1.534	-0.4623	0.2234	0.8929	0.862	0.6484	0.3567	0.1403	0.02472	-0.05056	-0.06803	-0.08013	-0.07069	-0.02712	0.01311	0.04177	8.479
956.9	0.05168	0.03062	-0.1218	-0.2964	-0.463	-0.5825	-0.8272	-1.089	-1.413	-1.718	-2.348	-2.702	-3.091	-2.577	-1.421	-0.3846	0.2556	0.8983	0.872	0.6393	0.3305	0.1282	0.01486	-0.05207	-0.06907	-0.08084	-0.06034	-0.01959	0.01803	0.04334	8.306
957.8	0.06055	0.03578	-0.1077	-0.2985	-0.4378	-0.5967	-0.8186	-1.078	-1.376	-1.712	-2.262	-2.661	-2.975	-2.469	-1.333	-0.3234	0.2927	0.885	0.8611	0.6021	0.321	0.1077	0.02057	-0.07153	-0.07975	-0.08543	-0.06028	-0.02769	0.0024	0.03687	8.119
959.3	0.06937	0.03054	-0.1568	-0.318	-0.4379	-0.5758	-0.8374	-1.067	-1.366	-1.668	-2.235	-2.617	-2.901	-2.371	-1.278	-0.272	0.3361	0.9155	0.8322	0.6037	0.3038	0.1053	-0.0138	-0.07532	-0.0734	-0.07207	-0.07992	-0.02986	0.01634	0.04483	7.954
960.3	0.07577	0.04779	-0.1222	-0.2834	-0.4151	-0.5595	-0.8127	-1.02	-1.327	-1.623	-2.186	-2.55	-2.82	-2.301	-1.192	-0.2242	0.3722	0.9022	0.8298	0.5878	0.2877	0.08565	-0.01869	-0.07524	-0.0871	-0.09532	-0.08772	-0.03404	0.01551	0.03918	7.762
960.6	0.07413	0.03482	-0.1181	-0.2961	-0.4532	-0.5619	-0.8132	-1.022	-1.335	-1.58	-2.133	-2.479	-2.742	-2.196	-1.093	-0.1659	0.4019	0.9161	0.8272	0.5927	0.2801	0.09463	-0.008069	-0.07366	-0.0768	-0.07897	-0.07745	-0.02613	0.02124	0.06719	7.626
960.1	0.08388	0.03052	-0.1337	-0.2779	-0.4543	-0.5684	-0.8014	-1.022	-1.299	-1.599	-2.094	-2.437	-2.663	-2.12	-1.046	-0.1176	0.4236	0.8998	0.8085	0.5506	0.2594	0.06915	-0.0285	-0.09005	-0.08996	-0.0899	-0.06566	-0.01791	0.02617	0.048	7.46
959.2	0.07991	0.05477	-0.1289	-0.3045	-0.4603	-0.5697	-0.7828	-1.003	-1.3	-1.574	-2.049	-2.386	-2.579	-2.028	-0.9709	-0.05614	0.4695	0.897	0.8138	0.5409	0.258	0.06094	-0.04406	-0.1026	-0.1002	-0.09854	-0.09098	-0.02919	0.02783	0.04644	7.324
958.5	0.08889	0.04182	-0.1109	-0.2799	-0.4287	-0.5859	-0.7996	-1.012	-1.272	-1.601	-2.011	-2.335	-2.509	-1.964	-0.8932	-0.01183	0.5014	0.8835	0.7922	0.5396	0.2365	0.04595	-0.04574	-0.09722	-0.1026	-0.1064	-0.08157	-0.03748	0.003219	0.03043	7.171
958.8	0.07994	0.04614	-0.1281	-0.2814	-0.4381	-0.5857	-0.7855	-1.009	-1.246	-1.528	-1.968	-2.272	-2.427	-1.863	-0.811	0.02924	0.5311	0.8877	0.7881	0.525	0.2323	0.03465	-0.05145	-0.1003	-0.1057	-0.1095	-0.08707	-0.02902	0.02456	0.04646	7.048
959.3	0.08233	0.04265	-0.133	-0.2941	-0.4363	-0.5488	-0.7812	-0.9925	-1.255	-1.563	-1.947	-2.259	-2.394	-1.818	-0.7806	0.04727	0.5341	0.9102	0.7861	0.5018	0.2146	0.03313	-0.05633	-0.1283	-0.113	-0.1024	-0.09097	-0.03303	0.02045	0.05285	6.923
960.4	0.08547	0.03483	-0.123	-0.3113	-0.4581	-0.5516	-0.7749	-0.9857	-1.244	-1.542	-1.933	-2.239	-2.362	-1.784	-0.7401	0.09723	0.5658	0.895	0.7761	0.4919	0.2036	0.01507	-0.06933	-0.1196	-0.1158	-0.1132	-0.08456	-0.02954	0.02124	0.04398	6.826
961.6	0.07325	0.03824	-0.1155	-0.2966	-0.4289	-0.5666	-0.754	-0.964	-1.226	-1.516	-1.881	-2.164	-2.3	-1.732	-0.6988	0.1184	0.5734	0.8878	0.772	0.5006	0.19	0.009057	-0.07578	-0.1257	-0.121	-0.1177	-0.101	-0.0285	0.03841	0.05753	6.714
961.8	0.06758	0.04513	-0.1384	-0.2885	-0.4407	-0.5639	-0.7769	-0.9597	-1.229	-1.549	-1.871	-2.148	-2.24	-1.657	-0.6547	0.138	0.6013	0.8938	0.7566	0.4666	0.185	0.002308	-0.08065	-0.1288	-0.1162	-0.1076	-0.09782	-0.02741	0.03758	0.02713	6.638
962.5	0.08367	0.03561	-0.135	-0.2987	-0.4285	-0.5357	-0.7617	-0.9622	-1.194	-1.547	-1.846	-2.12	-2.212	-1.626	-0.6147	0.1682	0.591	0.8763	0.7361	0.462	0.1749	-0.006682	-0.07489	-0.1302	-0.1223	-0.1168	-0.09302	-0.02385	0.04001	0.04468	6.538
963.4	0.08924	0.0373	-0.1136	-0.2721	-0.444	-0.5603	-0.7917	-0.9418	-1.218	-1.524	-1.835	-2.091	-2.182	-1.593	-0.5966	0.1893	0.6102	0.8711	0.7324	0.4692	0.1606	-0.01341	-0.09029	-0.1347	-0.1268	-0.1214	-0.1087	-0.04497	0.01382	0.05343	6.459
964.9	0.08427	0.03552	-0.1494	-0.3075	-0.4139	-0.5629	-0.7369	-0.9428	-1.171	-1.508	-1.793	-2.061	-2.121	-1.537	-0.5554	0.2102	0.6373	0.8838	0.7343	0.455	0.1612	-0.01563	-0.09178	-0.1353	-0.1274	-0.1219	-0.1006	-0.03816	0.01951	0.039	6.37
964.4	0.07706	0.05447	-0.1356	-0.2703	-0.4181	-0.5389	-0.7472	-0.9464	-1.177	-1.472	-1.777	-2.019	-2.067	-1.48	-0.5285	0.2405	0.6565	0.8851	0.7255	0.4552	0.1654	-0.01115	-0.09914	-0.1307	-0.1256	-0.122	-0.114	-0.031	0.04564	0.04858	6.318
965.2	0.08183	0.03551	-0.1338	-0.2931	-0.4178	-0.542	-0.7366	-0.9416	-1.149	-1.455	-1.747	-2.012	-2.042	-1.462	-0.4826	0.2574	0.6634	0.873	0.7272	0.4362	0.1463	-0.0216	-0.08931	-0.1446	-0.1348	-0.1281	-0.1038	-0.03838	0.02195	0.05094	6.256
963.9	0.07952	0.03814	-0.1217	-0.2943	-0.4144	-0.5245	-0.7476	-0.9396	-1.167	-1.478	-1.733	-1.992	-2.013	-1.416	-0.449	0.2749	0.6668	0.8847	0.7198	0.4318	0.1456	-0.02612	-0.09757	-0.1502	-0.1322	-0.1197	-0.09682	-0.03504	0.02198	0.06058	6.258
963.7	0.09566	0.04504	-0.1283	-0.2895	-0.4319	-0.5307	-0.7393	-0.9194	-1.138	-1.482	-1.719	-1.96	-1.965	-1.385	-0.4211	0.2913	0.6842	0.8787	0.7115	0.4183	0.134	-0.04782	-0.1057	-0.1432	-0.1362	-0.1314	-0.1071	-0.03783	0.02607	0.05101	6.203
963.8	0.1021	0.05365	-0.1316	-0.2752	-0.4009	-0.5341	-0.7415	-0.9397	-1.132	-1.477	-1.704	-1.948	-1.963	-1.378	-0.4096	0.2921	0.6817	0.8637	0.7145	0.4107	0.1382	-0.04707	-0.1016	-0.1626	-0.1487	-0.1391	-0.09762	-0.02608	0.03995	0.02787	6.178
964.5	0.09477	0.0407	-0.1306	-0.2909	-0.4117	-0.551	-0.7593	-0.93	-1.139	-1.444	-1.704	-1.944	-1.954	-1.372	-0.4277	0.287	0.6853	0.8683	0.6979	0.4171	0.1331	-0.04928	-0.1154	-0.1501	-0.138	-0.1297	-0.1132	-0.03996	0.02768	0.04539	6.14
964.9	0.09555	0.04155	-0.1282	-0.2916	-0.4227	-0.5387	-0.7262	-0.9167	-1.143	-1.426	-1.7	-1.953	-1.952	-1.357	-0.3794	0.2918	0.6826	0.8671	0.7	0.4001	0.1181	-0.04328	-0.1056	-0.1655	-0.1448	-0.1304	-0.09358	-0.02799	0.03257	0.04617	6.138
965.7	0.08339	0.05612	-0.1191	-0.2683	-0.4255	-0.5322	-0.7278	-0.9134	-1.132	-1.466	-1.689	-1.919	-1.928	-1.354	-0.3931	0.3095	0.6828	0.8575	0.7016	0.4056	0.128	-0.0425	-0.1055	-0.1484	-0.135	-0.1257	-0.1006	-0.02753	0.03987	0.06604	6.114
965.5	0.09146	0.03636	-0.1313	-0.2946	-0.4065	-0.5496	-0.7379	-0.9316	-1.15	-1.456	-1.679	-1.899	-1.91	-1.332	-0.3774	0.3242	0.6895	0.8507	0.6911	0.3998	0.1346	-0.04549	-0.1047	-0.1507	-0.1401	-0.1327	-0.1037	-0.03752	0.02358	0.0557	6.141
964	0.09321	0.03211	-0.1144	-0.2871	-0.4294	-0.5409	-0.7475	-0.9126	-1.125	-1.435	-1.694	-1.926	-1.915	-1.339	-0.3867	0.3157	0.6824	0.8643	0.6968	0.4047	0.124	-0.03659	-0.1041	-0.1626	-0.1391	-0.1228	-0.09838	-0.03622	0.02116	0.05578	6.114
964.1	0.08998	0.04674	-0.1242	-0.2823	-0.4039	-0.514	-0.7091	-0.906	-1.132	-1.433	-1.691	-1.933	-1.932	-1.339	-0.3841	0.301	0.6831	0.8651	0.6974	0.3995	0.124	-0.03958	-0.1106	-0.1626	-0.1482	-0.1383	-0.1117	-0.04135	0.02361	0.05338	6.125
962.8	0.08445	0.05887	-0.1423	-0.2866	-0.4132	-0.5329	-0.7407	-0.9374	-1.122	-1.431	-1.693	-1.924	-1.931	-1.354	-0.3898	0.3055	0.6981	0.8513	0.703	0.4128	0.1366	-0.05985	-0.1083	-0.1527	-0.1447	-0.1392	-0.1001	-0.01874	0.05634	0.03349	6.128
964.5	0.09155	0.04586	-0.12	-0.2837	-0.4212	-0.5415	-0.7364	-0.8958	-1.144	-1.442	-1.689	-1.917	-1.914	-1.353	-0.3865	0.3156	0.7042	0.8841	0.6987	0.418	0.1488	-0.03881	-0.09344	-0.1501	-0.1344	-0.1235	-0.09597	-0.03507	0.02115	0.05256	6.14
965.6	0.08904	0.04409	-0.133	-0.2898	-0.4303	-0.5322	-0.7363	-0.9094	-1.125	-1.423	-1.697	-1.925	-1.933	-1.349	-0.4027	0.3128	0.6886	0.8612	0.6956	0.4141	0.1263	-0.04026	-0.1169	-0.1546	-0.1348	-0.1211	-0.09194	-0.02891	0.02928	0.03976	6.153
967.1	0.101	0.03973	-0.1238	-0.298	-0.4035	-0.5375	-0.7359	-0.9203	-1.118	-1.441	-1.694	-1.923	-1.9	-1.329	-0.3829	0.3115	0.7024	0.8633	0.6862	0.4017	0.1311	-0.03796	-0.1167	-0.1489	-0.1392	-0.1325	-0.1114	-0.02937	0.04633	0.04845	6.201
967.1	0.07122	0.04574	-0.1385	-0.2909	-0.4225	-0.5495	-0.7466	-0.9194	-1.145	-1.457	-1.698	-1.923	-1.956	-1.359	-0.403	0.3074	0.6679	0.8598	0.6953	0.4168	0.1137	-0.04542	-0.1037	-0.1435	-0.1338	-0.1271	-0.1028	-0.03412	0.02924	0.04129	6.272
967.9	0.08641	0.05942	-0.1139	-0.2804	-0.4308	-0.5456	-0.7483	-0.9203	-1.16	-1.487	-1.704	-1.938	-1.967	-1.394	-0.4061	0.2909	0.6697	0.8538	0.7099	0.4333	0.1384	-0.03942	-0.08176	-0.1411	-0.1323	-0.1262	-0.08468	-0.02884	0.0227	0.06589	6.349
967.7	0.09767	0.05514	-0.153	-0.2931	-0.4301	-0.5311	-0.7423	-0.9351	-1.162	-1.465	-1.734	-1.981	-1.994	-1.416	-0.4472	0.2616	0.6609	0.8777	0.7154	0.4233	0.1409	-0.02006	-0.08988	-0.1419	-0.1317	-0.1247	-0.08705	-0.02955	0.02352	0.05319	6.438
967.5	0.08163	0.03972	-0.1099	-0.309	-0.4358	-0.5433	-0.7341	-0.941	-1.171	-1.453	-1.745	-1.985	-2.01	-1.432	-0.4666	0.2609	0.6602	0.8586	0.7102	0.4369	0.1517	-0.02006	-0.08504	-0.1257	-0.1224	-0.1201	-0.09646	-0.03406	0.02353	0.04366	6.538
965.6	0.07133	0.03636	-0.1248	-0.3017	-0.439	-0.5651	-0.7547	-0.9535	-1.174	-1.508	-1.757	-2.017	-2.059	-1.479	-0.4929	0.2394	0.6368	0.8726	0.7238	0.4394	0.171	-0.03205	-0.07221	-0.1259	-0.124	-0.1226	-0.09273	-0.02971	0.02847	0.05808	6.661
963.5	0.07714	0.04936	-0.1504	-0.3079	-0.4368	-0.5455	-0.7563	-0.9694	-1.192	-1.498	-1.8	-2.042	-2.089	-1.521	-0.5387	0.2187	0.6291	0.886	0.7292	0.4556	0.1722	-0.002934	-0.06423	-0.1239	-0.1096	-0.09965	-0.08272	-0.03167	0.01546	0.05103	6.773
961.9	0.08696	0.02183	-0.1507	-0.2957	-0.4343	-0.5603	-0.7722	-0.9751	-1.192	-1.523	-1.823	-2.082	-2.148	-1.567	-0.5554	0.1961	0.6252	0.8813	0.7519	0.4699	0.1825	0.005306	-0.06515	-0.1171	-0.1119	-0.1083	-0.08049	-0.02761	0.02121	0.03512	6.888
962.5	0.07963	0.03389	-0.1645	-0.2979	-0.4277	-0.5634	-0.7724	-0.9843	-1.195	-1.503	-1.853	-2.111	-2.205	-1.63	-0.6349	0.1625	0.619	0.8842	0.756	0.4815	0.1965	0.02403	-0.07326	-0.1131	-0.1057	-0.1005	-0.08909	-0.03217	0.02038	0.0319	6.99
963.2	0.08846	0.04851	-0.1259	-0.281	-0.433	-0.5587	-0.7796	-0.9869	-1.221	-1.586	-1.871	-2.141	-2.243	-1.662	-0.6599	0.1329	0.5864	0.8934	0.7616	0.4913	0.2138	0.02925	-0.06262	-0.1115	-0.09627	-0.08573	-0.07646	-0.02313	0.02609	0.04306	7.161
964	0.08838	0.0347	-0.134	-0.3101	-0.435	-0.5738	-0.805	-0.9836	-1.231	-1.576	-1.911	-2.184	-2.305	-1.73	-0.7146	0.1001	0.567	0.8917	0.764	0.4943	0.2161	0.02549	-0.04466	-0.1036	-0.1022	-0.1011	-0.08031	-0.01651	0.04239	0.03504	7.313
963.8	0.07066	0.02954	-0.1332	-0.3007	-0.4454	-0.5662	-0.786	-1.001	-1.253	-1.6	-1.941	-2.211	-2.366	-1.809	-0.7524	0.06584	0.5341	0.8857	0.7787	0.5164	0.2211	0.03971	-0.03979	-0.0835	-0.09165	-0.09729	-0.06776	-0.02407	0.01627	0.04143	7.488
965.7	0.06811	0.03463	-0.1354	-0.304	-0.4643	-0.5789	-0.802	-1.005	-1.28	-1.548	-1.981	-2.265	-2.427	-1.864	-0.834	0.02821	0.5191	0.8848	0.7725	0.5153	0.2306	0.05829	-0.05027	-0.0872	-0.09123	-0.09401	-0.0888	-0.03545	0.01379	0.04533	7.623
965.1	0.07942	0.04154	-0.1338	-0.3018	-0.4511	-0.5775	-0.8171	-1.012	-1.312	-1.575	-2.015	-2.325	-2.491	-1.959	-0.8863	-0.02643	0.4881	0.8731	0.7837	0.5368	0.2515	0.05908	-0.02185	-0.08029	-0.08524	-0.08866	-0.06767	-0.008342	0.04643	0.02863	7.82
964.3	0.07384	0.02866	-0.1405	-0.3108	-0.4562	-0.5962	-0.82	-1.04	-1.291	-1.597	-2.052	-2.364	-2.556	-2.018	-0.9386	-0.06237	0.4662	0.894	0.792	0.5456	0.2724	0.07184	-0.01699	-0.07338	-0.07559	-0.07712	-0.0638	-0.01623	0.02769	0.0446	7.972
961.7	0.07001	0.04168	-0.1499	-0.3141	-0.4694	-0.5952	-0.8392	-1.04	-1.334	-1.619	-2.109	-2.446	-2.655	-2.126	-1.04	-0.1239	0.4196	0.9027	0.811	0.559	0.2839	0.09602	-0.01132	-0.06114	-0.06796	-0.07267	-0.05768	-0.001756	0.04986	0.03753	8.148
