71	13	5	88	20.4	750	0	-0	30	0	128	4096	1	0	0	0	0	100	1704.3	1.9611e+006	0.15606	0	53.595	0	0	0	0	0	0	6	0	0
1705.9	0.1358	0.088583	-0.083626	-0.19726	-0.28593	-0.35356	-0.47597	-0.56676	-0.59664	-0.57174	-0.42601	-0.11288	0.26578	0.71014	0.88681	0.86732	0.62967	0.15348	-0.22402	-0.58435	-0.66501	-0.66721	-0.58611	-0.49461	-0.38913	-0.30499	-0.20706	-0.095133	0.089299	0.13796	-0.059571
1705.9	0.1358	0.093367	-0.083626	-0.20171	-0.29479	-0.36804	-0.48877	-0.59402	-0.64413	-0.62269	-0.49683	-0.19749	0.18711	0.66893	0.88681	0.88554	0.68918	0.24198	-0.13485	-0.50927	-0.60784	-0.62807	-0.56338	-0.47299	-0.37242	-0.29201	-0.19838	-0.091212	0.084768	0.13353	0.43233
1703.8	0.14049	0.093479	-0.092793	-0.21535	-0.30845	-0.39264	-0.51499	-0.63112	-0.69246	-0.693	-0.59366	-0.30735	0.069183	0.60095	0.86841	0.8866	0.74959	0.34072	-0.041484	-0.41592	-0.53812	-0.57658	-0.5231	-0.45192	-0.36032	-0.2837	-0.18559	-0.091322	0.08487	0.13369	0.8932
1701.8	0.14066	0.093592	-0.092905	-0.22455	-0.32659	-0.41247	-0.53271	-0.67286	-0.74091	-0.76348	-0.69073	-0.41748	-0.049026	0.51904	0.84508	0.88767	0.80096	0.42984	0.052106	-0.33175	-0.47265	-0.52932	-0.49639	-0.42646	-0.33981	-0.27103	-0.18582	-0.095362	0.080431	0.13385	1.3547
1700.7	0.14074	0.093648	-0.097503	-0.23363	-0.34012	-0.42724	-0.55871	-0.70971	-0.79766	-0.83827	-0.78755	-0.53255	-0.17619	0.43667	0.81144	0.87907	0.83817	0.509	0.13732	-0.24723	-0.41118	-0.47729	-0.46021	-0.4007	-0.31905	-0.25383	-0.18158	-0.087555	0.080479	0.13393	1.8488
1700.7	0.13621	0.08885	-0.097503	-0.2381	-0.34457	-0.44176	-0.58011	-0.73705	-0.84096	-0.89401	-0.86873	-0.63239	-0.29455	0.35398	0.76267	0.85624	0.86113	0.56818	0.20546	-0.17663	-0.35383	-0.43803	-0.42829	-0.39202	-0.30648	-0.24515	-0.16417	-0.083623	0.075934	0.12503	2.2956
1702.8	0.14057	0.098328	-0.097385	-0.24674	-0.35747	-0.45573	-0.6136	-0.78167	-0.89618	-0.98574	-0.99438	-0.7862	-0.46933	0.22968	0.69841	0.82783	0.8876	0.65123	0.30305	-0.0871	-0.29172	-0.38958	-0.40045	-0.36123	-0.30192	-0.23185	-0.15528	-0.079595	0.071303	0.12488	2.775
1698.7	0.13637	0.088958	-0.09762	-0.25182	-0.37168	-0.47622	-0.64079	-0.80636	-0.94171	-1.0393	-1.073	-0.88306	-0.58459	0.13825	0.64149	0.79324	0.88975	0.69723	0.35495	-0.02605	-0.23502	-0.34685	-0.3649	-0.34039	-0.27747	-0.21503	-0.15566	-0.07585	0.076026	0.12518	3.2389
1693.5	0.13678	0.094046	-0.10704	-0.26156	-0.38174	-0.48739	-0.66423	-0.83169	-0.99676	-1.1171	-1.1782	-1.0111	-0.74485	0.014116	0.56506	0.74977	0.89706	0.74887	0.42446	0.044771	-0.18257	-0.30409	-0.33853	-0.31965	-0.2699	-0.2026	-0.14302	-0.076081	0.076257	0.11662	3.7354
1693.5	0.13678	0.089227	-0.1116	-0.26156	-0.39067	-0.50683	-0.69001	-0.86829	-1.0489	-1.1917	-1.2852	-1.1464	-0.90333	-0.11966	0.48668	0.69014	0.88784	0.79344	0.48861	0.11567	-0.12498	-0.26467	-0.30648	-0.29352	-0.24464	-0.19388	-0.12991	-0.072131	0.067129	0.11662	4.2003
1693.5	0.13678	0.098864	-0.10248	-0.27503	-0.40406	-0.52142	-0.7115	-0.90947	-1.0968	-1.2664	-1.3922	-1.2818	-1.075	-0.26267	0.38381	0.62592	0.87862	0.82811	0.55277	0.17712	-0.071825	-0.22086	-0.27443	-0.26739	-0.22781	-0.18516	-0.12117	-0.064233	0.071692	0.11215	4.6818
1691.5	0.13239	0.09416	-0.1026	-0.27537	-0.41348	-0.53665	-0.74248	-0.9518	-1.1547	-1.352	-1.5163	-1.4389	-1.2703	-0.42465	0.27147	0.544	0.8566	0.86382	0.60483	0.24359	-0.014255	-0.18166	-0.24726	-0.24591	-0.20701	-0.16793	-0.11257	-0.064311	0.071779	0.11229	5.1637
1689.4	0.13255	0.094275	-0.1073	-0.28471	-0.42294	-0.55193	-0.76493	-0.98048	-1.1823	-1.4098	-1.6101	-1.5563	-1.4219	-0.56389	0.16868	0.46649	0.82529	0.8748	0.64843	0.30074	0.030134	-0.13797	-0.21543	-0.22438	-0.1946	-0.15503	-0.10394	-0.056472	0.067292	0.09899	5.646
1688.4	0.12806	0.099165	-0.10279	-0.28038	-0.43662	-0.56201	-0.78263	-1.0224	-1.231	-1.5042	-1.7388	-1.7282	-1.6391	-0.75395	0.031201	0.36094	0.77955	0.8952	0.70031	0.36256	0.079029	-0.098504	-0.18341	-0.19831	-0.18206	-0.14638	-0.095239	-0.056507	0.067333	0.099051	6.1127
1685.3	0.11914	0.089663	-0.10298	-0.29443	-0.43742	-0.58258	-0.8143	-1.0564	-1.2857	-1.582	-1.8598	-1.8875	-1.8412	-0.94075	-0.10165	0.2648	0.73464	0.91177	0.74887	0.42022	0.13259	-0.054664	-0.15614	-0.17679	-0.16124	-0.13351	-0.08663	-0.05661	0.058284	0.090251	6.5958
1682.2	0.11477	0.089827	-0.10317	-0.29045	-0.4517	-0.59344	-0.83309	-1.0998	-1.345	-1.6741	-1.9863	-2.0626	-2.0662	-1.1468	-0.25471	0.13598	0.67565	0.91344	0.78469	0.47333	0.17743	-0.019484	-0.12416	-0.15519	-0.14458	-0.12059	-0.086789	-0.048763	0.05839	0.085918	7.0792
1680.2	0.11032	0.08508	-0.098695	-0.29533	-0.45676	-0.60397	-0.85577	-1.1288	-1.3992	-1.742	-2.0915	-2.1965	-2.2417	-1.3249	-0.39822	0.025172	0.60677	0.89958	0.8072	0.51202	0.21783	0.015816	-0.092001	-0.12465	-0.12779	-0.11195	-0.08249	-0.044843	0.053861	0.081519	7.5468
1677.1	0.10592	0.080371	-0.098876	-0.3004	-0.46661	-0.6198	-0.8747	-1.1633	-1.4501	-1.8111	-2.2034	-2.3473	-2.4415	-1.5137	-0.54735	-0.095222	0.5427	0.89124	0.83028	0.55592	0.26296	0.055657	-0.069051	-0.11169	-0.11527	-0.098948	-0.069404	-0.03695	0.058569	0.072646	8.0308
1677.1	0.096718	0.075505	-0.098876	-0.3004	-0.47112	-0.63453	-0.90074	-1.2048	-1.5028	-1.8912	-2.3269	-2.5093	-2.6549	-1.728	-0.71554	-0.22493	0.46355	0.88123	0.86483	0.60365	0.30322	0.091046	-0.041309	-0.089698	-0.098272	-0.085743	-0.064991	-0.03695	0.05396	0.068133	8.5311
1674	0.092287	0.070769	-0.094445	-0.30096	-0.4765	-0.64062	-0.91979	-1.2348	-1.554	-1.9608	-2.4497	-2.6813	-2.8824	-1.9505	-0.89526	-0.36457	0.37578	0.85781	0.8794	0.64302	0.3486	0.12224	-0.013591	-0.067833	-0.085678	-0.072672	-0.051848	-0.033023	0.05406	0.068259	8.9994
1672	0.078555	0.061095	-0.089941	-0.30588	-0.49065	-0.6611	-0.94704	-1.2688	-1.6087	-2.0435	-2.5869	-2.8623	-3.1312	-2.1959	-1.0899	-0.52764	0.27817	0.82877	0.89781	0.68211	0.38492	0.15788	0.01422	-0.041449	-0.064465	-0.059516	-0.043059	-0.033063	0.049503	0.059291	9.4679
1668.9	0.069454	0.056319	-0.094736	-0.30644	-0.48703	-0.65739	-0.96188	-1.299	-1.6647	-2.1183	-2.7055	-3.0304	-3.3559	-2.4293	-1.2808	-0.6869	0.17575	0.79512	0.9125	0.71215	0.42609	0.19374	0.042126	-0.019428	-0.05177	-0.050779	-0.038704	-0.029117	0.040331	0.050331	9.9526
1665.8	0.055686	0.051525	-0.081002	-0.29788	-0.49247	-0.67838	-0.98113	-1.3293	-1.712	-2.2029	-2.84	-3.2042	-3.5949	-2.6777	-1.4824	-0.85606	0.063581	0.75631	0.91853	0.74711	0.4539	0.22082	0.065479	-0.0017532	-0.039028	-0.037579	-0.034333	-0.025156	0.035766	0.045882	10.437
1660.6	0.041919	0.032028	-0.076602	-0.28964	-0.48489	-0.68048	-0.99294	-1.3708	-1.7661	-2.2811	-2.9735	-3.3829	-3.8395	-2.9259	-1.6968	-1.0318	-0.053771	0.70815	0.92138	0.77834	0.49597	0.25724	0.089031	0.016007	-0.021979	-0.02436	-0.021071	-0.021207	0.031223	0.03691	10.906
1657.6	0.028033	0.027165	-0.081404	-0.28559	-0.49491	-0.68175	-1.008	-1.3967	-1.8049	-2.3521	-3.0988	-3.5428	-4.0625	-3.167	-1.8951	-1.2071	-0.16693	0.65887	0.92309	0.79911	0.52405	0.28458	0.11259	0.038285	-0.0091174	-0.015498	-0.016645	-0.021246	0.026618	0.023283	11.407
1654.5	0.014094	0.0074873	-0.081556	-0.28153	-0.49584	-0.68302	-1.0274	-1.418	-1.8572	-2.4281	-3.235	-3.7239	-4.3135	-3.4232	-2.1193	-1.3925	-0.29939	0.59927	0.92044	0.82479	0.55676	0.3165	0.13623	0.056188	0.0081006	-0.011065	-0.016676	-0.017244	0.026667	0.018753	11.86
1651.4	-0.0045692	-0.012265	-0.081708	-0.26824	-0.48303	-0.68928	-1.0338	-1.4394	-1.8919	-2.5044	-3.3351	-3.8851	-4.5337	-3.6567	-2.2991	-1.5551	-0.4087	0.55468	0.92216	0.85057	0.58052	0.33955	0.15057	0.069693	0.012432	0.0023241	-0.0032624	-0.017276	0.0079943	0.00045784	12.28
1649.3	-0.01861	-0.022175	-0.091176	-0.25935	-0.46989	-0.67517	-1.0483	-1.4553	-1.9256	-2.5602	-3.4073	-4.0341	-4.7428	-3.8839	-2.5032	-1.7172	-0.5323	0.49436	0.91453	0.86134	0.60854	0.35797	0.17427	0.087667	0.025414	0.011279	0.0012207	-0.021352	0.0080043	-0.013305	12.782
1644.2	-0.03744	-0.04706	-0.10555	-0.26479	-0.47136	-0.67728	-1.0516	-1.4787	-1.9585	-2.6259	-3.4547	-4.1707	-4.93	-4.0909	-2.6826	-1.8785	-0.64319	0.43979	0.90858	0.87377	0.62869	0.39067	0.19368	0.1014	0.034165	0.020294	-0.0032767	-0.017352	-0.0060735	-0.022552	13.25
1640.1	-0.061058	-0.06708	-0.12466	-0.26082	-0.46332	-0.66894	-1.0498	-1.4919	-1.9903	-2.671	-3.558	-4.3157	-5.1424	-4.325	-2.8815	-2.0585	-0.77335	0.36931	0.89761	0.88573	0.65314	0.40975	0.21308	0.11964	0.047291	0.024846	0.0057401	-0.021473	-0.015515	-0.036451	13.735
1637	-0.12245	-0.14198	-0.19567	-0.25666	-0.39955	-0.61488	-1.0073	-1.4758	-1.9986	-2.7098	-3.6386	-4.4484	-5.3479	-4.5575	-3.0846	-2.2285	-0.89883	0.31364	0.89046	0.90207	0.67729	0.42865	0.22769	0.12888	0.04738	0.024893	0.0057509	-0.03377	-0.039154	-0.073502	14.22
1631.8	-0.20795	-0.22244	-0.29568	-0.36933	-0.4425	-0.56637	-0.8856	-1.376	-1.9237	-2.6603	-3.576	-4.4312	-5.3374	-4.5623	-3.1045	-2.245	-0.92081	0.30436	0.88883	0.90492	0.67943	0.43909	0.22841	0.12929	0.047529	0.020447	-0.0078368	-0.054368	-0.077171	-0.12011	14.688
1625.6	-0.33689	-0.37387	-0.46309	-0.51108	-0.54183	-0.56346	-0.68302	-1.1191	-1.709	-2.4468	-3.3242	-4.166	-5	-4.2769	-2.8662	-2.0576	-0.78021	0.36226	0.90557	0.89851	0.66817	0.42251	0.21497	0.11163	0.021399	-0.0067203	-0.048839	-0.10806	-0.1583	-0.22297	15.156
1607.1	-0.38399	-0.40866	-0.48766	-0.50752	-0.51516	-0.51873	-0.52334	-0.76071	-1.3895	-2.244	-3.1746	-4.0503	-4.9092	-4.229	-2.858	-2.0572	-0.78922	0.35601	0.90702	0.90888	0.68055	0.432	0.22228	0.11292	0.021646	-0.015985	-0.058613	-0.14259	-0.21784	-0.28676	15.64
1600.9	-0.43368	-0.45611	-0.5185	-0.56174	-0.57854	-0.57217	-0.57992	-0.85562	-1.4961	-2.307	-3.2085	-4.1137	-4.9608	-4.304	-2.9054	-2.1137	-0.82154	0.33643	0.90147	0.9124	0.68318	0.43367	0.22314	0.10875	0.017277	-0.025269	-0.068084	-0.15568	-0.23317	-0.32096	16.108
1585.4	-0.43304	-0.45542	-0.51381	-0.53844	-0.55558	-0.55179	-0.54885	-0.70269	-1.3249	-2.195	-3.1418	-4.0575	-4.9387	-4.3066	-2.9337	-2.1343	-0.85418	0.31855	0.90114	0.92131	0.69458	0.45195	0.2351	0.11446	0.017445	-0.025516	-0.073417	-0.16563	-0.24519	-0.32409	16.592
1563.7	-0.45879	-0.47217	-0.50612	-0.507	-0.51978	-0.52259	-0.55181	-0.74216	-1.3574	-2.2102	-3.1854	-4.1083	-5.0263	-4.4113	-3.0434	-2.2285	-0.93594	0.28007	0.88584	0.91873	0.70901	0.46296	0.24332	0.12077	0.026805	-0.02587	-0.083901	-0.17221	-0.26342	-0.34794	17.075
1568.9	-0.47695	-0.48622	-0.54384	-0.54896	-0.54697	-0.55235	-0.5268	-0.55698	-0.97736	-1.9159	-2.8999	-3.8459	-4.7246	-4.1677	-2.8536	-2.0776	-0.83332	0.32191	0.9014	0.92591	0.7019	0.45671	0.23757	0.11567	0.0085425	-0.0399	-0.10249	-0.20148	-0.30197	-0.38056	17.558
1557.5	-0.51015	-0.52121	-0.54285	-0.53832	-0.54126	-0.53524	-0.52597	-0.58094	-0.93247	-1.8487	-2.8601	-3.8085	-4.7112	-4.1479	-2.8691	-2.0778	-0.8394	0.32426	0.90797	0.92752	0.71184	0.4648	0.24429	0.11651	0.0040279	-0.04493	-0.10799	-0.20724	-0.31906	-0.40277	18.057
1542	-0.47025	-0.47882	-0.54831	-0.5536	-0.5418	-0.52994	-0.5171	-0.51141	-0.55495	-1.191	-2.402	-3.4119	-4.2896	-3.835	-2.6558	-1.9274	-0.76176	0.34384	0.90771	0.92647	0.71413	0.47429	0.25177	0.12247	0.013313	-0.045382	-0.10908	-0.21367	-0.31224	-0.3921	18.506
1533.7	-0.47279	-0.49205	-0.56134	-0.55163	-0.53487	-0.52743	-0.5104	-0.51922	-0.62038	-1.3004	-2.4768	-3.4746	-4.3711	-3.9168	-2.7134	-1.9732	-0.79133	0.33476	0.90789	0.93669	0.72288	0.47685	0.25313	0.12313	0.0087383	-0.05044	-0.11932	-0.22354	-0.32401	-0.39915	18.972
1517.2	-0.49829	-0.49742	-0.54711	-0.55264	-0.55067	-0.53319	-0.52557	-0.52489	-0.56404	-1.2053	-2.4243	-3.4677	-4.3647	-3.9441	-2.7431	-2.005	-0.81026	0.32183	0.9178	0.94692	0.73571	0.48694	0.26101	0.12447	0.013531	-0.046125	-0.12062	-0.2348	-0.33774	-0.41349	19.469
1504.7	-0.49215	-0.51237	-0.57216	-0.56731	-0.5502	-0.55401	-0.52991	-0.53953	-0.59317	-1.1207	-2.3812	-3.4343	-4.376	-3.9871	-2.8043	-2.0577	-0.85846	0.30219	0.91094	0.94942	0.75176	0.50083	0.26832	0.1353	0.018381	-0.046506	-0.11178	-0.23229	-0.33539	-0.4169	19.934
1500.6	-0.58607	-0.61167	-0.65094	-0.64997	-0.64239	-0.63784	-0.60413	-0.64946	-0.96294	-1.9241	-3.0089	-4.0831	-5.0738	-4.602	-3.2543	-2.4361	-1.095	0.19683	0.89415	0.96804	0.76884	0.51704	0.27939	0.14059	0.013681	-0.046635	-0.12195	-0.24185	-0.36207	-0.45335	20.414
1507.8	-0.57301	-0.58167	-0.63244	-0.62162	-0.61423	-0.59655	-0.58674	-0.57953	-0.69453	-1.5062	-2.6567	-3.7369	-4.6884	-4.2949	-3.0351	-2.2647	-0.99133	0.2237	0.89465	0.96339	0.76514	0.51947	0.28833	0.14481	0.013615	-0.051306	-0.12627	-0.24512	-0.37571	-0.47125	20.926
1486.1	-0.56583	-0.56823	-0.62612	-0.62561	-0.60288	-0.58313	-0.57574	-0.58802	-0.59566	-1.1401	-2.353	-3.5003	-4.451	-4.1423	-2.94	-2.1986	-0.95857	0.23826	0.90288	0.97211	0.77634	0.53207	0.29778	0.15685	0.023408	-0.04709	-0.12812	-0.25321	-0.38121	-0.46796	21.389
1475.7	-0.52798	-0.5501	-0.60958	-0.60939	-0.602	-0.58723	-0.56499	-0.5764	-0.58487	-0.89113	-2.1357	-3.3063	-4.3105	-4.0496	-2.9157	-2.1719	-0.9653	0.23994	0.89941	0.97895	0.79705	0.54587	0.30512	0.16295	0.028404	-0.037417	-0.11899	-0.25046	-0.36294	-0.45074	21.835
1462.2	-0.61728	-0.61098	-0.65746	-0.65142	-0.62823	-0.6208	-0.59509	-0.60291	-0.62553	-1.3046	-2.539	-3.7026	-4.6817	-4.3862	-3.1412	-2.3726	-1.0757	0.17906	0.8879	0.9825	0.79415	0.54583	0.30794	0.16446	0.023791	-0.047859	-0.13022	-0.27106	-0.40858	-0.50148	22.329
1454.9	-0.57794	-0.58599	-0.6289	-0.62331	-0.61059	-0.60692	-0.58306	-0.57929	-0.59322	-0.90928	-2.0653	-3.2776	-4.3157	-4.1128	-2.9801	-2.2456	-1.022	0.19724	0.88237	0.97641	0.79811	0.55876	0.32014	0.17035	0.033709	-0.037951	-0.13087	-0.26322	-0.39468	-0.48838	22.79
1446.6	-0.60793	-0.61756	-0.67522	-0.65844	-0.64022	-0.62748	-0.6166	-0.62547	-0.64754	-0.84896	-2.107	-3.3668	-4.4435	-4.2768	-3.1177	-2.3713	-1.1088	0.1578	0.89245	0.99308	0.82344	0.58248	0.3327	0.18152	0.03883	-0.038169	-0.1265	-0.26936	-0.40763	-0.50688	23.267
1440.4	-0.62663	-0.6259	-0.67278	-0.67713	-0.65874	-0.64163	-0.62937	-0.64432	-0.64523	-0.95686	-2.218	-3.4522	-4.5508	-4.3876	-3.2118	-2.4517	-1.1679	0.12937	0.88626	0.99738	0.83222	0.585	0.33952	0.18743	0.048896	-0.03321	-0.12705	-0.27517	-0.41476	-0.50907	23.742
1438.3	-0.6329	-0.63815	-0.67376	-0.66753	-0.64918	-0.64256	-0.63534	-0.64525	-0.67177	-0.89781	-2.1432	-3.3981	-4.5781	-4.4591	-3.303	-2.5362	-1.2455	0.077074	0.87243	0.99882	0.84906	0.60132	0.35079	0.20309	0.048967	-0.028125	-0.12209	-0.27092	-0.42611	-0.52033	24.217
1427.9	-0.61589	-0.61994	-0.65702	-0.66174	-0.6539	-0.64147	-0.62467	-0.64452	-0.64055	-0.87115	-2.1346	-3.3991	-4.554	-4.4642	-3.3386	-2.5656	-1.2874	0.054141	0.86356	1.0005	0.8605	0.62128	0.36964	0.20973	0.064299	-0.01799	-0.11261	-0.26352	-0.41297	-0.51882	24.66
1416.5	-0.6481	-0.65375	-0.7005	-0.6993	-0.69121	-0.68153	-0.66569	-0.67161	-0.67173	-0.77779	-1.8229	-3.1568	-4.4118	-4.4175	-3.3246	-2.5698	-1.2978	0.042737	0.86031	1.0142	0.87275	0.63678	0.3781	0.22184	0.064819	-0.018136	-0.12397	-0.27981	-0.43268	-0.53904	25.18
1412.3	-0.63909	-0.63834	-0.68616	-0.67982	-0.66648	-0.66022	-0.63673	-0.65713	-0.65806	-0.77448	-1.7549	-3.0699	-4.372	-4.4195	-3.352	-2.6049	-1.3293	0.013171	0.85772	1.0115	0.88594	0.64916	0.39569	0.23294	0.075105	-0.012962	-0.11386	-0.27117	-0.42301	-0.52991	25.605
1404	-0.67585	-0.677	-0.70673	-0.69469	-0.6812	-0.68172	-0.66643	-0.67758	-0.68295	-0.80721	-1.8452	-3.1244	-4.4351	-4.5069	-3.4251	-2.6812	-1.3872	-0.028566	0.84217	1.0118	0.89654	0.65829	0.40355	0.24482	0.080628	-0.0077812	-0.11453	-0.27754	-0.44754	-0.56	26.077
1397.8	-0.65679	-0.65668	-0.69331	-0.69779	-0.68425	-0.67888	-0.6642	-0.67507	-0.686	-0.7543	-1.6497	-2.9562	-4.3216	-4.4599	-3.4226	-2.6876	-1.4102	-0.040694	0.83557	1.0221	0.90591	0.67716	0.422	0.25647	0.086088	0.0027458	-0.10445	-0.27399	-0.43848	-0.54626	26.563
1388.4	-0.70569	-0.70813	-0.7425	-0.73537	-0.72153	-0.71904	-0.70013	-0.70753	-0.71716	-0.78215	-1.5552	-2.8966	-4.3561	-4.5632	-3.5413	-2.7953	-1.5097	-0.10742	0.80991	1.0175	0.91743	0.69242	0.43044	0.26883	0.10207	0.013398	-0.099828	-0.27103	-0.45257	-0.5663	27.017
1385.3	-0.73513	-0.73329	-0.77763	-0.75899	-0.74499	-0.7385	-0.71748	-0.74269	-0.77195	-0.84095	-1.4964	-2.7806	-4.3552	-4.6073	-3.6092	-2.8633	-1.5751	-0.15609	0.79082	1.014	0.9195	0.70469	0.4482	0.28008	0.11259	0.018758	-0.10005	-0.26681	-0.47034	-0.58943	27.469
1375.9	-0.72332	-0.73236	-0.76047	-0.75311	-0.73908	-0.73755	-0.71708	-0.74212	-0.75579	-0.81797	-1.2244	-2.3984	-4.1194	-4.4741	-3.5494	-2.8264	-1.5631	-0.14497	0.80674	1.0325	0.94213	0.72567	0.46817	0.30343	0.12891	0.034982	-0.079219	-0.26377	-0.45669	-0.58795	27.921
1339.4	-0.75456	-0.75232	-0.81004	-0.81339	-0.82131	-0.81912	-0.80183	-0.80863	-0.7984	-0.82257	-0.82607	-0.96783	-1.3148	-1.4404	-1.3729	-1.0009	-0.32318	0.50231	1.0072	1.0667	0.9062	0.67345	0.42303	0.25664	0.079196	-0.013668	-0.13111	-0.31091	-0.49799	-0.62658	28.357
1283.9	-0.76308	-0.77208	-0.8089	-0.81887	-0.81554	-0.816	-0.79109	-0.80129	-0.78122	-0.78423	-0.80796	-0.81783	-0.91858	-1.0219	-1.0768	-0.77786	-0.16685	0.57625	1.0337	1.0815	0.91609	0.68518	0.42921	0.26771	0.093719	-0.0027592	-0.12524	-0.3087	-0.50142	-0.63594	28.838
1273.5	-0.75724	-0.75921	-0.80342	-0.81964	-0.81631	-0.81624	-0.79759	-0.80179	-0.77608	-0.77827	-0.77394	-0.79123	-0.82661	-0.90144	-1.0205	-0.74155	-0.14983	0.58757	1.0422	1.0904	0.92952	0.69664	0.44492	0.2815	0.10568	0.0088106	-0.11465	-0.30598	-0.49948	-0.62928	29.287
1262	-0.79473	-0.79847	-0.84748	-0.85123	-0.84773	-0.84979	-0.82795	-0.82139	-0.789	-0.7979	-0.78785	-0.77827	-0.83416	-0.88491	-1.0824	-0.8222	-0.23163	0.51983	1.0231	1.094	0.9499	0.72651	0.46741	0.3016	0.1236	0.02059	-0.10983	-0.29818	-0.51629	-0.65302	29.75
1257.8	-0.81578	-0.81411	-0.85645	-0.8722	-0.86858	-0.86572	-0.84807	-0.86109	-0.83848	-0.85709	-0.83164	-0.87536	-0.90807	-0.98103	-1.1454	-0.87435	-0.26345	0.5149	1.0265	1.1104	0.96499	0.73483	0.4813	0.30847	0.12968	0.026528	-0.10431	-0.29917	-0.51801	-0.66121	29.827
1273.5	-0.77542	-0.77843	-0.81555	-0.82561	-0.82225	-0.82271	-0.80903	-0.80787	-0.78186	-0.79068	-0.78072	-0.78456	-0.83246	-0.89531	-1.0335	-0.75985	-0.16822	0.56781	1.0309	1.0841	0.92363	0.69081	0.43883	0.27571	0.10568	0.0030138	-0.12627	-0.30598	-0.51162	-0.64117	29.349
1285	-0.78648	-0.78415	-0.82628	-0.82413	-0.82664	-0.82174	-0.79611	-0.80666	-0.77485	-0.78974	-0.78715	-0.78413	-0.825	-0.92376	-0.99843	-0.71677	-0.12418	0.60188	1.0385	1.0744	0.90951	0.67307	0.42282	0.25602	0.082547	-0.0085018	-0.1309	-0.31886	-0.51906	-0.64719	28.869
1285	-0.75045	-0.74605	-0.7842	-0.78861	-0.79723	-0.79611	-0.77345	-0.77651	-0.75193	-0.75285	-0.74686	-0.74449	-0.79599	-0.9116	-0.94678	-0.66235	-0.06949	0.63452	1.0498	1.0744	0.89783	0.66152	0.41076	0.25028	0.082547	-0.014247	-0.1309	-0.30845	-0.495	-0.62953	28.466
1297.6	-0.7313	-0.72625	-0.78256	-0.7927	-0.78369	-0.78841	-0.77158	-0.769	-0.74465	-0.76383	-0.75958	-0.75037	-0.81702	-0.96901	-0.93762	-0.63798	-0.032712	0.66069	1.062	1.0702	0.88914	0.64369	0.38885	0.23649	0.07076	-0.019798	-0.14104	-0.31062	-0.49021	-0.61177	28.03
1298.6	-0.72477	-0.72567	-0.77599	-0.79207	-0.78888	-0.78777	-0.76535	-0.76241	-0.73838	-0.76322	-0.78555	-0.76938	-0.87377	-1.0043	-0.95603	-0.63747	-0.032686	0.66662	1.0555	1.057	0.8711	0.63174	0.37659	0.22494	0.059725	-0.036836	-0.14092	-0.32067	-0.48982	-0.60545	27.532
1305.9	-0.72661	-0.72785	-0.77164	-0.78762	-0.77867	-0.77075	-0.75549	-0.75814	-0.73424	-0.73474	-0.73489	-0.72606	-0.78894	-0.95682	-0.86809	-0.56846	0.027289	0.68215	1.0385	1.0327	0.83749	0.5998	0.35667	0.19544	0.043014	-0.047934	-0.15713	-0.31887	-0.49299	-0.60785	27.095
1313.2	-0.69906	-0.70515	-0.76734	-0.78324	-0.77433	-0.77272	-0.74573	-0.73621	-0.71332	-0.71861	-0.73079	-0.71555	-0.83564	-0.96338	-0.87588	-0.55346	0.033083	0.71028	1.0548	1.0391	0.84425	0.59645	0.35468	0.19435	0.037346	-0.053288	-0.16189	-0.32218	-0.47847	-0.5987	26.625
1312.2	-0.71726	-0.72437	-0.78561	-0.78966	-0.79223	-0.79216	-0.77961	-0.80175	-0.76441	-0.75531	-0.77741	-0.87787	-1.109	-1.1963	-1.041	-0.66047	-0.026396	0.68528	1.0501	1.0399	0.83349	0.58562	0.33724	0.18888	0.031943	-0.05333	-0.16202	-0.32754	-0.49652	-0.61648	26.171
1322.6	-0.67659	-0.67546	-0.76772	-0.79492	-0.78597	-0.77968	-0.74593	-0.74855	-0.73052	-0.72544	-0.75822	-0.74255	-1.089	-1.0629	-1.0076	-0.60826	-0.01438	0.69255	1.0418	1.0257	0.82123	0.5866	0.33457	0.18739	0.03708	-0.047328	-0.14955	-0.30472	-0.45753	-0.57156	25.652
1327.9	-0.67973	-0.68509	-0.74143	-0.75742	-0.75441	-0.74561	-0.72107	-0.71643	-0.68327	-0.68094	-0.68375	-0.6693	-1.0735	-0.95277	-0.97244	-0.52981	0.032718	0.73403	1.0541	1.0216	0.81235	0.56195	0.32741	0.17554	0.026197	-0.05826	-0.16011	-0.30856	-0.46155	-0.57501	25.18
1341.4	-0.74763	-0.76332	-0.82605	-0.8348	-0.8313	-0.81785	-0.78974	-0.76116	-0.72577	-0.73295	-0.76689	-0.72582	-1.2905	-1.0713	-1.1729	-0.66344	-0.09567	0.66408	1.0218	1.0173	0.80972	0.57285	0.3241	0.17926	0.031247	-0.052167	-0.15849	-0.32039	-0.49146	-0.61996	24.738
1359.2	-0.7549	-0.76536	-0.84368	-0.84628	-0.81489	-0.79506	-0.76872	-0.75693	-0.70546	-0.74082	-0.78862	-0.75382	-1.4327	-1.1147	-1.2125	-0.66621	-0.10017	0.66776	1.0138	0.9922	0.78811	0.54354	0.30275	0.16064	0.015104	-0.06778	-0.16731	-0.31621	-0.49073	-0.61743	24.249
1370.7	-0.76547	-0.76491	-0.82535	-0.8281	-0.80807	-0.80042	-0.76228	-0.75059	-0.72105	-0.75768	-0.78202	-0.80326	-1.5078	-1.1795	-1.2447	-0.67764	-0.10502	0.66829	1.0106	0.98973	0.78151	0.53358	0.29456	0.14854	0.0097779	-0.072599	-0.17131	-0.3282	-0.4979	-0.63435	23.79
1379	-0.76644	-0.7662	-0.83156	-0.83964	-0.82511	-0.80155	-0.7524	-0.76291	-0.72203	-0.7359	-0.7773	-0.75531	-1.4986	-1.0931	-1.2011	-0.62847	-0.076078	0.68249	1.0045	0.97794	0.76591	0.51959	0.28154	0.13694	-0.00062016	-0.077513	-0.17564	-0.32622	-0.49489	-0.63051	23.346
1389.4	-0.69405	-0.71347	-0.79753	-0.83335	-0.81892	-0.81924	-0.80961	-0.81296	-0.77493	-0.81	-0.89568	-0.99406	-1.5679	-1.3941	-1.1981	-0.70763	-0.047409	0.68945	1.0178	0.97637	0.75476	0.50502	0.26826	0.1253	-0.0057462	-0.082245	-0.169	-0.30933	-0.4578	-0.57132	22.79
1412.3	-0.71557	-0.71923	-0.79006	-0.8306	-0.82169	-0.79429	-0.7501	-0.7504	-0.71543	-0.74092	-0.82006	-0.92985	-1.0357	-1.2941	-0.94366	-0.69065	0.030762	0.66639	0.99619	0.95487	0.73721	0.49683	0.2694	0.13371	-0.00060553	-0.075684	-0.15578	-0.29484	-0.45037	-0.56206	22.377
1410.2	-0.67286	-0.66822	-0.7748	-0.81565	-0.82827	-0.81882	-0.77185	-0.7515	-0.70604	-0.74761	-0.71112	-0.79276	-0.85218	-1.1298	-0.83328	-0.60353	0.086174	0.68521	0.99766	0.95628	0.73298	0.50282	0.2698	0.13391	0.014557	-0.060092	-0.14026	-0.27157	-0.41815	-0.53069	21.883
1426.9	-0.51901	-0.52889	-0.59255	-0.59826	-0.59081	-0.58424	-0.55372	-0.5581	-0.56359	-0.90501	-2.1785	-3.3123	-4.2856	-4.002	-2.8643	-2.1373	-0.93266	0.2599	0.9048	0.97317	0.78226	0.53855	0.29926	0.15819	0.034371	-0.038698	-0.12307	-0.23559	-0.35369	-0.43965	21.485
1475.7	-0.58027	-0.58328	-0.64099	-0.6197	-0.62249	-0.61512	-0.61431	-0.61315	-0.67472	-1.4105	-2.5859	-3.686	-4.6692	-4.3091	-3.0506	-2.2877	-1.0076	0.22857	0.90432	0.9681	0.77672	0.52576	0.29461	0.14796	0.023573	-0.047421	-0.12401	-0.24139	-0.36818	-0.46613	20.99
1491.3	-0.54834	-0.54983	-0.60322	-0.59283	-0.58558	-0.58662	-0.55422	-0.59117	-0.70719	-1.3799	-2.5532	-3.6134	-4.6105	-4.2169	-3.0021	-2.2326	-0.97618	0.24306	0.9046	0.96336	0.76862	0.52525	0.28634	0.14642	0.023327	-0.041976	-0.11279	-0.23888	-0.3436	-0.44604	20.494
1488.2	-0.51838	-0.52357	-0.57853	-0.57874	-0.57157	-0.57125	-0.53581	-0.56116	-0.57503	-1.1598	-2.4251	-3.4783	-4.4599	-4.063	-2.8802	-2.112	-0.89951	0.29429	0.91622	0.96538	0.76518	0.51638	0.28694	0.14672	0.028166	-0.042064	-0.11303	-0.22589	-0.33393	-0.42663	20.03
1519.2	-0.49761	-0.50211	-0.5667	-0.5669	-0.5549	-0.5433	-0.52964	-0.52928	-0.6166	-1.4689	-2.6198	-3.5971	-4.5453	-4.0827	-2.8595	-2.0943	-0.87083	0.29379	0.90224	0.94036	0.73965	0.49605	0.26576	0.13401	0.018205	-0.041203	-0.11071	-0.21687	-0.32201	-0.41292	19.566
1518.2	-0.48779	-0.50245	-0.54165	-0.54725	-0.53536	-0.53283	-0.50603	-0.52454	-0.64127	-1.2825	-2.4794	-3.471	-4.3863	-3.9363	-2.7467	-2.0036	-0.80971	0.32713	0.90763	0.93045	0.72533	0.48172	0.26083	0.12925	0.018218	-0.046094	-0.11566	-0.22142	-0.31714	-0.40323	19.117
1522.3	-0.46112	-0.46892	-0.5351	-0.53577	-0.52894	-0.52597	-0.50466	-0.51293	-0.60082	-1.4659	-2.5804	-3.5508	-4.4527	-3.9666	-2.7555	-1.9982	-0.80237	0.33726	0.90992	0.93318	0.72335	0.48041	0.25503	0.12889	0.018168	-0.041119	-0.10563	-0.21203	-0.30105	-0.38722	18.651
1541	-0.48058	-0.48444	-0.55369	-0.5441	-0.53726	-0.5303	-0.508	-0.54695	-0.75129	-1.5661	-2.6612	-3.6235	-4.5102	-4.0251	-2.7707	-2.0194	-0.80281	0.33863	0.91302	0.92709	0.70974	0.47461	0.24691	0.11776	0.013322	-0.040622	-0.10435	-0.20947	-0.30242	-0.38745	18.121
1534.8	-0.45739	-0.47576	-0.5509	-0.53639	-0.54436	-0.54317	-0.51006	-0.56431	-0.78313	-1.7114	-2.7676	-3.7046	-4.6062	-4.0618	-2.7927	-2.0225	-0.79588	0.35092	0.91671	0.93084	0.71261	0.46686	0.24286	0.11824	0.013376	-0.040787	-0.09995	-0.19724	-0.27846	-0.36437	17.654
1541	-0.43552	-0.44737	-0.51359	-0.51449	-0.50783	-0.50893	-0.48911	-0.54193	-0.79909	-1.6737	-2.7116	-3.618	-4.4957	-3.939	-2.6845	-1.9337	-0.73187	0.37672	0.91302	0.9167	0.69514	0.45053	0.23685	0.11298	0.013322	-0.040622	-0.099547	-0.19645	-0.27734	-0.3629	17.188
1556.5	-0.42622	-0.4534	-0.5184	-0.52402	-0.53191	-0.5303	-0.51229	-0.61618	-1.0751	-2.0022	-2.9563	-3.8547	-4.7335	-4.1356	-2.8124	-2.0392	-0.78979	0.34603	0.89927	0.90757	0.69303	0.45081	0.2295	0.11659	0.02235	-0.030733	-0.084291	-0.16871	-0.24975	-0.33498	16.721
1562.7	-0.3949	-0.39938	-0.45703	-0.483	-0.48626	-0.51239	-0.57081	-0.85174	-1.4479	-2.2825	-3.2317	-4.1056	-5.0296	-4.3692	-2.9976	-2.1753	-0.89159	0.30709	0.8957	0.90909	0.69508	0.45377	0.23852	0.12557	0.035946	-0.006991	-0.060278	-0.13381	-0.20919	-0.29006	16.253
1593.7	-0.38723	-0.39674	-0.46269	-0.48316	-0.50527	-0.50243	-0.55514	-0.8838	-1.5399	-2.3521	-3.2717	-4.159	-5.0628	-4.4166	-3.0122	-2.2061	-0.89875	0.29059	0.87829	0.90146	0.68628	0.4496	0.23875	0.12313	0.035248	-0.0068551	-0.045174	-0.12281	-0.19057	-0.27018	15.753
1594.7	-0.34343	-0.35554	-0.42849	-0.46854	-0.49072	-0.51243	-0.63237	-1.0241	-1.6313	-2.415	-3.3075	-4.1776	-5.0549	-4.3501	-2.9427	-2.1268	-0.82962	0.343	0.90497	0.9059	0.67642	0.43536	0.22887	0.11842	0.030755	-0.0068507	-0.045145	-0.11015	-0.16137	-0.23679	15.285
1604	-0.20194	-0.20086	-0.26229	-0.32832	-0.40305	-0.55566	-0.91911	-1.4192	-1.9616	-2.7065	-3.6381	-4.5134	-5.4625	-4.7194	-3.2308	-2.3615	-0.9952	0.26781	0.8907	0.91563	0.69589	0.45596	0.24688	0.14073	0.061686	0.030007	0.0012552	-0.046973	-0.064053	-0.12219	14.817
1623.6	-0.16623	-0.17331	-0.26388	-0.32905	-0.41681	-0.56924	-0.91251	-1.4021	-1.9243	-2.6495	-3.541	-4.3648	-5.2635	-4.494	-3.0436	-2.1942	-0.87739	0.32656	0.8978	0.89965	0.67826	0.43675	0.22957	0.12994	0.056551	0.020551	-0.0033183	-0.042287	-0.053758	-0.10207	14.333
1631.8	-0.089736	-0.087421	-0.13475	-0.23883	-0.4286	-0.64709	-1.0149	-1.4804	-1.9823	-2.6797	-3.5601	-4.3323	-5.2049	-4.4043	-2.9621	-2.1165	-0.82511	0.35575	0.89771	0.89511	0.66104	0.42545	0.21891	0.12477	0.060634	0.029495	0.0057691	-0.021581	-0.010856	-0.050547	13.897
1639	-0.042266	-0.042229	-0.11531	-0.2517	-0.45439	-0.67438	-1.0371	-1.4787	-1.9511	-2.6245	-3.4708	-4.1786	-4.9818	-4.1514	-2.7365	-1.9223	-0.6738	0.43606	0.92027	0.88628	0.6444	0.40095	0.20375	0.11072	0.04732	0.020357	0.0057437	-0.017406	0.0080546	-0.022623	13.38
1641.1	-0.018703	-0.017314	-0.091633	-0.25138	-0.47224	-0.67354	-1.0358	-1.4674	-1.9218	-2.5634	-3.3665	-4.0337	-4.7757	-3.9319	-2.5562	-1.7637	-0.55876	0.48662	0.92353	0.87054	0.61616	0.38237	0.17987	0.092601	0.034229	0.011335	0.0012268	-0.01331	0.017465	-0.0087609	12.895
1641.1	0.00010309	0.0025758	-0.082221	-0.26065	-0.47224	-0.67856	-1.0225	-1.439	-1.8769	-2.496	-3.3139	-3.8578	-4.5304	-3.6749	-2.3337	-1.5743	-0.42553	0.54794	0.93236	0.85103	0.58873	0.35524	0.16097	0.079119	0.025541	0.006837	-0.0032829	-0.0092345	0.026885	0.005072	12.345
1643.1	0.018887	0.022437	-0.082118	-0.26495	-0.48085	-0.68272	-1.0212	-1.4231	-1.8432	-2.4304	-3.2205	-3.7031	-4.3205	-3.4373	-2.1289	-1.3927	-0.2967	0.61361	0.94001	0.83535	0.56517	0.32319	0.14189	0.061064	0.012494	-0.0021561	-0.0077828	-0.013293	0.036259	0.014277	11.909
1648.3	0.032872	0.037219	-0.077176	-0.27336	-0.47935	-0.68058	-1.0048	-1.3951	-1.7972	-2.3509	-3.0953	-3.537	-4.0899	-3.1896	-1.9209	-1.2186	-0.1726	0.66766	0.93707	0.80846	0.53154	0.29968	0.11792	0.047449	-0.00051884	-0.011107	-0.012248	-0.0091941	0.040835	0.028005	11.44
1659.6	0.046595	0.046799	-0.076649	-0.28524	-0.47608	-0.67594	-0.98917	-1.3716	-1.7539	-2.2825	-2.9649	-3.3747	-3.8553	-2.956	-1.7128	-1.0559	-0.058509	0.71364	0.93504	0.78847	0.50079	0.26634	0.093758	0.020461	-0.013401	-0.019927	-0.016624	-0.013161	0.049871	0.036933	10.955
1660.6	0.065152	0.061511	-0.081253	-0.29422	-0.48489	-0.67056	-0.96664	-1.3381	-1.6995	-2.2002	-2.8228	-3.1886	-3.606	-2.6954	-1.502	-0.87275	0.063778	0.76371	0.9301	0.75424	0.46886	0.2349	0.070352	0.0026829	-0.030563	-0.033251	-0.025526	-0.017179	0.04984	0.046024	10.454
1657.6	0.074583	0.071472	-0.086063	-0.29018	-0.47667	-0.66188	-0.95088	-1.2985	-1.6449	-2.1137	-2.6875	-2.9999	-3.3609	-2.4412	-1.2895	-0.69627	0.17695	0.81067	0.92309	0.72184	0.429	0.20401	0.042414	-0.019561	-0.043522	-0.046672	-0.034504	-0.017211	0.05926	0.050675	9.9526
1662.7	0.083633	0.081067	-0.090442	-0.29386	-0.47974	-0.65488	-0.92605	-1.2712	-1.5956	-2.0264	-2.5494	-2.8119	-3.1038	-2.1846	-1.086	-0.52591	0.28442	0.83842	0.91153	0.68591	0.39158	0.16769	0.018963	-0.04168	-0.060537	-0.059847	-0.043299	-0.021181	0.059076	0.059621	9.4679
1668.9	0.092571	0.085657	-0.085479	-0.29277	-0.46438	-0.63273	-0.90518	-1.2386	-1.5367	-1.9479	-2.4159	-2.6387	-2.869	-1.9471	-0.89305	-0.37034	0.38162	0.8705	0.8908	0.645	0.34967	0.1315	-0.0089865	-0.059204	-0.073128	-0.072896	-0.052008	-0.02511	0.068121	0.068469	8.9833
1669.9	0.10176	0.095377	-0.099303	-0.28804	-0.45957	-0.62741	-0.89155	-1.2054	-1.4916	-1.8805	-2.3111	-2.4896	-2.6708	-1.7448	-0.73352	-0.23055	0.46555	0.89508	0.88157	0.61105	0.31352	0.10032	-0.036843	-0.081251	-0.090158	-0.081692	-0.06084	-0.029099	0.068079	0.072959	8.4989
1676.1	0.11059	0.099895	-0.094329	-0.28698	-0.45788	-0.61527	-0.8709	-1.164	-1.4334	-1.8075	-2.179	-2.3133	-2.4341	-1.5146	-0.55758	-0.090646	0.54769	0.90679	0.84808	0.56581	0.2676	0.064544	-0.064468	-0.10295	-0.10684	-0.094605	-0.065031	-0.032982	0.067829	0.081719	8.0146
1678.1	0.11965	0.10463	-0.098816	-0.29569	-0.45281	-0.60471	-0.84815	-1.1348	-1.379	-1.7253	-2.0478	-2.1334	-2.2001	-1.2893	-0.37399	0.04835	0.63077	0.92068	0.82114	0.51742	0.22257	0.024677	-0.092114	-0.1248	-0.11945	-0.10329	-0.073771	-0.032942	0.076957	0.086129	7.5307
1679.2	0.12877	0.10943	-0.098755	-0.28645	-0.43903	-0.58472	-0.81729	-1.0926	-1.3211	-1.6536	-1.9283	-1.9804	-1.9989	-1.0931	-0.23048	0.16399	0.69549	0.92011	0.79044	0.46943	0.17775	-0.010683	-0.12438	-0.14669	-0.13636	-0.12081	-0.082541	-0.036904	0.07691	0.095089	7.0308
1686.3	0.12822	0.10896	-0.093754	-0.28072	-0.43267	-0.56758	-0.79222	-1.0512	-1.2587	-1.5716	-1.8075	-1.8159	-1.7914	-0.91238	-0.08683	0.27385	0.74809	0.91619	0.74841	0.41996	0.13251	-0.054631	-0.15144	-0.17231	-0.15269	-0.12905	-0.086577	-0.040713	0.076582	0.094684	6.5314
1689.4	0.14168	0.11359	-0.093583	-0.2757	-0.41846	-0.56167	-0.77354	-1.0218	-1.2172	-1.4846	-1.6918	-1.6668	-1.5984	-0.72112	0.055735	0.38372	0.80218	0.90955	0.70846	0.36234	0.083421	-0.089661	-0.17871	-0.19382	-0.16929	-0.14192	-0.095181	-0.040639	0.085593	0.10347	6.0483
1690.5	0.13703	0.11353	-0.10723	-0.27554	-0.41374	-0.54672	-0.74724	-0.97988	-1.1685	-1.4089	-1.5734	-1.5152	-1.4078	-0.55893	0.17839	0.4754	0.83865	0.89908	0.66518	0.30529	0.034553	-0.1291	-0.21071	-0.21552	-0.18605	-0.15493	-0.10826	-0.048526	0.080968	0.10788	5.5656
1689.4	0.14168	0.11843	-0.10273	-0.2667	-0.39609	-0.52756	-0.72185	-0.9392	-1.1256	-1.3209	-1.4569	-1.3603	-1.2056	-0.38817	0.30126	0.56306	0.87151	0.86984	0.60985	0.23914	-0.023153	-0.1731	-0.24297	-0.24184	-0.20304	-0.16377	-0.10832	-0.048556	0.090168	0.11691	5.0673
1692.5	0.14599	0.11821	-0.1071	-0.25723	-0.38644	-0.51201	-0.69903	-0.91002	-1.0887	-1.2625	-1.3675	-1.2424	-1.0669	-0.26283	0.38404	0.6263	0.88838	0.84843	0.56594	0.18668	-0.067436	-0.21223	-0.2746	-0.26319	-0.21952	-0.17655	-0.11687	-0.05637	0.090004	0.11669	4.6497
1696.6	0.14563	0.11792	-0.10229	-0.25212	-0.37659	-0.50106	-0.66731	-0.87128	-1.021	-1.1802	-1.2472	-1.0943	-0.87533	-0.11484	0.49069	0.69346	0.90464	0.81177	0.50053	0.12018	-0.12476	-0.25544	-0.30136	-0.29299	-0.23579	-0.18918	-0.12531	-0.060175	0.094342	0.12087	4.1362
1699.7	0.14991	0.11771	-0.097561	-0.25167	-0.37591	-0.48562	-0.64041	-0.83323	-0.96281	-1.0898	-1.1231	-0.93748	-0.69389	0.037047	0.58741	0.76077	0.90759	0.76096	0.43144	0.044609	-0.18632	-0.30299	-0.33731	-0.31415	-0.25214	-0.20621	-0.1425	-0.060066	0.094171	0.1251	3.6072
1697.6	0.14554	0.11785	-0.09768	-0.24301	-0.3541	-0.46681	-0.61975	-0.80685	-0.92059	-1.0306	-1.0431	-0.83859	-0.57616	0.12913	0.64188	0.79372	0.89949	0.71742	0.3765	-0.01192	-0.23074	-0.33832	-0.36512	-0.33625	-0.26505	-0.21516	-0.14703	-0.064078	0.094285	0.12526	3.1749
1699.7	0.14991	0.11291	-0.097561	-0.23377	-0.34478	-0.44687	-0.59331	-0.77396	-0.86314	-0.94569	-0.92003	-0.68273	-0.39123	0.27606	0.72408	0.83847	0.89381	0.64254	0.28655	-0.1061	-0.30108	-0.38592	-0.40118	-0.36188	-0.2815	-0.23227	-0.15992	-0.067935	0.098718	0.13401	2.6631
1704.8	0.14946	0.11257	-0.088207	-0.23306	-0.33487	-0.43587	-0.5659	-0.73527	-0.81734	-0.88723	-0.83627	-0.58107	-0.28072	0.35771	0.77056	0.86784	0.8728	0.59141	0.22621	-0.16682	-0.35738	-0.43263	-0.42726	-0.39108	-0.2932	-0.24023	-0.16378	-0.071654	0.098421	0.13361	2.2318
1704.8	0.14946	0.11735	-0.088207	-0.21968	-0.32157	-0.41655	-0.54029	-0.71255	-0.76981	-0.82698	-0.75022	-0.47649	-0.15827	0.4402	0.80462	0.87696	0.84531	0.52253	0.14973	-0.24194	-0.40578	-0.46744	-0.46365	-0.40406	-0.30574	-0.25322	-0.17246	-0.075576	0.10296	0.13361	1.7531
1703.8	0.14955	0.11264	-0.092793	-0.21981	-0.30845	-0.39747	-0.51926	-0.66295	-0.71408	-0.73937	-0.63418	-0.33725	-0.0095835	0.54593	0.8538	0.89116	0.8	0.42932	0.052044	-0.33605	-0.47648	-0.52868	-0.50034	-0.44326	-0.33103	-0.26637	-0.18125	-0.075622	0.10302	0.13813	1.2433
1705.9	0.14937	0.1125	-0.083626	-0.20617	-0.29479	-0.38252	-0.48877	-0.62582	-0.66572	-0.6829	-0.55754	-0.24726	0.090953	0.61397	0.87709	0.89465	0.75784	0.35506	-0.028695	-0.41542	-0.53747	-0.57153	-0.53156	-0.46002	-0.34735	-0.28336	-0.18537	-0.079451	0.10742	0.13796	0.766
1705.9	0.14484	0.1125	-0.083626	-0.19726	-0.27706	-0.36321	-0.4717	-0.58948	-0.61823	-0.60879	-0.46142	-0.13776	0.20896	0.68266	0.88681	0.88554	0.69376	0.2469	-0.1306	-0.50927	-0.60784	-0.61937	-0.56793	-0.47299	-0.36824	-0.29201	-0.19838	-0.083371	0.10289	0.13796	0.32118
1702.8	0.14964	0.1127	-0.079242	-0.18868	-0.26869	-0.34936	-0.45546	-0.55869	-0.57176	-0.55421	-0.38117	-0.048265	0.29691	0.73437	0.89329	0.87345	0.6354	0.15869	-0.22442	-0.59481	-0.67503	-0.67278	-0.60083	-0.49984	-0.38565	-0.30555	-0.20309	-0.083522	0.10762	0.14265	-0.18638
