12561	11	7	88	28.7	757	1	8	8	0.612	128	4096	10	0	0	0	0	78.333	989.73	1.4487e+006	0.11837	0.025652	41.224	0	0	1	0	0	0	6	0	0
974.36	0.099115	0.07231	-0.10503	-0.28051	-0.44731	-0.59413	-0.86216	-1.1252	-1.3893	-1.7824	-2.1343	-2.2797	-2.3676	-1.4768	-0.56901	-0.1263	0.49751	0.82922	0.7998	0.5601	0.277	0.087197	-0.026915	-0.073365	-0.085203	-0.075292	-0.051146	-0.020934	0.052231	0.086394	8.5634
973.08	0.0818	0.070727	-0.10437	-0.29182	-0.45877	-0.6076	-0.85432	-1.1211	-1.4343	-1.7612	-2.2524	-2.4372	-2.5554	-1.7075	-0.73175	-0.27177	0.40669	0.84151	0.83062	0.5962	0.30897	0.12086	-0.010215	-0.053755	-0.067001	-0.073114	-0.049693	-0.033331	0.059448	0.070953	8.9736
971.38	0.077177	0.050689	-0.080704	-0.29233	-0.46113	-0.60443	-0.89402	-1.1804	-1.4914	-1.8806	-2.3469	-2.562	-2.7149	-1.8328	-0.85345	-0.36182	0.3455	0.7955	0.84475	0.62527	0.33886	0.14627	-0.0070403	-0.046256	-0.070052	-0.056523	-0.032257	-0.012048	0.056369	0.071078	9.3435
970.64	0.074057	0.058295	-0.091111	-0.28081	-0.48328	-0.61677	-0.87821	-1.2117	-1.5282	-1.8959	-2.4261	-2.6821	-2.8568	-2.0008	-0.96692	-0.46374	0.28946	0.80561	0.86107	0.64389	0.38086	0.15785	0.025708	-0.022735	-0.042199	-0.055046	-0.0025449	-0.029282	0.051634	0.068015	9.7054
970.21	0.07568	0.047386	-0.08717	-0.28093	-0.47726	-0.63486	-0.8966	-1.2306	-1.5668	-2.0515	-2.5276	-2.8154	-3.0678	-2.1828	-1.1384	-0.59527	0.19784	0.7662	0.86891	0.6813	0.41195	0.20456	0.055293	-0.021985	-0.034135	-0.029961	-0.024668	-0.018265	0.039708	0.055565	10.098
970.96	0.050987	0.042307	-0.082331	-0.29873	-0.49792	-0.62504	-0.93414	-1.2552	-1.602	-2.0149	-2.6306	-2.947	-3.2436	-2.3614	-1.2716	-0.71083	0.12772	0.74229	0.88466	0.70798	0.43173	0.21205	0.082405	0.016773	-0.023831	-0.019296	-0.012453	-0.002409	0.042065	0.041493	10.494
968.19	0.039975	0.028943	-0.084161	-0.2878	-0.48138	-0.64808	-0.92403	-1.2572	-1.6187	-2.0468	-2.7237	-3.0782	-3.4277	-2.5561	-1.4295	-0.83964	0.031307	0.71063	0.88419	0.7224	0.4624	0.23947	0.099459	0.014535	-0.0091731	-0.02545	-0.017841	-0.0017269	0.045379	0.03536	10.851
966.71	0.028065	0.01126	-0.080295	-0.28037	-0.47978	-0.64227	-0.9518	-1.2944	-1.6769	-2.1603	-2.8305	-3.2129	-3.6242	-2.7726	-1.6153	-0.97594	-0.062339	0.68222	0.89005	0.75498	0.48329	0.25826	0.10443	0.028292	-0.0055008	-0.00029059	0.0028021	-0.0024209	0.051046	0.041678	11.267
967.13	0.010499	0.016319	-0.074669	-0.27868	-0.48035	-0.60198	-0.96418	-1.3186	-1.6868	-2.1928	-2.9319	-3.3529	-3.7899	-2.9742	-1.7896	-1.1418	-0.17292	0.62035	0.88067	0.77865	0.50868	0.28882	0.12924	0.053445	0.01514	0.0081068	0.0073911	0.0017295	0.034239	0.038529	11.584
965.64	-0.011059	0.0028232	-0.078783	-0.27281	-0.4717	-0.66003	-0.97019	-1.3407	-1.7321	-2.2764	-3.0561	-3.5154	-4.0196	-3.2393	-2.0115	-1.3294	-0.2872	0.57354	0.88877	0.79975	0.53587	0.30541	0.13827	0.068039	0.021809	0.010413	-0.0063908	-0.00034574	0.019084	0.022132	11.946
967.56	-0.007846	0.0019731	-0.083417	-0.24476	-0.49186	-0.66638	-0.97729	-1.3629	-1.7797	-2.3249	-3.1277	-3.6102	-4.1581	-3.3645	-2.0992	-1.4191	-0.34635	0.53687	0.87878	0.79734	0.5635	0.32397	0.15803	0.082389	0.031341	0.0081018	0.018098	-0.019008	0.011856	0.0095737	12.306
964.16	-0.030283	-0.031026	-0.086114	-0.26849	-0.46772	-0.66617	-0.98904	-1.3709	-1.8234	-2.4077	-3.2855	-3.741	-4.3375	-3.5659	-2.2796	-1.5667	-0.45123	0.49614	0.90066	0.82174	0.57638	0.34973	0.16422	0.088799	0.031452	0.018084	0.0097198	-0.007976	0.0062856	0.014316	12.628
961.71	-0.057638	-0.029409	-0.092759	-0.26127	-0.46891	-0.69183	-0.98929	-1.3937	-1.8403	-2.4475	-3.3504	-3.8961	-4.5384	-3.7724	-2.4708	-1.7137	-0.57336	0.43461	0.89166	0.83215	0.60437	0.37531	0.17593	0.1013	0.044134	0.016596	0.020516	-0.0045186	0.0022836	-0.0029584	12.95
959.48	-0.058576	-0.043935	-0.084121	-0.24602	-0.43691	-0.66513	-0.98476	-1.401	-1.8707	-2.5117	-3.3888	-4.0087	-4.7153	-3.9335	-2.6184	-1.8229	-0.64549	0.39891	0.87184	0.84243	0.61594	0.38623	0.19169	0.11537	0.052409	0.036639	0.01748	-0.010106	0.002289	-0.011641	13.3
962.46	-0.072826	-0.067539	-0.10553	-0.23341	-0.42142	-0.64938	-0.99231	-1.4233	-1.8741	-2.5408	-3.3128	-4.0916	-4.851	-4.1055	-2.7551	-1.9658	-0.73111	0.3541	0.87591	0.86394	0.63274	0.40354	0.21204	0.12268	0.052989	0.034223	0.022807	-0.0086846	-0.0033398	-0.022612	13.557
963.09	-0.087199	-0.097149	-0.10466	-0.21509	-0.41643	-0.63271	-1.0083	-1.4432	-1.9179	-2.5548	-3.4666	-4.1427	-4.9082	-4.1839	-2.8119	-2.0291	-0.78414	0.33123	0.85879	0.86836	0.64245	0.41406	0.20788	0.14097	0.058134	0.039567	0.018181	-0.00243	-0.015377	-0.032812	13.882
962.56	-0.11771	-0.11416	-0.11113	-0.22469	-0.38525	-0.60483	-0.99068	-1.4336	-1.9335	-2.612	-3.4317	-4.2605	-5.0387	-4.3324	-2.9194	-2.127	-0.84866	0.29307	0.86829	0.86884	0.65762	0.42276	0.23297	0.14412	0.065572	0.048791	0.017422	-0.020495	-0.022612	-0.028898	14.133
959.9	-0.094722	-0.11362	-0.14523	-0.21898	-0.37608	-0.60737	-1.0033	-1.4262	-1.9427	-2.6464	-3.4574	-4.3139	-5.1567	-4.4314	-3.0494	-2.2244	-0.92584	0.25457	0.85183	0.88375	0.67272	0.43862	0.25704	0.13376	0.079862	0.043543	0.015929	-0.01498	-0.026701	-0.059723	14.393
959.37	-0.14303	-0.14686	-0.15014	-0.23257	-0.37077	-0.58797	-1.0099	-1.4448	-1.9638	-2.6841	-3.6374	-4.4703	-5.3033	-4.6171	-3.2067	-2.3673	-1.046	0.19701	0.82739	0.88674	0.68717	0.45046	0.27335	0.16151	0.082879	0.051262	0.025194	-0.024048	-0.020271	-0.058179	14.635
958.95	-0.14309	-0.14522	-0.17035	-0.2414	-0.4001	-0.58479	-0.98607	-1.4317	-1.9631	-2.6886	-3.5904	-4.5696	-5.441	-4.7854	-3.3535	-2.4923	-1.1311	0.14025	0.8338	0.87545	0.7086	0.46536	0.26296	0.18619	0.079942	0.049746	0.035238	-0.040099	-0.027534	-0.079512	14.866
959.8	-0.18156	-0.19185	-0.20721	-0.25307	-0.36273	-0.5268	-0.96396	-1.4635	-1.9583	-2.715	-3.6349	-4.5956	-5.4866	-4.8194	-3.3937	-2.5371	-1.1529	0.12964	0.8157	0.89803	0.68218	0.47345	0.26515	0.15683	0.081359	0.039703	0.0221	-0.024735	-0.062944	-0.097574	15.106
960.01	-0.22251	-0.24961	-0.23452	-0.28946	-0.34927	-0.50181	-0.95693	-1.4132	-1.9632	-2.7111	-3.6449	-4.5999	-5.5041	-4.8883	-3.4491	-2.5826	-1.2088	0.10777	0.81175	0.88032	0.69609	0.47334	0.28286	0.16063	0.092477	0.051997	0.012844	-0.010798	-0.048438	-0.10701	15.281
956.82	-0.21196	-0.25471	-0.2458	-0.32381	-0.38203	-0.48025	-0.87568	-1.4025	-1.9628	-2.7144	-3.6119	-4.6623	-5.5785	-4.9372	-3.5014	-2.6326	-1.2324	0.089722	0.80234	0.89998	0.71174	0.4819	0.28461	0.18198	0.10024	0.041368	0.015207	-0.029705	-0.08495	-0.13426	15.487
956.61	-0.25718	-0.27524	-0.28299	-0.33342	-0.38212	-0.49069	-0.87968	-1.3736	-1.9471	-2.7232	-3.675	-4.6296	-5.5852	-4.9408	-3.4917	-2.6405	-1.2506	0.076592	0.80252	0.88428	0.70562	0.47813	0.27981	0.16583	0.098767	0.046008	0.012889	-0.042295	-0.098705	-0.13271	15.632
955.86	-0.27675	-0.28228	-0.31068	-0.35755	-0.42433	-0.45748	-0.81641	-1.3366	-1.8916	-2.6848	-3.6607	-4.6172	-5.5654	-4.9438	-3.4988	-2.6499	-1.2492	0.085426	0.79557	0.87576	0.70931	0.48549	0.27516	0.17136	0.086167	0.056082	0.010576	-0.040229	-0.10606	-0.15577	15.786
956.29	-0.26694	-0.29154	-0.3372	-0.38523	-0.42967	-0.46933	-0.74146	-1.2979	-1.9139	-2.6646	-3.6672	-4.6391	-5.5878	-4.9833	-3.5346	-2.669	-1.2739	0.070478	0.799	0.86951	0.72312	0.49148	0.28477	0.1898	0.080911	0.05297	0.00051226	-0.055596	-0.11167	-0.16045	15.9
955.12	-0.32059	-0.32436	-0.39422	-0.39605	-0.4674	-0.50352	-0.70046	-1.2354	-1.8345	-2.6356	-3.603	-4.6662	-5.6197	-5.0254	-3.591	-2.7284	-1.2926	0.060028	0.80377	0.91416	0.72479	0.49286	0.29243	0.17999	0.086982	0.046854	0.011359	-0.064767	-0.11909	-0.18837	16.034
955.76	-0.31714	-0.33525	-0.39476	-0.45308	-0.53985	-0.5118	-0.62232	-1.1406	-1.787	-2.6099	-3.4932	-4.6284	-5.5746	-5.0179	-3.56	-2.7185	-1.2959	0.05209	0.80248	0.89345	0.70861	0.50883	0.2825	0.17755	0.074988	0.037553	0.0020603	-0.055627	-0.11901	-0.17637	16.113
954.06	-0.38241	-0.38289	-0.44971	-0.45229	-0.50198	-0.56881	-0.64707	-1.0963	-1.7477	-2.5516	-3.5075	-4.561	-5.4603	-4.9024	-3.4507	-2.6289	-1.2253	0.088225	0.81074	0.90008	0.72403	0.49574	0.27894	0.17091	0.061673	0.034524	-0.0033659	-0.074654	-0.15001	-0.21	16.177
956.18	-0.33153	-0.35729	-0.38489	-0.49662	-0.62419	-0.54688	-0.62813	-0.99581	-1.6714	-2.4889	-3.3806	-4.4576	-5.3592	-4.8147	-3.3779	-2.5686	-1.1875	0.088029	0.80742	0.88384	0.70594	0.48765	0.27669	0.16822	0.068991	0.035992	-0.012645	-0.063297	-0.15129	-0.20795	16.266
955.54	-0.4125	-0.43524	-0.51529	-0.49934	-0.59455	-0.58774	-0.6453	-0.92512	-1.6101	-2.4261	-3.4181	-4.3913	-5.2887	-4.7125	-3.3072	-2.4979	-1.1393	0.13812	0.82691	0.89448	0.7072	0.47556	0.26795	0.15598	0.075005	0.019793	-0.018851	-0.10043	-0.18213	-0.25164	16.323
957.35	-0.39721	-0.46595	-0.54658	-0.50952	-0.58869	-0.6666	-0.63116	-0.89585	-1.5071	-2.3505	-3.2674	-4.2961	-5.1307	-4.5771	-3.1987	-2.4113	-1.0792	0.15801	0.83216	0.89029	0.69254	0.47466	0.26339	0.17264	0.044334	0.0058762	-0.028092	-0.11352	-0.19067	-0.28279	16.337
953.1	-0.4589	-0.49886	-0.59359	-0.63388	-0.68728	-0.69895	-0.61565	-0.73969	-1.3353	-2.2267	-3.1018	-4.1202	-4.9823	-4.4032	-3.0581	-2.2883	-0.9898	0.20975	0.86551	0.90014	0.70822	0.46588	0.2605	0.144	0.04902	0.013648	-0.035205	-0.10279	-0.20774	-0.2777	16.337
952.57	-0.43566	-0.44517	-0.63609	-0.66458	-0.67021	-0.63711	-0.58085	-0.6856	-1.2858	-2.1716	-3.0211	-3.9959	-4.8239	-4.2441	-2.93	-2.1559	-0.91904	0.25741	0.85611	0.883	0.67397	0.44901	0.25251	0.12782	0.031088	0.0004811	-0.050763	-0.12742	-0.19893	-0.28738	16.334
952.67	-0.45181	-0.48966	-0.55819	-0.62139	-0.6376	-0.66383	-0.56092	-0.65624	-1.2075	-2.1174	-2.9936	-3.9171	-4.7216	-4.1411	-2.8365	-2.0937	-0.85009	0.28291	0.86666	0.8913	0.6857	0.45129	0.23864	0.12626	0.02435	-0.014241	-0.063188	-0.12671	-0.22731	-0.30562	16.326
953.95	-0.4326	-0.48644	-0.58092	-0.61817	-0.59158	-0.55851	-0.53347	-0.65049	-1.2592	-2.0881	-2.9597	-3.8433	-4.6527	-4.057	-2.7658	-2.0273	-0.81212	0.29132	0.86474	0.86661	0.66434	0.43358	0.22775	0.11681	0.028801	-0.040532	-0.067757	-0.16019	-0.23186	-0.31632	16.331
954.91	-0.39419	-0.4586	-0.52372	-0.56658	-0.56803	-0.53812	-0.4651	-0.65309	-1.251	-2.0587	-2.9107	-3.8128	-4.5833	-4.0006	-2.7221	-1.9765	-0.77451	0.32792	0.8707	0.88418	0.67153	0.42848	0.22347	0.10047	0.014587	-0.052088	-0.098688	-0.15232	-0.26077	-0.30887	16.313
959.58	-0.43649	-0.45467	-0.50426	-0.50833	-0.51406	-0.46686	-0.47572	-0.64102	-1.2479	-2.0347	-2.8839	-3.7146	-4.4638	-3.8703	-2.612	-1.8932	-0.7097	0.34031	0.86948	0.86319	0.63776	0.41789	0.20217	0.097677	0.0026312	-0.037987	-0.079699	-0.16552	-0.2587	-0.32865	16.231
958.84	-0.42718	-0.45502	-0.45552	-0.46907	-0.49869	-0.47838	-0.44345	-0.67788	-1.2351	-2.0486	-2.8222	-3.6599	-4.4268	-3.8212	-2.5674	-1.8444	-0.68257	0.35719	0.87997	0.85635	0.64061	0.40197	0.20395	0.09083	0.0056054	-0.042635	-0.10214	-0.15937	-0.23229	-0.32023	16.131
956.08	-0.39129	-0.40256	-0.46249	-0.4577	-0.46693	-0.49871	-0.46377	-0.66201	-1.291	-2.0314	-2.8268	-3.6838	-4.4045	-3.802	-2.5375	-1.8376	-0.65269	0.37313	0.87343	0.86552	0.62677	0.39149	0.19481	0.081836	-0.010035	-0.038898	-0.078443	-0.15843	-0.23701	-0.30612	16.036
955.86	-0.35989	-0.38899	-0.46663	-0.50713	-0.47019	-0.45404	-0.44788	-0.66135	-1.3175	-2.0732	-2.9719	-3.6748	-4.3728	-3.7497	-2.5024	-1.7803	-0.64712	0.40042	0.8721	0.85315	0.62612	0.38692	0.18836	0.077997	-0.012274	-0.060531	-0.079234	-0.16127	-0.22251	-0.2951	15.857
958.2	-0.38398	-0.41445	-0.48	-0.4543	-0.43986	-0.40481	-0.44755	-0.73737	-1.3758	-2.0945	-2.9862	-3.6552	-4.3496	-3.7071	-2.4496	-1.7386	-0.61294	0.39681	0.87678	0.84856	0.61755	0.38365	0.17414	0.068568	-0.018939	-0.048056	-0.095261	-0.16785	-0.21631	-0.30623	15.698
957.88	-0.3108	-0.34813	-0.38018	-0.44334	-0.39897	-0.41784	-0.39527	-0.79909	-1.4178	-2.1133	-3.0638	-3.652	-4.3612	-3.6782	-2.4426	-1.7327	-0.5944	0.40045	0.88085	0.83798	0.61697	0.36287	0.19201	0.080911	-0.0055514	-0.050384	-0.077523	-0.13649	-0.20348	-0.25261	15.476
955.65	-0.33091	-0.35065	-0.37379	-0.41015	-0.42284	-0.38435	-0.45027	-0.89258	-1.455	-2.1423	-2.884	-3.6792	-4.3441	-3.6802	-2.4075	-1.7075	-0.55738	0.42596	0.87381	0.84329	0.61056	0.37614	0.17704	0.072611	-0.013768	-0.03737	-0.073831	-0.13471	-0.18858	-0.24449	15.298
953.74	-0.31134	-0.3197	-0.37778	-0.4038	-0.42052	-0.37649	-0.49467	-0.92687	-1.4981	-2.1863	-3.0165	-3.6848	-4.3497	-3.6721	-2.401	-1.6914	-0.53722	0.43297	0.87709	0.84246	0.61021	0.36289	0.17171	0.071209	-0.017534	-0.047508	-0.0701	-0.14059	-0.18572	-0.24657	15.129
951.08	-0.31708	-0.33432	-0.35691	-0.37054	-0.37242	-0.3888	-0.52054	-0.9205	-1.5224	-2.1858	-2.9841	-3.6639	-4.3148	-3.6207	-2.358	-1.6471	-0.53379	0.45093	0.88792	0.84903	0.60561	0.37092	0.17219	0.07451	-0.017584	-0.031341	-0.075743	-0.1227	-0.17324	-0.23612	14.846
956.18	-0.29118	-0.324	-0.37439	-0.37413	-0.37992	-0.38845	-0.54364	-0.97636	-1.5405	-2.1667	-3.0349	-3.6274	-4.2481	-3.5556	-2.2864	-1.6058	-0.48358	0.47747	0.88999	0.83445	0.59139	0.35265	0.16478	0.067171	-0.0003427	-0.047386	-0.059085	-0.11715	-0.15857	-0.21349	14.614
959.27	-0.2629	-0.29404	-0.35789	-0.36659	-0.40785	-0.41294	-0.54417	-1.0023	-1.5463	-2.1647	-3.0846	-3.591	-4.2189	-3.5157	-2.2506	-1.552	-0.46412	0.48555	0.88638	0.82676	0.58949	0.36699	0.15212	0.060036	-0.012975	-0.027227	-0.075096	-0.11329	-0.13228	-0.19308	14.305
957.03	-0.27399	-0.28449	-0.35469	-0.32612	-0.34956	-0.33476	-0.59563	-1.0476	-1.5584	-2.1895	-3.0575	-3.5958	-4.1828	-3.4611	-2.209	-1.5329	-0.43909	0.47091	0.8892	0.82451	0.5791	0.35079	0.15329	0.04399	-0.028646	-0.037316	-0.073724	-0.11285	-0.1552	-0.188	14.026
953.52	-0.27986	-0.25217	-0.28796	-0.32652	-0.32945	-0.34722	-0.66346	-1.0758	-1.6004	-2.1951	-3.0525	-3.5877	-4.1724	-3.4377	-2.191	-1.5003	-0.40468	0.5175	0.89551	0.83342	0.57966	0.33885	0.15466	0.057302	-0.014547	-0.049841	-0.057697	-0.10135	-0.13956	-0.18313	13.759
956.18	-0.22017	-0.22416	-0.26858	-0.31766	-0.3143	-0.35056	-0.67608	-1.1376	-1.5898	-2.2262	-3.0259	-3.5564	-4.1171	-3.362	-2.1216	-1.4335	-0.36517	0.53448	0.90211	0.82524	0.56001	0.31386	0.13558	0.057143	-0.021216	-0.046615	-0.076112	-0.098268	-0.10522	-0.15018	13.475
956.71	-0.20553	-0.20356	-0.22403	-0.27933	-0.27936	-0.3736	-0.70157	-1.1848	-1.6151	-2.1795	-3.0477	-3.503	-4.0564	-3.2491	-2.0242	-1.3377	-0.28906	0.58415	0.90312	0.80888	0.56832	0.30825	0.13226	0.045547	-0.016734	-0.052761	-0.062919	-0.11429	-0.11566	-0.14772	13.116
961.07	-0.17168	-0.17971	-0.19729	-0.22741	-0.26787	-0.40874	-0.75973	-1.1786	-1.607	-2.1573	-2.962	-3.45	-3.9643	-3.1913	-1.9502	-1.2913	-0.25525	0.57889	0.90129	0.79439	0.52905	0.29914	0.13086	0.034597	-0.029268	-0.035624	-0.065714	-0.088025	-0.098247	-0.12028	12.796
961.5	-0.13308	-0.13465	-0.1707	-0.23443	-0.27719	-0.43853	-0.80178	-1.2176	-1.6247	-2.1687	-2.9464	-3.4025	-3.8951	-3.0834	-1.876	-1.2075	-0.21454	0.61614	0.89788	0.80319	0.5296	0.27894	0.10338	0.021541	-0.023323	-0.048659	-0.045673	-0.084507	-0.042734	-0.096615	12.453
955.01	-0.10894	-0.098825	-0.15568	-0.19143	-0.31627	-0.5122	-0.86362	-1.2348	-1.648	-2.1677	-2.9131	-3.3456	-3.7865	-2.9579	-1.7646	-1.1156	-0.14323	0.64228	0.90094	0.77009	0.50492	0.27074	0.097584	0.015509	-0.027962	-0.04358	-0.044433	-0.064074	-0.035741	-0.04656	12.086
953.84	-0.062967	-0.07157	-0.11863	-0.19087	-0.36104	-0.53441	-0.90894	-1.2249	-1.64	-2.1455	-2.8569	-3.2954	-3.7137	-2.8927	-1.7015	-1.0689	-0.11148	0.64482	0.90053	0.76348	0.49767	0.2664	0.08551	0.0077955	-0.036215	-0.050598	-0.054574	-0.060646	-0.043077	-0.045824	11.711
957.25	-0.0305	-0.056824	-0.089963	-0.18939	-0.38107	-0.57551	-0.88214	-1.2222	-1.625	-2.0916	-2.7945	-3.2101	-3.6172	-2.76	-1.607	-0.98071	-0.047457	0.6802	0.90565	0.75073	0.47318	0.25926	0.088446	0.0085393	-0.033108	-0.043478	-0.047422	-0.05554	0.0031013	-0.024315	11.42
960.01	-0.015945	-0.0039598	-0.068787	-0.21578	-0.38549	-0.57385	-0.87202	-1.2299	-1.6095	-2.0831	-2.7298	-3.1372	-3.5128	-2.6707	-1.5298	-0.91315	0.0014798	0.68611	0.9038	0.73607	0.47338	0.24151	0.072036	0.0023674	-0.046379	-0.054118	-0.057307	-0.049808	-0.0065687	-0.0021743	10.989
961.5	0.0017338	0.0096244	-0.042171	-0.21703	-0.40926	-0.60293	-0.87899	-1.2305	-1.5894	-2.0101	-2.6601	-3.0405	-3.3887	-2.5447	-1.4317	-0.81478	0.050204	0.71819	0.89863	0.73243	0.45236	0.21644	0.060633	-0.0076088	-0.046308	-0.044822	-0.05414	-0.037906	-0.022637	0.027736	10.635
962.67	0.049824	0.016395	-0.046936	-0.21756	-0.40327	-0.60049	-0.87566	-1.1944	-1.5615	-1.965	-2.5905	-2.9345	-3.246	-2.3671	-1.2791	-0.70726	0.14991	0.74607	0.88475	0.70244	0.42375	0.20154	0.052504	-0.024455	-0.057358	-0.0509	-0.047156	-0.029524	0.015129	0.038708	10.232
962.24	0.045836	0.020642	-0.041337	-0.24057	-0.41837	-0.61188	-0.86621	-1.1844	-1.5407	-1.9379	-2.5271	-2.8246	-3.0901	-2.2058	-1.1693	-0.59293	0.20353	0.76819	0.8746	0.67529	0.40133	0.18467	0.025933	-0.032898	-0.060347	-0.058595	-0.044869	-0.038573	0.027988	0.022996	9.867
962.77	0.069852	0.049446	-0.05415	-0.25229	-0.43227	-0.60983	-0.84835	-1.1846	-1.5231	-1.8753	-2.4396	-2.7322	-2.9591	-2.0926	-1.0438	-0.51191	0.2756	0.79564	0.8666	0.6716	0.3754	0.16145	0.0090058	-0.035944	-0.072161	-0.06623	-0.057142	-0.039246	0.031183	0.049706	9.5018
963.94	0.060963	0.055314	-0.062097	-0.25514	-0.45292	-0.57237	-0.84354	-1.151	-1.4601	-1.8279	-2.3588	-2.6241	-2.7985	-1.9239	-0.91597	-0.39282	0.33602	0.81121	0.8663	0.63756	0.35237	0.14586	0.0041678	-0.068037	-0.071333	-0.0807	-0.055538	-0.026709	0.036758	0.06142	9.0866
964.79	0.070507	0.068797	-0.045231	-0.2494	-0.41256	-0.59063	-0.82847	-1.1387	-1.4466	-1.8181	-2.2771	-2.5144	-2.6585	-1.8032	-0.79736	-0.31436	0.38509	0.84961	0.85502	0.62954	0.32795	0.11728	-0.026378	-0.067977	-0.092698	-0.066856	-0.050887	-0.043323	0.049544	0.077053	8.6991
965.75	0.075231	0.079713	-0.065979	-0.24915	-0.4239	-0.5892	-0.82237	-1.1304	-1.4207	-1.7492	-2.1935	-2.4108	-2.5099	-1.6655	-0.69005	-0.22395	0.44697	0.84443	0.82942	0.58166	0.30355	0.079524	-0.038398	-0.083183	-0.10663	-0.092779	-0.068462	-0.025968	0.076708	0.069141	8.2793
964.9	0.10169	0.064561	-0.066037	-0.26671	-0.42819	-0.56241	-0.83893	-1.0776	-1.3647	-1.7721	-2.115	-2.2942	-2.3661	-1.4799	-0.56599	-0.10821	0.51857	0.85821	0.83691	0.55397	0.26961	0.06806	-0.049681	-0.11077	-0.11264	-0.10434	-0.075424	-0.038466	0.02871	0.084105	7.9098
966.49	0.1119	0.080497	-0.076317	-0.25525	-0.43843	-0.5683	-0.80366	-1.0702	-1.3312	-1.7414	-2.0267	-2.1613	-2.2041	-1.3279	-0.45262	-0.02765	0.56457	0.86026	0.8168	0.51827	0.2451	0.040316	-0.072064	-0.12433	-0.1154	-0.10187	-0.06994	-0.045323	0.049457	0.076921	7.5097
967.45	0.10541	0.093912	-0.069056	-0.24871	-0.40674	-0.57199	-0.80813	-1.0419	-1.2949	-1.6384	-1.939	-2.0485	-2.0554	-1.1982	-0.33469	0.082391	0.62697	0.87589	0.79502	0.48136	0.21306	0.015735	-0.084818	-0.13488	-0.1315	-0.11703	-0.079051	-0.042512	0.055001	0.10578	7.126
966.49	0.11828	0.095696	-0.065129	-0.25762	-0.41106	-0.52486	-0.76601	-1.0245	-1.2428	-1.5672	-1.8588	-1.9452	-1.9155	-1.0749	-0.22171	0.16044	0.67687	0.8837	0.77708	0.44953	0.16981	-0.021094	-0.12101	-0.15256	-0.13826	-0.1225	-0.081425	-0.038403	0.061454	0.09806	6.7343
971.38	0.12404	0.069171	-0.067982	-0.24536	-0.39654	-0.49848	-0.75017	-0.98262	-1.2123	-1.5097	-1.7766	-1.8279	-1.7662	-0.9344	-0.12922	0.24201	0.71205	0.88788	0.73514	0.42255	0.14424	-0.03397	-0.13796	-0.16319	-0.15811	-0.13708	-0.084826	-0.049225	0.065918	0.084321	6.3622
971.7	0.11686	0.074188	-0.076703	-0.24371	-0.40497	-0.52882	-0.73869	-0.9528	-1.1937	-1.4645	-1.6659	-1.7119	-1.6122	-0.78615	-0.019891	0.30589	0.74476	0.88155	0.70881	0.36804	0.096322	-0.053046	-0.16904	-0.17755	-0.15073	-0.14311	-0.10308	-0.037508	0.058739	0.10065	5.9855
971.81	0.11605	0.090972	-0.087821	-0.23273	-0.38703	-0.51775	-0.71988	-0.94153	-1.1603	-1.4009	-1.5947	-1.5982	-1.4693	-0.63332	0.076575	0.40099	0.78807	0.87627	0.66326	0.33587	0.071609	-0.11488	-0.1778	-0.21017	-0.17345	-0.15981	-0.1023	-0.054021	0.057141	0.092071	5.6284
973.19	0.13808	0.10258	-0.063888	-0.25193	-0.38337	-0.4984	-0.71288	-0.92108	-1.1435	-1.3535	-1.5046	-1.5087	-1.3247	-0.54091	0.1762	0.46588	0.80139	0.85348	0.63181	0.28522	0.038359	-0.11395	-0.19747	-0.19017	-0.18786	-0.1611	-0.10672	-0.04776	0.053089	0.10205	5.2746
972.45	0.1247	0.11609	-0.086174	-0.22475	-0.38134	-0.49624	-0.70519	-0.89868	-1.1178	-1.2928	-1.4099	-1.3823	-1.1862	-0.39671	0.24971	0.52695	0.8293	0.83258	0.59132	0.22864	-0.011757	-0.156	-0.22393	-0.23279	-0.20119	-0.17185	-0.10224	-0.060175	0.058694	0.10446	4.9034
975.31	0.13383	0.074749	-0.080379	-0.25217	-0.37246	-0.48297	-0.65909	-0.86187	-1.0745	-1.2339	-1.3323	-1.2817	-1.0826	-0.29462	0.32042	0.57718	0.84368	0.81895	0.54948	0.20499	-0.040952	-0.17836	-0.23759	-0.24798	-0.20206	-0.18572	-0.10876	-0.062055	0.062483	0.10028	4.571
974.25	0.1221	0.10163	-0.083637	-0.24229	-0.36899	-0.47335	-0.67624	-0.84054	-1.0205	-1.1801	-1.2824	-1.1977	-0.94447	-0.21074	0.41189	0.63283	0.86624	0.79402	0.52703	0.15591	-0.071027	-0.21434	-0.27446	-0.27929	-0.22936	-0.1935	-0.13015	-0.055945	0.052237	0.10738	4.218
975.21	0.14413	0.10488	-0.084347	-0.23738	-0.37406	-0.46107	-0.64423	-0.81747	-0.98476	-1.1238	-1.206	-1.0981	-0.85027	-0.10879	0.45997	0.67603	0.86619	0.77518	0.48121	0.1098	-0.11865	-0.24836	-0.28453	-0.28356	-0.22986	-0.18726	-0.12244	-0.079206	0.078342	0.11038	3.8892
973.93	0.14828	0.11507	-0.088422	-0.22988	-0.35359	-0.46759	-0.62266	-0.78115	-0.94143	-1.0888	-1.1225	-1.0106	-0.73732	-0.025508	0.52787	0.71919	0.87775	0.74519	0.43424	0.062269	-0.15424	-0.26088	-0.29764	-0.27635	-0.23968	-0.21327	-0.13779	-0.068322	0.0713	0.11907	3.5832
976.59	0.13523	0.090528	-0.0953	-0.21991	-0.35185	-0.46126	-0.60159	-0.78061	-0.917	-1.0413	-1.0646	-0.91398	-0.64218	0.057759	0.58335	0.74507	0.87296	0.71998	0.39968	0.03341	-0.18071	-0.29511	-0.3143	-0.31487	-0.24998	-0.20362	-0.09953	-0.072246	0.082979	0.12029	3.2805
979.56	0.14191	0.11941	-0.07451	-0.20915	-0.33149	-0.43212	-0.58416	-0.77666	-0.88038	-1.0051	-0.99885	-0.86354	-0.54889	0.10464	0.60868	0.76581	0.8735	0.67327	0.3541	-0.017356	-0.22458	-0.31088	-0.34263	-0.32295	-0.26523	-0.19999	-0.1438	-0.06793	0.055111	0.14697	3.0101
979.77	0.13637	0.10689	-0.088684	-0.23161	-0.33219	-0.42531	-0.58478	-0.76858	-0.85914	-0.94925	-0.94226	-0.78363	-0.46431	0.17718	0.65342	0.77992	0.87012	0.63546	0.31706	-0.068824	-0.26665	-0.34489	-0.35601	-0.32891	-0.27899	-0.20899	-0.13244	-0.065867	0.073241	0.14925	2.7158
979.67	0.14032	0.094409	-0.080022	-0.23164	-0.32991	-0.44384	-0.54844	-0.68641	-0.83066	-0.92435	-0.91153	-0.71178	-0.40804	0.24259	0.6789	0.81093	0.8463	0.62183	0.27717	-0.087626	-0.28965	-0.37294	-0.37742	-0.33497	-0.26447	-0.21127	-0.15512	-0.080211	0.077985	0.11605	2.4505
980.2	0.13788	0.091027	-0.09416	-0.21056	-0.33282	-0.40833	-0.55631	-0.73189	-0.7979	-0.87791	-0.84325	-0.65943	-0.31502	0.29745	0.70815	0.82317	0.86018	0.58727	0.24968	-0.13331	-0.31475	-0.40226	-0.38117	-0.36563	-0.26578	-0.22772	-0.13163	-0.074025	0.073999	0.12294	2.227
981.69	0.14632	0.11499	-0.083004	-0.21257	-0.30306	-0.41442	-0.52581	-0.69763	-0.77793	-0.85485	-0.78396	-0.60221	-0.23556	0.35589	0.74426	0.84883	0.839	0.55306	0.19765	-0.17306	-0.34637	-0.40165	-0.40271	-0.36733	-0.3576	-0.21535	-0.16309	-0.077321	0.069951	0.12738	1.994
984.02	0.13343	0.084038	-0.068678	-0.21206	-0.32308	-0.40172	-0.52604	-0.68258	-0.75812	-0.80544	-0.73298	-0.52572	-0.17893	0.40507	0.76779	0.85234	0.83621	0.52362	0.16921	-0.20194	-0.37528	-0.44065	-0.4191	-0.37696	-0.29517	-0.24859	-0.15669	-0.066263	0.076069	0.12861	1.7691
983.92	0.15305	0.10312	-0.07575	-0.18503	-0.32772	-0.39005	-0.52979	-0.66927	-0.72976	-0.77582	-0.70587	-0.48867	-0.14106	0.43687	0.78305	0.85401	0.7998	0.48873	0.13242	-0.23938	-0.40124	-0.45729	-0.43175	-0.39274	-0.2981	-0.22761	-0.16197	-0.058115	0.080006	0.12401	1.5698
982.75	0.13753	0.091621	-0.064838	-0.20073	-0.3058	-0.388	-0.49339	-0.65114	-0.71788	-0.76227	-0.67071	-0.45556	-0.095712	0.46442	0.78904	0.87005	0.78088	0.45347	0.090568	-0.28365	-0.4147	-0.47217	-0.43621	-0.40146	-0.30571	-0.26394	-0.15237	-0.061586	0.084033	0.13571	1.3754
979.99	0.13162	0.094379	-0.080783	-0.19509	-0.31052	-0.37649	-0.47102	-0.63479	-0.70112	-0.72733	-0.64178	-0.41179	-0.035118	0.49682	0.80566	0.8511	0.78627	0.4188	0.053868	-0.31222	-0.44342	-0.5	-0.44852	-0.3898	-0.31239	-0.25715	-0.16111	-0.082232	0.09058	0.14227	1.2544
982.75	0.14852	0.11819	-0.080556	-0.19531	-0.29119	-0.36203	-0.49265	-0.60541	-0.67366	-0.70519	-0.611	-0.36917	-0.0016381	0.52484	0.8169	0.85266	0.75625	0.39031	0.032342	-0.34067	-0.46202	-0.49558	-0.46304	-0.40671	-0.3282	-0.26544	-0.17572	-0.075875	0.087178	0.12955	1.1143
984.66	0.13804	0.090615	-0.086675	-0.20884	-0.28679	-0.36383	-0.44661	-0.60896	-0.66936	-0.68697	-0.5879	-0.34517	0.030923	0.55397	0.81532	0.87704	0.74051	0.36656	0.010947	-0.35545	-0.47713	-0.51646	-0.4771	-0.45087	-0.32249	-0.24543	-0.17462	-0.078445	0.10035	0.12315	0.9441
987.85	0.15322	0.10436	-0.057466	-0.20123	-0.28892	-0.36016	-0.45475	-0.60307	-0.65378	-0.67436	-0.56155	-0.3071	0.053466	0.56563	0.81353	0.85691	0.71994	0.33481	-0.017686	-0.38915	-0.50749	-0.52156	-0.47949	-0.42627	-0.33228	-0.25809	-0.17931	-0.082254	0.085165	0.12888	0.84072
984.77	0.14508	0.093091	-0.089018	-0.18719	-0.28369	-0.3546	-0.47686	-0.59788	-0.64611	-0.66363	-0.53264	-0.27616	0.082404	0.58168	0.83713	0.85249	0.72061	0.31968	-0.028774	-0.405	-0.51821	-0.54428	-0.49752	-0.4261	-0.33187	-0.26939	-0.15657	-0.063496	0.076011	0.14311	0.74533
986.15	0.14879	0.081376	-0.080279	-0.20081	-0.27792	-0.35494	-0.48358	-0.58054	-0.63922	-0.6595	-0.52226	-0.28439	0.092117	0.58641	0.83848	0.86469	0.70614	0.31838	-0.042688	-0.41336	-0.51825	-0.54578	-0.50784	-0.42551	-0.32418	-0.26752	-0.16611	-0.076972	0.075903	0.13908	0.65156
984.66	0.13491	0.088956	-0.077261	-0.20034	-0.28679	-0.36216	-0.46287	-0.58928	-0.63495	-0.64043	-0.51604	-0.25205	0.12936	0.60316	0.83638	0.851	0.70562	0.29757	-0.063351	-0.43594	-0.52894	-0.56242	-0.50467	-0.45012	-0.33987	-0.25068	-0.17237	-0.073692	0.079945	0.12622	0.6166
988.06	0.14694	0.095259	-0.079342	-0.18657	-0.28045	-0.34842	-0.46202	-0.55667	-0.63277	-0.61344	-0.49243	-0.23572	0.13419	0.62243	0.84022	0.85672	0.68739	0.26089	-0.092456	-0.45469	-0.5499	-0.56424	-0.50607	-0.44335	-0.33293	-0.26476	-0.17028	-0.080883	0.090621	0.13575	0.58641
987.42	0.12515	0.090361	-0.066878	-0.21133	-0.27756	-0.35948	-0.47484	-0.57351	-0.62199	-0.61543	-0.46915	-0.21867	0.16524	0.61334	0.83656	0.84626	0.68388	0.27211	-0.089581	-0.45012	-0.55481	-0.56686	-0.51818	-0.43467	-0.32665	-0.26942	-0.16889	-0.083645	0.081286	0.14426	0.52921
986.15	0.1441	0.10041	-0.080279	-0.18847	-0.29172	-0.33657	-0.47546	-0.56875	-0.6213	-0.61543	-0.47413	-0.21723	0.15336	0.62285	0.83344	0.85917	0.68001	0.24694	-0.10439	-0.46288	-0.55477	-0.57211	-0.50548	-0.4629	-0.33719	-0.25779	-0.15935	-0.08443	0.093148	0.12603	0.52445
984.98	0.13252	0.08313	-0.067043	-0.20336	-0.28209	-0.34616	-0.47011	-0.56549	-0.5996	-0.61616	-0.46594	-0.20715	0.17549	0.63311	0.85548	0.86019	0.67448	0.24979	-0.11628	-0.46586	-0.55847	-0.54642	-0.51867	-0.44773	-0.34627	-0.25809	-0.17983	-0.069593	0.084627	0.13617	0.50221
986.57	0.12683	0.086303	-0.078678	-0.19224	-0.28853	-0.35478	-0.4664	-0.56065	-0.61282	-0.60315	-0.45818	-0.20681	0.15707	0.62654	0.83728	0.8714	0.6718	0.25619	-0.11315	-0.47809	-0.55909	-0.57186	-0.50683	-0.4328	-0.32548	-0.27938	-0.17804	-0.084394	0.09546	0.12675	0.51809
984.77	0.13568	0.09889	-0.067842	-0.19646	-0.27064	-0.35627	-0.45469	-0.55853	-0.593	-0.60987	-0.47567	-0.20978	0.15584	0.61817	0.83966	0.86669	0.68096	0.25069	-0.10159	-0.47734	-0.56621	-0.57442	-0.51091	-0.44183	-0.33477	-0.27764	-0.16183	-0.09134	0.087786	0.14158	0.54828
986.25	0.12061	0.092122	-0.074006	-0.20002	-0.28402	-0.34655	-0.47467	-0.57341	-0.61227	-0.60895	-0.47321	-0.21807	0.14729	0.6204	0.84344	0.85829	0.67756	0.26732	-0.083077	-0.46283	-0.54634	-0.58107	-0.52901	-0.43444	-0.33282	-0.26899	-0.1991	-0.087134	0.077465	0.13139	0.53716
987.74	0.1423	0.087028	-0.05669	-0.19125	-0.29737	-0.3702	-0.47911	-0.57411	-0.61806	-0.62244	-0.50657	-0.23751	0.13198	0.61393	0.86569	0.8688	0.69789	0.2856	-0.082219	-0.45565	-0.54476	-0.56668	-0.51173	-0.46216	-0.33159	-0.26784	-0.18832	-0.070075	0.082824	0.122	0.59276
986.78	0.13305	0.10448	-0.074748	-0.20453	-0.28464	-0.35638	-0.47073	-0.56289	-0.62687	-0.64386	-0.49744	-0.24893	0.1185	0.61928	0.84467	0.85941	0.71201	0.29608	-0.061746	-0.44392	-0.524	-0.54994	-0.50358	-0.44018	-0.31674	-0.27109	-0.18325	-0.071499	0.082905	0.14435	0.67698
987.63	0.1306	0.098603	-0.068426	-0.21283	-0.30582	-0.3619	-0.49464	-0.58908	-0.63453	-0.6385	-0.50925	-0.26333	0.10934	0.59976	0.8431	0.86575	0.72563	0.29752	-0.044824	-0.42571	-0.53114	-0.5412	-0.52199	-0.41292	-0.33524	-0.26039	-0.17335	-0.079564	0.089095	0.14806	0.80097
986.68	0.14011	0.089601	-0.071625	-0.19993	-0.29769	-0.38896	-0.52684	-0.59201	-0.65306	-0.65754	-0.5456	-0.27993	0.079977	0.5853	0.84055	0.86973	0.72317	0.34116	-0.036793	-0.40746	-0.50353	-0.54022	-0.4777	-0.43948	-0.324	-0.26364	-0.18552	-0.082353	0.089966	0.13747	0.91865
985.3	0.13482	0.08807	-0.093674	-0.2141	-0.29351	-0.36778	-0.47513	-0.60856	-0.66968	-0.68011	-0.57351	-0.30273	0.073279	0.56312	0.82237	0.87647	0.74399	0.351	-0.011115	-0.37797	-0.48748	-0.51839	-0.47758	-0.46031	-0.32012	-0.26475	-0.15949	-0.072965	0.08303	0.13766	1.1366
985.72	0.14024	0.093001	-0.073262	-0.22481	-0.29338	-0.38516	-0.49043	-0.61223	-0.65594	-0.70306	-0.61003	-0.3603	0.010469	0.54307	0.82117	0.86743	0.76031	0.38233	0.022691	-0.34776	-0.46976	-0.5001	-0.48052	-0.4212	-0.32359	-0.25266	-0.15792	-0.07429	0.093188	0.13146	1.2496
986.25	0.14721	0.062337	-0.076354	-0.17611	-0.31698	-0.39497	-0.52116	-0.6339	-0.70413	-0.72271	-0.63333	-0.38077	-0.018264	0.52456	0.80475	0.85357	0.76386	0.39318	0.038837	-0.31836	-0.44213	-0.49758	-0.46061	-0.4307	-0.2974	-0.25626	-0.16384	-0.057298	0.09157	0.15057	1.4455
986.15	0.15583	0.097097	-0.06853	-0.20775	-0.31318	-0.41421	-0.49981	-0.65283	-0.72362	-0.75243	-0.66577	-0.42644	-0.071945	0.48262	0.80567	0.85523	0.78215	0.43745	0.068955	-0.29972	-0.43152	-0.47732	-0.43943	-0.41878	-0.29815	-0.24431	-0.1616	-0.078327	0.094716	0.14829	1.6782
984.87	0.15133	0.082309	-0.076461	-0.20802	-0.33201	-0.39385	-0.51154	-0.65446	-0.7298	-0.77828	-0.71746	-0.47527	-0.12881	0.45231	0.7865	0.85319	0.80298	0.46697	0.13009	-0.24565	-0.3978	-0.45007	-0.41716	-0.39011	-0.29203	-0.22664	-0.13777	-0.073677	0.068156	0.13541	1.9333
984.66	0.14353	0.081499	-0.069419	-0.20806	-0.32594	-0.40564	-0.53678	-0.67821	-0.74641	-0.80252	-0.75793	-0.53831	-0.18336	0.39687	0.7437	0.83996	0.80792	0.5088	0.13306	-0.21238	-0.3697	-0.43434	-0.40859	-0.35124	-0.29209	-0.21844	-0.12502	-0.064183	0.093289	0.13083	2.2286
984.13	0.13577	0.088174	-0.083582	-0.23136	-0.32842	-0.41088	-0.55187	-0.67149	-0.76403	-0.83667	-0.78552	-0.56362	-0.21528	0.37168	0.74494	0.83331	0.81946	0.52697	0.1611	-0.18321	-0.35084	-0.41573	-0.40329	-0.36193	-0.27631	-0.22006	-0.13637	-0.08936	0.080772	0.11629	2.3962
986.68	0.12055	0.073888	-0.095108	-0.22922	-0.35592	-0.41899	-0.56003	-0.71452	-0.79714	-0.86013	-0.82197	-0.61466	-0.27819	0.32242	0.71696	0.81777	0.83317	0.55366	0.22235	-0.16245	-0.30888	-0.38759	-0.38889	-0.36099	-0.27198	-0.22398	-0.14951	-0.056594	0.065679	0.11293	2.6886
984.45	0.13494	0.080686	-0.094539	-0.24983	-0.3406	-0.43416	-0.56352	-0.75234	-0.83261	-0.91746	-0.89747	-0.71092	-0.37879	0.26046	0.6815	0.80778	0.85806	0.612	0.27509	-0.092078	-0.27376	-0.35606	-0.36771	-0.32734	-0.27839	-0.19225	-0.12429	-0.069631	0.082317	0.11241	2.9861
984.23	0.14202	0.097286	-0.093774	-0.21974	-0.34528	-0.45517	-0.58952	-0.78557	-0.87021	-0.97305	-0.97306	-0.78439	-0.48114	0.17876	0.65468	0.78665	0.8519	0.64877	0.32004	-0.049806	-0.23647	-0.32976	-0.32525	-0.31018	-0.24731	-0.18404	-0.12056	-0.062851	0.090973	0.12397	3.3269
982.22	0.13367	0.08087	-0.092395	-0.24652	-0.35676	-0.45023	-0.60777	-0.78797	-0.90049	-1.0129	-1.0366	-0.86725	-0.56487	0.11867	0.60956	0.75504	0.86239	0.6817	0.35241	-0.0091605	-0.2171	-0.31306	-0.33776	-0.2958	-0.25072	-0.16412	-0.12307	-0.041192	0.08329	0.11883	3.6472
983.81	0.14052	0.10811	-0.10167	-0.22912	-0.37539	-0.4721	-0.62011	-0.80639	-0.93647	-1.0313	-1.0937	-0.93489	-0.63443	0.051776	0.57063	0.73487	0.86496	0.70276	0.39086	0.012823	-0.16489	-0.27862	-0.30332	-0.27208	-0.23437	-0.18187	-0.10933	-0.054721	0.083942	0.1171	3.9758
982.75	0.13674	0.080826	-0.11042	-0.24484	-0.37426	-0.48518	-0.64447	-0.82539	-0.95921	-1.0983	-1.1598	-1.0301	-0.75271	-0.02528	0.50118	0.68665	0.85557	0.74192	0.43255	0.080445	-0.14064	-0.24268	-0.28629	-0.27988	-0.21939	-0.17981	-0.11321	-0.065668	0.063582	0.10568	4.303
981.37	0.12829	0.091748	-0.086177	-0.23511	-0.39019	-0.50599	-0.66021	-0.84313	-1.0056	-1.1627	-1.2538	-1.1397	-0.88292	-0.1511	0.42412	0.6512	0.84245	0.778	0.49959	0.12542	-0.096503	-0.21128	-0.25982	-0.25021	-0.22624	-0.16803	-0.10508	-0.054857	0.077062	0.12433	4.6593
981.47	0.14164	0.0801	-0.095612	-0.25368	-0.36319	-0.50426	-0.67497	-0.86436	-1.0333	-1.2245	-1.3389	-1.2459	-1.015	-0.23466	0.36237	0.60601	0.85429	0.80441	0.54234	0.18331	-0.052924	-0.18177	-0.23451	-0.23891	-0.20879	-0.1635	-0.10054	-0.046675	0.073903	0.11738	5.0127
980.52	0.13076	0.10764	-0.091767	-0.25393	-0.39978	-0.51063	-0.6979	-0.87548	-1.0801	-1.2708	-1.4186	-1.3372	-1.1635	-0.3791	0.28911	0.5242	0.83761	0.82486	0.60123	0.23656	-0.0078342	-0.15396	-0.19994	-0.21959	-0.17918	-0.1501	-0.084035	-0.039217	0.053479	0.11055	5.4097
980.73	0.12916	0.085983	-0.092535	-0.26861	-0.39584	-0.5122	-0.70814	-0.90215	-1.1444	-1.3302	-1.501	-1.4356	-1.2545	-0.46426	0.207	0.47893	0.82071	0.84265	0.61808	0.29038	0.021236	-0.12518	-0.19674	-0.19472	-0.16824	-0.13577	-0.088545	-0.037163	0.073959	0.095863	5.7812
981.26	0.111	0.10174	-0.08855	-0.25684	-0.41334	-0.53541	-0.72926	-0.93482	-1.1686	-1.3721	-1.5696	-1.5516	-1.3906	-0.58901	0.11304	0.41296	0.79162	0.86185	0.65244	0.30408	0.053334	-0.10016	-0.17767	-0.17958	-0.15507	-0.14096	-0.069641	-0.026237	0.061315	0.099668	6.1674
980.41	0.12369	0.077691	-0.099655	-0.28033	-0.41756	-0.52916	-0.744	-0.98938	-1.1959	-1.4354	-1.6731	-1.6378	-1.5157	-0.68195	0.076748	0.36815	0.75885	0.85832	0.66557	0.34272	0.075572	-0.081328	-0.15567	-0.18199	-0.14575	-0.13054	-0.062909	-0.037858	0.071618	0.092036	6.5603
977.23	0.12488	0.085459	-0.095238	-0.26879	-0.42743	-0.55953	-0.77473	-0.99974	-1.2149	-1.4991	-1.7571	-1.7718	-1.6855	-0.84327	-0.061378	0.27316	0.71738	0.87141	0.70628	0.3848	0.13263	-0.042118	-0.12603	-0.14561	-0.11997	-0.11662	-0.079774	-0.037981	0.064734	0.1024	6.9277
976.59	0.10916	0.090528	-0.099255	-0.27909	-0.437	-0.57254	-0.81026	-1.0282	-1.276	-1.5599	-1.8422	-1.8929	-1.8423	-0.98221	-0.19394	0.19697	0.68027	0.86425	0.7505	0.43177	0.15883	-0.0072009	-0.10149	-0.12002	-0.12078	-0.10838	-0.072248	-0.028418	0.060816	0.11254	7.3388
977.76	0.10666	0.077066	-0.095976	-0.26709	-0.43106	-0.57186	-0.79366	-1.0626	-1.2752	-1.6413	-1.9354	-2.0157	-2.0101	-1.1504	-0.29552	0.09662	0.62276	0.86579	0.75553	0.49184	0.19624	0.014811	-0.084717	-0.099511	-0.1148	-0.07805	-0.071405	-0.022912	0.06707	0.082224	7.7194
976.27	0.10604	0.077184	-0.10878	-0.27529	-0.45804	-0.58875	-0.80754	-1.092	-1.3481	-1.7142	-2.0285	-2.1527	-2.182	-1.3178	-0.42089	-0.025783	0.56372	0.85767	0.79304	0.51226	0.2365	0.04599	-0.054664	-0.098153	-0.10402	-0.084974	-0.053321	-0.026373	0.065588	0.095525	8.1179
